 0  778 
 1  789 
 2  0 
 3  0 
 4  0 
 5  0 
 6  0 
 7  0 
 8  0 
 9  0 
 10  0 
 11  0 
 12  0 
 13  0 
 14  0 
 15  0 
 16  0 
 17  0 
 18  0 
 19  0 
 20  0 
 21  0 
 22  0 
 23  0 
 24  0 
 25  0 
 26  0 
 27  0 
 28  0 
 29  0 
 30  0 
 31  0 
 32  0 
 33  0 
 34  0 
 35  0 
 36  0 
 37  0 
 38  0 
 39  0 
 40  0 
 41  0 
 42  0 
 43  0 
 44  0 
 45  0 
 46  0 
 47  0 
 48  0 
 49  0 
 50  0 
 51  0 
 52  0 
 53  0 
 54  0 
 55  0 
 56  0 
 57  0 
 58  0 
 59  0 
 60  0 
 61  0 
 62  0 
 63  0 
 64  0 
 65  0 
 66  0 
 67  0 
 68  0 
 69  0 
 70  0 
 71  0 
 72  0 
 73  0 
 74  0 
 75  0 
 76  0 
 77  0 
 78  0 
 79  0 
 80  0 
 81  0 
 82  0 
 83  0 
 84  0 
 85  0 
 86  0 
 87  0 
 88  0 
 89  0 
 90  0 
 91  0 
 92  0 
 93  0 
 94  0 
 95  0 
 96  0 
 97  0 
 98  0 
 99  0 
 100  0 
 101  0 
 102  0 
 103  0 
 104  0 
 105  0 
 106  0 
 107  0 
 108  0 
 109  0 
 110  0 
 111  0 
 112  0 
 113  0 
 114  0 
 115  0 
 116  0 
 117  0 
 118  0 
 119  0 
 120  0 
 121  0 
 122  0 
 123  0 
 124  0 
 125  0 
 126  0 
 127  0 
 128  0 
 129  0 
 130  0 
 131  0 
 132  0 
 133  0 
 134  0 
 135  0 
 136  0 
 137  0 
 138  0 
 139  0 
 140  0 
 141  0 
 142  0 
 143  0 
 144  0 
 145  0 
 146  0 
 147  0 
 148  0 
 149  0 
 150  0 
 151  0 
 152  0 
 153  0 
 154  0 
 155  0 
 156  0 
 157  0 
 158  0 
 159  0 
 160  0 
 161  0 
 162  0 
 163  0 
 164  0 
 165  0 
 166  0 
 167  0 
 168  0 
 169  0 
 170  0 
 171  0 
 172  0 
 173  0 
 174  0 
 175  0 
 176  0 
 177  0 
 178  0 
 179  0 
 180  0 
 181  0 
 182  0 
 183  0 
 184  0 
 185  0 
 186  0 
 187  0 
 188  0 
 189  0 
 190  0 
 191  0 
 192  0 
 193  0 
 194  0 
 195  0 
 196  0 
 197  0 
 198  0 
 199  0 
 200  0 
 201  0 
 202  0 
 203  0 
 204  0 
 205  0 
 206  0 
 207  0 
 208  0 
 209  0 
 210  0 
 211  0 
 212  0 
 213  0 
 214  0 
 215  0 
 216  0 
 217  0 
 218  0 
 219  0 
 220  0 
 221  0 
 222  0 
 223  0 
 224  0 
 225  0 
 226  0 
 227  0 
 228  0 
 229  0 
 230  0 
 231  0 
 232  0 
 233  0 
 234  0 
 235  0 
 236  0 
 237  0 
 238  0 
 239  0 
 240  0 
 241  0 
 242  0 
 243  0 
 244  0 
 245  0 
 246  1 
 247  0 
 248  0 
 249  1 
 250  3 
 251  4 
 252  161 
 253  246 
 254  232 
 255  230 
 256  218 
 257  234 
 258  215 
 259  208 
 260  224 
 261  182 
 262  183 
 263  207 
 264  195 
 265  201 
 266  192 
 267  173 
 268  194 
 269  182 
 270  191 
 271  182 
 272  168 
 273  186 
 274  174 
 275  166 
 276  182 
 277  165 
 278  143 
 279  155 
 280  143 
 281  150 
 282  123 
 283  146 
 284  150 
 285  138 
 286  141 
 287  127 
 288  148 
 289  122 
 290  131 
 291  116 
 292  130 
 293  108 
 294  93 
 295  138 
 296  114 
 297  134 
 298  130 
 299  98 
 300  106 
 301  99 
 302  110 
 303  123 
 304  122 
 305  95 
 306  100 
 307  104 
 308  97 
 309  114 
 310  96 
 311  110 
 312  94 
 313  93 
 314  90 
 315  98 
 316  93 
 317  104 
 318  100 
 319  67 
 320  107 
 321  88 
 322  89 
 323  79 
 324  85 
 325  108 
 326  91 
 327  90 
 328  83 
 329  91 
 330  87 
 331  73 
 332  80 
 333  75 
 334  107 
 335  83 
 336  84 
 337  59 
 338  75 
 339  70 
 340  80 
 341  95 
 342  81 
 343  64 
 344  95 
 345  96 
 346  78 
 347  78 
 348  75 
 349  72 
 350  87 
 351  75 
 352  69 
 353  70 
 354  79 
 355  69 
 356  96 
 357  75 
 358  79 
 359  69 
 360  77 
 361  61 
 362  84 
 363  81 
 364  75 
 365  78 
 366  80 
 367  88 
 368  76 
 369  100 
 370  70 
 371  70 
 372  62 
 373  63 
 374  65 
 375  75 
 376  55 
 377  80 
 378  69 
 379  53 
 380  55 
 381  78 
 382  67 
 383  48 
 384  55 
 385  67 
 386  51 
 387  84 
 388  74 
 389  86 
 390  59 
 391  64 
 392  64 
 393  69 
 394  63 
 395  74 
 396  87 
 397  65 
 398  62 
 399  68 
 400  73 
 401  63 
 402  76 
 403  67 
 404  65 
 405  59 
 406  69 
 407  69 
 408  70 
 409  67 
 410  70 
 411  67 
 412  59 
 413  68 
 414  59 
 415  71 
 416  71 
 417  67 
 418  68 
 419  71 
 420  59 
 421  80 
 422  71 
 423  58 
 424  78 
 425  72 
 426  74 
 427  78 
 428  72 
 429  77 
 430  79 
 431  67 
 432  64 
 433  75 
 434  76 
 435  66 
 436  61 
 437  72 
 438  80 
 439  67 
 440  64 
 441  82 
 442  65 
 443  65 
 444  70 
 445  65 
 446  79 
 447  84 
 448  81 
 449  68 
 450  75 
 451  81 
 452  77 
 453  77 
 454  89 
 455  78 
 456  73 
 457  77 
 458  82 
 459  97 
 460  74 
 461  83 
 462  82 
 463  63 
 464  79 
 465  74 
 466  84 
 467  92 
 468  82 
 469  82 
 470  86 
 471  100 
 472  77 
 473  99 
 474  93 
 475  88 
 476  83 
 477  95 
 478  82 
 479  85 
 480  98 
 481  95 
 482  106 
 483  100 
 484  103 
 485  109 
 486  96 
 487  106 
 488  122 
 489  107 
 490  101 
 491  112 
 492  140 
 493  137 
 494  117 
 495  150 
 496  136 
 497  123 
 498  153 
 499  112 
 500  125 
 501  168 
 502  136 
 503  146 
 504  157 
 505  145 
 506  143 
 507  162 
 508  175 
 509  177 
 510  169 
 511  190 
 512  182 
 513  187 
 514  175 
 515  193 
 516  204 
 517  206 
 518  191 
 519  219 
 520  194 
 521  200 
 522  256 
 523  238 
 524  249 
 525  233 
 526  264 
 527  278 
 528  277 
 529  246 
 530  284 
 531  293 
 532  318 
 533  312 
 534  300 
 535  310 
 536  334 
 537  331 
 538  360 
 539  376 
 540  360 
 541  347 
 542  349 
 543  344 
 544  359 
 545  376 
 546  384 
 547  379 
 548  407 
 549  422 
 550  381 
 551  383 
 552  401 
 553  413 
 554  376 
 555  412 
 556  400 
 557  429 
 558  415 
 559  414 
 560  356 
 561  409 
 562  435 
 563  436 
 564  442 
 565  416 
 566  380 
 567  393 
 568  401 
 569  364 
 570  383 
 571  375 
 572  350 
 573  361 
 574  346 
 575  350 
 576  324 
 577  345 
 578  313 
 579  336 
 580  344 
 581  313 
 582  329 
 583  287 
 584  259 
 585  313 
 586  294 
 587  267 
 588  257 
 589  262 
 590  261 
 591  223 
 592  232 
 593  211 
 594  223 
 595  231 
 596  185 
 597  201 
 598  193 
 599  197 
 600  179 
 601  166 
 602  152 
 603  183 
 604  159 
 605  154 
 606  167 
 607  127 
 608  133 
 609  127 
 610  126 
 611  110 
 612  125 
 613  121 
 614  109 
 615  106 
 616  77 
 617  86 
 618  78 
 619  90 
 620  94 
 621  90 
 622  65 
 623  92 
 624  84 
 625  79 
 626  87 
 627  60 
 628  61 
 629  65 
 630  76 
 631  74 
 632  58 
 633  68 
 634  70 
 635  66 
 636  49 
 637  59 
 638  53 
 639  67 
 640  53 
 641  52 
 642  56 
 643  38 
 644  46 
 645  54 
 646  64 
 647  51 
 648  45 
 649  59 
 650  56 
 651  52 
 652  39 
 653  46 
 654  47 
 655  53 
 656  48 
 657  46 
 658  48 
 659  53 
 660  54 
 661  43 
 662  49 
 663  45 
 664  35 
 665  48 
 666  56 
 667  36 
 668  48 
 669  32 
 670  46 
 671  34 
 672  53 
 673  43 
 674  48 
 675  41 
 676  43 
 677  31 
 678  49 
 679  33 
 680  46 
 681  45 
 682  44 
 683  38 
 684  47 
 685  44 
 686  41 
 687  42 
 688  48 
 689  37 
 690  40 
 691  32 
 692  31 
 693  46 
 694  55 
 695  38 
 696  48 
 697  42 
 698  41 
 699  36 
 700  41 
 701  39 
 702  32 
 703  38 
 704  40 
 705  31 
 706  44 
 707  49 
 708  49 
 709  50 
 710  54 
 711  32 
 712  35 
 713  39 
 714  43 
 715  42 
 716  42 
 717  45 
 718  39 
 719  35 
 720  51 
 721  39 
 722  35 
 723  38 
 724  30 
 725  51 
 726  37 
 727  53 
 728  35 
 729  33 
 730  44 
 731  50 
 732  37 
 733  41 
 734  39 
 735  38 
 736  40 
 737  34 
 738  36 
 739  37 
 740  40 
 741  34 
 742  46 
 743  42 
 744  51 
 745  45 
 746  40 
 747  25 
 748  32 
 749  42 
 750  30 
 751  41 
 752  38 
 753  31 
 754  35 
 755  33 
 756  38 
 757  35 
 758  53 
 759  47 
 760  34 
 761  41 
 762  43 
 763  32 
 764  39 
 765  51 
 766  37 
 767  40 
 768  27 
 769  40 
 770  34 
 771  31 
 772  29 
 773  37 
 774  39 
 775  27 
 776  33 
 777  33 
 778  34 
 779  32 
 780  35 
 781  38 
 782  42 
 783  34 
 784  42 
 785  40 
 786  30 
 787  37 
 788  37 
 789  30 
 790  32 
 791  33 
 792  35 
 793  60 
 794  34 
 795  30 
 796  35 
 797  40 
 798  43 
 799  42 
 800  30 
 801  36 
 802  33 
 803  37 
 804  29 
 805  39 
 806  47 
 807  40 
 808  40 
 809  36 
 810  36 
 811  46 
 812  41 
 813  42 
 814  46 
 815  40 
 816  48 
 817  35 
 818  34 
 819  30 
 820  32 
 821  53 
 822  40 
 823  34 
 824  45 
 825  38 
 826  46 
 827  44 
 828  39 
 829  29 
 830  38 
 831  41 
 832  32 
 833  48 
 834  28 
 835  25 
 836  35 
 837  26 
 838  29 
 839  34 
 840  31 
 841  32 
 842  35 
 843  34 
 844  33 
 845  39 
 846  39 
 847  38 
 848  32 
 849  29 
 850  34 
 851  30 
 852  33 
 853  50 
 854  25 
 855  30 
 856  30 
 857  35 
 858  39 
 859  34 
 860  34 
 861  42 
 862  33 
 863  31 
 864  39 
 865  26 
 866  35 
 867  32 
 868  42 
 869  48 
 870  41 
 871  37 
 872  39 
 873  32 
 874  38 
 875  27 
 876  42 
 877  37 
 878  35 
 879  35 
 880  35 
 881  34 
 882  34 
 883  42 
 884  34 
 885  24 
 886  30 
 887  30 
 888  28 
 889  24 
 890  44 
 891  28 
 892  34 
 893  42 
 894  23 
 895  41 
 896  23 
 897  34 
 898  36 
 899  33 
 900  44 
 901  38 
 902  33 
 903  37 
 904  36 
 905  34 
 906  38 
 907  32 
 908  38 
 909  39 
 910  28 
 911  31 
 912  30 
 913  34 
 914  34 
 915  33 
 916  33 
 917  33 
 918  36 
 919  27 
 920  26 
 921  32 
 922  28 
 923  39 
 924  29 
 925  22 
 926  43 
 927  36 
 928  36 
 929  27 
 930  35 
 931  35 
 932  38 
 933  20 
 934  32 
 935  44 
 936  34 
 937  38 
 938  28 
 939  31 
 940  30 
 941  31 
 942  48 
 943  30 
 944  41 
 945  39 
 946  24 
 947  25 
 948  32 
 949  35 
 950  36 
 951  31 
 952  27 
 953  26 
 954  36 
 955  35 
 956  34 
 957  33 
 958  37 
 959  26 
 960  37 
 961  27 
 962  23 
 963  37 
 964  33 
 965  41 
 966  30 
 967  44 
 968  32 
 969  25 
 970  31 
 971  32 
 972  34 
 973  27 
 974  34 
 975  24 
 976  23 
 977  24 
 978  43 
 979  33 
 980  29 
 981  24 
 982  35 
 983  27 
 984  38 
 985  34 
 986  40 
 987  31 
 988  35 
 989  30 
 990  26 
 991  26 
 992  31 
 993  27 
 994  35 
 995  31 
 996  37 
 997  35 
 998  28 
 999  28 
 1000  42 
 1001  30 
 1002  30 
 1003  36 
 1004  33 
 1005  34 
 1006  33 
 1007  28 
 1008  32 
 1009  29 
 1010  37 
 1011  39 
 1012  33 
 1013  25 
 1014  30 
 1015  37 
 1016  34 
 1017  36 
 1018  35 
 1019  22 
 1020  41 
 1021  26 
 1022  27 
 1023  26 
 1024  26 
 1025  26 
 1026  26 
 1027  32 
 1028  30 
 1029  24 
 1030  30 
 1031  25 
 1032  30 
 1033  34 
 1034  48 
 1035  21 
 1036  30 
 1037  22 
 1038  38 
 1039  33 
 1040  25 
 1041  24 
 1042  23 
 1043  24 
 1044  34 
 1045  37 
 1046  17 
 1047  31 
 1048  33 
 1049  23 
 1050  41 
 1051  23 
 1052  24 
 1053  41 
 1054  33 
 1055  25 
 1056  33 
 1057  29 
 1058  26 
 1059  30 
 1060  26 
 1061  29 
 1062  29 
 1063  29 
 1064  29 
 1065  33 
 1066  29 
 1067  24 
 1068  27 
 1069  27 
 1070  33 
 1071  28 
 1072  23 
 1073  30 
 1074  26 
 1075  19 
 1076  39 
 1077  35 
 1078  30 
 1079  35 
 1080  37 
 1081  42 
 1082  25 
 1083  31 
 1084  25 
 1085  32 
 1086  31 
 1087  26 
 1088  32 
 1089  29 
 1090  29 
 1091  23 
 1092  29 
 1093  23 
 1094  20 
 1095  25 
 1096  24 
 1097  29 
 1098  39 
 1099  36 
 1100  23 
 1101  27 
 1102  31 
 1103  26 
 1104  32 
 1105  26 
 1106  22 
 1107  26 
 1108  21 
 1109  34 
 1110  28 
 1111  35 
 1112  42 
 1113  32 
 1114  36 
 1115  23 
 1116  23 
 1117  35 
 1118  31 
 1119  25 
 1120  31 
 1121  26 
 1122  19 
 1123  29 
 1124  42 
 1125  30 
 1126  23 
 1127  25 
 1128  26 
 1129  30 
 1130  19 
 1131  26 
 1132  33 
 1133  30 
 1134  36 
 1135  23 
 1136  20 
 1137  43 
 1138  26 
 1139  26 
 1140  27 
 1141  45 
 1142  20 
 1143  30 
 1144  33 
 1145  41 
 1146  26 
 1147  24 
 1148  27 
 1149  35 
 1150  25 
 1151  29 
 1152  32 
 1153  21 
 1154  23 
 1155  30 
 1156  27 
 1157  19 
 1158  31 
 1159  29 
 1160  26 
 1161  26 
 1162  28 
 1163  19 
 1164  30 
 1165  30 
 1166  34 
 1167  35 
 1168  35 
 1169  27 
 1170  39 
 1171  34 
 1172  22 
 1173  34 
 1174  36 
 1175  27 
 1176  28 
 1177  26 
 1178  24 
 1179  22 
 1180  26 
 1181  26 
 1182  24 
 1183  24 
 1184  23 
 1185  29 
 1186  25 
 1187  26 
 1188  23 
 1189  20 
 1190  23 
 1191  33 
 1192  31 
 1193  30 
 1194  27 
 1195  21 
 1196  29 
 1197  28 
 1198  25 
 1199  26 
 1200  27 
 1201  30 
 1202  22 
 1203  36 
 1204  28 
 1205  31 
 1206  31 
 1207  27 
 1208  24 
 1209  25 
 1210  25 
 1211  28 
 1212  26 
 1213  19 
 1214  22 
 1215  24 
 1216  34 
 1217  27 
 1218  27 
 1219  32 
 1220  34 
 1221  27 
 1222  36 
 1223  18 
 1224  29 
 1225  28 
 1226  18 
 1227  25 
 1228  27 
 1229  37 
 1230  23 
 1231  25 
 1232  32 
 1233  28 
 1234  25 
 1235  25 
 1236  32 
 1237  24 
 1238  19 
 1239  26 
 1240  30 
 1241  30 
 1242  31 
 1243  24 
 1244  30 
 1245  24 
 1246  22 
 1247  26 
 1248  32 
 1249  20 
 1250  27 
 1251  28 
 1252  34 
 1253  34 
 1254  26 
 1255  16 
 1256  26 
 1257  24 
 1258  26 
 1259  20 
 1260  34 
 1261  28 
 1262  22 
 1263  26 
 1264  19 
 1265  22 
 1266  32 
 1267  26 
 1268  20 
 1269  29 
 1270  38 
 1271  23 
 1272  31 
 1273  19 
 1274  20 
 1275  27 
 1276  34 
 1277  24 
 1278  27 
 1279  19 
 1280  27 
 1281  37 
 1282  29 
 1283  13 
 1284  26 
 1285  27 
 1286  33 
 1287  23 
 1288  36 
 1289  32 
 1290  26 
 1291  26 
 1292  27 
 1293  21 
 1294  24 
 1295  39 
 1296  27 
 1297  21 
 1298  15 
 1299  29 
 1300  34 
 1301  19 
 1302  23 
 1303  33 
 1304  26 
 1305  30 
 1306  31 
 1307  24 
 1308  23 
 1309  27 
 1310  16 
 1311  21 
 1312  28 
 1313  25 
 1314  27 
 1315  28 
 1316  18 
 1317  28 
 1318  17 
 1319  33 
 1320  21 
 1321  30 
 1322  25 
 1323  25 
 1324  22 
 1325  26 
 1326  31 
 1327  30 
 1328  23 
 1329  20 
 1330  24 
 1331  27 
 1332  23 
 1333  29 
 1334  26 
 1335  23 
 1336  30 
 1337  22 
 1338  34 
 1339  20 
 1340  16 
 1341  18 
 1342  23 
 1343  18 
 1344  26 
 1345  25 
 1346  18 
 1347  26 
 1348  33 
 1349  24 
 1350  30 
 1351  14 
 1352  25 
 1353  18 
 1354  21 
 1355  19 
 1356  22 
 1357  29 
 1358  15 
 1359  22 
 1360  24 
 1361  28 
 1362  34 
 1363  19 
 1364  27 
 1365  24 
 1366  27 
 1367  21 
 1368  29 
 1369  23 
 1370  19 
 1371  27 
 1372  17 
 1373  16 
 1374  26 
 1375  16 
 1376  29 
 1377  21 
 1378  26 
 1379  22 
 1380  17 
 1381  28 
 1382  25 
 1383  24 
 1384  21 
 1385  24 
 1386  26 
 1387  32 
 1388  25 
 1389  23 
 1390  23 
 1391  14 
 1392  19 
 1393  21 
 1394  16 
 1395  26 
 1396  22 
 1397  19 
 1398  19 
 1399  23 
 1400  25 
 1401  26 
 1402  22 
 1403  25 
 1404  21 
 1405  34 
 1406  16 
 1407  26 
 1408  24 
 1409  27 
 1410  23 
 1411  27 
 1412  29 
 1413  30 
 1414  16 
 1415  20 
 1416  24 
 1417  26 
 1418  29 
 1419  24 
 1420  25 
 1421  21 
 1422  20 
 1423  24 
 1424  25 
 1425  17 
 1426  30 
 1427  24 
 1428  17 
 1429  25 
 1430  34 
 1431  19 
 1432  14 
 1433  19 
 1434  18 
 1435  27 
 1436  29 
 1437  19 
 1438  21 
 1439  25 
 1440  17 
 1441  21 
 1442  27 
 1443  21 
 1444  20 
 1445  20 
 1446  20 
 1447  20 
 1448  20 
 1449  17 
 1450  19 
 1451  25 
 1452  22 
 1453  14 
 1454  26 
 1455  27 
 1456  28 
 1457  19 
 1458  22 
 1459  25 
 1460  25 
 1461  30 
 1462  27 
 1463  21 
 1464  21 
 1465  22 
 1466  23 
 1467  18 
 1468  22 
 1469  22 
 1470  24 
 1471  30 
 1472  27 
 1473  22 
 1474  15 
 1475  17 
 1476  18 
 1477  18 
 1478  23 
 1479  27 
 1480  23 
 1481  20 
 1482  19 
 1483  21 
 1484  30 
 1485  30 
 1486  16 
 1487  23 
 1488  18 
 1489  13 
 1490  13 
 1491  13 
 1492  30 
 1493  13 
 1494  25 
 1495  21 
 1496  23 
 1497  22 
 1498  14 
 1499  17 
 1500  28 
 1501  18 
 1502  23 
 1503  18 
 1504  18 
 1505  29 
 1506  18 
 1507  29 
 1508  24 
 1509  24 
 1510  18 
 1511  20 
 1512  16 
 1513  15 
 1514  20 
 1515  18 
 1516  20 
 1517  19 
 1518  34 
 1519  27 
 1520  27 
 1521  19 
 1522  24 
 1523  25 
 1524  29 
 1525  21 
 1526  16 
 1527  25 
 1528  21 
 1529  22 
 1530  21 
 1531  21 
 1532  25 
 1533  20 
 1534  23 
 1535  15 
 1536  30 
 1537  26 
 1538  20 
 1539  13 
 1540  29 
 1541  28 
 1542  20 
 1543  15 
 1544  16 
 1545  26 
 1546  22 
 1547  18 
 1548  15 
 1549  20 
 1550  16 
 1551  18 
 1552  15 
 1553  24 
 1554  29 
 1555  18 
 1556  16 
 1557  23 
 1558  15 
 1559  21 
 1560  22 
 1561  31 
 1562  20 
 1563  17 
 1564  23 
 1565  15 
 1566  20 
 1567  23 
 1568  21 
 1569  20 
 1570  22 
 1571  24 
 1572  24 
 1573  23 
 1574  22 
 1575  21 
 1576  17 
 1577  26 
 1578  20 
 1579  16 
 1580  27 
 1581  13 
 1582  12 
 1583  21 
 1584  23 
 1585  17 
 1586  19 
 1587  20 
 1588  21 
 1589  22 
 1590  25 
 1591  22 
 1592  18 
 1593  15 
 1594  21 
 1595  19 
 1596  23 
 1597  17 
 1598  28 
 1599  17 
 1600  24 
 1601  26 
 1602  21 
 1603  16 
 1604  21 
 1605  29 
 1606  21 
 1607  9 
 1608  17 
 1609  31 
 1610  28 
 1611  18 
 1612  27 
 1613  25 
 1614  19 
 1615  19 
 1616  24 
 1617  21 
 1618  19 
 1619  19 
 1620  20 
 1621  22 
 1622  16 
 1623  27 
 1624  14 
 1625  21 
 1626  23 
 1627  17 
 1628  19 
 1629  24 
 1630  17 
 1631  24 
 1632  27 
 1633  19 
 1634  21 
 1635  23 
 1636  24 
 1637  11 
 1638  20 
 1639  17 
 1640  21 
 1641  20 
 1642  13 
 1643  26 
 1644  24 
 1645  15 
 1646  16 
 1647  26 
 1648  21 
 1649  22 
 1650  15 
 1651  25 
 1652  23 
 1653  30 
 1654  21 
 1655  20 
 1656  13 
 1657  15 
 1658  16 
 1659  25 
 1660  25 
 1661  18 
 1662  19 
 1663  16 
 1664  10 
 1665  23 
 1666  18 
 1667  19 
 1668  19 
 1669  15 
 1670  17 
 1671  15 
 1672  18 
 1673  16 
 1674  23 
 1675  32 
 1676  23 
 1677  12 
 1678  20 
 1679  21 
 1680  22 
 1681  20 
 1682  14 
 1683  13 
 1684  21 
 1685  30 
 1686  22 
 1687  23 
 1688  19 
 1689  16 
 1690  14 
 1691  20 
 1692  24 
 1693  17 
 1694  16 
 1695  17 
 1696  25 
 1697  28 
 1698  24 
 1699  14 
 1700  18 
 1701  26 
 1702  17 
 1703  19 
 1704  14 
 1705  26 
 1706  23 
 1707  23 
 1708  20 
 1709  21 
 1710  16 
 1711  23 
 1712  21 
 1713  22 
 1714  14 
 1715  16 
 1716  17 
 1717  20 
 1718  16 
 1719  17 
 1720  21 
 1721  23 
 1722  19 
 1723  17 
 1724  10 
 1725  12 
 1726  21 
 1727  24 
 1728  12 
 1729  14 
 1730  13 
 1731  18 
 1732  15 
 1733  16 
 1734  14 
 1735  21 
 1736  23 
 1737  18 
 1738  22 
 1739  14 
 1740  20 
 1741  18 
 1742  14 
 1743  29 
 1744  21 
 1745  17 
 1746  26 
 1747  24 
 1748  21 
 1749  17 
 1750  17 
 1751  16 
 1752  25 
 1753  24 
 1754  19 
 1755  19 
 1756  14 
 1757  19 
 1758  20 
 1759  21 
 1760  26 
 1761  22 
 1762  26 
 1763  22 
 1764  19 
 1765  17 
 1766  22 
 1767  28 
 1768  22 
 1769  23 
 1770  14 
 1771  21 
 1772  22 
 1773  19 
 1774  20 
 1775  11 
 1776  11 
 1777  25 
 1778  22 
 1779  18 
 1780  12 
 1781  21 
 1782  18 
 1783  20 
 1784  22 
 1785  19 
 1786  11 
 1787  18 
 1788  20 
 1789  28 
 1790  17 
 1791  19 
 1792  15 
 1793  17 
 1794  20 
 1795  15 
 1796  10 
 1797  15 
 1798  18 
 1799  20 
 1800  20 
 1801  20 
 1802  20 
 1803  19 
 1804  12 
 1805  19 
 1806  19 
 1807  8 
 1808  22 
 1809  26 
 1810  14 
 1811  20 
 1812  26 
 1813  17 
 1814  16 
 1815  23 
 1816  15 
 1817  19 
 1818  19 
 1819  18 
 1820  22 
 1821  21 
 1822  15 
 1823  22 
 1824  23 
 1825  18 
 1826  21 
 1827  19 
 1828  14 
 1829  19 
 1830  7 
 1831  18 
 1832  21 
 1833  19 
 1834  20 
 1835  10 
 1836  8 
 1837  14 
 1838  17 
 1839  11 
 1840  14 
 1841  17 
 1842  13 
 1843  21 
 1844  20 
 1845  8 
 1846  15 
 1847  17 
 1848  14 
 1849  18 
 1850  24 
 1851  14 
 1852  18 
 1853  24 
 1854  16 
 1855  22 
 1856  14 
 1857  20 
 1858  14 
 1859  14 
 1860  17 
 1861  9 
 1862  26 
 1863  16 
 1864  22 
 1865  17 
 1866  16 
 1867  15 
 1868  12 
 1869  23 
 1870  15 
 1871  16 
 1872  28 
 1873  10 
 1874  13 
 1875  18 
 1876  15 
 1877  15 
 1878  17 
 1879  14 
 1880  25 
 1881  18 
 1882  16 
 1883  11 
 1884  13 
 1885  15 
 1886  17 
 1887  17 
 1888  19 
 1889  20 
 1890  19 
 1891  24 
 1892  13 
 1893  11 
 1894  15 
 1895  19 
 1896  21 
 1897  18 
 1898  24 
 1899  21 
 1900  24 
 1901  20 
 1902  13 
 1903  16 
 1904  17 
 1905  12 
 1906  18 
 1907  19 
 1908  17 
 1909  12 
 1910  18 
 1911  15 
 1912  20 
 1913  18 
 1914  19 
 1915  18 
 1916  22 
 1917  20 
 1918  17 
 1919  18 
 1920  22 
 1921  16 
 1922  14 
 1923  17 
 1924  23 
 1925  16 
 1926  16 
 1927  20 
 1928  19 
 1929  7 
 1930  18 
 1931  15 
 1932  14 
 1933  15 
 1934  13 
 1935  10 
 1936  20 
 1937  21 
 1938  19 
 1939  21 
 1940  16 
 1941  19 
 1942  15 
 1943  15 
 1944  19 
 1945  17 
 1946  18 
 1947  17 
 1948  18 
 1949  21 
 1950  7 
 1951  15 
 1952  18 
 1953  19 
 1954  19 
 1955  18 
 1956  10 
 1957  15 
 1958  15 
 1959  22 
 1960  16 
 1961  9 
 1962  25 
 1963  19 
 1964  15 
 1965  20 
 1966  13 
 1967  15 
 1968  17 
 1969  17 
 1970  18 
 1971  18 
 1972  15 
 1973  23 
 1974  17 
 1975  17 
 1976  16 
 1977  28 
 1978  18 
 1979  15 
 1980  19 
 1981  16 
 1982  19 
 1983  22 
 1984  18 
 1985  14 
 1986  14 
 1987  16 
 1988  19 
 1989  18 
 1990  13 
 1991  20 
 1992  14 
 1993  16 
 1994  13 
 1995  12 
 1996  13 
 1997  11 
 1998  16 
 1999  13 
 2000  14 
 2001  13 
 2002  8 
 2003  15 
 2004  17 
 2005  24 
 2006  21 
 2007  11 
 2008  15 
 2009  23 
 2010  10 
 2011  11 
 2012  17 
 2013  13 
 2014  11 
 2015  20 
 2016  18 
 2017  16 
 2018  19 
 2019  17 
 2020  19 
 2021  16 
 2022  16 
 2023  19 
 2024  21 
 2025  16 
 2026  12 
 2027  16 
 2028  16 
 2029  18 
 2030  23 
 2031  9 
 2032  24 
 2033  14 
 2034  11 
 2035  18 
 2036  15 
 2037  17 
 2038  18 
 2039  15 
 2040  17 
 2041  15 
 2042  14 
 2043  28 
 2044  14 
 2045  16 
 2046  7 
 2047  20 
 2048  17 
 2049  16 
 2050  19 
 2051  15 
 2052  16 
 2053  13 
 2054  10 
 2055  18 
 2056  28 
 2057  15 
 2058  13 
 2059  6 
 2060  14 
 2061  16 
 2062  15 
 2063  10 
 2064  17 
 2065  16 
 2066  14 
 2067  14 
 2068  23 
 2069  17 
 2070  19 
 2071  13 
 2072  17 
 2073  25 
 2074  22 
 2075  17 
 2076  19 
 2077  14 
 2078  11 
 2079  15 
 2080  21 
 2081  22 
 2082  19 
 2083  10 
 2084  15 
 2085  10 
 2086  17 
 2087  12 
 2088  14 
 2089  18 
 2090  16 
 2091  20 
 2092  10 
 2093  24 
 2094  21 
 2095  14 
 2096  18 
 2097  16 
 2098  19 
 2099  15 
 2100  16 
 2101  15 
 2102  17 
 2103  15 
 2104  13 
 2105  13 
 2106  10 
 2107  23 
 2108  19 
 2109  8 
 2110  20 
 2111  20 
 2112  11 
 2113  16 
 2114  21 
 2115  11 
 2116  14 
 2117  15 
 2118  7 
 2119  15 
 2120  19 
 2121  22 
 2122  14 
 2123  15 
 2124  10 
 2125  14 
 2126  14 
 2127  13 
 2128  19 
 2129  18 
 2130  18 
 2131  10 
 2132  26 
 2133  16 
 2134  19 
 2135  14 
 2136  15 
 2137  26 
 2138  19 
 2139  25 
 2140  15 
 2141  15 
 2142  23 
 2143  18 
 2144  17 
 2145  15 
 2146  11 
 2147  20 
 2148  17 
 2149  23 
 2150  15 
 2151  9 
 2152  15 
 2153  19 
 2154  14 
 2155  16 
 2156  12 
 2157  21 
 2158  18 
 2159  17 
 2160  19 
 2161  27 
 2162  16 
 2163  22 
 2164  15 
 2165  25 
 2166  16 
 2167  16 
 2168  14 
 2169  19 
 2170  24 
 2171  13 
 2172  22 
 2173  12 
 2174  17 
 2175  17 
 2176  31 
 2177  21 
 2178  18 
 2179  22 
 2180  20 
 2181  27 
 2182  21 
 2183  20 
 2184  17 
 2185  20 
 2186  15 
 2187  18 
 2188  20 
 2189  20 
 2190  20 
 2191  14 
 2192  25 
 2193  19 
 2194  15 
 2195  17 
 2196  21 
 2197  21 
 2198  18 
 2199  17 
 2200  13 
 2201  11 
 2202  22 
 2203  13 
 2204  11 
 2205  10 
 2206  21 
 2207  21 
 2208  17 
 2209  14 
 2210  14 
 2211  18 
 2212  25 
 2213  17 
 2214  15 
 2215  10 
 2216  30 
 2217  8 
 2218  11 
 2219  20 
 2220  21 
 2221  10 
 2222  11 
 2223  14 
 2224  15 
 2225  11 
 2226  9 
 2227  22 
 2228  21 
 2229  15 
 2230  15 
 2231  11 
 2232  16 
 2233  13 
 2234  16 
 2235  15 
 2236  15 
 2237  26 
 2238  21 
 2239  8 
 2240  15 
 2241  16 
 2242  13 
 2243  17 
 2244  17 
 2245  19 
 2246  13 
 2247  6 
 2248  6 
 2249  16 
 2250  9 
 2251  15 
 2252  10 
 2253  15 
 2254  15 
 2255  23 
 2256  11 
 2257  9 
 2258  29 
 2259  10 
 2260  9 
 2261  10 
 2262  9 
 2263  13 
 2264  12 
 2265  13 
 2266  17 
 2267  14 
 2268  15 
 2269  12 
 2270  13 
 2271  7 
 2272  22 
 2273  20 
 2274  7 
 2275  21 
 2276  20 
 2277  11 
 2278  13 
 2279  14 
 2280  14 
 2281  13 
 2282  11 
 2283  15 
 2284  17 
 2285  23 
 2286  14 
 2287  16 
 2288  17 
 2289  13 
 2290  18 
 2291  12 
 2292  4 
 2293  15 
 2294  10 
 2295  14 
 2296  13 
 2297  7 
 2298  9 
 2299  15 
 2300  10 
 2301  12 
 2302  12 
 2303  10 
 2304  11 
 2305  10 
 2306  16 
 2307  24 
 2308  10 
 2309  15 
 2310  14 
 2311  19 
 2312  14 
 2313  14 
 2314  14 
 2315  16 
 2316  9 
 2317  19 
 2318  13 
 2319  8 
 2320  11 
 2321  15 
 2322  13 
 2323  17 
 2324  10 
 2325  15 
 2326  7 
 2327  7 
 2328  6 
 2329  15 
 2330  15 
 2331  20 
 2332  15 
 2333  17 
 2334  18 
 2335  16 
 2336  13 
 2337  12 
 2338  9 
 2339  14 
 2340  19 
 2341  13 
 2342  3 
 2343  11 
 2344  13 
 2345  14 
 2346  21 
 2347  20 
 2348  12 
 2349  17 
 2350  12 
 2351  12 
 2352  17 
 2353  13 
 2354  7 
 2355  16 
 2356  16 
 2357  17 
 2358  16 
 2359  6 
 2360  11 
 2361  11 
 2362  15 
 2363  9 
 2364  10 
 2365  16 
 2366  15 
 2367  17 
 2368  8 
 2369  9 
 2370  20 
 2371  19 
 2372  10 
 2373  17 
 2374  10 
 2375  10 
 2376  13 
 2377  9 
 2378  9 
 2379  16 
 2380  7 
 2381  19 
 2382  15 
 2383  14 
 2384  10 
 2385  6 
 2386  16 
 2387  16 
 2388  9 
 2389  12 
 2390  11 
 2391  13 
 2392  12 
 2393  17 
 2394  9 
 2395  13 
 2396  12 
 2397  15 
 2398  15 
 2399  13 
 2400  16 
 2401  13 
 2402  11 
 2403  17 
 2404  17 
 2405  15 
 2406  12 
 2407  14 
 2408  17 
 2409  13 
 2410  14 
 2411  7 
 2412  9 
 2413  15 
 2414  15 
 2415  10 
 2416  13 
 2417  9 
 2418  17 
 2419  15 
 2420  13 
 2421  13 
 2422  11 
 2423  16 
 2424  19 
 2425  14 
 2426  10 
 2427  11 
 2428  9 
 2429  15 
 2430  12 
 2431  14 
 2432  20 
 2433  14 
 2434  10 
 2435  16 
 2436  17 
 2437  16 
 2438  9 
 2439  8 
 2440  9 
 2441  16 
 2442  13 
 2443  16 
 2444  19 
 2445  15 
 2446  9 
 2447  11 
 2448  16 
 2449  12 
 2450  11 
 2451  13 
 2452  19 
 2453  13 
 2454  19 
 2455  15 
 2456  21 
 2457  14 
 2458  11 
 2459  18 
 2460  12 
 2461  11 
 2462  14 
 2463  9 
 2464  9 
 2465  14 
 2466  20 
 2467  11 
 2468  10 
 2469  7 
 2470  8 
 2471  4 
 2472  12 
 2473  11 
 2474  21 
 2475  11 
 2476  16 
 2477  16 
 2478  11 
 2479  11 
 2480  14 
 2481  14 
 2482  7 
 2483  21 
 2484  16 
 2485  14 
 2486  15 
 2487  15 
 2488  12 
 2489  11 
 2490  9 
 2491  15 
 2492  14 
 2493  17 
 2494  14 
 2495  14 
 2496  11 
 2497  9 
 2498  19 
 2499  18 
 2500  7 
 2501  11 
 2502  16 
 2503  12 
 2504  6 
 2505  20 
 2506  20 
 2507  20 
 2508  16 
 2509  16 
 2510  16 
 2511  10 
 2512  13 
 2513  10 
 2514  14 
 2515  13 
 2516  15 
 2517  18 
 2518  12 
 2519  9 
 2520  13 
 2521  12 
 2522  12 
 2523  14 
 2524  12 
 2525  12 
 2526  12 
 2527  10 
 2528  11 
 2529  10 
 2530  11 
 2531  14 
 2532  13 
 2533  12 
 2534  13 
 2535  13 
 2536  17 
 2537  16 
 2538  13 
 2539  14 
 2540  17 
 2541  14 
 2542  23 
 2543  11 
 2544  12 
 2545  19 
 2546  12 
 2547  13 
 2548  18 
 2549  12 
 2550  13 
 2551  14 
 2552  11 
 2553  16 
 2554  14 
 2555  6 
 2556  19 
 2557  11 
 2558  16 
 2559  12 
 2560  8 
 2561  18 
 2562  12 
 2563  14 
 2564  22 
 2565  17 
 2566  14 
 2567  16 
 2568  14 
 2569  16 
 2570  12 
 2571  21 
 2572  5 
 2573  11 
 2574  13 
 2575  13 
 2576  18 
 2577  25 
 2578  14 
 2579  13 
 2580  12 
 2581  17 
 2582  22 
 2583  18 
 2584  10 
 2585  12 
 2586  17 
 2587  14 
 2588  16 
 2589  11 
 2590  21 
 2591  11 
 2592  10 
 2593  17 
 2594  16 
 2595  13 
 2596  13 
 2597  9 
 2598  21 
 2599  13 
 2600  18 
 2601  10 
 2602  12 
 2603  25 
 2604  16 
 2605  14 
 2606  13 
 2607  8 
 2608  15 
 2609  19 
 2610  12 
 2611  14 
 2612  14 
 2613  10 
 2614  15 
 2615  21 
 2616  15 
 2617  16 
 2618  21 
 2619  11 
 2620  18 
 2621  10 
 2622  13 
 2623  12 
 2624  9 
 2625  11 
 2626  15 
 2627  16 
 2628  13 
 2629  9 
 2630  14 
 2631  15 
 2632  10 
 2633  10 
 2634  15 
 2635  14 
 2636  17 
 2637  13 
 2638  15 
 2639  20 
 2640  15 
 2641  22 
 2642  9 
 2643  10 
 2644  7 
 2645  12 
 2646  15 
 2647  15 
 2648  18 
 2649  15 
 2650  15 
 2651  4 
 2652  10 
 2653  16 
 2654  12 
 2655  8 
 2656  12 
 2657  9 
 2658  10 
 2659  11 
 2660  14 
 2661  15 
 2662  14 
 2663  14 
 2664  10 
 2665  10 
 2666  15 
 2667  21 
 2668  17 
 2669  13 
 2670  20 
 2671  5 
 2672  15 
 2673  10 
 2674  17 
 2675  16 
 2676  17 
 2677  13 
 2678  13 
 2679  8 
 2680  9 
 2681  13 
 2682  18 
 2683  14 
 2684  19 
 2685  11 
 2686  5 
 2687  16 
 2688  7 
 2689  9 
 2690  17 
 2691  12 
 2692  14 
 2693  12 
 2694  12 
 2695  18 
 2696  12 
 2697  19 
 2698  15 
 2699  13 
 2700  10 
 2701  17 
 2702  17 
 2703  12 
 2704  11 
 2705  16 
 2706  7 
 2707  10 
 2708  9 
 2709  8 
 2710  25 
 2711  7 
 2712  15 
 2713  6 
 2714  15 
 2715  14 
 2716  12 
 2717  12 
 2718  10 
 2719  16 
 2720  14 
 2721  7 
 2722  6 
 2723  9 
 2724  16 
 2725  12 
 2726  11 
 2727  10 
 2728  6 
 2729  16 
 2730  12 
 2731  9 
 2732  14 
 2733  18 
 2734  12 
 2735  13 
 2736  13 
 2737  18 
 2738  9 
 2739  18 
 2740  20 
 2741  16 
 2742  21 
 2743  13 
 2744  17 
 2745  15 
 2746  20 
 2747  11 
 2748  9 
 2749  13 
 2750  16 
 2751  13 
 2752  9 
 2753  7 
 2754  23 
 2755  10 
 2756  10 
 2757  17 
 2758  16 
 2759  16 
 2760  13 
 2761  13 
 2762  14 
 2763  15 
 2764  5 
 2765  17 
 2766  11 
 2767  15 
 2768  13 
 2769  12 
 2770  18 
 2771  8 
 2772  9 
 2773  13 
 2774  13 
 2775  16 
 2776  8 
 2777  11 
 2778  21 
 2779  8 
 2780  19 
 2781  9 
 2782  9 
 2783  12 
 2784  10 
 2785  11 
 2786  12 
 2787  12 
 2788  11 
 2789  17 
 2790  15 
 2791  10 
 2792  19 
 2793  16 
 2794  16 
 2795  16 
 2796  11 
 2797  8 
 2798  13 
 2799  16 
 2800  13 
 2801  17 
 2802  8 
 2803  12 
 2804  12 
 2805  13 
 2806  15 
 2807  11 
 2808  6 
 2809  12 
 2810  9 
 2811  10 
 2812  21 
 2813  15 
 2814  18 
 2815  11 
 2816  17 
 2817  18 
 2818  16 
 2819  18 
 2820  5 
 2821  14 
 2822  9 
 2823  9 
 2824  13 
 2825  16 
 2826  15 
 2827  10 
 2828  8 
 2829  10 
 2830  9 
 2831  17 
 2832  15 
 2833  13 
 2834  11 
 2835  16 
 2836  8 
 2837  14 
 2838  13 
 2839  11 
 2840  9 
 2841  15 
 2842  14 
 2843  17 
 2844  8 
 2845  16 
 2846  13 
 2847  9 
 2848  12 
 2849  10 
 2850  4 
 2851  16 
 2852  14 
 2853  11 
 2854  12 
 2855  14 
 2856  9 
 2857  14 
 2858  13 
 2859  14 
 2860  10 
 2861  15 
 2862  9 
 2863  14 
 2864  12 
 2865  15 
 2866  11 
 2867  11 
 2868  18 
 2869  13 
 2870  14 
 2871  16 
 2872  21 
 2873  15 
 2874  13 
 2875  12 
 2876  15 
 2877  18 
 2878  6 
 2879  12 
 2880  11 
 2881  19 
 2882  8 
 2883  13 
 2884  18 
 2885  13 
 2886  15 
 2887  16 
 2888  16 
 2889  12 
 2890  9 
 2891  13 
 2892  15 
 2893  12 
 2894  11 
 2895  17 
 2896  14 
 2897  15 
 2898  20 
 2899  14 
 2900  21 
 2901  16 
 2902  11 
 2903  9 
 2904  23 
 2905  15 
 2906  10 
 2907  16 
 2908  19 
 2909  22 
 2910  24 
 2911  8 
 2912  22 
 2913  14 
 2914  31 
 2915  17 
 2916  13 
 2917  12 
 2918  9 
 2919  14 
 2920  21 
 2921  20 
 2922  17 
 2923  19 
 2924  16 
 2925  15 
 2926  16 
 2927  7 
 2928  22 
 2929  19 
 2930  17 
 2931  17 
 2932  22 
 2933  20 
 2934  25 
 2935  22 
 2936  31 
 2937  22 
 2938  24 
 2939  23 
 2940  34 
 2941  29 
 2942  28 
 2943  22 
 2944  23 
 2945  30 
 2946  18 
 2947  27 
 2948  24 
 2949  29 
 2950  32 
 2951  30 
 2952  34 
 2953  24 
 2954  27 
 2955  28 
 2956  26 
 2957  32 
 2958  30 
 2959  37 
 2960  30 
 2961  27 
 2962  40 
 2963  49 
 2964  35 
 2965  33 
 2966  39 
 2967  44 
 2968  44 
 2969  38 
 2970  39 
 2971  41 
 2972  37 
 2973  42 
 2974  32 
 2975  28 
 2976  26 
 2977  38 
 2978  28 
 2979  39 
 2980  33 
 2981  28 
 2982  32 
 2983  27 
 2984  33 
 2985  28 
 2986  34 
 2987  35 
 2988  23 
 2989  27 
 2990  33 
 2991  20 
 2992  21 
 2993  27 
 2994  28 
 2995  45 
 2996  35 
 2997  35 
 2998  26 
 2999  40 
 3000  31 
 3001  31 
 3002  43 
 3003  28 
 3004  29 
 3005  34 
 3006  37 
 3007  39 
 3008  37 
 3009  35 
 3010  50 
 3011  49 
 3012  48 
 3013  48 
 3014  46 
 3015  55 
 3016  50 
 3017  54 
 3018  56 
 3019  51 
 3020  59 
 3021  71 
 3022  70 
 3023  65 
 3024  82 
 3025  81 
 3026  85 
 3027  90 
 3028  86 
 3029  85 
 3030  92 
 3031  111 
 3032  111 
 3033  96 
 3034  108 
 3035  122 
 3036  113 
 3037  131 
 3038  116 
 3039  152 
 3040  134 
 3041  149 
 3042  155 
 3043  149 
 3044  159 
 3045  162 
 3046  179 
 3047  158 
 3048  168 
 3049  206 
 3050  138 
 3051  175 
 3052  196 
 3053  206 
 3054  174 
 3055  190 
 3056  200 
 3057  200 
 3058  193 
 3059  188 
 3060  188 
 3061  171 
 3062  186 
 3063  185 
 3064  155 
 3065  177 
 3066  175 
 3067  164 
 3068  161 
 3069  146 
 3070  143 
 3071  140 
 3072  139 
 3073  143 
 3074  137 
 3075  107 
 3076  132 
 3077  102 
 3078  105 
 3079  112 
 3080  103 
 3081  81 
 3082  83 
 3083  72 
 3084  63 
 3085  46 
 3086  75 
 3087  48 
 3088  45 
 3089  55 
 3090  41 
 3091  31 
 3092  27 
 3093  41 
 3094  28 
 3095  21 
 3096  27 
 3097  12 
 3098  21 
 3099  13 
 3100  15 
 3101  20 
 3102  22 
 3103  28 
 3104  8 
 3105  17 
 3106  9 
 3107  14 
 3108  5 
 3109  18 
 3110  9 
 3111  16 
 3112  13 
 3113  14 
 3114  15 
 3115  12 
 3116  13 
 3117  15 
 3118  12 
 3119  8 
 3120  13 
 3121  15 
 3122  14 
 3123  12 
 3124  10 
 3125  12 
 3126  14 
 3127  8 
 3128  18 
 3129  10 
 3130  12 
 3131  13 
 3132  9 
 3133  15 
 3134  15 
 3135  14 
 3136  10 
 3137  15 
 3138  18 
 3139  14 
 3140  13 
 3141  12 
 3142  22 
 3143  12 
 3144  19 
 3145  18 
 3146  12 
 3147  16 
 3148  12 
 3149  12 
 3150  10 
 3151  11 
 3152  13 
 3153  14 
 3154  11 
 3155  11 
 3156  13 
 3157  14 
 3158  9 
 3159  16 
 3160  15 
 3161  19 
 3162  9 
 3163  15 
 3164  12 
 3165  17 
 3166  8 
 3167  16 
 3168  16 
 3169  9 
 3170  15 
 3171  13 
 3172  12 
 3173  14 
 3174  15 
 3175  11 
 3176  15 
 3177  17 
 3178  9 
 3179  12 
 3180  15 
 3181  16 
 3182  15 
 3183  17 
 3184  18 
 3185  26 
 3186  21 
 3187  17 
 3188  15 
 3189  16 
 3190  15 
 3191  15 
 3192  18 
 3193  18 
 3194  23 
 3195  14 
 3196  17 
 3197  22 
 3198  18 
 3199  18 
 3200  23 
 3201  13 
 3202  26 
 3203  24 
 3204  18 
 3205  20 
 3206  20 
 3207  16 
 3208  13 
 3209  28 
 3210  29 
 3211  24 
 3212  22 
 3213  30 
 3214  28 
 3215  35 
 3216  25 
 3217  21 
 3218  32 
 3219  22 
 3220  23 
 3221  38 
 3222  30 
 3223  32 
 3224  26 
 3225  42 
 3226  39 
 3227  40 
 3228  37 
 3229  32 
 3230  52 
 3231  25 
 3232  43 
 3233  34 
 3234  40 
 3235  42 
 3236  50 
 3237  51 
 3238  47 
 3239  76 
 3240  51 
 3241  70 
 3242  73 
 3243  73 
 3244  69 
 3245  83 
 3246  83 
 3247  95 
 3248  118 
 3249  83 
 3250  96 
 3251  97 
 3252  122 
 3253  128 
 3254  130 
 3255  155 
 3256  153 
 3257  158 
 3258  179 
 3259  177 
 3260  158 
 3261  203 
 3262  229 
 3263  211 
 3264  245 
 3265  252 
 3266  276 
 3267  278 
 3268  323 
 3269  335 
 3270  339 
 3271  347 
 3272  404 
 3273  407 
 3274  434 
 3275  471 
 3276  560 
 3277  531 
 3278  537 
 3279  590 
 3280  647 
 3281  780 
 3282  794 
 3283  791 
 3284  922 
 3285  1013 
 3286  1009 
 3287  1115 
 3288  1203 
 3289  1362 
 3290  1390 
 3291  1597 
 3292  1681 
 3293  1825 
 3294  1980 
 3295  2106 
 3296  2158 
 3297  2407 
 3298  2568 
 3299  2718 
 3300  2891 
 3301  3049 
 3302  3156 
 3303  3257 
 3304  3296 
 3305  3546 
 3306  3610 
 3307  3549 
 3308  3585 
 3309  3584 
 3310  3665 
 3311  3598 
 3312  3591 
 3313  3456 
 3314  3441 
 3315  3221 
 3316  3077 
 3317  2960 
 3318  2722 
 3319  2616 
 3320  2369 
 3321  2212 
 3322  2117 
 3323  1923 
 3324  1717 
 3325  1547 
 3326  1337 
 3327  1176 
 3328  1065 
 3329  884 
 3330  806 
 3331  685 
 3332  632 
 3333  530 
 3334  421 
 3335  372 
 3336  310 
 3337  282 
 3338  256 
 3339  232 
 3340  193 
 3341  185 
 3342  145 
 3343  112 
 3344  108 
 3345  97 
 3346  68 
 3347  76 
 3348  67 
 3349  73 
 3350  67 
 3351  55 
 3352  63 
 3353  50 
 3354  49 
 3355  56 
 3356  55 
 3357  56 
 3358  44 
 3359  53 
 3360  58 
 3361  44 
 3362  67 
 3363  55 
 3364  50 
 3365  52 
 3366  57 
 3367  54 
 3368  47 
 3369  59 
 3370  64 
 3371  52 
 3372  68 
 3373  67 
 3374  70 
 3375  71 
 3376  65 
 3377  85 
 3378  82 
 3379  73 
 3380  72 
 3381  99 
 3382  86 
 3383  107 
 3384  99 
 3385  120 
 3386  108 
 3387  112 
 3388  140 
 3389  123 
 3390  136 
 3391  121 
 3392  123 
 3393  129 
 3394  131 
 3395  141 
 3396  145 
 3397  136 
 3398  131 
 3399  133 
 3400  115 
 3401  130 
 3402  114 
 3403  112 
 3404  128 
 3405  107 
 3406  91 
 3407  100 
 3408  75 
 3409  81 
 3410  73 
 3411  66 
 3412  72 
 3413  43 
 3414  40 
 3415  44 
 3416  33 
 3417  36 
 3418  34 
 3419  21 
 3420  25 
 3421  38 
 3422  42 
 3423  27 
 3424  38 
 3425  34 
 3426  20 
 3427  25 
 3428  37 
 3429  30 
 3430  38 
 3431  35 
 3432  42 
 3433  33 
 3434  25 
 3435  25 
 3436  28 
 3437  43 
 3438  28 
 3439  30 
 3440  38 
 3441  52 
 3442  32 
 3443  47 
 3444  41 
 3445  53 
 3446  51 
 3447  63 
 3448  72 
 3449  54 
 3450  63 
 3451  63 
 3452  54 
 3453  78 
 3454  68 
 3455  96 
 3456  77 
 3457  81 
 3458  78 
 3459  76 
 3460  91 
 3461  102 
 3462  122 
 3463  117 
 3464  103 
 3465  123 
 3466  125 
 3467  119 
 3468  148 
 3469  131 
 3470  162 
 3471  158 
 3472  187 
 3473  175 
 3474  192 
 3475  213 
 3476  228 
 3477  221 
 3478  249 
 3479  255 
 3480  258 
 3481  270 
 3482  283 
 3483  311 
 3484  315 
 3485  335 
 3486  341 
 3487  403 
 3488  401 
 3489  414 
 3490  448 
 3491  475 
 3492  503 
 3493  534 
 3494  546 
 3495  554 
 3496  590 
 3497  639 
 3498  676 
 3499  709 
 3500  756 
 3501  751 
 3502  776 
 3503  840 
 3504  857 
 3505  889 
 3506  922 
 3507  950 
 3508  1032 
 3509  1019 
 3510  1079 
 3511  1041 
 3512  1163 
 3513  1151 
 3514  1208 
 3515  1245 
 3516  1305 
 3517  1273 
 3518  1264 
 3519  1380 
 3520  1387 
 3521  1368 
 3522  1363 
 3523  1367 
 3524  1440 
 3525  1421 
 3526  1377 
 3527  1370 
 3528  1396 
 3529  1354 
 3530  1374 
 3531  1274 
 3532  1263 
 3533  1265 
 3534  1252 
 3535  1147 
 3536  1200 
 3537  1145 
 3538  1079 
 3539  1005 
 3540  948 
 3541  904 
 3542  865 
 3543  828 
 3544  785 
 3545  680 
 3546  634 
 3547  580 
 3548  555 
 3549  476 
 3550  444 
 3551  364 
 3552  324 
 3553  339 
 3554  291 
 3555  251 
 3556  237 
 3557  202 
 3558  150 
 3559  146 
 3560  124 
 3561  112 
 3562  107 
 3563  80 
 3564  75 
 3565  76 
 3566  57 
 3567  58 
 3568  54 
 3569  43 
 3570  50 
 3571  42 
 3572  47 
 3573  52 
 3574  53 
 3575  43 
 3576  35 
 3577  47 
 3578  46 
 3579  66 
 3580  62 
 3581  67 
 3582  59 
 3583  71 
 3584  69 
 3585  89 
 3586  96 
 3587  98 
 3588  102 
 3589  119 
 3590  107 
 3591  128 
 3592  132 
 3593  126 
 3594  157 
 3595  156 
 3596  148 
 3597  174 
 3598  160 
 3599  164 
 3600  191 
 3601  164 
 3602  215 
 3603  194 
 3604  171 
 3605  167 
 3606  177 
 3607  153 
 3608  160 
 3609  136 
 3610  148 
 3611  133 
 3612  128 
 3613  107 
 3614  100 
 3615  95 
 3616  83 
 3617  82 
 3618  65 
 3619  68 
 3620  52 
 3621  57 
 3622  51 
 3623  48 
 3624  47 
 3625  44 
 3626  29 
 3627  37 
 3628  30 
 3629  35 
 3630  30 
 3631  23 
 3632  32 
 3633  29 
 3634  28 
 3635  33 
 3636  31 
 3637  23 
 3638  31 
 3639  20 
 3640  34 
 3641  18 
 3642  31 
 3643  14 
 3644  25 
 3645  22 
 3646  16 
 3647  20 
 3648  16 
 3649  14 
 3650  19 
 3651  21 
 3652  19 
 3653  12 
 3654  12 
 3655  10 
 3656  11 
 3657  15 
 3658  10 
 3659  14 
 3660  10 
 3661  10 
 3662  9 
 3663  7 
 3664  7 
 3665  7 
 3666  3 
 3667  7 
 3668  3 
 3669  3 
 3670  0 
 3671  1 
 3672  2 
 3673  5 
 3674  1 
 3675  0 
 3676  2 
 3677  0 
 3678  1 
 3679  1 
 3680  1 
 3681  3 
 3682  0 
 3683  0 
 3684  0 
 3685  0 
 3686  1 
 3687  0 
 3688  0 
 3689  1 
 3690  1 
 3691  0 
 3692  0 
 3693  0 
 3694  0 
 3695  1 
 3696  0 
 3697  0 
 3698  0 
 3699  0 
 3700  0 
 3701  2 
 3702  0 
 3703  1 
 3704  0 
 3705  1 
 3706  0 
 3707  0 
 3708  1 
 3709  0 
 3710  0 
 3711  0 
 3712  0 
 3713  0 
 3714  2 
 3715  0 
 3716  0 
 3717  2 
 3718  0 
 3719  0 
 3720  0 
 3721  2 
 3722  1 
 3723  1 
 3724  0 
 3725  0 
 3726  1 
 3727  0 
 3728  0 
 3729  3 
 3730  1 
 3731  1 
 3732  0 
 3733  0 
 3734  1 
 3735  1 
 3736  0 
 3737  0 
 3738  0 
 3739  0 
 3740  2 
 3741  1 
 3742  1 
 3743  0 
 3744  0 
 3745  1 
 3746  1 
 3747  0 
 3748  3 
 3749  1 
 3750  0 
 3751  0 
 3752  0 
 3753  0 
 3754  1 
 3755  0 
 3756  2 
 3757  0 
 3758  0 
 3759  0 
 3760  0 
 3761  0 
 3762  1 
 3763  2 
 3764  1 
 3765  1 
 3766  0 
 3767  1 
 3768  3 
 3769  1 
 3770  1 
 3771  0 
 3772  0 
 3773  1 
 3774  0 
 3775  1 
 3776  1 
 3777  1 
 3778  1 
 3779  2 
 3780  0 
 3781  1 
 3782  0 
 3783  0 
 3784  0 
 3785  0 
 3786  0 
 3787  0 
 3788  0 
 3789  1 
 3790  0 
 3791  0 
 3792  0 
 3793  2 
 3794  1 
 3795  0 
 3796  0 
 3797  2 
 3798  0 
 3799  0 
 3800  1 
 3801  1 
 3802  1 
 3803  0 
 3804  1 
 3805  0 
 3806  1 
 3807  0 
 3808  0 
 3809  1 
 3810  0 
 3811  0 
 3812  0 
 3813  0 
 3814  2 
 3815  0 
 3816  0 
 3817  0 
 3818  1 
 3819  0 
 3820  3 
 3821  0 
 3822  0 
 3823  0 
 3824  1 
 3825  0 
 3826  0 
 3827  1 
 3828  0 
 3829  1 
 3830  0 
 3831  0 
 3832  0 
 3833  0 
 3834  0 
 3835  0 
 3836  0 
 3837  1 
 3838  0 
 3839  1 
 3840  0 
 3841  0 
 3842  1 
 3843  0 
 3844  0 
 3845  0 
 3846  1 
 3847  0 
 3848  0 
 3849  2 
 3850  0 
 3851  0 
 3852  0 
 3853  1 
 3854  0 
 3855  0 
 3856  0 
 3857  0 
 3858  0 
 3859  0 
 3860  0 
 3861  0 
 3862  0 
 3863  1 
 3864  2 
 3865  0 
 3866  0 
 3867  0 
 3868  0 
 3869  1 
 3870  0 
 3871  1 
 3872  0 
 3873  1 
 3874  0 
 3875  1 
 3876  1 
 3877  1 
 3878  0 
 3879  0 
 3880  0 
 3881  0 
 3882  0 
 3883  1 
 3884  0 
 3885  0 
 3886  0 
 3887  1 
 3888  0 
 3889  1 
 3890  0 
 3891  0 
 3892  0 
 3893  0 
 3894  1 
 3895  0 
 3896  0 
 3897  1 
 3898  0 
 3899  0 
 3900  0 
 3901  1 
 3902  1 
 3903  0 
 3904  1 
 3905  0 
 3906  1 
 3907  2 
 3908  1 
 3909  0 
 3910  0 
 3911  1 
 3912  0 
 3913  0 
 3914  0 
 3915  0 
 3916  0 
 3917  1 
 3918  0 
 3919  0 
 3920  1 
 3921  1 
 3922  0 
 3923  1 
 3924  0 
 3925  0 
 3926  1 
 3927  0 
 3928  0 
 3929  0 
 3930  3 
 3931  2 
 3932  1 
 3933  0 
 3934  0 
 3935  0 
 3936  2 
 3937  0 
 3938  0 
 3939  0 
 3940  0 
 3941  1 
 3942  0 
 3943  0 
 3944  1 
 3945  0 
 3946  1 
 3947  0 
 3948  0 
 3949  1 
 3950  0 
 3951  3 
 3952  0 
 3953  1 
 3954  0 
 3955  0 
 3956  1 
 3957  0 
 3958  0 
 3959  2 
 3960  1 
 3961  0 
 3962  0 
 3963  0 
 3964  1 
 3965  0 
 3966  0 
 3967  0 
 3968  0 
 3969  1 
 3970  0 
 3971  1 
 3972  0 
 3973  2 
 3974  0 
 3975  0 
 3976  0 
 3977  1 
 3978  0 
 3979  0 
 3980  0 
 3981  1 
 3982  0 
 3983  0 
 3984  1 
 3985  0 
 3986  0 
 3987  2 
 3988  0 
 3989  1 
 3990  1 
 3991  1 
 3992  0 
 3993  1 
 3994  0 
 3995  0 
 3996  0 
 3997  0 
 3998  0 
 3999  0 
 4000  1 
 4001  0 
 4002  0 
 4003  0 
 4004  0 
 4005  0 
 4006  0 
 4007  0 
 4008  0 
 4009  1 
 4010  0 
 4011  0 
 4012  0 
 4013  0 
 4014  0 
 4015  0 
 4016  0 
 4017  0 
 4018  1 
 4019  0 
 4020  1 
 4021  1 
 4022  0 
 4023  0 
 4024  0 
 4025  1 
 4026  1 
 4027  0 
 4028  1 
 4029  2 
 4030  0 
 4031  1 
 4032  1 
 4033  0 
 4034  0 
 4035  2 
 4036  0 
 4037  0 
 4038  1 
 4039  1 
 4040  1 
 4041  1 
 4042  0 
 4043  0 
 4044  0 
 4045  1 
 4046  0 
 4047  0 
 4048  0 
 4049  0 
 4050  0 
 4051  0 
 4052  0 
 4053  0 
 4054  0 
 4055  0 
 4056  3 
 4057  0 
 4058  0 
 4059  0 
 4060  0 
 4061  1 
 4062  0 
 4063  0 
 4064  1 
 4065  0 
 4066  0 
 4067  1 
 4068  0 
 4069  0 
 4070  1 
 4071  0 
 4072  0 
 4073  1 
 4074  0 
 4075  0 
 4076  0 
 4077  0 
 4078  1 
 4079  0 
 4080  0 
 4081  0 
 4082  1 
 4083  1 
 4084  1 
 4085  0 
 4086  1 
 4087  0 
 4088  0 
 4089  0 
 4090  0 
 4091  0 
 4092  0 
 4093  0 
 4094  0 
 4095  0 
 4096  0 
 4097  0 
 4098  0 
 4099  0 
 4100  1 
 4101  1 
 4102  0 
 4103  1 
 4104  0 
 4105  0 
 4106  0 
 4107  0 
 4108  2 
 4109  0 
 4110  0 
 4111  0 
 4112  0 
 4113  0 
 4114  0 
 4115  1 
 4116  1 
 4117  0 
 4118  0 
 4119  0 
 4120  0 
 4121  0 
 4122  1 
 4123  0 
 4124  0 
 4125  0 
 4126  0 
 4127  1 
 4128  1 
 4129  0 
 4130  0 
 4131  0 
 4132  0 
 4133  0 
 4134  1 
 4135  0 
 4136  0 
 4137  0 
 4138  0 
 4139  0 
 4140  0 
 4141  1 
 4142  0 
 4143  0 
 4144  1 
 4145  0 
 4146  0 
 4147  0 
 4148  0 
 4149  0 
 4150  0 
 4151  0 
 4152  0 
 4153  0 
 4154  0 
 4155  0 
 4156  0 
 4157  0 
 4158  0 
 4159  0 
 4160  1 
 4161  0 
 4162  0 
 4163  0 
 4164  0 
 4165  0 
 4166  0 
 4167  0 
 4168  2 
 4169  0 
 4170  0 
 4171  1 
 4172  0 
 4173  0 
 4174  0 
 4175  1 
 4176  0 
 4177  1 
 4178  0 
 4179  0 
 4180  1 
 4181  0 
 4182  0 
 4183  0 
 4184  0 
 4185  0 
 4186  1 
 4187  0 
 4188  0 
 4189  1 
 4190  2 
 4191  0 
 4192  0 
 4193  0 
 4194  0 
 4195  0 
 4196  0 
 4197  0 
 4198  0 
 4199  0 
 4200  0 
 4201  0 
 4202  0 
 4203  0 
 4204  0 
 4205  0 
 4206  0 
 4207  1 
 4208  0 
 4209  0 
 4210  0 
 4211  0 
 4212  0 
 4213  0 
 4214  0 
 4215  0 
 4216  0 
 4217  0 
 4218  1 
 4219  0 
 4220  0 
 4221  0 
 4222  0 
 4223  1 
 4224  0 
 4225  0 
 4226  0 
 4227  0 
 4228  1 
 4229  0 
 4230  0 
 4231  0 
 4232  0 
 4233  0 
 4234  0 
 4235  0 
 4236  0 
 4237  0 
 4238  0 
 4239  0 
 4240  0 
 4241  0 
 4242  0 
 4243  0 
 4244  0 
 4245  2 
 4246  0 
 4247  0 
 4248  0 
 4249  0 
 4250  1 
 4251  1 
 4252  0 
 4253  0 
 4254  1 
 4255  0 
 4256  0 
 4257  0 
 4258  1 
 4259  0 
 4260  1 
 4261  1 
 4262  1 
 4263  0 
 4264  0 
 4265  1 
 4266  0 
 4267  0 
 4268  0 
 4269  0 
 4270  0 
 4271  0 
 4272  0 
 4273  0 
 4274  1 
 4275  0 
 4276  0 
 4277  0 
 4278  0 
 4279  0 
 4280  0 
 4281  0 
 4282  0 
 4283  0 
 4284  2 
 4285  1 
 4286  0 
 4287  1 
 4288  0 
 4289  0 
 4290  0 
 4291  0 
 4292  0 
 4293  0 
 4294  1 
 4295  1 
 4296  1 
 4297  2 
 4298  0 
 4299  0 
 4300  0 
 4301  0 
 4302  0 
 4303  0 
 4304  0 
 4305  0 
 4306  0 
 4307  0 
 4308  0 
 4309  0 
 4310  0 
 4311  1 
 4312  0 
 4313  0 
 4314  1 
 4315  0 
 4316  0 
 4317  0 
 4318  0 
 4319  0 
 4320  0 
 4321  0 
 4322  0 
 4323  0 
 4324  0 
 4325  0 
 4326  1 
 4327  0 
 4328  0 
 4329  0 
 4330  0 
 4331  1 
 4332  0 
 4333  0 
 4334  0 
 4335  0 
 4336  0 
 4337  0 
 4338  0 
 4339  0 
 4340  0 
 4341  0 
 4342  0 
 4343  1 
 4344  0 
 4345  1 
 4346  0 
 4347  0 
 4348  0 
 4349  0 
 4350  0 
 4351  0 
 4352  0 
 4353  0 
 4354  0 
 4355  0 
 4356  0 
 4357  0 
 4358  0 
 4359  1 
 4360  0 
 4361  0 
 4362  0 
 4363  0 
 4364  0 
 4365  0 
 4366  0 
 4367  0 
 4368  0 
 4369  0 
 4370  0 
 4371  0 
 4372  1 
 4373  0 
 4374  0 
 4375  0 
 4376  0 
 4377  0 
 4378  0 
 4379  0 
 4380  0 
 4381  0 
 4382  0 
 4383  0 
 4384  0 
 4385  0 
 4386  1 
 4387  0 
 4388  0 
 4389  0 
 4390  0 
 4391  0 
 4392  0 
 4393  1 
 4394  0 
 4395  2 
 4396  0 
 4397  0 
 4398  0 
 4399  0 
 4400  0 
 4401  0 
 4402  0 
 4403  0 
 4404  0 
 4405  0 
 4406  0 
 4407  0 
 4408  0 
 4409  0 
 4410  0 
 4411  0 
 4412  0 
 4413  0 
 4414  0 
 4415  0 
 4416  1 
 4417  0 
 4418  0 
 4419  1 
 4420  1 
 4421  0 
 4422  0 
 4423  0 
 4424  0 
 4425  0 
 4426  0 
 4427  1 
 4428  0 
 4429  0 
 4430  0 
 4431  1 
 4432  0 
 4433  0 
 4434  0 
 4435  0 
 4436  1 
 4437  1 
 4438  0 
 4439  0 
 4440  0 
 4441  0 
 4442  0 
 4443  0 
 4444  0 
 4445  0 
 4446  0 
 4447  0 
 4448  0 
 4449  0 
 4450  0 
 4451  1 
 4452  0 
 4453  0 
 4454  0 
 4455  0 
 4456  0 
 4457  0 
 4458  0 
 4459  0 
 4460  0 
 4461  0 
 4462  0 
 4463  0 
 4464  0 
 4465  0 
 4466  0 
 4467  0 
 4468  0 
 4469  0 
 4470  0 
 4471  0 
 4472  0 
 4473  0 
 4474  0 
 4475  0 
 4476  0 
 4477  1 
 4478  0 
 4479  0 
 4480  0 
 4481  0 
 4482  0 
 4483  0 
 4484  1 
 4485  0 
 4486  1 
 4487  0 
 4488  0 
 4489  0 
 4490  0 
 4491  0 
 4492  0 
 4493  0 
 4494  0 
 4495  0 
 4496  0 
 4497  0 
 4498  0 
 4499  0 
 4500  0 
 4501  1 
 4502  0 
 4503  0 
 4504  1 
 4505  0 
 4506  0 
 4507  0 
 4508  0 
 4509  0 
 4510  0 
 4511  0 
 4512  0 
 4513  0 
 4514  0 
 4515  0 
 4516  0 
 4517  0 
 4518  0 
 4519  1 
 4520  0 
 4521  0 
 4522  0 
 4523  0 
 4524  0 
 4525  0 
 4526  1 
 4527  0 
 4528  0 
 4529  0 
 4530  0 
 4531  0 
 4532  0 
 4533  0 
 4534  0 
 4535  0 
 4536  0 
 4537  1 
 4538  0 
 4539  0 
 4540  0 
 4541  0 
 4542  0 
 4543  0 
 4544  1 
 4545  0 
 4546  0 
 4547  0 
 4548  1 
 4549  0 
 4550  0 
 4551  1 
 4552  0 
 4553  0 
 4554  0 
 4555  0 
 4556  0 
 4557  0 
 4558  0 
 4559  1 
 4560  0 
 4561  0 
 4562  0 
 4563  0 
 4564  0 
 4565  0 
 4566  0 
 4567  0 
 4568  0 
 4569  1 
 4570  0 
 4571  0 
 4572  0 
 4573  0 
 4574  0 
 4575  0 
 4576  0 
 4577  0 
 4578  0 
 4579  0 
 4580  0 
 4581  0 
 4582  1 
 4583  2 
 4584  1 
 4585  0 
 4586  0 
 4587  1 
 4588  1 
 4589  0 
 4590  0 
 4591  0 
 4592  0 
 4593  0 
 4594  0 
 4595  0 
 4596  0 
 4597  0 
 4598  0 
 4599  0 
 4600  0 
 4601  0 
 4602  0 
 4603  0 
 4604  0 
 4605  0 
 4606  1 
 4607  0 
 4608  0 
 4609  0 
 4610  0 
 4611  0 
 4612  0 
 4613  1 
 4614  0 
 4615  0 
 4616  0 
 4617  0 
 4618  0 
 4619  1 
 4620  0 
 4621  0 
 4622  0 
 4623  1 
 4624  0 
 4625  0 
 4626  0 
 4627  0 
 4628  0 
 4629  0 
 4630  0 
 4631  0 
 4632  0 
 4633  0 
 4634  0 
 4635  0 
 4636  0 
 4637  0 
 4638  0 
 4639  0 
 4640  0 
 4641  0 
 4642  0 
 4643  0 
 4644  1 
 4645  1 
 4646  1 
 4647  0 
 4648  0 
 4649  0 
 4650  1 
 4651  0 
 4652  0 
 4653  0 
 4654  3 
 4655  0 
 4656  0 
 4657  0 
 4658  1 
 4659  1 
 4660  1 
 4661  1 
 4662  1 
 4663  0 
 4664  0 
 4665  0 
 4666  0 
 4667  0 
 4668  0 
 4669  0 
 4670  0 
 4671  0 
 4672  0 
 4673  0 
 4674  1 
 4675  0 
 4676  0 
 4677  0 
 4678  1 
 4679  0 
 4680  0 
 4681  0 
 4682  0 
 4683  0 
 4684  0 
 4685  1 
 4686  0 
 4687  0 
 4688  0 
 4689  0 
 4690  1 
 4691  0 
 4692  0 
 4693  0 
 4694  1 
 4695  0 
 4696  0 
 4697  0 
 4698  0 
 4699  0 
 4700  0 
 4701  0 
 4702  0 
 4703  0 
 4704  1 
 4705  0 
 4706  0 
 4707  0 
 4708  0 
 4709  0 
 4710  0 
 4711  0 
 4712  0 
 4713  0 
 4714  0 
 4715  0 
 4716  0 
 4717  0 
 4718  0 
 4719  0 
 4720  0 
 4721  0 
 4722  0 
 4723  0 
 4724  1 
 4725  0 
 4726  1 
 4727  0 
 4728  1 
 4729  0 
 4730  0 
 4731  0 
 4732  0 
 4733  0 
 4734  0 
 4735  0 
 4736  0 
 4737  0 
 4738  0 
 4739  0 
 4740  1 
 4741  0 
 4742  0 
 4743  0 
 4744  1 
 4745  0 
 4746  0 
 4747  0 
 4748  0 
 4749  0 
 4750  0 
 4751  0 
 4752  0 
 4753  0 
 4754  0 
 4755  0 
 4756  0 
 4757  1 
 4758  0 
 4759  0 
 4760  0 
 4761  0 
 4762  0 
 4763  0 
 4764  0 
 4765  0 
 4766  1 
 4767  0 
 4768  0 
 4769  0 
 4770  0 
 4771  0 
 4772  0 
 4773  0 
 4774  1 
 4775  1 
 4776  0 
 4777  0 
 4778  0 
 4779  0 
 4780  0 
 4781  0 
 4782  0 
 4783  0 
 4784  0 
 4785  0 
 4786  0 
 4787  0 
 4788  0 
 4789  1 
 4790  0 
 4791  0 
 4792  2 
 4793  0 
 4794  2 
 4795  0 
 4796  0 
 4797  0 
 4798  0 
 4799  0 
 4800  1 
 4801  0 
 4802  0 
 4803  0 
 4804  0 
 4805  0 
 4806  0 
 4807  0 
 4808  0 
 4809  2 
 4810  0 
 4811  0 
 4812  0 
 4813  0 
 4814  2 
 4815  0 
 4816  0 
 4817  0 
 4818  0 
 4819  0 
 4820  0 
 4821  0 
 4822  0 
 4823  0 
 4824  0 
 4825  0 
 4826  1 
 4827  0 
 4828  0 
 4829  0 
 4830  0 
 4831  0 
 4832  0 
 4833  1 
 4834  0 
 4835  0 
 4836  0 
 4837  0 
 4838  0 
 4839  0 
 4840  1 
 4841  0 
 4842  0 
 4843  0 
 4844  0 
 4845  0 
 4846  0 
 4847  0 
 4848  0 
 4849  0 
 4850  0 
 4851  1 
 4852  0 
 4853  0 
 4854  0 
 4855  0 
 4856  0 
 4857  0 
 4858  0 
 4859  0 
 4860  0 
 4861  0 
 4862  0 
 4863  0 
 4864  1 
 4865  0 
 4866  0 
 4867  0 
 4868  0 
 4869  1 
 4870  0 
 4871  0 
 4872  0 
 4873  0 
 4874  0 
 4875  0 
 4876  0 
 4877  0 
 4878  1 
 4879  0 
 4880  0 
 4881  0 
 4882  0 
 4883  0 
 4884  0 
 4885  0 
 4886  0 
 4887  0 
 4888  1 
 4889  0 
 4890  0 
 4891  0 
 4892  0 
 4893  0 
 4894  0 
 4895  0 
 4896  1 
 4897  0 
 4898  0 
 4899  0 
 4900  0 
 4901  0 
 4902  0 
 4903  0 
 4904  2 
 4905  1 
 4906  0 
 4907  0 
 4908  0 
 4909  0 
 4910  0 
 4911  0 
 4912  0 
 4913  1 
 4914  0 
 4915  0 
 4916  0 
 4917  0 
 4918  0 
 4919  0 
 4920  0 
 4921  0 
 4922  0 
 4923  0 
 4924  0 
 4925  0 
 4926  0 
 4927  0 
 4928  2 
 4929  0 
 4930  0 
 4931  0 
 4932  0 
 4933  0 
 4934  0 
 4935  0 
 4936  0 
 4937  0 
 4938  0 
 4939  1 
 4940  1 
 4941  0 
 4942  0 
 4943  1 
 4944  0 
 4945  0 
 4946  0 
 4947  0 
 4948  0 
 4949  0 
 4950  0 
 4951  0 
 4952  0 
 4953  0 
 4954  0 
 4955  0 
 4956  0 
 4957  0 
 4958  0 
 4959  0 
 4960  1 
 4961  0 
 4962  0 
 4963  0 
 4964  0 
 4965  0 
 4966  0 
 4967  0 
 4968  0 
 4969  0 
 4970  2 
 4971  1 
 4972  0 
 4973  0 
 4974  0 
 4975  0 
 4976  0 
 4977  0 
 4978  0 
 4979  0 
 4980  1 
 4981  1 
 4982  0 
 4983  0 
 4984  0 
 4985  0 
 4986  0 
 4987  1 
 4988  0 
 4989  0 
 4990  0 
 4991  0 
 4992  0 
 4993  0 
 4994  0 
 4995  0 
 4996  0 
 4997  1 
 4998  0 
 4999  0 
 5000  1 
 5001  0 
 5002  0 
 5003  0 
 5004  0 
 5005  0 
 5006  0 
 5007  0 
 5008  0 
 5009  0 
 5010  0 
 5011  0 
 5012  1 
 5013  0 
 5014  1 
 5015  0 
 5016  0 
 5017  0 
 5018  0 
 5019  0 
 5020  0 
 5021  0 
 5022  0 
 5023  0 
 5024  0 
 5025  1 
 5026  0 
 5027  0 
 5028  0 
 5029  0 
 5030  1 
 5031  0 
 5032  0 
 5033  0 
 5034  0 
 5035  0 
 5036  0 
 5037  0 
 5038  0 
 5039  0 
 5040  0 
 5041  0 
 5042  0 
 5043  0 
 5044  0 
 5045  0 
 5046  0 
 5047  0 
 5048  0 
 5049  0 
 5050  0 
 5051  1 
 5052  0 
 5053  0 
 5054  0 
 5055  0 
 5056  0 
 5057  0 
 5058  0 
 5059  0 
 5060  0 
 5061  0 
 5062  0 
 5063  0 
 5064  0 
 5065  0 
 5066  1 
 5067  0 
 5068  0 
 5069  0 
 5070  0 
 5071  0 
 5072  0 
 5073  0 
 5074  0 
 5075  1 
 5076  1 
 5077  0 
 5078  0 
 5079  0 
 5080  0 
 5081  0 
 5082  0 
 5083  1 
 5084  0 
 5085  1 
 5086  0 
 5087  1 
 5088  0 
 5089  0 
 5090  0 
 5091  0 
 5092  0 
 5093  0 
 5094  0 
 5095  0 
 5096  1 
 5097  0 
 5098  0 
 5099  0 
 5100  1 
 5101  0 
 5102  0 
 5103  1 
 5104  0 
 5105  0 
 5106  0 
 5107  0 
 5108  0 
 5109  0 
 5110  0 
 5111  0 
 5112  0 
 5113  0 
 5114  1 
 5115  0 
 5116  0 
 5117  0 
 5118  0 
 5119  0 
 5120  0 
 5121  0 
 5122  0 
 5123  0 
 5124  0 
 5125  0 
 5126  0 
 5127  0 
 5128  1 
 5129  0 
 5130  0 
 5131  0 
 5132  0 
 5133  0 
 5134  0 
 5135  0 
 5136  0 
 5137  0 
 5138  0 
 5139  0 
 5140  0 
 5141  0 
 5142  0 
 5143  0 
 5144  0 
 5145  0 
 5146  0 
 5147  0 
 5148  0 
 5149  0 
 5150  0 
 5151  0 
 5152  0 
 5153  0 
 5154  0 
 5155  0 
 5156  0 
 5157  0 
 5158  0 
 5159  2 
 5160  0 
 5161  0 
 5162  0 
 5163  0 
 5164  0 
 5165  0 
 5166  0 
 5167  0 
 5168  0 
 5169  0 
 5170  0 
 5171  0 
 5172  0 
 5173  0 
 5174  0 
 5175  0 
 5176  1 
 5177  0 
 5178  0 
 5179  1 
 5180  0 
 5181  0 
 5182  0 
 5183  0 
 5184  1 
 5185  0 
 5186  0 
 5187  1 
 5188  1 
 5189  0 
 5190  0 
 5191  0 
 5192  0 
 5193  0 
 5194  0 
 5195  0 
 5196  0 
 5197  0 
 5198  1 
 5199  0 
 5200  0 
 5201  1 
 5202  0 
 5203  0 
 5204  0 
 5205  1 
 5206  1 
 5207  0 
 5208  0 
 5209  0 
 5210  1 
 5211  0 
 5212  0 
 5213  0 
 5214  0 
 5215  0 
 5216  0 
 5217  1 
 5218  0 
 5219  0 
 5220  0 
 5221  0 
 5222  1 
 5223  1 
 5224  0 
 5225  0 
 5226  0 
 5227  0 
 5228  0 
 5229  1 
 5230  1 
 5231  0 
 5232  0 
 5233  0 
 5234  0 
 5235  0 
 5236  0 
 5237  0 
 5238  0 
 5239  0 
 5240  0 
 5241  0 
 5242  0 
 5243  0 
 5244  0 
 5245  0 
 5246  0 
 5247  0 
 5248  0 
 5249  0 
 5250  0 
 5251  0 
 5252  1 
 5253  0 
 5254  0 
 5255  0 
 5256  0 
 5257  0 
 5258  1 
 5259  0 
 5260  0 
 5261  0 
 5262  1 
 5263  0 
 5264  0 
 5265  0 
 5266  1 
 5267  0 
 5268  0 
 5269  1 
 5270  1 
 5271  0 
 5272  1 
 5273  0 
 5274  1 
 5275  0 
 5276  0 
 5277  0 
 5278  0 
 5279  0 
 5280  0 
 5281  0 
 5282  1 
 5283  0 
 5284  0 
 5285  0 
 5286  0 
 5287  0 
 5288  0 
 5289  0 
 5290  0 
 5291  1 
 5292  0 
 5293  0 
 5294  0 
 5295  0 
 5296  0 
 5297  2 
 5298  0 
 5299  0 
 5300  0 
 5301  1 
 5302  0 
 5303  1 
 5304  0 
 5305  0 
 5306  0 
 5307  0 
 5308  0 
 5309  0 
 5310  0 
 5311  0 
 5312  0 
 5313  0 
 5314  0 
 5315  0 
 5316  0 
 5317  0 
 5318  0 
 5319  0 
 5320  1 
 5321  1 
 5322  1 
 5323  0 
 5324  1 
 5325  0 
 5326  1 
 5327  0 
 5328  1 
 5329  0 
 5330  0 
 5331  1 
 5332  2 
 5333  0 
 5334  2 
 5335  2 
 5336  1 
 5337  0 
 5338  1 
 5339  1 
 5340  1 
 5341  0 
 5342  1 
 5343  1 
 5344  0 
 5345  0 
 5346  0 
 5347  0 
 5348  0 
 5349  0 
 5350  1 
 5351  0 
 5352  2 
 5353  0 
 5354  0 
 5355  1 
 5356  1 
 5357  0 
 5358  1 
 5359  0 
 5360  0 
 5361  0 
 5362  0 
 5363  1 
 5364  0 
 5365  1 
 5366  0 
 5367  1 
 5368  2 
 5369  0 
 5370  2 
 5371  0 
 5372  1 
 5373  0 
 5374  0 
 5375  0 
 5376  1 
 5377  0 
 5378  0 
 5379  1 
 5380  2 
 5381  1 
 5382  0 
 5383  0 
 5384  0 
 5385  1 
 5386  1 
 5387  0 
 5388  0 
 5389  1 
 5390  0 
 5391  1 
 5392  0 
 5393  0 
 5394  0 
 5395  0 
 5396  1 
 5397  0 
 5398  2 
 5399  1 
 5400  0 
 5401  1 
 5402  0 
 5403  1 
 5404  0 
 5405  0 
 5406  1 
 5407  0 
 5408  0 
 5409  0 
 5410  0 
 5411  0 
 5412  0 
 5413  0 
 5414  1 
 5415  0 
 5416  1 
 5417  1 
 5418  0 
 5419  0 
 5420  0 
 5421  0 
 5422  3 
 5423  0 
 5424  0 
 5425  1 
 5426  0 
 5427  1 
 5428  0 
 5429  1 
 5430  0 
 5431  0 
 5432  0 
 5433  1 
 5434  0 
 5435  0 
 5436  1 
 5437  0 
 5438  0 
 5439  1 
 5440  2 
 5441  0 
 5442  1 
 5443  2 
 5444  0 
 5445  1 
 5446  0 
 5447  0 
 5448  1 
 5449  0 
 5450  0 
 5451  0 
 5452  1 
 5453  0 
 5454  0 
 5455  0 
 5456  0 
 5457  0 
 5458  0 
 5459  3 
 5460  1 
 5461  1 
 5462  0 
 5463  0 
 5464  0 
 5465  0 
 5466  1 
 5467  0 
 5468  0 
 5469  0 
 5470  0 
 5471  0 
 5472  0 
 5473  0 
 5474  0 
 5475  0 
 5476  1 
 5477  1 
 5478  0 
 5479  0 
 5480  0 
 5481  1 
 5482  0 
 5483  1 
 5484  0 
 5485  0 
 5486  0 
 5487  0 
 5488  1 
 5489  0 
 5490  0 
 5491  0 
 5492  0 
 5493  0 
 5494  0 
 5495  0 
 5496  1 
 5497  0 
 5498  0 
 5499  1 
 5500  0 
 5501  0 
 5502  0 
 5503  0 
 5504  0 
 5505  0 
 5506  0 
 5507  0 
 5508  0 
 5509  0 
 5510  0 
 5511  0 
 5512  1 
 5513  0 
 5514  0 
 5515  0 
 5516  0 
 5517  0 
 5518  1 
 5519  0 
 5520  0 
 5521  0 
 5522  0 
 5523  0 
 5524  0 
 5525  0 
 5526  0 
 5527  0 
 5528  0 
 5529  1 
 5530  0 
 5531  0 
 5532  0 
 5533  0 
 5534  0 
 5535  1 
 5536  0 
 5537  1 
 5538  0 
 5539  0 
 5540  0 
 5541  0 
 5542  0 
 5543  0 
 5544  0 
 5545  0 
 5546  0 
 5547  0 
 5548  1 
 5549  0 
 5550  0 
 5551  0 
 5552  1 
 5553  0 
 5554  1 
 5555  0 
 5556  0 
 5557  1 
 5558  0 
 5559  0 
 5560  0 
 5561  0 
 5562  0 
 5563  0 
 5564  0 
 5565  0 
 5566  0 
 5567  0 
 5568  0 
 5569  0 
 5570  0 
 5571  1 
 5572  1 
 5573  0 
 5574  0 
 5575  1 
 5576  0 
 5577  0 
 5578  1 
 5579  0 
 5580  0 
 5581  0 
 5582  0 
 5583  0 
 5584  0 
 5585  0 
 5586  0 
 5587  0 
 5588  0 
 5589  0 
 5590  0 
 5591  0 
 5592  0 
 5593  0 
 5594  0 
 5595  0 
 5596  0 
 5597  2 
 5598  0 
 5599  0 
 5600  1 
 5601  0 
 5602  0 
 5603  0 
 5604  0 
 5605  0 
 5606  0 
 5607  0 
 5608  0 
 5609  0 
 5610  0 
 5611  0 
 5612  0 
 5613  0 
 5614  0 
 5615  0 
 5616  0 
 5617  0 
 5618  0 
 5619  0 
 5620  0 
 5621  0 
 5622  0 
 5623  0 
 5624  0 
 5625  0 
 5626  0 
 5627  1 
 5628  0 
 5629  0 
 5630  1 
 5631  0 
 5632  0 
 5633  0 
 5634  0 
 5635  0 
 5636  0 
 5637  0 
 5638  0 
 5639  0 
 5640  0 
 5641  0 
 5642  1 
 5643  0 
 5644  0 
 5645  0 
 5646  0 
 5647  0 
 5648  0 
 5649  0 
 5650  0 
 5651  0 
 5652  0 
 5653  0 
 5654  0 
 5655  0 
 5656  0 
 5657  0 
 5658  0 
 5659  0 
 5660  0 
 5661  0 
 5662  0 
 5663  0 
 5664  0 
 5665  0 
 5666  0 
 5667  1 
 5668  0 
 5669  1 
 5670  1 
 5671  0 
 5672  0 
 5673  0 
 5674  1 
 5675  1 
 5676  0 
 5677  0 
 5678  0 
 5679  0 
 5680  0 
 5681  0 
 5682  0 
 5683  0 
 5684  0 
 5685  1 
 5686  0 
 5687  0 
 5688  0 
 5689  0 
 5690  1 
 5691  0 
 5692  0 
 5693  1 
 5694  0 
 5695  0 
 5696  1 
 5697  1 
 5698  0 
 5699  1 
 5700  1 
 5701  0 
 5702  0 
 5703  0 
 5704  0 
 5705  0 
 5706  0 
 5707  0 
 5708  0 
 5709  0 
 5710  0 
 5711  1 
 5712  0 
 5713  0 
 5714  0 
 5715  0 
 5716  0 
 5717  0 
 5718  1 
 5719  0 
 5720  0 
 5721  0 
 5722  0 
 5723  0 
 5724  0 
 5725  0 
 5726  0 
 5727  0 
 5728  0 
 5729  0 
 5730  0 
 5731  0 
 5732  0 
 5733  0 
 5734  1 
 5735  0 
 5736  0 
 5737  0 
 5738  0 
 5739  0 
 5740  0 
 5741  0 
 5742  0 
 5743  0 
 5744  0 
 5745  0 
 5746  0 
 5747  0 
 5748  0 
 5749  0 
 5750  1 
 5751  0 
 5752  0 
 5753  0 
 5754  0 
 5755  0 
 5756  0 
 5757  0 
 5758  0 
 5759  0 
 5760  0 
 5761  1 
 5762  0 
 5763  0 
 5764  0 
 5765  1 
 5766  0 
 5767  0 
 5768  0 
 5769  0 
 5770  1 
 5771  0 
 5772  1 
 5773  0 
 5774  0 
 5775  0 
 5776  0 
 5777  1 
 5778  0 
 5779  0 
 5780  0 
 5781  0 
 5782  0 
 5783  0 
 5784  0 
 5785  0 
 5786  0 
 5787  0 
 5788  0 
 5789  0 
 5790  0 
 5791  0 
 5792  0 
 5793  0 
 5794  1 
 5795  0 
 5796  0 
 5797  0 
 5798  0 
 5799  0 
 5800  0 
 5801  0 
 5802  0 
 5803  0 
 5804  0 
 5805  0 
 5806  0 
 5807  0 
 5808  0 
 5809  1 
 5810  0 
 5811  0 
 5812  0 
 5813  0 
 5814  2 
 5815  0 
 5816  0 
 5817  0 
 5818  0 
 5819  0 
 5820  0 
 5821  0 
 5822  1 
 5823  0 
 5824  0 
 5825  0 
 5826  0 
 5827  1 
 5828  0 
 5829  0 
 5830  1 
 5831  0 
 5832  0 
 5833  0 
 5834  0 
 5835  0 
 5836  0 
 5837  0 
 5838  0 
 5839  0 
 5840  0 
 5841  0 
 5842  1 
 5843  0 
 5844  0 
 5845  0 
 5846  0 
 5847  0 
 5848  0 
 5849  0 
 5850  0 
 5851  0 
 5852  0 
 5853  0 
 5854  0 
 5855  0 
 5856  0 
 5857  0 
 5858  0 
 5859  0 
 5860  0 
 5861  0 
 5862  0 
 5863  0 
 5864  1 
 5865  0 
 5866  0 
 5867  1 
 5868  0 
 5869  0 
 5870  0 
 5871  1 
 5872  0 
 5873  0 
 5874  0 
 5875  0 
 5876  0 
 5877  0 
 5878  0 
 5879  0 
 5880  0 
 5881  0 
 5882  0 
 5883  0 
 5884  1 
 5885  0 
 5886  0 
 5887  0 
 5888  0 
 5889  0 
 5890  0 
 5891  0 
 5892  0 
 5893  1 
 5894  1 
 5895  0 
 5896  0 
 5897  0 
 5898  0 
 5899  0 
 5900  0 
 5901  0 
 5902  0 
 5903  0 
 5904  0 
 5905  0 
 5906  0 
 5907  0 
 5908  0 
 5909  0 
 5910  0 
 5911  0 
 5912  0 
 5913  0 
 5914  0 
 5915  0 
 5916  0 
 5917  0 
 5918  0 
 5919  0 
 5920  0 
 5921  1 
 5922  0 
 5923  0 
 5924  0 
 5925  0 
 5926  0 
 5927  0 
 5928  0 
 5929  0 
 5930  0 
 5931  0 
 5932  0 
 5933  0 
 5934  0 
 5935  1 
 5936  0 
 5937  0 
 5938  0 
 5939  0 
 5940  0 
 5941  0 
 5942  0 
 5943  0 
 5944  0 
 5945  0 
 5946  0 
 5947  0 
 5948  0 
 5949  0 
 5950  0 
 5951  0 
 5952  0 
 5953  1 
 5954  0 
 5955  0 
 5956  0 
 5957  0 
 5958  0 
 5959  0 
 5960  0 
 5961  0 
 5962  0 
 5963  0 
 5964  1 
 5965  0 
 5966  0 
 5967  1 
 5968  0 
 5969  0 
 5970  0 
 5971  1 
 5972  0 
 5973  0 
 5974  0 
 5975  0 
 5976  1 
 5977  0 
 5978  0 
 5979  1 
 5980  0 
 5981  0 
 5982  0 
 5983  1 
 5984  0 
 5985  0 
 5986  0 
 5987  1 
 5988  2 
 5989  1 
 5990  0 
 5991  0 
 5992  0 
 5993  0 
 5994  0 
 5995  0 
 5996  0 
 5997  0 
 5998  1 
 5999  0 
 6000  0 
 6001  0 
 6002  0 
 6003  0 
 6004  0 
 6005  0 
 6006  0 
 6007  0 
 6008  0 
 6009  0 
 6010  0 
 6011  0 
 6012  1 
 6013  0 
 6014  0 
 6015  0 
 6016  1 
 6017  0 
 6018  1 
 6019  0 
 6020  0 
 6021  0 
 6022  0 
 6023  0 
 6024  1 
 6025  0 
 6026  0 
 6027  1 
 6028  0 
 6029  0 
 6030  0 
 6031  0 
 6032  0 
 6033  0 
 6034  0 
 6035  0 
 6036  1 
 6037  0 
 6038  0 
 6039  1 
 6040  0 
 6041  0 
 6042  0 
 6043  0 
 6044  0 
 6045  0 
 6046  0 
 6047  0 
 6048  0 
 6049  0 
 6050  0 
 6051  0 
 6052  1 
 6053  0 
 6054  0 
 6055  1 
 6056  0 
 6057  1 
 6058  0 
 6059  0 
 6060  0 
 6061  0 
 6062  0 
 6063  0 
 6064  0 
 6065  1 
 6066  0 
 6067  0 
 6068  0 
 6069  0 
 6070  0 
 6071  1 
 6072  0 
 6073  1 
 6074  0 
 6075  0 
 6076  1 
 6077  0 
 6078  0 
 6079  0 
 6080  0 
 6081  0 
 6082  0 
 6083  0 
 6084  0 
 6085  0 
 6086  0 
 6087  0 
 6088  0 
 6089  1 
 6090  0 
 6091  0 
 6092  0 
 6093  2 
 6094  0 
 6095  0 
 6096  0 
 6097  0 
 6098  0 
 6099  0 
 6100  1 
 6101  0 
 6102  0 
 6103  0 
 6104  0 
 6105  0 
 6106  0 
 6107  1 
 6108  0 
 6109  0 
 6110  0 
 6111  1 
 6112  0 
 6113  0 
 6114  0 
 6115  0 
 6116  0 
 6117  1 
 6118  0 
 6119  0 
 6120  0 
 6121  0 
 6122  0 
 6123  0 
 6124  0 
 6125  0 
 6126  0 
 6127  0 
 6128  1 
 6129  0 
 6130  1 
 6131  0 
 6132  0 
 6133  0 
 6134  0 
 6135  0 
 6136  0 
 6137  1 
 6138  0 
 6139  0 
 6140  1 
 6141  0 
 6142  0 
 6143  0 
 6144  0 
 6145  0 
 6146  0 
 6147  0 
 6148  0 
 6149  0 
 6150  0 
 6151  0 
 6152  0 
 6153  0 
 6154  0 
 6155  1 
 6156  1 
 6157  0 
 6158  0 
 6159  0 
 6160  0 
 6161  0 
 6162  0 
 6163  1 
 6164  1 
 6165  1 
 6166  1 
 6167  1 
 6168  0 
 6169  0 
 6170  1 
 6171  0 
 6172  0 
 6173  0 
 6174  0 
 6175  0 
 6176  0 
 6177  0 
 6178  0 
 6179  0 
 6180  0 
 6181  0 
 6182  1 
 6183  0 
 6184  0 
 6185  0 
 6186  0 
 6187  0 
 6188  1 
 6189  0 
 6190  0 
 6191  0 
 6192  0 
 6193  0 
 6194  0 
 6195  0 
 6196  0 
 6197  0 
 6198  0 
 6199  1 
 6200  1 
 6201  2 
 6202  0 
 6203  0 
 6204  0 
 6205  0 
 6206  0 
 6207  0 
 6208  0 
 6209  0 
 6210  0 
 6211  0 
 6212  0 
 6213  0 
 6214  0 
 6215  0 
 6216  0 
 6217  0 
 6218  0 
 6219  0 
 6220  1 
 6221  0 
 6222  0 
 6223  0 
 6224  0 
 6225  0 
 6226  1 
 6227  0 
 6228  0 
 6229  0 
 6230  1 
 6231  0 
 6232  0 
 6233  0 
 6234  1 
 6235  0 
 6236  0 
 6237  0 
 6238  0 
 6239  0 
 6240  0 
 6241  0 
 6242  0 
 6243  1 
 6244  0 
 6245  0 
 6246  1 
 6247  0 
 6248  0 
 6249  0 
 6250  0 
 6251  0 
 6252  0 
 6253  0 
 6254  0 
 6255  0 
 6256  1 
 6257  1 
 6258  0 
 6259  0 
 6260  0 
 6261  0 
 6262  1 
 6263  0 
 6264  0 
 6265  0 
 6266  0 
 6267  0 
 6268  0 
 6269  1 
 6270  0 
 6271  0 
 6272  0 
 6273  0 
 6274  0 
 6275  0 
 6276  0 
 6277  1 
 6278  0 
 6279  0 
 6280  1 
 6281  0 
 6282  0 
 6283  0 
 6284  1 
 6285  0 
 6286  0 
 6287  0 
 6288  0 
 6289  1 
 6290  0 
 6291  0 
 6292  1 
 6293  0 
 6294  0 
 6295  0 
 6296  0 
 6297  1 
 6298  0 
 6299  1 
 6300  0 
 6301  0 
 6302  2 
 6303  0 
 6304  0 
 6305  0 
 6306  0 
 6307  1 
 6308  1 
 6309  0 
 6310  1 
 6311  0 
 6312  0 
 6313  0 
 6314  0 
 6315  0 
 6316  0 
 6317  1 
 6318  1 
 6319  0 
 6320  0 
 6321  0 
 6322  0 
 6323  0 
 6324  0 
 6325  1 
 6326  0 
 6327  0 
 6328  0 
 6329  0 
 6330  0 
 6331  0 
 6332  1 
 6333  0 
 6334  0 
 6335  0 
 6336  0 
 6337  0 
 6338  0 
 6339  2 
 6340  0 
 6341  0 
 6342  0 
 6343  0 
 6344  0 
 6345  0 
 6346  0 
 6347  0 
 6348  0 
 6349  0 
 6350  0 
 6351  0 
 6352  0 
 6353  0 
 6354  1 
 6355  0 
 6356  0 
 6357  0 
 6358  0 
 6359  0 
 6360  0 
 6361  0 
 6362  0 
 6363  0 
 6364  2 
 6365  0 
 6366  1 
 6367  0 
 6368  0 
 6369  0 
 6370  0 
 6371  0 
 6372  0 
 6373  1 
 6374  0 
 6375  0 
 6376  0 
 6377  0 
 6378  0 
 6379  0 
 6380  1 
 6381  2 
 6382  0 
 6383  0 
 6384  0 
 6385  0 
 6386  2 
 6387  0 
 6388  1 
 6389  0 
 6390  0 
 6391  0 
 6392  0 
 6393  1 
 6394  0 
 6395  0 
 6396  0 
 6397  0 
 6398  1 
 6399  0 
 6400  0 
 6401  1 
 6402  0 
 6403  1 
 6404  1 
 6405  0 
 6406  0 
 6407  0 
 6408  0 
 6409  1 
 6410  0 
 6411  0 
 6412  0 
 6413  0 
 6414  0 
 6415  0 
 6416  0 
 6417  0 
 6418  0 
 6419  0 
 6420  0 
 6421  0 
 6422  0 
 6423  0 
 6424  0 
 6425  0 
 6426  0 
 6427  0 
 6428  0 
 6429  0 
 6430  0 
 6431  1 
 6432  0 
 6433  0 
 6434  0 
 6435  0 
 6436  0 
 6437  0 
 6438  0 
 6439  0 
 6440  0 
 6441  0 
 6442  0 
 6443  0 
 6444  0 
 6445  0 
 6446  1 
 6447  1 
 6448  0 
 6449  0 
 6450  0 
 6451  1 
 6452  1 
 6453  0 
 6454  1 
 6455  0 
 6456  0 
 6457  0 
 6458  1 
 6459  1 
 6460  1 
 6461  0 
 6462  0 
 6463  0 
 6464  1 
 6465  0 
 6466  1 
 6467  0 
 6468  0 
 6469  0 
 6470  0 
 6471  0 
 6472  0 
 6473  0 
 6474  0 
 6475  1 
 6476  0 
 6477  1 
 6478  0 
 6479  0 
 6480  0 
 6481  0 
 6482  0 
 6483  0 
 6484  1 
 6485  0 
 6486  0 
 6487  0 
 6488  0 
 6489  1 
 6490  0 
 6491  2 
 6492  0 
 6493  1 
 6494  0 
 6495  1 
 6496  0 
 6497  1 
 6498  1 
 6499  0 
 6500  1 
 6501  0 
 6502  1 
 6503  0 
 6504  0 
 6505  0 
 6506  0 
 6507  0 
 6508  0 
 6509  1 
 6510  0 
 6511  0 
 6512  1 
 6513  0 
 6514  0 
 6515  0 
 6516  0 
 6517  0 
 6518  0 
 6519  0 
 6520  0 
 6521  0 
 6522  1 
 6523  1 
 6524  0 
 6525  1 
 6526  0 
 6527  0 
 6528  1 
 6529  1 
 6530  0 
 6531  0 
 6532  1 
 6533  1 
 6534  0 
 6535  2 
 6536  0 
 6537  1 
 6538  0 
 6539  2 
 6540  1 
 6541  1 
 6542  0 
 6543  1 
 6544  0 
 6545  0 
 6546  2 
 6547  1 
 6548  1 
 6549  1 
 6550  0 
 6551  1 
 6552  0 
 6553  0 
 6554  0 
 6555  0 
 6556  0 
 6557  0 
 6558  0 
 6559  0 
 6560  0 
 6561  0 
 6562  1 
 6563  0 
 6564  0 
 6565  0 
 6566  0 
 6567  0 
 6568  0 
 6569  0 
 6570  0 
 6571  0 
 6572  1 
 6573  0 
 6574  0 
 6575  0 
 6576  0 
 6577  0 
 6578  0 
 6579  0 
 6580  0 
 6581  0 
 6582  0 
 6583  1 
 6584  0 
 6585  0 
 6586  0 
 6587  0 
 6588  1 
 6589  1 
 6590  0 
 6591  0 
 6592  0 
 6593  0 
 6594  0 
 6595  0 
 6596  0 
 6597  1 
 6598  0 
 6599  0 
 6600  1 
 6601  0 
 6602  0 
 6603  0 
 6604  0 
 6605  1 
 6606  0 
 6607  0 
 6608  0 
 6609  0 
 6610  0 
 6611  0 
 6612  0 
 6613  0 
 6614  0 
 6615  0 
 6616  2 
 6617  0 
 6618  0 
 6619  0 
 6620  0 
 6621  0 
 6622  1 
 6623  0 
 6624  0 
 6625  0 
 6626  0 
 6627  0 
 6628  0 
 6629  0 
 6630  0 
 6631  0 
 6632  1 
 6633  0 
 6634  0 
 6635  0 
 6636  0 
 6637  0 
 6638  0 
 6639  0 
 6640  0 
 6641  1 
 6642  0 
 6643  0 
 6644  0 
 6645  0 
 6646  0 
 6647  0 
 6648  0 
 6649  0 
 6650  0 
 6651  0 
 6652  0 
 6653  0 
 6654  0 
 6655  0 
 6656  0 
 6657  0 
 6658  0 
 6659  0 
 6660  1 
 6661  0 
 6662  0 
 6663  0 
 6664  0 
 6665  1 
 6666  0 
 6667  0 
 6668  0 
 6669  0 
 6670  0 
 6671  0 
 6672  0 
 6673  0 
 6674  0 
 6675  0 
 6676  1 
 6677  1 
 6678  0 
 6679  0 
 6680  0 
 6681  2 
 6682  0 
 6683  0 
 6684  0 
 6685  0 
 6686  0 
 6687  0 
 6688  0 
 6689  1 
 6690  0 
 6691  0 
 6692  0 
 6693  0 
 6694  0 
 6695  0 
 6696  0 
 6697  0 
 6698  0 
 6699  0 
 6700  0 
 6701  0 
 6702  0 
 6703  0 
 6704  0 
 6705  1 
 6706  0 
 6707  0 
 6708  0 
 6709  0 
 6710  1 
 6711  1 
 6712  0 
 6713  0 
 6714  1 
 6715  0 
 6716  0 
 6717  1 
 6718  2 
 6719  1 
 6720  0 
 6721  0 
 6722  1 
 6723  0 
 6724  0 
 6725  1 
 6726  0 
 6727  0 
 6728  0 
 6729  0 
 6730  0 
 6731  0 
 6732  0 
 6733  1 
 6734  1 
 6735  2 
 6736  0 
 6737  0 
 6738  0 
 6739  0 
 6740  0 
 6741  0 
 6742  0 
 6743  0 
 6744  0 
 6745  0 
 6746  1 
 6747  0 
 6748  0 
 6749  0 
 6750  0 
 6751  1 
 6752  0 
 6753  0 
 6754  0 
 6755  0 
 6756  0 
 6757  0 
 6758  0 
 6759  0 
 6760  0 
 6761  0 
 6762  1 
 6763  0 
 6764  0 
 6765  0 
 6766  1 
 6767  1 
 6768  0 
 6769  0 
 6770  0 
 6771  1 
 6772  0 
 6773  0 
 6774  0 
 6775  0 
 6776  0 
 6777  0 
 6778  0 
 6779  0 
 6780  0 
 6781  0 
 6782  0 
 6783  0 
 6784  0 
 6785  1 
 6786  0 
 6787  0 
 6788  0 
 6789  0 
 6790  0 
 6791  0 
 6792  0 
 6793  0 
 6794  0 
 6795  0 
 6796  0 
 6797  0 
 6798  0 
 6799  0 
 6800  0 
 6801  0 
 6802  0 
 6803  0 
 6804  0 
 6805  0 
 6806  0 
 6807  0 
 6808  0 
 6809  0 
 6810  0 
 6811  0 
 6812  1 
 6813  0 
 6814  0 
 6815  0 
 6816  0 
 6817  0 
 6818  0 
 6819  0 
 6820  0 
 6821  0 
 6822  0 
 6823  0 
 6824  0 
 6825  0 
 6826  1 
 6827  0 
 6828  0 
 6829  0 
 6830  0 
 6831  0 
 6832  0 
 6833  0 
 6834  0 
 6835  0 
 6836  0 
 6837  0 
 6838  1 
 6839  0 
 6840  0 
 6841  0 
 6842  2 
 6843  0 
 6844  0 
 6845  0 
 6846  0 
 6847  0 
 6848  0 
 6849  0 
 6850  1 
 6851  0 
 6852  0 
 6853  0 
 6854  0 
 6855  0 
 6856  0 
 6857  0 
 6858  0 
 6859  0 
 6860  0 
 6861  0 
 6862  0 
 6863  0 
 6864  0 
 6865  0 
 6866  1 
 6867  0 
 6868  0 
 6869  0 
 6870  0 
 6871  0 
 6872  0 
 6873  0 
 6874  0 
 6875  0 
 6876  0 
 6877  0 
 6878  0 
 6879  0 
 6880  0 
 6881  0 
 6882  1 
 6883  1 
 6884  0 
 6885  0 
 6886  0 
 6887  0 
 6888  0 
 6889  0 
 6890  0 
 6891  0 
 6892  0 
 6893  0 
 6894  0 
 6895  0 
 6896  0 
 6897  0 
 6898  0 
 6899  0 
 6900  0 
 6901  0 
 6902  0 
 6903  0 
 6904  0 
 6905  1 
 6906  0 
 6907  0 
 6908  0 
 6909  0 
 6910  0 
 6911  1 
 6912  0 
 6913  2 
 6914  0 
 6915  0 
 6916  0 
 6917  0 
 6918  1 
 6919  0 
 6920  0 
 6921  1 
 6922  0 
 6923  0 
 6924  0 
 6925  0 
 6926  0 
 6927  0 
 6928  0 
 6929  1 
 6930  0 
 6931  2 
 6932  0 
 6933  1 
 6934  0 
 6935  0 
 6936  1 
 6937  0 
 6938  0 
 6939  0 
 6940  0 
 6941  0 
 6942  0 
 6943  2 
 6944  0 
 6945  1 
 6946  0 
 6947  0 
 6948  0 
 6949  0 
 6950  0 
 6951  0 
 6952  0 
 6953  0 
 6954  0 
 6955  0 
 6956  1 
 6957  2 
 6958  0 
 6959  0 
 6960  0 
 6961  0 
 6962  0 
 6963  1 
 6964  0 
 6965  0 
 6966  0 
 6967  0 
 6968  0 
 6969  2 
 6970  0 
 6971  0 
 6972  0 
 6973  0 
 6974  0 
 6975  0 
 6976  0 
 6977  1 
 6978  1 
 6979  0 
 6980  1 
 6981  0 
 6982  0 
 6983  0 
 6984  0 
 6985  0 
 6986  0 
 6987  1 
 6988  1 
 6989  2 
 6990  0 
 6991  0 
 6992  0 
 6993  0 
 6994  0 
 6995  2 
 6996  1 
 6997  1 
 6998  2 
 6999  1 
 7000  0 
 7001  0 
 7002  1 
 7003  0 
 7004  2 
 7005  0 
 7006  0 
 7007  0 
 7008  0 
 7009  1 
 7010  2 
 7011  2 
 7012  1 
 7013  0 
 7014  0 
 7015  0 
 7016  0 
 7017  0 
 7018  2 
 7019  0 
 7020  0 
 7021  1 
 7022  0 
 7023  0 
 7024  2 
 7025  1 
 7026  1 
 7027  2 
 7028  0 
 7029  0 
 7030  0 
 7031  0 
 7032  1 
 7033  2 
 7034  1 
 7035  1 
 7036  0 
 7037  0 
 7038  0 
 7039  1 
 7040  0 
 7041  0 
 7042  0 
 7043  0 
 7044  1 
 7045  1 
 7046  0 
 7047  2 
 7048  0 
 7049  1 
 7050  1 
 7051  0 
 7052  1 
 7053  1 
 7054  1 
 7055  0 
 7056  0 
 7057  0 
 7058  2 
 7059  0 
 7060  1 
 7061  0 
 7062  0 
 7063  1 
 7064  2 
 7065  0 
 7066  0 
 7067  1 
 7068  0 
 7069  0 
 7070  0 
 7071  0 
 7072  1 
 7073  0 
 7074  1 
 7075  1 
 7076  1 
 7077  1 
 7078  0 
 7079  0 
 7080  0 
 7081  0 
 7082  0 
 7083  0 
 7084  0 
 7085  1 
 7086  1 
 7087  2 
 7088  0 
 7089  1 
 7090  0 
 7091  0 
 7092  0 
 7093  1 
 7094  0 
 7095  0 
 7096  0 
 7097  0 
 7098  2 
 7099  0 
 7100  0 
 7101  0 
 7102  0 
 7103  0 
 7104  1 
 7105  0 
 7106  0 
 7107  0 
 7108  0 
 7109  0 
 7110  0 
 7111  0 
 7112  0 
 7113  0 
 7114  1 
 7115  0 
 7116  0 
 7117  0 
 7118  2 
 7119  0 
 7120  1 
 7121  0 
 7122  0 
 7123  0 
 7124  0 
 7125  0 
 7126  0 
 7127  0 
 7128  1 
 7129  0 
 7130  0 
 7131  0 
 7132  0 
 7133  0 
 7134  0 
 7135  0 
 7136  0 
 7137  0 
 7138  1 
 7139  0 
 7140  0 
 7141  0 
 7142  0 
 7143  0 
 7144  0 
 7145  0 
 7146  0 
 7147  0 
 7148  0 
 7149  0 
 7150  0 
 7151  0 
 7152  0 
 7153  0 
 7154  0 
 7155  0 
 7156  0 
 7157  0 
 7158  0 
 7159  0 
 7160  0 
 7161  0 
 7162  0 
 7163  0 
 7164  0 
 7165  0 
 7166  0 
 7167  0 
 7168  0 
 7169  0 
 7170  0 
 7171  0 
 7172  0 
 7173  0 
 7174  0 
 7175  0 
 7176  0 
 7177  0 
 7178  0 
 7179  0 
 7180  0 
 7181  0 
 7182  0 
 7183  0 
 7184  0 
 7185  0 
 7186  0 
 7187  0 
 7188  0 
 7189  0 
 7190  0 
 7191  0 
 7192  0 
 7193  0 
 7194  0 
 7195  0 
 7196  0 
 7197  0 
 7198  0 
 7199  0 
 7200  0 
 7201  0 
 7202  0 
 7203  0 
 7204  0 
 7205  0 
 7206  0 
 7207  0 
 7208  0 
 7209  0 
 7210  0 
 7211  0 
 7212  0 
 7213  0 
 7214  0 
 7215  0 
 7216  0 
 7217  0 
 7218  0 
 7219  0 
 7220  0 
 7221  0 
 7222  0 
 7223  0 
 7224  0 
 7225  0 
 7226  0 
 7227  0 
 7228  0 
 7229  0 
 7230  0 
 7231  0 
 7232  0 
 7233  0 
 7234  0 
 7235  0 
 7236  0 
 7237  0 
 7238  0 
 7239  0 
 7240  0 
 7241  0 
 7242  0 
 7243  0 
 7244  0 
 7245  0 
 7246  0 
 7247  0 
 7248  0 
 7249  0 
 7250  0 
 7251  0 
 7252  0 
 7253  0 
 7254  0 
 7255  0 
 7256  0 
 7257  0 
 7258  0 
 7259  0 
 7260  0 
 7261  0 
 7262  0 
 7263  0 
 7264  0 
 7265  0 
 7266  0 
 7267  0 
 7268  0 
 7269  0 
 7270  0 
 7271  0 
 7272  0 
 7273  0 
 7274  0 
 7275  0 
 7276  0 
 7277  0 
 7278  0 
 7279  0 
 7280  0 
 7281  0 
 7282  0 
 7283  0 
 7284  0 
 7285  0 
 7286  0 
 7287  0 
 7288  0 
 7289  0 
 7290  0 
 7291  0 
 7292  0 
 7293  0 
 7294  0 
 7295  0 
 7296  0 
 7297  0 
 7298  0 
 7299  0 
 7300  0 
 7301  0 
 7302  0 
 7303  0 
 7304  0 
 7305  0 
 7306  0 
 7307  0 
 7308  0 
 7309  0 
 7310  0 
 7311  0 
 7312  0 
 7313  0 
 7314  0 
 7315  0 
 7316  0 
 7317  0 
 7318  0 
 7319  0 
 7320  0 
 7321  0 
 7322  0 
 7323  0 
 7324  0 
 7325  0 
 7326  0 
 7327  0 
 7328  0 
 7329  0 
 7330  0 
 7331  0 
 7332  0 
 7333  0 
 7334  0 
 7335  0 
 7336  0 
 7337  0 
 7338  0 
 7339  0 
 7340  0 
 7341  0 
 7342  0 
 7343  0 
 7344  0 
 7345  0 
 7346  0 
 7347  0 
 7348  0 
 7349  0 
 7350  0 
 7351  0 
 7352  0 
 7353  0 
 7354  0 
 7355  0 
 7356  0 
 7357  0 
 7358  0 
 7359  0 
 7360  0 
 7361  0 
 7362  0 
 7363  0 
 7364  0 
 7365  0 
 7366  0 
 7367  0 
 7368  0 
 7369  0 
 7370  0 
 7371  0 
 7372  0 
 7373  0 
 7374  0 
 7375  0 
 7376  0 
 7377  0 
 7378  0 
 7379  0 
 7380  0 
 7381  0 
 7382  0 
 7383  0 
 7384  0 
 7385  0 
 7386  0 
 7387  0 
 7388  0 
 7389  0 
 7390  0 
 7391  0 
 7392  0 
 7393  0 
 7394  0 
 7395  0 
 7396  0 
 7397  0 
 7398  0 
 7399  0 
 7400  0 
 7401  0 
 7402  0 
 7403  0 
 7404  0 
 7405  0 
 7406  0 
 7407  0 
 7408  0 
 7409  0 
 7410  0 
 7411  0 
 7412  0 
 7413  0 
 7414  0 
 7415  0 
 7416  0 
 7417  0 
 7418  0 
 7419  0 
 7420  0 
 7421  0 
 7422  0 
 7423  0 
 7424  0 
 7425  0 
 7426  0 
 7427  0 
 7428  0 
 7429  0 
 7430  0 
 7431  0 
 7432  0 
 7433  0 
 7434  0 
 7435  0 
 7436  0 
 7437  0 
 7438  0 
 7439  0 
 7440  0 
 7441  0 
 7442  0 
 7443  0 
 7444  0 
 7445  0 
 7446  0 
 7447  0 
 7448  0 
 7449  0 
 7450  0 
 7451  0 
 7452  0 
 7453  0 
 7454  0 
 7455  0 
 7456  0 
 7457  0 
 7458  0 
 7459  0 
 7460  0 
 7461  0 
 7462  0 
 7463  0 
 7464  0 
 7465  0 
 7466  0 
 7467  0 
 7468  0 
 7469  0 
 7470  0 
 7471  0 
 7472  0 
 7473  0 
 7474  0 
 7475  0 
 7476  0 
 7477  0 
 7478  0 
 7479  0 
 7480  0 
 7481  0 
 7482  0 
 7483  0 
 7484  0 
 7485  0 
 7486  0 
 7487  0 
 7488  0 
 7489  0 
 7490  0 
 7491  0 
 7492  0 
 7493  0 
 7494  0 
 7495  0 
 7496  0 
 7497  0 
 7498  0 
 7499  0 
 7500  0 
 7501  0 
 7502  0 
 7503  0 
 7504  0 
 7505  0 
 7506  0 
 7507  0 
 7508  0 
 7509  0 
 7510  0 
 7511  0 
 7512  0 
 7513  0 
 7514  0 
 7515  0 
 7516  0 
 7517  0 
 7518  0 
 7519  0 
 7520  0 
 7521  0 
 7522  0 
 7523  0 
 7524  0 
 7525  0 
 7526  0 
 7527  0 
 7528  0 
 7529  0 
 7530  0 
 7531  0 
 7532  0 
 7533  0 
 7534  0 
 7535  0 
 7536  0 
 7537  0 
 7538  0 
 7539  0 
 7540  0 
 7541  0 
 7542  0 
 7543  0 
 7544  0 
 7545  0 
 7546  0 
 7547  0 
 7548  0 
 7549  0 
 7550  0 
 7551  0 
 7552  0 
 7553  0 
 7554  0 
 7555  0 
 7556  0 
 7557  0 
 7558  0 
 7559  0 
 7560  0 
 7561  0 
 7562  0 
 7563  0 
 7564  0 
 7565  0 
 7566  0 
 7567  0 
 7568  0 
 7569  0 
 7570  0 
 7571  0 
 7572  0 
 7573  0 
 7574  0 
 7575  0 
 7576  0 
 7577  0 
 7578  0 
 7579  0 
 7580  0 
 7581  0 
 7582  0 
 7583  0 
 7584  0 
 7585  0 
 7586  0 
 7587  0 
 7588  0 
 7589  0 
 7590  0 
 7591  0 
 7592  0 
 7593  0 
 7594  0 
 7595  0 
 7596  0 
 7597  0 
 7598  0 
 7599  0 
 7600  0 
 7601  0 
 7602  0 
 7603  0 
 7604  0 
 7605  0 
 7606  0 
 7607  0 
 7608  0 
 7609  0 
 7610  0 
 7611  0 
 7612  0 
 7613  0 
 7614  0 
 7615  0 
 7616  0 
 7617  0 
 7618  0 
 7619  0 
 7620  0 
 7621  0 
 7622  0 
 7623  0 
 7624  0 
 7625  0 
 7626  0 
 7627  0 
 7628  0 
 7629  0 
 7630  0 
 7631  0 
 7632  0 
 7633  0 
 7634  0 
 7635  0 
 7636  0 
 7637  0 
 7638  0 
 7639  0 
 7640  0 
 7641  0 
 7642  0 
 7643  0 
 7644  0 
 7645  0 
 7646  0 
 7647  0 
 7648  0 
 7649  0 
 7650  0 
 7651  0 
 7652  0 
 7653  0 
 7654  0 
 7655  0 
 7656  0 
 7657  0 
 7658  0 
 7659  0 
 7660  0 
 7661  0 
 7662  0 
 7663  0 
 7664  0 
 7665  0 
 7666  0 
 7667  0 
 7668  0 
 7669  0 
 7670  0 
 7671  0 
 7672  0 
 7673  0 
 7674  0 
 7675  0 
 7676  0 
 7677  0 
 7678  0 
 7679  0 
 7680  0 
 7681  0 
 7682  0 
 7683  0 
 7684  0 
 7685  0 
 7686  0 
 7687  0 
 7688  0 
 7689  0 
 7690  0 
 7691  0 
 7692  0 
 7693  0 
 7694  0 
 7695  0 
 7696  0 
 7697  0 
 7698  0 
 7699  0 
 7700  0 
 7701  0 
 7702  0 
 7703  0 
 7704  0 
 7705  0 
 7706  0 
 7707  0 
 7708  0 
 7709  0 
 7710  0 
 7711  0 
 7712  0 
 7713  0 
 7714  0 
 7715  0 
 7716  0 
 7717  0 
 7718  0 
 7719  0 
 7720  0 
 7721  0 
 7722  0 
 7723  0 
 7724  0 
 7725  0 
 7726  0 
 7727  0 
 7728  0 
 7729  0 
 7730  0 
 7731  0 
 7732  0 
 7733  0 
 7734  0 
 7735  0 
 7736  0 
 7737  0 
 7738  0 
 7739  0 
 7740  0 
 7741  0 
 7742  0 
 7743  0 
 7744  0 
 7745  0 
 7746  0 
 7747  0 
 7748  0 
 7749  0 
 7750  0 
 7751  0 
 7752  0 
 7753  0 
 7754  0 
 7755  0 
 7756  0 
 7757  0 
 7758  0 
 7759  0 
 7760  0 
 7761  0 
 7762  0 
 7763  0 
 7764  0 
 7765  0 
 7766  0 
 7767  0 
 7768  0 
 7769  0 
 7770  0 
 7771  0 
 7772  0 
 7773  0 
 7774  0 
 7775  0 
 7776  0 
 7777  0 
 7778  0 
 7779  0 
 7780  0 
 7781  0 
 7782  0 
 7783  0 
 7784  0 
 7785  0 
 7786  0 
 7787  0 
 7788  0 
 7789  0 
 7790  0 
 7791  0 
 7792  0 
 7793  0 
 7794  0 
 7795  0 
 7796  0 
 7797  0 
 7798  0 
 7799  0 
 7800  0 
 7801  0 
 7802  0 
 7803  0 
 7804  0 
 7805  0 
 7806  0 
 7807  0 
 7808  0 
 7809  0 
 7810  0 
 7811  0 
 7812  0 
 7813  0 
 7814  0 
 7815  0 
 7816  0 
 7817  0 
 7818  0 
 7819  0 
 7820  0 
 7821  0 
 7822  0 
 7823  0 
 7824  0 
 7825  0 
 7826  0 
 7827  0 
 7828  0 
 7829  0 
 7830  0 
 7831  0 
 7832  0 
 7833  0 
 7834  0 
 7835  0 
 7836  0 
 7837  0 
 7838  0 
 7839  0 
 7840  0 
 7841  0 
 7842  0 
 7843  0 
 7844  0 
 7845  0 
 7846  0 
 7847  0 
 7848  0 
 7849  0 
 7850  0 
 7851  0 
 7852  0 
 7853  0 
 7854  0 
 7855  0 
 7856  0 
 7857  0 
 7858  0 
 7859  0 
 7860  0 
 7861  0 
 7862  0 
 7863  0 
 7864  0 
 7865  0 
 7866  0 
 7867  0 
 7868  0 
 7869  0 
 7870  0 
 7871  0 
 7872  0 
 7873  0 
 7874  0 
 7875  0 
 7876  0 
 7877  0 
 7878  0 
 7879  0 
 7880  0 
 7881  0 
 7882  0 
 7883  0 
 7884  0 
 7885  0 
 7886  0 
 7887  0 
 7888  0 
 7889  0 
 7890  0 
 7891  0 
 7892  0 
 7893  0 
 7894  0 
 7895  0 
 7896  0 
 7897  0 
 7898  0 
 7899  0 
 7900  0 
 7901  0 
 7902  0 
 7903  0 
 7904  0 
 7905  0 
 7906  0 
 7907  0 
 7908  0 
 7909  0 
 7910  0 
 7911  0 
 7912  0 
 7913  0 
 7914  0 
 7915  0 
 7916  0 
 7917  0 
 7918  0 
 7919  0 
 7920  0 
 7921  0 
 7922  0 
 7923  0 
 7924  0 
 7925  0 
 7926  0 
 7927  0 
 7928  0 
 7929  0 
 7930  0 
 7931  0 
 7932  0 
 7933  0 
 7934  0 
 7935  0 
 7936  0 
 7937  0 
 7938  0 
 7939  0 
 7940  0 
 7941  0 
 7942  0 
 7943  0 
 7944  0 
 7945  0 
 7946  0 
 7947  0 
 7948  0 
 7949  0 
 7950  0 
 7951  0 
 7952  0 
 7953  0 
 7954  0 
 7955  0 
 7956  0 
 7957  0 
 7958  0 
 7959  0 
 7960  0 
 7961  0 
 7962  0 
 7963  0 
 7964  0 
 7965  0 
 7966  0 
 7967  0 
 7968  0 
 7969  0 
 7970  0 
 7971  0 
 7972  0 
 7973  0 
 7974  0 
 7975  0 
 7976  0 
 7977  0 
 7978  0 
 7979  0 
 7980  0 
 7981  0 
 7982  0 
 7983  0 
 7984  0 
 7985  0 
 7986  0 
 7987  0 
 7988  0 
 7989  0 
 7990  0 
 7991  0 
 7992  0 
 7993  0 
 7994  0 
 7995  0 
 7996  0 
 7997  0 
 7998  0 
 7999  0 
 8000  0 
 8001  0 
 8002  0 
 8003  0 
 8004  0 
 8005  0 
 8006  0 
 8007  0 
 8008  0 
 8009  0 
 8010  0 
 8011  0 
 8012  0 
 8013  0 
 8014  0 
 8015  0 
 8016  0 
 8017  0 
 8018  0 
 8019  0 
 8020  0 
 8021  0 
 8022  0 
 8023  0 
 8024  0 
 8025  0 
 8026  0 
 8027  0 
 8028  0 
 8029  0 
 8030  0 
 8031  0 
 8032  0 
 8033  0 
 8034  0 
 8035  0 
 8036  0 
 8037  0 
 8038  0 
 8039  0 
 8040  0 
 8041  0 
 8042  0 
 8043  0 
 8044  0 
 8045  0 
 8046  0 
 8047  0 
 8048  0 
 8049  0 
 8050  0 
 8051  0 
 8052  0 
 8053  0 
 8054  0 
 8055  0 
 8056  0 
 8057  0 
 8058  0 
 8059  0 
 8060  0 
 8061  0 
 8062  0 
 8063  0 
 8064  0 
 8065  0 
 8066  0 
 8067  0 
 8068  0 
 8069  0 
 8070  0 
 8071  0 
 8072  0 
 8073  0 
 8074  0 
 8075  0 
 8076  0 
 8077  0 
 8078  0 
 8079  0 
 8080  0 
 8081  0 
 8082  0 
 8083  0 
 8084  0 
 8085  0 
 8086  0 
 8087  0 
 8088  0 
 8089  0 
 8090  0 
 8091  0 
 8092  0 
 8093  0 
 8094  0 
 8095  0 
 8096  0 
 8097  0 
 8098  0 
 8099  0 
 8100  0 
 8101  0 
 8102  0 
 8103  0 
 8104  0 
 8105  0 
 8106  0 
 8107  0 
 8108  0 
 8109  0 
 8110  0 
 8111  0 
 8112  0 
 8113  0 
 8114  0 
 8115  0 
 8116  0 
 8117  0 
 8118  0 
 8119  0 
 8120  0 
 8121  0 
 8122  0 
 8123  0 
 8124  0 
 8125  0 
 8126  0 
 8127  0 
 8128  0 
 8129  0 
 8130  0 
 8131  0 
 8132  0 
 8133  0 
 8134  0 
 8135  0 
 8136  0 
 8137  0 
 8138  0 
 8139  0 
 8140  0 
 8141  0 
 8142  0 
 8143  0 
 8144  0 
 8145  0 
 8146  0 
 8147  0 
 8148  0 
 8149  0 
 8150  0 
 8151  0 
 8152  0 
 8153  0 
 8154  0 
 8155  0 
 8156  0 
 8157  0 
 8158  0 
 8159  0 
 8160  0 
 8161  0 
 8162  0 
 8163  0 
 8164  0 
 8165  0 
 8166  0 
 8167  0 
 8168  0 
 8169  0 
 8170  0 
 8171  0 
 8172  0 
 8173  0 
 8174  0 
 8175  0 
 8176  0 
 8177  0 
 8178  0 
 8179  0 
 8180  0 
 8181  0 
 8182  0 
 8183  0 
 8184  0 
 8185  0 
 8186  0 
 8187  0 
 8188  0 
 8189  0 
 8190  0 
 8191  0 
