 0  1077 
 1  1085 
 2  0 
 3  0 
 4  0 
 5  0 
 6  0 
 7  0 
 8  0 
 9  0 
 10  0 
 11  0 
 12  0 
 13  0 
 14  0 
 15  0 
 16  0 
 17  0 
 18  0 
 19  0 
 20  0 
 21  0 
 22  0 
 23  0 
 24  0 
 25  0 
 26  0 
 27  0 
 28  0 
 29  0 
 30  0 
 31  0 
 32  0 
 33  0 
 34  0 
 35  0 
 36  0 
 37  0 
 38  0 
 39  0 
 40  0 
 41  0 
 42  0 
 43  0 
 44  0 
 45  0 
 46  0 
 47  0 
 48  0 
 49  0 
 50  0 
 51  0 
 52  0 
 53  0 
 54  0 
 55  0 
 56  0 
 57  0 
 58  0 
 59  0 
 60  0 
 61  0 
 62  0 
 63  0 
 64  0 
 65  0 
 66  0 
 67  0 
 68  0 
 69  0 
 70  0 
 71  0 
 72  0 
 73  0 
 74  0 
 75  0 
 76  0 
 77  0 
 78  0 
 79  0 
 80  0 
 81  0 
 82  0 
 83  0 
 84  0 
 85  0 
 86  0 
 87  0 
 88  0 
 89  0 
 90  0 
 91  0 
 92  0 
 93  0 
 94  0 
 95  0 
 96  0 
 97  0 
 98  0 
 99  0 
 100  0 
 101  0 
 102  0 
 103  0 
 104  0 
 105  0 
 106  0 
 107  0 
 108  0 
 109  0 
 110  0 
 111  0 
 112  0 
 113  0 
 114  0 
 115  0 
 116  0 
 117  0 
 118  0 
 119  0 
 120  0 
 121  0 
 122  0 
 123  0 
 124  0 
 125  0 
 126  0 
 127  0 
 128  0 
 129  0 
 130  0 
 131  0 
 132  0 
 133  0 
 134  0 
 135  0 
 136  0 
 137  0 
 138  0 
 139  0 
 140  0 
 141  0 
 142  0 
 143  0 
 144  0 
 145  0 
 146  0 
 147  0 
 148  0 
 149  0 
 150  0 
 151  0 
 152  0 
 153  0 
 154  0 
 155  0 
 156  0 
 157  0 
 158  0 
 159  0 
 160  0 
 161  0 
 162  0 
 163  0 
 164  0 
 165  0 
 166  0 
 167  0 
 168  0 
 169  0 
 170  0 
 171  0 
 172  0 
 173  0 
 174  0 
 175  0 
 176  0 
 177  0 
 178  0 
 179  0 
 180  0 
 181  0 
 182  0 
 183  0 
 184  0 
 185  0 
 186  0 
 187  0 
 188  0 
 189  0 
 190  0 
 191  0 
 192  0 
 193  0 
 194  0 
 195  0 
 196  0 
 197  0 
 198  0 
 199  0 
 200  0 
 201  0 
 202  0 
 203  0 
 204  0 
 205  0 
 206  0 
 207  0 
 208  0 
 209  0 
 210  0 
 211  0 
 212  0 
 213  0 
 214  0 
 215  0 
 216  0 
 217  0 
 218  0 
 219  0 
 220  0 
 221  0 
 222  0 
 223  0 
 224  0 
 225  0 
 226  0 
 227  0 
 228  0 
 229  0 
 230  0 
 231  0 
 232  0 
 233  0 
 234  0 
 235  0 
 236  0 
 237  0 
 238  0 
 239  0 
 240  0 
 241  0 
 242  0 
 243  0 
 244  0 
 245  0 
 246  0 
 247  0 
 248  0 
 249  0 
 250  0 
 251  1 
 252  114 
 253  226 
 254  202 
 255  209 
 256  183 
 257  219 
 258  194 
 259  181 
 260  183 
 261  191 
 262  180 
 263  169 
 264  215 
 265  150 
 266  150 
 267  178 
 268  163 
 269  158 
 270  134 
 271  160 
 272  156 
 273  154 
 274  134 
 275  140 
 276  159 
 277  126 
 278  152 
 279  126 
 280  122 
 281  133 
 282  111 
 283  136 
 284  118 
 285  126 
 286  95 
 287  119 
 288  112 
 289  111 
 290  108 
 291  108 
 292  109 
 293  104 
 294  137 
 295  107 
 296  102 
 297  110 
 298  115 
 299  97 
 300  84 
 301  111 
 302  93 
 303  99 
 304  77 
 305  81 
 306  98 
 307  74 
 308  95 
 309  91 
 310  87 
 311  75 
 312  84 
 313  82 
 314  89 
 315  82 
 316  63 
 317  82 
 318  81 
 319  83 
 320  72 
 321  82 
 322  56 
 323  72 
 324  69 
 325  63 
 326  60 
 327  65 
 328  65 
 329  56 
 330  56 
 331  47 
 332  51 
 333  67 
 334  52 
 335  61 
 336  60 
 337  46 
 338  51 
 339  52 
 340  54 
 341  48 
 342  48 
 343  44 
 344  55 
 345  48 
 346  49 
 347  38 
 348  44 
 349  45 
 350  39 
 351  29 
 352  47 
 353  33 
 354  42 
 355  33 
 356  40 
 357  53 
 358  34 
 359  41 
 360  35 
 361  36 
 362  28 
 363  43 
 364  25 
 365  35 
 366  36 
 367  37 
 368  39 
 369  29 
 370  42 
 371  33 
 372  32 
 373  41 
 374  27 
 375  28 
 376  37 
 377  25 
 378  36 
 379  29 
 380  31 
 381  39 
 382  37 
 383  28 
 384  36 
 385  34 
 386  29 
 387  37 
 388  36 
 389  29 
 390  22 
 391  31 
 392  23 
 393  38 
 394  37 
 395  29 
 396  27 
 397  27 
 398  25 
 399  38 
 400  33 
 401  25 
 402  27 
 403  25 
 404  30 
 405  22 
 406  33 
 407  33 
 408  30 
 409  30 
 410  24 
 411  29 
 412  35 
 413  22 
 414  27 
 415  27 
 416  21 
 417  32 
 418  22 
 419  22 
 420  17 
 421  28 
 422  33 
 423  22 
 424  22 
 425  23 
 426  19 
 427  22 
 428  28 
 429  24 
 430  27 
 431  19 
 432  28 
 433  16 
 434  21 
 435  25 
 436  24 
 437  23 
 438  24 
 439  26 
 440  21 
 441  25 
 442  29 
 443  26 
 444  24 
 445  23 
 446  19 
 447  20 
 448  19 
 449  18 
 450  21 
 451  22 
 452  25 
 453  19 
 454  19 
 455  18 
 456  24 
 457  22 
 458  24 
 459  19 
 460  24 
 461  17 
 462  20 
 463  27 
 464  28 
 465  22 
 466  30 
 467  21 
 468  18 
 469  16 
 470  27 
 471  20 
 472  20 
 473  25 
 474  25 
 475  25 
 476  25 
 477  26 
 478  19 
 479  33 
 480  16 
 481  19 
 482  20 
 483  15 
 484  29 
 485  18 
 486  35 
 487  17 
 488  23 
 489  19 
 490  21 
 491  23 
 492  15 
 493  32 
 494  21 
 495  17 
 496  25 
 497  22 
 498  32 
 499  22 
 500  20 
 501  20 
 502  21 
 503  21 
 504  18 
 505  31 
 506  20 
 507  26 
 508  29 
 509  25 
 510  27 
 511  20 
 512  19 
 513  22 
 514  26 
 515  28 
 516  19 
 517  19 
 518  19 
 519  16 
 520  38 
 521  29 
 522  26 
 523  39 
 524  21 
 525  23 
 526  20 
 527  35 
 528  31 
 529  23 
 530  24 
 531  24 
 532  36 
 533  18 
 534  22 
 535  32 
 536  26 
 537  22 
 538  21 
 539  25 
 540  23 
 541  29 
 542  16 
 543  21 
 544  35 
 545  30 
 546  25 
 547  32 
 548  28 
 549  28 
 550  27 
 551  28 
 552  28 
 553  46 
 554  26 
 555  29 
 556  20 
 557  20 
 558  25 
 559  23 
 560  26 
 561  37 
 562  34 
 563  28 
 564  32 
 565  25 
 566  27 
 567  29 
 568  32 
 569  26 
 570  28 
 571  22 
 572  34 
 573  26 
 574  39 
 575  24 
 576  33 
 577  35 
 578  31 
 579  25 
 580  32 
 581  26 
 582  32 
 583  34 
 584  30 
 585  43 
 586  40 
 587  35 
 588  34 
 589  27 
 590  27 
 591  30 
 592  39 
 593  33 
 594  46 
 595  43 
 596  39 
 597  41 
 598  43 
 599  42 
 600  51 
 601  38 
 602  40 
 603  45 
 604  38 
 605  46 
 606  56 
 607  46 
 608  55 
 609  61 
 610  51 
 611  54 
 612  54 
 613  59 
 614  56 
 615  48 
 616  74 
 617  50 
 618  72 
 619  60 
 620  67 
 621  62 
 622  63 
 623  78 
 624  77 
 625  94 
 626  83 
 627  85 
 628  86 
 629  99 
 630  83 
 631  91 
 632  91 
 633  96 
 634  100 
 635  102 
 636  113 
 637  113 
 638  97 
 639  122 
 640  126 
 641  116 
 642  112 
 643  113 
 644  113 
 645  123 
 646  131 
 647  132 
 648  134 
 649  131 
 650  134 
 651  150 
 652  153 
 653  169 
 654  140 
 655  175 
 656  155 
 657  178 
 658  171 
 659  179 
 660  191 
 661  199 
 662  185 
 663  203 
 664  193 
 665  200 
 666  183 
 667  209 
 668  228 
 669  216 
 670  224 
 671  204 
 672  219 
 673  217 
 674  212 
 675  213 
 676  251 
 677  259 
 678  244 
 679  245 
 680  241 
 681  243 
 682  253 
 683  233 
 684  224 
 685  260 
 686  246 
 687  231 
 688  257 
 689  254 
 690  265 
 691  267 
 692  254 
 693  252 
 694  294 
 695  242 
 696  243 
 697  252 
 698  268 
 699  250 
 700  255 
 701  229 
 702  234 
 703  228 
 704  236 
 705  262 
 706  225 
 707  269 
 708  235 
 709  241 
 710  212 
 711  235 
 712  208 
 713  223 
 714  217 
 715  191 
 716  203 
 717  213 
 718  229 
 719  190 
 720  195 
 721  171 
 722  184 
 723  188 
 724  173 
 725  182 
 726  185 
 727  171 
 728  156 
 729  160 
 730  160 
 731  152 
 732  141 
 733  130 
 734  139 
 735  140 
 736  130 
 737  145 
 738  127 
 739  133 
 740  115 
 741  125 
 742  117 
 743  99 
 744  93 
 745  108 
 746  91 
 747  103 
 748  84 
 749  78 
 750  61 
 751  69 
 752  70 
 753  83 
 754  89 
 755  68 
 756  63 
 757  68 
 758  58 
 759  57 
 760  52 
 761  50 
 762  58 
 763  56 
 764  58 
 765  42 
 766  32 
 767  46 
 768  40 
 769  34 
 770  46 
 771  34 
 772  23 
 773  38 
 774  43 
 775  28 
 776  35 
 777  32 
 778  23 
 779  27 
 780  22 
 781  26 
 782  26 
 783  22 
 784  23 
 785  26 
 786  14 
 787  21 
 788  26 
 789  30 
 790  16 
 791  26 
 792  21 
 793  17 
 794  22 
 795  16 
 796  17 
 797  14 
 798  14 
 799  14 
 800  11 
 801  15 
 802  18 
 803  11 
 804  14 
 805  13 
 806  17 
 807  16 
 808  20 
 809  17 
 810  13 
 811  17 
 812  17 
 813  17 
 814  17 
 815  13 
 816  20 
 817  10 
 818  20 
 819  15 
 820  10 
 821  15 
 822  21 
 823  25 
 824  19 
 825  12 
 826  13 
 827  13 
 828  18 
 829  9 
 830  14 
 831  18 
 832  17 
 833  23 
 834  7 
 835  13 
 836  11 
 837  16 
 838  12 
 839  15 
 840  17 
 841  12 
 842  19 
 843  17 
 844  14 
 845  12 
 846  10 
 847  10 
 848  14 
 849  10 
 850  16 
 851  12 
 852  13 
 853  13 
 854  12 
 855  16 
 856  18 
 857  12 
 858  18 
 859  14 
 860  13 
 861  15 
 862  9 
 863  14 
 864  14 
 865  12 
 866  11 
 867  14 
 868  18 
 869  13 
 870  11 
 871  9 
 872  12 
 873  13 
 874  12 
 875  15 
 876  17 
 877  21 
 878  16 
 879  12 
 880  12 
 881  15 
 882  9 
 883  22 
 884  14 
 885  15 
 886  10 
 887  9 
 888  12 
 889  13 
 890  13 
 891  13 
 892  16 
 893  18 
 894  21 
 895  4 
 896  13 
 897  20 
 898  10 
 899  18 
 900  9 
 901  13 
 902  14 
 903  9 
 904  11 
 905  14 
 906  6 
 907  16 
 908  9 
 909  13 
 910  14 
 911  11 
 912  9 
 913  14 
 914  12 
 915  13 
 916  8 
 917  11 
 918  23 
 919  11 
 920  14 
 921  16 
 922  11 
 923  10 
 924  12 
 925  12 
 926  12 
 927  18 
 928  8 
 929  14 
 930  14 
 931  15 
 932  9 
 933  15 
 934  14 
 935  3 
 936  13 
 937  13 
 938  13 
 939  18 
 940  14 
 941  11 
 942  12 
 943  14 
 944  7 
 945  11 
 946  10 
 947  10 
 948  14 
 949  8 
 950  12 
 951  14 
 952  15 
 953  11 
 954  11 
 955  11 
 956  11 
 957  12 
 958  7 
 959  8 
 960  17 
 961  12 
 962  9 
 963  18 
 964  11 
 965  14 
 966  13 
 967  9 
 968  10 
 969  8 
 970  8 
 971  6 
 972  12 
 973  9 
 974  16 
 975  13 
 976  16 
 977  9 
 978  12 
 979  12 
 980  11 
 981  14 
 982  14 
 983  18 
 984  18 
 985  14 
 986  14 
 987  9 
 988  11 
 989  14 
 990  6 
 991  12 
 992  17 
 993  18 
 994  6 
 995  9 
 996  14 
 997  11 
 998  12 
 999  12 
 1000  11 
 1001  10 
 1002  10 
 1003  14 
 1004  13 
 1005  8 
 1006  8 
 1007  16 
 1008  6 
 1009  15 
 1010  16 
 1011  13 
 1012  8 
 1013  9 
 1014  18 
 1015  12 
 1016  8 
 1017  13 
 1018  13 
 1019  12 
 1020  13 
 1021  16 
 1022  5 
 1023  11 
 1024  12 
 1025  15 
 1026  14 
 1027  9 
 1028  6 
 1029  13 
 1030  10 
 1031  15 
 1032  16 
 1033  14 
 1034  10 
 1035  11 
 1036  11 
 1037  12 
 1038  8 
 1039  6 
 1040  13 
 1041  9 
 1042  12 
 1043  10 
 1044  13 
 1045  15 
 1046  10 
 1047  7 
 1048  11 
 1049  10 
 1050  8 
 1051  11 
 1052  9 
 1053  10 
 1054  18 
 1055  13 
 1056  8 
 1057  8 
 1058  13 
 1059  17 
 1060  11 
 1061  18 
 1062  5 
 1063  6 
 1064  11 
 1065  15 
 1066  12 
 1067  11 
 1068  11 
 1069  21 
 1070  9 
 1071  11 
 1072  8 
 1073  13 
 1074  12 
 1075  8 
 1076  17 
 1077  20 
 1078  16 
 1079  11 
 1080  10 
 1081  4 
 1082  12 
 1083  8 
 1084  13 
 1085  9 
 1086  11 
 1087  12 
 1088  17 
 1089  9 
 1090  8 
 1091  9 
 1092  12 
 1093  12 
 1094  12 
 1095  20 
 1096  11 
 1097  15 
 1098  10 
 1099  16 
 1100  9 
 1101  11 
 1102  12 
 1103  11 
 1104  16 
 1105  13 
 1106  18 
 1107  8 
 1108  6 
 1109  13 
 1110  5 
 1111  4 
 1112  8 
 1113  16 
 1114  12 
 1115  12 
 1116  17 
 1117  9 
 1118  10 
 1119  10 
 1120  8 
 1121  18 
 1122  11 
 1123  12 
 1124  8 
 1125  10 
 1126  11 
 1127  8 
 1128  8 
 1129  12 
 1130  14 
 1131  11 
 1132  8 
 1133  9 
 1134  8 
 1135  5 
 1136  17 
 1137  9 
 1138  18 
 1139  7 
 1140  9 
 1141  19 
 1142  17 
 1143  10 
 1144  11 
 1145  10 
 1146  13 
 1147  14 
 1148  17 
 1149  15 
 1150  9 
 1151  9 
 1152  4 
 1153  13 
 1154  12 
 1155  6 
 1156  14 
 1157  10 
 1158  8 
 1159  12 
 1160  4 
 1161  7 
 1162  13 
 1163  19 
 1164  10 
 1165  12 
 1166  18 
 1167  11 
 1168  13 
 1169  14 
 1170  13 
 1171  9 
 1172  12 
 1173  9 
 1174  11 
 1175  11 
 1176  11 
 1177  15 
 1178  2 
 1179  15 
 1180  16 
 1181  10 
 1182  7 
 1183  13 
 1184  11 
 1185  9 
 1186  16 
 1187  10 
 1188  13 
 1189  8 
 1190  10 
 1191  10 
 1192  13 
 1193  14 
 1194  7 
 1195  11 
 1196  13 
 1197  10 
 1198  10 
 1199  9 
 1200  14 
 1201  16 
 1202  8 
 1203  10 
 1204  11 
 1205  10 
 1206  10 
 1207  15 
 1208  11 
 1209  16 
 1210  14 
 1211  15 
 1212  20 
 1213  17 
 1214  12 
 1215  4 
 1216  6 
 1217  11 
 1218  9 
 1219  16 
 1220  18 
 1221  11 
 1222  16 
 1223  10 
 1224  13 
 1225  10 
 1226  10 
 1227  9 
 1228  6 
 1229  17 
 1230  15 
 1231  10 
 1232  11 
 1233  7 
 1234  13 
 1235  13 
 1236  12 
 1237  8 
 1238  11 
 1239  9 
 1240  12 
 1241  11 
 1242  16 
 1243  10 
 1244  9 
 1245  13 
 1246  13 
 1247  15 
 1248  12 
 1249  15 
 1250  19 
 1251  12 
 1252  13 
 1253  17 
 1254  8 
 1255  6 
 1256  9 
 1257  8 
 1258  9 
 1259  12 
 1260  13 
 1261  11 
 1262  12 
 1263  16 
 1264  14 
 1265  11 
 1266  10 
 1267  10 
 1268  13 
 1269  9 
 1270  9 
 1271  13 
 1272  8 
 1273  12 
 1274  8 
 1275  12 
 1276  11 
 1277  6 
 1278  7 
 1279  10 
 1280  17 
 1281  12 
 1282  9 
 1283  11 
 1284  11 
 1285  9 
 1286  5 
 1287  8 
 1288  10 
 1289  20 
 1290  10 
 1291  8 
 1292  10 
 1293  10 
 1294  8 
 1295  17 
 1296  6 
 1297  7 
 1298  15 
 1299  14 
 1300  15 
 1301  10 
 1302  12 
 1303  12 
 1304  13 
 1305  14 
 1306  8 
 1307  13 
 1308  14 
 1309  16 
 1310  11 
 1311  7 
 1312  15 
 1313  7 
 1314  10 
 1315  19 
 1316  10 
 1317  10 
 1318  13 
 1319  14 
 1320  18 
 1321  8 
 1322  7 
 1323  6 
 1324  14 
 1325  14 
 1326  6 
 1327  16 
 1328  9 
 1329  13 
 1330  12 
 1331  13 
 1332  15 
 1333  17 
 1334  10 
 1335  9 
 1336  9 
 1337  12 
 1338  8 
 1339  8 
 1340  12 
 1341  11 
 1342  15 
 1343  7 
 1344  6 
 1345  16 
 1346  9 
 1347  15 
 1348  8 
 1349  8 
 1350  14 
 1351  8 
 1352  8 
 1353  10 
 1354  10 
 1355  11 
 1356  11 
 1357  10 
 1358  11 
 1359  10 
 1360  11 
 1361  16 
 1362  10 
 1363  6 
 1364  11 
 1365  7 
 1366  11 
 1367  10 
 1368  12 
 1369  9 
 1370  11 
 1371  9 
 1372  12 
 1373  7 
 1374  3 
 1375  10 
 1376  6 
 1377  9 
 1378  12 
 1379  10 
 1380  11 
 1381  21 
 1382  12 
 1383  10 
 1384  12 
 1385  8 
 1386  14 
 1387  6 
 1388  16 
 1389  8 
 1390  19 
 1391  12 
 1392  10 
 1393  15 
 1394  6 
 1395  11 
 1396  10 
 1397  12 
 1398  8 
 1399  8 
 1400  12 
 1401  18 
 1402  12 
 1403  11 
 1404  10 
 1405  6 
 1406  10 
 1407  12 
 1408  8 
 1409  12 
 1410  9 
 1411  9 
 1412  7 
 1413  6 
 1414  14 
 1415  7 
 1416  9 
 1417  9 
 1418  15 
 1419  8 
 1420  12 
 1421  14 
 1422  8 
 1423  10 
 1424  17 
 1425  6 
 1426  14 
 1427  9 
 1428  9 
 1429  9 
 1430  13 
 1431  12 
 1432  7 
 1433  7 
 1434  8 
 1435  11 
 1436  12 
 1437  7 
 1438  7 
 1439  6 
 1440  10 
 1441  7 
 1442  13 
 1443  10 
 1444  12 
 1445  7 
 1446  10 
 1447  12 
 1448  11 
 1449  10 
 1450  5 
 1451  8 
 1452  5 
 1453  13 
 1454  9 
 1455  10 
 1456  10 
 1457  4 
 1458  8 
 1459  10 
 1460  11 
 1461  15 
 1462  8 
 1463  10 
 1464  10 
 1465  9 
 1466  5 
 1467  12 
 1468  10 
 1469  3 
 1470  6 
 1471  7 
 1472  11 
 1473  14 
 1474  12 
 1475  9 
 1476  9 
 1477  9 
 1478  15 
 1479  9 
 1480  11 
 1481  16 
 1482  7 
 1483  5 
 1484  4 
 1485  10 
 1486  9 
 1487  11 
 1488  10 
 1489  12 
 1490  8 
 1491  16 
 1492  9 
 1493  6 
 1494  6 
 1495  8 
 1496  13 
 1497  10 
 1498  16 
 1499  13 
 1500  6 
 1501  12 
 1502  16 
 1503  10 
 1504  12 
 1505  9 
 1506  10 
 1507  3 
 1508  13 
 1509  10 
 1510  14 
 1511  9 
 1512  9 
 1513  6 
 1514  9 
 1515  14 
 1516  10 
 1517  11 
 1518  10 
 1519  10 
 1520  10 
 1521  10 
 1522  8 
 1523  10 
 1524  11 
 1525  9 
 1526  7 
 1527  9 
 1528  7 
 1529  12 
 1530  11 
 1531  10 
 1532  9 
 1533  8 
 1534  12 
 1535  7 
 1536  11 
 1537  8 
 1538  14 
 1539  11 
 1540  13 
 1541  10 
 1542  9 
 1543  9 
 1544  13 
 1545  10 
 1546  7 
 1547  11 
 1548  6 
 1549  8 
 1550  13 
 1551  7 
 1552  6 
 1553  13 
 1554  11 
 1555  7 
 1556  13 
 1557  5 
 1558  6 
 1559  8 
 1560  7 
 1561  12 
 1562  12 
 1563  4 
 1564  16 
 1565  8 
 1566  8 
 1567  12 
 1568  10 
 1569  9 
 1570  8 
 1571  14 
 1572  13 
 1573  8 
 1574  8 
 1575  8 
 1576  8 
 1577  14 
 1578  10 
 1579  11 
 1580  15 
 1581  7 
 1582  11 
 1583  10 
 1584  14 
 1585  8 
 1586  5 
 1587  10 
 1588  8 
 1589  10 
 1590  7 
 1591  9 
 1592  7 
 1593  4 
 1594  7 
 1595  3 
 1596  11 
 1597  10 
 1598  10 
 1599  8 
 1600  10 
 1601  10 
 1602  8 
 1603  8 
 1604  10 
 1605  8 
 1606  8 
 1607  8 
 1608  9 
 1609  8 
 1610  12 
 1611  16 
 1612  10 
 1613  10 
 1614  16 
 1615  13 
 1616  12 
 1617  11 
 1618  9 
 1619  10 
 1620  12 
 1621  14 
 1622  10 
 1623  8 
 1624  6 
 1625  9 
 1626  8 
 1627  7 
 1628  10 
 1629  3 
 1630  8 
 1631  8 
 1632  9 
 1633  7 
 1634  15 
 1635  13 
 1636  9 
 1637  19 
 1638  8 
 1639  5 
 1640  9 
 1641  5 
 1642  7 
 1643  10 
 1644  13 
 1645  3 
 1646  15 
 1647  9 
 1648  10 
 1649  8 
 1650  10 
 1651  8 
 1652  5 
 1653  5 
 1654  6 
 1655  5 
 1656  8 
 1657  8 
 1658  11 
 1659  12 
 1660  9 
 1661  9 
 1662  12 
 1663  5 
 1664  9 
 1665  9 
 1666  7 
 1667  8 
 1668  7 
 1669  8 
 1670  11 
 1671  9 
 1672  11 
 1673  13 
 1674  13 
 1675  16 
 1676  11 
 1677  8 
 1678  10 
 1679  7 
 1680  8 
 1681  3 
 1682  6 
 1683  6 
 1684  9 
 1685  8 
 1686  12 
 1687  11 
 1688  7 
 1689  7 
 1690  16 
 1691  13 
 1692  7 
 1693  11 
 1694  8 
 1695  13 
 1696  11 
 1697  14 
 1698  10 
 1699  13 
 1700  7 
 1701  10 
 1702  10 
 1703  10 
 1704  3 
 1705  9 
 1706  11 
 1707  6 
 1708  9 
 1709  9 
 1710  10 
 1711  10 
 1712  6 
 1713  6 
 1714  10 
 1715  7 
 1716  12 
 1717  6 
 1718  14 
 1719  8 
 1720  6 
 1721  8 
 1722  8 
 1723  6 
 1724  10 
 1725  5 
 1726  8 
 1727  16 
 1728  8 
 1729  10 
 1730  5 
 1731  12 
 1732  8 
 1733  4 
 1734  4 
 1735  8 
 1736  6 
 1737  10 
 1738  15 
 1739  7 
 1740  7 
 1741  7 
 1742  10 
 1743  6 
 1744  8 
 1745  7 
 1746  6 
 1747  7 
 1748  8 
 1749  7 
 1750  3 
 1751  4 
 1752  12 
 1753  9 
 1754  8 
 1755  8 
 1756  12 
 1757  10 
 1758  8 
 1759  12 
 1760  6 
 1761  14 
 1762  8 
 1763  11 
 1764  7 
 1765  9 
 1766  11 
 1767  6 
 1768  9 
 1769  9 
 1770  12 
 1771  11 
 1772  7 
 1773  5 
 1774  11 
 1775  4 
 1776  10 
 1777  10 
 1778  6 
 1779  9 
 1780  6 
 1781  6 
 1782  8 
 1783  13 
 1784  7 
 1785  9 
 1786  8 
 1787  7 
 1788  9 
 1789  4 
 1790  6 
 1791  13 
 1792  18 
 1793  7 
 1794  11 
 1795  6 
 1796  10 
 1797  11 
 1798  5 
 1799  7 
 1800  6 
 1801  11 
 1802  9 
 1803  9 
 1804  12 
 1805  9 
 1806  9 
 1807  8 
 1808  8 
 1809  8 
 1810  11 
 1811  8 
 1812  9 
 1813  10 
 1814  13 
 1815  8 
 1816  11 
 1817  9 
 1818  8 
 1819  9 
 1820  6 
 1821  8 
 1822  10 
 1823  6 
 1824  13 
 1825  11 
 1826  12 
 1827  9 
 1828  9 
 1829  6 
 1830  10 
 1831  7 
 1832  11 
 1833  8 
 1834  8 
 1835  8 
 1836  10 
 1837  10 
 1838  7 
 1839  13 
 1840  7 
 1841  9 
 1842  17 
 1843  8 
 1844  7 
 1845  9 
 1846  7 
 1847  9 
 1848  5 
 1849  10 
 1850  11 
 1851  5 
 1852  9 
 1853  4 
 1854  9 
 1855  6 
 1856  8 
 1857  7 
 1858  9 
 1859  10 
 1860  8 
 1861  7 
 1862  12 
 1863  9 
 1864  10 
 1865  4 
 1866  8 
 1867  10 
 1868  14 
 1869  9 
 1870  14 
 1871  6 
 1872  7 
 1873  8 
 1874  6 
 1875  9 
 1876  9 
 1877  7 
 1878  13 
 1879  6 
 1880  8 
 1881  12 
 1882  11 
 1883  7 
 1884  6 
 1885  8 
 1886  11 
 1887  12 
 1888  10 
 1889  8 
 1890  7 
 1891  6 
 1892  11 
 1893  8 
 1894  14 
 1895  4 
 1896  6 
 1897  10 
 1898  6 
 1899  15 
 1900  11 
 1901  12 
 1902  7 
 1903  7 
 1904  7 
 1905  7 
 1906  9 
 1907  7 
 1908  8 
 1909  5 
 1910  7 
 1911  8 
 1912  15 
 1913  5 
 1914  17 
 1915  9 
 1916  7 
 1917  8 
 1918  7 
 1919  3 
 1920  6 
 1921  10 
 1922  8 
 1923  10 
 1924  12 
 1925  7 
 1926  6 
 1927  9 
 1928  7 
 1929  14 
 1930  8 
 1931  8 
 1932  5 
 1933  7 
 1934  4 
 1935  8 
 1936  8 
 1937  15 
 1938  7 
 1939  15 
 1940  9 
 1941  6 
 1942  9 
 1943  10 
 1944  7 
 1945  5 
 1946  5 
 1947  5 
 1948  11 
 1949  4 
 1950  6 
 1951  5 
 1952  16 
 1953  9 
 1954  6 
 1955  10 
 1956  8 
 1957  7 
 1958  11 
 1959  13 
 1960  10 
 1961  13 
 1962  11 
 1963  12 
 1964  7 
 1965  9 
 1966  4 
 1967  9 
 1968  9 
 1969  16 
 1970  7 
 1971  16 
 1972  8 
 1973  9 
 1974  6 
 1975  9 
 1976  12 
 1977  8 
 1978  9 
 1979  7 
 1980  12 
 1981  9 
 1982  11 
 1983  4 
 1984  9 
 1985  10 
 1986  9 
 1987  10 
 1988  12 
 1989  18 
 1990  10 
 1991  12 
 1992  6 
 1993  7 
 1994  5 
 1995  11 
 1996  6 
 1997  14 
 1998  13 
 1999  3 
 2000  9 
 2001  11 
 2002  6 
 2003  6 
 2004  2 
 2005  8 
 2006  8 
 2007  7 
 2008  5 
 2009  14 
 2010  7 
 2011  9 
 2012  13 
 2013  7 
 2014  8 
 2015  9 
 2016  12 
 2017  6 
 2018  5 
 2019  6 
 2020  8 
 2021  9 
 2022  13 
 2023  17 
 2024  13 
 2025  12 
 2026  8 
 2027  7 
 2028  8 
 2029  10 
 2030  8 
 2031  12 
 2032  7 
 2033  7 
 2034  9 
 2035  7 
 2036  10 
 2037  12 
 2038  12 
 2039  4 
 2040  8 
 2041  4 
 2042  13 
 2043  6 
 2044  9 
 2045  11 
 2046  7 
 2047  10 
 2048  7 
 2049  5 
 2050  6 
 2051  9 
 2052  8 
 2053  11 
 2054  14 
 2055  5 
 2056  14 
 2057  9 
 2058  6 
 2059  8 
 2060  5 
 2061  8 
 2062  4 
 2063  13 
 2064  9 
 2065  11 
 2066  8 
 2067  5 
 2068  8 
 2069  14 
 2070  7 
 2071  14 
 2072  2 
 2073  12 
 2074  12 
 2075  11 
 2076  9 
 2077  12 
 2078  13 
 2079  10 
 2080  8 
 2081  12 
 2082  9 
 2083  9 
 2084  11 
 2085  8 
 2086  3 
 2087  16 
 2088  9 
 2089  11 
 2090  10 
 2091  5 
 2092  12 
 2093  10 
 2094  10 
 2095  10 
 2096  9 
 2097  7 
 2098  2 
 2099  7 
 2100  7 
 2101  12 
 2102  14 
 2103  12 
 2104  6 
 2105  13 
 2106  7 
 2107  10 
 2108  13 
 2109  8 
 2110  5 
 2111  9 
 2112  10 
 2113  10 
 2114  9 
 2115  10 
 2116  9 
 2117  6 
 2118  15 
 2119  3 
 2120  9 
 2121  14 
 2122  3 
 2123  7 
 2124  7 
 2125  7 
 2126  13 
 2127  6 
 2128  7 
 2129  11 
 2130  7 
 2131  12 
 2132  7 
 2133  13 
 2134  9 
 2135  8 
 2136  7 
 2137  10 
 2138  11 
 2139  6 
 2140  1 
 2141  5 
 2142  10 
 2143  3 
 2144  5 
 2145  9 
 2146  8 
 2147  6 
 2148  13 
 2149  3 
 2150  12 
 2151  13 
 2152  8 
 2153  11 
 2154  3 
 2155  6 
 2156  6 
 2157  7 
 2158  4 
 2159  11 
 2160  6 
 2161  8 
 2162  7 
 2163  6 
 2164  11 
 2165  13 
 2166  10 
 2167  8 
 2168  9 
 2169  5 
 2170  11 
 2171  11 
 2172  10 
 2173  10 
 2174  5 
 2175  10 
 2176  9 
 2177  3 
 2178  7 
 2179  4 
 2180  8 
 2181  9 
 2182  5 
 2183  10 
 2184  10 
 2185  3 
 2186  9 
 2187  3 
 2188  3 
 2189  8 
 2190  7 
 2191  6 
 2192  8 
 2193  9 
 2194  3 
 2195  10 
 2196  8 
 2197  11 
 2198  6 
 2199  8 
 2200  7 
 2201  8 
 2202  6 
 2203  11 
 2204  6 
 2205  6 
 2206  13 
 2207  14 
 2208  5 
 2209  10 
 2210  8 
 2211  4 
 2212  8 
 2213  9 
 2214  6 
 2215  5 
 2216  9 
 2217  7 
 2218  6 
 2219  11 
 2220  9 
 2221  3 
 2222  12 
 2223  9 
 2224  5 
 2225  12 
 2226  5 
 2227  14 
 2228  14 
 2229  5 
 2230  10 
 2231  6 
 2232  10 
 2233  5 
 2234  6 
 2235  11 
 2236  3 
 2237  9 
 2238  9 
 2239  7 
 2240  5 
 2241  6 
 2242  7 
 2243  8 
 2244  8 
 2245  6 
 2246  8 
 2247  9 
 2248  16 
 2249  7 
 2250  8 
 2251  7 
 2252  9 
 2253  11 
 2254  3 
 2255  10 
 2256  10 
 2257  14 
 2258  11 
 2259  5 
 2260  3 
 2261  8 
 2262  7 
 2263  17 
 2264  10 
 2265  8 
 2266  10 
 2267  6 
 2268  5 
 2269  3 
 2270  6 
 2271  4 
 2272  8 
 2273  9 
 2274  6 
 2275  5 
 2276  7 
 2277  9 
 2278  8 
 2279  8 
 2280  9 
 2281  2 
 2282  7 
 2283  11 
 2284  7 
 2285  8 
 2286  12 
 2287  9 
 2288  7 
 2289  7 
 2290  15 
 2291  4 
 2292  9 
 2293  8 
 2294  9 
 2295  9 
 2296  8 
 2297  6 
 2298  5 
 2299  4 
 2300  12 
 2301  3 
 2302  8 
 2303  9 
 2304  7 
 2305  8 
 2306  6 
 2307  7 
 2308  14 
 2309  4 
 2310  9 
 2311  10 
 2312  9 
 2313  6 
 2314  8 
 2315  12 
 2316  5 
 2317  12 
 2318  3 
 2319  7 
 2320  9 
 2321  8 
 2322  6 
 2323  8 
 2324  6 
 2325  16 
 2326  7 
 2327  8 
 2328  4 
 2329  5 
 2330  8 
 2331  12 
 2332  8 
 2333  9 
 2334  9 
 2335  6 
 2336  9 
 2337  10 
 2338  8 
 2339  4 
 2340  11 
 2341  7 
 2342  9 
 2343  10 
 2344  10 
 2345  3 
 2346  8 
 2347  6 
 2348  6 
 2349  3 
 2350  7 
 2351  3 
 2352  9 
 2353  9 
 2354  8 
 2355  12 
 2356  5 
 2357  6 
 2358  8 
 2359  7 
 2360  5 
 2361  3 
 2362  6 
 2363  8 
 2364  6 
 2365  6 
 2366  7 
 2367  7 
 2368  5 
 2369  9 
 2370  6 
 2371  7 
 2372  8 
 2373  6 
 2374  5 
 2375  6 
 2376  11 
 2377  8 
 2378  8 
 2379  6 
 2380  14 
 2381  8 
 2382  7 
 2383  8 
 2384  9 
 2385  7 
 2386  5 
 2387  8 
 2388  9 
 2389  7 
 2390  6 
 2391  11 
 2392  8 
 2393  11 
 2394  7 
 2395  8 
 2396  11 
 2397  14 
 2398  10 
 2399  7 
 2400  6 
 2401  9 
 2402  3 
 2403  6 
 2404  8 
 2405  7 
 2406  14 
 2407  6 
 2408  12 
 2409  1 
 2410  7 
 2411  1 
 2412  6 
 2413  4 
 2414  7 
 2415  10 
 2416  6 
 2417  7 
 2418  5 
 2419  11 
 2420  9 
 2421  8 
 2422  7 
 2423  5 
 2424  11 
 2425  5 
 2426  7 
 2427  8 
 2428  12 
 2429  3 
 2430  3 
 2431  3 
 2432  5 
 2433  6 
 2434  9 
 2435  6 
 2436  8 
 2437  10 
 2438  10 
 2439  8 
 2440  5 
 2441  5 
 2442  5 
 2443  7 
 2444  10 
 2445  10 
 2446  9 
 2447  7 
 2448  9 
 2449  11 
 2450  9 
 2451  7 
 2452  10 
 2453  8 
 2454  10 
 2455  2 
 2456  9 
 2457  8 
 2458  10 
 2459  5 
 2460  5 
 2461  3 
 2462  7 
 2463  6 
 2464  8 
 2465  9 
 2466  11 
 2467  6 
 2468  8 
 2469  5 
 2470  6 
 2471  9 
 2472  8 
 2473  3 
 2474  6 
 2475  7 
 2476  9 
 2477  7 
 2478  15 
 2479  14 
 2480  9 
 2481  12 
 2482  6 
 2483  9 
 2484  11 
 2485  4 
 2486  9 
 2487  9 
 2488  9 
 2489  7 
 2490  6 
 2491  11 
 2492  5 
 2493  5 
 2494  6 
 2495  14 
 2496  9 
 2497  9 
 2498  10 
 2499  6 
 2500  6 
 2501  6 
 2502  8 
 2503  6 
 2504  6 
 2505  9 
 2506  6 
 2507  9 
 2508  5 
 2509  11 
 2510  9 
 2511  7 
 2512  11 
 2513  8 
 2514  10 
 2515  5 
 2516  8 
 2517  13 
 2518  6 
 2519  8 
 2520  9 
 2521  6 
 2522  5 
 2523  7 
 2524  10 
 2525  6 
 2526  13 
 2527  7 
 2528  8 
 2529  11 
 2530  11 
 2531  10 
 2532  4 
 2533  9 
 2534  8 
 2535  4 
 2536  4 
 2537  12 
 2538  4 
 2539  5 
 2540  14 
 2541  4 
 2542  5 
 2543  9 
 2544  7 
 2545  9 
 2546  7 
 2547  4 
 2548  6 
 2549  7 
 2550  9 
 2551  9 
 2552  12 
 2553  7 
 2554  6 
 2555  8 
 2556  6 
 2557  8 
 2558  3 
 2559  8 
 2560  5 
 2561  5 
 2562  8 
 2563  9 
 2564  6 
 2565  2 
 2566  8 
 2567  7 
 2568  9 
 2569  7 
 2570  13 
 2571  12 
 2572  7 
 2573  6 
 2574  3 
 2575  6 
 2576  7 
 2577  9 
 2578  9 
 2579  9 
 2580  8 
 2581  8 
 2582  5 
 2583  8 
 2584  6 
 2585  17 
 2586  6 
 2587  8 
 2588  6 
 2589  8 
 2590  6 
 2591  12 
 2592  7 
 2593  13 
 2594  10 
 2595  6 
 2596  6 
 2597  12 
 2598  6 
 2599  6 
 2600  12 
 2601  14 
 2602  12 
 2603  14 
 2604  3 
 2605  9 
 2606  9 
 2607  4 
 2608  5 
 2609  7 
 2610  3 
 2611  11 
 2612  8 
 2613  6 
 2614  12 
 2615  11 
 2616  9 
 2617  5 
 2618  5 
 2619  8 
 2620  4 
 2621  7 
 2622  5 
 2623  7 
 2624  4 
 2625  5 
 2626  4 
 2627  12 
 2628  6 
 2629  5 
 2630  13 
 2631  6 
 2632  3 
 2633  8 
 2634  5 
 2635  8 
 2636  10 
 2637  8 
 2638  6 
 2639  5 
 2640  7 
 2641  6 
 2642  6 
 2643  5 
 2644  6 
 2645  6 
 2646  6 
 2647  10 
 2648  8 
 2649  6 
 2650  7 
 2651  9 
 2652  8 
 2653  11 
 2654  9 
 2655  4 
 2656  9 
 2657  5 
 2658  8 
 2659  13 
 2660  5 
 2661  9 
 2662  7 
 2663  8 
 2664  9 
 2665  9 
 2666  7 
 2667  5 
 2668  4 
 2669  4 
 2670  5 
 2671  11 
 2672  4 
 2673  5 
 2674  6 
 2675  9 
 2676  3 
 2677  7 
 2678  8 
 2679  5 
 2680  7 
 2681  4 
 2682  6 
 2683  9 
 2684  8 
 2685  8 
 2686  3 
 2687  4 
 2688  10 
 2689  6 
 2690  10 
 2691  5 
 2692  11 
 2693  6 
 2694  7 
 2695  7 
 2696  8 
 2697  8 
 2698  8 
 2699  10 
 2700  6 
 2701  9 
 2702  9 
 2703  4 
 2704  9 
 2705  4 
 2706  8 
 2707  5 
 2708  7 
 2709  13 
 2710  13 
 2711  5 
 2712  6 
 2713  7 
 2714  9 
 2715  13 
 2716  6 
 2717  7 
 2718  9 
 2719  4 
 2720  5 
 2721  8 
 2722  6 
 2723  6 
 2724  9 
 2725  6 
 2726  6 
 2727  3 
 2728  12 
 2729  6 
 2730  7 
 2731  9 
 2732  8 
 2733  2 
 2734  8 
 2735  14 
 2736  4 
 2737  4 
 2738  14 
 2739  8 
 2740  6 
 2741  14 
 2742  8 
 2743  13 
 2744  9 
 2745  6 
 2746  3 
 2747  5 
 2748  9 
 2749  13 
 2750  7 
 2751  11 
 2752  5 
 2753  9 
 2754  5 
 2755  4 
 2756  11 
 2757  10 
 2758  4 
 2759  3 
 2760  6 
 2761  7 
 2762  8 
 2763  7 
 2764  7 
 2765  8 
 2766  5 
 2767  10 
 2768  8 
 2769  9 
 2770  9 
 2771  9 
 2772  10 
 2773  7 
 2774  4 
 2775  7 
 2776  13 
 2777  6 
 2778  8 
 2779  8 
 2780  4 
 2781  12 
 2782  4 
 2783  6 
 2784  7 
 2785  8 
 2786  9 
 2787  7 
 2788  11 
 2789  7 
 2790  6 
 2791  9 
 2792  6 
 2793  7 
 2794  6 
 2795  11 
 2796  12 
 2797  2 
 2798  7 
 2799  10 
 2800  10 
 2801  7 
 2802  3 
 2803  9 
 2804  6 
 2805  5 
 2806  6 
 2807  5 
 2808  9 
 2809  7 
 2810  5 
 2811  7 
 2812  12 
 2813  7 
 2814  7 
 2815  6 
 2816  11 
 2817  7 
 2818  7 
 2819  3 
 2820  10 
 2821  5 
 2822  8 
 2823  7 
 2824  6 
 2825  9 
 2826  10 
 2827  2 
 2828  4 
 2829  4 
 2830  6 
 2831  7 
 2832  9 
 2833  5 
 2834  6 
 2835  8 
 2836  11 
 2837  3 
 2838  5 
 2839  9 
 2840  5 
 2841  5 
 2842  5 
 2843  4 
 2844  6 
 2845  4 
 2846  8 
 2847  6 
 2848  3 
 2849  9 
 2850  9 
 2851  9 
 2852  9 
 2853  12 
 2854  12 
 2855  5 
 2856  5 
 2857  10 
 2858  8 
 2859  8 
 2860  4 
 2861  11 
 2862  2 
 2863  5 
 2864  11 
 2865  6 
 2866  12 
 2867  11 
 2868  4 
 2869  10 
 2870  17 
 2871  8 
 2872  7 
 2873  8 
 2874  9 
 2875  5 
 2876  2 
 2877  10 
 2878  9 
 2879  6 
 2880  9 
 2881  12 
 2882  7 
 2883  4 
 2884  7 
 2885  11 
 2886  6 
 2887  7 
 2888  8 
 2889  11 
 2890  10 
 2891  10 
 2892  9 
 2893  5 
 2894  6 
 2895  2 
 2896  9 
 2897  6 
 2898  3 
 2899  12 
 2900  9 
 2901  6 
 2902  6 
 2903  6 
 2904  6 
 2905  9 
 2906  11 
 2907  7 
 2908  3 
 2909  6 
 2910  4 
 2911  8 
 2912  5 
 2913  10 
 2914  5 
 2915  7 
 2916  2 
 2917  8 
 2918  4 
 2919  13 
 2920  6 
 2921  5 
 2922  6 
 2923  9 
 2924  10 
 2925  6 
 2926  9 
 2927  5 
 2928  11 
 2929  5 
 2930  4 
 2931  8 
 2932  3 
 2933  5 
 2934  9 
 2935  10 
 2936  6 
 2937  6 
 2938  7 
 2939  5 
 2940  9 
 2941  9 
 2942  5 
 2943  5 
 2944  6 
 2945  6 
 2946  12 
 2947  10 
 2948  9 
 2949  4 
 2950  3 
 2951  6 
 2952  11 
 2953  6 
 2954  6 
 2955  11 
 2956  7 
 2957  8 
 2958  5 
 2959  9 
 2960  6 
 2961  6 
 2962  7 
 2963  8 
 2964  3 
 2965  6 
 2966  8 
 2967  8 
 2968  7 
 2969  7 
 2970  5 
 2971  9 
 2972  10 
 2973  7 
 2974  8 
 2975  7 
 2976  6 
 2977  4 
 2978  9 
 2979  5 
 2980  6 
 2981  7 
 2982  3 
 2983  7 
 2984  6 
 2985  7 
 2986  7 
 2987  8 
 2988  6 
 2989  3 
 2990  6 
 2991  11 
 2992  10 
 2993  7 
 2994  4 
 2995  11 
 2996  7 
 2997  4 
 2998  8 
 2999  9 
 3000  12 
 3001  10 
 3002  8 
 3003  9 
 3004  6 
 3005  6 
 3006  8 
 3007  7 
 3008  7 
 3009  13 
 3010  11 
 3011  7 
 3012  7 
 3013  5 
 3014  9 
 3015  10 
 3016  9 
 3017  7 
 3018  3 
 3019  5 
 3020  4 
 3021  6 
 3022  6 
 3023  9 
 3024  8 
 3025  2 
 3026  6 
 3027  4 
 3028  9 
 3029  7 
 3030  5 
 3031  6 
 3032  9 
 3033  7 
 3034  7 
 3035  4 
 3036  0 
 3037  8 
 3038  10 
 3039  3 
 3040  1 
 3041  3 
 3042  13 
 3043  2 
 3044  5 
 3045  6 
 3046  4 
 3047  6 
 3048  9 
 3049  9 
 3050  7 
 3051  3 
 3052  3 
 3053  7 
 3054  5 
 3055  8 
 3056  10 
 3057  4 
 3058  4 
 3059  5 
 3060  5 
 3061  7 
 3062  4 
 3063  8 
 3064  9 
 3065  4 
 3066  5 
 3067  7 
 3068  7 
 3069  8 
 3070  7 
 3071  10 
 3072  7 
 3073  6 
 3074  8 
 3075  5 
 3076  9 
 3077  5 
 3078  9 
 3079  5 
 3080  7 
 3081  4 
 3082  10 
 3083  9 
 3084  5 
 3085  6 
 3086  9 
 3087  4 
 3088  7 
 3089  6 
 3090  10 
 3091  5 
 3092  7 
 3093  4 
 3094  7 
 3095  8 
 3096  11 
 3097  5 
 3098  4 
 3099  4 
 3100  12 
 3101  10 
 3102  2 
 3103  6 
 3104  8 
 3105  5 
 3106  6 
 3107  1 
 3108  5 
 3109  4 
 3110  10 
 3111  10 
 3112  9 
 3113  4 
 3114  5 
 3115  7 
 3116  4 
 3117  5 
 3118  8 
 3119  7 
 3120  5 
 3121  2 
 3122  7 
 3123  7 
 3124  5 
 3125  6 
 3126  3 
 3127  2 
 3128  6 
 3129  4 
 3130  6 
 3131  9 
 3132  11 
 3133  9 
 3134  5 
 3135  4 
 3136  9 
 3137  6 
 3138  9 
 3139  4 
 3140  2 
 3141  11 
 3142  7 
 3143  12 
 3144  7 
 3145  9 
 3146  12 
 3147  11 
 3148  6 
 3149  8 
 3150  8 
 3151  8 
 3152  7 
 3153  8 
 3154  12 
 3155  11 
 3156  6 
 3157  4 
 3158  4 
 3159  5 
 3160  5 
 3161  9 
 3162  8 
 3163  9 
 3164  7 
 3165  3 
 3166  6 
 3167  3 
 3168  7 
 3169  6 
 3170  9 
 3171  3 
 3172  10 
 3173  9 
 3174  3 
 3175  2 
 3176  8 
 3177  10 
 3178  6 
 3179  3 
 3180  8 
 3181  5 
 3182  5 
 3183  5 
 3184  6 
 3185  8 
 3186  6 
 3187  9 
 3188  5 
 3189  6 
 3190  6 
 3191  8 
 3192  6 
 3193  6 
 3194  12 
 3195  6 
 3196  10 
 3197  9 
 3198  7 
 3199  3 
 3200  4 
 3201  6 
 3202  4 
 3203  3 
 3204  3 
 3205  8 
 3206  5 
 3207  7 
 3208  11 
 3209  9 
 3210  6 
 3211  7 
 3212  7 
 3213  8 
 3214  4 
 3215  4 
 3216  9 
 3217  5 
 3218  4 
 3219  7 
 3220  8 
 3221  6 
 3222  3 
 3223  9 
 3224  10 
 3225  2 
 3226  4 
 3227  7 
 3228  5 
 3229  8 
 3230  8 
 3231  8 
 3232  5 
 3233  7 
 3234  5 
 3235  4 
 3236  3 
 3237  2 
 3238  8 
 3239  14 
 3240  6 
 3241  8 
 3242  5 
 3243  7 
 3244  7 
 3245  6 
 3246  6 
 3247  7 
 3248  8 
 3249  12 
 3250  4 
 3251  2 
 3252  7 
 3253  4 
 3254  9 
 3255  14 
 3256  5 
 3257  8 
 3258  6 
 3259  6 
 3260  6 
 3261  6 
 3262  7 
 3263  6 
 3264  8 
 3265  11 
 3266  9 
 3267  11 
 3268  9 
 3269  7 
 3270  6 
 3271  10 
 3272  7 
 3273  6 
 3274  9 
 3275  6 
 3276  5 
 3277  6 
 3278  8 
 3279  7 
 3280  4 
 3281  6 
 3282  16 
 3283  6 
 3284  9 
 3285  11 
 3286  8 
 3287  10 
 3288  9 
 3289  9 
 3290  12 
 3291  13 
 3292  11 
 3293  12 
 3294  10 
 3295  9 
 3296  7 
 3297  12 
 3298  11 
 3299  14 
 3300  12 
 3301  9 
 3302  18 
 3303  10 
 3304  11 
 3305  18 
 3306  15 
 3307  13 
 3308  17 
 3309  10 
 3310  18 
 3311  10 
 3312  16 
 3313  7 
 3314  6 
 3315  13 
 3316  13 
 3317  15 
 3318  15 
 3319  19 
 3320  12 
 3321  10 
 3322  14 
 3323  15 
 3324  12 
 3325  7 
 3326  11 
 3327  9 
 3328  9 
 3329  12 
 3330  6 
 3331  8 
 3332  12 
 3333  8 
 3334  15 
 3335  18 
 3336  7 
 3337  14 
 3338  6 
 3339  10 
 3340  13 
 3341  8 
 3342  14 
 3343  12 
 3344  5 
 3345  5 
 3346  7 
 3347  6 
 3348  8 
 3349  9 
 3350  7 
 3351  8 
 3352  5 
 3353  7 
 3354  2 
 3355  9 
 3356  7 
 3357  10 
 3358  8 
 3359  5 
 3360  8 
 3361  7 
 3362  9 
 3363  14 
 3364  3 
 3365  5 
 3366  3 
 3367  13 
 3368  5 
 3369  5 
 3370  3 
 3371  12 
 3372  6 
 3373  3 
 3374  4 
 3375  4 
 3376  11 
 3377  8 
 3378  3 
 3379  8 
 3380  8 
 3381  10 
 3382  9 
 3383  5 
 3384  4 
 3385  5 
 3386  7 
 3387  4 
 3388  5 
 3389  6 
 3390  10 
 3391  7 
 3392  6 
 3393  10 
 3394  9 
 3395  7 
 3396  11 
 3397  4 
 3398  6 
 3399  9 
 3400  12 
 3401  6 
 3402  3 
 3403  10 
 3404  5 
 3405  6 
 3406  10 
 3407  2 
 3408  9 
 3409  3 
 3410  6 
 3411  1 
 3412  6 
 3413  10 
 3414  4 
 3415  8 
 3416  9 
 3417  7 
 3418  8 
 3419  8 
 3420  2 
 3421  6 
 3422  5 
 3423  6 
 3424  9 
 3425  6 
 3426  5 
 3427  10 
 3428  6 
 3429  5 
 3430  7 
 3431  4 
 3432  6 
 3433  7 
 3434  3 
 3435  3 
 3436  5 
 3437  7 
 3438  6 
 3439  4 
 3440  8 
 3441  4 
 3442  9 
 3443  1 
 3444  3 
 3445  6 
 3446  3 
 3447  9 
 3448  7 
 3449  6 
 3450  6 
 3451  4 
 3452  7 
 3453  7 
 3454  4 
 3455  7 
 3456  11 
 3457  10 
 3458  6 
 3459  4 
 3460  5 
 3461  2 
 3462  5 
 3463  4 
 3464  9 
 3465  10 
 3466  3 
 3467  4 
 3468  9 
 3469  7 
 3470  4 
 3471  6 
 3472  5 
 3473  2 
 3474  4 
 3475  10 
 3476  6 
 3477  10 
 3478  7 
 3479  5 
 3480  2 
 3481  5 
 3482  10 
 3483  5 
 3484  7 
 3485  6 
 3486  7 
 3487  5 
 3488  5 
 3489  14 
 3490  4 
 3491  5 
 3492  9 
 3493  7 
 3494  11 
 3495  4 
 3496  6 
 3497  3 
 3498  6 
 3499  5 
 3500  2 
 3501  9 
 3502  5 
 3503  4 
 3504  6 
 3505  4 
 3506  4 
 3507  9 
 3508  9 
 3509  10 
 3510  4 
 3511  7 
 3512  2 
 3513  6 
 3514  4 
 3515  2 
 3516  3 
 3517  6 
 3518  3 
 3519  4 
 3520  6 
 3521  6 
 3522  3 
 3523  6 
 3524  2 
 3525  8 
 3526  11 
 3527  9 
 3528  10 
 3529  4 
 3530  7 
 3531  5 
 3532  11 
 3533  15 
 3534  9 
 3535  7 
 3536  4 
 3537  6 
 3538  9 
 3539  1 
 3540  10 
 3541  5 
 3542  4 
 3543  5 
 3544  3 
 3545  8 
 3546  5 
 3547  3 
 3548  6 
 3549  5 
 3550  3 
 3551  9 
 3552  6 
 3553  10 
 3554  6 
 3555  7 
 3556  8 
 3557  6 
 3558  9 
 3559  7 
 3560  3 
 3561  6 
 3562  7 
 3563  6 
 3564  11 
 3565  6 
 3566  5 
 3567  10 
 3568  4 
 3569  6 
 3570  6 
 3571  7 
 3572  5 
 3573  8 
 3574  5 
 3575  7 
 3576  9 
 3577  4 
 3578  1 
 3579  5 
 3580  7 
 3581  5 
 3582  6 
 3583  7 
 3584  4 
 3585  5 
 3586  12 
 3587  3 
 3588  9 
 3589  5 
 3590  10 
 3591  4 
 3592  7 
 3593  6 
 3594  6 
 3595  11 
 3596  10 
 3597  8 
 3598  8 
 3599  10 
 3600  5 
 3601  5 
 3602  8 
 3603  4 
 3604  9 
 3605  2 
 3606  6 
 3607  4 
 3608  8 
 3609  3 
 3610  6 
 3611  6 
 3612  10 
 3613  9 
 3614  9 
 3615  6 
 3616  5 
 3617  12 
 3618  3 
 3619  9 
 3620  8 
 3621  5 
 3622  11 
 3623  11 
 3624  4 
 3625  8 
 3626  10 
 3627  7 
 3628  6 
 3629  11 
 3630  8 
 3631  13 
 3632  5 
 3633  3 
 3634  2 
 3635  5 
 3636  8 
 3637  5 
 3638  12 
 3639  7 
 3640  6 
 3641  8 
 3642  10 
 3643  6 
 3644  9 
 3645  3 
 3646  6 
 3647  5 
 3648  8 
 3649  4 
 3650  12 
 3651  5 
 3652  5 
 3653  5 
 3654  6 
 3655  9 
 3656  2 
 3657  7 
 3658  11 
 3659  5 
 3660  6 
 3661  8 
 3662  4 
 3663  7 
 3664  5 
 3665  2 
 3666  5 
 3667  8 
 3668  4 
 3669  5 
 3670  0 
 3671  6 
 3672  5 
 3673  6 
 3674  5 
 3675  3 
 3676  4 
 3677  5 
 3678  7 
 3679  4 
 3680  3 
 3681  6 
 3682  3 
 3683  5 
 3684  5 
 3685  8 
 3686  9 
 3687  9 
 3688  5 
 3689  2 
 3690  5 
 3691  4 
 3692  2 
 3693  4 
 3694  4 
 3695  10 
 3696  7 
 3697  1 
 3698  5 
 3699  5 
 3700  6 
 3701  3 
 3702  14 
 3703  9 
 3704  7 
 3705  6 
 3706  5 
 3707  5 
 3708  4 
 3709  7 
 3710  6 
 3711  4 
 3712  7 
 3713  6 
 3714  7 
 3715  5 
 3716  6 
 3717  3 
 3718  12 
 3719  6 
 3720  5 
 3721  7 
 3722  1 
 3723  2 
 3724  6 
 3725  3 
 3726  4 
 3727  7 
 3728  5 
 3729  6 
 3730  7 
 3731  8 
 3732  6 
 3733  8 
 3734  6 
 3735  5 
 3736  5 
 3737  4 
 3738  7 
 3739  1 
 3740  10 
 3741  4 
 3742  10 
 3743  5 
 3744  3 
 3745  4 
 3746  8 
 3747  7 
 3748  6 
 3749  3 
 3750  8 
 3751  5 
 3752  6 
 3753  5 
 3754  4 
 3755  6 
 3756  6 
 3757  7 
 3758  7 
 3759  7 
 3760  3 
 3761  9 
 3762  7 
 3763  5 
 3764  9 
 3765  3 
 3766  7 
 3767  8 
 3768  6 
 3769  3 
 3770  4 
 3771  5 
 3772  7 
 3773  7 
 3774  1 
 3775  5 
 3776  8 
 3777  6 
 3778  8 
 3779  5 
 3780  3 
 3781  6 
 3782  6 
 3783  3 
 3784  6 
 3785  2 
 3786  6 
 3787  6 
 3788  4 
 3789  5 
 3790  11 
 3791  4 
 3792  11 
 3793  4 
 3794  7 
 3795  5 
 3796  6 
 3797  8 
 3798  8 
 3799  9 
 3800  1 
 3801  8 
 3802  6 
 3803  3 
 3804  4 
 3805  9 
 3806  3 
 3807  3 
 3808  3 
 3809  5 
 3810  7 
 3811  4 
 3812  5 
 3813  8 
 3814  10 
 3815  7 
 3816  5 
 3817  4 
 3818  9 
 3819  9 
 3820  4 
 3821  7 
 3822  4 
 3823  8 
 3824  10 
 3825  6 
 3826  5 
 3827  4 
 3828  6 
 3829  7 
 3830  5 
 3831  6 
 3832  3 
 3833  3 
 3834  3 
 3835  7 
 3836  7 
 3837  6 
 3838  8 
 3839  6 
 3840  5 
 3841  5 
 3842  8 
 3843  7 
 3844  10 
 3845  5 
 3846  4 
 3847  10 
 3848  11 
 3849  5 
 3850  6 
 3851  11 
 3852  8 
 3853  7 
 3854  5 
 3855  4 
 3856  9 
 3857  4 
 3858  4 
 3859  7 
 3860  8 
 3861  7 
 3862  5 
 3863  8 
 3864  2 
 3865  7 
 3866  6 
 3867  11 
 3868  3 
 3869  6 
 3870  11 
 3871  5 
 3872  7 
 3873  3 
 3874  7 
 3875  5 
 3876  5 
 3877  6 
 3878  6 
 3879  10 
 3880  13 
 3881  10 
 3882  9 
 3883  4 
 3884  2 
 3885  1 
 3886  5 
 3887  5 
 3888  13 
 3889  6 
 3890  4 
 3891  2 
 3892  7 
 3893  3 
 3894  8 
 3895  3 
 3896  7 
 3897  8 
 3898  7 
 3899  5 
 3900  6 
 3901  8 
 3902  8 
 3903  5 
 3904  5 
 3905  8 
 3906  5 
 3907  9 
 3908  3 
 3909  4 
 3910  8 
 3911  6 
 3912  3 
 3913  5 
 3914  7 
 3915  11 
 3916  5 
 3917  9 
 3918  6 
 3919  4 
 3920  6 
 3921  2 
 3922  4 
 3923  3 
 3924  5 
 3925  4 
 3926  5 
 3927  5 
 3928  8 
 3929  5 
 3930  3 
 3931  5 
 3932  6 
 3933  5 
 3934  5 
 3935  3 
 3936  6 
 3937  7 
 3938  6 
 3939  12 
 3940  8 
 3941  6 
 3942  7 
 3943  8 
 3944  11 
 3945  9 
 3946  5 
 3947  9 
 3948  6 
 3949  11 
 3950  5 
 3951  3 
 3952  10 
 3953  7 
 3954  5 
 3955  8 
 3956  3 
 3957  9 
 3958  5 
 3959  1 
 3960  5 
 3961  3 
 3962  6 
 3963  9 
 3964  10 
 3965  3 
 3966  11 
 3967  5 
 3968  6 
 3969  5 
 3970  10 
 3971  5 
 3972  6 
 3973  5 
 3974  3 
 3975  4 
 3976  9 
 3977  7 
 3978  4 
 3979  2 
 3980  9 
 3981  4 
 3982  6 
 3983  7 
 3984  5 
 3985  6 
 3986  11 
 3987  9 
 3988  5 
 3989  10 
 3990  6 
 3991  3 
 3992  2 
 3993  7 
 3994  10 
 3995  5 
 3996  3 
 3997  7 
 3998  3 
 3999  5 
 4000  3 
 4001  7 
 4002  10 
 4003  7 
 4004  5 
 4005  4 
 4006  6 
 4007  4 
 4008  6 
 4009  8 
 4010  6 
 4011  7 
 4012  5 
 4013  6 
 4014  10 
 4015  6 
 4016  8 
 4017  5 
 4018  16 
 4019  6 
 4020  11 
 4021  8 
 4022  11 
 4023  8 
 4024  16 
 4025  10 
 4026  5 
 4027  6 
 4028  16 
 4029  16 
 4030  11 
 4031  7 
 4032  8 
 4033  7 
 4034  13 
 4035  16 
 4036  12 
 4037  15 
 4038  16 
 4039  12 
 4040  18 
 4041  13 
 4042  21 
 4043  10 
 4044  16 
 4045  7 
 4046  8 
 4047  13 
 4048  12 
 4049  13 
 4050  12 
 4051  16 
 4052  14 
 4053  15 
 4054  11 
 4055  16 
 4056  22 
 4057  14 
 4058  7 
 4059  13 
 4060  16 
 4061  24 
 4062  17 
 4063  16 
 4064  22 
 4065  14 
 4066  17 
 4067  17 
 4068  17 
 4069  13 
 4070  18 
 4071  10 
 4072  9 
 4073  12 
 4074  8 
 4075  14 
 4076  13 
 4077  16 
 4078  10 
 4079  9 
 4080  11 
 4081  11 
 4082  9 
 4083  11 
 4084  5 
 4085  11 
 4086  9 
 4087  10 
 4088  14 
 4089  6 
 4090  9 
 4091  5 
 4092  2 
 4093  6 
 4094  9 
 4095  7 
 4096  6 
 4097  7 
 4098  11 
 4099  4 
 4100  9 
 4101  9 
 4102  7 
 4103  6 
 4104  10 
 4105  7 
 4106  7 
 4107  7 
 4108  9 
 4109  5 
 4110  10 
 4111  9 
 4112  9 
 4113  6 
 4114  6 
 4115  9 
 4116  9 
 4117  11 
 4118  15 
 4119  8 
 4120  4 
 4121  9 
 4122  9 
 4123  7 
 4124  5 
 4125  11 
 4126  6 
 4127  9 
 4128  6 
 4129  8 
 4130  11 
 4131  10 
 4132  11 
 4133  8 
 4134  9 
 4135  19 
 4136  15 
 4137  16 
 4138  11 
 4139  16 
 4140  13 
 4141  16 
 4142  23 
 4143  27 
 4144  30 
 4145  26 
 4146  19 
 4147  20 
 4148  21 
 4149  21 
 4150  34 
 4151  28 
 4152  33 
 4153  30 
 4154  24 
 4155  36 
 4156  46 
 4157  34 
 4158  50 
 4159  35 
 4160  56 
 4161  40 
 4162  48 
 4163  50 
 4164  45 
 4165  63 
 4166  39 
 4167  59 
 4168  60 
 4169  72 
 4170  72 
 4171  66 
 4172  63 
 4173  72 
 4174  65 
 4175  81 
 4176  77 
 4177  72 
 4178  82 
 4179  82 
 4180  83 
 4181  88 
 4182  84 
 4183  97 
 4184  65 
 4185  87 
 4186  82 
 4187  78 
 4188  79 
 4189  79 
 4190  93 
 4191  83 
 4192  70 
 4193  80 
 4194  84 
 4195  67 
 4196  68 
 4197  69 
 4198  55 
 4199  66 
 4200  78 
 4201  63 
 4202  57 
 4203  63 
 4204  38 
 4205  55 
 4206  43 
 4207  49 
 4208  50 
 4209  38 
 4210  43 
 4211  30 
 4212  34 
 4213  32 
 4214  22 
 4215  30 
 4216  22 
 4217  17 
 4218  19 
 4219  19 
 4220  15 
 4221  8 
 4222  22 
 4223  14 
 4224  8 
 4225  8 
 4226  10 
 4227  10 
 4228  14 
 4229  10 
 4230  7 
 4231  17 
 4232  12 
 4233  15 
 4234  7 
 4235  7 
 4236  12 
 4237  6 
 4238  4 
 4239  9 
 4240  13 
 4241  6 
 4242  3 
 4243  4 
 4244  10 
 4245  10 
 4246  7 
 4247  6 
 4248  9 
 4249  5 
 4250  8 
 4251  4 
 4252  6 
 4253  7 
 4254  6 
 4255  9 
 4256  7 
 4257  8 
 4258  5 
 4259  11 
 4260  5 
 4261  9 
 4262  10 
 4263  6 
 4264  8 
 4265  8 
 4266  8 
 4267  8 
 4268  6 
 4269  8 
 4270  6 
 4271  8 
 4272  5 
 4273  6 
 4274  7 
 4275  5 
 4276  10 
 4277  4 
 4278  8 
 4279  12 
 4280  10 
 4281  6 
 4282  5 
 4283  7 
 4284  7 
 4285  2 
 4286  8 
 4287  3 
 4288  4 
 4289  12 
 4290  9 
 4291  9 
 4292  9 
 4293  10 
 4294  8 
 4295  9 
 4296  9 
 4297  9 
 4298  10 
 4299  5 
 4300  6 
 4301  11 
 4302  10 
 4303  4 
 4304  7 
 4305  6 
 4306  4 
 4307  9 
 4308  3 
 4309  7 
 4310  4 
 4311  7 
 4312  3 
 4313  6 
 4314  6 
 4315  8 
 4316  11 
 4317  8 
 4318  6 
 4319  2 
 4320  7 
 4321  9 
 4322  6 
 4323  6 
 4324  4 
 4325  10 
 4326  4 
 4327  6 
 4328  7 
 4329  9 
 4330  7 
 4331  8 
 4332  5 
 4333  6 
 4334  10 
 4335  5 
 4336  5 
 4337  4 
 4338  9 
 4339  4 
 4340  3 
 4341  11 
 4342  11 
 4343  8 
 4344  3 
 4345  3 
 4346  8 
 4347  11 
 4348  4 
 4349  8 
 4350  9 
 4351  4 
 4352  13 
 4353  5 
 4354  8 
 4355  11 
 4356  5 
 4357  4 
 4358  9 
 4359  8 
 4360  7 
 4361  7 
 4362  13 
 4363  7 
 4364  4 
 4365  7 
 4366  5 
 4367  4 
 4368  8 
 4369  5 
 4370  9 
 4371  8 
 4372  11 
 4373  7 
 4374  5 
 4375  7 
 4376  7 
 4377  8 
 4378  3 
 4379  7 
 4380  13 
 4381  5 
 4382  1 
 4383  14 
 4384  8 
 4385  2 
 4386  9 
 4387  5 
 4388  10 
 4389  7 
 4390  8 
 4391  7 
 4392  10 
 4393  8 
 4394  5 
 4395  6 
 4396  4 
 4397  3 
 4398  8 
 4399  8 
 4400  3 
 4401  11 
 4402  4 
 4403  8 
 4404  6 
 4405  6 
 4406  8 
 4407  9 
 4408  8 
 4409  7 
 4410  6 
 4411  11 
 4412  9 
 4413  5 
 4414  8 
 4415  7 
 4416  6 
 4417  10 
 4418  14 
 4419  9 
 4420  11 
 4421  5 
 4422  4 
 4423  3 
 4424  3 
 4425  8 
 4426  9 
 4427  7 
 4428  8 
 4429  8 
 4430  8 
 4431  10 
 4432  9 
 4433  10 
 4434  10 
 4435  11 
 4436  11 
 4437  10 
 4438  6 
 4439  9 
 4440  13 
 4441  10 
 4442  7 
 4443  7 
 4444  17 
 4445  10 
 4446  10 
 4447  9 
 4448  12 
 4449  12 
 4450  9 
 4451  11 
 4452  8 
 4453  11 
 4454  18 
 4455  13 
 4456  13 
 4457  17 
 4458  11 
 4459  13 
 4460  10 
 4461  13 
 4462  13 
 4463  15 
 4464  27 
 4465  18 
 4466  11 
 4467  13 
 4468  22 
 4469  21 
 4470  17 
 4471  27 
 4472  26 
 4473  28 
 4474  35 
 4475  33 
 4476  39 
 4477  37 
 4478  54 
 4479  40 
 4480  47 
 4481  54 
 4482  52 
 4483  78 
 4484  67 
 4485  66 
 4486  58 
 4487  82 
 4488  91 
 4489  103 
 4490  101 
 4491  127 
 4492  100 
 4493  133 
 4494  146 
 4495  155 
 4496  170 
 4497  188 
 4498  188 
 4499  208 
 4500  233 
 4501  241 
 4502  258 
 4503  312 
 4504  318 
 4505  348 
 4506  354 
 4507  425 
 4508  439 
 4509  481 
 4510  563 
 4511  565 
 4512  624 
 4513  663 
 4514  757 
 4515  818 
 4516  880 
 4517  910 
 4518  996 
 4519  1071 
 4520  1170 
 4521  1236 
 4522  1244 
 4523  1302 
 4524  1373 
 4525  1432 
 4526  1475 
 4527  1471 
 4528  1601 
 4529  1620 
 4530  1674 
 4531  1591 
 4532  1588 
 4533  1647 
 4534  1615 
 4535  1580 
 4536  1477 
 4537  1423 
 4538  1457 
 4539  1336 
 4540  1243 
 4541  1239 
 4542  1132 
 4543  1018 
 4544  987 
 4545  957 
 4546  807 
 4547  773 
 4548  735 
 4549  668 
 4550  635 
 4551  516 
 4552  502 
 4553  399 
 4554  392 
 4555  313 
 4556  320 
 4557  242 
 4558  236 
 4559  211 
 4560  197 
 4561  155 
 4562  173 
 4563  129 
 4564  114 
 4565  73 
 4566  85 
 4567  78 
 4568  63 
 4569  63 
 4570  62 
 4571  46 
 4572  45 
 4573  41 
 4574  26 
 4575  31 
 4576  25 
 4577  22 
 4578  22 
 4579  23 
 4580  23 
 4581  16 
 4582  11 
 4583  11 
 4584  15 
 4585  17 
 4586  19 
 4587  13 
 4588  9 
 4589  10 
 4590  11 
 4591  9 
 4592  7 
 4593  10 
 4594  5 
 4595  9 
 4596  6 
 4597  9 
 4598  6 
 4599  10 
 4600  12 
 4601  12 
 4602  8 
 4603  10 
 4604  14 
 4605  8 
 4606  7 
 4607  7 
 4608  6 
 4609  11 
 4610  6 
 4611  7 
 4612  12 
 4613  14 
 4614  9 
 4615  10 
 4616  7 
 4617  8 
 4618  9 
 4619  9 
 4620  9 
 4621  18 
 4622  16 
 4623  12 
 4624  11 
 4625  12 
 4626  11 
 4627  7 
 4628  11 
 4629  13 
 4630  16 
 4631  25 
 4632  23 
 4633  26 
 4634  25 
 4635  18 
 4636  23 
 4637  26 
 4638  32 
 4639  29 
 4640  48 
 4641  42 
 4642  37 
 4643  42 
 4644  45 
 4645  36 
 4646  49 
 4647  48 
 4648  56 
 4649  51 
 4650  46 
 4651  52 
 4652  74 
 4653  65 
 4654  59 
 4655  51 
 4656  56 
 4657  56 
 4658  61 
 4659  68 
 4660  51 
 4661  38 
 4662  48 
 4663  41 
 4664  42 
 4665  33 
 4666  38 
 4667  33 
 4668  31 
 4669  24 
 4670  28 
 4671  28 
 4672  21 
 4673  18 
 4674  19 
 4675  17 
 4676  13 
 4677  13 
 4678  14 
 4679  11 
 4680  14 
 4681  8 
 4682  12 
 4683  12 
 4684  3 
 4685  3 
 4686  3 
 4687  9 
 4688  3 
 4689  3 
 4690  3 
 4691  3 
 4692  1 
 4693  5 
 4694  2 
 4695  3 
 4696  3 
 4697  2 
 4698  4 
 4699  0 
 4700  2 
 4701  3 
 4702  0 
 4703  4 
 4704  1 
 4705  1 
 4706  2 
 4707  1 
 4708  1 
 4709  2 
 4710  4 
 4711  1 
 4712  1 
 4713  2 
 4714  5 
 4715  2 
 4716  5 
 4717  1 
 4718  2 
 4719  3 
 4720  3 
 4721  1 
 4722  0 
 4723  3 
 4724  1 
 4725  6 
 4726  1 
 4727  4 
 4728  2 
 4729  5 
 4730  3 
 4731  5 
 4732  4 
 4733  2 
 4734  9 
 4735  5 
 4736  2 
 4737  3 
 4738  4 
 4739  3 
 4740  5 
 4741  2 
 4742  4 
 4743  6 
 4744  3 
 4745  3 
 4746  4 
 4747  3 
 4748  7 
 4749  4 
 4750  4 
 4751  7 
 4752  5 
 4753  3 
 4754  7 
 4755  2 
 4756  6 
 4757  4 
 4758  6 
 4759  7 
 4760  6 
 4761  9 
 4762  3 
 4763  5 
 4764  5 
 4765  6 
 4766  3 
 4767  4 
 4768  7 
 4769  3 
 4770  7 
 4771  12 
 4772  8 
 4773  7 
 4774  6 
 4775  13 
 4776  7 
 4777  5 
 4778  8 
 4779  14 
 4780  9 
 4781  16 
 4782  7 
 4783  15 
 4784  13 
 4785  12 
 4786  15 
 4787  17 
 4788  20 
 4789  18 
 4790  28 
 4791  27 
 4792  24 
 4793  28 
 4794  36 
 4795  34 
 4796  36 
 4797  48 
 4798  62 
 4799  63 
 4800  55 
 4801  61 
 4802  80 
 4803  77 
 4804  85 
 4805  93 
 4806  107 
 4807  110 
 4808  116 
 4809  132 
 4810  120 
 4811  148 
 4812  161 
 4813  172 
 4814  170 
 4815  207 
 4816  195 
 4817  243 
 4818  264 
 4819  287 
 4820  261 
 4821  321 
 4822  318 
 4823  342 
 4824  367 
 4825  395 
 4826  433 
 4827  428 
 4828  431 
 4829  457 
 4830  462 
 4831  465 
 4832  585 
 4833  552 
 4834  565 
 4835  576 
 4836  601 
 4837  615 
 4838  668 
 4839  689 
 4840  626 
 4841  686 
 4842  677 
 4843  657 
 4844  747 
 4845  746 
 4846  688 
 4847  759 
 4848  681 
 4849  690 
 4850  703 
 4851  716 
 4852  684 
 4853  634 
 4854  654 
 4855  662 
 4856  680 
 4857  604 
 4858  580 
 4859  585 
 4860  533 
 4861  484 
 4862  499 
 4863  459 
 4864  438 
 4865  401 
 4866  395 
 4867  341 
 4868  316 
 4869  314 
 4870  226 
 4871  253 
 4872  221 
 4873  216 
 4874  205 
 4875  154 
 4876  144 
 4877  122 
 4878  122 
 4879  99 
 4880  82 
 4881  76 
 4882  59 
 4883  57 
 4884  51 
 4885  37 
 4886  37 
 4887  28 
 4888  32 
 4889  41 
 4890  19 
 4891  22 
 4892  16 
 4893  25 
 4894  12 
 4895  8 
 4896  6 
 4897  9 
 4898  10 
 4899  8 
 4900  9 
 4901  10 
 4902  5 
 4903  6 
 4904  6 
 4905  7 
 4906  1 
 4907  2 
 4908  8 
 4909  6 
 4910  7 
 4911  8 
 4912  6 
 4913  13 
 4914  12 
 4915  7 
 4916  8 
 4917  6 
 4918  16 
 4919  15 
 4920  17 
 4921  19 
 4922  15 
 4923  17 
 4924  24 
 4925  28 
 4926  40 
 4927  35 
 4928  35 
 4929  33 
 4930  42 
 4931  46 
 4932  57 
 4933  44 
 4934  47 
 4935  60 
 4936  68 
 4937  69 
 4938  71 
 4939  85 
 4940  73 
 4941  65 
 4942  86 
 4943  79 
 4944  72 
 4945  86 
 4946  74 
 4947  65 
 4948  73 
 4949  85 
 4950  63 
 4951  68 
 4952  65 
 4953  54 
 4954  51 
 4955  50 
 4956  49 
 4957  53 
 4958  37 
 4959  28 
 4960  41 
 4961  27 
 4962  35 
 4963  18 
 4964  13 
 4965  17 
 4966  21 
 4967  18 
 4968  12 
 4969  10 
 4970  20 
 4971  17 
 4972  11 
 4973  10 
 4974  10 
 4975  11 
 4976  15 
 4977  9 
 4978  4 
 4979  7 
 4980  7 
 4981  10 
 4982  11 
 4983  7 
 4984  10 
 4985  6 
 4986  18 
 4987  10 
 4988  12 
 4989  7 
 4990  7 
 4991  12 
 4992  10 
 4993  12 
 4994  10 
 4995  9 
 4996  5 
 4997  10 
 4998  9 
 4999  11 
 5000  8 
 5001  8 
 5002  6 
 5003  6 
 5004  15 
 5005  12 
 5006  9 
 5007  8 
 5008  4 
 5009  11 
 5010  6 
 5011  9 
 5012  8 
 5013  8 
 5014  4 
 5015  8 
 5016  7 
 5017  4 
 5018  3 
 5019  4 
 5020  3 
 5021  2 
 5022  6 
 5023  1 
 5024  6 
 5025  3 
 5026  3 
 5027  3 
 5028  4 
 5029  1 
 5030  1 
 5031  1 
 5032  0 
 5033  1 
 5034  0 
 5035  2 
 5036  0 
 5037  2 
 5038  0 
 5039  1 
 5040  0 
 5041  0 
 5042  0 
 5043  1 
 5044  0 
 5045  2 
 5046  0 
 5047  0 
 5048  0 
 5049  0 
 5050  0 
 5051  0 
 5052  0 
 5053  0 
 5054  0 
 5055  0 
 5056  0 
 5057  0 
 5058  0 
 5059  0 
 5060  0 
 5061  0 
 5062  0 
 5063  0 
 5064  0 
 5065  0 
 5066  0 
 5067  0 
 5068  0 
 5069  0 
 5070  0 
 5071  0 
 5072  0 
 5073  0 
 5074  0 
 5075  1 
 5076  0 
 5077  0 
 5078  0 
 5079  0 
 5080  2 
 5081  0 
 5082  0 
 5083  0 
 5084  0 
 5085  1 
 5086  0 
 5087  0 
 5088  0 
 5089  0 
 5090  0 
 5091  0 
 5092  0 
 5093  0 
 5094  0 
 5095  0 
 5096  0 
 5097  0 
 5098  0 
 5099  2 
 5100  0 
 5101  0 
 5102  0 
 5103  0 
 5104  0 
 5105  0 
 5106  0 
 5107  0 
 5108  0 
 5109  1 
 5110  0 
 5111  0 
 5112  0 
 5113  1 
 5114  0 
 5115  0 
 5116  0 
 5117  0 
 5118  0 
 5119  0 
 5120  0 
 5121  0 
 5122  0 
 5123  0 
 5124  0 
 5125  0 
 5126  0 
 5127  0 
 5128  0 
 5129  0 
 5130  0 
 5131  0 
 5132  0 
 5133  0 
 5134  0 
 5135  0 
 5136  0 
 5137  0 
 5138  0 
 5139  0 
 5140  1 
 5141  0 
 5142  0 
 5143  0 
 5144  0 
 5145  0 
 5146  0 
 5147  0 
 5148  0 
 5149  0 
 5150  1 
 5151  0 
 5152  0 
 5153  0 
 5154  0 
 5155  0 
 5156  0 
 5157  0 
 5158  0 
 5159  0 
 5160  0 
 5161  0 
 5162  0 
 5163  0 
 5164  0 
 5165  0 
 5166  0 
 5167  0 
 5168  0 
 5169  0 
 5170  0 
 5171  0 
 5172  0 
 5173  1 
 5174  0 
 5175  0 
 5176  0 
 5177  0 
 5178  0 
 5179  0 
 5180  1 
 5181  0 
 5182  0 
 5183  0 
 5184  0 
 5185  0 
 5186  0 
 5187  0 
 5188  0 
 5189  0 
 5190  0 
 5191  0 
 5192  0 
 5193  0 
 5194  0 
 5195  0 
 5196  0 
 5197  0 
 5198  0 
 5199  0 
 5200  0 
 5201  0 
 5202  0 
 5203  0 
 5204  0 
 5205  0 
 5206  0 
 5207  0 
 5208  0 
 5209  1 
 5210  0 
 5211  0 
 5212  0 
 5213  0 
 5214  0 
 5215  0 
 5216  0 
 5217  0 
 5218  1 
 5219  0 
 5220  0 
 5221  0 
 5222  0 
 5223  0 
 5224  0 
 5225  0 
 5226  0 
 5227  1 
 5228  0 
 5229  0 
 5230  0 
 5231  0 
 5232  0 
 5233  0 
 5234  0 
 5235  0 
 5236  0 
 5237  0 
 5238  0 
 5239  0 
 5240  0 
 5241  0 
 5242  0 
 5243  0 
 5244  0 
 5245  0 
 5246  0 
 5247  0 
 5248  0 
 5249  0 
 5250  0 
 5251  0 
 5252  0 
 5253  0 
 5254  0 
 5255  0 
 5256  0 
 5257  0 
 5258  0 
 5259  0 
 5260  0 
 5261  0 
 5262  0 
 5263  0 
 5264  1 
 5265  0 
 5266  0 
 5267  0 
 5268  0 
 5269  0 
 5270  0 
 5271  0 
 5272  0 
 5273  0 
 5274  0 
 5275  0 
 5276  0 
 5277  0 
 5278  0 
 5279  0 
 5280  0 
 5281  0 
 5282  0 
 5283  0 
 5284  0 
 5285  0 
 5286  0 
 5287  0 
 5288  0 
 5289  0 
 5290  0 
 5291  0 
 5292  0 
 5293  0 
 5294  0 
 5295  0 
 5296  0 
 5297  0 
 5298  0 
 5299  0 
 5300  0 
 5301  0 
 5302  0 
 5303  0 
 5304  0 
 5305  0 
 5306  0 
 5307  0 
 5308  0 
 5309  0 
 5310  0 
 5311  0 
 5312  0 
 5313  0 
 5314  0 
 5315  0 
 5316  0 
 5317  0 
 5318  0 
 5319  0 
 5320  0 
 5321  0 
 5322  0 
 5323  0 
 5324  0 
 5325  0 
 5326  0 
 5327  0 
 5328  0 
 5329  0 
 5330  0 
 5331  0 
 5332  0 
 5333  0 
 5334  0 
 5335  0 
 5336  0 
 5337  0 
 5338  0 
 5339  0 
 5340  0 
 5341  0 
 5342  0 
 5343  0 
 5344  0 
 5345  0 
 5346  0 
 5347  0 
 5348  0 
 5349  0 
 5350  0 
 5351  0 
 5352  0 
 5353  0 
 5354  0 
 5355  0 
 5356  0 
 5357  0 
 5358  0 
 5359  0 
 5360  0 
 5361  0 
 5362  0 
 5363  0 
 5364  0 
 5365  0 
 5366  0 
 5367  0 
 5368  0 
 5369  0 
 5370  0 
 5371  0 
 5372  0 
 5373  1 
 5374  0 
 5375  0 
 5376  0 
 5377  0 
 5378  0 
 5379  0 
 5380  0 
 5381  0 
 5382  0 
 5383  0 
 5384  0 
 5385  0 
 5386  0 
 5387  0 
 5388  0 
 5389  0 
 5390  0 
 5391  0 
 5392  0 
 5393  0 
 5394  0 
 5395  0 
 5396  0 
 5397  0 
 5398  0 
 5399  0 
 5400  0 
 5401  0 
 5402  0 
 5403  0 
 5404  0 
 5405  0 
 5406  0 
 5407  0 
 5408  0 
 5409  0 
 5410  0 
 5411  0 
 5412  0 
 5413  0 
 5414  0 
 5415  0 
 5416  0 
 5417  0 
 5418  0 
 5419  0 
 5420  1 
 5421  0 
 5422  0 
 5423  0 
 5424  0 
 5425  0 
 5426  0 
 5427  0 
 5428  0 
 5429  0 
 5430  1 
 5431  0 
 5432  0 
 5433  0 
 5434  0 
 5435  0 
 5436  0 
 5437  0 
 5438  0 
 5439  0 
 5440  0 
 5441  0 
 5442  1 
 5443  0 
 5444  0 
 5445  0 
 5446  0 
 5447  0 
 5448  0 
 5449  0 
 5450  0 
 5451  0 
 5452  0 
 5453  0 
 5454  0 
 5455  0 
 5456  0 
 5457  0 
 5458  0 
 5459  0 
 5460  0 
 5461  0 
 5462  0 
 5463  0 
 5464  0 
 5465  0 
 5466  0 
 5467  0 
 5468  0 
 5469  0 
 5470  0 
 5471  0 
 5472  0 
 5473  0 
 5474  1 
 5475  1 
 5476  0 
 5477  0 
 5478  0 
 5479  0 
 5480  0 
 5481  0 
 5482  0 
 5483  0 
 5484  0 
 5485  0 
 5486  0 
 5487  0 
 5488  0 
 5489  0 
 5490  0 
 5491  0 
 5492  0 
 5493  0 
 5494  0 
 5495  0 
 5496  0 
 5497  0 
 5498  0 
 5499  1 
 5500  0 
 5501  0 
 5502  0 
 5503  0 
 5504  0 
 5505  0 
 5506  0 
 5507  0 
 5508  0 
 5509  0 
 5510  0 
 5511  0 
 5512  0 
 5513  0 
 5514  0 
 5515  0 
 5516  1 
 5517  0 
 5518  0 
 5519  0 
 5520  0 
 5521  0 
 5522  0 
 5523  0 
 5524  0 
 5525  0 
 5526  0 
 5527  0 
 5528  0 
 5529  0 
 5530  0 
 5531  0 
 5532  0 
 5533  0 
 5534  0 
 5535  0 
 5536  0 
 5537  0 
 5538  0 
 5539  0 
 5540  0 
 5541  0 
 5542  1 
 5543  0 
 5544  0 
 5545  0 
 5546  0 
 5547  0 
 5548  1 
 5549  0 
 5550  0 
 5551  0 
 5552  0 
 5553  0 
 5554  0 
 5555  0 
 5556  0 
 5557  0 
 5558  0 
 5559  0 
 5560  0 
 5561  0 
 5562  0 
 5563  0 
 5564  0 
 5565  0 
 5566  0 
 5567  0 
 5568  0 
 5569  0 
 5570  0 
 5571  0 
 5572  0 
 5573  0 
 5574  0 
 5575  0 
 5576  0 
 5577  0 
 5578  0 
 5579  0 
 5580  0 
 5581  1 
 5582  0 
 5583  0 
 5584  0 
 5585  0 
 5586  0 
 5587  0 
 5588  0 
 5589  0 
 5590  0 
 5591  0 
 5592  0 
 5593  0 
 5594  0 
 5595  0 
 5596  0 
 5597  0 
 5598  0 
 5599  0 
 5600  0 
 5601  0 
 5602  0 
 5603  0 
 5604  0 
 5605  0 
 5606  0 
 5607  0 
 5608  0 
 5609  0 
 5610  0 
 5611  0 
 5612  0 
 5613  0 
 5614  0 
 5615  0 
 5616  0 
 5617  0 
 5618  0 
 5619  0 
 5620  0 
 5621  0 
 5622  0 
 5623  0 
 5624  0 
 5625  0 
 5626  0 
 5627  0 
 5628  0 
 5629  0 
 5630  0 
 5631  0 
 5632  0 
 5633  0 
 5634  0 
 5635  0 
 5636  0 
 5637  1 
 5638  0 
 5639  0 
 5640  0 
 5641  0 
 5642  0 
 5643  0 
 5644  0 
 5645  0 
 5646  0 
 5647  0 
 5648  0 
 5649  0 
 5650  0 
 5651  0 
 5652  0 
 5653  0 
 5654  0 
 5655  0 
 5656  0 
 5657  0 
 5658  0 
 5659  0 
 5660  0 
 5661  0 
 5662  0 
 5663  0 
 5664  1 
 5665  0 
 5666  0 
 5667  0 
 5668  0 
 5669  0 
 5670  0 
 5671  0 
 5672  0 
 5673  0 
 5674  0 
 5675  0 
 5676  0 
 5677  0 
 5678  0 
 5679  0 
 5680  0 
 5681  0 
 5682  0 
 5683  0 
 5684  0 
 5685  0 
 5686  0 
 5687  0 
 5688  0 
 5689  0 
 5690  0 
 5691  0 
 5692  0 
 5693  0 
 5694  0 
 5695  0 
 5696  0 
 5697  0 
 5698  0 
 5699  0 
 5700  0 
 5701  0 
 5702  0 
 5703  0 
 5704  0 
 5705  0 
 5706  0 
 5707  0 
 5708  0 
 5709  0 
 5710  1 
 5711  0 
 5712  0 
 5713  0 
 5714  0 
 5715  0 
 5716  1 
 5717  0 
 5718  0 
 5719  0 
 5720  0 
 5721  0 
 5722  0 
 5723  0 
 5724  0 
 5725  0 
 5726  0 
 5727  0 
 5728  0 
 5729  0 
 5730  0 
 5731  0 
 5732  0 
 5733  0 
 5734  0 
 5735  0 
 5736  0 
 5737  0 
 5738  0 
 5739  1 
 5740  0 
 5741  0 
 5742  0 
 5743  0 
 5744  0 
 5745  0 
 5746  0 
 5747  0 
 5748  0 
 5749  0 
 5750  0 
 5751  0 
 5752  0 
 5753  0 
 5754  0 
 5755  0 
 5756  0 
 5757  0 
 5758  0 
 5759  0 
 5760  0 
 5761  0 
 5762  0 
 5763  0 
 5764  0 
 5765  0 
 5766  0 
 5767  0 
 5768  0 
 5769  0 
 5770  0 
 5771  0 
 5772  0 
 5773  0 
 5774  0 
 5775  0 
 5776  0 
 5777  0 
 5778  0 
 5779  0 
 5780  0 
 5781  0 
 5782  0 
 5783  1 
 5784  0 
 5785  0 
 5786  0 
 5787  0 
 5788  0 
 5789  0 
 5790  0 
 5791  0 
 5792  0 
 5793  0 
 5794  0 
 5795  0 
 5796  0 
 5797  1 
 5798  0 
 5799  0 
 5800  0 
 5801  0 
 5802  0 
 5803  0 
 5804  0 
 5805  0 
 5806  0 
 5807  0 
 5808  0 
 5809  0 
 5810  0 
 5811  0 
 5812  0 
 5813  0 
 5814  1 
 5815  0 
 5816  0 
 5817  0 
 5818  0 
 5819  0 
 5820  0 
 5821  0 
 5822  0 
 5823  0 
 5824  0 
 5825  0 
 5826  0 
 5827  0 
 5828  0 
 5829  0 
 5830  0 
 5831  0 
 5832  1 
 5833  0 
 5834  0 
 5835  0 
 5836  0 
 5837  0 
 5838  0 
 5839  0 
 5840  0 
 5841  1 
 5842  0 
 5843  0 
 5844  0 
 5845  0 
 5846  0 
 5847  0 
 5848  0 
 5849  0 
 5850  0 
 5851  0 
 5852  0 
 5853  0 
 5854  0 
 5855  0 
 5856  0 
 5857  0 
 5858  1 
 5859  0 
 5860  0 
 5861  0 
 5862  0 
 5863  0 
 5864  1 
 5865  0 
 5866  0 
 5867  0 
 5868  0 
 5869  0 
 5870  0 
 5871  1 
 5872  1 
 5873  1 
 5874  0 
 5875  0 
 5876  0 
 5877  1 
 5878  0 
 5879  0 
 5880  0 
 5881  0 
 5882  0 
 5883  0 
 5884  0 
 5885  0 
 5886  0 
 5887  0 
 5888  0 
 5889  0 
 5890  0 
 5891  0 
 5892  0 
 5893  0 
 5894  0 
 5895  0 
 5896  0 
 5897  0 
 5898  0 
 5899  0 
 5900  0 
 5901  0 
 5902  0 
 5903  0 
 5904  0 
 5905  0 
 5906  1 
 5907  0 
 5908  0 
 5909  0 
 5910  0 
 5911  0 
 5912  0 
 5913  0 
 5914  0 
 5915  0 
 5916  1 
 5917  0 
 5918  0 
 5919  0 
 5920  0 
 5921  0 
 5922  0 
 5923  0 
 5924  0 
 5925  1 
 5926  0 
 5927  0 
 5928  0 
 5929  1 
 5930  0 
 5931  0 
 5932  0 
 5933  2 
 5934  0 
 5935  0 
 5936  0 
 5937  2 
 5938  0 
 5939  0 
 5940  0 
 5941  0 
 5942  0 
 5943  0 
 5944  0 
 5945  0 
 5946  0 
 5947  0 
 5948  0 
 5949  0 
 5950  0 
 5951  0 
 5952  0 
 5953  0 
 5954  1 
 5955  0 
 5956  0 
 5957  0 
 5958  0 
 5959  0 
 5960  0 
 5961  1 
 5962  0 
 5963  0 
 5964  0 
 5965  1 
 5966  0 
 5967  0 
 5968  0 
 5969  1 
 5970  0 
 5971  0 
 5972  0 
 5973  0 
 5974  1 
 5975  0 
 5976  0 
 5977  1 
 5978  0 
 5979  1 
 5980  0 
 5981  0 
 5982  1 
 5983  0 
 5984  0 
 5985  0 
 5986  0 
 5987  0 
 5988  0 
 5989  0 
 5990  1 
 5991  0 
 5992  0 
 5993  0 
 5994  0 
 5995  0 
 5996  0 
 5997  0 
 5998  0 
 5999  0 
 6000  0 
 6001  0 
 6002  0 
 6003  2 
 6004  0 
 6005  0 
 6006  0 
 6007  1 
 6008  1 
 6009  0 
 6010  1 
 6011  0 
 6012  0 
 6013  0 
 6014  1 
 6015  1 
 6016  0 
 6017  0 
 6018  0 
 6019  0 
 6020  0 
 6021  0 
 6022  0 
 6023  1 
 6024  0 
 6025  0 
 6026  0 
 6027  0 
 6028  0 
 6029  0 
 6030  0 
 6031  0 
 6032  0 
 6033  0 
 6034  0 
 6035  0 
 6036  0 
 6037  0 
 6038  0 
 6039  0 
 6040  0 
 6041  1 
 6042  0 
 6043  0 
 6044  0 
 6045  0 
 6046  0 
 6047  0 
 6048  0 
 6049  0 
 6050  0 
 6051  0 
 6052  0 
 6053  0 
 6054  0 
 6055  0 
 6056  0 
 6057  0 
 6058  1 
 6059  0 
 6060  0 
 6061  0 
 6062  0 
 6063  0 
 6064  0 
 6065  1 
 6066  0 
 6067  0 
 6068  0 
 6069  2 
 6070  0 
 6071  0 
 6072  0 
 6073  0 
 6074  0 
 6075  0 
 6076  0 
 6077  0 
 6078  0 
 6079  0 
 6080  0 
 6081  1 
 6082  0 
 6083  1 
 6084  0 
 6085  1 
 6086  0 
 6087  0 
 6088  0 
 6089  0 
 6090  0 
 6091  0 
 6092  0 
 6093  0 
 6094  0 
 6095  0 
 6096  0 
 6097  0 
 6098  0 
 6099  0 
 6100  0 
 6101  0 
 6102  0 
 6103  0 
 6104  0 
 6105  0 
 6106  0 
 6107  1 
 6108  0 
 6109  0 
 6110  0 
 6111  0 
 6112  0 
 6113  0 
 6114  0 
 6115  0 
 6116  0 
 6117  0 
 6118  0 
 6119  0 
 6120  0 
 6121  0 
 6122  0 
 6123  0 
 6124  0 
 6125  0 
 6126  0 
 6127  0 
 6128  0 
 6129  0 
 6130  0 
 6131  0 
 6132  0 
 6133  0 
 6134  0 
 6135  0 
 6136  0 
 6137  0 
 6138  0 
 6139  0 
 6140  0 
 6141  0 
 6142  0 
 6143  0 
 6144  0 
 6145  0 
 6146  0 
 6147  0 
 6148  0 
 6149  0 
 6150  0 
 6151  0 
 6152  0 
 6153  0 
 6154  0 
 6155  0 
 6156  0 
 6157  0 
 6158  0 
 6159  0 
 6160  0 
 6161  0 
 6162  0 
 6163  0 
 6164  0 
 6165  0 
 6166  0 
 6167  0 
 6168  0 
 6169  0 
 6170  0 
 6171  0 
 6172  0 
 6173  0 
 6174  0 
 6175  0 
 6176  0 
 6177  0 
 6178  0 
 6179  0 
 6180  0 
 6181  0 
 6182  1 
 6183  0 
 6184  0 
 6185  0 
 6186  0 
 6187  0 
 6188  0 
 6189  0 
 6190  0 
 6191  0 
 6192  0 
 6193  0 
 6194  0 
 6195  0 
 6196  0 
 6197  1 
 6198  0 
 6199  0 
 6200  0 
 6201  0 
 6202  0 
 6203  0 
 6204  0 
 6205  0 
 6206  0 
 6207  0 
 6208  0 
 6209  0 
 6210  0 
 6211  0 
 6212  0 
 6213  0 
 6214  0 
 6215  0 
 6216  0 
 6217  0 
 6218  0 
 6219  0 
 6220  0 
 6221  0 
 6222  0 
 6223  0 
 6224  0 
 6225  0 
 6226  0 
 6227  1 
 6228  0 
 6229  0 
 6230  0 
 6231  0 
 6232  0 
 6233  0 
 6234  0 
 6235  0 
 6236  0 
 6237  0 
 6238  0 
 6239  0 
 6240  0 
 6241  0 
 6242  0 
 6243  0 
 6244  0 
 6245  0 
 6246  0 
 6247  0 
 6248  0 
 6249  0 
 6250  0 
 6251  0 
 6252  0 
 6253  0 
 6254  0 
 6255  0 
 6256  0 
 6257  0 
 6258  0 
 6259  0 
 6260  0 
 6261  0 
 6262  0 
 6263  0 
 6264  0 
 6265  0 
 6266  0 
 6267  0 
 6268  0 
 6269  0 
 6270  0 
 6271  0 
 6272  0 
 6273  0 
 6274  0 
 6275  0 
 6276  0 
 6277  0 
 6278  0 
 6279  0 
 6280  0 
 6281  0 
 6282  0 
 6283  0 
 6284  0 
 6285  0 
 6286  0 
 6287  0 
 6288  0 
 6289  0 
 6290  0 
 6291  0 
 6292  0 
 6293  0 
 6294  0 
 6295  0 
 6296  0 
 6297  0 
 6298  0 
 6299  0 
 6300  0 
 6301  0 
 6302  0 
 6303  0 
 6304  0 
 6305  0 
 6306  0 
 6307  0 
 6308  0 
 6309  0 
 6310  0 
 6311  0 
 6312  0 
 6313  0 
 6314  0 
 6315  1 
 6316  0 
 6317  0 
 6318  0 
 6319  0 
 6320  0 
 6321  0 
 6322  0 
 6323  0 
 6324  0 
 6325  0 
 6326  0 
 6327  0 
 6328  0 
 6329  0 
 6330  0 
 6331  0 
 6332  0 
 6333  0 
 6334  0 
 6335  0 
 6336  0 
 6337  0 
 6338  0 
 6339  0 
 6340  0 
 6341  0 
 6342  0 
 6343  0 
 6344  0 
 6345  0 
 6346  0 
 6347  0 
 6348  0 
 6349  0 
 6350  0 
 6351  0 
 6352  1 
 6353  0 
 6354  0 
 6355  0 
 6356  0 
 6357  0 
 6358  0 
 6359  0 
 6360  0 
 6361  0 
 6362  0 
 6363  0 
 6364  0 
 6365  0 
 6366  0 
 6367  0 
 6368  0 
 6369  0 
 6370  0 
 6371  0 
 6372  0 
 6373  0 
 6374  0 
 6375  0 
 6376  0 
 6377  0 
 6378  0 
 6379  0 
 6380  0 
 6381  0 
 6382  0 
 6383  0 
 6384  0 
 6385  0 
 6386  0 
 6387  0 
 6388  0 
 6389  0 
 6390  0 
 6391  0 
 6392  0 
 6393  0 
 6394  0 
 6395  0 
 6396  0 
 6397  0 
 6398  0 
 6399  0 
 6400  0 
 6401  0 
 6402  0 
 6403  0 
 6404  0 
 6405  0 
 6406  0 
 6407  0 
 6408  0 
 6409  0 
 6410  0 
 6411  0 
 6412  0 
 6413  0 
 6414  0 
 6415  0 
 6416  0 
 6417  0 
 6418  0 
 6419  0 
 6420  0 
 6421  0 
 6422  0 
 6423  0 
 6424  0 
 6425  0 
 6426  0 
 6427  0 
 6428  0 
 6429  0 
 6430  0 
 6431  0 
 6432  0 
 6433  0 
 6434  0 
 6435  0 
 6436  0 
 6437  0 
 6438  0 
 6439  0 
 6440  0 
 6441  0 
 6442  0 
 6443  0 
 6444  0 
 6445  0 
 6446  0 
 6447  0 
 6448  0 
 6449  0 
 6450  0 
 6451  0 
 6452  0 
 6453  0 
 6454  0 
 6455  0 
 6456  0 
 6457  0 
 6458  0 
 6459  0 
 6460  0 
 6461  0 
 6462  0 
 6463  0 
 6464  0 
 6465  0 
 6466  0 
 6467  0 
 6468  0 
 6469  0 
 6470  0 
 6471  0 
 6472  0 
 6473  0 
 6474  0 
 6475  0 
 6476  0 
 6477  0 
 6478  0 
 6479  0 
 6480  0 
 6481  0 
 6482  0 
 6483  0 
 6484  0 
 6485  0 
 6486  0 
 6487  0 
 6488  0 
 6489  0 
 6490  0 
 6491  0 
 6492  0 
 6493  0 
 6494  0 
 6495  0 
 6496  0 
 6497  0 
 6498  1 
 6499  0 
 6500  0 
 6501  0 
 6502  0 
 6503  0 
 6504  0 
 6505  0 
 6506  0 
 6507  0 
 6508  0 
 6509  0 
 6510  0 
 6511  0 
 6512  0 
 6513  0 
 6514  0 
 6515  0 
 6516  0 
 6517  0 
 6518  0 
 6519  1 
 6520  0 
 6521  0 
 6522  0 
 6523  0 
 6524  0 
 6525  0 
 6526  0 
 6527  0 
 6528  1 
 6529  0 
 6530  0 
 6531  0 
 6532  0 
 6533  0 
 6534  0 
 6535  0 
 6536  0 
 6537  0 
 6538  0 
 6539  0 
 6540  0 
 6541  0 
 6542  0 
 6543  0 
 6544  0 
 6545  0 
 6546  0 
 6547  0 
 6548  0 
 6549  0 
 6550  0 
 6551  0 
 6552  0 
 6553  0 
 6554  0 
 6555  0 
 6556  0 
 6557  0 
 6558  0 
 6559  0 
 6560  0 
 6561  0 
 6562  0 
 6563  0 
 6564  0 
 6565  0 
 6566  0 
 6567  0 
 6568  0 
 6569  0 
 6570  0 
 6571  0 
 6572  0 
 6573  0 
 6574  0 
 6575  0 
 6576  0 
 6577  0 
 6578  0 
 6579  0 
 6580  0 
 6581  0 
 6582  0 
 6583  0 
 6584  0 
 6585  0 
 6586  0 
 6587  0 
 6588  0 
 6589  0 
 6590  0 
 6591  0 
 6592  0 
 6593  0 
 6594  0 
 6595  0 
 6596  0 
 6597  0 
 6598  0 
 6599  0 
 6600  0 
 6601  0 
 6602  0 
 6603  0 
 6604  0 
 6605  0 
 6606  0 
 6607  0 
 6608  0 
 6609  0 
 6610  0 
 6611  0 
 6612  0 
 6613  0 
 6614  0 
 6615  0 
 6616  0 
 6617  0 
 6618  0 
 6619  0 
 6620  0 
 6621  0 
 6622  0 
 6623  0 
 6624  0 
 6625  0 
 6626  0 
 6627  0 
 6628  0 
 6629  0 
 6630  0 
 6631  0 
 6632  0 
 6633  0 
 6634  0 
 6635  0 
 6636  1 
 6637  0 
 6638  0 
 6639  0 
 6640  0 
 6641  0 
 6642  0 
 6643  0 
 6644  0 
 6645  0 
 6646  0 
 6647  0 
 6648  0 
 6649  0 
 6650  0 
 6651  0 
 6652  1 
 6653  0 
 6654  0 
 6655  0 
 6656  0 
 6657  0 
 6658  0 
 6659  0 
 6660  0 
 6661  0 
 6662  0 
 6663  0 
 6664  0 
 6665  0 
 6666  0 
 6667  0 
 6668  0 
 6669  0 
 6670  0 
 6671  0 
 6672  0 
 6673  0 
 6674  0 
 6675  0 
 6676  0 
 6677  0 
 6678  0 
 6679  0 
 6680  0 
 6681  0 
 6682  0 
 6683  0 
 6684  0 
 6685  0 
 6686  0 
 6687  0 
 6688  0 
 6689  0 
 6690  0 
 6691  0 
 6692  0 
 6693  0 
 6694  0 
 6695  0 
 6696  0 
 6697  0 
 6698  0 
 6699  0 
 6700  0 
 6701  0 
 6702  0 
 6703  0 
 6704  0 
 6705  0 
 6706  0 
 6707  0 
 6708  0 
 6709  0 
 6710  0 
 6711  0 
 6712  0 
 6713  0 
 6714  0 
 6715  0 
 6716  0 
 6717  0 
 6718  0 
 6719  0 
 6720  0 
 6721  0 
 6722  0 
 6723  0 
 6724  0 
 6725  0 
 6726  0 
 6727  0 
 6728  0 
 6729  0 
 6730  0 
 6731  0 
 6732  0 
 6733  0 
 6734  0 
 6735  0 
 6736  0 
 6737  0 
 6738  0 
 6739  0 
 6740  0 
 6741  0 
 6742  0 
 6743  0 
 6744  0 
 6745  0 
 6746  0 
 6747  0 
 6748  0 
 6749  0 
 6750  0 
 6751  0 
 6752  0 
 6753  0 
 6754  0 
 6755  0 
 6756  0 
 6757  0 
 6758  1 
 6759  0 
 6760  0 
 6761  0 
 6762  0 
 6763  0 
 6764  0 
 6765  0 
 6766  0 
 6767  0 
 6768  0 
 6769  0 
 6770  0 
 6771  0 
 6772  0 
 6773  0 
 6774  1 
 6775  0 
 6776  0 
 6777  0 
 6778  0 
 6779  0 
 6780  0 
 6781  0 
 6782  0 
 6783  0 
 6784  0 
 6785  0 
 6786  0 
 6787  0 
 6788  0 
 6789  0 
 6790  0 
 6791  0 
 6792  0 
 6793  0 
 6794  0 
 6795  0 
 6796  0 
 6797  0 
 6798  0 
 6799  0 
 6800  0 
 6801  0 
 6802  0 
 6803  0 
 6804  0 
 6805  0 
 6806  0 
 6807  0 
 6808  0 
 6809  0 
 6810  0 
 6811  0 
 6812  0 
 6813  0 
 6814  0 
 6815  0 
 6816  0 
 6817  0 
 6818  0 
 6819  0 
 6820  0 
 6821  0 
 6822  0 
 6823  0 
 6824  0 
 6825  0 
 6826  0 
 6827  0 
 6828  0 
 6829  0 
 6830  0 
 6831  0 
 6832  0 
 6833  0 
 6834  0 
 6835  0 
 6836  0 
 6837  1 
 6838  0 
 6839  0 
 6840  0 
 6841  0 
 6842  0 
 6843  0 
 6844  0 
 6845  0 
 6846  0 
 6847  0 
 6848  0 
 6849  0 
 6850  0 
 6851  0 
 6852  0 
 6853  0 
 6854  0 
 6855  0 
 6856  0 
 6857  0 
 6858  0 
 6859  0 
 6860  0 
 6861  0 
 6862  0 
 6863  0 
 6864  0 
 6865  0 
 6866  0 
 6867  0 
 6868  0 
 6869  0 
 6870  0 
 6871  0 
 6872  0 
 6873  0 
 6874  0 
 6875  0 
 6876  0 
 6877  0 
 6878  0 
 6879  0 
 6880  0 
 6881  0 
 6882  0 
 6883  0 
 6884  0 
 6885  0 
 6886  0 
 6887  0 
 6888  0 
 6889  0 
 6890  0 
 6891  0 
 6892  0 
 6893  0 
 6894  0 
 6895  0 
 6896  0 
 6897  0 
 6898  0 
 6899  0 
 6900  0 
 6901  0 
 6902  0 
 6903  0 
 6904  0 
 6905  0 
 6906  0 
 6907  0 
 6908  0 
 6909  0 
 6910  0 
 6911  0 
 6912  0 
 6913  0 
 6914  0 
 6915  0 
 6916  0 
 6917  0 
 6918  0 
 6919  0 
 6920  0 
 6921  0 
 6922  0 
 6923  0 
 6924  1 
 6925  0 
 6926  0 
 6927  0 
 6928  0 
 6929  0 
 6930  0 
 6931  0 
 6932  0 
 6933  0 
 6934  0 
 6935  0 
 6936  0 
 6937  0 
 6938  0 
 6939  0 
 6940  0 
 6941  0 
 6942  0 
 6943  0 
 6944  0 
 6945  0 
 6946  0 
 6947  0 
 6948  0 
 6949  0 
 6950  0 
 6951  0 
 6952  0 
 6953  0 
 6954  0 
 6955  0 
 6956  0 
 6957  0 
 6958  0 
 6959  0 
 6960  0 
 6961  0 
 6962  0 
 6963  0 
 6964  0 
 6965  0 
 6966  0 
 6967  0 
 6968  0 
 6969  0 
 6970  0 
 6971  0 
 6972  0 
 6973  0 
 6974  0 
 6975  0 
 6976  0 
 6977  0 
 6978  0 
 6979  0 
 6980  0 
 6981  0 
 6982  0 
 6983  0 
 6984  0 
 6985  0 
 6986  0 
 6987  0 
 6988  0 
 6989  0 
 6990  0 
 6991  0 
 6992  0 
 6993  0 
 6994  0 
 6995  0 
 6996  0 
 6997  0 
 6998  0 
 6999  0 
 7000  0 
 7001  0 
 7002  0 
 7003  0 
 7004  0 
 7005  0 
 7006  0 
 7007  0 
 7008  0 
 7009  0 
 7010  0 
 7011  0 
 7012  0 
 7013  0 
 7014  0 
 7015  0 
 7016  0 
 7017  0 
 7018  0 
 7019  0 
 7020  0 
 7021  0 
 7022  0 
 7023  0 
 7024  0 
 7025  0 
 7026  0 
 7027  0 
 7028  0 
 7029  0 
 7030  0 
 7031  0 
 7032  0 
 7033  0 
 7034  0 
 7035  0 
 7036  0 
 7037  0 
 7038  0 
 7039  0 
 7040  0 
 7041  0 
 7042  0 
 7043  0 
 7044  0 
 7045  0 
 7046  0 
 7047  0 
 7048  0 
 7049  0 
 7050  0 
 7051  0 
 7052  0 
 7053  1 
 7054  0 
 7055  0 
 7056  0 
 7057  0 
 7058  0 
 7059  0 
 7060  0 
 7061  0 
 7062  0 
 7063  0 
 7064  0 
 7065  0 
 7066  0 
 7067  0 
 7068  0 
 7069  0 
 7070  0 
 7071  0 
 7072  0 
 7073  0 
 7074  0 
 7075  1 
 7076  0 
 7077  0 
 7078  0 
 7079  0 
 7080  0 
 7081  0 
 7082  0 
 7083  0 
 7084  0 
 7085  0 
 7086  0 
 7087  0 
 7088  0 
 7089  0 
 7090  0 
 7091  0 
 7092  0 
 7093  0 
 7094  0 
 7095  0 
 7096  0 
 7097  0 
 7098  0 
 7099  0 
 7100  0 
 7101  0 
 7102  0 
 7103  0 
 7104  0 
 7105  0 
 7106  0 
 7107  0 
 7108  0 
 7109  0 
 7110  0 
 7111  0 
 7112  0 
 7113  0 
 7114  0 
 7115  0 
 7116  0 
 7117  0 
 7118  0 
 7119  0 
 7120  0 
 7121  0 
 7122  0 
 7123  0 
 7124  0 
 7125  0 
 7126  0 
 7127  0 
 7128  0 
 7129  0 
 7130  0 
 7131  0 
 7132  0 
 7133  0 
 7134  0 
 7135  0 
 7136  0 
 7137  0 
 7138  0 
 7139  0 
 7140  0 
 7141  0 
 7142  0 
 7143  0 
 7144  0 
 7145  0 
 7146  0 
 7147  0 
 7148  0 
 7149  0 
 7150  0 
 7151  0 
 7152  0 
 7153  0 
 7154  0 
 7155  0 
 7156  0 
 7157  0 
 7158  0 
 7159  0 
 7160  0 
 7161  0 
 7162  0 
 7163  0 
 7164  0 
 7165  0 
 7166  0 
 7167  0 
 7168  0 
 7169  0 
 7170  0 
 7171  0 
 7172  0 
 7173  0 
 7174  0 
 7175  0 
 7176  0 
 7177  0 
 7178  0 
 7179  0 
 7180  0 
 7181  0 
 7182  0 
 7183  0 
 7184  0 
 7185  0 
 7186  0 
 7187  0 
 7188  0 
 7189  0 
 7190  0 
 7191  0 
 7192  0 
 7193  0 
 7194  0 
 7195  0 
 7196  0 
 7197  0 
 7198  0 
 7199  0 
 7200  0 
 7201  0 
 7202  0 
 7203  0 
 7204  0 
 7205  0 
 7206  0 
 7207  0 
 7208  0 
 7209  0 
 7210  0 
 7211  0 
 7212  0 
 7213  0 
 7214  0 
 7215  0 
 7216  0 
 7217  0 
 7218  0 
 7219  0 
 7220  0 
 7221  0 
 7222  0 
 7223  0 
 7224  0 
 7225  0 
 7226  0 
 7227  0 
 7228  0 
 7229  0 
 7230  0 
 7231  0 
 7232  0 
 7233  0 
 7234  0 
 7235  0 
 7236  0 
 7237  0 
 7238  0 
 7239  0 
 7240  0 
 7241  0 
 7242  0 
 7243  0 
 7244  0 
 7245  0 
 7246  0 
 7247  0 
 7248  0 
 7249  0 
 7250  0 
 7251  0 
 7252  0 
 7253  0 
 7254  0 
 7255  0 
 7256  0 
 7257  0 
 7258  0 
 7259  0 
 7260  0 
 7261  0 
 7262  0 
 7263  0 
 7264  0 
 7265  0 
 7266  0 
 7267  0 
 7268  0 
 7269  0 
 7270  0 
 7271  0 
 7272  0 
 7273  0 
 7274  0 
 7275  0 
 7276  0 
 7277  0 
 7278  0 
 7279  0 
 7280  0 
 7281  0 
 7282  0 
 7283  0 
 7284  0 
 7285  0 
 7286  0 
 7287  0 
 7288  0 
 7289  0 
 7290  0 
 7291  0 
 7292  0 
 7293  0 
 7294  0 
 7295  0 
 7296  0 
 7297  0 
 7298  0 
 7299  0 
 7300  0 
 7301  0 
 7302  0 
 7303  0 
 7304  0 
 7305  0 
 7306  0 
 7307  0 
 7308  0 
 7309  0 
 7310  0 
 7311  0 
 7312  0 
 7313  0 
 7314  0 
 7315  0 
 7316  0 
 7317  0 
 7318  0 
 7319  0 
 7320  0 
 7321  0 
 7322  0 
 7323  0 
 7324  0 
 7325  0 
 7326  0 
 7327  0 
 7328  0 
 7329  0 
 7330  0 
 7331  0 
 7332  0 
 7333  1 
 7334  0 
 7335  0 
 7336  0 
 7337  0 
 7338  0 
 7339  0 
 7340  0 
 7341  0 
 7342  0 
 7343  0 
 7344  0 
 7345  0 
 7346  0 
 7347  0 
 7348  1 
 7349  0 
 7350  0 
 7351  0 
 7352  0 
 7353  0 
 7354  0 
 7355  0 
 7356  0 
 7357  0 
 7358  0 
 7359  0 
 7360  1 
 7361  0 
 7362  0 
 7363  0 
 7364  0 
 7365  0 
 7366  0 
 7367  0 
 7368  0 
 7369  0 
 7370  0 
 7371  0 
 7372  0 
 7373  0 
 7374  0 
 7375  0 
 7376  0 
 7377  0 
 7378  0 
 7379  0 
 7380  0 
 7381  0 
 7382  0 
 7383  0 
 7384  0 
 7385  0 
 7386  0 
 7387  0 
 7388  0 
 7389  0 
 7390  0 
 7391  1 
 7392  0 
 7393  0 
 7394  0 
 7395  0 
 7396  1 
 7397  0 
 7398  0 
 7399  0 
 7400  0 
 7401  0 
 7402  0 
 7403  0 
 7404  0 
 7405  0 
 7406  0 
 7407  0 
 7408  0 
 7409  0 
 7410  0 
 7411  0 
 7412  0 
 7413  0 
 7414  0 
 7415  0 
 7416  1 
 7417  0 
 7418  0 
 7419  0 
 7420  0 
 7421  1 
 7422  0 
 7423  0 
 7424  0 
 7425  0 
 7426  0 
 7427  0 
 7428  0 
 7429  0 
 7430  0 
 7431  0 
 7432  0 
 7433  0 
 7434  0 
 7435  0 
 7436  0 
 7437  0 
 7438  0 
 7439  0 
 7440  0 
 7441  0 
 7442  1 
 7443  0 
 7444  0 
 7445  0 
 7446  0 
 7447  0 
 7448  0 
 7449  0 
 7450  0 
 7451  0 
 7452  0 
 7453  0 
 7454  0 
 7455  0 
 7456  0 
 7457  0 
 7458  0 
 7459  0 
 7460  0 
 7461  0 
 7462  0 
 7463  0 
 7464  0 
 7465  0 
 7466  0 
 7467  0 
 7468  0 
 7469  0 
 7470  0 
 7471  0 
 7472  0 
 7473  0 
 7474  0 
 7475  0 
 7476  0 
 7477  0 
 7478  0 
 7479  0 
 7480  0 
 7481  0 
 7482  0 
 7483  0 
 7484  0 
 7485  0 
 7486  0 
 7487  1 
 7488  0 
 7489  0 
 7490  0 
 7491  0 
 7492  0 
 7493  0 
 7494  0 
 7495  0 
 7496  0 
 7497  0 
 7498  0 
 7499  0 
 7500  0 
 7501  0 
 7502  0 
 7503  0 
 7504  0 
 7505  0 
 7506  0 
 7507  0 
 7508  0 
 7509  0 
 7510  0 
 7511  0 
 7512  0 
 7513  0 
 7514  0 
 7515  0 
 7516  0 
 7517  0 
 7518  1 
 7519  0 
 7520  0 
 7521  0 
 7522  0 
 7523  0 
 7524  0 
 7525  0 
 7526  0 
 7527  1 
 7528  0 
 7529  0 
 7530  0 
 7531  0 
 7532  0 
 7533  0 
 7534  0 
 7535  0 
 7536  0 
 7537  0 
 7538  0 
 7539  0 
 7540  0 
 7541  0 
 7542  0 
 7543  0 
 7544  0 
 7545  0 
 7546  0 
 7547  0 
 7548  0 
 7549  0 
 7550  0 
 7551  0 
 7552  0 
 7553  0 
 7554  0 
 7555  0 
 7556  0 
 7557  0 
 7558  0 
 7559  0 
 7560  0 
 7561  0 
 7562  0 
 7563  0 
 7564  0 
 7565  0 
 7566  0 
 7567  0 
 7568  0 
 7569  0 
 7570  0 
 7571  2 
 7572  0 
 7573  0 
 7574  0 
 7575  0 
 7576  0 
 7577  0 
 7578  0 
 7579  0 
 7580  0 
 7581  0 
 7582  0 
 7583  0 
 7584  0 
 7585  0 
 7586  0 
 7587  0 
 7588  0 
 7589  0 
 7590  0 
 7591  0 
 7592  0 
 7593  0 
 7594  0 
 7595  0 
 7596  0 
 7597  0 
 7598  0 
 7599  0 
 7600  0 
 7601  0 
 7602  0 
 7603  0 
 7604  0 
 7605  0 
 7606  0 
 7607  0 
 7608  0 
 7609  0 
 7610  0 
 7611  1 
 7612  0 
 7613  0 
 7614  0 
 7615  0 
 7616  0 
 7617  0 
 7618  0 
 7619  0 
 7620  0 
 7621  0 
 7622  0 
 7623  0 
 7624  0 
 7625  0 
 7626  0 
 7627  0 
 7628  0 
 7629  0 
 7630  0 
 7631  0 
 7632  0 
 7633  0 
 7634  0 
 7635  0 
 7636  0 
 7637  0 
 7638  1 
 7639  0 
 7640  0 
 7641  0 
 7642  0 
 7643  0 
 7644  0 
 7645  0 
 7646  0 
 7647  0 
 7648  1 
 7649  0 
 7650  0 
 7651  0 
 7652  0 
 7653  0 
 7654  1 
 7655  0 
 7656  0 
 7657  1 
 7658  0 
 7659  0 
 7660  0 
 7661  0 
 7662  0 
 7663  0 
 7664  0 
 7665  0 
 7666  0 
 7667  1 
 7668  0 
 7669  0 
 7670  0 
 7671  0 
 7672  0 
 7673  0 
 7674  0 
 7675  0 
 7676  0 
 7677  0 
 7678  0 
 7679  0 
 7680  0 
 7681  0 
 7682  0 
 7683  0 
 7684  0 
 7685  0 
 7686  1 
 7687  0 
 7688  0 
 7689  0 
 7690  0 
 7691  0 
 7692  0 
 7693  1 
 7694  0 
 7695  0 
 7696  0 
 7697  1 
 7698  0 
 7699  0 
 7700  0 
 7701  1 
 7702  0 
 7703  0 
 7704  1 
 7705  0 
 7706  0 
 7707  1 
 7708  0 
 7709  0 
 7710  0 
 7711  0 
 7712  0 
 7713  0 
 7714  0 
 7715  0 
 7716  0 
 7717  0 
 7718  0 
 7719  0 
 7720  0 
 7721  0 
 7722  1 
 7723  0 
 7724  1 
 7725  0 
 7726  0 
 7727  0 
 7728  0 
 7729  0 
 7730  0 
 7731  0 
 7732  0 
 7733  0 
 7734  1 
 7735  0 
 7736  1 
 7737  0 
 7738  2 
 7739  0 
 7740  1 
 7741  0 
 7742  0 
 7743  0 
 7744  0 
 7745  0 
 7746  0 
 7747  0 
 7748  0 
 7749  0 
 7750  2 
 7751  0 
 7752  1 
 7753  2 
 7754  0 
 7755  0 
 7756  0 
 7757  1 
 7758  1 
 7759  0 
 7760  0 
 7761  0 
 7762  0 
 7763  0 
 7764  0 
 7765  0 
 7766  0 
 7767  1 
 7768  0 
 7769  0 
 7770  0 
 7771  1 
 7772  0 
 7773  0 
 7774  0 
 7775  0 
 7776  0 
 7777  0 
 7778  0 
 7779  0 
 7780  1 
 7781  1 
 7782  1 
 7783  2 
 7784  1 
 7785  1 
 7786  0 
 7787  0 
 7788  0 
 7789  0 
 7790  0 
 7791  1 
 7792  0 
 7793  0 
 7794  0 
 7795  0 
 7796  0 
 7797  0 
 7798  0 
 7799  0 
 7800  0 
 7801  1 
 7802  0 
 7803  1 
 7804  1 
 7805  1 
 7806  0 
 7807  1 
 7808  0 
 7809  0 
 7810  1 
 7811  0 
 7812  0 
 7813  0 
 7814  0 
 7815  2 
 7816  2 
 7817  0 
 7818  0 
 7819  1 
 7820  0 
 7821  0 
 7822  0 
 7823  1 
 7824  1 
 7825  0 
 7826  0 
 7827  1 
 7828  0 
 7829  0 
 7830  0 
 7831  0 
 7832  1 
 7833  0 
 7834  1 
 7835  0 
 7836  0 
 7837  0 
 7838  1 
 7839  0 
 7840  0 
 7841  0 
 7842  1 
 7843  0 
 7844  0 
 7845  0 
 7846  0 
 7847  1 
 7848  0 
 7849  0 
 7850  1 
 7851  0 
 7852  0 
 7853  0 
 7854  0 
 7855  1 
 7856  1 
 7857  1 
 7858  0 
 7859  0 
 7860  0 
 7861  0 
 7862  0 
 7863  0 
 7864  0 
 7865  1 
 7866  0 
 7867  0 
 7868  2 
 7869  0 
 7870  1 
 7871  0 
 7872  0 
 7873  0 
 7874  1 
 7875  1 
 7876  0 
 7877  1 
 7878  0 
 7879  0 
 7880  0 
 7881  0 
 7882  1 
 7883  0 
 7884  0 
 7885  1 
 7886  0 
 7887  0 
 7888  0 
 7889  0 
 7890  0 
 7891  1 
 7892  0 
 7893  0 
 7894  0 
 7895  1 
 7896  0 
 7897  2 
 7898  1 
 7899  0 
 7900  0 
 7901  0 
 7902  0 
 7903  0 
 7904  0 
 7905  1 
 7906  0 
 7907  1 
 7908  0 
 7909  0 
 7910  0 
 7911  0 
 7912  0 
 7913  0 
 7914  0 
 7915  0 
 7916  1 
 7917  0 
 7918  0 
 7919  0 
 7920  0 
 7921  0 
 7922  0 
 7923  0 
 7924  0 
 7925  0 
 7926  0 
 7927  0 
 7928  0 
 7929  0 
 7930  0 
 7931  0 
 7932  0 
 7933  0 
 7934  0 
 7935  0 
 7936  0 
 7937  0 
 7938  0 
 7939  0 
 7940  0 
 7941  0 
 7942  0 
 7943  0 
 7944  1 
 7945  0 
 7946  0 
 7947  0 
 7948  0 
 7949  0 
 7950  0 
 7951  0 
 7952  0 
 7953  0 
 7954  0 
 7955  0 
 7956  0 
 7957  0 
 7958  0 
 7959  0 
 7960  0 
 7961  0 
 7962  0 
 7963  0 
 7964  0 
 7965  0 
 7966  0 
 7967  0 
 7968  0 
 7969  0 
 7970  0 
 7971  0 
 7972  1 
 7973  0 
 7974  0 
 7975  0 
 7976  0 
 7977  0 
 7978  0 
 7979  0 
 7980  0 
 7981  0 
 7982  0 
 7983  0 
 7984  0 
 7985  0 
 7986  0 
 7987  0 
 7988  0 
 7989  0 
 7990  0 
 7991  0 
 7992  0 
 7993  0 
 7994  0 
 7995  0 
 7996  0 
 7997  0 
 7998  0 
 7999  0 
 8000  0 
 8001  0 
 8002  0 
 8003  0 
 8004  0 
 8005  0 
 8006  0 
 8007  0 
 8008  0 
 8009  0 
 8010  0 
 8011  0 
 8012  0 
 8013  0 
 8014  0 
 8015  0 
 8016  0 
 8017  0 
 8018  0 
 8019  0 
 8020  0 
 8021  0 
 8022  0 
 8023  0 
 8024  0 
 8025  0 
 8026  0 
 8027  0 
 8028  0 
 8029  0 
 8030  0 
 8031  0 
 8032  0 
 8033  0 
 8034  0 
 8035  0 
 8036  0 
 8037  0 
 8038  0 
 8039  0 
 8040  0 
 8041  0 
 8042  0 
 8043  0 
 8044  0 
 8045  0 
 8046  0 
 8047  0 
 8048  0 
 8049  0 
 8050  0 
 8051  0 
 8052  0 
 8053  0 
 8054  0 
 8055  0 
 8056  0 
 8057  0 
 8058  0 
 8059  0 
 8060  0 
 8061  0 
 8062  0 
 8063  0 
 8064  0 
 8065  0 
 8066  0 
 8067  0 
 8068  0 
 8069  0 
 8070  0 
 8071  0 
 8072  0 
 8073  0 
 8074  0 
 8075  0 
 8076  0 
 8077  0 
 8078  0 
 8079  0 
 8080  0 
 8081  0 
 8082  0 
 8083  0 
 8084  0 
 8085  0 
 8086  0 
 8087  0 
 8088  0 
 8089  0 
 8090  0 
 8091  0 
 8092  0 
 8093  0 
 8094  0 
 8095  0 
 8096  0 
 8097  0 
 8098  0 
 8099  0 
 8100  0 
 8101  0 
 8102  0 
 8103  0 
 8104  0 
 8105  0 
 8106  0 
 8107  0 
 8108  0 
 8109  0 
 8110  0 
 8111  0 
 8112  0 
 8113  0 
 8114  0 
 8115  0 
 8116  0 
 8117  0 
 8118  0 
 8119  0 
 8120  0 
 8121  0 
 8122  0 
 8123  0 
 8124  0 
 8125  0 
 8126  0 
 8127  0 
 8128  0 
 8129  0 
 8130  0 
 8131  0 
 8132  0 
 8133  0 
 8134  0 
 8135  0 
 8136  0 
 8137  0 
 8138  0 
 8139  0 
 8140  0 
 8141  0 
 8142  1 
 8143  0 
 8144  0 
 8145  0 
 8146  0 
 8147  0 
 8148  0 
 8149  0 
 8150  0 
 8151  0 
 8152  0 
 8153  0 
 8154  0 
 8155  0 
 8156  0 
 8157  0 
 8158  1 
 8159  0 
 8160  0 
 8161  0 
 8162  0 
 8163  0 
 8164  0 
 8165  0 
 8166  0 
 8167  0 
 8168  0 
 8169  0 
 8170  0 
 8171  0 
 8172  0 
 8173  0 
 8174  0 
 8175  0 
 8176  0 
 8177  0 
 8178  0 
 8179  0 
 8180  0 
 8181  0 
 8182  0 
 8183  0 
 8184  0 
 8185  0 
 8186  0 
 8187  0 
 8188  0 
 8189  0 
 8190  0 
 8191  0 
