 0  1512 
 1  1520 
 2  0 
 3  0 
 4  0 
 5  0 
 6  0 
 7  0 
 8  0 
 9  0 
 10  0 
 11  0 
 12  0 
 13  0 
 14  0 
 15  0 
 16  0 
 17  0 
 18  0 
 19  0 
 20  0 
 21  0 
 22  0 
 23  0 
 24  0 
 25  0 
 26  0 
 27  0 
 28  0 
 29  0 
 30  0 
 31  0 
 32  0 
 33  0 
 34  0 
 35  0 
 36  0 
 37  0 
 38  0 
 39  0 
 40  0 
 41  0 
 42  0 
 43  0 
 44  0 
 45  0 
 46  0 
 47  0 
 48  0 
 49  0 
 50  0 
 51  0 
 52  0 
 53  0 
 54  0 
 55  0 
 56  0 
 57  0 
 58  0 
 59  0 
 60  0 
 61  0 
 62  0 
 63  0 
 64  0 
 65  0 
 66  0 
 67  0 
 68  0 
 69  0 
 70  0 
 71  0 
 72  0 
 73  0 
 74  0 
 75  0 
 76  0 
 77  0 
 78  0 
 79  0 
 80  0 
 81  0 
 82  0 
 83  0 
 84  0 
 85  0 
 86  0 
 87  0 
 88  0 
 89  0 
 90  0 
 91  0 
 92  0 
 93  0 
 94  0 
 95  0 
 96  0 
 97  0 
 98  0 
 99  0 
 100  0 
 101  0 
 102  0 
 103  0 
 104  0 
 105  0 
 106  0 
 107  0 
 108  0 
 109  0 
 110  0 
 111  0 
 112  0 
 113  0 
 114  0 
 115  0 
 116  0 
 117  0 
 118  0 
 119  0 
 120  0 
 121  0 
 122  0 
 123  0 
 124  0 
 125  0 
 126  0 
 127  0 
 128  0 
 129  0 
 130  0 
 131  0 
 132  0 
 133  0 
 134  0 
 135  0 
 136  0 
 137  0 
 138  0 
 139  0 
 140  0 
 141  0 
 142  0 
 143  0 
 144  0 
 145  0 
 146  0 
 147  0 
 148  0 
 149  0 
 150  0 
 151  0 
 152  0 
 153  0 
 154  0 
 155  0 
 156  0 
 157  0 
 158  0 
 159  0 
 160  0 
 161  0 
 162  0 
 163  0 
 164  0 
 165  0 
 166  0 
 167  0 
 168  0 
 169  0 
 170  0 
 171  0 
 172  0 
 173  0 
 174  0 
 175  0 
 176  0 
 177  0 
 178  0 
 179  0 
 180  0 
 181  0 
 182  0 
 183  0 
 184  0 
 185  0 
 186  0 
 187  0 
 188  0 
 189  0 
 190  0 
 191  0 
 192  0 
 193  0 
 194  0 
 195  0 
 196  0 
 197  0 
 198  0 
 199  0 
 200  0 
 201  0 
 202  0 
 203  0 
 204  0 
 205  0 
 206  0 
 207  0 
 208  0 
 209  0 
 210  0 
 211  0 
 212  0 
 213  0 
 214  0 
 215  0 
 216  0 
 217  0 
 218  0 
 219  0 
 220  0 
 221  0 
 222  0 
 223  0 
 224  0 
 225  0 
 226  0 
 227  0 
 228  0 
 229  0 
 230  0 
 231  0 
 232  0 
 233  0 
 234  0 
 235  0 
 236  0 
 237  0 
 238  0 
 239  0 
 240  0 
 241  0 
 242  0 
 243  0 
 244  0 
 245  0 
 246  0 
 247  0 
 248  1 
 249  0 
 250  0 
 251  1 
 252  107 
 253  196 
 254  173 
 255  188 
 256  197 
 257  185 
 258  181 
 259  170 
 260  165 
 261  172 
 262  166 
 263  169 
 264  161 
 265  161 
 266  159 
 267  133 
 268  149 
 269  146 
 270  156 
 271  140 
 272  140 
 273  145 
 274  126 
 275  133 
 276  111 
 277  143 
 278  122 
 279  112 
 280  134 
 281  127 
 282  140 
 283  119 
 284  104 
 285  127 
 286  105 
 287  102 
 288  92 
 289  95 
 290  100 
 291  99 
 292  113 
 293  79 
 294  102 
 295  99 
 296  97 
 297  88 
 298  90 
 299  89 
 300  92 
 301  102 
 302  92 
 303  98 
 304  85 
 305  76 
 306  66 
 307  81 
 308  80 
 309  65 
 310  70 
 311  69 
 312  86 
 313  87 
 314  64 
 315  68 
 316  77 
 317  65 
 318  73 
 319  87 
 320  68 
 321  69 
 322  82 
 323  63 
 324  66 
 325  73 
 326  62 
 327  75 
 328  57 
 329  49 
 330  61 
 331  70 
 332  63 
 333  50 
 334  66 
 335  70 
 336  53 
 337  51 
 338  50 
 339  46 
 340  45 
 341  56 
 342  55 
 343  69 
 344  74 
 345  59 
 346  58 
 347  62 
 348  60 
 349  41 
 350  66 
 351  48 
 352  50 
 353  54 
 354  42 
 355  56 
 356  53 
 357  51 
 358  49 
 359  60 
 360  53 
 361  55 
 362  56 
 363  55 
 364  55 
 365  44 
 366  63 
 367  39 
 368  49 
 369  47 
 370  34 
 371  55 
 372  40 
 373  47 
 374  50 
 375  46 
 376  39 
 377  59 
 378  49 
 379  37 
 380  47 
 381  48 
 382  41 
 383  55 
 384  59 
 385  49 
 386  52 
 387  36 
 388  47 
 389  42 
 390  46 
 391  43 
 392  55 
 393  54 
 394  45 
 395  52 
 396  50 
 397  48 
 398  40 
 399  46 
 400  43 
 401  43 
 402  32 
 403  50 
 404  46 
 405  48 
 406  41 
 407  56 
 408  46 
 409  31 
 410  29 
 411  38 
 412  59 
 413  40 
 414  61 
 415  39 
 416  40 
 417  36 
 418  33 
 419  37 
 420  47 
 421  49 
 422  43 
 423  56 
 424  31 
 425  37 
 426  33 
 427  45 
 428  48 
 429  44 
 430  43 
 431  36 
 432  38 
 433  61 
 434  33 
 435  42 
 436  46 
 437  40 
 438  43 
 439  46 
 440  37 
 441  33 
 442  38 
 443  34 
 444  38 
 445  50 
 446  40 
 447  38 
 448  39 
 449  42 
 450  43 
 451  46 
 452  37 
 453  48 
 454  37 
 455  32 
 456  40 
 457  37 
 458  45 
 459  44 
 460  42 
 461  38 
 462  48 
 463  36 
 464  52 
 465  42 
 466  39 
 467  37 
 468  44 
 469  46 
 470  42 
 471  46 
 472  36 
 473  54 
 474  44 
 475  38 
 476  46 
 477  39 
 478  44 
 479  42 
 480  44 
 481  45 
 482  55 
 483  43 
 484  47 
 485  57 
 486  53 
 487  45 
 488  42 
 489  33 
 490  41 
 491  46 
 492  58 
 493  53 
 494  50 
 495  38 
 496  46 
 497  50 
 498  45 
 499  45 
 500  47 
 501  58 
 502  48 
 503  50 
 504  46 
 505  59 
 506  50 
 507  53 
 508  64 
 509  54 
 510  62 
 511  49 
 512  54 
 513  47 
 514  56 
 515  69 
 516  65 
 517  52 
 518  63 
 519  44 
 520  56 
 521  54 
 522  64 
 523  52 
 524  54 
 525  71 
 526  65 
 527  60 
 528  59 
 529  60 
 530  55 
 531  62 
 532  66 
 533  64 
 534  54 
 535  64 
 536  67 
 537  76 
 538  75 
 539  92 
 540  71 
 541  82 
 542  68 
 543  68 
 544  92 
 545  70 
 546  82 
 547  85 
 548  68 
 549  94 
 550  87 
 551  63 
 552  79 
 553  94 
 554  104 
 555  97 
 556  91 
 557  99 
 558  88 
 559  110 
 560  87 
 561  102 
 562  112 
 563  111 
 564  124 
 565  105 
 566  124 
 567  119 
 568  135 
 569  144 
 570  134 
 571  145 
 572  125 
 573  133 
 574  138 
 575  136 
 576  151 
 577  165 
 578  163 
 579  162 
 580  182 
 581  172 
 582  190 
 583  182 
 584  194 
 585  194 
 586  191 
 587  203 
 588  223 
 589  222 
 590  215 
 591  211 
 592  230 
 593  216 
 594  239 
 595  255 
 596  241 
 597  262 
 598  241 
 599  243 
 600  260 
 601  268 
 602  270 
 603  266 
 604  240 
 605  266 
 606  277 
 607  273 
 608  265 
 609  295 
 610  305 
 611  284 
 612  288 
 613  268 
 614  276 
 615  279 
 616  268 
 617  299 
 618  284 
 619  274 
 620  288 
 621  268 
 622  292 
 623  269 
 624  325 
 625  314 
 626  296 
 627  274 
 628  259 
 629  269 
 630  286 
 631  261 
 632  267 
 633  249 
 634  261 
 635  298 
 636  266 
 637  267 
 638  251 
 639  252 
 640  238 
 641  248 
 642  256 
 643  247 
 644  227 
 645  209 
 646  226 
 647  217 
 648  209 
 649  227 
 650  218 
 651  196 
 652  220 
 653  185 
 654  191 
 655  182 
 656  182 
 657  160 
 658  155 
 659  196 
 660  177 
 661  143 
 662  172 
 663  179 
 664  134 
 665  142 
 666  135 
 667  158 
 668  145 
 669  148 
 670  114 
 671  106 
 672  127 
 673  129 
 674  113 
 675  105 
 676  133 
 677  133 
 678  115 
 679  111 
 680  79 
 681  82 
 682  86 
 683  95 
 684  84 
 685  85 
 686  82 
 687  79 
 688  83 
 689  80 
 690  79 
 691  76 
 692  62 
 693  76 
 694  73 
 695  56 
 696  71 
 697  61 
 698  52 
 699  44 
 700  72 
 701  54 
 702  62 
 703  44 
 704  38 
 705  48 
 706  53 
 707  49 
 708  45 
 709  46 
 710  36 
 711  46 
 712  33 
 713  37 
 714  46 
 715  35 
 716  39 
 717  38 
 718  38 
 719  42 
 720  46 
 721  23 
 722  50 
 723  30 
 724  29 
 725  31 
 726  26 
 727  39 
 728  37 
 729  44 
 730  34 
 731  36 
 732  36 
 733  28 
 734  38 
 735  30 
 736  40 
 737  34 
 738  35 
 739  28 
 740  31 
 741  23 
 742  23 
 743  36 
 744  30 
 745  28 
 746  28 
 747  32 
 748  32 
 749  22 
 750  23 
 751  27 
 752  36 
 753  26 
 754  26 
 755  24 
 756  28 
 757  20 
 758  26 
 759  27 
 760  24 
 761  18 
 762  25 
 763  28 
 764  32 
 765  24 
 766  24 
 767  35 
 768  28 
 769  26 
 770  27 
 771  18 
 772  26 
 773  28 
 774  21 
 775  18 
 776  19 
 777  28 
 778  25 
 779  31 
 780  29 
 781  26 
 782  35 
 783  18 
 784  27 
 785  33 
 786  29 
 787  25 
 788  27 
 789  24 
 790  32 
 791  28 
 792  24 
 793  32 
 794  19 
 795  28 
 796  26 
 797  25 
 798  25 
 799  25 
 800  30 
 801  29 
 802  33 
 803  29 
 804  30 
 805  23 
 806  34 
 807  18 
 808  26 
 809  24 
 810  28 
 811  20 
 812  24 
 813  37 
 814  28 
 815  28 
 816  32 
 817  16 
 818  21 
 819  15 
 820  26 
 821  26 
 822  28 
 823  27 
 824  16 
 825  22 
 826  34 
 827  19 
 828  28 
 829  23 
 830  28 
 831  34 
 832  17 
 833  24 
 834  23 
 835  21 
 836  28 
 837  35 
 838  32 
 839  27 
 840  22 
 841  22 
 842  26 
 843  31 
 844  26 
 845  20 
 846  21 
 847  24 
 848  22 
 849  21 
 850  32 
 851  19 
 852  24 
 853  25 
 854  24 
 855  33 
 856  36 
 857  19 
 858  19 
 859  20 
 860  32 
 861  23 
 862  28 
 863  21 
 864  22 
 865  27 
 866  34 
 867  24 
 868  19 
 869  39 
 870  17 
 871  23 
 872  25 
 873  26 
 874  28 
 875  29 
 876  27 
 877  19 
 878  31 
 879  24 
 880  17 
 881  17 
 882  26 
 883  32 
 884  23 
 885  28 
 886  28 
 887  29 
 888  29 
 889  23 
 890  24 
 891  19 
 892  25 
 893  23 
 894  17 
 895  24 
 896  31 
 897  25 
 898  20 
 899  20 
 900  26 
 901  21 
 902  25 
 903  23 
 904  24 
 905  20 
 906  21 
 907  19 
 908  28 
 909  27 
 910  15 
 911  25 
 912  29 
 913  25 
 914  28 
 915  22 
 916  25 
 917  21 
 918  31 
 919  21 
 920  32 
 921  32 
 922  18 
 923  23 
 924  17 
 925  28 
 926  22 
 927  24 
 928  33 
 929  30 
 930  25 
 931  23 
 932  23 
 933  23 
 934  22 
 935  28 
 936  22 
 937  20 
 938  14 
 939  33 
 940  24 
 941  24 
 942  29 
 943  33 
 944  23 
 945  33 
 946  25 
 947  19 
 948  16 
 949  26 
 950  24 
 951  26 
 952  28 
 953  23 
 954  24 
 955  29 
 956  27 
 957  22 
 958  15 
 959  16 
 960  28 
 961  16 
 962  34 
 963  29 
 964  21 
 965  30 
 966  25 
 967  27 
 968  19 
 969  31 
 970  17 
 971  12 
 972  9 
 973  28 
 974  25 
 975  24 
 976  24 
 977  29 
 978  19 
 979  25 
 980  20 
 981  35 
 982  17 
 983  23 
 984  21 
 985  24 
 986  22 
 987  21 
 988  18 
 989  24 
 990  25 
 991  21 
 992  25 
 993  24 
 994  29 
 995  17 
 996  26 
 997  23 
 998  28 
 999  30 
 1000  19 
 1001  29 
 1002  26 
 1003  22 
 1004  21 
 1005  28 
 1006  35 
 1007  22 
 1008  23 
 1009  37 
 1010  24 
 1011  23 
 1012  20 
 1013  33 
 1014  15 
 1015  20 
 1016  34 
 1017  31 
 1018  23 
 1019  20 
 1020  29 
 1021  17 
 1022  15 
 1023  14 
 1024  34 
 1025  20 
 1026  17 
 1027  16 
 1028  30 
 1029  26 
 1030  18 
 1031  38 
 1032  20 
 1033  20 
 1034  28 
 1035  20 
 1036  30 
 1037  18 
 1038  19 
 1039  22 
 1040  23 
 1041  23 
 1042  22 
 1043  20 
 1044  24 
 1045  27 
 1046  19 
 1047  20 
 1048  26 
 1049  13 
 1050  13 
 1051  19 
 1052  20 
 1053  28 
 1054  23 
 1055  23 
 1056  25 
 1057  23 
 1058  30 
 1059  26 
 1060  21 
 1061  18 
 1062  26 
 1063  24 
 1064  21 
 1065  20 
 1066  12 
 1067  27 
 1068  23 
 1069  18 
 1070  21 
 1071  14 
 1072  28 
 1073  20 
 1074  26 
 1075  25 
 1076  24 
 1077  25 
 1078  23 
 1079  24 
 1080  16 
 1081  19 
 1082  20 
 1083  20 
 1084  32 
 1085  28 
 1086  25 
 1087  21 
 1088  16 
 1089  22 
 1090  22 
 1091  22 
 1092  18 
 1093  26 
 1094  15 
 1095  24 
 1096  20 
 1097  17 
 1098  32 
 1099  24 
 1100  17 
 1101  25 
 1102  17 
 1103  27 
 1104  26 
 1105  21 
 1106  23 
 1107  21 
 1108  23 
 1109  21 
 1110  19 
 1111  16 
 1112  24 
 1113  22 
 1114  23 
 1115  18 
 1116  26 
 1117  24 
 1118  28 
 1119  20 
 1120  17 
 1121  24 
 1122  18 
 1123  22 
 1124  18 
 1125  23 
 1126  19 
 1127  27 
 1128  20 
 1129  22 
 1130  22 
 1131  31 
 1132  22 
 1133  23 
 1134  18 
 1135  16 
 1136  21 
 1137  17 
 1138  31 
 1139  21 
 1140  24 
 1141  16 
 1142  21 
 1143  30 
 1144  17 
 1145  27 
 1146  18 
 1147  28 
 1148  30 
 1149  21 
 1150  24 
 1151  26 
 1152  20 
 1153  22 
 1154  28 
 1155  27 
 1156  24 
 1157  24 
 1158  19 
 1159  20 
 1160  27 
 1161  25 
 1162  22 
 1163  22 
 1164  23 
 1165  19 
 1166  15 
 1167  20 
 1168  22 
 1169  27 
 1170  25 
 1171  27 
 1172  25 
 1173  19 
 1174  27 
 1175  19 
 1176  27 
 1177  14 
 1178  28 
 1179  24 
 1180  17 
 1181  21 
 1182  29 
 1183  15 
 1184  20 
 1185  13 
 1186  16 
 1187  18 
 1188  29 
 1189  19 
 1190  27 
 1191  21 
 1192  26 
 1193  22 
 1194  17 
 1195  32 
 1196  21 
 1197  21 
 1198  14 
 1199  30 
 1200  23 
 1201  25 
 1202  19 
 1203  20 
 1204  15 
 1205  13 
 1206  28 
 1207  24 
 1208  19 
 1209  23 
 1210  21 
 1211  21 
 1212  23 
 1213  27 
 1214  14 
 1215  19 
 1216  19 
 1217  16 
 1218  16 
 1219  30 
 1220  17 
 1221  27 
 1222  16 
 1223  26 
 1224  22 
 1225  15 
 1226  17 
 1227  24 
 1228  20 
 1229  22 
 1230  24 
 1231  12 
 1232  27 
 1233  27 
 1234  17 
 1235  22 
 1236  18 
 1237  17 
 1238  19 
 1239  17 
 1240  22 
 1241  33 
 1242  15 
 1243  17 
 1244  23 
 1245  20 
 1246  14 
 1247  24 
 1248  23 
 1249  14 
 1250  17 
 1251  24 
 1252  19 
 1253  15 
 1254  15 
 1255  20 
 1256  22 
 1257  19 
 1258  26 
 1259  12 
 1260  22 
 1261  21 
 1262  14 
 1263  14 
 1264  19 
 1265  18 
 1266  23 
 1267  15 
 1268  23 
 1269  14 
 1270  13 
 1271  17 
 1272  19 
 1273  24 
 1274  17 
 1275  27 
 1276  20 
 1277  22 
 1278  30 
 1279  16 
 1280  25 
 1281  18 
 1282  26 
 1283  19 
 1284  22 
 1285  21 
 1286  20 
 1287  15 
 1288  16 
 1289  23 
 1290  13 
 1291  19 
 1292  20 
 1293  21 
 1294  21 
 1295  21 
 1296  15 
 1297  12 
 1298  22 
 1299  24 
 1300  17 
 1301  26 
 1302  25 
 1303  19 
 1304  25 
 1305  18 
 1306  10 
 1307  24 
 1308  16 
 1309  20 
 1310  26 
 1311  28 
 1312  25 
 1313  22 
 1314  23 
 1315  21 
 1316  22 
 1317  20 
 1318  13 
 1319  21 
 1320  22 
 1321  18 
 1322  18 
 1323  23 
 1324  19 
 1325  18 
 1326  23 
 1327  33 
 1328  18 
 1329  18 
 1330  19 
 1331  18 
 1332  21 
 1333  15 
 1334  20 
 1335  21 
 1336  24 
 1337  18 
 1338  23 
 1339  22 
 1340  14 
 1341  12 
 1342  13 
 1343  21 
 1344  23 
 1345  19 
 1346  15 
 1347  21 
 1348  10 
 1349  20 
 1350  21 
 1351  20 
 1352  23 
 1353  16 
 1354  16 
 1355  16 
 1356  30 
 1357  21 
 1358  19 
 1359  13 
 1360  24 
 1361  20 
 1362  19 
 1363  17 
 1364  14 
 1365  26 
 1366  24 
 1367  21 
 1368  16 
 1369  11 
 1370  16 
 1371  18 
 1372  22 
 1373  15 
 1374  19 
 1375  21 
 1376  21 
 1377  22 
 1378  17 
 1379  25 
 1380  20 
 1381  14 
 1382  14 
 1383  9 
 1384  24 
 1385  17 
 1386  19 
 1387  21 
 1388  21 
 1389  25 
 1390  17 
 1391  27 
 1392  23 
 1393  17 
 1394  10 
 1395  23 
 1396  21 
 1397  20 
 1398  14 
 1399  15 
 1400  24 
 1401  18 
 1402  17 
 1403  27 
 1404  11 
 1405  18 
 1406  17 
 1407  19 
 1408  23 
 1409  14 
 1410  15 
 1411  18 
 1412  21 
 1413  24 
 1414  19 
 1415  16 
 1416  21 
 1417  21 
 1418  17 
 1419  18 
 1420  21 
 1421  16 
 1422  17 
 1423  23 
 1424  20 
 1425  15 
 1426  22 
 1427  13 
 1428  26 
 1429  26 
 1430  16 
 1431  23 
 1432  26 
 1433  26 
 1434  11 
 1435  22 
 1436  21 
 1437  20 
 1438  13 
 1439  21 
 1440  20 
 1441  27 
 1442  20 
 1443  16 
 1444  20 
 1445  11 
 1446  13 
 1447  18 
 1448  14 
 1449  21 
 1450  13 
 1451  15 
 1452  15 
 1453  17 
 1454  16 
 1455  15 
 1456  18 
 1457  18 
 1458  24 
 1459  20 
 1460  14 
 1461  15 
 1462  19 
 1463  21 
 1464  25 
 1465  14 
 1466  8 
 1467  14 
 1468  14 
 1469  16 
 1470  6 
 1471  26 
 1472  17 
 1473  22 
 1474  25 
 1475  15 
 1476  18 
 1477  11 
 1478  20 
 1479  20 
 1480  15 
 1481  19 
 1482  21 
 1483  17 
 1484  17 
 1485  18 
 1486  15 
 1487  12 
 1488  20 
 1489  28 
 1490  18 
 1491  13 
 1492  17 
 1493  22 
 1494  14 
 1495  24 
 1496  16 
 1497  15 
 1498  25 
 1499  30 
 1500  22 
 1501  20 
 1502  13 
 1503  20 
 1504  20 
 1505  22 
 1506  10 
 1507  18 
 1508  18 
 1509  16 
 1510  13 
 1511  17 
 1512  25 
 1513  18 
 1514  25 
 1515  25 
 1516  24 
 1517  23 
 1518  16 
 1519  17 
 1520  21 
 1521  20 
 1522  30 
 1523  25 
 1524  15 
 1525  22 
 1526  17 
 1527  15 
 1528  15 
 1529  17 
 1530  24 
 1531  8 
 1532  12 
 1533  16 
 1534  18 
 1535  18 
 1536  19 
 1537  15 
 1538  25 
 1539  13 
 1540  19 
 1541  26 
 1542  19 
 1543  14 
 1544  19 
 1545  19 
 1546  23 
 1547  14 
 1548  23 
 1549  16 
 1550  14 
 1551  15 
 1552  17 
 1553  14 
 1554  19 
 1555  21 
 1556  15 
 1557  18 
 1558  17 
 1559  21 
 1560  20 
 1561  18 
 1562  19 
 1563  23 
 1564  9 
 1565  14 
 1566  19 
 1567  17 
 1568  18 
 1569  22 
 1570  18 
 1571  19 
 1572  17 
 1573  20 
 1574  14 
 1575  14 
 1576  22 
 1577  17 
 1578  18 
 1579  17 
 1580  24 
 1581  22 
 1582  20 
 1583  17 
 1584  32 
 1585  23 
 1586  22 
 1587  15 
 1588  21 
 1589  9 
 1590  14 
 1591  20 
 1592  13 
 1593  13 
 1594  16 
 1595  16 
 1596  17 
 1597  15 
 1598  17 
 1599  21 
 1600  17 
 1601  21 
 1602  19 
 1603  18 
 1604  12 
 1605  12 
 1606  15 
 1607  22 
 1608  20 
 1609  17 
 1610  21 
 1611  16 
 1612  17 
 1613  16 
 1614  15 
 1615  16 
 1616  11 
 1617  16 
 1618  18 
 1619  16 
 1620  19 
 1621  23 
 1622  25 
 1623  16 
 1624  13 
 1625  16 
 1626  9 
 1627  21 
 1628  12 
 1629  17 
 1630  15 
 1631  18 
 1632  20 
 1633  16 
 1634  27 
 1635  10 
 1636  17 
 1637  25 
 1638  21 
 1639  17 
 1640  18 
 1641  10 
 1642  21 
 1643  12 
 1644  26 
 1645  17 
 1646  16 
 1647  19 
 1648  15 
 1649  20 
 1650  20 
 1651  15 
 1652  21 
 1653  16 
 1654  17 
 1655  19 
 1656  15 
 1657  21 
 1658  16 
 1659  19 
 1660  18 
 1661  10 
 1662  19 
 1663  25 
 1664  24 
 1665  13 
 1666  11 
 1667  16 
 1668  14 
 1669  19 
 1670  15 
 1671  15 
 1672  21 
 1673  16 
 1674  12 
 1675  17 
 1676  16 
 1677  13 
 1678  19 
 1679  14 
 1680  11 
 1681  22 
 1682  16 
 1683  14 
 1684  24 
 1685  15 
 1686  25 
 1687  17 
 1688  21 
 1689  16 
 1690  23 
 1691  15 
 1692  17 
 1693  13 
 1694  10 
 1695  21 
 1696  16 
 1697  13 
 1698  16 
 1699  11 
 1700  11 
 1701  18 
 1702  16 
 1703  15 
 1704  15 
 1705  21 
 1706  12 
 1707  20 
 1708  21 
 1709  18 
 1710  22 
 1711  19 
 1712  14 
 1713  10 
 1714  17 
 1715  9 
 1716  17 
 1717  15 
 1718  20 
 1719  19 
 1720  20 
 1721  15 
 1722  12 
 1723  17 
 1724  19 
 1725  15 
 1726  26 
 1727  17 
 1728  15 
 1729  19 
 1730  21 
 1731  18 
 1732  18 
 1733  14 
 1734  24 
 1735  15 
 1736  21 
 1737  22 
 1738  14 
 1739  17 
 1740  18 
 1741  22 
 1742  12 
 1743  22 
 1744  14 
 1745  17 
 1746  17 
 1747  17 
 1748  20 
 1749  19 
 1750  18 
 1751  14 
 1752  11 
 1753  20 
 1754  14 
 1755  19 
 1756  15 
 1757  16 
 1758  22 
 1759  20 
 1760  17 
 1761  22 
 1762  21 
 1763  15 
 1764  13 
 1765  20 
 1766  13 
 1767  14 
 1768  22 
 1769  19 
 1770  16 
 1771  13 
 1772  17 
 1773  16 
 1774  18 
 1775  29 
 1776  13 
 1777  20 
 1778  16 
 1779  20 
 1780  21 
 1781  17 
 1782  22 
 1783  15 
 1784  17 
 1785  15 
 1786  19 
 1787  14 
 1788  6 
 1789  17 
 1790  13 
 1791  20 
 1792  20 
 1793  17 
 1794  10 
 1795  16 
 1796  20 
 1797  22 
 1798  19 
 1799  17 
 1800  12 
 1801  14 
 1802  18 
 1803  8 
 1804  26 
 1805  22 
 1806  6 
 1807  21 
 1808  18 
 1809  18 
 1810  13 
 1811  16 
 1812  16 
 1813  14 
 1814  22 
 1815  16 
 1816  14 
 1817  19 
 1818  16 
 1819  18 
 1820  12 
 1821  16 
 1822  19 
 1823  13 
 1824  18 
 1825  12 
 1826  15 
 1827  20 
 1828  20 
 1829  22 
 1830  17 
 1831  22 
 1832  23 
 1833  14 
 1834  19 
 1835  15 
 1836  14 
 1837  21 
 1838  15 
 1839  16 
 1840  23 
 1841  16 
 1842  14 
 1843  12 
 1844  18 
 1845  14 
 1846  9 
 1847  13 
 1848  12 
 1849  16 
 1850  18 
 1851  11 
 1852  20 
 1853  15 
 1854  13 
 1855  29 
 1856  17 
 1857  14 
 1858  14 
 1859  16 
 1860  19 
 1861  15 
 1862  14 
 1863  16 
 1864  15 
 1865  14 
 1866  19 
 1867  19 
 1868  17 
 1869  16 
 1870  15 
 1871  20 
 1872  19 
 1873  18 
 1874  12 
 1875  17 
 1876  11 
 1877  18 
 1878  13 
 1879  13 
 1880  14 
 1881  13 
 1882  17 
 1883  19 
 1884  13 
 1885  14 
 1886  12 
 1887  21 
 1888  13 
 1889  17 
 1890  8 
 1891  13 
 1892  15 
 1893  19 
 1894  19 
 1895  22 
 1896  18 
 1897  13 
 1898  20 
 1899  15 
 1900  11 
 1901  14 
 1902  20 
 1903  6 
 1904  14 
 1905  15 
 1906  11 
 1907  19 
 1908  14 
 1909  17 
 1910  11 
 1911  17 
 1912  12 
 1913  14 
 1914  18 
 1915  17 
 1916  17 
 1917  16 
 1918  15 
 1919  17 
 1920  13 
 1921  20 
 1922  21 
 1923  20 
 1924  21 
 1925  12 
 1926  11 
 1927  13 
 1928  13 
 1929  11 
 1930  14 
 1931  19 
 1932  12 
 1933  13 
 1934  20 
 1935  16 
 1936  11 
 1937  11 
 1938  18 
 1939  13 
 1940  18 
 1941  25 
 1942  10 
 1943  12 
 1944  20 
 1945  19 
 1946  13 
 1947  20 
 1948  18 
 1949  13 
 1950  12 
 1951  19 
 1952  21 
 1953  10 
 1954  19 
 1955  15 
 1956  21 
 1957  21 
 1958  15 
 1959  20 
 1960  8 
 1961  23 
 1962  21 
 1963  8 
 1964  21 
 1965  12 
 1966  15 
 1967  11 
 1968  14 
 1969  20 
 1970  21 
 1971  16 
 1972  18 
 1973  10 
 1974  14 
 1975  16 
 1976  23 
 1977  6 
 1978  17 
 1979  13 
 1980  18 
 1981  19 
 1982  16 
 1983  17 
 1984  11 
 1985  15 
 1986  14 
 1987  8 
 1988  15 
 1989  6 
 1990  16 
 1991  16 
 1992  12 
 1993  16 
 1994  20 
 1995  16 
 1996  13 
 1997  10 
 1998  16 
 1999  20 
 2000  23 
 2001  19 
 2002  15 
 2003  15 
 2004  15 
 2005  18 
 2006  19 
 2007  14 
 2008  18 
 2009  21 
 2010  10 
 2011  23 
 2012  10 
 2013  7 
 2014  19 
 2015  22 
 2016  15 
 2017  21 
 2018  17 
 2019  14 
 2020  14 
 2021  8 
 2022  20 
 2023  17 
 2024  17 
 2025  18 
 2026  9 
 2027  14 
 2028  18 
 2029  16 
 2030  15 
 2031  19 
 2032  15 
 2033  11 
 2034  15 
 2035  15 
 2036  16 
 2037  14 
 2038  13 
 2039  18 
 2040  16 
 2041  10 
 2042  12 
 2043  13 
 2044  18 
 2045  16 
 2046  18 
 2047  8 
 2048  16 
 2049  16 
 2050  17 
 2051  18 
 2052  15 
 2053  16 
 2054  8 
 2055  15 
 2056  13 
 2057  12 
 2058  10 
 2059  19 
 2060  15 
 2061  16 
 2062  20 
 2063  6 
 2064  12 
 2065  16 
 2066  18 
 2067  16 
 2068  20 
 2069  16 
 2070  21 
 2071  15 
 2072  15 
 2073  20 
 2074  18 
 2075  12 
 2076  10 
 2077  17 
 2078  19 
 2079  15 
 2080  20 
 2081  15 
 2082  16 
 2083  13 
 2084  25 
 2085  13 
 2086  11 
 2087  16 
 2088  20 
 2089  11 
 2090  19 
 2091  12 
 2092  11 
 2093  15 
 2094  15 
 2095  16 
 2096  16 
 2097  19 
 2098  15 
 2099  10 
 2100  16 
 2101  13 
 2102  16 
 2103  13 
 2104  17 
 2105  12 
 2106  23 
 2107  13 
 2108  11 
 2109  17 
 2110  6 
 2111  11 
 2112  21 
 2113  20 
 2114  20 
 2115  10 
 2116  16 
 2117  13 
 2118  14 
 2119  12 
 2120  10 
 2121  18 
 2122  18 
 2123  14 
 2124  13 
 2125  26 
 2126  8 
 2127  25 
 2128  14 
 2129  16 
 2130  11 
 2131  11 
 2132  12 
 2133  21 
 2134  15 
 2135  9 
 2136  17 
 2137  16 
 2138  20 
 2139  20 
 2140  15 
 2141  7 
 2142  16 
 2143  16 
 2144  14 
 2145  11 
 2146  21 
 2147  17 
 2148  15 
 2149  14 
 2150  10 
 2151  19 
 2152  13 
 2153  11 
 2154  16 
 2155  18 
 2156  14 
 2157  15 
 2158  15 
 2159  11 
 2160  14 
 2161  16 
 2162  16 
 2163  17 
 2164  11 
 2165  8 
 2166  17 
 2167  18 
 2168  11 
 2169  14 
 2170  9 
 2171  17 
 2172  9 
 2173  16 
 2174  13 
 2175  16 
 2176  15 
 2177  17 
 2178  17 
 2179  10 
 2180  15 
 2181  14 
 2182  16 
 2183  10 
 2184  12 
 2185  16 
 2186  16 
 2187  16 
 2188  16 
 2189  18 
 2190  11 
 2191  12 
 2192  12 
 2193  11 
 2194  9 
 2195  17 
 2196  15 
 2197  17 
 2198  12 
 2199  12 
 2200  20 
 2201  6 
 2202  9 
 2203  9 
 2204  18 
 2205  16 
 2206  18 
 2207  15 
 2208  18 
 2209  12 
 2210  15 
 2211  17 
 2212  14 
 2213  14 
 2214  19 
 2215  16 
 2216  11 
 2217  11 
 2218  18 
 2219  10 
 2220  12 
 2221  5 
 2222  13 
 2223  10 
 2224  12 
 2225  17 
 2226  11 
 2227  12 
 2228  7 
 2229  12 
 2230  11 
 2231  8 
 2232  15 
 2233  5 
 2234  15 
 2235  10 
 2236  16 
 2237  18 
 2238  17 
 2239  22 
 2240  9 
 2241  13 
 2242  9 
 2243  10 
 2244  4 
 2245  17 
 2246  19 
 2247  10 
 2248  15 
 2249  9 
 2250  14 
 2251  21 
 2252  16 
 2253  14 
 2254  13 
 2255  12 
 2256  13 
 2257  11 
 2258  12 
 2259  11 
 2260  14 
 2261  12 
 2262  13 
 2263  15 
 2264  11 
 2265  16 
 2266  12 
 2267  18 
 2268  10 
 2269  11 
 2270  16 
 2271  17 
 2272  16 
 2273  11 
 2274  13 
 2275  22 
 2276  15 
 2277  14 
 2278  12 
 2279  11 
 2280  14 
 2281  19 
 2282  7 
 2283  17 
 2284  14 
 2285  8 
 2286  13 
 2287  17 
 2288  17 
 2289  15 
 2290  13 
 2291  15 
 2292  14 
 2293  12 
 2294  8 
 2295  17 
 2296  14 
 2297  17 
 2298  12 
 2299  20 
 2300  8 
 2301  12 
 2302  17 
 2303  6 
 2304  17 
 2305  12 
 2306  14 
 2307  10 
 2308  10 
 2309  16 
 2310  11 
 2311  12 
 2312  14 
 2313  14 
 2314  16 
 2315  20 
 2316  16 
 2317  10 
 2318  11 
 2319  12 
 2320  14 
 2321  6 
 2322  13 
 2323  17 
 2324  18 
 2325  19 
 2326  20 
 2327  11 
 2328  9 
 2329  16 
 2330  10 
 2331  14 
 2332  14 
 2333  17 
 2334  16 
 2335  8 
 2336  17 
 2337  13 
 2338  17 
 2339  13 
 2340  9 
 2341  15 
 2342  16 
 2343  9 
 2344  10 
 2345  15 
 2346  11 
 2347  19 
 2348  14 
 2349  14 
 2350  12 
 2351  12 
 2352  16 
 2353  14 
 2354  16 
 2355  11 
 2356  14 
 2357  14 
 2358  9 
 2359  11 
 2360  13 
 2361  13 
 2362  12 
 2363  7 
 2364  14 
 2365  14 
 2366  17 
 2367  10 
 2368  10 
 2369  12 
 2370  14 
 2371  16 
 2372  15 
 2373  18 
 2374  11 
 2375  21 
 2376  5 
 2377  23 
 2378  7 
 2379  15 
 2380  18 
 2381  11 
 2382  14 
 2383  9 
 2384  9 
 2385  9 
 2386  11 
 2387  11 
 2388  14 
 2389  14 
 2390  15 
 2391  13 
 2392  12 
 2393  11 
 2394  14 
 2395  8 
 2396  12 
 2397  13 
 2398  14 
 2399  19 
 2400  16 
 2401  9 
 2402  12 
 2403  13 
 2404  9 
 2405  9 
 2406  9 
 2407  10 
 2408  14 
 2409  17 
 2410  18 
 2411  16 
 2412  13 
 2413  6 
 2414  13 
 2415  14 
 2416  15 
 2417  12 
 2418  11 
 2419  16 
 2420  11 
 2421  15 
 2422  13 
 2423  17 
 2424  9 
 2425  10 
 2426  12 
 2427  10 
 2428  15 
 2429  16 
 2430  18 
 2431  8 
 2432  8 
 2433  19 
 2434  19 
 2435  11 
 2436  11 
 2437  10 
 2438  10 
 2439  18 
 2440  14 
 2441  14 
 2442  6 
 2443  11 
 2444  20 
 2445  13 
 2446  8 
 2447  13 
 2448  17 
 2449  12 
 2450  15 
 2451  15 
 2452  5 
 2453  16 
 2454  9 
 2455  11 
 2456  7 
 2457  12 
 2458  11 
 2459  15 
 2460  13 
 2461  7 
 2462  14 
 2463  13 
 2464  16 
 2465  8 
 2466  11 
 2467  11 
 2468  19 
 2469  22 
 2470  11 
 2471  18 
 2472  8 
 2473  7 
 2474  14 
 2475  10 
 2476  12 
 2477  15 
 2478  19 
 2479  10 
 2480  12 
 2481  18 
 2482  11 
 2483  19 
 2484  10 
 2485  8 
 2486  17 
 2487  15 
 2488  13 
 2489  17 
 2490  10 
 2491  14 
 2492  14 
 2493  11 
 2494  11 
 2495  19 
 2496  13 
 2497  11 
 2498  12 
 2499  9 
 2500  12 
 2501  15 
 2502  15 
 2503  15 
 2504  16 
 2505  15 
 2506  15 
 2507  9 
 2508  10 
 2509  10 
 2510  13 
 2511  22 
 2512  13 
 2513  10 
 2514  10 
 2515  14 
 2516  6 
 2517  21 
 2518  10 
 2519  10 
 2520  20 
 2521  9 
 2522  8 
 2523  8 
 2524  7 
 2525  13 
 2526  20 
 2527  16 
 2528  11 
 2529  10 
 2530  16 
 2531  8 
 2532  15 
 2533  15 
 2534  13 
 2535  19 
 2536  17 
 2537  11 
 2538  10 
 2539  16 
 2540  17 
 2541  17 
 2542  15 
 2543  9 
 2544  15 
 2545  13 
 2546  16 
 2547  11 
 2548  12 
 2549  9 
 2550  10 
 2551  11 
 2552  13 
 2553  13 
 2554  6 
 2555  9 
 2556  12 
 2557  17 
 2558  10 
 2559  16 
 2560  16 
 2561  16 
 2562  12 
 2563  7 
 2564  13 
 2565  6 
 2566  14 
 2567  16 
 2568  13 
 2569  12 
 2570  12 
 2571  14 
 2572  11 
 2573  11 
 2574  18 
 2575  17 
 2576  15 
 2577  10 
 2578  11 
 2579  9 
 2580  18 
 2581  6 
 2582  13 
 2583  16 
 2584  9 
 2585  15 
 2586  12 
 2587  19 
 2588  13 
 2589  10 
 2590  10 
 2591  15 
 2592  13 
 2593  11 
 2594  8 
 2595  9 
 2596  8 
 2597  17 
 2598  11 
 2599  14 
 2600  12 
 2601  8 
 2602  12 
 2603  22 
 2604  15 
 2605  5 
 2606  9 
 2607  23 
 2608  14 
 2609  7 
 2610  11 
 2611  13 
 2612  12 
 2613  13 
 2614  14 
 2615  13 
 2616  9 
 2617  14 
 2618  15 
 2619  9 
 2620  17 
 2621  15 
 2622  15 
 2623  11 
 2624  16 
 2625  21 
 2626  12 
 2627  11 
 2628  11 
 2629  6 
 2630  14 
 2631  19 
 2632  10 
 2633  16 
 2634  19 
 2635  15 
 2636  13 
 2637  16 
 2638  7 
 2639  19 
 2640  11 
 2641  12 
 2642  15 
 2643  18 
 2644  15 
 2645  10 
 2646  15 
 2647  10 
 2648  16 
 2649  14 
 2650  12 
 2651  8 
 2652  15 
 2653  19 
 2654  7 
 2655  11 
 2656  14 
 2657  9 
 2658  10 
 2659  13 
 2660  11 
 2661  12 
 2662  7 
 2663  16 
 2664  13 
 2665  9 
 2666  14 
 2667  14 
 2668  11 
 2669  10 
 2670  17 
 2671  14 
 2672  13 
 2673  12 
 2674  13 
 2675  10 
 2676  13 
 2677  13 
 2678  12 
 2679  19 
 2680  13 
 2681  11 
 2682  13 
 2683  8 
 2684  9 
 2685  16 
 2686  15 
 2687  18 
 2688  11 
 2689  12 
 2690  7 
 2691  7 
 2692  11 
 2693  5 
 2694  10 
 2695  9 
 2696  12 
 2697  5 
 2698  10 
 2699  22 
 2700  9 
 2701  13 
 2702  17 
 2703  4 
 2704  8 
 2705  15 
 2706  12 
 2707  7 
 2708  10 
 2709  14 
 2710  9 
 2711  10 
 2712  8 
 2713  12 
 2714  11 
 2715  7 
 2716  20 
 2717  8 
 2718  11 
 2719  7 
 2720  8 
 2721  11 
 2722  7 
 2723  15 
 2724  8 
 2725  11 
 2726  10 
 2727  9 
 2728  14 
 2729  13 
 2730  9 
 2731  9 
 2732  9 
 2733  10 
 2734  9 
 2735  9 
 2736  13 
 2737  19 
 2738  10 
 2739  15 
 2740  8 
 2741  16 
 2742  9 
 2743  10 
 2744  9 
 2745  13 
 2746  8 
 2747  8 
 2748  15 
 2749  11 
 2750  19 
 2751  12 
 2752  15 
 2753  20 
 2754  11 
 2755  12 
 2756  10 
 2757  11 
 2758  10 
 2759  9 
 2760  15 
 2761  7 
 2762  12 
 2763  10 
 2764  14 
 2765  14 
 2766  18 
 2767  10 
 2768  15 
 2769  14 
 2770  18 
 2771  12 
 2772  13 
 2773  12 
 2774  13 
 2775  16 
 2776  17 
 2777  14 
 2778  17 
 2779  11 
 2780  12 
 2781  13 
 2782  13 
 2783  12 
 2784  17 
 2785  16 
 2786  18 
 2787  9 
 2788  14 
 2789  18 
 2790  23 
 2791  19 
 2792  19 
 2793  21 
 2794  21 
 2795  16 
 2796  12 
 2797  16 
 2798  19 
 2799  9 
 2800  12 
 2801  10 
 2802  19 
 2803  21 
 2804  12 
 2805  13 
 2806  24 
 2807  24 
 2808  16 
 2809  11 
 2810  11 
 2811  17 
 2812  18 
 2813  11 
 2814  26 
 2815  14 
 2816  19 
 2817  9 
 2818  18 
 2819  11 
 2820  19 
 2821  12 
 2822  22 
 2823  13 
 2824  7 
 2825  9 
 2826  9 
 2827  12 
 2828  16 
 2829  13 
 2830  13 
 2831  18 
 2832  25 
 2833  22 
 2834  13 
 2835  11 
 2836  11 
 2837  8 
 2838  10 
 2839  11 
 2840  19 
 2841  18 
 2842  14 
 2843  10 
 2844  16 
 2845  11 
 2846  8 
 2847  11 
 2848  9 
 2849  11 
 2850  15 
 2851  9 
 2852  13 
 2853  13 
 2854  16 
 2855  8 
 2856  9 
 2857  20 
 2858  9 
 2859  13 
 2860  12 
 2861  8 
 2862  16 
 2863  15 
 2864  10 
 2865  11 
 2866  10 
 2867  14 
 2868  14 
 2869  8 
 2870  11 
 2871  10 
 2872  11 
 2873  14 
 2874  8 
 2875  8 
 2876  12 
 2877  11 
 2878  8 
 2879  11 
 2880  11 
 2881  14 
 2882  7 
 2883  13 
 2884  6 
 2885  21 
 2886  15 
 2887  9 
 2888  14 
 2889  12 
 2890  14 
 2891  13 
 2892  12 
 2893  6 
 2894  15 
 2895  9 
 2896  14 
 2897  15 
 2898  10 
 2899  15 
 2900  12 
 2901  6 
 2902  8 
 2903  17 
 2904  11 
 2905  10 
 2906  8 
 2907  8 
 2908  7 
 2909  8 
 2910  9 
 2911  19 
 2912  12 
 2913  8 
 2914  13 
 2915  15 
 2916  5 
 2917  6 
 2918  13 
 2919  9 
 2920  10 
 2921  9 
 2922  8 
 2923  12 
 2924  11 
 2925  9 
 2926  15 
 2927  13 
 2928  15 
 2929  13 
 2930  8 
 2931  9 
 2932  6 
 2933  16 
 2934  15 
 2935  8 
 2936  9 
 2937  12 
 2938  7 
 2939  13 
 2940  13 
 2941  6 
 2942  11 
 2943  13 
 2944  16 
 2945  12 
 2946  8 
 2947  8 
 2948  8 
 2949  13 
 2950  7 
 2951  7 
 2952  13 
 2953  11 
 2954  12 
 2955  11 
 2956  11 
 2957  12 
 2958  13 
 2959  13 
 2960  9 
 2961  11 
 2962  4 
 2963  13 
 2964  9 
 2965  9 
 2966  9 
 2967  7 
 2968  10 
 2969  10 
 2970  9 
 2971  14 
 2972  12 
 2973  13 
 2974  13 
 2975  15 
 2976  12 
 2977  13 
 2978  14 
 2979  8 
 2980  11 
 2981  8 
 2982  10 
 2983  8 
 2984  10 
 2985  15 
 2986  10 
 2987  12 
 2988  14 
 2989  7 
 2990  9 
 2991  11 
 2992  18 
 2993  9 
 2994  17 
 2995  12 
 2996  11 
 2997  8 
 2998  10 
 2999  11 
 3000  9 
 3001  11 
 3002  9 
 3003  13 
 3004  11 
 3005  16 
 3006  6 
 3007  14 
 3008  11 
 3009  6 
 3010  10 
 3011  10 
 3012  18 
 3013  8 
 3014  9 
 3015  13 
 3016  7 
 3017  11 
 3018  10 
 3019  9 
 3020  15 
 3021  12 
 3022  11 
 3023  16 
 3024  7 
 3025  10 
 3026  11 
 3027  11 
 3028  10 
 3029  14 
 3030  12 
 3031  8 
 3032  5 
 3033  9 
 3034  11 
 3035  3 
 3036  10 
 3037  4 
 3038  11 
 3039  13 
 3040  14 
 3041  10 
 3042  11 
 3043  9 
 3044  9 
 3045  6 
 3046  9 
 3047  10 
 3048  10 
 3049  15 
 3050  7 
 3051  8 
 3052  11 
 3053  10 
 3054  11 
 3055  12 
 3056  16 
 3057  7 
 3058  8 
 3059  6 
 3060  11 
 3061  10 
 3062  15 
 3063  11 
 3064  7 
 3065  9 
 3066  11 
 3067  7 
 3068  15 
 3069  9 
 3070  10 
 3071  8 
 3072  10 
 3073  12 
 3074  8 
 3075  9 
 3076  9 
 3077  8 
 3078  11 
 3079  10 
 3080  9 
 3081  14 
 3082  4 
 3083  17 
 3084  12 
 3085  10 
 3086  12 
 3087  15 
 3088  6 
 3089  5 
 3090  9 
 3091  13 
 3092  11 
 3093  13 
 3094  8 
 3095  13 
 3096  13 
 3097  7 
 3098  10 
 3099  13 
 3100  10 
 3101  17 
 3102  7 
 3103  11 
 3104  9 
 3105  12 
 3106  13 
 3107  10 
 3108  7 
 3109  7 
 3110  8 
 3111  10 
 3112  14 
 3113  11 
 3114  14 
 3115  8 
 3116  7 
 3117  12 
 3118  18 
 3119  11 
 3120  6 
 3121  13 
 3122  8 
 3123  13 
 3124  8 
 3125  9 
 3126  8 
 3127  11 
 3128  4 
 3129  6 
 3130  14 
 3131  11 
 3132  6 
 3133  10 
 3134  6 
 3135  8 
 3136  17 
 3137  9 
 3138  5 
 3139  11 
 3140  13 
 3141  10 
 3142  14 
 3143  11 
 3144  6 
 3145  11 
 3146  8 
 3147  10 
 3148  7 
 3149  11 
 3150  10 
 3151  13 
 3152  10 
 3153  12 
 3154  13 
 3155  6 
 3156  9 
 3157  7 
 3158  11 
 3159  3 
 3160  15 
 3161  13 
 3162  11 
 3163  9 
 3164  8 
 3165  16 
 3166  6 
 3167  11 
 3168  6 
 3169  9 
 3170  13 
 3171  5 
 3172  11 
 3173  10 
 3174  12 
 3175  8 
 3176  7 
 3177  11 
 3178  12 
 3179  8 
 3180  12 
 3181  8 
 3182  10 
 3183  8 
 3184  9 
 3185  9 
 3186  8 
 3187  6 
 3188  7 
 3189  9 
 3190  4 
 3191  13 
 3192  12 
 3193  12 
 3194  13 
 3195  13 
 3196  4 
 3197  6 
 3198  5 
 3199  10 
 3200  9 
 3201  8 
 3202  13 
 3203  11 
 3204  10 
 3205  7 
 3206  13 
 3207  7 
 3208  5 
 3209  6 
 3210  8 
 3211  12 
 3212  9 
 3213  12 
 3214  8 
 3215  12 
 3216  15 
 3217  13 
 3218  15 
 3219  11 
 3220  13 
 3221  11 
 3222  10 
 3223  12 
 3224  7 
 3225  8 
 3226  12 
 3227  6 
 3228  15 
 3229  9 
 3230  14 
 3231  6 
 3232  8 
 3233  14 
 3234  4 
 3235  9 
 3236  10 
 3237  10 
 3238  9 
 3239  8 
 3240  9 
 3241  6 
 3242  16 
 3243  11 
 3244  7 
 3245  7 
 3246  9 
 3247  7 
 3248  11 
 3249  10 
 3250  6 
 3251  14 
 3252  6 
 3253  13 
 3254  12 
 3255  14 
 3256  10 
 3257  12 
 3258  10 
 3259  10 
 3260  6 
 3261  13 
 3262  7 
 3263  8 
 3264  15 
 3265  13 
 3266  9 
 3267  18 
 3268  8 
 3269  15 
 3270  8 
 3271  10 
 3272  11 
 3273  10 
 3274  10 
 3275  9 
 3276  6 
 3277  5 
 3278  5 
 3279  16 
 3280  10 
 3281  14 
 3282  6 
 3283  9 
 3284  10 
 3285  11 
 3286  8 
 3287  5 
 3288  8 
 3289  9 
 3290  12 
 3291  7 
 3292  11 
 3293  13 
 3294  11 
 3295  11 
 3296  12 
 3297  8 
 3298  9 
 3299  16 
 3300  10 
 3301  14 
 3302  7 
 3303  7 
 3304  11 
 3305  9 
 3306  13 
 3307  12 
 3308  10 
 3309  6 
 3310  8 
 3311  9 
 3312  9 
 3313  5 
 3314  10 
 3315  13 
 3316  12 
 3317  10 
 3318  11 
 3319  8 
 3320  10 
 3321  9 
 3322  5 
 3323  3 
 3324  8 
 3325  6 
 3326  8 
 3327  9 
 3328  9 
 3329  5 
 3330  5 
 3331  18 
 3332  9 
 3333  8 
 3334  8 
 3335  7 
 3336  5 
 3337  8 
 3338  10 
 3339  9 
 3340  10 
 3341  6 
 3342  6 
 3343  8 
 3344  8 
 3345  12 
 3346  10 
 3347  8 
 3348  15 
 3349  10 
 3350  8 
 3351  5 
 3352  12 
 3353  15 
 3354  5 
 3355  7 
 3356  7 
 3357  7 
 3358  13 
 3359  14 
 3360  5 
 3361  12 
 3362  5 
 3363  8 
 3364  10 
 3365  7 
 3366  7 
 3367  10 
 3368  8 
 3369  4 
 3370  11 
 3371  5 
 3372  8 
 3373  7 
 3374  4 
 3375  13 
 3376  5 
 3377  9 
 3378  13 
 3379  3 
 3380  11 
 3381  14 
 3382  7 
 3383  14 
 3384  9 
 3385  11 
 3386  6 
 3387  14 
 3388  9 
 3389  1 
 3390  8 
 3391  8 
 3392  9 
 3393  6 
 3394  16 
 3395  10 
 3396  5 
 3397  9 
 3398  12 
 3399  2 
 3400  12 
 3401  6 
 3402  7 
 3403  14 
 3404  11 
 3405  7 
 3406  6 
 3407  7 
 3408  9 
 3409  11 
 3410  10 
 3411  8 
 3412  10 
 3413  6 
 3414  8 
 3415  10 
 3416  6 
 3417  11 
 3418  7 
 3419  11 
 3420  8 
 3421  9 
 3422  14 
 3423  10 
 3424  3 
 3425  7 
 3426  11 
 3427  6 
 3428  7 
 3429  10 
 3430  10 
 3431  14 
 3432  9 
 3433  12 
 3434  5 
 3435  9 
 3436  8 
 3437  4 
 3438  12 
 3439  13 
 3440  7 
 3441  3 
 3442  7 
 3443  12 
 3444  10 
 3445  9 
 3446  14 
 3447  8 
 3448  4 
 3449  11 
 3450  5 
 3451  6 
 3452  12 
 3453  13 
 3454  12 
 3455  8 
 3456  7 
 3457  12 
 3458  12 
 3459  4 
 3460  11 
 3461  14 
 3462  5 
 3463  11 
 3464  6 
 3465  7 
 3466  8 
 3467  12 
 3468  6 
 3469  9 
 3470  6 
 3471  13 
 3472  7 
 3473  6 
 3474  9 
 3475  10 
 3476  7 
 3477  7 
 3478  7 
 3479  15 
 3480  3 
 3481  5 
 3482  8 
 3483  9 
 3484  12 
 3485  15 
 3486  4 
 3487  10 
 3488  11 
 3489  6 
 3490  8 
 3491  12 
 3492  9 
 3493  11 
 3494  7 
 3495  11 
 3496  16 
 3497  13 
 3498  3 
 3499  10 
 3500  5 
 3501  7 
 3502  7 
 3503  8 
 3504  12 
 3505  12 
 3506  11 
 3507  13 
 3508  15 
 3509  7 
 3510  7 
 3511  10 
 3512  12 
 3513  10 
 3514  9 
 3515  8 
 3516  15 
 3517  9 
 3518  6 
 3519  12 
 3520  7 
 3521  10 
 3522  8 
 3523  12 
 3524  9 
 3525  8 
 3526  14 
 3527  11 
 3528  11 
 3529  10 
 3530  13 
 3531  12 
 3532  11 
 3533  14 
 3534  13 
 3535  16 
 3536  11 
 3537  12 
 3538  17 
 3539  12 
 3540  18 
 3541  13 
 3542  19 
 3543  9 
 3544  12 
 3545  14 
 3546  14 
 3547  13 
 3548  15 
 3549  15 
 3550  17 
 3551  11 
 3552  15 
 3553  22 
 3554  15 
 3555  17 
 3556  14 
 3557  13 
 3558  22 
 3559  11 
 3560  15 
 3561  19 
 3562  12 
 3563  23 
 3564  22 
 3565  20 
 3566  26 
 3567  19 
 3568  22 
 3569  19 
 3570  14 
 3571  29 
 3572  17 
 3573  21 
 3574  21 
 3575  16 
 3576  20 
 3577  16 
 3578  24 
 3579  21 
 3580  17 
 3581  18 
 3582  27 
 3583  19 
 3584  28 
 3585  15 
 3586  15 
 3587  20 
 3588  15 
 3589  16 
 3590  16 
 3591  21 
 3592  16 
 3593  20 
 3594  17 
 3595  22 
 3596  16 
 3597  11 
 3598  18 
 3599  11 
 3600  14 
 3601  13 
 3602  9 
 3603  17 
 3604  12 
 3605  13 
 3606  7 
 3607  17 
 3608  9 
 3609  13 
 3610  13 
 3611  11 
 3612  6 
 3613  13 
 3614  11 
 3615  8 
 3616  8 
 3617  11 
 3618  16 
 3619  9 
 3620  17 
 3621  15 
 3622  7 
 3623  14 
 3624  12 
 3625  15 
 3626  13 
 3627  17 
 3628  13 
 3629  15 
 3630  10 
 3631  9 
 3632  13 
 3633  8 
 3634  7 
 3635  15 
 3636  17 
 3637  15 
 3638  16 
 3639  17 
 3640  15 
 3641  27 
 3642  14 
 3643  19 
 3644  15 
 3645  19 
 3646  24 
 3647  17 
 3648  17 
 3649  25 
 3650  27 
 3651  34 
 3652  22 
 3653  25 
 3654  29 
 3655  26 
 3656  34 
 3657  39 
 3658  31 
 3659  42 
 3660  32 
 3661  33 
 3662  34 
 3663  43 
 3664  42 
 3665  34 
 3666  43 
 3667  42 
 3668  45 
 3669  55 
 3670  55 
 3671  49 
 3672  40 
 3673  42 
 3674  50 
 3675  48 
 3676  45 
 3677  45 
 3678  58 
 3679  61 
 3680  54 
 3681  44 
 3682  48 
 3683  51 
 3684  53 
 3685  47 
 3686  67 
 3687  65 
 3688  75 
 3689  51 
 3690  47 
 3691  49 
 3692  39 
 3693  54 
 3694  58 
 3695  54 
 3696  64 
 3697  46 
 3698  42 
 3699  39 
 3700  35 
 3701  47 
 3702  30 
 3703  31 
 3704  37 
 3705  38 
 3706  46 
 3707  28 
 3708  28 
 3709  27 
 3710  27 
 3711  28 
 3712  21 
 3713  29 
 3714  16 
 3715  18 
 3716  21 
 3717  12 
 3718  14 
 3719  17 
 3720  16 
 3721  18 
 3722  15 
 3723  8 
 3724  13 
 3725  6 
 3726  14 
 3727  10 
 3728  9 
 3729  10 
 3730  14 
 3731  6 
 3732  9 
 3733  5 
 3734  11 
 3735  8 
 3736  9 
 3737  11 
 3738  16 
 3739  7 
 3740  6 
 3741  7 
 3742  9 
 3743  10 
 3744  5 
 3745  13 
 3746  5 
 3747  10 
 3748  11 
 3749  9 
 3750  7 
 3751  8 
 3752  6 
 3753  12 
 3754  10 
 3755  10 
 3756  4 
 3757  10 
 3758  11 
 3759  8 
 3760  14 
 3761  17 
 3762  6 
 3763  7 
 3764  9 
 3765  7 
 3766  14 
 3767  7 
 3768  10 
 3769  6 
 3770  7 
 3771  4 
 3772  12 
 3773  7 
 3774  10 
 3775  6 
 3776  11 
 3777  6 
 3778  6 
 3779  4 
 3780  14 
 3781  7 
 3782  6 
 3783  7 
 3784  11 
 3785  7 
 3786  8 
 3787  7 
 3788  8 
 3789  7 
 3790  9 
 3791  6 
 3792  9 
 3793  11 
 3794  21 
 3795  6 
 3796  9 
 3797  16 
 3798  6 
 3799  10 
 3800  6 
 3801  13 
 3802  7 
 3803  11 
 3804  7 
 3805  9 
 3806  9 
 3807  9 
 3808  7 
 3809  7 
 3810  8 
 3811  14 
 3812  9 
 3813  13 
 3814  5 
 3815  7 
 3816  10 
 3817  5 
 3818  8 
 3819  6 
 3820  12 
 3821  6 
 3822  7 
 3823  5 
 3824  6 
 3825  8 
 3826  7 
 3827  11 
 3828  9 
 3829  14 
 3830  5 
 3831  7 
 3832  8 
 3833  8 
 3834  7 
 3835  11 
 3836  8 
 3837  11 
 3838  11 
 3839  10 
 3840  12 
 3841  14 
 3842  14 
 3843  11 
 3844  6 
 3845  10 
 3846  4 
 3847  9 
 3848  8 
 3849  10 
 3850  13 
 3851  14 
 3852  9 
 3853  8 
 3854  14 
 3855  7 
 3856  12 
 3857  13 
 3858  9 
 3859  12 
 3860  11 
 3861  8 
 3862  11 
 3863  14 
 3864  12 
 3865  13 
 3866  7 
 3867  7 
 3868  10 
 3869  15 
 3870  12 
 3871  13 
 3872  7 
 3873  12 
 3874  13 
 3875  15 
 3876  9 
 3877  9 
 3878  13 
 3879  10 
 3880  4 
 3881  7 
 3882  14 
 3883  10 
 3884  11 
 3885  7 
 3886  8 
 3887  8 
 3888  10 
 3889  6 
 3890  15 
 3891  11 
 3892  8 
 3893  12 
 3894  14 
 3895  11 
 3896  17 
 3897  8 
 3898  9 
 3899  11 
 3900  9 
 3901  15 
 3902  15 
 3903  13 
 3904  13 
 3905  13 
 3906  20 
 3907  14 
 3908  14 
 3909  9 
 3910  23 
 3911  18 
 3912  18 
 3913  14 
 3914  18 
 3915  11 
 3916  24 
 3917  27 
 3918  19 
 3919  19 
 3920  25 
 3921  31 
 3922  18 
 3923  25 
 3924  30 
 3925  30 
 3926  36 
 3927  35 
 3928  38 
 3929  33 
 3930  40 
 3931  35 
 3932  35 
 3933  51 
 3934  44 
 3935  45 
 3936  62 
 3937  70 
 3938  53 
 3939  68 
 3940  82 
 3941  75 
 3942  80 
 3943  95 
 3944  85 
 3945  117 
 3946  98 
 3947  115 
 3948  123 
 3949  153 
 3950  134 
 3951  174 
 3952  180 
 3953  195 
 3954  208 
 3955  225 
 3956  241 
 3957  230 
 3958  274 
 3959  277 
 3960  275 
 3961  302 
 3962  339 
 3963  369 
 3964  359 
 3965  384 
 3966  419 
 3967  495 
 3968  611 
 3969  641 
 3970  654 
 3971  746 
 3972  824 
 3973  850 
 3974  955 
 3975  1026 
 3976  1141 
 3977  1270 
 3978  1277 
 3979  1432 
 3980  1574 
 3981  1639 
 3982  1717 
 3983  1769 
 3984  1884 
 3985  2080 
 3986  2059 
 3987  2175 
 3988  2241 
 3989  2183 
 3990  2115 
 3991  2185 
 3992  2145 
 3993  2169 
 3994  2047 
 3995  2009 
 3996  1864 
 3997  1819 
 3998  1599 
 3999  1601 
 4000  1466 
 4001  1323 
 4002  1245 
 4003  1080 
 4004  1015 
 4005  885 
 4006  804 
 4007  761 
 4008  619 
 4009  584 
 4010  503 
 4011  396 
 4012  341 
 4013  326 
 4014  236 
 4015  251 
 4016  181 
 4017  170 
 4018  140 
 4019  136 
 4020  113 
 4021  84 
 4022  89 
 4023  57 
 4024  47 
 4025  47 
 4026  55 
 4027  41 
 4028  36 
 4029  37 
 4030  31 
 4031  39 
 4032  22 
 4033  27 
 4034  27 
 4035  29 
 4036  22 
 4037  18 
 4038  10 
 4039  15 
 4040  18 
 4041  15 
 4042  19 
 4043  14 
 4044  16 
 4045  15 
 4046  11 
 4047  13 
 4048  9 
 4049  8 
 4050  10 
 4051  16 
 4052  14 
 4053  14 
 4054  10 
 4055  14 
 4056  16 
 4057  19 
 4058  10 
 4059  16 
 4060  15 
 4061  14 
 4062  15 
 4063  14 
 4064  19 
 4065  13 
 4066  13 
 4067  13 
 4068  13 
 4069  10 
 4070  20 
 4071  22 
 4072  20 
 4073  15 
 4074  16 
 4075  18 
 4076  23 
 4077  23 
 4078  28 
 4079  22 
 4080  34 
 4081  40 
 4082  40 
 4083  41 
 4084  54 
 4085  34 
 4086  48 
 4087  54 
 4088  50 
 4089  65 
 4090  57 
 4091  73 
 4092  70 
 4093  85 
 4094  93 
 4095  68 
 4096  73 
 4097  74 
 4098  69 
 4099  73 
 4100  68 
 4101  85 
 4102  65 
 4103  68 
 4104  48 
 4105  79 
 4106  43 
 4107  56 
 4108  51 
 4109  49 
 4110  37 
 4111  38 
 4112  29 
 4113  30 
 4114  26 
 4115  26 
 4116  20 
 4117  15 
 4118  16 
 4119  16 
 4120  16 
 4121  12 
 4122  9 
 4123  10 
 4124  7 
 4125  3 
 4126  8 
 4127  3 
 4128  4 
 4129  3 
 4130  2 
 4131  3 
 4132  5 
 4133  7 
 4134  4 
 4135  1 
 4136  9 
 4137  5 
 4138  5 
 4139  4 
 4140  3 
 4141  7 
 4142  5 
 4143  3 
 4144  3 
 4145  3 
 4146  4 
 4147  6 
 4148  7 
 4149  2 
 4150  5 
 4151  3 
 4152  4 
 4153  2 
 4154  5 
 4155  1 
 4156  5 
 4157  3 
 4158  7 
 4159  7 
 4160  7 
 4161  3 
 4162  7 
 4163  2 
 4164  7 
 4165  5 
 4166  13 
 4167  3 
 4168  5 
 4169  6 
 4170  5 
 4171  6 
 4172  2 
 4173  9 
 4174  4 
 4175  7 
 4176  6 
 4177  3 
 4178  7 
 4179  1 
 4180  7 
 4181  5 
 4182  9 
 4183  7 
 4184  4 
 4185  11 
 4186  6 
 4187  14 
 4188  8 
 4189  11 
 4190  15 
 4191  13 
 4192  14 
 4193  12 
 4194  18 
 4195  12 
 4196  15 
 4197  15 
 4198  13 
 4199  19 
 4200  20 
 4201  23 
 4202  13 
 4203  22 
 4204  29 
 4205  29 
 4206  24 
 4207  32 
 4208  28 
 4209  34 
 4210  31 
 4211  48 
 4212  67 
 4213  61 
 4214  66 
 4215  69 
 4216  80 
 4217  79 
 4218  66 
 4219  104 
 4220  107 
 4221  130 
 4222  114 
 4223  164 
 4224  167 
 4225  167 
 4226  183 
 4227  216 
 4228  212 
 4229  226 
 4230  238 
 4231  282 
 4232  301 
 4233  293 
 4234  333 
 4235  357 
 4236  391 
 4237  404 
 4238  446 
 4239  441 
 4240  547 
 4241  499 
 4242  594 
 4243  554 
 4244  618 
 4245  619 
 4246  636 
 4247  716 
 4248  687 
 4249  674 
 4250  754 
 4251  803 
 4252  860 
 4253  801 
 4254  867 
 4255  822 
 4256  879 
 4257  903 
 4258  903 
 4259  939 
 4260  975 
 4261  952 
 4262  1005 
 4263  964 
 4264  981 
 4265  971 
 4266  948 
 4267  978 
 4268  907 
 4269  909 
 4270  918 
 4271  908 
 4272  843 
 4273  780 
 4274  786 
 4275  761 
 4276  676 
 4277  653 
 4278  602 
 4279  584 
 4280  528 
 4281  509 
 4282  470 
 4283  428 
 4284  381 
 4285  334 
 4286  309 
 4287  293 
 4288  250 
 4289  214 
 4290  178 
 4291  166 
 4292  157 
 4293  154 
 4294  131 
 4295  90 
 4296  86 
 4297  61 
 4298  66 
 4299  69 
 4300  48 
 4301  29 
 4302  26 
 4303  31 
 4304  26 
 4305  18 
 4306  23 
 4307  16 
 4308  14 
 4309  9 
 4310  12 
 4311  10 
 4312  14 
 4313  8 
 4314  9 
 4315  8 
 4316  15 
 4317  6 
 4318  6 
 4319  10 
 4320  9 
 4321  12 
 4322  14 
 4323  10 
 4324  13 
 4325  20 
 4326  14 
 4327  15 
 4328  30 
 4329  18 
 4330  20 
 4331  20 
 4332  29 
 4333  33 
 4334  35 
 4335  33 
 4336  42 
 4337  55 
 4338  63 
 4339  54 
 4340  70 
 4341  71 
 4342  92 
 4343  73 
 4344  97 
 4345  96 
 4346  103 
 4347  108 
 4348  98 
 4349  124 
 4350  107 
 4351  106 
 4352  133 
 4353  109 
 4354  123 
 4355  94 
 4356  98 
 4357  98 
 4358  100 
 4359  78 
 4360  74 
 4361  71 
 4362  78 
 4363  69 
 4364  48 
 4365  54 
 4366  45 
 4367  46 
 4368  37 
 4369  27 
 4370  20 
 4371  18 
 4372  18 
 4373  14 
 4374  14 
 4375  13 
 4376  10 
 4377  11 
 4378  9 
 4379  11 
 4380  10 
 4381  7 
 4382  11 
 4383  12 
 4384  12 
 4385  13 
 4386  12 
 4387  11 
 4388  15 
 4389  10 
 4390  12 
 4391  12 
 4392  18 
 4393  12 
 4394  21 
 4395  18 
 4396  9 
 4397  12 
 4398  8 
 4399  11 
 4400  15 
 4401  15 
 4402  13 
 4403  12 
 4404  16 
 4405  11 
 4406  11 
 4407  12 
 4408  13 
 4409  10 
 4410  14 
 4411  7 
 4412  13 
 4413  11 
 4414  12 
 4415  6 
 4416  3 
 4417  9 
 4418  1 
 4419  2 
 4420  3 
 4421  6 
 4422  2 
 4423  8 
 4424  2 
 4425  0 
 4426  1 
 4427  3 
 4428  0 
 4429  1 
 4430  0 
 4431  2 
 4432  0 
 4433  1 
 4434  2 
 4435  0 
 4436  0 
 4437  0 
 4438  0 
 4439  0 
 4440  0 
 4441  0 
 4442  0 
 4443  0 
 4444  0 
 4445  1 
 4446  1 
 4447  0 
 4448  0 
 4449  0 
 4450  1 
 4451  0 
 4452  1 
 4453  0 
 4454  0 
 4455  0 
 4456  0 
 4457  0 
 4458  1 
 4459  0 
 4460  1 
 4461  0 
 4462  0 
 4463  1 
 4464  0 
 4465  0 
 4466  0 
 4467  0 
 4468  0 
 4469  0 
 4470  0 
 4471  0 
 4472  0 
 4473  0 
 4474  0 
 4475  0 
 4476  0 
 4477  0 
 4478  0 
 4479  1 
 4480  0 
 4481  0 
 4482  1 
 4483  0 
 4484  0 
 4485  0 
 4486  0 
 4487  0 
 4488  0 
 4489  0 
 4490  0 
 4491  0 
 4492  0 
 4493  0 
 4494  0 
 4495  0 
 4496  1 
 4497  0 
 4498  0 
 4499  0 
 4500  0 
 4501  0 
 4502  0 
 4503  1 
 4504  0 
 4505  0 
 4506  1 
 4507  0 
 4508  0 
 4509  1 
 4510  0 
 4511  0 
 4512  0 
 4513  0 
 4514  0 
 4515  0 
 4516  0 
 4517  0 
 4518  0 
 4519  0 
 4520  0 
 4521  0 
 4522  0 
 4523  0 
 4524  0 
 4525  1 
 4526  0 
 4527  0 
 4528  0 
 4529  0 
 4530  0 
 4531  0 
 4532  0 
 4533  1 
 4534  0 
 4535  0 
 4536  0 
 4537  0 
 4538  0 
 4539  0 
 4540  0 
 4541  0 
 4542  0 
 4543  0 
 4544  0 
 4545  0 
 4546  0 
 4547  0 
 4548  0 
 4549  0 
 4550  0 
 4551  0 
 4552  0 
 4553  0 
 4554  0 
 4555  0 
 4556  2 
 4557  0 
 4558  0 
 4559  0 
 4560  1 
 4561  0 
 4562  0 
 4563  0 
 4564  0 
 4565  0 
 4566  0 
 4567  0 
 4568  0 
 4569  0 
 4570  0 
 4571  0 
 4572  0 
 4573  0 
 4574  0 
 4575  0 
 4576  0 
 4577  0 
 4578  0 
 4579  0 
 4580  0 
 4581  0 
 4582  0 
 4583  0 
 4584  0 
 4585  0 
 4586  0 
 4587  0 
 4588  0 
 4589  0 
 4590  0 
 4591  0 
 4592  0 
 4593  0 
 4594  0 
 4595  0 
 4596  0 
 4597  0 
 4598  0 
 4599  0 
 4600  0 
 4601  0 
 4602  0 
 4603  0 
 4604  0 
 4605  0 
 4606  0 
 4607  0 
 4608  0 
 4609  0 
 4610  0 
 4611  0 
 4612  0 
 4613  0 
 4614  0 
 4615  0 
 4616  0 
 4617  0 
 4618  0 
 4619  0 
 4620  0 
 4621  0 
 4622  0 
 4623  0 
 4624  0 
 4625  0 
 4626  0 
 4627  0 
 4628  0 
 4629  0 
 4630  0 
 4631  0 
 4632  0 
 4633  0 
 4634  0 
 4635  0 
 4636  0 
 4637  0 
 4638  1 
 4639  0 
 4640  0 
 4641  0 
 4642  0 
 4643  0 
 4644  0 
 4645  0 
 4646  0 
 4647  0 
 4648  0 
 4649  0 
 4650  0 
 4651  1 
 4652  0 
 4653  0 
 4654  0 
 4655  0 
 4656  0 
 4657  0 
 4658  0 
 4659  1 
 4660  0 
 4661  0 
 4662  1 
 4663  0 
 4664  1 
 4665  0 
 4666  0 
 4667  1 
 4668  0 
 4669  0 
 4670  0 
 4671  0 
 4672  0 
 4673  0 
 4674  0 
 4675  0 
 4676  0 
 4677  0 
 4678  1 
 4679  1 
 4680  0 
 4681  0 
 4682  0 
 4683  0 
 4684  0 
 4685  0 
 4686  1 
 4687  0 
 4688  0 
 4689  0 
 4690  0 
 4691  0 
 4692  0 
 4693  0 
 4694  0 
 4695  2 
 4696  0 
 4697  0 
 4698  0 
 4699  0 
 4700  0 
 4701  0 
 4702  0 
 4703  0 
 4704  0 
 4705  0 
 4706  0 
 4707  0 
 4708  0 
 4709  0 
 4710  0 
 4711  0 
 4712  0 
 4713  0 
 4714  0 
 4715  0 
 4716  0 
 4717  0 
 4718  0 
 4719  0 
 4720  0 
 4721  0 
 4722  0 
 4723  0 
 4724  0 
 4725  0 
 4726  0 
 4727  0 
 4728  0 
 4729  0 
 4730  0 
 4731  0 
 4732  0 
 4733  0 
 4734  0 
 4735  0 
 4736  0 
 4737  0 
 4738  0 
 4739  0 
 4740  0 
 4741  0 
 4742  0 
 4743  0 
 4744  0 
 4745  0 
 4746  0 
 4747  0 
 4748  0 
 4749  0 
 4750  0 
 4751  0 
 4752  0 
 4753  0 
 4754  0 
 4755  0 
 4756  0 
 4757  0 
 4758  0 
 4759  0 
 4760  0 
 4761  0 
 4762  0 
 4763  0 
 4764  1 
 4765  0 
 4766  0 
 4767  0 
 4768  0 
 4769  0 
 4770  0 
 4771  0 
 4772  0 
 4773  0 
 4774  0 
 4775  0 
 4776  0 
 4777  0 
 4778  0 
 4779  0 
 4780  0 
 4781  0 
 4782  0 
 4783  0 
 4784  0 
 4785  0 
 4786  0 
 4787  0 
 4788  0 
 4789  0 
 4790  0 
 4791  0 
 4792  0 
 4793  0 
 4794  0 
 4795  0 
 4796  0 
 4797  0 
 4798  0 
 4799  1 
 4800  0 
 4801  0 
 4802  0 
 4803  0 
 4804  0 
 4805  0 
 4806  0 
 4807  0 
 4808  0 
 4809  0 
 4810  0 
 4811  0 
 4812  0 
 4813  0 
 4814  0 
 4815  0 
 4816  0 
 4817  0 
 4818  0 
 4819  0 
 4820  0 
 4821  0 
 4822  0 
 4823  0 
 4824  0 
 4825  0 
 4826  0 
 4827  0 
 4828  1 
 4829  0 
 4830  0 
 4831  0 
 4832  0 
 4833  0 
 4834  0 
 4835  0 
 4836  0 
 4837  0 
 4838  0 
 4839  0 
 4840  0 
 4841  0 
 4842  0 
 4843  0 
 4844  0 
 4845  1 
 4846  0 
 4847  0 
 4848  0 
 4849  1 
 4850  0 
 4851  0 
 4852  0 
 4853  0 
 4854  0 
 4855  0 
 4856  0 
 4857  0 
 4858  0 
 4859  0 
 4860  0 
 4861  0 
 4862  0 
 4863  0 
 4864  0 
 4865  0 
 4866  0 
 4867  0 
 4868  0 
 4869  0 
 4870  0 
 4871  0 
 4872  0 
 4873  0 
 4874  0 
 4875  0 
 4876  0 
 4877  0 
 4878  0 
 4879  1 
 4880  0 
 4881  0 
 4882  0 
 4883  0 
 4884  0 
 4885  0 
 4886  0 
 4887  0 
 4888  0 
 4889  0 
 4890  0 
 4891  0 
 4892  0 
 4893  0 
 4894  0 
 4895  0 
 4896  0 
 4897  0 
 4898  0 
 4899  0 
 4900  0 
 4901  0 
 4902  0 
 4903  0 
 4904  0 
 4905  0 
 4906  0 
 4907  0 
 4908  0 
 4909  0 
 4910  0 
 4911  0 
 4912  0 
 4913  0 
 4914  0 
 4915  0 
 4916  0 
 4917  0 
 4918  0 
 4919  0 
 4920  0 
 4921  0 
 4922  0 
 4923  0 
 4924  0 
 4925  0 
 4926  0 
 4927  0 
 4928  0 
 4929  0 
 4930  0 
 4931  0 
 4932  0 
 4933  0 
 4934  0 
 4935  0 
 4936  0 
 4937  0 
 4938  0 
 4939  0 
 4940  0 
 4941  0 
 4942  0 
 4943  0 
 4944  0 
 4945  0 
 4946  0 
 4947  0 
 4948  0 
 4949  0 
 4950  0 
 4951  0 
 4952  0 
 4953  0 
 4954  0 
 4955  0 
 4956  1 
 4957  0 
 4958  0 
 4959  0 
 4960  0 
 4961  0 
 4962  0 
 4963  0 
 4964  0 
 4965  0 
 4966  0 
 4967  0 
 4968  0 
 4969  0 
 4970  0 
 4971  0 
 4972  0 
 4973  0 
 4974  0 
 4975  0 
 4976  0 
 4977  0 
 4978  0 
 4979  0 
 4980  0 
 4981  0 
 4982  0 
 4983  0 
 4984  0 
 4985  0 
 4986  0 
 4987  0 
 4988  0 
 4989  0 
 4990  0 
 4991  0 
 4992  0 
 4993  0 
 4994  0 
 4995  0 
 4996  0 
 4997  0 
 4998  0 
 4999  0 
 5000  0 
 5001  0 
 5002  0 
 5003  0 
 5004  0 
 5005  0 
 5006  0 
 5007  0 
 5008  1 
 5009  0 
 5010  0 
 5011  0 
 5012  0 
 5013  0 
 5014  0 
 5015  0 
 5016  0 
 5017  0 
 5018  0 
 5019  0 
 5020  0 
 5021  0 
 5022  0 
 5023  0 
 5024  0 
 5025  0 
 5026  1 
 5027  0 
 5028  0 
 5029  0 
 5030  0 
 5031  0 
 5032  0 
 5033  0 
 5034  0 
 5035  0 
 5036  0 
 5037  0 
 5038  0 
 5039  0 
 5040  0 
 5041  0 
 5042  0 
 5043  0 
 5044  0 
 5045  0 
 5046  0 
 5047  1 
 5048  0 
 5049  0 
 5050  0 
 5051  0 
 5052  0 
 5053  1 
 5054  0 
 5055  0 
 5056  0 
 5057  0 
 5058  0 
 5059  0 
 5060  0 
 5061  0 
 5062  0 
 5063  0 
 5064  0 
 5065  0 
 5066  0 
 5067  0 
 5068  0 
 5069  0 
 5070  0 
 5071  0 
 5072  0 
 5073  0 
 5074  0 
 5075  0 
 5076  0 
 5077  1 
 5078  0 
 5079  0 
 5080  0 
 5081  0 
 5082  0 
 5083  0 
 5084  0 
 5085  0 
 5086  0 
 5087  0 
 5088  0 
 5089  0 
 5090  0 
 5091  0 
 5092  0 
 5093  0 
 5094  1 
 5095  0 
 5096  0 
 5097  0 
 5098  0 
 5099  0 
 5100  0 
 5101  0 
 5102  0 
 5103  0 
 5104  0 
 5105  0 
 5106  0 
 5107  0 
 5108  0 
 5109  0 
 5110  0 
 5111  0 
 5112  0 
 5113  0 
 5114  0 
 5115  0 
 5116  0 
 5117  0 
 5118  0 
 5119  0 
 5120  0 
 5121  0 
 5122  0 
 5123  0 
 5124  0 
 5125  0 
 5126  0 
 5127  0 
 5128  0 
 5129  0 
 5130  0 
 5131  0 
 5132  0 
 5133  0 
 5134  0 
 5135  0 
 5136  0 
 5137  0 
 5138  0 
 5139  0 
 5140  0 
 5141  0 
 5142  0 
 5143  0 
 5144  0 
 5145  0 
 5146  0 
 5147  0 
 5148  0 
 5149  0 
 5150  0 
 5151  0 
 5152  0 
 5153  0 
 5154  0 
 5155  0 
 5156  0 
 5157  0 
 5158  0 
 5159  0 
 5160  0 
 5161  0 
 5162  0 
 5163  0 
 5164  0 
 5165  0 
 5166  0 
 5167  0 
 5168  0 
 5169  0 
 5170  0 
 5171  0 
 5172  0 
 5173  1 
 5174  0 
 5175  0 
 5176  0 
 5177  0 
 5178  0 
 5179  1 
 5180  0 
 5181  0 
 5182  0 
 5183  0 
 5184  0 
 5185  0 
 5186  0 
 5187  0 
 5188  0 
 5189  0 
 5190  0 
 5191  0 
 5192  0 
 5193  0 
 5194  0 
 5195  0 
 5196  0 
 5197  0 
 5198  0 
 5199  0 
 5200  0 
 5201  0 
 5202  0 
 5203  0 
 5204  0 
 5205  0 
 5206  0 
 5207  0 
 5208  0 
 5209  0 
 5210  0 
 5211  0 
 5212  0 
 5213  0 
 5214  0 
 5215  0 
 5216  0 
 5217  0 
 5218  0 
 5219  0 
 5220  0 
 5221  0 
 5222  0 
 5223  0 
 5224  0 
 5225  0 
 5226  0 
 5227  0 
 5228  0 
 5229  0 
 5230  0 
 5231  0 
 5232  0 
 5233  0 
 5234  0 
 5235  0 
 5236  1 
 5237  0 
 5238  0 
 5239  0 
 5240  0 
 5241  0 
 5242  0 
 5243  0 
 5244  0 
 5245  0 
 5246  0 
 5247  0 
 5248  1 
 5249  0 
 5250  0 
 5251  0 
 5252  0 
 5253  0 
 5254  0 
 5255  0 
 5256  0 
 5257  0 
 5258  0 
 5259  0 
 5260  0 
 5261  0 
 5262  0 
 5263  0 
 5264  0 
 5265  0 
 5266  0 
 5267  0 
 5268  0 
 5269  1 
 5270  0 
 5271  0 
 5272  0 
 5273  0 
 5274  0 
 5275  0 
 5276  0 
 5277  0 
 5278  0 
 5279  0 
 5280  0 
 5281  0 
 5282  0 
 5283  0 
 5284  0 
 5285  0 
 5286  0 
 5287  0 
 5288  1 
 5289  0 
 5290  0 
 5291  0 
 5292  0 
 5293  0 
 5294  0 
 5295  0 
 5296  0 
 5297  0 
 5298  0 
 5299  0 
 5300  0 
 5301  0 
 5302  0 
 5303  0 
 5304  0 
 5305  0 
 5306  0 
 5307  1 
 5308  1 
 5309  0 
 5310  0 
 5311  1 
 5312  0 
 5313  0 
 5314  0 
 5315  0 
 5316  0 
 5317  0 
 5318  0 
 5319  0 
 5320  0 
 5321  0 
 5322  0 
 5323  0 
 5324  0 
 5325  0 
 5326  0 
 5327  0 
 5328  0 
 5329  0 
 5330  0 
 5331  0 
 5332  0 
 5333  0 
 5334  0 
 5335  0 
 5336  0 
 5337  0 
 5338  0 
 5339  0 
 5340  0 
 5341  0 
 5342  0 
 5343  0 
 5344  0 
 5345  0 
 5346  0 
 5347  0 
 5348  0 
 5349  0 
 5350  0 
 5351  0 
 5352  0 
 5353  0 
 5354  0 
 5355  0 
 5356  0 
 5357  0 
 5358  0 
 5359  0 
 5360  0 
 5361  0 
 5362  0 
 5363  0 
 5364  0 
 5365  0 
 5366  0 
 5367  0 
 5368  0 
 5369  0 
 5370  0 
 5371  0 
 5372  0 
 5373  0 
 5374  0 
 5375  0 
 5376  0 
 5377  0 
 5378  0 
 5379  0 
 5380  0 
 5381  1 
 5382  0 
 5383  0 
 5384  0 
 5385  0 
 5386  0 
 5387  0 
 5388  0 
 5389  0 
 5390  0 
 5391  0 
 5392  0 
 5393  1 
 5394  0 
 5395  0 
 5396  0 
 5397  0 
 5398  0 
 5399  0 
 5400  1 
 5401  0 
 5402  0 
 5403  0 
 5404  0 
 5405  0 
 5406  1 
 5407  0 
 5408  0 
 5409  0 
 5410  0 
 5411  0 
 5412  0 
 5413  0 
 5414  0 
 5415  0 
 5416  0 
 5417  0 
 5418  0 
 5419  0 
 5420  0 
 5421  0 
 5422  0 
 5423  0 
 5424  0 
 5425  0 
 5426  0 
 5427  0 
 5428  0 
 5429  0 
 5430  0 
 5431  0 
 5432  0 
 5433  0 
 5434  0 
 5435  0 
 5436  0 
 5437  0 
 5438  0 
 5439  0 
 5440  0 
 5441  0 
 5442  0 
 5443  0 
 5444  0 
 5445  0 
 5446  0 
 5447  0 
 5448  0 
 5449  0 
 5450  0 
 5451  0 
 5452  0 
 5453  0 
 5454  0 
 5455  0 
 5456  0 
 5457  0 
 5458  0 
 5459  0 
 5460  0 
 5461  0 
 5462  2 
 5463  0 
 5464  0 
 5465  0 
 5466  1 
 5467  0 
 5468  0 
 5469  1 
 5470  0 
 5471  0 
 5472  0 
 5473  0 
 5474  0 
 5475  0 
 5476  0 
 5477  0 
 5478  1 
 5479  0 
 5480  0 
 5481  0 
 5482  0 
 5483  0 
 5484  0 
 5485  0 
 5486  0 
 5487  0 
 5488  1 
 5489  0 
 5490  0 
 5491  0 
 5492  0 
 5493  0 
 5494  0 
 5495  0 
 5496  0 
 5497  0 
 5498  0 
 5499  0 
 5500  0 
 5501  0 
 5502  0 
 5503  0 
 5504  0 
 5505  0 
 5506  0 
 5507  0 
 5508  0 
 5509  0 
 5510  0 
 5511  0 
 5512  0 
 5513  0 
 5514  0 
 5515  0 
 5516  0 
 5517  0 
 5518  0 
 5519  0 
 5520  0 
 5521  0 
 5522  0 
 5523  0 
 5524  0 
 5525  0 
 5526  0 
 5527  0 
 5528  0 
 5529  0 
 5530  0 
 5531  0 
 5532  0 
 5533  0 
 5534  0 
 5535  0 
 5536  0 
 5537  0 
 5538  1 
 5539  0 
 5540  0 
 5541  0 
 5542  0 
 5543  1 
 5544  0 
 5545  0 
 5546  0 
 5547  0 
 5548  0 
 5549  0 
 5550  0 
 5551  0 
 5552  0 
 5553  0 
 5554  1 
 5555  0 
 5556  0 
 5557  1 
 5558  0 
 5559  0 
 5560  0 
 5561  0 
 5562  0 
 5563  0 
 5564  0 
 5565  0 
 5566  0 
 5567  2 
 5568  0 
 5569  0 
 5570  0 
 5571  0 
 5572  0 
 5573  0 
 5574  0 
 5575  0 
 5576  0 
 5577  0 
 5578  0 
 5579  0 
 5580  0 
 5581  0 
 5582  0 
 5583  0 
 5584  0 
 5585  0 
 5586  0 
 5587  0 
 5588  0 
 5589  0 
 5590  0 
 5591  0 
 5592  1 
 5593  0 
 5594  0 
 5595  0 
 5596  0 
 5597  0 
 5598  0 
 5599  0 
 5600  0 
 5601  1 
 5602  0 
 5603  0 
 5604  0 
 5605  1 
 5606  1 
 5607  0 
 5608  0 
 5609  1 
 5610  0 
 5611  0 
 5612  0 
 5613  1 
 5614  0 
 5615  0 
 5616  1 
 5617  0 
 5618  0 
 5619  0 
 5620  0 
 5621  0 
 5622  0 
 5623  1 
 5624  1 
 5625  0 
 5626  0 
 5627  0 
 5628  0 
 5629  0 
 5630  1 
 5631  1 
 5632  2 
 5633  0 
 5634  0 
 5635  0 
 5636  0 
 5637  0 
 5638  0 
 5639  0 
 5640  1 
 5641  0 
 5642  0 
 5643  0 
 5644  1 
 5645  0 
 5646  0 
 5647  0 
 5648  0 
 5649  0 
 5650  0 
 5651  0 
 5652  1 
 5653  0 
 5654  0 
 5655  0 
 5656  0 
 5657  0 
 5658  0 
 5659  0 
 5660  0 
 5661  0 
 5662  0 
 5663  0 
 5664  1 
 5665  0 
 5666  0 
 5667  0 
 5668  0 
 5669  0 
 5670  0 
 5671  0 
 5672  0 
 5673  0 
 5674  1 
 5675  0 
 5676  0 
 5677  3 
 5678  0 
 5679  0 
 5680  1 
 5681  0 
 5682  0 
 5683  1 
 5684  0 
 5685  1 
 5686  0 
 5687  0 
 5688  0 
 5689  0 
 5690  0 
 5691  2 
 5692  2 
 5693  0 
 5694  0 
 5695  0 
 5696  0 
 5697  1 
 5698  0 
 5699  0 
 5700  0 
 5701  0 
 5702  0 
 5703  0 
 5704  0 
 5705  0 
 5706  0 
 5707  0 
 5708  2 
 5709  0 
 5710  0 
 5711  0 
 5712  0 
 5713  0 
 5714  0 
 5715  0 
 5716  0 
 5717  0 
 5718  0 
 5719  0 
 5720  0 
 5721  0 
 5722  0 
 5723  0 
 5724  0 
 5725  1 
 5726  0 
 5727  0 
 5728  0 
 5729  0 
 5730  0 
 5731  0 
 5732  0 
 5733  0 
 5734  0 
 5735  0 
 5736  0 
 5737  0 
 5738  0 
 5739  0 
 5740  0 
 5741  1 
 5742  0 
 5743  0 
 5744  0 
 5745  0 
 5746  0 
 5747  0 
 5748  1 
 5749  0 
 5750  0 
 5751  0 
 5752  0 
 5753  3 
 5754  0 
 5755  0 
 5756  0 
 5757  1 
 5758  0 
 5759  0 
 5760  0 
 5761  0 
 5762  1 
 5763  0 
 5764  0 
 5765  1 
 5766  0 
 5767  1 
 5768  0 
 5769  1 
 5770  0 
 5771  0 
 5772  0 
 5773  0 
 5774  1 
 5775  0 
 5776  0 
 5777  0 
 5778  0 
 5779  0 
 5780  0 
 5781  0 
 5782  0 
 5783  0 
 5784  0 
 5785  0 
 5786  0 
 5787  0 
 5788  0 
 5789  0 
 5790  1 
 5791  0 
 5792  0 
 5793  0 
 5794  0 
 5795  0 
 5796  0 
 5797  0 
 5798  0 
 5799  0 
 5800  0 
 5801  0 
 5802  0 
 5803  0 
 5804  0 
 5805  0 
 5806  1 
 5807  0 
 5808  0 
 5809  0 
 5810  0 
 5811  0 
 5812  0 
 5813  0 
 5814  1 
 5815  0 
 5816  0 
 5817  1 
 5818  0 
 5819  0 
 5820  0 
 5821  0 
 5822  0 
 5823  0 
 5824  0 
 5825  0 
 5826  0 
 5827  0 
 5828  0 
 5829  0 
 5830  0 
 5831  0 
 5832  1 
 5833  0 
 5834  0 
 5835  0 
 5836  0 
 5837  0 
 5838  0 
 5839  0 
 5840  0 
 5841  0 
 5842  0 
 5843  0 
 5844  0 
 5845  0 
 5846  0 
 5847  0 
 5848  0 
 5849  0 
 5850  0 
 5851  0 
 5852  0 
 5853  0 
 5854  0 
 5855  0 
 5856  0 
 5857  0 
 5858  0 
 5859  0 
 5860  0 
 5861  0 
 5862  0 
 5863  0 
 5864  0 
 5865  0 
 5866  0 
 5867  0 
 5868  0 
 5869  0 
 5870  0 
 5871  0 
 5872  0 
 5873  0 
 5874  0 
 5875  0 
 5876  0 
 5877  0 
 5878  0 
 5879  0 
 5880  0 
 5881  0 
 5882  0 
 5883  0 
 5884  0 
 5885  0 
 5886  0 
 5887  0 
 5888  0 
 5889  0 
 5890  0 
 5891  0 
 5892  0 
 5893  0 
 5894  0 
 5895  0 
 5896  0 
 5897  0 
 5898  0 
 5899  0 
 5900  0 
 5901  0 
 5902  0 
 5903  0 
 5904  0 
 5905  0 
 5906  0 
 5907  0 
 5908  0 
 5909  0 
 5910  0 
 5911  0 
 5912  0 
 5913  0 
 5914  0 
 5915  0 
 5916  0 
 5917  0 
 5918  0 
 5919  0 
 5920  0 
 5921  0 
 5922  0 
 5923  0 
 5924  1 
 5925  0 
 5926  0 
 5927  0 
 5928  0 
 5929  0 
 5930  1 
 5931  0 
 5932  0 
 5933  1 
 5934  0 
 5935  0 
 5936  0 
 5937  0 
 5938  0 
 5939  0 
 5940  0 
 5941  0 
 5942  0 
 5943  0 
 5944  0 
 5945  0 
 5946  0 
 5947  0 
 5948  0 
 5949  0 
 5950  0 
 5951  0 
 5952  0 
 5953  0 
 5954  0 
 5955  0 
 5956  0 
 5957  0 
 5958  0 
 5959  0 
 5960  0 
 5961  0 
 5962  0 
 5963  0 
 5964  0 
 5965  0 
 5966  0 
 5967  0 
 5968  0 
 5969  0 
 5970  0 
 5971  0 
 5972  0 
 5973  0 
 5974  0 
 5975  0 
 5976  0 
 5977  0 
 5978  0 
 5979  0 
 5980  0 
 5981  0 
 5982  0 
 5983  0 
 5984  0 
 5985  0 
 5986  0 
 5987  0 
 5988  0 
 5989  0 
 5990  0 
 5991  0 
 5992  0 
 5993  0 
 5994  0 
 5995  0 
 5996  0 
 5997  0 
 5998  0 
 5999  0 
 6000  0 
 6001  0 
 6002  0 
 6003  0 
 6004  0 
 6005  0 
 6006  0 
 6007  0 
 6008  0 
 6009  0 
 6010  0 
 6011  0 
 6012  0 
 6013  0 
 6014  0 
 6015  0 
 6016  0 
 6017  0 
 6018  0 
 6019  0 
 6020  0 
 6021  0 
 6022  0 
 6023  0 
 6024  0 
 6025  0 
 6026  0 
 6027  0 
 6028  0 
 6029  0 
 6030  0 
 6031  0 
 6032  0 
 6033  0 
 6034  0 
 6035  0 
 6036  0 
 6037  0 
 6038  0 
 6039  0 
 6040  0 
 6041  0 
 6042  0 
 6043  0 
 6044  0 
 6045  0 
 6046  0 
 6047  0 
 6048  0 
 6049  0 
 6050  0 
 6051  0 
 6052  0 
 6053  0 
 6054  0 
 6055  0 
 6056  0 
 6057  0 
 6058  0 
 6059  0 
 6060  0 
 6061  0 
 6062  0 
 6063  0 
 6064  0 
 6065  0 
 6066  0 
 6067  0 
 6068  0 
 6069  0 
 6070  0 
 6071  1 
 6072  0 
 6073  0 
 6074  0 
 6075  0 
 6076  0 
 6077  0 
 6078  0 
 6079  0 
 6080  0 
 6081  0 
 6082  0 
 6083  0 
 6084  0 
 6085  0 
 6086  0 
 6087  0 
 6088  0 
 6089  0 
 6090  0 
 6091  0 
 6092  0 
 6093  0 
 6094  0 
 6095  0 
 6096  0 
 6097  0 
 6098  0 
 6099  0 
 6100  0 
 6101  0 
 6102  0 
 6103  0 
 6104  0 
 6105  0 
 6106  0 
 6107  0 
 6108  0 
 6109  0 
 6110  0 
 6111  0 
 6112  0 
 6113  0 
 6114  0 
 6115  0 
 6116  0 
 6117  0 
 6118  0 
 6119  0 
 6120  0 
 6121  0 
 6122  0 
 6123  0 
 6124  0 
 6125  0 
 6126  0 
 6127  0 
 6128  0 
 6129  0 
 6130  0 
 6131  0 
 6132  0 
 6133  0 
 6134  0 
 6135  0 
 6136  0 
 6137  0 
 6138  0 
 6139  0 
 6140  0 
 6141  0 
 6142  0 
 6143  1 
 6144  0 
 6145  0 
 6146  0 
 6147  0 
 6148  0 
 6149  0 
 6150  0 
 6151  0 
 6152  0 
 6153  0 
 6154  0 
 6155  0 
 6156  0 
 6157  0 
 6158  0 
 6159  0 
 6160  0 
 6161  0 
 6162  0 
 6163  0 
 6164  0 
 6165  1 
 6166  0 
 6167  0 
 6168  0 
 6169  0 
 6170  0 
 6171  0 
 6172  0 
 6173  0 
 6174  0 
 6175  0 
 6176  0 
 6177  0 
 6178  0 
 6179  0 
 6180  1 
 6181  0 
 6182  0 
 6183  0 
 6184  0 
 6185  0 
 6186  0 
 6187  0 
 6188  0 
 6189  0 
 6190  0 
 6191  0 
 6192  0 
 6193  0 
 6194  0 
 6195  0 
 6196  0 
 6197  0 
 6198  0 
 6199  0 
 6200  0 
 6201  0 
 6202  0 
 6203  0 
 6204  0 
 6205  0 
 6206  0 
 6207  0 
 6208  0 
 6209  0 
 6210  0 
 6211  0 
 6212  0 
 6213  0 
 6214  0 
 6215  0 
 6216  0 
 6217  0 
 6218  0 
 6219  0 
 6220  0 
 6221  0 
 6222  0 
 6223  0 
 6224  0 
 6225  1 
 6226  0 
 6227  0 
 6228  0 
 6229  0 
 6230  0 
 6231  0 
 6232  0 
 6233  0 
 6234  0 
 6235  0 
 6236  0 
 6237  1 
 6238  0 
 6239  0 
 6240  0 
 6241  0 
 6242  0 
 6243  0 
 6244  0 
 6245  0 
 6246  1 
 6247  0 
 6248  0 
 6249  0 
 6250  0 
 6251  0 
 6252  0 
 6253  0 
 6254  0 
 6255  0 
 6256  0 
 6257  0 
 6258  0 
 6259  0 
 6260  0 
 6261  0 
 6262  0 
 6263  0 
 6264  0 
 6265  0 
 6266  0 
 6267  0 
 6268  0 
 6269  0 
 6270  0 
 6271  0 
 6272  0 
 6273  0 
 6274  0 
 6275  0 
 6276  0 
 6277  0 
 6278  0 
 6279  0 
 6280  0 
 6281  0 
 6282  0 
 6283  0 
 6284  0 
 6285  0 
 6286  0 
 6287  0 
 6288  0 
 6289  0 
 6290  0 
 6291  0 
 6292  0 
 6293  0 
 6294  0 
 6295  0 
 6296  0 
 6297  0 
 6298  0 
 6299  0 
 6300  0 
 6301  0 
 6302  0 
 6303  0 
 6304  0 
 6305  0 
 6306  0 
 6307  0 
 6308  0 
 6309  0 
 6310  0 
 6311  0 
 6312  0 
 6313  0 
 6314  0 
 6315  0 
 6316  0 
 6317  0 
 6318  0 
 6319  0 
 6320  0 
 6321  0 
 6322  0 
 6323  0 
 6324  0 
 6325  0 
 6326  0 
 6327  0 
 6328  0 
 6329  0 
 6330  0 
 6331  0 
 6332  0 
 6333  0 
 6334  0 
 6335  0 
 6336  0 
 6337  0 
 6338  0 
 6339  1 
 6340  0 
 6341  0 
 6342  0 
 6343  0 
 6344  0 
 6345  0 
 6346  0 
 6347  0 
 6348  0 
 6349  0 
 6350  0 
 6351  0 
 6352  0 
 6353  0 
 6354  0 
 6355  0 
 6356  0 
 6357  0 
 6358  0 
 6359  0 
 6360  0 
 6361  0 
 6362  0 
 6363  0 
 6364  0 
 6365  0 
 6366  0 
 6367  0 
 6368  0 
 6369  0 
 6370  0 
 6371  0 
 6372  0 
 6373  0 
 6374  0 
 6375  0 
 6376  0 
 6377  0 
 6378  0 
 6379  0 
 6380  0 
 6381  0 
 6382  0 
 6383  0 
 6384  0 
 6385  0 
 6386  0 
 6387  0 
 6388  0 
 6389  0 
 6390  1 
 6391  0 
 6392  0 
 6393  0 
 6394  0 
 6395  0 
 6396  0 
 6397  0 
 6398  0 
 6399  0 
 6400  0 
 6401  0 
 6402  0 
 6403  0 
 6404  0 
 6405  0 
 6406  1 
 6407  0 
 6408  0 
 6409  0 
 6410  0 
 6411  0 
 6412  0 
 6413  0 
 6414  0 
 6415  0 
 6416  0 
 6417  0 
 6418  0 
 6419  0 
 6420  0 
 6421  0 
 6422  0 
 6423  0 
 6424  0 
 6425  0 
 6426  0 
 6427  0 
 6428  0 
 6429  0 
 6430  0 
 6431  0 
 6432  0 
 6433  0 
 6434  0 
 6435  0 
 6436  0 
 6437  0 
 6438  0 
 6439  0 
 6440  0 
 6441  0 
 6442  0 
 6443  0 
 6444  0 
 6445  0 
 6446  0 
 6447  0 
 6448  0 
 6449  0 
 6450  0 
 6451  0 
 6452  0 
 6453  0 
 6454  0 
 6455  0 
 6456  0 
 6457  0 
 6458  0 
 6459  0 
 6460  0 
 6461  0 
 6462  0 
 6463  0 
 6464  0 
 6465  0 
 6466  0 
 6467  0 
 6468  0 
 6469  0 
 6470  0 
 6471  0 
 6472  0 
 6473  0 
 6474  0 
 6475  0 
 6476  0 
 6477  0 
 6478  0 
 6479  0 
 6480  0 
 6481  0 
 6482  0 
 6483  0 
 6484  0 
 6485  0 
 6486  0 
 6487  0 
 6488  0 
 6489  0 
 6490  0 
 6491  0 
 6492  0 
 6493  0 
 6494  0 
 6495  1 
 6496  0 
 6497  0 
 6498  0 
 6499  0 
 6500  0 
 6501  0 
 6502  0 
 6503  0 
 6504  0 
 6505  0 
 6506  0 
 6507  0 
 6508  0 
 6509  0 
 6510  0 
 6511  0 
 6512  0 
 6513  0 
 6514  0 
 6515  0 
 6516  0 
 6517  0 
 6518  0 
 6519  0 
 6520  0 
 6521  0 
 6522  1 
 6523  0 
 6524  0 
 6525  0 
 6526  0 
 6527  0 
 6528  0 
 6529  0 
 6530  0 
 6531  0 
 6532  0 
 6533  0 
 6534  0 
 6535  0 
 6536  0 
 6537  0 
 6538  0 
 6539  0 
 6540  0 
 6541  0 
 6542  0 
 6543  0 
 6544  0 
 6545  0 
 6546  0 
 6547  0 
 6548  0 
 6549  0 
 6550  0 
 6551  0 
 6552  0 
 6553  0 
 6554  0 
 6555  0 
 6556  0 
 6557  0 
 6558  0 
 6559  0 
 6560  0 
 6561  0 
 6562  0 
 6563  0 
 6564  0 
 6565  0 
 6566  0 
 6567  0 
 6568  0 
 6569  0 
 6570  0 
 6571  0 
 6572  0 
 6573  0 
 6574  0 
 6575  0 
 6576  0 
 6577  0 
 6578  1 
 6579  0 
 6580  0 
 6581  0 
 6582  0 
 6583  0 
 6584  0 
 6585  0 
 6586  0 
 6587  0 
 6588  0 
 6589  0 
 6590  0 
 6591  0 
 6592  0 
 6593  0 
 6594  0 
 6595  0 
 6596  0 
 6597  0 
 6598  0 
 6599  0 
 6600  0 
 6601  0 
 6602  0 
 6603  0 
 6604  0 
 6605  0 
 6606  0 
 6607  0 
 6608  0 
 6609  0 
 6610  0 
 6611  0 
 6612  0 
 6613  0 
 6614  0 
 6615  0 
 6616  1 
 6617  0 
 6618  0 
 6619  0 
 6620  0 
 6621  0 
 6622  0 
 6623  0 
 6624  0 
 6625  0 
 6626  0 
 6627  0 
 6628  0 
 6629  0 
 6630  0 
 6631  0 
 6632  0 
 6633  0 
 6634  0 
 6635  1 
 6636  0 
 6637  0 
 6638  0 
 6639  0 
 6640  0 
 6641  0 
 6642  0 
 6643  0 
 6644  0 
 6645  0 
 6646  0 
 6647  0 
 6648  0 
 6649  0 
 6650  0 
 6651  0 
 6652  0 
 6653  0 
 6654  0 
 6655  0 
 6656  0 
 6657  0 
 6658  0 
 6659  0 
 6660  0 
 6661  0 
 6662  0 
 6663  0 
 6664  0 
 6665  0 
 6666  0 
 6667  0 
 6668  0 
 6669  0 
 6670  0 
 6671  0 
 6672  0 
 6673  0 
 6674  0 
 6675  0 
 6676  0 
 6677  0 
 6678  0 
 6679  0 
 6680  0 
 6681  0 
 6682  0 
 6683  0 
 6684  0 
 6685  0 
 6686  0 
 6687  0 
 6688  0 
 6689  0 
 6690  0 
 6691  0 
 6692  0 
 6693  1 
 6694  0 
 6695  0 
 6696  0 
 6697  0 
 6698  0 
 6699  0 
 6700  0 
 6701  0 
 6702  0 
 6703  0 
 6704  0 
 6705  0 
 6706  0 
 6707  0 
 6708  0 
 6709  0 
 6710  0 
 6711  0 
 6712  0 
 6713  0 
 6714  0 
 6715  0 
 6716  0 
 6717  0 
 6718  0 
 6719  0 
 6720  0 
 6721  0 
 6722  0 
 6723  0 
 6724  0 
 6725  0 
 6726  0 
 6727  0 
 6728  0 
 6729  0 
 6730  0 
 6731  0 
 6732  0 
 6733  0 
 6734  0 
 6735  0 
 6736  0 
 6737  0 
 6738  0 
 6739  0 
 6740  0 
 6741  0 
 6742  0 
 6743  0 
 6744  0 
 6745  0 
 6746  0 
 6747  0 
 6748  0 
 6749  0 
 6750  0 
 6751  0 
 6752  0 
 6753  0 
 6754  0 
 6755  0 
 6756  0 
 6757  0 
 6758  0 
 6759  1 
 6760  0 
 6761  0 
 6762  0 
 6763  0 
 6764  0 
 6765  0 
 6766  0 
 6767  0 
 6768  0 
 6769  0 
 6770  0 
 6771  0 
 6772  0 
 6773  0 
 6774  0 
 6775  0 
 6776  0 
 6777  0 
 6778  0 
 6779  0 
 6780  0 
 6781  0 
 6782  0 
 6783  0 
 6784  0 
 6785  0 
 6786  0 
 6787  0 
 6788  0 
 6789  0 
 6790  0 
 6791  0 
 6792  0 
 6793  0 
 6794  0 
 6795  0 
 6796  0 
 6797  0 
 6798  0 
 6799  0 
 6800  0 
 6801  0 
 6802  0 
 6803  0 
 6804  1 
 6805  1 
 6806  0 
 6807  0 
 6808  0 
 6809  0 
 6810  0 
 6811  0 
 6812  0 
 6813  0 
 6814  0 
 6815  0 
 6816  0 
 6817  0 
 6818  0 
 6819  1 
 6820  0 
 6821  0 
 6822  0 
 6823  0 
 6824  0 
 6825  0 
 6826  0 
 6827  0 
 6828  0 
 6829  0 
 6830  0 
 6831  0 
 6832  0 
 6833  0 
 6834  0 
 6835  0 
 6836  0 
 6837  0 
 6838  0 
 6839  0 
 6840  0 
 6841  0 
 6842  0 
 6843  0 
 6844  0 
 6845  0 
 6846  0 
 6847  0 
 6848  0 
 6849  0 
 6850  0 
 6851  0 
 6852  0 
 6853  0 
 6854  0 
 6855  0 
 6856  0 
 6857  0 
 6858  0 
 6859  0 
 6860  0 
 6861  0 
 6862  0 
 6863  0 
 6864  0 
 6865  0 
 6866  0 
 6867  0 
 6868  0 
 6869  0 
 6870  0 
 6871  0 
 6872  0 
 6873  0 
 6874  0 
 6875  0 
 6876  0 
 6877  0 
 6878  1 
 6879  0 
 6880  0 
 6881  0 
 6882  0 
 6883  0 
 6884  0 
 6885  0 
 6886  0 
 6887  0 
 6888  0 
 6889  0 
 6890  0 
 6891  0 
 6892  0 
 6893  0 
 6894  0 
 6895  0 
 6896  0 
 6897  0 
 6898  0 
 6899  0 
 6900  0 
 6901  0 
 6902  0 
 6903  0 
 6904  0 
 6905  0 
 6906  0 
 6907  0 
 6908  0 
 6909  0 
 6910  0 
 6911  0 
 6912  0 
 6913  0 
 6914  0 
 6915  0 
 6916  0 
 6917  0 
 6918  0 
 6919  0 
 6920  0 
 6921  0 
 6922  0 
 6923  0 
 6924  0 
 6925  0 
 6926  0 
 6927  0 
 6928  0 
 6929  0 
 6930  0 
 6931  0 
 6932  0 
 6933  0 
 6934  0 
 6935  0 
 6936  0 
 6937  0 
 6938  0 
 6939  0 
 6940  0 
 6941  0 
 6942  0 
 6943  0 
 6944  0 
 6945  0 
 6946  0 
 6947  0 
 6948  0 
 6949  0 
 6950  0 
 6951  0 
 6952  0 
 6953  0 
 6954  0 
 6955  0 
 6956  0 
 6957  0 
 6958  0 
 6959  0 
 6960  0 
 6961  0 
 6962  0 
 6963  0 
 6964  0 
 6965  0 
 6966  0 
 6967  0 
 6968  0 
 6969  0 
 6970  0 
 6971  0 
 6972  0 
 6973  0 
 6974  0 
 6975  1 
 6976  0 
 6977  0 
 6978  0 
 6979  0 
 6980  0 
 6981  0 
 6982  0 
 6983  0 
 6984  0 
 6985  0 
 6986  0 
 6987  0 
 6988  1 
 6989  0 
 6990  0 
 6991  0 
 6992  0 
 6993  0 
 6994  0 
 6995  0 
 6996  1 
 6997  0 
 6998  0 
 6999  0 
 7000  0 
 7001  0 
 7002  0 
 7003  0 
 7004  0 
 7005  0 
 7006  0 
 7007  0 
 7008  0 
 7009  0 
 7010  0 
 7011  0 
 7012  0 
 7013  0 
 7014  0 
 7015  0 
 7016  0 
 7017  0 
 7018  0 
 7019  0 
 7020  0 
 7021  0 
 7022  0 
 7023  0 
 7024  0 
 7025  0 
 7026  0 
 7027  0 
 7028  0 
 7029  0 
 7030  0 
 7031  0 
 7032  0 
 7033  0 
 7034  0 
 7035  0 
 7036  0 
 7037  0 
 7038  0 
 7039  0 
 7040  0 
 7041  0 
 7042  0 
 7043  0 
 7044  0 
 7045  0 
 7046  0 
 7047  0 
 7048  0 
 7049  0 
 7050  0 
 7051  0 
 7052  0 
 7053  0 
 7054  0 
 7055  0 
 7056  0 
 7057  0 
 7058  0 
 7059  0 
 7060  0 
 7061  1 
 7062  0 
 7063  0 
 7064  0 
 7065  0 
 7066  0 
 7067  0 
 7068  0 
 7069  0 
 7070  1 
 7071  0 
 7072  0 
 7073  1 
 7074  0 
 7075  0 
 7076  0 
 7077  0 
 7078  0 
 7079  0 
 7080  0 
 7081  0 
 7082  0 
 7083  0 
 7084  0 
 7085  0 
 7086  1 
 7087  0 
 7088  0 
 7089  0 
 7090  0 
 7091  0 
 7092  1 
 7093  0 
 7094  0 
 7095  0 
 7096  0 
 7097  0 
 7098  0 
 7099  0 
 7100  0 
 7101  0 
 7102  0 
 7103  0 
 7104  1 
 7105  0 
 7106  1 
 7107  0 
 7108  0 
 7109  0 
 7110  0 
 7111  0 
 7112  0 
 7113  0 
 7114  0 
 7115  0 
 7116  0 
 7117  0 
 7118  0 
 7119  0 
 7120  0 
 7121  0 
 7122  1 
 7123  0 
 7124  0 
 7125  0 
 7126  0 
 7127  0 
 7128  0 
 7129  1 
 7130  0 
 7131  0 
 7132  0 
 7133  0 
 7134  0 
 7135  0 
 7136  0 
 7137  0 
 7138  0 
 7139  0 
 7140  0 
 7141  0 
 7142  0 
 7143  1 
 7144  0 
 7145  0 
 7146  0 
 7147  0 
 7148  1 
 7149  0 
 7150  0 
 7151  0 
 7152  0 
 7153  1 
 7154  0 
 7155  0 
 7156  0 
 7157  0 
 7158  0 
 7159  0 
 7160  0 
 7161  0 
 7162  0 
 7163  0 
 7164  0 
 7165  0 
 7166  0 
 7167  0 
 7168  0 
 7169  1 
 7170  1 
 7171  0 
 7172  0 
 7173  0 
 7174  0 
 7175  0 
 7176  0 
 7177  0 
 7178  0 
 7179  0 
 7180  0 
 7181  0 
 7182  0 
 7183  0 
 7184  0 
 7185  0 
 7186  0 
 7187  1 
 7188  0 
 7189  0 
 7190  0 
 7191  0 
 7192  0 
 7193  0 
 7194  0 
 7195  0 
 7196  0 
 7197  0 
 7198  0 
 7199  0 
 7200  0 
 7201  0 
 7202  0 
 7203  0 
 7204  0 
 7205  0 
 7206  0 
 7207  0 
 7208  0 
 7209  0 
 7210  0 
 7211  1 
 7212  0 
 7213  0 
 7214  0 
 7215  0 
 7216  0 
 7217  0 
 7218  0 
 7219  1 
 7220  0 
 7221  0 
 7222  0 
 7223  0 
 7224  1 
 7225  0 
 7226  0 
 7227  0 
 7228  0 
 7229  0 
 7230  0 
 7231  0 
 7232  0 
 7233  0 
 7234  0 
 7235  0 
 7236  0 
 7237  1 
 7238  0 
 7239  0 
 7240  0 
 7241  2 
 7242  0 
 7243  1 
 7244  0 
 7245  1 
 7246  1 
 7247  1 
 7248  0 
 7249  0 
 7250  0 
 7251  0 
 7252  0 
 7253  1 
 7254  1 
 7255  0 
 7256  1 
 7257  1 
 7258  1 
 7259  0 
 7260  1 
 7261  0 
 7262  0 
 7263  0 
 7264  0 
 7265  0 
 7266  0 
 7267  0 
 7268  0 
 7269  1 
 7270  1 
 7271  0 
 7272  0 
 7273  0 
 7274  0 
 7275  0 
 7276  0 
 7277  0 
 7278  1 
 7279  2 
 7280  1 
 7281  0 
 7282  1 
 7283  1 
 7284  0 
 7285  0 
 7286  0 
 7287  1 
 7288  0 
 7289  0 
 7290  0 
 7291  1 
 7292  0 
 7293  1 
 7294  0 
 7295  0 
 7296  2 
 7297  0 
 7298  1 
 7299  0 
 7300  0 
 7301  1 
 7302  0 
 7303  2 
 7304  1 
 7305  1 
 7306  0 
 7307  0 
 7308  1 
 7309  0 
 7310  0 
 7311  0 
 7312  0 
 7313  0 
 7314  0 
 7315  1 
 7316  1 
 7317  0 
 7318  1 
 7319  0 
 7320  0 
 7321  1 
 7322  1 
 7323  2 
 7324  0 
 7325  0 
 7326  0 
 7327  0 
 7328  0 
 7329  0 
 7330  0 
 7331  0 
 7332  0 
 7333  1 
 7334  0 
 7335  0 
 7336  0 
 7337  1 
 7338  0 
 7339  1 
 7340  2 
 7341  0 
 7342  2 
 7343  2 
 7344  0 
 7345  0 
 7346  0 
 7347  1 
 7348  0 
 7349  0 
 7350  2 
 7351  0 
 7352  0 
 7353  0 
 7354  1 
 7355  3 
 7356  0 
 7357  1 
 7358  1 
 7359  2 
 7360  0 
 7361  0 
 7362  0 
 7363  1 
 7364  0 
 7365  1 
 7366  1 
 7367  0 
 7368  0 
 7369  0 
 7370  1 
 7371  0 
 7372  1 
 7373  0 
 7374  0 
 7375  0 
 7376  1 
 7377  0 
 7378  0 
 7379  0 
 7380  2 
 7381  1 
 7382  0 
 7383  1 
 7384  0 
 7385  0 
 7386  0 
 7387  1 
 7388  0 
 7389  1 
 7390  1 
 7391  0 
 7392  1 
 7393  0 
 7394  2 
 7395  4 
 7396  0 
 7397  0 
 7398  0 
 7399  0 
 7400  1 
 7401  0 
 7402  0 
 7403  1 
 7404  0 
 7405  1 
 7406  0 
 7407  0 
 7408  0 
 7409  0 
 7410  0 
 7411  2 
 7412  0 
 7413  0 
 7414  0 
 7415  0 
 7416  0 
 7417  0 
 7418  0 
 7419  1 
 7420  0 
 7421  0 
 7422  1 
 7423  0 
 7424  1 
 7425  0 
 7426  0 
 7427  1 
 7428  0 
 7429  0 
 7430  2 
 7431  0 
 7432  0 
 7433  1 
 7434  1 
 7435  0 
 7436  0 
 7437  0 
 7438  0 
 7439  0 
 7440  0 
 7441  0 
 7442  0 
 7443  0 
 7444  0 
 7445  0 
 7446  0 
 7447  0 
 7448  0 
 7449  1 
 7450  0 
 7451  0 
 7452  0 
 7453  0 
 7454  0 
 7455  0 
 7456  0 
 7457  0 
 7458  1 
 7459  0 
 7460  1 
 7461  1 
 7462  0 
 7463  1 
 7464  0 
 7465  0 
 7466  2 
 7467  0 
 7468  0 
 7469  0 
 7470  1 
 7471  0 
 7472  0 
 7473  1 
 7474  0 
 7475  1 
 7476  1 
 7477  1 
 7478  1 
 7479  0 
 7480  0 
 7481  0 
 7482  1 
 7483  1 
 7484  0 
 7485  1 
 7486  1 
 7487  0 
 7488  0 
 7489  0 
 7490  0 
 7491  1 
 7492  0 
 7493  0 
 7494  1 
 7495  1 
 7496  1 
 7497  0 
 7498  0 
 7499  0 
 7500  0 
 7501  0 
 7502  0 
 7503  1 
 7504  0 
 7505  1 
 7506  2 
 7507  0 
 7508  0 
 7509  0 
 7510  1 
 7511  0 
 7512  0 
 7513  0 
 7514  0 
 7515  0 
 7516  1 
 7517  0 
 7518  0 
 7519  0 
 7520  0 
 7521  0 
 7522  0 
 7523  0 
 7524  0 
 7525  0 
 7526  0 
 7527  0 
 7528  1 
 7529  0 
 7530  0 
 7531  1 
 7532  0 
 7533  1 
 7534  0 
 7535  0 
 7536  1 
 7537  0 
 7538  0 
 7539  0 
 7540  0 
 7541  1 
 7542  0 
 7543  1 
 7544  0 
 7545  0 
 7546  0 
 7547  0 
 7548  1 
 7549  0 
 7550  1 
 7551  0 
 7552  0 
 7553  0 
 7554  0 
 7555  0 
 7556  0 
 7557  0 
 7558  0 
 7559  1 
 7560  0 
 7561  0 
 7562  0 
 7563  0 
 7564  0 
 7565  0 
 7566  0 
 7567  1 
 7568  0 
 7569  0 
 7570  0 
 7571  1 
 7572  0 
 7573  0 
 7574  0 
 7575  0 
 7576  0 
 7577  0 
 7578  0 
 7579  0 
 7580  0 
 7581  0 
 7582  0 
 7583  0 
 7584  0 
 7585  0 
 7586  0 
 7587  0 
 7588  0 
 7589  0 
 7590  0 
 7591  0 
 7592  0 
 7593  0 
 7594  0 
 7595  0 
 7596  0 
 7597  0 
 7598  0 
 7599  0 
 7600  0 
 7601  0 
 7602  0 
 7603  0 
 7604  0 
 7605  0 
 7606  0 
 7607  0 
 7608  0 
 7609  0 
 7610  0 
 7611  0 
 7612  0 
 7613  0 
 7614  0 
 7615  0 
 7616  0 
 7617  0 
 7618  0 
 7619  0 
 7620  0 
 7621  0 
 7622  0 
 7623  0 
 7624  0 
 7625  0 
 7626  0 
 7627  1 
 7628  0 
 7629  0 
 7630  0 
 7631  0 
 7632  0 
 7633  0 
 7634  0 
 7635  0 
 7636  0 
 7637  0 
 7638  0 
 7639  0 
 7640  0 
 7641  0 
 7642  0 
 7643  0 
 7644  0 
 7645  0 
 7646  0 
 7647  0 
 7648  0 
 7649  0 
 7650  0 
 7651  0 
 7652  0 
 7653  0 
 7654  0 
 7655  0 
 7656  0 
 7657  0 
 7658  0 
 7659  0 
 7660  0 
 7661  0 
 7662  0 
 7663  0 
 7664  0 
 7665  0 
 7666  0 
 7667  0 
 7668  0 
 7669  0 
 7670  0 
 7671  0 
 7672  0 
 7673  0 
 7674  0 
 7675  0 
 7676  0 
 7677  0 
 7678  0 
 7679  0 
 7680  0 
 7681  0 
 7682  0 
 7683  0 
 7684  0 
 7685  0 
 7686  0 
 7687  0 
 7688  0 
 7689  0 
 7690  0 
 7691  0 
 7692  0 
 7693  0 
 7694  0 
 7695  0 
 7696  0 
 7697  0 
 7698  0 
 7699  0 
 7700  0 
 7701  0 
 7702  0 
 7703  0 
 7704  1 
 7705  0 
 7706  0 
 7707  0 
 7708  0 
 7709  0 
 7710  0 
 7711  0 
 7712  0 
 7713  0 
 7714  0 
 7715  0 
 7716  0 
 7717  0 
 7718  0 
 7719  1 
 7720  0 
 7721  0 
 7722  0 
 7723  1 
 7724  0 
 7725  0 
 7726  0 
 7727  0 
 7728  0 
 7729  0 
 7730  0 
 7731  0 
 7732  0 
 7733  0 
 7734  0 
 7735  0 
 7736  0 
 7737  0 
 7738  0 
 7739  0 
 7740  0 
 7741  0 
 7742  0 
 7743  0 
 7744  0 
 7745  0 
 7746  0 
 7747  0 
 7748  0 
 7749  0 
 7750  0 
 7751  0 
 7752  0 
 7753  0 
 7754  0 
 7755  0 
 7756  0 
 7757  0 
 7758  0 
 7759  0 
 7760  0 
 7761  0 
 7762  0 
 7763  0 
 7764  0 
 7765  0 
 7766  0 
 7767  0 
 7768  0 
 7769  0 
 7770  0 
 7771  0 
 7772  1 
 7773  0 
 7774  0 
 7775  1 
 7776  0 
 7777  0 
 7778  0 
 7779  0 
 7780  0 
 7781  0 
 7782  0 
 7783  0 
 7784  0 
 7785  0 
 7786  0 
 7787  0 
 7788  0 
 7789  0 
 7790  0 
 7791  0 
 7792  0 
 7793  0 
 7794  0 
 7795  0 
 7796  0 
 7797  0 
 7798  0 
 7799  0 
 7800  0 
 7801  0 
 7802  0 
 7803  0 
 7804  0 
 7805  0 
 7806  0 
 7807  0 
 7808  0 
 7809  0 
 7810  0 
 7811  0 
 7812  0 
 7813  0 
 7814  0 
 7815  0 
 7816  0 
 7817  0 
 7818  0 
 7819  0 
 7820  0 
 7821  0 
 7822  0 
 7823  1 
 7824  0 
 7825  0 
 7826  0 
 7827  0 
 7828  0 
 7829  0 
 7830  0 
 7831  0 
 7832  0 
 7833  0 
 7834  0 
 7835  0 
 7836  0 
 7837  0 
 7838  0 
 7839  0 
 7840  0 
 7841  0 
 7842  0 
 7843  0 
 7844  0 
 7845  0 
 7846  0 
 7847  0 
 7848  0 
 7849  0 
 7850  0 
 7851  0 
 7852  0 
 7853  0 
 7854  0 
 7855  0 
 7856  0 
 7857  0 
 7858  0 
 7859  0 
 7860  0 
 7861  0 
 7862  0 
 7863  0 
 7864  0 
 7865  1 
 7866  0 
 7867  0 
 7868  0 
 7869  1 
 7870  0 
 7871  1 
 7872  0 
 7873  0 
 7874  0 
 7875  0 
 7876  0 
 7877  0 
 7878  0 
 7879  0 
 7880  0 
 7881  0 
 7882  0 
 7883  0 
 7884  0 
 7885  0 
 7886  0 
 7887  0 
 7888  0 
 7889  0 
 7890  0 
 7891  0 
 7892  0 
 7893  0 
 7894  0 
 7895  0 
 7896  0 
 7897  0 
 7898  0 
 7899  0 
 7900  0 
 7901  0 
 7902  0 
 7903  0 
 7904  0 
 7905  0 
 7906  0 
 7907  0 
 7908  0 
 7909  0 
 7910  0 
 7911  0 
 7912  0 
 7913  1 
 7914  0 
 7915  0 
 7916  0 
 7917  0 
 7918  0 
 7919  0 
 7920  0 
 7921  0 
 7922  0 
 7923  0 
 7924  0 
 7925  0 
 7926  0 
 7927  0 
 7928  0 
 7929  0 
 7930  0 
 7931  0 
 7932  0 
 7933  0 
 7934  0 
 7935  0 
 7936  0 
 7937  0 
 7938  0 
 7939  1 
 7940  0 
 7941  0 
 7942  0 
 7943  0 
 7944  0 
 7945  0 
 7946  0 
 7947  0 
 7948  0 
 7949  0 
 7950  0 
 7951  0 
 7952  0 
 7953  0 
 7954  0 
 7955  0 
 7956  0 
 7957  0 
 7958  0 
 7959  0 
 7960  0 
 7961  0 
 7962  0 
 7963  0 
 7964  0 
 7965  0 
 7966  0 
 7967  0 
 7968  0 
 7969  1 
 7970  0 
 7971  0 
 7972  0 
 7973  0 
 7974  0 
 7975  0 
 7976  0 
 7977  0 
 7978  0 
 7979  0 
 7980  0 
 7981  0 
 7982  0 
 7983  0 
 7984  0 
 7985  0 
 7986  0 
 7987  0 
 7988  0 
 7989  0 
 7990  0 
 7991  0 
 7992  0 
 7993  0 
 7994  0 
 7995  0 
 7996  0 
 7997  0 
 7998  0 
 7999  0 
 8000  0 
 8001  0 
 8002  0 
 8003  0 
 8004  0 
 8005  0 
 8006  0 
 8007  0 
 8008  0 
 8009  0 
 8010  0 
 8011  0 
 8012  0 
 8013  0 
 8014  0 
 8015  0 
 8016  0 
 8017  0 
 8018  0 
 8019  0 
 8020  0 
 8021  0 
 8022  0 
 8023  0 
 8024  0 
 8025  0 
 8026  0 
 8027  0 
 8028  0 
 8029  0 
 8030  0 
 8031  0 
 8032  0 
 8033  0 
 8034  0 
 8035  0 
 8036  0 
 8037  0 
 8038  0 
 8039  0 
 8040  0 
 8041  0 
 8042  0 
 8043  0 
 8044  0 
 8045  0 
 8046  0 
 8047  0 
 8048  0 
 8049  0 
 8050  0 
 8051  0 
 8052  0 
 8053  0 
 8054  0 
 8055  0 
 8056  0 
 8057  0 
 8058  0 
 8059  0 
 8060  0 
 8061  0 
 8062  0 
 8063  0 
 8064  0 
 8065  0 
 8066  0 
 8067  0 
 8068  0 
 8069  0 
 8070  0 
 8071  0 
 8072  0 
 8073  0 
 8074  0 
 8075  0 
 8076  0 
 8077  0 
 8078  0 
 8079  0 
 8080  0 
 8081  0 
 8082  0 
 8083  0 
 8084  0 
 8085  0 
 8086  0 
 8087  0 
 8088  0 
 8089  0 
 8090  0 
 8091  0 
 8092  0 
 8093  0 
 8094  0 
 8095  0 
 8096  0 
 8097  0 
 8098  0 
 8099  0 
 8100  0 
 8101  0 
 8102  0 
 8103  0 
 8104  0 
 8105  0 
 8106  0 
 8107  0 
 8108  0 
 8109  0 
 8110  0 
 8111  0 
 8112  0 
 8113  0 
 8114  0 
 8115  0 
 8116  0 
 8117  0 
 8118  0 
 8119  0 
 8120  0 
 8121  0 
 8122  0 
 8123  0 
 8124  0 
 8125  0 
 8126  0 
 8127  0 
 8128  0 
 8129  0 
 8130  0 
 8131  0 
 8132  0 
 8133  1 
 8134  0 
 8135  0 
 8136  0 
 8137  0 
 8138  0 
 8139  0 
 8140  0 
 8141  0 
 8142  0 
 8143  0 
 8144  0 
 8145  0 
 8146  0 
 8147  0 
 8148  0 
 8149  0 
 8150  0 
 8151  0 
 8152  0 
 8153  0 
 8154  0 
 8155  0 
 8156  0 
 8157  0 
 8158  0 
 8159  0 
 8160  0 
 8161  0 
 8162  0 
 8163  0 
 8164  0 
 8165  0 
 8166  0 
 8167  0 
 8168  0 
 8169  0 
 8170  0 
 8171  0 
 8172  0 
 8173  0 
 8174  0 
 8175  0 
 8176  1 
 8177  0 
 8178  0 
 8179  0 
 8180  0 
 8181  0 
 8182  0 
 8183  0 
 8184  0 
 8185  0 
 8186  0 
 8187  0 
 8188  0 
 8189  0 
 8190  0 
 8191  0 
