 0  1164 
 1  1172 
 2  0 
 3  0 
 4  0 
 5  0 
 6  0 
 7  0 
 8  0 
 9  0 
 10  0 
 11  0 
 12  0 
 13  0 
 14  0 
 15  0 
 16  0 
 17  0 
 18  0 
 19  0 
 20  0 
 21  0 
 22  0 
 23  0 
 24  0 
 25  0 
 26  0 
 27  0 
 28  0 
 29  0 
 30  0 
 31  0 
 32  0 
 33  0 
 34  0 
 35  0 
 36  0 
 37  0 
 38  0 
 39  0 
 40  0 
 41  0 
 42  0 
 43  0 
 44  0 
 45  0 
 46  0 
 47  0 
 48  0 
 49  0 
 50  0 
 51  0 
 52  0 
 53  0 
 54  0 
 55  0 
 56  0 
 57  0 
 58  0 
 59  0 
 60  0 
 61  0 
 62  0 
 63  0 
 64  0 
 65  0 
 66  0 
 67  0 
 68  0 
 69  0 
 70  0 
 71  0 
 72  0 
 73  0 
 74  0 
 75  0 
 76  0 
 77  0 
 78  0 
 79  0 
 80  0 
 81  0 
 82  0 
 83  0 
 84  0 
 85  0 
 86  0 
 87  0 
 88  0 
 89  0 
 90  0 
 91  0 
 92  0 
 93  0 
 94  0 
 95  0 
 96  0 
 97  0 
 98  0 
 99  0 
 100  0 
 101  0 
 102  0 
 103  0 
 104  0 
 105  0 
 106  0 
 107  0 
 108  0 
 109  0 
 110  0 
 111  0 
 112  0 
 113  0 
 114  0 
 115  0 
 116  0 
 117  0 
 118  0 
 119  0 
 120  0 
 121  0 
 122  0 
 123  0 
 124  0 
 125  0 
 126  0 
 127  0 
 128  0 
 129  0 
 130  0 
 131  0 
 132  0 
 133  0 
 134  0 
 135  0 
 136  0 
 137  0 
 138  0 
 139  0 
 140  0 
 141  0 
 142  0 
 143  0 
 144  0 
 145  0 
 146  0 
 147  0 
 148  0 
 149  0 
 150  0 
 151  0 
 152  0 
 153  0 
 154  0 
 155  0 
 156  0 
 157  0 
 158  0 
 159  0 
 160  0 
 161  0 
 162  0 
 163  0 
 164  0 
 165  0 
 166  0 
 167  0 
 168  0 
 169  0 
 170  0 
 171  0 
 172  0 
 173  0 
 174  0 
 175  0 
 176  0 
 177  0 
 178  0 
 179  0 
 180  0 
 181  0 
 182  0 
 183  0 
 184  0 
 185  0 
 186  0 
 187  0 
 188  0 
 189  0 
 190  0 
 191  0 
 192  0 
 193  0 
 194  0 
 195  0 
 196  0 
 197  0 
 198  0 
 199  0 
 200  0 
 201  0 
 202  0 
 203  0 
 204  0 
 205  0 
 206  0 
 207  0 
 208  0 
 209  0 
 210  0 
 211  0 
 212  0 
 213  0 
 214  0 
 215  0 
 216  0 
 217  0 
 218  0 
 219  0 
 220  0 
 221  0 
 222  0 
 223  0 
 224  0 
 225  0 
 226  0 
 227  0 
 228  0 
 229  0 
 230  0 
 231  0 
 232  0 
 233  0 
 234  0 
 235  0 
 236  0 
 237  0 
 238  0 
 239  0 
 240  0 
 241  0 
 242  0 
 243  0 
 244  0 
 245  0 
 246  0 
 247  0 
 248  0 
 249  0 
 250  0 
 251  1 
 252  97 
 253  206 
 254  217 
 255  227 
 256  205 
 257  208 
 258  169 
 259  200 
 260  200 
 261  181 
 262  193 
 263  197 
 264  172 
 265  171 
 266  172 
 267  173 
 268  170 
 269  159 
 270  177 
 271  156 
 272  140 
 273  147 
 274  141 
 275  119 
 276  137 
 277  140 
 278  135 
 279  135 
 280  116 
 281  115 
 282  132 
 283  134 
 284  130 
 285  127 
 286  120 
 287  139 
 288  147 
 289  130 
 290  125 
 291  96 
 292  112 
 293  98 
 294  121 
 295  108 
 296  131 
 297  127 
 298  119 
 299  112 
 300  98 
 301  94 
 302  90 
 303  103 
 304  85 
 305  89 
 306  102 
 307  78 
 308  98 
 309  85 
 310  90 
 311  84 
 312  95 
 313  73 
 314  84 
 315  78 
 316  78 
 317  92 
 318  81 
 319  80 
 320  76 
 321  83 
 322  67 
 323  75 
 324  56 
 325  71 
 326  65 
 327  90 
 328  70 
 329  53 
 330  72 
 331  66 
 332  68 
 333  65 
 334  54 
 335  55 
 336  72 
 337  70 
 338  62 
 339  69 
 340  54 
 341  65 
 342  42 
 343  58 
 344  52 
 345  56 
 346  55 
 347  55 
 348  39 
 349  51 
 350  50 
 351  58 
 352  53 
 353  48 
 354  62 
 355  51 
 356  36 
 357  50 
 358  45 
 359  49 
 360  55 
 361  47 
 362  45 
 363  47 
 364  59 
 365  48 
 366  54 
 367  41 
 368  43 
 369  44 
 370  45 
 371  36 
 372  48 
 373  36 
 374  39 
 375  47 
 376  44 
 377  43 
 378  45 
 379  44 
 380  47 
 381  34 
 382  48 
 383  44 
 384  53 
 385  50 
 386  39 
 387  43 
 388  48 
 389  34 
 390  44 
 391  27 
 392  50 
 393  35 
 394  41 
 395  37 
 396  38 
 397  38 
 398  38 
 399  47 
 400  46 
 401  40 
 402  52 
 403  41 
 404  39 
 405  42 
 406  36 
 407  31 
 408  43 
 409  31 
 410  44 
 411  39 
 412  36 
 413  36 
 414  41 
 415  29 
 416  42 
 417  51 
 418  35 
 419  35 
 420  34 
 421  37 
 422  32 
 423  46 
 424  28 
 425  38 
 426  44 
 427  47 
 428  43 
 429  51 
 430  34 
 431  38 
 432  40 
 433  31 
 434  40 
 435  48 
 436  37 
 437  39 
 438  27 
 439  52 
 440  36 
 441  44 
 442  34 
 443  34 
 444  40 
 445  44 
 446  46 
 447  42 
 448  36 
 449  42 
 450  39 
 451  46 
 452  38 
 453  41 
 454  32 
 455  40 
 456  38 
 457  39 
 458  40 
 459  36 
 460  33 
 461  49 
 462  41 
 463  39 
 464  41 
 465  27 
 466  41 
 467  25 
 468  39 
 469  34 
 470  39 
 471  42 
 472  33 
 473  33 
 474  43 
 475  35 
 476  32 
 477  34 
 478  48 
 479  43 
 480  46 
 481  35 
 482  37 
 483  41 
 484  41 
 485  33 
 486  40 
 487  33 
 488  44 
 489  37 
 490  38 
 491  48 
 492  42 
 493  40 
 494  40 
 495  50 
 496  47 
 497  44 
 498  46 
 499  33 
 500  34 
 501  43 
 502  38 
 503  44 
 504  43 
 505  41 
 506  36 
 507  38 
 508  42 
 509  33 
 510  42 
 511  46 
 512  47 
 513  38 
 514  46 
 515  51 
 516  50 
 517  55 
 518  38 
 519  43 
 520  51 
 521  58 
 522  30 
 523  49 
 524  53 
 525  40 
 526  41 
 527  47 
 528  47 
 529  44 
 530  56 
 531  52 
 532  56 
 533  45 
 534  52 
 535  42 
 536  33 
 537  50 
 538  45 
 539  44 
 540  58 
 541  37 
 542  53 
 543  49 
 544  51 
 545  53 
 546  55 
 547  42 
 548  48 
 549  58 
 550  57 
 551  51 
 552  71 
 553  64 
 554  57 
 555  40 
 556  63 
 557  66 
 558  73 
 559  55 
 560  56 
 561  62 
 562  59 
 563  65 
 564  58 
 565  64 
 566  72 
 567  84 
 568  55 
 569  87 
 570  67 
 571  75 
 572  90 
 573  70 
 574  78 
 575  80 
 576  88 
 577  88 
 578  76 
 579  104 
 580  104 
 581  100 
 582  96 
 583  87 
 584  105 
 585  95 
 586  108 
 587  121 
 588  101 
 589  124 
 590  121 
 591  123 
 592  112 
 593  125 
 594  128 
 595  143 
 596  126 
 597  144 
 598  157 
 599  145 
 600  164 
 601  160 
 602  187 
 603  174 
 604  170 
 605  182 
 606  173 
 607  178 
 608  174 
 609  182 
 610  202 
 611  197 
 612  186 
 613  208 
 614  216 
 615  232 
 616  194 
 617  221 
 618  217 
 619  212 
 620  232 
 621  236 
 622  253 
 623  248 
 624  220 
 625  247 
 626  279 
 627  242 
 628  257 
 629  265 
 630  272 
 631  281 
 632  256 
 633  269 
 634  268 
 635  293 
 636  289 
 637  281 
 638  263 
 639  294 
 640  260 
 641  285 
 642  285 
 643  330 
 644  294 
 645  318 
 646  286 
 647  287 
 648  286 
 649  296 
 650  273 
 651  283 
 652  313 
 653  262 
 654  297 
 655  241 
 656  255 
 657  297 
 658  286 
 659  274 
 660  255 
 661  251 
 662  279 
 663  255 
 664  271 
 665  261 
 666  232 
 667  208 
 668  235 
 669  212 
 670  236 
 671  183 
 672  221 
 673  199 
 674  199 
 675  209 
 676  190 
 677  173 
 678  197 
 679  211 
 680  201 
 681  146 
 682  164 
 683  166 
 684  155 
 685  152 
 686  155 
 687  134 
 688  127 
 689  112 
 690  131 
 691  111 
 692  105 
 693  120 
 694  113 
 695  105 
 696  113 
 697  91 
 698  95 
 699  107 
 700  95 
 701  87 
 702  85 
 703  78 
 704  92 
 705  80 
 706  67 
 707  80 
 708  71 
 709  65 
 710  54 
 711  68 
 712  61 
 713  70 
 714  60 
 715  67 
 716  41 
 717  61 
 718  57 
 719  57 
 720  45 
 721  64 
 722  44 
 723  39 
 724  48 
 725  46 
 726  41 
 727  44 
 728  39 
 729  42 
 730  51 
 731  39 
 732  38 
 733  39 
 734  26 
 735  29 
 736  43 
 737  42 
 738  29 
 739  36 
 740  40 
 741  34 
 742  28 
 743  38 
 744  38 
 745  30 
 746  37 
 747  31 
 748  31 
 749  32 
 750  23 
 751  34 
 752  27 
 753  29 
 754  35 
 755  24 
 756  25 
 757  36 
 758  24 
 759  36 
 760  17 
 761  23 
 762  30 
 763  29 
 764  25 
 765  19 
 766  30 
 767  19 
 768  30 
 769  25 
 770  14 
 771  26 
 772  41 
 773  29 
 774  23 
 775  27 
 776  21 
 777  25 
 778  24 
 779  31 
 780  25 
 781  22 
 782  28 
 783  20 
 784  28 
 785  23 
 786  29 
 787  20 
 788  27 
 789  32 
 790  26 
 791  23 
 792  28 
 793  31 
 794  22 
 795  22 
 796  22 
 797  30 
 798  16 
 799  19 
 800  22 
 801  24 
 802  25 
 803  16 
 804  23 
 805  15 
 806  22 
 807  24 
 808  19 
 809  25 
 810  22 
 811  22 
 812  21 
 813  20 
 814  21 
 815  25 
 816  19 
 817  24 
 818  23 
 819  28 
 820  23 
 821  25 
 822  22 
 823  27 
 824  24 
 825  22 
 826  15 
 827  19 
 828  21 
 829  28 
 830  23 
 831  28 
 832  14 
 833  26 
 834  24 
 835  27 
 836  12 
 837  13 
 838  37 
 839  16 
 840  32 
 841  27 
 842  29 
 843  15 
 844  25 
 845  21 
 846  19 
 847  25 
 848  20 
 849  22 
 850  15 
 851  24 
 852  29 
 853  21 
 854  26 
 855  22 
 856  20 
 857  24 
 858  37 
 859  22 
 860  13 
 861  19 
 862  21 
 863  22 
 864  25 
 865  25 
 866  32 
 867  23 
 868  28 
 869  22 
 870  14 
 871  18 
 872  16 
 873  25 
 874  24 
 875  21 
 876  20 
 877  20 
 878  19 
 879  42 
 880  22 
 881  25 
 882  20 
 883  21 
 884  31 
 885  18 
 886  23 
 887  17 
 888  25 
 889  22 
 890  12 
 891  23 
 892  24 
 893  15 
 894  23 
 895  16 
 896  23 
 897  25 
 898  21 
 899  18 
 900  17 
 901  25 
 902  23 
 903  22 
 904  14 
 905  27 
 906  21 
 907  24 
 908  18 
 909  28 
 910  20 
 911  20 
 912  18 
 913  18 
 914  30 
 915  17 
 916  23 
 917  18 
 918  18 
 919  22 
 920  30 
 921  24 
 922  22 
 923  17 
 924  20 
 925  25 
 926  20 
 927  23 
 928  28 
 929  24 
 930  13 
 931  11 
 932  21 
 933  18 
 934  18 
 935  25 
 936  30 
 937  22 
 938  23 
 939  19 
 940  23 
 941  31 
 942  21 
 943  19 
 944  22 
 945  24 
 946  28 
 947  28 
 948  21 
 949  16 
 950  24 
 951  18 
 952  14 
 953  23 
 954  17 
 955  19 
 956  17 
 957  18 
 958  15 
 959  15 
 960  12 
 961  23 
 962  20 
 963  24 
 964  21 
 965  24 
 966  25 
 967  24 
 968  33 
 969  19 
 970  18 
 971  19 
 972  22 
 973  25 
 974  34 
 975  20 
 976  21 
 977  20 
 978  22 
 979  19 
 980  27 
 981  18 
 982  19 
 983  17 
 984  20 
 985  15 
 986  16 
 987  14 
 988  26 
 989  14 
 990  23 
 991  25 
 992  18 
 993  19 
 994  27 
 995  22 
 996  26 
 997  15 
 998  21 
 999  17 
 1000  24 
 1001  28 
 1002  21 
 1003  16 
 1004  25 
 1005  13 
 1006  17 
 1007  18 
 1008  21 
 1009  18 
 1010  18 
 1011  13 
 1012  16 
 1013  15 
 1014  10 
 1015  20 
 1016  21 
 1017  17 
 1018  17 
 1019  16 
 1020  16 
 1021  14 
 1022  27 
 1023  22 
 1024  26 
 1025  19 
 1026  15 
 1027  15 
 1028  19 
 1029  13 
 1030  14 
 1031  22 
 1032  14 
 1033  20 
 1034  19 
 1035  15 
 1036  25 
 1037  19 
 1038  17 
 1039  19 
 1040  30 
 1041  22 
 1042  14 
 1043  20 
 1044  24 
 1045  23 
 1046  15 
 1047  26 
 1048  18 
 1049  20 
 1050  19 
 1051  8 
 1052  14 
 1053  19 
 1054  22 
 1055  18 
 1056  19 
 1057  19 
 1058  17 
 1059  16 
 1060  11 
 1061  16 
 1062  27 
 1063  13 
 1064  19 
 1065  21 
 1066  15 
 1067  17 
 1068  20 
 1069  17 
 1070  24 
 1071  20 
 1072  27 
 1073  26 
 1074  20 
 1075  24 
 1076  13 
 1077  23 
 1078  20 
 1079  27 
 1080  22 
 1081  24 
 1082  19 
 1083  15 
 1084  24 
 1085  21 
 1086  20 
 1087  22 
 1088  16 
 1089  22 
 1090  27 
 1091  13 
 1092  15 
 1093  16 
 1094  23 
 1095  16 
 1096  18 
 1097  18 
 1098  14 
 1099  18 
 1100  20 
 1101  27 
 1102  17 
 1103  23 
 1104  22 
 1105  19 
 1106  21 
 1107  22 
 1108  16 
 1109  22 
 1110  16 
 1111  15 
 1112  17 
 1113  29 
 1114  20 
 1115  20 
 1116  24 
 1117  26 
 1118  16 
 1119  13 
 1120  23 
 1121  23 
 1122  23 
 1123  14 
 1124  23 
 1125  16 
 1126  17 
 1127  19 
 1128  19 
 1129  18 
 1130  14 
 1131  19 
 1132  20 
 1133  25 
 1134  23 
 1135  24 
 1136  18 
 1137  13 
 1138  25 
 1139  17 
 1140  14 
 1141  16 
 1142  20 
 1143  21 
 1144  22 
 1145  17 
 1146  23 
 1147  24 
 1148  25 
 1149  20 
 1150  16 
 1151  22 
 1152  22 
 1153  18 
 1154  13 
 1155  26 
 1156  19 
 1157  23 
 1158  13 
 1159  22 
 1160  17 
 1161  25 
 1162  30 
 1163  19 
 1164  18 
 1165  21 
 1166  20 
 1167  24 
 1168  15 
 1169  17 
 1170  21 
 1171  12 
 1172  18 
 1173  17 
 1174  18 
 1175  19 
 1176  23 
 1177  18 
 1178  17 
 1179  21 
 1180  23 
 1181  14 
 1182  24 
 1183  19 
 1184  27 
 1185  20 
 1186  15 
 1187  25 
 1188  19 
 1189  16 
 1190  22 
 1191  27 
 1192  21 
 1193  19 
 1194  27 
 1195  23 
 1196  24 
 1197  17 
 1198  13 
 1199  22 
 1200  22 
 1201  22 
 1202  26 
 1203  15 
 1204  14 
 1205  12 
 1206  17 
 1207  17 
 1208  21 
 1209  13 
 1210  19 
 1211  20 
 1212  25 
 1213  10 
 1214  17 
 1215  17 
 1216  19 
 1217  17 
 1218  15 
 1219  26 
 1220  20 
 1221  19 
 1222  24 
 1223  21 
 1224  25 
 1225  18 
 1226  19 
 1227  21 
 1228  10 
 1229  21 
 1230  18 
 1231  11 
 1232  22 
 1233  22 
 1234  19 
 1235  15 
 1236  24 
 1237  16 
 1238  17 
 1239  19 
 1240  27 
 1241  22 
 1242  14 
 1243  13 
 1244  22 
 1245  25 
 1246  17 
 1247  17 
 1248  23 
 1249  21 
 1250  12 
 1251  14 
 1252  24 
 1253  19 
 1254  24 
 1255  21 
 1256  15 
 1257  16 
 1258  20 
 1259  21 
 1260  20 
 1261  11 
 1262  12 
 1263  14 
 1264  15 
 1265  12 
 1266  16 
 1267  20 
 1268  20 
 1269  18 
 1270  20 
 1271  15 
 1272  17 
 1273  22 
 1274  18 
 1275  18 
 1276  13 
 1277  16 
 1278  11 
 1279  17 
 1280  18 
 1281  18 
 1282  17 
 1283  14 
 1284  19 
 1285  18 
 1286  14 
 1287  24 
 1288  18 
 1289  25 
 1290  14 
 1291  21 
 1292  21 
 1293  19 
 1294  28 
 1295  24 
 1296  18 
 1297  19 
 1298  18 
 1299  17 
 1300  14 
 1301  18 
 1302  26 
 1303  20 
 1304  19 
 1305  24 
 1306  11 
 1307  19 
 1308  16 
 1309  15 
 1310  17 
 1311  16 
 1312  16 
 1313  23 
 1314  23 
 1315  23 
 1316  7 
 1317  23 
 1318  18 
 1319  15 
 1320  15 
 1321  22 
 1322  25 
 1323  14 
 1324  22 
 1325  14 
 1326  23 
 1327  15 
 1328  14 
 1329  13 
 1330  13 
 1331  16 
 1332  25 
 1333  16 
 1334  21 
 1335  15 
 1336  16 
 1337  21 
 1338  16 
 1339  16 
 1340  18 
 1341  16 
 1342  22 
 1343  12 
 1344  18 
 1345  18 
 1346  18 
 1347  23 
 1348  23 
 1349  22 
 1350  20 
 1351  10 
 1352  13 
 1353  16 
 1354  22 
 1355  15 
 1356  13 
 1357  22 
 1358  18 
 1359  16 
 1360  18 
 1361  16 
 1362  21 
 1363  18 
 1364  14 
 1365  11 
 1366  10 
 1367  17 
 1368  14 
 1369  21 
 1370  12 
 1371  11 
 1372  22 
 1373  21 
 1374  18 
 1375  11 
 1376  13 
 1377  19 
 1378  19 
 1379  16 
 1380  17 
 1381  14 
 1382  22 
 1383  22 
 1384  19 
 1385  21 
 1386  14 
 1387  21 
 1388  11 
 1389  18 
 1390  15 
 1391  14 
 1392  21 
 1393  20 
 1394  20 
 1395  19 
 1396  19 
 1397  19 
 1398  15 
 1399  12 
 1400  10 
 1401  19 
 1402  22 
 1403  24 
 1404  9 
 1405  14 
 1406  15 
 1407  16 
 1408  17 
 1409  16 
 1410  14 
 1411  13 
 1412  21 
 1413  22 
 1414  23 
 1415  19 
 1416  14 
 1417  22 
 1418  16 
 1419  24 
 1420  26 
 1421  18 
 1422  11 
 1423  17 
 1424  19 
 1425  19 
 1426  16 
 1427  21 
 1428  22 
 1429  15 
 1430  11 
 1431  17 
 1432  19 
 1433  24 
 1434  20 
 1435  17 
 1436  12 
 1437  16 
 1438  19 
 1439  16 
 1440  14 
 1441  19 
 1442  10 
 1443  13 
 1444  14 
 1445  27 
 1446  17 
 1447  17 
 1448  18 
 1449  21 
 1450  18 
 1451  11 
 1452  22 
 1453  16 
 1454  21 
 1455  17 
 1456  25 
 1457  20 
 1458  18 
 1459  11 
 1460  20 
 1461  15 
 1462  16 
 1463  19 
 1464  24 
 1465  17 
 1466  15 
 1467  17 
 1468  23 
 1469  24 
 1470  11 
 1471  20 
 1472  12 
 1473  25 
 1474  17 
 1475  23 
 1476  16 
 1477  18 
 1478  22 
 1479  18 
 1480  20 
 1481  8 
 1482  12 
 1483  18 
 1484  15 
 1485  23 
 1486  15 
 1487  13 
 1488  16 
 1489  18 
 1490  14 
 1491  18 
 1492  17 
 1493  18 
 1494  18 
 1495  15 
 1496  10 
 1497  19 
 1498  18 
 1499  19 
 1500  17 
 1501  17 
 1502  13 
 1503  21 
 1504  18 
 1505  21 
 1506  17 
 1507  16 
 1508  18 
 1509  19 
 1510  15 
 1511  15 
 1512  18 
 1513  13 
 1514  16 
 1515  19 
 1516  16 
 1517  17 
 1518  17 
 1519  26 
 1520  16 
 1521  16 
 1522  14 
 1523  20 
 1524  17 
 1525  17 
 1526  15 
 1527  21 
 1528  14 
 1529  13 
 1530  16 
 1531  18 
 1532  12 
 1533  25 
 1534  21 
 1535  18 
 1536  12 
 1537  20 
 1538  18 
 1539  20 
 1540  18 
 1541  17 
 1542  11 
 1543  13 
 1544  17 
 1545  18 
 1546  24 
 1547  9 
 1548  11 
 1549  16 
 1550  11 
 1551  15 
 1552  25 
 1553  12 
 1554  14 
 1555  16 
 1556  18 
 1557  19 
 1558  11 
 1559  13 
 1560  17 
 1561  11 
 1562  14 
 1563  17 
 1564  23 
 1565  13 
 1566  25 
 1567  19 
 1568  18 
 1569  17 
 1570  15 
 1571  13 
 1572  15 
 1573  18 
 1574  17 
 1575  24 
 1576  17 
 1577  20 
 1578  17 
 1579  14 
 1580  11 
 1581  17 
 1582  15 
 1583  14 
 1584  17 
 1585  16 
 1586  16 
 1587  21 
 1588  16 
 1589  12 
 1590  18 
 1591  20 
 1592  7 
 1593  23 
 1594  14 
 1595  12 
 1596  25 
 1597  11 
 1598  11 
 1599  15 
 1600  16 
 1601  12 
 1602  14 
 1603  18 
 1604  25 
 1605  20 
 1606  20 
 1607  14 
 1608  13 
 1609  16 
 1610  19 
 1611  15 
 1612  27 
 1613  14 
 1614  24 
 1615  18 
 1616  13 
 1617  11 
 1618  16 
 1619  19 
 1620  18 
 1621  15 
 1622  17 
 1623  21 
 1624  17 
 1625  14 
 1626  13 
 1627  13 
 1628  17 
 1629  24 
 1630  19 
 1631  20 
 1632  15 
 1633  19 
 1634  11 
 1635  9 
 1636  17 
 1637  12 
 1638  17 
 1639  17 
 1640  18 
 1641  18 
 1642  15 
 1643  20 
 1644  11 
 1645  10 
 1646  14 
 1647  21 
 1648  24 
 1649  15 
 1650  15 
 1651  12 
 1652  11 
 1653  19 
 1654  32 
 1655  20 
 1656  12 
 1657  22 
 1658  18 
 1659  7 
 1660  19 
 1661  14 
 1662  16 
 1663  13 
 1664  15 
 1665  14 
 1666  18 
 1667  23 
 1668  12 
 1669  17 
 1670  9 
 1671  27 
 1672  11 
 1673  18 
 1674  15 
 1675  19 
 1676  21 
 1677  7 
 1678  18 
 1679  16 
 1680  16 
 1681  18 
 1682  19 
 1683  14 
 1684  11 
 1685  17 
 1686  11 
 1687  13 
 1688  13 
 1689  16 
 1690  12 
 1691  18 
 1692  10 
 1693  8 
 1694  14 
 1695  27 
 1696  21 
 1697  19 
 1698  13 
 1699  10 
 1700  17 
 1701  14 
 1702  18 
 1703  13 
 1704  14 
 1705  18 
 1706  19 
 1707  14 
 1708  11 
 1709  10 
 1710  8 
 1711  15 
 1712  23 
 1713  17 
 1714  18 
 1715  10 
 1716  18 
 1717  15 
 1718  14 
 1719  12 
 1720  13 
 1721  15 
 1722  19 
 1723  17 
 1724  18 
 1725  17 
 1726  12 
 1727  19 
 1728  18 
 1729  11 
 1730  18 
 1731  6 
 1732  20 
 1733  14 
 1734  22 
 1735  16 
 1736  11 
 1737  16 
 1738  17 
 1739  14 
 1740  13 
 1741  16 
 1742  15 
 1743  16 
 1744  18 
 1745  17 
 1746  13 
 1747  20 
 1748  13 
 1749  10 
 1750  11 
 1751  11 
 1752  10 
 1753  20 
 1754  19 
 1755  16 
 1756  24 
 1757  14 
 1758  19 
 1759  17 
 1760  11 
 1761  19 
 1762  17 
 1763  15 
 1764  14 
 1765  18 
 1766  20 
 1767  10 
 1768  15 
 1769  14 
 1770  17 
 1771  14 
 1772  14 
 1773  16 
 1774  27 
 1775  14 
 1776  16 
 1777  13 
 1778  13 
 1779  16 
 1780  14 
 1781  20 
 1782  15 
 1783  17 
 1784  12 
 1785  16 
 1786  10 
 1787  22 
 1788  16 
 1789  25 
 1790  14 
 1791  15 
 1792  16 
 1793  17 
 1794  19 
 1795  13 
 1796  14 
 1797  17 
 1798  16 
 1799  16 
 1800  18 
 1801  21 
 1802  19 
 1803  19 
 1804  17 
 1805  8 
 1806  13 
 1807  11 
 1808  14 
 1809  13 
 1810  16 
 1811  16 
 1812  19 
 1813  18 
 1814  18 
 1815  17 
 1816  13 
 1817  20 
 1818  15 
 1819  18 
 1820  13 
 1821  15 
 1822  12 
 1823  9 
 1824  11 
 1825  19 
 1826  15 
 1827  18 
 1828  20 
 1829  10 
 1830  14 
 1831  12 
 1832  11 
 1833  12 
 1834  13 
 1835  15 
 1836  12 
 1837  17 
 1838  19 
 1839  9 
 1840  14 
 1841  19 
 1842  16 
 1843  13 
 1844  7 
 1845  13 
 1846  11 
 1847  15 
 1848  19 
 1849  10 
 1850  17 
 1851  18 
 1852  15 
 1853  16 
 1854  19 
 1855  11 
 1856  18 
 1857  18 
 1858  11 
 1859  14 
 1860  14 
 1861  13 
 1862  7 
 1863  9 
 1864  18 
 1865  15 
 1866  10 
 1867  14 
 1868  6 
 1869  16 
 1870  10 
 1871  15 
 1872  21 
 1873  14 
 1874  17 
 1875  10 
 1876  12 
 1877  16 
 1878  13 
 1879  11 
 1880  9 
 1881  10 
 1882  14 
 1883  10 
 1884  12 
 1885  24 
 1886  21 
 1887  15 
 1888  16 
 1889  14 
 1890  18 
 1891  16 
 1892  15 
 1893  21 
 1894  11 
 1895  15 
 1896  13 
 1897  18 
 1898  13 
 1899  11 
 1900  11 
 1901  22 
 1902  14 
 1903  14 
 1904  10 
 1905  9 
 1906  16 
 1907  16 
 1908  10 
 1909  17 
 1910  20 
 1911  16 
 1912  12 
 1913  24 
 1914  18 
 1915  11 
 1916  13 
 1917  13 
 1918  14 
 1919  11 
 1920  25 
 1921  8 
 1922  15 
 1923  16 
 1924  10 
 1925  13 
 1926  16 
 1927  11 
 1928  9 
 1929  15 
 1930  15 
 1931  20 
 1932  16 
 1933  17 
 1934  15 
 1935  22 
 1936  13 
 1937  11 
 1938  14 
 1939  11 
 1940  9 
 1941  17 
 1942  23 
 1943  21 
 1944  14 
 1945  15 
 1946  12 
 1947  12 
 1948  14 
 1949  12 
 1950  16 
 1951  18 
 1952  17 
 1953  15 
 1954  18 
 1955  12 
 1956  15 
 1957  6 
 1958  11 
 1959  17 
 1960  14 
 1961  16 
 1962  14 
 1963  19 
 1964  16 
 1965  18 
 1966  12 
 1967  5 
 1968  12 
 1969  11 
 1970  9 
 1971  10 
 1972  17 
 1973  22 
 1974  20 
 1975  18 
 1976  22 
 1977  15 
 1978  21 
 1979  19 
 1980  13 
 1981  13 
 1982  18 
 1983  13 
 1984  21 
 1985  17 
 1986  11 
 1987  14 
 1988  13 
 1989  11 
 1990  20 
 1991  14 
 1992  17 
 1993  10 
 1994  15 
 1995  17 
 1996  13 
 1997  22 
 1998  11 
 1999  12 
 2000  22 
 2001  15 
 2002  14 
 2003  10 
 2004  16 
 2005  13 
 2006  18 
 2007  16 
 2008  16 
 2009  15 
 2010  12 
 2011  13 
 2012  18 
 2013  13 
 2014  8 
 2015  30 
 2016  7 
 2017  14 
 2018  9 
 2019  13 
 2020  11 
 2021  13 
 2022  9 
 2023  13 
 2024  7 
 2025  21 
 2026  13 
 2027  14 
 2028  12 
 2029  15 
 2030  14 
 2031  17 
 2032  12 
 2033  15 
 2034  12 
 2035  19 
 2036  8 
 2037  15 
 2038  10 
 2039  12 
 2040  9 
 2041  14 
 2042  14 
 2043  14 
 2044  10 
 2045  10 
 2046  17 
 2047  14 
 2048  9 
 2049  12 
 2050  16 
 2051  15 
 2052  20 
 2053  10 
 2054  13 
 2055  10 
 2056  12 
 2057  10 
 2058  16 
 2059  15 
 2060  17 
 2061  14 
 2062  14 
 2063  19 
 2064  16 
 2065  15 
 2066  14 
 2067  14 
 2068  14 
 2069  9 
 2070  12 
 2071  13 
 2072  7 
 2073  16 
 2074  12 
 2075  10 
 2076  7 
 2077  8 
 2078  12 
 2079  10 
 2080  15 
 2081  8 
 2082  7 
 2083  14 
 2084  11 
 2085  15 
 2086  11 
 2087  19 
 2088  12 
 2089  13 
 2090  12 
 2091  14 
 2092  9 
 2093  17 
 2094  13 
 2095  14 
 2096  17 
 2097  22 
 2098  12 
 2099  13 
 2100  18 
 2101  12 
 2102  14 
 2103  18 
 2104  24 
 2105  13 
 2106  9 
 2107  12 
 2108  17 
 2109  11 
 2110  13 
 2111  7 
 2112  17 
 2113  16 
 2114  11 
 2115  14 
 2116  12 
 2117  14 
 2118  14 
 2119  16 
 2120  8 
 2121  13 
 2122  9 
 2123  18 
 2124  19 
 2125  11 
 2126  11 
 2127  14 
 2128  8 
 2129  6 
 2130  13 
 2131  12 
 2132  14 
 2133  14 
 2134  13 
 2135  11 
 2136  9 
 2137  16 
 2138  14 
 2139  16 
 2140  10 
 2141  15 
 2142  12 
 2143  9 
 2144  14 
 2145  15 
 2146  8 
 2147  14 
 2148  17 
 2149  16 
 2150  14 
 2151  13 
 2152  15 
 2153  13 
 2154  8 
 2155  10 
 2156  7 
 2157  9 
 2158  10 
 2159  18 
 2160  12 
 2161  6 
 2162  16 
 2163  12 
 2164  14 
 2165  12 
 2166  13 
 2167  15 
 2168  16 
 2169  23 
 2170  14 
 2171  22 
 2172  11 
 2173  6 
 2174  21 
 2175  11 
 2176  12 
 2177  7 
 2178  18 
 2179  14 
 2180  12 
 2181  17 
 2182  11 
 2183  6 
 2184  18 
 2185  10 
 2186  13 
 2187  7 
 2188  15 
 2189  19 
 2190  18 
 2191  12 
 2192  11 
 2193  14 
 2194  7 
 2195  15 
 2196  13 
 2197  11 
 2198  15 
 2199  14 
 2200  16 
 2201  15 
 2202  11 
 2203  10 
 2204  12 
 2205  14 
 2206  10 
 2207  12 
 2208  16 
 2209  11 
 2210  11 
 2211  13 
 2212  9 
 2213  12 
 2214  11 
 2215  13 
 2216  14 
 2217  20 
 2218  14 
 2219  13 
 2220  13 
 2221  14 
 2222  14 
 2223  14 
 2224  12 
 2225  20 
 2226  8 
 2227  14 
 2228  15 
 2229  8 
 2230  10 
 2231  14 
 2232  9 
 2233  10 
 2234  15 
 2235  15 
 2236  12 
 2237  16 
 2238  20 
 2239  21 
 2240  12 
 2241  18 
 2242  12 
 2243  12 
 2244  12 
 2245  16 
 2246  11 
 2247  16 
 2248  16 
 2249  11 
 2250  12 
 2251  17 
 2252  17 
 2253  14 
 2254  14 
 2255  15 
 2256  13 
 2257  11 
 2258  7 
 2259  11 
 2260  9 
 2261  9 
 2262  9 
 2263  10 
 2264  8 
 2265  11 
 2266  8 
 2267  8 
 2268  20 
 2269  22 
 2270  10 
 2271  11 
 2272  15 
 2273  14 
 2274  9 
 2275  12 
 2276  10 
 2277  14 
 2278  16 
 2279  8 
 2280  12 
 2281  17 
 2282  15 
 2283  16 
 2284  15 
 2285  12 
 2286  12 
 2287  13 
 2288  17 
 2289  10 
 2290  13 
 2291  9 
 2292  6 
 2293  14 
 2294  9 
 2295  10 
 2296  12 
 2297  18 
 2298  12 
 2299  11 
 2300  15 
 2301  6 
 2302  8 
 2303  8 
 2304  16 
 2305  17 
 2306  9 
 2307  9 
 2308  13 
 2309  10 
 2310  12 
 2311  14 
 2312  10 
 2313  13 
 2314  8 
 2315  14 
 2316  13 
 2317  10 
 2318  13 
 2319  11 
 2320  10 
 2321  20 
 2322  6 
 2323  14 
 2324  17 
 2325  7 
 2326  13 
 2327  12 
 2328  15 
 2329  17 
 2330  3 
 2331  22 
 2332  14 
 2333  12 
 2334  18 
 2335  7 
 2336  14 
 2337  14 
 2338  15 
 2339  15 
 2340  16 
 2341  11 
 2342  11 
 2343  17 
 2344  14 
 2345  9 
 2346  10 
 2347  18 
 2348  8 
 2349  15 
 2350  7 
 2351  22 
 2352  16 
 2353  10 
 2354  11 
 2355  11 
 2356  20 
 2357  17 
 2358  7 
 2359  10 
 2360  10 
 2361  14 
 2362  16 
 2363  10 
 2364  5 
 2365  12 
 2366  8 
 2367  13 
 2368  12 
 2369  7 
 2370  16 
 2371  9 
 2372  11 
 2373  9 
 2374  14 
 2375  11 
 2376  14 
 2377  6 
 2378  10 
 2379  11 
 2380  14 
 2381  12 
 2382  17 
 2383  13 
 2384  14 
 2385  15 
 2386  9 
 2387  18 
 2388  12 
 2389  11 
 2390  7 
 2391  14 
 2392  12 
 2393  17 
 2394  13 
 2395  14 
 2396  11 
 2397  8 
 2398  17 
 2399  12 
 2400  12 
 2401  16 
 2402  14 
 2403  13 
 2404  17 
 2405  16 
 2406  15 
 2407  12 
 2408  11 
 2409  21 
 2410  18 
 2411  17 
 2412  11 
 2413  16 
 2414  14 
 2415  11 
 2416  13 
 2417  13 
 2418  7 
 2419  9 
 2420  13 
 2421  11 
 2422  16 
 2423  22 
 2424  14 
 2425  11 
 2426  4 
 2427  11 
 2428  9 
 2429  7 
 2430  5 
 2431  11 
 2432  13 
 2433  16 
 2434  10 
 2435  14 
 2436  12 
 2437  9 
 2438  10 
 2439  12 
 2440  16 
 2441  14 
 2442  7 
 2443  15 
 2444  14 
 2445  14 
 2446  11 
 2447  10 
 2448  11 
 2449  19 
 2450  4 
 2451  10 
 2452  12 
 2453  10 
 2454  16 
 2455  16 
 2456  14 
 2457  16 
 2458  14 
 2459  16 
 2460  24 
 2461  11 
 2462  10 
 2463  11 
 2464  8 
 2465  10 
 2466  12 
 2467  12 
 2468  11 
 2469  13 
 2470  13 
 2471  11 
 2472  17 
 2473  8 
 2474  8 
 2475  8 
 2476  7 
 2477  14 
 2478  11 
 2479  9 
 2480  9 
 2481  12 
 2482  9 
 2483  17 
 2484  7 
 2485  14 
 2486  8 
 2487  8 
 2488  20 
 2489  16 
 2490  20 
 2491  12 
 2492  12 
 2493  15 
 2494  13 
 2495  9 
 2496  12 
 2497  10 
 2498  7 
 2499  13 
 2500  11 
 2501  12 
 2502  18 
 2503  14 
 2504  10 
 2505  15 
 2506  18 
 2507  11 
 2508  8 
 2509  10 
 2510  9 
 2511  12 
 2512  12 
 2513  12 
 2514  11 
 2515  14 
 2516  9 
 2517  10 
 2518  14 
 2519  10 
 2520  20 
 2521  13 
 2522  8 
 2523  13 
 2524  5 
 2525  13 
 2526  6 
 2527  9 
 2528  8 
 2529  11 
 2530  12 
 2531  23 
 2532  14 
 2533  12 
 2534  14 
 2535  10 
 2536  10 
 2537  16 
 2538  11 
 2539  9 
 2540  16 
 2541  16 
 2542  11 
 2543  17 
 2544  9 
 2545  16 
 2546  9 
 2547  10 
 2548  9 
 2549  14 
 2550  12 
 2551  7 
 2552  17 
 2553  15 
 2554  8 
 2555  12 
 2556  8 
 2557  15 
 2558  10 
 2559  13 
 2560  10 
 2561  13 
 2562  11 
 2563  12 
 2564  6 
 2565  13 
 2566  14 
 2567  16 
 2568  11 
 2569  10 
 2570  15 
 2571  6 
 2572  9 
 2573  14 
 2574  13 
 2575  13 
 2576  9 
 2577  13 
 2578  9 
 2579  8 
 2580  10 
 2581  15 
 2582  6 
 2583  9 
 2584  10 
 2585  10 
 2586  9 
 2587  9 
 2588  15 
 2589  6 
 2590  9 
 2591  12 
 2592  8 
 2593  9 
 2594  17 
 2595  15 
 2596  10 
 2597  13 
 2598  13 
 2599  13 
 2600  8 
 2601  16 
 2602  16 
 2603  10 
 2604  13 
 2605  16 
 2606  16 
 2607  9 
 2608  17 
 2609  14 
 2610  22 
 2611  13 
 2612  10 
 2613  9 
 2614  9 
 2615  4 
 2616  19 
 2617  15 
 2618  15 
 2619  12 
 2620  13 
 2621  10 
 2622  10 
 2623  10 
 2624  15 
 2625  16 
 2626  11 
 2627  16 
 2628  15 
 2629  8 
 2630  8 
 2631  13 
 2632  14 
 2633  14 
 2634  12 
 2635  8 
 2636  13 
 2637  14 
 2638  6 
 2639  13 
 2640  15 
 2641  10 
 2642  8 
 2643  6 
 2644  16 
 2645  11 
 2646  15 
 2647  16 
 2648  13 
 2649  6 
 2650  5 
 2651  11 
 2652  10 
 2653  15 
 2654  12 
 2655  8 
 2656  6 
 2657  14 
 2658  8 
 2659  9 
 2660  12 
 2661  9 
 2662  10 
 2663  10 
 2664  11 
 2665  11 
 2666  12 
 2667  8 
 2668  13 
 2669  13 
 2670  6 
 2671  12 
 2672  16 
 2673  15 
 2674  14 
 2675  9 
 2676  15 
 2677  8 
 2678  13 
 2679  17 
 2680  16 
 2681  11 
 2682  12 
 2683  11 
 2684  13 
 2685  9 
 2686  12 
 2687  7 
 2688  9 
 2689  6 
 2690  16 
 2691  18 
 2692  5 
 2693  12 
 2694  8 
 2695  12 
 2696  11 
 2697  10 
 2698  16 
 2699  8 
 2700  14 
 2701  10 
 2702  16 
 2703  12 
 2704  13 
 2705  17 
 2706  10 
 2707  15 
 2708  10 
 2709  8 
 2710  11 
 2711  10 
 2712  5 
 2713  6 
 2714  8 
 2715  13 
 2716  11 
 2717  11 
 2718  18 
 2719  11 
 2720  9 
 2721  9 
 2722  9 
 2723  8 
 2724  5 
 2725  10 
 2726  13 
 2727  7 
 2728  9 
 2729  10 
 2730  8 
 2731  6 
 2732  8 
 2733  8 
 2734  10 
 2735  7 
 2736  9 
 2737  8 
 2738  14 
 2739  12 
 2740  13 
 2741  17 
 2742  5 
 2743  10 
 2744  13 
 2745  8 
 2746  12 
 2747  17 
 2748  9 
 2749  11 
 2750  19 
 2751  14 
 2752  10 
 2753  7 
 2754  5 
 2755  15 
 2756  13 
 2757  14 
 2758  5 
 2759  9 
 2760  9 
 2761  10 
 2762  6 
 2763  15 
 2764  9 
 2765  7 
 2766  17 
 2767  13 
 2768  12 
 2769  14 
 2770  14 
 2771  9 
 2772  13 
 2773  16 
 2774  6 
 2775  9 
 2776  10 
 2777  9 
 2778  5 
 2779  11 
 2780  12 
 2781  8 
 2782  17 
 2783  13 
 2784  8 
 2785  7 
 2786  13 
 2787  9 
 2788  9 
 2789  16 
 2790  15 
 2791  7 
 2792  8 
 2793  14 
 2794  14 
 2795  9 
 2796  11 
 2797  11 
 2798  10 
 2799  9 
 2800  12 
 2801  11 
 2802  7 
 2803  11 
 2804  12 
 2805  9 
 2806  8 
 2807  12 
 2808  10 
 2809  11 
 2810  12 
 2811  12 
 2812  12 
 2813  12 
 2814  5 
 2815  13 
 2816  14 
 2817  12 
 2818  8 
 2819  12 
 2820  5 
 2821  6 
 2822  7 
 2823  10 
 2824  6 
 2825  6 
 2826  7 
 2827  7 
 2828  17 
 2829  9 
 2830  7 
 2831  8 
 2832  10 
 2833  15 
 2834  7 
 2835  10 
 2836  14 
 2837  12 
 2838  8 
 2839  17 
 2840  6 
 2841  11 
 2842  16 
 2843  8 
 2844  18 
 2845  10 
 2846  12 
 2847  12 
 2848  11 
 2849  15 
 2850  12 
 2851  8 
 2852  10 
 2853  9 
 2854  9 
 2855  9 
 2856  8 
 2857  10 
 2858  15 
 2859  17 
 2860  6 
 2861  7 
 2862  9 
 2863  8 
 2864  15 
 2865  11 
 2866  10 
 2867  7 
 2868  8 
 2869  8 
 2870  13 
 2871  11 
 2872  7 
 2873  11 
 2874  12 
 2875  12 
 2876  10 
 2877  13 
 2878  7 
 2879  6 
 2880  9 
 2881  7 
 2882  10 
 2883  12 
 2884  13 
 2885  14 
 2886  9 
 2887  20 
 2888  11 
 2889  11 
 2890  12 
 2891  15 
 2892  15 
 2893  13 
 2894  12 
 2895  11 
 2896  13 
 2897  9 
 2898  12 
 2899  8 
 2900  13 
 2901  9 
 2902  10 
 2903  10 
 2904  11 
 2905  10 
 2906  12 
 2907  12 
 2908  10 
 2909  12 
 2910  7 
 2911  9 
 2912  13 
 2913  15 
 2914  12 
 2915  13 
 2916  10 
 2917  12 
 2918  21 
 2919  13 
 2920  9 
 2921  11 
 2922  9 
 2923  11 
 2924  15 
 2925  11 
 2926  9 
 2927  13 
 2928  15 
 2929  10 
 2930  17 
 2931  10 
 2932  17 
 2933  19 
 2934  18 
 2935  19 
 2936  18 
 2937  17 
 2938  11 
 2939  14 
 2940  15 
 2941  15 
 2942  16 
 2943  15 
 2944  6 
 2945  15 
 2946  10 
 2947  16 
 2948  17 
 2949  13 
 2950  24 
 2951  15 
 2952  16 
 2953  17 
 2954  13 
 2955  16 
 2956  15 
 2957  18 
 2958  14 
 2959  14 
 2960  18 
 2961  19 
 2962  15 
 2963  16 
 2964  18 
 2965  10 
 2966  9 
 2967  14 
 2968  12 
 2969  19 
 2970  20 
 2971  16 
 2972  13 
 2973  19 
 2974  11 
 2975  9 
 2976  10 
 2977  18 
 2978  9 
 2979  12 
 2980  14 
 2981  13 
 2982  13 
 2983  11 
 2984  14 
 2985  6 
 2986  5 
 2987  10 
 2988  7 
 2989  11 
 2990  11 
 2991  12 
 2992  7 
 2993  8 
 2994  12 
 2995  11 
 2996  11 
 2997  9 
 2998  9 
 2999  13 
 3000  9 
 3001  12 
 3002  8 
 3003  12 
 3004  17 
 3005  10 
 3006  12 
 3007  3 
 3008  13 
 3009  13 
 3010  14 
 3011  8 
 3012  9 
 3013  9 
 3014  10 
 3015  7 
 3016  16 
 3017  13 
 3018  13 
 3019  17 
 3020  7 
 3021  8 
 3022  9 
 3023  7 
 3024  12 
 3025  21 
 3026  10 
 3027  10 
 3028  14 
 3029  11 
 3030  4 
 3031  12 
 3032  7 
 3033  11 
 3034  9 
 3035  5 
 3036  8 
 3037  15 
 3038  6 
 3039  13 
 3040  6 
 3041  10 
 3042  8 
 3043  8 
 3044  11 
 3045  11 
 3046  9 
 3047  14 
 3048  6 
 3049  15 
 3050  13 
 3051  18 
 3052  7 
 3053  6 
 3054  14 
 3055  6 
 3056  12 
 3057  9 
 3058  14 
 3059  12 
 3060  12 
 3061  8 
 3062  11 
 3063  8 
 3064  4 
 3065  10 
 3066  19 
 3067  12 
 3068  8 
 3069  9 
 3070  10 
 3071  13 
 3072  7 
 3073  10 
 3074  6 
 3075  11 
 3076  5 
 3077  11 
 3078  10 
 3079  9 
 3080  4 
 3081  10 
 3082  9 
 3083  9 
 3084  10 
 3085  8 
 3086  10 
 3087  6 
 3088  14 
 3089  13 
 3090  5 
 3091  6 
 3092  11 
 3093  10 
 3094  13 
 3095  10 
 3096  9 
 3097  8 
 3098  11 
 3099  11 
 3100  11 
 3101  8 
 3102  10 
 3103  3 
 3104  5 
 3105  10 
 3106  11 
 3107  11 
 3108  10 
 3109  9 
 3110  8 
 3111  5 
 3112  12 
 3113  14 
 3114  8 
 3115  7 
 3116  9 
 3117  14 
 3118  10 
 3119  15 
 3120  3 
 3121  9 
 3122  4 
 3123  10 
 3124  12 
 3125  10 
 3126  12 
 3127  11 
 3128  15 
 3129  15 
 3130  7 
 3131  5 
 3132  9 
 3133  8 
 3134  11 
 3135  11 
 3136  7 
 3137  8 
 3138  12 
 3139  11 
 3140  9 
 3141  7 
 3142  14 
 3143  12 
 3144  10 
 3145  8 
 3146  10 
 3147  9 
 3148  15 
 3149  10 
 3150  11 
 3151  13 
 3152  11 
 3153  10 
 3154  6 
 3155  15 
 3156  5 
 3157  12 
 3158  12 
 3159  16 
 3160  13 
 3161  11 
 3162  11 
 3163  15 
 3164  8 
 3165  12 
 3166  11 
 3167  10 
 3168  8 
 3169  8 
 3170  9 
 3171  8 
 3172  7 
 3173  8 
 3174  6 
 3175  9 
 3176  11 
 3177  10 
 3178  13 
 3179  7 
 3180  9 
 3181  8 
 3182  14 
 3183  9 
 3184  12 
 3185  7 
 3186  9 
 3187  7 
 3188  10 
 3189  10 
 3190  13 
 3191  8 
 3192  6 
 3193  10 
 3194  12 
 3195  10 
 3196  7 
 3197  7 
 3198  5 
 3199  9 
 3200  8 
 3201  8 
 3202  6 
 3203  10 
 3204  7 
 3205  14 
 3206  9 
 3207  11 
 3208  12 
 3209  2 
 3210  12 
 3211  13 
 3212  10 
 3213  8 
 3214  3 
 3215  5 
 3216  19 
 3217  6 
 3218  9 
 3219  9 
 3220  5 
 3221  13 
 3222  11 
 3223  11 
 3224  15 
 3225  11 
 3226  13 
 3227  1 
 3228  9 
 3229  17 
 3230  8 
 3231  9 
 3232  8 
 3233  5 
 3234  9 
 3235  15 
 3236  8 
 3237  11 
 3238  6 
 3239  11 
 3240  17 
 3241  8 
 3242  10 
 3243  8 
 3244  12 
 3245  7 
 3246  7 
 3247  9 
 3248  13 
 3249  11 
 3250  9 
 3251  9 
 3252  7 
 3253  9 
 3254  6 
 3255  11 
 3256  15 
 3257  4 
 3258  6 
 3259  18 
 3260  6 
 3261  14 
 3262  15 
 3263  6 
 3264  2 
 3265  8 
 3266  9 
 3267  13 
 3268  9 
 3269  3 
 3270  7 
 3271  9 
 3272  10 
 3273  5 
 3274  10 
 3275  7 
 3276  13 
 3277  9 
 3278  8 
 3279  8 
 3280  14 
 3281  9 
 3282  10 
 3283  4 
 3284  11 
 3285  12 
 3286  5 
 3287  5 
 3288  6 
 3289  12 
 3290  10 
 3291  13 
 3292  10 
 3293  11 
 3294  9 
 3295  13 
 3296  8 
 3297  7 
 3298  9 
 3299  9 
 3300  7 
 3301  7 
 3302  8 
 3303  9 
 3304  12 
 3305  9 
 3306  5 
 3307  8 
 3308  9 
 3309  6 
 3310  7 
 3311  12 
 3312  9 
 3313  5 
 3314  2 
 3315  15 
 3316  7 
 3317  16 
 3318  9 
 3319  8 
 3320  7 
 3321  15 
 3322  4 
 3323  5 
 3324  6 
 3325  7 
 3326  8 
 3327  10 
 3328  6 
 3329  7 
 3330  10 
 3331  15 
 3332  6 
 3333  5 
 3334  9 
 3335  13 
 3336  9 
 3337  8 
 3338  4 
 3339  10 
 3340  8 
 3341  13 
 3342  12 
 3343  9 
 3344  11 
 3345  15 
 3346  8 
 3347  13 
 3348  16 
 3349  7 
 3350  9 
 3351  8 
 3352  7 
 3353  11 
 3354  11 
 3355  10 
 3356  7 
 3357  5 
 3358  7 
 3359  7 
 3360  11 
 3361  6 
 3362  13 
 3363  11 
 3364  10 
 3365  8 
 3366  8 
 3367  10 
 3368  9 
 3369  8 
 3370  11 
 3371  13 
 3372  7 
 3373  7 
 3374  9 
 3375  9 
 3376  4 
 3377  8 
 3378  7 
 3379  6 
 3380  11 
 3381  5 
 3382  10 
 3383  8 
 3384  9 
 3385  5 
 3386  10 
 3387  11 
 3388  9 
 3389  5 
 3390  8 
 3391  12 
 3392  11 
 3393  10 
 3394  11 
 3395  8 
 3396  12 
 3397  12 
 3398  13 
 3399  6 
 3400  10 
 3401  9 
 3402  11 
 3403  4 
 3404  10 
 3405  4 
 3406  10 
 3407  11 
 3408  4 
 3409  5 
 3410  11 
 3411  16 
 3412  10 
 3413  7 
 3414  7 
 3415  12 
 3416  9 
 3417  10 
 3418  12 
 3419  3 
 3420  11 
 3421  10 
 3422  9 
 3423  6 
 3424  9 
 3425  11 
 3426  12 
 3427  10 
 3428  8 
 3429  6 
 3430  6 
 3431  14 
 3432  9 
 3433  4 
 3434  8 
 3435  13 
 3436  10 
 3437  11 
 3438  8 
 3439  6 
 3440  8 
 3441  3 
 3442  7 
 3443  4 
 3444  6 
 3445  7 
 3446  13 
 3447  10 
 3448  5 
 3449  8 
 3450  10 
 3451  8 
 3452  15 
 3453  9 
 3454  4 
 3455  8 
 3456  8 
 3457  11 
 3458  8 
 3459  7 
 3460  5 
 3461  19 
 3462  13 
 3463  11 
 3464  5 
 3465  11 
 3466  12 
 3467  9 
 3468  8 
 3469  10 
 3470  5 
 3471  7 
 3472  5 
 3473  15 
 3474  7 
 3475  7 
 3476  5 
 3477  6 
 3478  6 
 3479  13 
 3480  13 
 3481  8 
 3482  13 
 3483  10 
 3484  10 
 3485  9 
 3486  7 
 3487  13 
 3488  7 
 3489  10 
 3490  7 
 3491  6 
 3492  6 
 3493  7 
 3494  9 
 3495  9 
 3496  4 
 3497  14 
 3498  10 
 3499  7 
 3500  11 
 3501  8 
 3502  8 
 3503  11 
 3504  15 
 3505  6 
 3506  13 
 3507  8 
 3508  16 
 3509  10 
 3510  9 
 3511  6 
 3512  13 
 3513  9 
 3514  10 
 3515  10 
 3516  8 
 3517  11 
 3518  13 
 3519  5 
 3520  14 
 3521  11 
 3522  8 
 3523  12 
 3524  8 
 3525  4 
 3526  12 
 3527  7 
 3528  11 
 3529  4 
 3530  6 
 3531  11 
 3532  10 
 3533  8 
 3534  9 
 3535  8 
 3536  8 
 3537  7 
 3538  8 
 3539  8 
 3540  9 
 3541  8 
 3542  9 
 3543  8 
 3544  8 
 3545  10 
 3546  4 
 3547  13 
 3548  6 
 3549  3 
 3550  5 
 3551  11 
 3552  9 
 3553  4 
 3554  13 
 3555  12 
 3556  13 
 3557  8 
 3558  10 
 3559  6 
 3560  8 
 3561  11 
 3562  9 
 3563  9 
 3564  10 
 3565  4 
 3566  8 
 3567  6 
 3568  14 
 3569  6 
 3570  5 
 3571  8 
 3572  10 
 3573  12 
 3574  7 
 3575  8 
 3576  8 
 3577  9 
 3578  11 
 3579  15 
 3580  12 
 3581  6 
 3582  12 
 3583  10 
 3584  12 
 3585  10 
 3586  8 
 3587  6 
 3588  14 
 3589  6 
 3590  5 
 3591  8 
 3592  10 
 3593  7 
 3594  14 
 3595  7 
 3596  12 
 3597  5 
 3598  13 
 3599  8 
 3600  4 
 3601  14 
 3602  6 
 3603  10 
 3604  8 
 3605  9 
 3606  9 
 3607  5 
 3608  5 
 3609  10 
 3610  9 
 3611  8 
 3612  17 
 3613  9 
 3614  8 
 3615  10 
 3616  9 
 3617  11 
 3618  8 
 3619  11 
 3620  11 
 3621  7 
 3622  5 
 3623  9 
 3624  6 
 3625  10 
 3626  5 
 3627  8 
 3628  9 
 3629  8 
 3630  8 
 3631  12 
 3632  8 
 3633  9 
 3634  8 
 3635  3 
 3636  1 
 3637  4 
 3638  11 
 3639  3 
 3640  4 
 3641  12 
 3642  13 
 3643  8 
 3644  15 
 3645  8 
 3646  7 
 3647  7 
 3648  9 
 3649  10 
 3650  8 
 3651  9 
 3652  12 
 3653  6 
 3654  10 
 3655  13 
 3656  13 
 3657  11 
 3658  12 
 3659  13 
 3660  12 
 3661  8 
 3662  10 
 3663  14 
 3664  9 
 3665  14 
 3666  10 
 3667  4 
 3668  18 
 3669  12 
 3670  14 
 3671  11 
 3672  10 
 3673  12 
 3674  13 
 3675  13 
 3676  12 
 3677  7 
 3678  9 
 3679  18 
 3680  13 
 3681  16 
 3682  15 
 3683  11 
 3684  16 
 3685  13 
 3686  16 
 3687  12 
 3688  17 
 3689  17 
 3690  14 
 3691  9 
 3692  9 
 3693  17 
 3694  17 
 3695  19 
 3696  33 
 3697  16 
 3698  17 
 3699  17 
 3700  20 
 3701  18 
 3702  14 
 3703  25 
 3704  19 
 3705  20 
 3706  21 
 3707  15 
 3708  11 
 3709  20 
 3710  19 
 3711  18 
 3712  20 
 3713  20 
 3714  17 
 3715  20 
 3716  19 
 3717  16 
 3718  19 
 3719  16 
 3720  18 
 3721  20 
 3722  23 
 3723  22 
 3724  14 
 3725  14 
 3726  15 
 3727  14 
 3728  17 
 3729  16 
 3730  12 
 3731  8 
 3732  8 
 3733  11 
 3734  15 
 3735  14 
 3736  12 
 3737  11 
 3738  8 
 3739  7 
 3740  8 
 3741  14 
 3742  7 
 3743  10 
 3744  8 
 3745  8 
 3746  10 
 3747  16 
 3748  9 
 3749  9 
 3750  9 
 3751  13 
 3752  9 
 3753  12 
 3754  11 
 3755  10 
 3756  9 
 3757  10 
 3758  13 
 3759  19 
 3760  8 
 3761  12 
 3762  14 
 3763  9 
 3764  12 
 3765  12 
 3766  17 
 3767  6 
 3768  20 
 3769  9 
 3770  18 
 3771  9 
 3772  19 
 3773  14 
 3774  15 
 3775  14 
 3776  16 
 3777  13 
 3778  26 
 3779  12 
 3780  19 
 3781  16 
 3782  26 
 3783  20 
 3784  19 
 3785  27 
 3786  32 
 3787  27 
 3788  37 
 3789  39 
 3790  35 
 3791  36 
 3792  36 
 3793  37 
 3794  31 
 3795  45 
 3796  39 
 3797  36 
 3798  40 
 3799  43 
 3800  49 
 3801  52 
 3802  63 
 3803  69 
 3804  55 
 3805  56 
 3806  63 
 3807  74 
 3808  67 
 3809  82 
 3810  77 
 3811  89 
 3812  85 
 3813  84 
 3814  73 
 3815  96 
 3816  102 
 3817  91 
 3818  97 
 3819  80 
 3820  87 
 3821  86 
 3822  88 
 3823  87 
 3824  86 
 3825  114 
 3826  80 
 3827  90 
 3828  96 
 3829  104 
 3830  101 
 3831  99 
 3832  90 
 3833  103 
 3834  84 
 3835  99 
 3836  80 
 3837  93 
 3838  76 
 3839  90 
 3840  67 
 3841  67 
 3842  67 
 3843  76 
 3844  52 
 3845  56 
 3846  51 
 3847  43 
 3848  33 
 3849  51 
 3850  38 
 3851  38 
 3852  33 
 3853  34 
 3854  23 
 3855  25 
 3856  21 
 3857  26 
 3858  19 
 3859  28 
 3860  15 
 3861  16 
 3862  19 
 3863  13 
 3864  11 
 3865  10 
 3866  18 
 3867  23 
 3868  14 
 3869  12 
 3870  12 
 3871  8 
 3872  10 
 3873  17 
 3874  12 
 3875  8 
 3876  5 
 3877  10 
 3878  13 
 3879  7 
 3880  12 
 3881  6 
 3882  9 
 3883  12 
 3884  8 
 3885  8 
 3886  15 
 3887  11 
 3888  14 
 3889  10 
 3890  6 
 3891  9 
 3892  9 
 3893  13 
 3894  8 
 3895  9 
 3896  6 
 3897  7 
 3898  6 
 3899  7 
 3900  14 
 3901  11 
 3902  11 
 3903  7 
 3904  8 
 3905  6 
 3906  6 
 3907  6 
 3908  8 
 3909  3 
 3910  12 
 3911  11 
 3912  7 
 3913  6 
 3914  9 
 3915  8 
 3916  10 
 3917  12 
 3918  7 
 3919  9 
 3920  6 
 3921  4 
 3922  11 
 3923  7 
 3924  11 
 3925  11 
 3926  10 
 3927  9 
 3928  8 
 3929  10 
 3930  4 
 3931  8 
 3932  7 
 3933  11 
 3934  8 
 3935  6 
 3936  8 
 3937  7 
 3938  4 
 3939  9 
 3940  7 
 3941  7 
 3942  6 
 3943  11 
 3944  6 
 3945  8 
 3946  10 
 3947  8 
 3948  9 
 3949  3 
 3950  12 
 3951  16 
 3952  8 
 3953  6 
 3954  8 
 3955  9 
 3956  11 
 3957  12 
 3958  6 
 3959  9 
 3960  6 
 3961  6 
 3962  5 
 3963  5 
 3964  12 
 3965  8 
 3966  8 
 3967  9 
 3968  10 
 3969  7 
 3970  5 
 3971  8 
 3972  6 
 3973  10 
 3974  9 
 3975  11 
 3976  11 
 3977  7 
 3978  8 
 3979  5 
 3980  6 
 3981  9 
 3982  7 
 3983  10 
 3984  11 
 3985  7 
 3986  6 
 3987  8 
 3988  8 
 3989  10 
 3990  10 
 3991  10 
 3992  12 
 3993  6 
 3994  9 
 3995  6 
 3996  5 
 3997  11 
 3998  10 
 3999  10 
 4000  7 
 4001  7 
 4002  5 
 4003  4 
 4004  12 
 4005  8 
 4006  9 
 4007  6 
 4008  10 
 4009  10 
 4010  15 
 4011  7 
 4012  8 
 4013  9 
 4014  8 
 4015  7 
 4016  6 
 4017  9 
 4018  9 
 4019  6 
 4020  13 
 4021  8 
 4022  8 
 4023  8 
 4024  6 
 4025  15 
 4026  14 
 4027  7 
 4028  7 
 4029  16 
 4030  8 
 4031  8 
 4032  13 
 4033  11 
 4034  9 
 4035  15 
 4036  12 
 4037  10 
 4038  12 
 4039  11 
 4040  10 
 4041  5 
 4042  6 
 4043  14 
 4044  13 
 4045  10 
 4046  8 
 4047  7 
 4048  11 
 4049  13 
 4050  9 
 4051  14 
 4052  9 
 4053  12 
 4054  16 
 4055  14 
 4056  6 
 4057  7 
 4058  13 
 4059  19 
 4060  8 
 4061  10 
 4062  11 
 4063  13 
 4064  18 
 4065  15 
 4066  12 
 4067  16 
 4068  11 
 4069  19 
 4070  10 
 4071  16 
 4072  25 
 4073  25 
 4074  23 
 4075  17 
 4076  20 
 4077  24 
 4078  24 
 4079  24 
 4080  30 
 4081  29 
 4082  34 
 4083  54 
 4084  42 
 4085  43 
 4086  42 
 4087  44 
 4088  53 
 4089  65 
 4090  73 
 4091  64 
 4092  57 
 4093  77 
 4094  71 
 4095  75 
 4096  85 
 4097  96 
 4098  109 
 4099  106 
 4100  112 
 4101  115 
 4102  138 
 4103  143 
 4104  167 
 4105  164 
 4106  166 
 4107  219 
 4108  209 
 4109  227 
 4110  223 
 4111  271 
 4112  260 
 4113  336 
 4114  340 
 4115  367 
 4116  397 
 4117  441 
 4118  471 
 4119  500 
 4120  548 
 4121  618 
 4122  686 
 4123  736 
 4124  788 
 4125  853 
 4126  904 
 4127  1030 
 4128  1081 
 4129  1208 
 4130  1203 
 4131  1354 
 4132  1492 
 4133  1501 
 4134  1595 
 4135  1656 
 4136  1828 
 4137  1775 
 4138  1872 
 4139  1956 
 4140  1906 
 4141  1976 
 4142  2015 
 4143  1906 
 4144  1951 
 4145  1951 
 4146  1874 
 4147  1785 
 4148  1765 
 4149  1681 
 4150  1557 
 4151  1423 
 4152  1340 
 4153  1248 
 4154  1121 
 4155  1056 
 4156  971 
 4157  901 
 4158  759 
 4159  672 
 4160  590 
 4161  536 
 4162  499 
 4163  395 
 4164  377 
 4165  341 
 4166  281 
 4167  234 
 4168  186 
 4169  169 
 4170  164 
 4171  124 
 4172  96 
 4173  100 
 4174  102 
 4175  73 
 4176  54 
 4177  50 
 4178  45 
 4179  50 
 4180  53 
 4181  45 
 4182  39 
 4183  36 
 4184  39 
 4185  33 
 4186  29 
 4187  29 
 4188  24 
 4189  24 
 4190  29 
 4191  22 
 4192  18 
 4193  20 
 4194  24 
 4195  19 
 4196  20 
 4197  19 
 4198  12 
 4199  16 
 4200  13 
 4201  16 
 4202  11 
 4203  11 
 4204  17 
 4205  18 
 4206  12 
 4207  8 
 4208  16 
 4209  14 
 4210  16 
 4211  17 
 4212  19 
 4213  19 
 4214  19 
 4215  17 
 4216  9 
 4217  18 
 4218  10 
 4219  12 
 4220  23 
 4221  9 
 4222  24 
 4223  14 
 4224  17 
 4225  26 
 4226  13 
 4227  12 
 4228  16 
 4229  24 
 4230  22 
 4231  22 
 4232  23 
 4233  22 
 4234  28 
 4235  29 
 4236  35 
 4237  27 
 4238  33 
 4239  40 
 4240  34 
 4241  43 
 4242  54 
 4243  53 
 4244  56 
 4245  65 
 4246  67 
 4247  57 
 4248  67 
 4249  62 
 4250  56 
 4251  69 
 4252  72 
 4253  77 
 4254  64 
 4255  52 
 4256  76 
 4257  57 
 4258  67 
 4259  57 
 4260  63 
 4261  55 
 4262  42 
 4263  39 
 4264  43 
 4265  54 
 4266  37 
 4267  32 
 4268  24 
 4269  32 
 4270  21 
 4271  25 
 4272  23 
 4273  12 
 4274  13 
 4275  11 
 4276  4 
 4277  12 
 4278  7 
 4279  5 
 4280  10 
 4281  7 
 4282  9 
 4283  4 
 4284  4 
 4285  5 
 4286  1 
 4287  3 
 4288  3 
 4289  3 
 4290  3 
 4291  2 
 4292  8 
 4293  5 
 4294  3 
 4295  6 
 4296  4 
 4297  5 
 4298  3 
 4299  2 
 4300  2 
 4301  5 
 4302  2 
 4303  1 
 4304  7 
 4305  4 
 4306  3 
 4307  5 
 4308  2 
 4309  3 
 4310  5 
 4311  5 
 4312  4 
 4313  3 
 4314  2 
 4315  6 
 4316  2 
 4317  5 
 4318  4 
 4319  6 
 4320  4 
 4321  2 
 4322  6 
 4323  5 
 4324  8 
 4325  3 
 4326  3 
 4327  1 
 4328  14 
 4329  3 
 4330  4 
 4331  2 
 4332  5 
 4333  7 
 4334  8 
 4335  4 
 4336  4 
 4337  6 
 4338  5 
 4339  8 
 4340  10 
 4341  10 
 4342  7 
 4343  5 
 4344  6 
 4345  7 
 4346  5 
 4347  4 
 4348  6 
 4349  10 
 4350  5 
 4351  6 
 4352  11 
 4353  15 
 4354  8 
 4355  8 
 4356  10 
 4357  4 
 4358  12 
 4359  12 
 4360  11 
 4361  10 
 4362  11 
 4363  22 
 4364  12 
 4365  17 
 4366  18 
 4367  23 
 4368  25 
 4369  26 
 4370  24 
 4371  35 
 4372  38 
 4373  42 
 4374  49 
 4375  42 
 4376  54 
 4377  58 
 4378  58 
 4379  57 
 4380  64 
 4381  84 
 4382  86 
 4383  96 
 4384  102 
 4385  112 
 4386  128 
 4387  141 
 4388  141 
 4389  151 
 4390  193 
 4391  200 
 4392  191 
 4393  239 
 4394  243 
 4395  254 
 4396  313 
 4397  310 
 4398  323 
 4399  364 
 4400  343 
 4401  401 
 4402  402 
 4403  439 
 4404  418 
 4405  482 
 4406  511 
 4407  500 
 4408  556 
 4409  592 
 4410  585 
 4411  611 
 4412  663 
 4413  647 
 4414  665 
 4415  709 
 4416  779 
 4417  760 
 4418  788 
 4419  781 
 4420  823 
 4421  799 
 4422  843 
 4423  875 
 4424  883 
 4425  888 
 4426  825 
 4427  814 
 4428  876 
 4429  823 
 4430  872 
 4431  858 
 4432  828 
 4433  864 
 4434  750 
 4435  761 
 4436  709 
 4437  724 
 4438  731 
 4439  662 
 4440  635 
 4441  587 
 4442  575 
 4443  521 
 4444  493 
 4445  439 
 4446  410 
 4447  373 
 4448  346 
 4449  305 
 4450  288 
 4451  257 
 4452  246 
 4453  189 
 4454  190 
 4455  164 
 4456  153 
 4457  135 
 4458  107 
 4459  95 
 4460  78 
 4461  67 
 4462  55 
 4463  71 
 4464  51 
 4465  51 
 4466  25 
 4467  32 
 4468  36 
 4469  27 
 4470  17 
 4471  24 
 4472  12 
 4473  7 
 4474  16 
 4475  9 
 4476  12 
 4477  13 
 4478  10 
 4479  9 
 4480  10 
 4481  13 
 4482  9 
 4483  11 
 4484  12 
 4485  12 
 4486  11 
 4487  11 
 4488  16 
 4489  23 
 4490  19 
 4491  11 
 4492  19 
 4493  16 
 4494  16 
 4495  25 
 4496  24 
 4497  20 
 4498  30 
 4499  31 
 4500  30 
 4501  39 
 4502  40 
 4503  50 
 4504  52 
 4505  83 
 4506  58 
 4507  58 
 4508  66 
 4509  65 
 4510  82 
 4511  93 
 4512  85 
 4513  97 
 4514  90 
 4515  80 
 4516  100 
 4517  93 
 4518  81 
 4519  88 
 4520  76 
 4521  83 
 4522  76 
 4523  92 
 4524  92 
 4525  84 
 4526  73 
 4527  54 
 4528  69 
 4529  45 
 4530  53 
 4531  47 
 4532  30 
 4533  36 
 4534  26 
 4535  25 
 4536  32 
 4537  27 
 4538  17 
 4539  22 
 4540  17 
 4541  8 
 4542  13 
 4543  14 
 4544  13 
 4545  8 
 4546  15 
 4547  12 
 4548  9 
 4549  6 
 4550  11 
 4551  11 
 4552  13 
 4553  10 
 4554  9 
 4555  11 
 4556  18 
 4557  21 
 4558  11 
 4559  15 
 4560  18 
 4561  12 
 4562  16 
 4563  13 
 4564  15 
 4565  8 
 4566  19 
 4567  13 
 4568  10 
 4569  7 
 4570  14 
 4571  10 
 4572  8 
 4573  7 
 4574  12 
 4575  8 
 4576  6 
 4577  8 
 4578  11 
 4579  9 
 4580  5 
 4581  6 
 4582  8 
 4583  3 
 4584  5 
 4585  5 
 4586  7 
 4587  1 
 4588  7 
 4589  5 
 4590  4 
 4591  2 
 4592  0 
 4593  2 
 4594  1 
 4595  3 
 4596  0 
 4597  0 
 4598  2 
 4599  1 
 4600  2 
 4601  1 
 4602  2 
 4603  0 
 4604  0 
 4605  0 
 4606  0 
 4607  0 
 4608  0 
 4609  0 
 4610  1 
 4611  1 
 4612  0 
 4613  0 
 4614  0 
 4615  1 
 4616  0 
 4617  0 
 4618  0 
 4619  0 
 4620  0 
 4621  0 
 4622  0 
 4623  0 
 4624  0 
 4625  0 
 4626  0 
 4627  0 
 4628  0 
 4629  0 
 4630  0 
 4631  0 
 4632  0 
 4633  0 
 4634  0 
 4635  0 
 4636  1 
 4637  0 
 4638  0 
 4639  0 
 4640  0 
 4641  0 
 4642  0 
 4643  0 
 4644  0 
 4645  0 
 4646  0 
 4647  0 
 4648  0 
 4649  0 
 4650  0 
 4651  0 
 4652  0 
 4653  0 
 4654  1 
 4655  0 
 4656  0 
 4657  1 
 4658  0 
 4659  0 
 4660  0 
 4661  0 
 4662  1 
 4663  0 
 4664  0 
 4665  0 
 4666  0 
 4667  0 
 4668  0 
 4669  0 
 4670  0 
 4671  0 
 4672  0 
 4673  0 
 4674  0 
 4675  0 
 4676  0 
 4677  0 
 4678  0 
 4679  0 
 4680  0 
 4681  0 
 4682  0 
 4683  0 
 4684  0 
 4685  0 
 4686  0 
 4687  1 
 4688  0 
 4689  0 
 4690  1 
 4691  0 
 4692  0 
 4693  0 
 4694  0 
 4695  1 
 4696  0 
 4697  1 
 4698  0 
 4699  0 
 4700  0 
 4701  0 
 4702  0 
 4703  0 
 4704  1 
 4705  0 
 4706  0 
 4707  1 
 4708  0 
 4709  0 
 4710  0 
 4711  0 
 4712  0 
 4713  0 
 4714  1 
 4715  0 
 4716  0 
 4717  0 
 4718  0 
 4719  0 
 4720  0 
 4721  1 
 4722  0 
 4723  0 
 4724  0 
 4725  1 
 4726  0 
 4727  0 
 4728  0 
 4729  0 
 4730  0 
 4731  0 
 4732  0 
 4733  0 
 4734  1 
 4735  0 
 4736  0 
 4737  0 
 4738  1 
 4739  0 
 4740  0 
 4741  0 
 4742  0 
 4743  0 
 4744  0 
 4745  0 
 4746  0 
 4747  0 
 4748  0 
 4749  0 
 4750  0 
 4751  0 
 4752  0 
 4753  0 
 4754  0 
 4755  0 
 4756  1 
 4757  0 
 4758  0 
 4759  0 
 4760  0 
 4761  0 
 4762  0 
 4763  0 
 4764  0 
 4765  0 
 4766  1 
 4767  0 
 4768  0 
 4769  0 
 4770  0 
 4771  1 
 4772  1 
 4773  0 
 4774  0 
 4775  0 
 4776  1 
 4777  0 
 4778  0 
 4779  0 
 4780  0 
 4781  0 
 4782  0 
 4783  0 
 4784  0 
 4785  0 
 4786  0 
 4787  1 
 4788  1 
 4789  0 
 4790  0 
 4791  0 
 4792  0 
 4793  0 
 4794  1 
 4795  0 
 4796  0 
 4797  0 
 4798  0 
 4799  0 
 4800  0 
 4801  0 
 4802  0 
 4803  1 
 4804  0 
 4805  0 
 4806  0 
 4807  1 
 4808  0 
 4809  0 
 4810  0 
 4811  2 
 4812  0 
 4813  0 
 4814  0 
 4815  0 
 4816  0 
 4817  0 
 4818  0 
 4819  0 
 4820  0 
 4821  0 
 4822  0 
 4823  0 
 4824  0 
 4825  0 
 4826  0 
 4827  0 
 4828  0 
 4829  0 
 4830  0 
 4831  0 
 4832  1 
 4833  0 
 4834  1 
 4835  1 
 4836  0 
 4837  0 
 4838  0 
 4839  0 
 4840  0 
 4841  0 
 4842  0 
 4843  0 
 4844  0 
 4845  0 
 4846  0 
 4847  0 
 4848  0 
 4849  0 
 4850  1 
 4851  0 
 4852  0 
 4853  0 
 4854  0 
 4855  0 
 4856  0 
 4857  0 
 4858  0 
 4859  0 
 4860  1 
 4861  1 
 4862  0 
 4863  1 
 4864  0 
 4865  0 
 4866  0 
 4867  0 
 4868  0 
 4869  0 
 4870  0 
 4871  0 
 4872  0 
 4873  0 
 4874  0 
 4875  0 
 4876  0 
 4877  1 
 4878  0 
 4879  0 
 4880  0 
 4881  0 
 4882  0 
 4883  0 
 4884  0 
 4885  0 
 4886  0 
 4887  0 
 4888  0 
 4889  0 
 4890  0 
 4891  0 
 4892  0 
 4893  0 
 4894  0 
 4895  0 
 4896  0 
 4897  0 
 4898  1 
 4899  0 
 4900  0 
 4901  0 
 4902  0 
 4903  0 
 4904  1 
 4905  0 
 4906  1 
 4907  0 
 4908  0 
 4909  1 
 4910  0 
 4911  0 
 4912  0 
 4913  0 
 4914  0 
 4915  0 
 4916  1 
 4917  0 
 4918  1 
 4919  0 
 4920  0 
 4921  0 
 4922  0 
 4923  0 
 4924  0 
 4925  0 
 4926  0 
 4927  0 
 4928  0 
 4929  0 
 4930  0 
 4931  0 
 4932  0 
 4933  0 
 4934  0 
 4935  0 
 4936  1 
 4937  0 
 4938  0 
 4939  0 
 4940  0 
 4941  0 
 4942  0 
 4943  0 
 4944  0 
 4945  0 
 4946  0 
 4947  0 
 4948  0 
 4949  2 
 4950  0 
 4951  0 
 4952  0 
 4953  0 
 4954  0 
 4955  0 
 4956  0 
 4957  0 
 4958  1 
 4959  0 
 4960  0 
 4961  0 
 4962  0 
 4963  0 
 4964  0 
 4965  0 
 4966  0 
 4967  0 
 4968  0 
 4969  0 
 4970  0 
 4971  0 
 4972  0 
 4973  0 
 4974  0 
 4975  0 
 4976  0 
 4977  0 
 4978  0 
 4979  1 
 4980  0 
 4981  0 
 4982  2 
 4983  0 
 4984  0 
 4985  0 
 4986  0 
 4987  0 
 4988  0 
 4989  1 
 4990  0 
 4991  0 
 4992  0 
 4993  0 
 4994  0 
 4995  0 
 4996  0 
 4997  0 
 4998  0 
 4999  0 
 5000  0 
 5001  0 
 5002  0 
 5003  0 
 5004  0 
 5005  0 
 5006  0 
 5007  0 
 5008  0 
 5009  0 
 5010  0 
 5011  0 
 5012  1 
 5013  0 
 5014  0 
 5015  0 
 5016  1 
 5017  0 
 5018  0 
 5019  0 
 5020  0 
 5021  0 
 5022  0 
 5023  0 
 5024  0 
 5025  0 
 5026  1 
 5027  0 
 5028  0 
 5029  0 
 5030  0 
 5031  0 
 5032  1 
 5033  0 
 5034  0 
 5035  0 
 5036  0 
 5037  0 
 5038  0 
 5039  1 
 5040  0 
 5041  0 
 5042  0 
 5043  0 
 5044  0 
 5045  0 
 5046  0 
 5047  0 
 5048  0 
 5049  0 
 5050  0 
 5051  0 
 5052  0 
 5053  0 
 5054  0 
 5055  0 
 5056  0 
 5057  1 
 5058  0 
 5059  0 
 5060  0 
 5061  1 
 5062  0 
 5063  0 
 5064  0 
 5065  0 
 5066  0 
 5067  0 
 5068  0 
 5069  1 
 5070  0 
 5071  0 
 5072  0 
 5073  0 
 5074  0 
 5075  0 
 5076  0 
 5077  0 
 5078  0 
 5079  0 
 5080  0 
 5081  0 
 5082  0 
 5083  0 
 5084  0 
 5085  0 
 5086  0 
 5087  0 
 5088  1 
 5089  1 
 5090  0 
 5091  0 
 5092  0 
 5093  0 
 5094  0 
 5095  0 
 5096  0 
 5097  1 
 5098  0 
 5099  0 
 5100  0 
 5101  0 
 5102  0 
 5103  0 
 5104  0 
 5105  0 
 5106  0 
 5107  0 
 5108  0 
 5109  1 
 5110  0 
 5111  1 
 5112  0 
 5113  1 
 5114  0 
 5115  0 
 5116  0 
 5117  0 
 5118  0 
 5119  0 
 5120  0 
 5121  0 
 5122  0 
 5123  0 
 5124  0 
 5125  0 
 5126  0 
 5127  0 
 5128  0 
 5129  0 
 5130  0 
 5131  0 
 5132  1 
 5133  0 
 5134  0 
 5135  0 
 5136  0 
 5137  0 
 5138  0 
 5139  0 
 5140  1 
 5141  0 
 5142  0 
 5143  0 
 5144  0 
 5145  0 
 5146  0 
 5147  0 
 5148  0 
 5149  0 
 5150  0 
 5151  0 
 5152  0 
 5153  0 
 5154  0 
 5155  0 
 5156  1 
 5157  1 
 5158  0 
 5159  0 
 5160  1 
 5161  1 
 5162  0 
 5163  1 
 5164  0 
 5165  0 
 5166  0 
 5167  0 
 5168  0 
 5169  0 
 5170  0 
 5171  0 
 5172  0 
 5173  0 
 5174  0 
 5175  0 
 5176  0 
 5177  0 
 5178  1 
 5179  0 
 5180  0 
 5181  0 
 5182  0 
 5183  0 
 5184  0 
 5185  0 
 5186  0 
 5187  0 
 5188  0 
 5189  0 
 5190  0 
 5191  0 
 5192  0 
 5193  0 
 5194  0 
 5195  0 
 5196  0 
 5197  0 
 5198  0 
 5199  0 
 5200  0 
 5201  0 
 5202  0 
 5203  0 
 5204  0 
 5205  0 
 5206  0 
 5207  0 
 5208  0 
 5209  0 
 5210  0 
 5211  0 
 5212  0 
 5213  0 
 5214  0 
 5215  0 
 5216  0 
 5217  0 
 5218  0 
 5219  0 
 5220  0 
 5221  0 
 5222  0 
 5223  0 
 5224  0 
 5225  0 
 5226  0 
 5227  0 
 5228  0 
 5229  0 
 5230  0 
 5231  0 
 5232  0 
 5233  0 
 5234  0 
 5235  0 
 5236  0 
 5237  0 
 5238  1 
 5239  0 
 5240  0 
 5241  0 
 5242  0 
 5243  0 
 5244  0 
 5245  0 
 5246  0 
 5247  0 
 5248  0 
 5249  0 
 5250  0 
 5251  0 
 5252  1 
 5253  0 
 5254  0 
 5255  0 
 5256  0 
 5257  0 
 5258  0 
 5259  0 
 5260  0 
 5261  0 
 5262  0 
 5263  0 
 5264  0 
 5265  1 
 5266  0 
 5267  0 
 5268  0 
 5269  0 
 5270  0 
 5271  0 
 5272  0 
 5273  0 
 5274  0 
 5275  0 
 5276  1 
 5277  0 
 5278  0 
 5279  0 
 5280  0 
 5281  0 
 5282  0 
 5283  0 
 5284  0 
 5285  0 
 5286  0 
 5287  0 
 5288  0 
 5289  0 
 5290  0 
 5291  0 
 5292  0 
 5293  1 
 5294  0 
 5295  0 
 5296  0 
 5297  0 
 5298  0 
 5299  0 
 5300  0 
 5301  0 
 5302  0 
 5303  1 
 5304  0 
 5305  0 
 5306  0 
 5307  0 
 5308  0 
 5309  0 
 5310  0 
 5311  0 
 5312  0 
 5313  0 
 5314  0 
 5315  0 
 5316  0 
 5317  0 
 5318  0 
 5319  0 
 5320  0 
 5321  0 
 5322  0 
 5323  1 
 5324  0 
 5325  0 
 5326  0 
 5327  0 
 5328  0 
 5329  0 
 5330  0 
 5331  0 
 5332  0 
 5333  0 
 5334  0 
 5335  0 
 5336  0 
 5337  0 
 5338  0 
 5339  0 
 5340  0 
 5341  0 
 5342  0 
 5343  0 
 5344  0 
 5345  0 
 5346  0 
 5347  0 
 5348  0 
 5349  2 
 5350  0 
 5351  0 
 5352  0 
 5353  0 
 5354  0 
 5355  0 
 5356  0 
 5357  0 
 5358  0 
 5359  0 
 5360  0 
 5361  1 
 5362  0 
 5363  0 
 5364  1 
 5365  1 
 5366  0 
 5367  0 
 5368  0 
 5369  0 
 5370  0 
 5371  0 
 5372  0 
 5373  0 
 5374  0 
 5375  0 
 5376  0 
 5377  0 
 5378  0 
 5379  0 
 5380  0 
 5381  0 
 5382  0 
 5383  0 
 5384  0 
 5385  0 
 5386  0 
 5387  0 
 5388  0 
 5389  0 
 5390  0 
 5391  0 
 5392  0 
 5393  0 
 5394  0 
 5395  0 
 5396  0 
 5397  1 
 5398  0 
 5399  0 
 5400  0 
 5401  0 
 5402  0 
 5403  0 
 5404  1 
 5405  0 
 5406  0 
 5407  1 
 5408  0 
 5409  1 
 5410  0 
 5411  0 
 5412  0 
 5413  0 
 5414  0 
 5415  0 
 5416  0 
 5417  0 
 5418  0 
 5419  0 
 5420  0 
 5421  0 
 5422  0 
 5423  0 
 5424  0 
 5425  0 
 5426  0 
 5427  0 
 5428  1 
 5429  0 
 5430  0 
 5431  0 
 5432  0 
 5433  1 
 5434  0 
 5435  0 
 5436  0 
 5437  0 
 5438  0 
 5439  0 
 5440  0 
 5441  0 
 5442  0 
 5443  0 
 5444  0 
 5445  0 
 5446  0 
 5447  0 
 5448  0 
 5449  0 
 5450  0 
 5451  0 
 5452  0 
 5453  0 
 5454  0 
 5455  0 
 5456  0 
 5457  0 
 5458  0 
 5459  0 
 5460  0 
 5461  0 
 5462  0 
 5463  0 
 5464  0 
 5465  0 
 5466  0 
 5467  0 
 5468  0 
 5469  0 
 5470  0 
 5471  0 
 5472  0 
 5473  0 
 5474  0 
 5475  1 
 5476  0 
 5477  0 
 5478  0 
 5479  0 
 5480  0 
 5481  0 
 5482  0 
 5483  0 
 5484  0 
 5485  0 
 5486  0 
 5487  0 
 5488  0 
 5489  0 
 5490  0 
 5491  0 
 5492  1 
 5493  0 
 5494  0 
 5495  0 
 5496  0 
 5497  0 
 5498  0 
 5499  0 
 5500  0 
 5501  0 
 5502  0 
 5503  1 
 5504  0 
 5505  0 
 5506  0 
 5507  0 
 5508  0 
 5509  0 
 5510  0 
 5511  0 
 5512  0 
 5513  0 
 5514  0 
 5515  0 
 5516  0 
 5517  0 
 5518  0 
 5519  0 
 5520  0 
 5521  0 
 5522  0 
 5523  0 
 5524  0 
 5525  0 
 5526  0 
 5527  0 
 5528  0 
 5529  0 
 5530  0 
 5531  0 
 5532  0 
 5533  0 
 5534  0 
 5535  0 
 5536  0 
 5537  0 
 5538  0 
 5539  0 
 5540  1 
 5541  0 
 5542  0 
 5543  0 
 5544  0 
 5545  0 
 5546  0 
 5547  0 
 5548  0 
 5549  0 
 5550  0 
 5551  0 
 5552  0 
 5553  0 
 5554  0 
 5555  0 
 5556  0 
 5557  0 
 5558  0 
 5559  0 
 5560  0 
 5561  0 
 5562  0 
 5563  0 
 5564  0 
 5565  0 
 5566  0 
 5567  0 
 5568  0 
 5569  0 
 5570  0 
 5571  0 
 5572  0 
 5573  0 
 5574  0 
 5575  0 
 5576  0 
 5577  0 
 5578  0 
 5579  0 
 5580  0 
 5581  0 
 5582  0 
 5583  0 
 5584  0 
 5585  0 
 5586  0 
 5587  0 
 5588  0 
 5589  0 
 5590  0 
 5591  0 
 5592  0 
 5593  0 
 5594  0 
 5595  0 
 5596  0 
 5597  0 
 5598  0 
 5599  0 
 5600  1 
 5601  0 
 5602  0 
 5603  0 
 5604  0 
 5605  0 
 5606  0 
 5607  0 
 5608  0 
 5609  0 
 5610  0 
 5611  0 
 5612  0 
 5613  1 
 5614  0 
 5615  0 
 5616  0 
 5617  0 
 5618  0 
 5619  0 
 5620  0 
 5621  0 
 5622  0 
 5623  0 
 5624  1 
 5625  0 
 5626  1 
 5627  0 
 5628  0 
 5629  0 
 5630  0 
 5631  0 
 5632  1 
 5633  1 
 5634  1 
 5635  0 
 5636  0 
 5637  0 
 5638  0 
 5639  0 
 5640  0 
 5641  1 
 5642  0 
 5643  0 
 5644  0 
 5645  0 
 5646  1 
 5647  0 
 5648  0 
 5649  1 
 5650  0 
 5651  1 
 5652  0 
 5653  0 
 5654  0 
 5655  0 
 5656  0 
 5657  0 
 5658  2 
 5659  0 
 5660  0 
 5661  1 
 5662  1 
 5663  0 
 5664  0 
 5665  0 
 5666  0 
 5667  0 
 5668  0 
 5669  0 
 5670  0 
 5671  0 
 5672  0 
 5673  0 
 5674  0 
 5675  1 
 5676  1 
 5677  0 
 5678  0 
 5679  0 
 5680  0 
 5681  1 
 5682  0 
 5683  0 
 5684  0 
 5685  1 
 5686  0 
 5687  0 
 5688  0 
 5689  0 
 5690  0 
 5691  0 
 5692  1 
 5693  0 
 5694  1 
 5695  0 
 5696  1 
 5697  0 
 5698  0 
 5699  0 
 5700  1 
 5701  0 
 5702  0 
 5703  0 
 5704  0 
 5705  0 
 5706  0 
 5707  1 
 5708  0 
 5709  0 
 5710  0 
 5711  0 
 5712  1 
 5713  0 
 5714  1 
 5715  0 
 5716  0 
 5717  0 
 5718  0 
 5719  0 
 5720  1 
 5721  0 
 5722  0 
 5723  1 
 5724  0 
 5725  0 
 5726  0 
 5727  1 
 5728  0 
 5729  0 
 5730  0 
 5731  0 
 5732  0 
 5733  0 
 5734  0 
 5735  0 
 5736  1 
 5737  0 
 5738  0 
 5739  0 
 5740  0 
 5741  0 
 5742  0 
 5743  1 
 5744  1 
 5745  0 
 5746  0 
 5747  0 
 5748  0 
 5749  0 
 5750  1 
 5751  0 
 5752  0 
 5753  0 
 5754  0 
 5755  0 
 5756  0 
 5757  0 
 5758  0 
 5759  0 
 5760  0 
 5761  0 
 5762  1 
 5763  0 
 5764  1 
 5765  0 
 5766  0 
 5767  0 
 5768  0 
 5769  2 
 5770  0 
 5771  1 
 5772  0 
 5773  0 
 5774  0 
 5775  0 
 5776  0 
 5777  0 
 5778  0 
 5779  1 
 5780  1 
 5781  0 
 5782  0 
 5783  1 
 5784  0 
 5785  0 
 5786  0 
 5787  0 
 5788  0 
 5789  0 
 5790  0 
 5791  1 
 5792  0 
 5793  0 
 5794  0 
 5795  1 
 5796  0 
 5797  0 
 5798  0 
 5799  1 
 5800  0 
 5801  0 
 5802  0 
 5803  0 
 5804  0 
 5805  0 
 5806  0 
 5807  0 
 5808  1 
 5809  0 
 5810  1 
 5811  0 
 5812  0 
 5813  0 
 5814  0 
 5815  0 
 5816  0 
 5817  0 
 5818  0 
 5819  0 
 5820  0 
 5821  1 
 5822  0 
 5823  0 
 5824  0 
 5825  0 
 5826  1 
 5827  0 
 5828  1 
 5829  0 
 5830  0 
 5831  0 
 5832  0 
 5833  0 
 5834  0 
 5835  1 
 5836  1 
 5837  0 
 5838  1 
 5839  0 
 5840  0 
 5841  0 
 5842  0 
 5843  0 
 5844  1 
 5845  0 
 5846  1 
 5847  1 
 5848  1 
 5849  0 
 5850  0 
 5851  1 
 5852  0 
 5853  0 
 5854  0 
 5855  0 
 5856  0 
 5857  0 
 5858  0 
 5859  1 
 5860  0 
 5861  0 
 5862  0 
 5863  0 
 5864  0 
 5865  0 
 5866  0 
 5867  0 
 5868  0 
 5869  0 
 5870  0 
 5871  0 
 5872  0 
 5873  0 
 5874  0 
 5875  0 
 5876  0 
 5877  0 
 5878  1 
 5879  0 
 5880  0 
 5881  0 
 5882  0 
 5883  0 
 5884  0 
 5885  0 
 5886  0 
 5887  0 
 5888  0 
 5889  0 
 5890  0 
 5891  0 
 5892  0 
 5893  0 
 5894  0 
 5895  0 
 5896  0 
 5897  0 
 5898  0 
 5899  0 
 5900  0 
 5901  0 
 5902  0 
 5903  0 
 5904  0 
 5905  0 
 5906  0 
 5907  0 
 5908  0 
 5909  0 
 5910  0 
 5911  0 
 5912  1 
 5913  0 
 5914  0 
 5915  0 
 5916  0 
 5917  1 
 5918  0 
 5919  1 
 5920  0 
 5921  0 
 5922  0 
 5923  0 
 5924  0 
 5925  0 
 5926  0 
 5927  0 
 5928  0 
 5929  0 
 5930  0 
 5931  0 
 5932  0 
 5933  0 
 5934  0 
 5935  0 
 5936  0 
 5937  0 
 5938  0 
 5939  0 
 5940  0 
 5941  0 
 5942  0 
 5943  0 
 5944  0 
 5945  0 
 5946  0 
 5947  0 
 5948  0 
 5949  0 
 5950  0 
 5951  0 
 5952  0 
 5953  0 
 5954  0 
 5955  0 
 5956  0 
 5957  0 
 5958  0 
 5959  0 
 5960  0 
 5961  0 
 5962  0 
 5963  0 
 5964  0 
 5965  0 
 5966  0 
 5967  1 
 5968  0 
 5969  0 
 5970  0 
 5971  0 
 5972  0 
 5973  0 
 5974  0 
 5975  0 
 5976  0 
 5977  0 
 5978  0 
 5979  0 
 5980  0 
 5981  0 
 5982  0 
 5983  0 
 5984  0 
 5985  0 
 5986  0 
 5987  0 
 5988  0 
 5989  0 
 5990  0 
 5991  0 
 5992  0 
 5993  0 
 5994  0 
 5995  0 
 5996  0 
 5997  0 
 5998  1 
 5999  0 
 6000  0 
 6001  0 
 6002  0 
 6003  0 
 6004  0 
 6005  0 
 6006  0 
 6007  0 
 6008  1 
 6009  0 
 6010  0 
 6011  0 
 6012  0 
 6013  0 
 6014  0 
 6015  0 
 6016  0 
 6017  0 
 6018  0 
 6019  0 
 6020  0 
 6021  0 
 6022  0 
 6023  0 
 6024  0 
 6025  0 
 6026  0 
 6027  0 
 6028  0 
 6029  0 
 6030  0 
 6031  0 
 6032  0 
 6033  0 
 6034  0 
 6035  0 
 6036  0 
 6037  0 
 6038  0 
 6039  0 
 6040  0 
 6041  0 
 6042  0 
 6043  0 
 6044  0 
 6045  0 
 6046  0 
 6047  0 
 6048  0 
 6049  0 
 6050  0 
 6051  0 
 6052  0 
 6053  0 
 6054  0 
 6055  0 
 6056  0 
 6057  0 
 6058  0 
 6059  0 
 6060  0 
 6061  0 
 6062  0 
 6063  0 
 6064  0 
 6065  0 
 6066  0 
 6067  0 
 6068  0 
 6069  0 
 6070  0 
 6071  0 
 6072  0 
 6073  0 
 6074  0 
 6075  0 
 6076  0 
 6077  0 
 6078  0 
 6079  0 
 6080  0 
 6081  0 
 6082  0 
 6083  0 
 6084  0 
 6085  0 
 6086  0 
 6087  0 
 6088  0 
 6089  0 
 6090  1 
 6091  1 
 6092  0 
 6093  0 
 6094  0 
 6095  0 
 6096  0 
 6097  0 
 6098  0 
 6099  0 
 6100  0 
 6101  0 
 6102  0 
 6103  0 
 6104  0 
 6105  0 
 6106  0 
 6107  0 
 6108  0 
 6109  0 
 6110  0 
 6111  0 
 6112  0 
 6113  0 
 6114  0 
 6115  0 
 6116  0 
 6117  0 
 6118  0 
 6119  0 
 6120  0 
 6121  0 
 6122  0 
 6123  1 
 6124  0 
 6125  0 
 6126  0 
 6127  0 
 6128  0 
 6129  0 
 6130  0 
 6131  0 
 6132  0 
 6133  0 
 6134  0 
 6135  1 
 6136  0 
 6137  0 
 6138  0 
 6139  0 
 6140  0 
 6141  0 
 6142  0 
 6143  0 
 6144  0 
 6145  0 
 6146  0 
 6147  0 
 6148  0 
 6149  0 
 6150  0 
 6151  0 
 6152  0 
 6153  0 
 6154  0 
 6155  0 
 6156  0 
 6157  0 
 6158  0 
 6159  0 
 6160  0 
 6161  0 
 6162  0 
 6163  0 
 6164  0 
 6165  0 
 6166  0 
 6167  0 
 6168  0 
 6169  1 
 6170  0 
 6171  0 
 6172  0 
 6173  0 
 6174  0 
 6175  0 
 6176  0 
 6177  0 
 6178  0 
 6179  0 
 6180  0 
 6181  0 
 6182  0 
 6183  0 
 6184  0 
 6185  0 
 6186  0 
 6187  0 
 6188  0 
 6189  0 
 6190  0 
 6191  0 
 6192  0 
 6193  0 
 6194  0 
 6195  0 
 6196  0 
 6197  0 
 6198  0 
 6199  0 
 6200  0 
 6201  0 
 6202  0 
 6203  0 
 6204  0 
 6205  0 
 6206  0 
 6207  0 
 6208  0 
 6209  0 
 6210  0 
 6211  0 
 6212  0 
 6213  0 
 6214  0 
 6215  0 
 6216  0 
 6217  0 
 6218  0 
 6219  0 
 6220  0 
 6221  0 
 6222  0 
 6223  0 
 6224  0 
 6225  0 
 6226  0 
 6227  0 
 6228  0 
 6229  0 
 6230  0 
 6231  0 
 6232  0 
 6233  0 
 6234  0 
 6235  0 
 6236  0 
 6237  0 
 6238  0 
 6239  0 
 6240  0 
 6241  0 
 6242  0 
 6243  0 
 6244  0 
 6245  0 
 6246  0 
 6247  0 
 6248  0 
 6249  0 
 6250  0 
 6251  1 
 6252  0 
 6253  0 
 6254  0 
 6255  0 
 6256  0 
 6257  0 
 6258  0 
 6259  0 
 6260  0 
 6261  1 
 6262  0 
 6263  0 
 6264  0 
 6265  0 
 6266  0 
 6267  0 
 6268  0 
 6269  0 
 6270  0 
 6271  0 
 6272  0 
 6273  0 
 6274  0 
 6275  0 
 6276  1 
 6277  0 
 6278  0 
 6279  0 
 6280  0 
 6281  0 
 6282  0 
 6283  0 
 6284  0 
 6285  0 
 6286  0 
 6287  0 
 6288  0 
 6289  0 
 6290  0 
 6291  0 
 6292  1 
 6293  0 
 6294  0 
 6295  0 
 6296  0 
 6297  0 
 6298  0 
 6299  0 
 6300  0 
 6301  0 
 6302  0 
 6303  0 
 6304  0 
 6305  0 
 6306  0 
 6307  0 
 6308  0 
 6309  0 
 6310  0 
 6311  0 
 6312  0 
 6313  0 
 6314  0 
 6315  0 
 6316  0 
 6317  0 
 6318  0 
 6319  0 
 6320  0 
 6321  0 
 6322  0 
 6323  0 
 6324  0 
 6325  0 
 6326  0 
 6327  0 
 6328  0 
 6329  0 
 6330  0 
 6331  0 
 6332  0 
 6333  0 
 6334  0 
 6335  0 
 6336  0 
 6337  0 
 6338  0 
 6339  0 
 6340  0 
 6341  0 
 6342  0 
 6343  0 
 6344  0 
 6345  0 
 6346  0 
 6347  0 
 6348  0 
 6349  0 
 6350  0 
 6351  0 
 6352  0 
 6353  0 
 6354  0 
 6355  0 
 6356  0 
 6357  0 
 6358  0 
 6359  0 
 6360  0 
 6361  0 
 6362  0 
 6363  0 
 6364  0 
 6365  0 
 6366  0 
 6367  0 
 6368  0 
 6369  0 
 6370  0 
 6371  0 
 6372  0 
 6373  0 
 6374  0 
 6375  0 
 6376  0 
 6377  0 
 6378  0 
 6379  1 
 6380  0 
 6381  0 
 6382  0 
 6383  0 
 6384  0 
 6385  0 
 6386  0 
 6387  0 
 6388  0 
 6389  0 
 6390  0 
 6391  1 
 6392  0 
 6393  0 
 6394  0 
 6395  0 
 6396  0 
 6397  0 
 6398  0 
 6399  0 
 6400  0 
 6401  0 
 6402  0 
 6403  0 
 6404  0 
 6405  0 
 6406  0 
 6407  0 
 6408  0 
 6409  0 
 6410  0 
 6411  0 
 6412  0 
 6413  0 
 6414  0 
 6415  0 
 6416  0 
 6417  0 
 6418  0 
 6419  0 
 6420  0 
 6421  0 
 6422  0 
 6423  0 
 6424  0 
 6425  0 
 6426  1 
 6427  0 
 6428  0 
 6429  0 
 6430  0 
 6431  0 
 6432  0 
 6433  0 
 6434  0 
 6435  0 
 6436  0 
 6437  0 
 6438  0 
 6439  0 
 6440  0 
 6441  0 
 6442  0 
 6443  0 
 6444  0 
 6445  0 
 6446  0 
 6447  0 
 6448  0 
 6449  0 
 6450  1 
 6451  0 
 6452  0 
 6453  0 
 6454  0 
 6455  0 
 6456  0 
 6457  0 
 6458  0 
 6459  0 
 6460  0 
 6461  0 
 6462  0 
 6463  0 
 6464  0 
 6465  0 
 6466  0 
 6467  0 
 6468  0 
 6469  0 
 6470  0 
 6471  0 
 6472  0 
 6473  0 
 6474  0 
 6475  0 
 6476  0 
 6477  0 
 6478  0 
 6479  0 
 6480  1 
 6481  0 
 6482  0 
 6483  0 
 6484  0 
 6485  0 
 6486  1 
 6487  0 
 6488  0 
 6489  0 
 6490  0 
 6491  0 
 6492  0 
 6493  0 
 6494  0 
 6495  0 
 6496  0 
 6497  0 
 6498  0 
 6499  0 
 6500  0 
 6501  0 
 6502  0 
 6503  0 
 6504  0 
 6505  0 
 6506  0 
 6507  0 
 6508  0 
 6509  0 
 6510  0 
 6511  0 
 6512  0 
 6513  0 
 6514  0 
 6515  0 
 6516  0 
 6517  0 
 6518  0 
 6519  0 
 6520  0 
 6521  0 
 6522  0 
 6523  0 
 6524  0 
 6525  0 
 6526  0 
 6527  0 
 6528  0 
 6529  0 
 6530  0 
 6531  0 
 6532  0 
 6533  0 
 6534  0 
 6535  0 
 6536  0 
 6537  0 
 6538  0 
 6539  0 
 6540  0 
 6541  0 
 6542  0 
 6543  0 
 6544  0 
 6545  0 
 6546  0 
 6547  0 
 6548  0 
 6549  0 
 6550  0 
 6551  0 
 6552  0 
 6553  0 
 6554  0 
 6555  0 
 6556  0 
 6557  0 
 6558  0 
 6559  0 
 6560  0 
 6561  0 
 6562  0 
 6563  0 
 6564  0 
 6565  0 
 6566  0 
 6567  0 
 6568  0 
 6569  0 
 6570  1 
 6571  0 
 6572  0 
 6573  0 
 6574  0 
 6575  0 
 6576  0 
 6577  0 
 6578  0 
 6579  0 
 6580  0 
 6581  0 
 6582  0 
 6583  0 
 6584  0 
 6585  0 
 6586  0 
 6587  0 
 6588  0 
 6589  0 
 6590  0 
 6591  0 
 6592  0 
 6593  0 
 6594  0 
 6595  0 
 6596  0 
 6597  0 
 6598  0 
 6599  0 
 6600  0 
 6601  0 
 6602  0 
 6603  0 
 6604  0 
 6605  0 
 6606  0 
 6607  0 
 6608  0 
 6609  0 
 6610  0 
 6611  0 
 6612  0 
 6613  0 
 6614  0 
 6615  0 
 6616  0 
 6617  0 
 6618  0 
 6619  0 
 6620  0 
 6621  0 
 6622  0 
 6623  0 
 6624  0 
 6625  0 
 6626  0 
 6627  0 
 6628  0 
 6629  0 
 6630  0 
 6631  0 
 6632  0 
 6633  0 
 6634  0 
 6635  0 
 6636  0 
 6637  0 
 6638  0 
 6639  0 
 6640  0 
 6641  0 
 6642  0 
 6643  0 
 6644  0 
 6645  0 
 6646  0 
 6647  0 
 6648  0 
 6649  0 
 6650  0 
 6651  0 
 6652  0 
 6653  0 
 6654  0 
 6655  0 
 6656  0 
 6657  0 
 6658  0 
 6659  0 
 6660  0 
 6661  0 
 6662  0 
 6663  0 
 6664  0 
 6665  0 
 6666  0 
 6667  0 
 6668  0 
 6669  0 
 6670  0 
 6671  0 
 6672  0 
 6673  0 
 6674  0 
 6675  0 
 6676  0 
 6677  0 
 6678  0 
 6679  0 
 6680  0 
 6681  0 
 6682  0 
 6683  0 
 6684  0 
 6685  0 
 6686  0 
 6687  0 
 6688  0 
 6689  0 
 6690  0 
 6691  0 
 6692  0 
 6693  0 
 6694  0 
 6695  0 
 6696  0 
 6697  0 
 6698  0 
 6699  0 
 6700  0 
 6701  0 
 6702  0 
 6703  0 
 6704  0 
 6705  0 
 6706  0 
 6707  0 
 6708  0 
 6709  0 
 6710  0 
 6711  0 
 6712  0 
 6713  0 
 6714  0 
 6715  0 
 6716  0 
 6717  0 
 6718  0 
 6719  0 
 6720  0 
 6721  0 
 6722  1 
 6723  0 
 6724  0 
 6725  0 
 6726  0 
 6727  0 
 6728  0 
 6729  0 
 6730  0 
 6731  0 
 6732  0 
 6733  0 
 6734  0 
 6735  0 
 6736  0 
 6737  0 
 6738  0 
 6739  0 
 6740  0 
 6741  0 
 6742  0 
 6743  0 
 6744  0 
 6745  0 
 6746  0 
 6747  0 
 6748  0 
 6749  0 
 6750  0 
 6751  0 
 6752  0 
 6753  0 
 6754  0 
 6755  0 
 6756  0 
 6757  0 
 6758  0 
 6759  0 
 6760  0 
 6761  0 
 6762  0 
 6763  0 
 6764  0 
 6765  1 
 6766  0 
 6767  0 
 6768  0 
 6769  0 
 6770  0 
 6771  0 
 6772  0 
 6773  0 
 6774  0 
 6775  0 
 6776  0 
 6777  0 
 6778  0 
 6779  0 
 6780  0 
 6781  0 
 6782  0 
 6783  0 
 6784  0 
 6785  0 
 6786  0 
 6787  0 
 6788  0 
 6789  0 
 6790  0 
 6791  0 
 6792  0 
 6793  0 
 6794  0 
 6795  0 
 6796  0 
 6797  0 
 6798  0 
 6799  0 
 6800  0 
 6801  0 
 6802  0 
 6803  0 
 6804  0 
 6805  0 
 6806  0 
 6807  0 
 6808  0 
 6809  0 
 6810  0 
 6811  0 
 6812  0 
 6813  0 
 6814  0 
 6815  0 
 6816  0 
 6817  0 
 6818  0 
 6819  0 
 6820  0 
 6821  0 
 6822  0 
 6823  1 
 6824  0 
 6825  0 
 6826  0 
 6827  0 
 6828  0 
 6829  0 
 6830  0 
 6831  0 
 6832  0 
 6833  0 
 6834  0 
 6835  1 
 6836  0 
 6837  0 
 6838  0 
 6839  0 
 6840  1 
 6841  0 
 6842  0 
 6843  0 
 6844  0 
 6845  0 
 6846  0 
 6847  0 
 6848  0 
 6849  0 
 6850  0 
 6851  0 
 6852  0 
 6853  0 
 6854  0 
 6855  0 
 6856  0 
 6857  0 
 6858  0 
 6859  0 
 6860  0 
 6861  0 
 6862  0 
 6863  0 
 6864  0 
 6865  0 
 6866  0 
 6867  0 
 6868  0 
 6869  0 
 6870  0 
 6871  0 
 6872  0 
 6873  0 
 6874  0 
 6875  0 
 6876  0 
 6877  0 
 6878  0 
 6879  0 
 6880  0 
 6881  0 
 6882  0 
 6883  0 
 6884  0 
 6885  0 
 6886  0 
 6887  0 
 6888  0 
 6889  0 
 6890  0 
 6891  0 
 6892  0 
 6893  0 
 6894  0 
 6895  0 
 6896  0 
 6897  0 
 6898  0 
 6899  0 
 6900  0 
 6901  0 
 6902  0 
 6903  0 
 6904  0 
 6905  0 
 6906  0 
 6907  0 
 6908  0 
 6909  0 
 6910  0 
 6911  0 
 6912  0 
 6913  0 
 6914  0 
 6915  1 
 6916  0 
 6917  0 
 6918  0 
 6919  0 
 6920  0 
 6921  0 
 6922  0 
 6923  0 
 6924  0 
 6925  0 
 6926  0 
 6927  1 
 6928  0 
 6929  0 
 6930  0 
 6931  0 
 6932  0 
 6933  0 
 6934  0 
 6935  0 
 6936  0 
 6937  0 
 6938  0 
 6939  0 
 6940  0 
 6941  0 
 6942  0 
 6943  0 
 6944  0 
 6945  0 
 6946  0 
 6947  0 
 6948  0 
 6949  0 
 6950  0 
 6951  0 
 6952  0 
 6953  0 
 6954  0 
 6955  0 
 6956  0 
 6957  0 
 6958  0 
 6959  0 
 6960  0 
 6961  0 
 6962  0 
 6963  0 
 6964  0 
 6965  0 
 6966  0 
 6967  0 
 6968  0 
 6969  0 
 6970  0 
 6971  0 
 6972  0 
 6973  0 
 6974  0 
 6975  0 
 6976  0 
 6977  0 
 6978  0 
 6979  0 
 6980  0 
 6981  0 
 6982  0 
 6983  0 
 6984  1 
 6985  0 
 6986  0 
 6987  0 
 6988  0 
 6989  0 
 6990  0 
 6991  0 
 6992  0 
 6993  0 
 6994  0 
 6995  0 
 6996  0 
 6997  0 
 6998  0 
 6999  0 
 7000  0 
 7001  0 
 7002  0 
 7003  0 
 7004  0 
 7005  0 
 7006  0 
 7007  0 
 7008  0 
 7009  0 
 7010  0 
 7011  0 
 7012  0 
 7013  0 
 7014  0 
 7015  0 
 7016  0 
 7017  0 
 7018  0 
 7019  0 
 7020  0 
 7021  0 
 7022  0 
 7023  0 
 7024  0 
 7025  0 
 7026  0 
 7027  0 
 7028  0 
 7029  0 
 7030  0 
 7031  0 
 7032  0 
 7033  0 
 7034  0 
 7035  0 
 7036  0 
 7037  0 
 7038  0 
 7039  0 
 7040  0 
 7041  0 
 7042  0 
 7043  0 
 7044  0 
 7045  0 
 7046  0 
 7047  0 
 7048  0 
 7049  0 
 7050  0 
 7051  0 
 7052  0 
 7053  0 
 7054  0 
 7055  0 
 7056  0 
 7057  0 
 7058  0 
 7059  0 
 7060  0 
 7061  0 
 7062  0 
 7063  1 
 7064  0 
 7065  0 
 7066  0 
 7067  0 
 7068  0 
 7069  0 
 7070  0 
 7071  0 
 7072  0 
 7073  0 
 7074  0 
 7075  0 
 7076  0 
 7077  0 
 7078  0 
 7079  0 
 7080  0 
 7081  0 
 7082  0 
 7083  0 
 7084  0 
 7085  0 
 7086  0 
 7087  0 
 7088  0 
 7089  1 
 7090  0 
 7091  0 
 7092  0 
 7093  1 
 7094  0 
 7095  0 
 7096  0 
 7097  0 
 7098  0 
 7099  0 
 7100  0 
 7101  0 
 7102  0 
 7103  0 
 7104  0 
 7105  0 
 7106  0 
 7107  0 
 7108  0 
 7109  0 
 7110  0 
 7111  0 
 7112  0 
 7113  0 
 7114  0 
 7115  0 
 7116  0 
 7117  0 
 7118  0 
 7119  0 
 7120  0 
 7121  0 
 7122  0 
 7123  0 
 7124  0 
 7125  0 
 7126  0 
 7127  0 
 7128  0 
 7129  0 
 7130  0 
 7131  0 
 7132  0 
 7133  0 
 7134  0 
 7135  0 
 7136  0 
 7137  0 
 7138  0 
 7139  0 
 7140  0 
 7141  1 
 7142  0 
 7143  0 
 7144  0 
 7145  0 
 7146  0 
 7147  0 
 7148  0 
 7149  0 
 7150  0 
 7151  0 
 7152  0 
 7153  0 
 7154  0 
 7155  0 
 7156  0 
 7157  0 
 7158  0 
 7159  0 
 7160  0 
 7161  0 
 7162  0 
 7163  0 
 7164  0 
 7165  0 
 7166  0 
 7167  0 
 7168  0 
 7169  0 
 7170  0 
 7171  0 
 7172  0 
 7173  0 
 7174  0 
 7175  0 
 7176  0 
 7177  0 
 7178  0 
 7179  0 
 7180  0 
 7181  0 
 7182  0 
 7183  0 
 7184  0 
 7185  0 
 7186  0 
 7187  0 
 7188  0 
 7189  0 
 7190  0 
 7191  0 
 7192  0 
 7193  0 
 7194  0 
 7195  0 
 7196  0 
 7197  0 
 7198  0 
 7199  0 
 7200  0 
 7201  0 
 7202  0 
 7203  0 
 7204  0 
 7205  1 
 7206  0 
 7207  0 
 7208  0 
 7209  0 
 7210  0 
 7211  0 
 7212  0 
 7213  0 
 7214  0 
 7215  0 
 7216  0 
 7217  0 
 7218  0 
 7219  0 
 7220  0 
 7221  0 
 7222  0 
 7223  0 
 7224  0 
 7225  0 
 7226  0 
 7227  0 
 7228  0 
 7229  0 
 7230  0 
 7231  1 
 7232  0 
 7233  0 
 7234  0 
 7235  0 
 7236  0 
 7237  0 
 7238  0 
 7239  0 
 7240  0 
 7241  0 
 7242  0 
 7243  0 
 7244  0 
 7245  0 
 7246  0 
 7247  0 
 7248  0 
 7249  0 
 7250  0 
 7251  0 
 7252  0 
 7253  1 
 7254  0 
 7255  0 
 7256  0 
 7257  0 
 7258  0 
 7259  0 
 7260  0 
 7261  0 
 7262  0 
 7263  0 
 7264  0 
 7265  0 
 7266  1 
 7267  0 
 7268  0 
 7269  0 
 7270  0 
 7271  0 
 7272  0 
 7273  0 
 7274  0 
 7275  0 
 7276  0 
 7277  0 
 7278  0 
 7279  0 
 7280  0 
 7281  0 
 7282  0 
 7283  0 
 7284  0 
 7285  0 
 7286  0 
 7287  0 
 7288  0 
 7289  0 
 7290  0 
 7291  0 
 7292  0 
 7293  0 
 7294  0 
 7295  0 
 7296  0 
 7297  0 
 7298  0 
 7299  0 
 7300  0 
 7301  0 
 7302  0 
 7303  0 
 7304  1 
 7305  0 
 7306  0 
 7307  0 
 7308  0 
 7309  0 
 7310  0 
 7311  0 
 7312  0 
 7313  0 
 7314  0 
 7315  0 
 7316  0 
 7317  0 
 7318  0 
 7319  1 
 7320  0 
 7321  0 
 7322  0 
 7323  0 
 7324  0 
 7325  0 
 7326  0 
 7327  0 
 7328  0 
 7329  0 
 7330  0 
 7331  0 
 7332  0 
 7333  0 
 7334  1 
 7335  0 
 7336  0 
 7337  0 
 7338  0 
 7339  0 
 7340  0 
 7341  0 
 7342  0 
 7343  0 
 7344  0 
 7345  0 
 7346  0 
 7347  0 
 7348  0 
 7349  0 
 7350  0 
 7351  0 
 7352  0 
 7353  1 
 7354  1 
 7355  0 
 7356  0 
 7357  0 
 7358  0 
 7359  0 
 7360  0 
 7361  0 
 7362  0 
 7363  0 
 7364  0 
 7365  1 
 7366  0 
 7367  0 
 7368  0 
 7369  0 
 7370  0 
 7371  0 
 7372  0 
 7373  0 
 7374  0 
 7375  1 
 7376  0 
 7377  0 
 7378  0 
 7379  0 
 7380  0 
 7381  0 
 7382  0 
 7383  0 
 7384  0 
 7385  0 
 7386  0 
 7387  0 
 7388  0 
 7389  0 
 7390  1 
 7391  0 
 7392  0 
 7393  1 
 7394  0 
 7395  0 
 7396  1 
 7397  0 
 7398  0 
 7399  0 
 7400  0 
 7401  0 
 7402  0 
 7403  0 
 7404  0 
 7405  0 
 7406  0 
 7407  0 
 7408  0 
 7409  0 
 7410  0 
 7411  0 
 7412  0 
 7413  0 
 7414  0 
 7415  0 
 7416  0 
 7417  0 
 7418  0 
 7419  0 
 7420  0 
 7421  0 
 7422  0 
 7423  0 
 7424  0 
 7425  0 
 7426  0 
 7427  0 
 7428  0 
 7429  0 
 7430  0 
 7431  0 
 7432  0 
 7433  0 
 7434  0 
 7435  0 
 7436  0 
 7437  1 
 7438  0 
 7439  0 
 7440  0 
 7441  0 
 7442  0 
 7443  0 
 7444  0 
 7445  0 
 7446  0 
 7447  0 
 7448  0 
 7449  0 
 7450  0 
 7451  0 
 7452  0 
 7453  2 
 7454  1 
 7455  0 
 7456  0 
 7457  0 
 7458  1 
 7459  0 
 7460  0 
 7461  0 
 7462  0 
 7463  0 
 7464  1 
 7465  0 
 7466  1 
 7467  0 
 7468  0 
 7469  0 
 7470  0 
 7471  0 
 7472  0 
 7473  1 
 7474  0 
 7475  0 
 7476  0 
 7477  0 
 7478  0 
 7479  0 
 7480  0 
 7481  0 
 7482  0 
 7483  0 
 7484  0 
 7485  1 
 7486  0 
 7487  0 
 7488  0 
 7489  0 
 7490  0 
 7491  0 
 7492  1 
 7493  0 
 7494  0 
 7495  0 
 7496  1 
 7497  0 
 7498  1 
 7499  0 
 7500  0 
 7501  0 
 7502  0 
 7503  1 
 7504  0 
 7505  0 
 7506  0 
 7507  0 
 7508  0 
 7509  1 
 7510  0 
 7511  0 
 7512  0 
 7513  0 
 7514  0 
 7515  0 
 7516  0 
 7517  0 
 7518  0 
 7519  0 
 7520  0 
 7521  0 
 7522  1 
 7523  0 
 7524  0 
 7525  0 
 7526  1 
 7527  0 
 7528  1 
 7529  0 
 7530  0 
 7531  0 
 7532  1 
 7533  0 
 7534  0 
 7535  2 
 7536  1 
 7537  0 
 7538  0 
 7539  1 
 7540  2 
 7541  2 
 7542  0 
 7543  0 
 7544  0 
 7545  1 
 7546  0 
 7547  1 
 7548  0 
 7549  2 
 7550  0 
 7551  1 
 7552  1 
 7553  0 
 7554  0 
 7555  1 
 7556  0 
 7557  2 
 7558  0 
 7559  1 
 7560  1 
 7561  1 
 7562  0 
 7563  0 
 7564  1 
 7565  0 
 7566  0 
 7567  2 
 7568  0 
 7569  0 
 7570  0 
 7571  0 
 7572  0 
 7573  1 
 7574  0 
 7575  0 
 7576  0 
 7577  0 
 7578  0 
 7579  1 
 7580  0 
 7581  0 
 7582  0 
 7583  1 
 7584  0 
 7585  1 
 7586  0 
 7587  0 
 7588  0 
 7589  0 
 7590  0 
 7591  0 
 7592  0 
 7593  0 
 7594  0 
 7595  1 
 7596  4 
 7597  0 
 7598  0 
 7599  1 
 7600  0 
 7601  0 
 7602  0 
 7603  1 
 7604  0 
 7605  0 
 7606  0 
 7607  0 
 7608  2 
 7609  0 
 7610  2 
 7611  0 
 7612  0 
 7613  0 
 7614  1 
 7615  0 
 7616  1 
 7617  1 
 7618  1 
 7619  0 
 7620  1 
 7621  0 
 7622  0 
 7623  1 
 7624  0 
 7625  0 
 7626  0 
 7627  0 
 7628  0 
 7629  0 
 7630  0 
 7631  0 
 7632  0 
 7633  0 
 7634  0 
 7635  0 
 7636  0 
 7637  1 
 7638  0 
 7639  0 
 7640  0 
 7641  1 
 7642  0 
 7643  0 
 7644  0 
 7645  0 
 7646  0 
 7647  0 
 7648  1 
 7649  0 
 7650  0 
 7651  0 
 7652  0 
 7653  0 
 7654  0 
 7655  0 
 7656  1 
 7657  0 
 7658  0 
 7659  0 
 7660  0 
 7661  0 
 7662  0 
 7663  0 
 7664  0 
 7665  1 
 7666  0 
 7667  1 
 7668  0 
 7669  0 
 7670  0 
 7671  0 
 7672  0 
 7673  0 
 7674  0 
 7675  0 
 7676  0 
 7677  0 
 7678  0 
 7679  0 
 7680  0 
 7681  0 
 7682  0 
 7683  0 
 7684  0 
 7685  0 
 7686  0 
 7687  0 
 7688  0 
 7689  0 
 7690  0 
 7691  0 
 7692  0 
 7693  0 
 7694  0 
 7695  0 
 7696  0 
 7697  0 
 7698  0 
 7699  0 
 7700  0 
 7701  0 
 7702  0 
 7703  0 
 7704  0 
 7705  1 
 7706  0 
 7707  0 
 7708  0 
 7709  0 
 7710  0 
 7711  0 
 7712  0 
 7713  0 
 7714  0 
 7715  0 
 7716  0 
 7717  0 
 7718  0 
 7719  0 
 7720  1 
 7721  0 
 7722  0 
 7723  0 
 7724  0 
 7725  0 
 7726  0 
 7727  0 
 7728  0 
 7729  0 
 7730  0 
 7731  0 
 7732  0 
 7733  0 
 7734  0 
 7735  0 
 7736  0 
 7737  0 
 7738  0 
 7739  0 
 7740  1 
 7741  0 
 7742  0 
 7743  0 
 7744  0 
 7745  0 
 7746  0 
 7747  0 
 7748  1 
 7749  0 
 7750  0 
 7751  0 
 7752  0 
 7753  1 
 7754  0 
 7755  0 
 7756  0 
 7757  0 
 7758  0 
 7759  0 
 7760  0 
 7761  0 
 7762  0 
 7763  0 
 7764  0 
 7765  0 
 7766  0 
 7767  0 
 7768  0 
 7769  1 
 7770  0 
 7771  0 
 7772  0 
 7773  0 
 7774  0 
 7775  0 
 7776  0 
 7777  0 
 7778  0 
 7779  0 
 7780  0 
 7781  0 
 7782  0 
 7783  0 
 7784  0 
 7785  0 
 7786  0 
 7787  0 
 7788  0 
 7789  0 
 7790  0 
 7791  0 
 7792  0 
 7793  0 
 7794  0 
 7795  1 
 7796  0 
 7797  0 
 7798  0 
 7799  0 
 7800  0 
 7801  0 
 7802  0 
 7803  0 
 7804  0 
 7805  0 
 7806  0 
 7807  0 
 7808  0 
 7809  0 
 7810  0 
 7811  0 
 7812  0 
 7813  0 
 7814  0 
 7815  0 
 7816  0 
 7817  0 
 7818  0 
 7819  0 
 7820  0 
 7821  0 
 7822  0 
 7823  0 
 7824  0 
 7825  0 
 7826  0 
 7827  1 
 7828  0 
 7829  0 
 7830  0 
 7831  0 
 7832  0 
 7833  0 
 7834  0 
 7835  0 
 7836  0 
 7837  0 
 7838  0 
 7839  1 
 7840  1 
 7841  0 
 7842  0 
 7843  0 
 7844  0 
 7845  0 
 7846  0 
 7847  0 
 7848  0 
 7849  0 
 7850  0 
 7851  1 
 7852  0 
 7853  0 
 7854  0 
 7855  1 
 7856  0 
 7857  0 
 7858  0 
 7859  0 
 7860  0 
 7861  0 
 7862  0 
 7863  0 
 7864  0 
 7865  0 
 7866  0 
 7867  0 
 7868  0 
 7869  0 
 7870  0 
 7871  0 
 7872  0 
 7873  0 
 7874  1 
 7875  0 
 7876  0 
 7877  0 
 7878  0 
 7879  0 
 7880  0 
 7881  0 
 7882  0 
 7883  0 
 7884  0 
 7885  0 
 7886  0 
 7887  1 
 7888  0 
 7889  0 
 7890  0 
 7891  0 
 7892  0 
 7893  0 
 7894  0 
 7895  0 
 7896  0 
 7897  0 
 7898  0 
 7899  1 
 7900  0 
 7901  0 
 7902  0 
 7903  0 
 7904  0 
 7905  0 
 7906  0 
 7907  0 
 7908  0 
 7909  0 
 7910  0 
 7911  0 
 7912  0 
 7913  0 
 7914  0 
 7915  0 
 7916  0 
 7917  0 
 7918  0 
 7919  0 
 7920  0 
 7921  0 
 7922  0 
 7923  0 
 7924  0 
 7925  0 
 7926  0 
 7927  0 
 7928  0 
 7929  0 
 7930  0 
 7931  0 
 7932  0 
 7933  0 
 7934  0 
 7935  0 
 7936  0 
 7937  0 
 7938  0 
 7939  0 
 7940  0 
 7941  0 
 7942  0 
 7943  0 
 7944  0 
 7945  0 
 7946  0 
 7947  0 
 7948  0 
 7949  0 
 7950  0 
 7951  0 
 7952  0 
 7953  0 
 7954  0 
 7955  0 
 7956  0 
 7957  0 
 7958  0 
 7959  0 
 7960  0 
 7961  0 
 7962  0 
 7963  0 
 7964  0 
 7965  0 
 7966  0 
 7967  0 
 7968  0 
 7969  0 
 7970  0 
 7971  0 
 7972  0 
 7973  0 
 7974  0 
 7975  0 
 7976  0 
 7977  0 
 7978  0 
 7979  0 
 7980  0 
 7981  0 
 7982  0 
 7983  0 
 7984  0 
 7985  0 
 7986  0 
 7987  0 
 7988  0 
 7989  0 
 7990  0 
 7991  0 
 7992  0 
 7993  0 
 7994  0 
 7995  0 
 7996  0 
 7997  0 
 7998  0 
 7999  0 
 8000  0 
 8001  0 
 8002  0 
 8003  0 
 8004  0 
 8005  0 
 8006  0 
 8007  0 
 8008  0 
 8009  0 
 8010  0 
 8011  0 
 8012  0 
 8013  0 
 8014  0 
 8015  0 
 8016  0 
 8017  0 
 8018  1 
 8019  0 
 8020  0 
 8021  0 
 8022  0 
 8023  0 
 8024  0 
 8025  0 
 8026  0 
 8027  0 
 8028  0 
 8029  0 
 8030  0 
 8031  0 
 8032  0 
 8033  0 
 8034  0 
 8035  0 
 8036  0 
 8037  0 
 8038  0 
 8039  0 
 8040  0 
 8041  0 
 8042  0 
 8043  0 
 8044  0 
 8045  0 
 8046  0 
 8047  0 
 8048  0 
 8049  0 
 8050  0 
 8051  0 
 8052  0 
 8053  0 
 8054  0 
 8055  0 
 8056  0 
 8057  0 
 8058  0 
 8059  0 
 8060  0 
 8061  0 
 8062  0 
 8063  0 
 8064  0 
 8065  0 
 8066  0 
 8067  0 
 8068  0 
 8069  0 
 8070  0 
 8071  0 
 8072  0 
 8073  0 
 8074  0 
 8075  0 
 8076  1 
 8077  0 
 8078  0 
 8079  0 
 8080  0 
 8081  0 
 8082  0 
 8083  0 
 8084  0 
 8085  0 
 8086  0 
 8087  0 
 8088  0 
 8089  0 
 8090  0 
 8091  0 
 8092  0 
 8093  0 
 8094  0 
 8095  0 
 8096  0 
 8097  0 
 8098  0 
 8099  0 
 8100  0 
 8101  0 
 8102  0 
 8103  0 
 8104  0 
 8105  0 
 8106  0 
 8107  0 
 8108  0 
 8109  0 
 8110  0 
 8111  0 
 8112  0 
 8113  0 
 8114  0 
 8115  0 
 8116  0 
 8117  0 
 8118  0 
 8119  0 
 8120  0 
 8121  0 
 8122  0 
 8123  0 
 8124  0 
 8125  0 
 8126  0 
 8127  0 
 8128  0 
 8129  0 
 8130  0 
 8131  0 
 8132  0 
 8133  0 
 8134  0 
 8135  0 
 8136  0 
 8137  0 
 8138  0 
 8139  0 
 8140  1 
 8141  0 
 8142  0 
 8143  0 
 8144  0 
 8145  0 
 8146  0 
 8147  0 
 8148  0 
 8149  0 
 8150  0 
 8151  0 
 8152  0 
 8153  0 
 8154  0 
 8155  0 
 8156  0 
 8157  0 
 8158  0 
 8159  0 
 8160  0 
 8161  0 
 8162  0 
 8163  0 
 8164  0 
 8165  0 
 8166  0 
 8167  0 
 8168  0 
 8169  0 
 8170  0 
 8171  0 
 8172  0 
 8173  0 
 8174  0 
 8175  0 
 8176  0 
 8177  0 
 8178  0 
 8179  0 
 8180  0 
 8181  0 
 8182  1 
 8183  0 
 8184  0 
 8185  0 
 8186  0 
 8187  0 
 8188  0 
 8189  0 
 8190  0 
 8191  0 
