 0  1211 
 1  1219 
 2  0 
 3  0 
 4  0 
 5  0 
 6  0 
 7  0 
 8  0 
 9  0 
 10  0 
 11  0 
 12  0 
 13  0 
 14  0 
 15  0 
 16  0 
 17  0 
 18  0 
 19  0 
 20  0 
 21  0 
 22  0 
 23  0 
 24  0 
 25  0 
 26  0 
 27  0 
 28  0 
 29  0 
 30  0 
 31  0 
 32  0 
 33  0 
 34  0 
 35  0 
 36  0 
 37  0 
 38  0 
 39  0 
 40  0 
 41  0 
 42  0 
 43  0 
 44  0 
 45  0 
 46  0 
 47  0 
 48  0 
 49  0 
 50  0 
 51  0 
 52  0 
 53  0 
 54  0 
 55  0 
 56  0 
 57  0 
 58  0 
 59  0 
 60  0 
 61  0 
 62  0 
 63  0 
 64  0 
 65  0 
 66  0 
 67  0 
 68  0 
 69  0 
 70  0 
 71  0 
 72  0 
 73  0 
 74  0 
 75  0 
 76  0 
 77  0 
 78  0 
 79  0 
 80  0 
 81  0 
 82  0 
 83  0 
 84  0 
 85  0 
 86  0 
 87  0 
 88  0 
 89  0 
 90  0 
 91  0 
 92  0 
 93  0 
 94  0 
 95  0 
 96  0 
 97  0 
 98  0 
 99  0 
 100  0 
 101  0 
 102  0 
 103  0 
 104  0 
 105  0 
 106  0 
 107  0 
 108  0 
 109  0 
 110  0 
 111  0 
 112  0 
 113  0 
 114  0 
 115  0 
 116  0 
 117  0 
 118  0 
 119  0 
 120  0 
 121  0 
 122  0 
 123  0 
 124  0 
 125  0 
 126  0 
 127  0 
 128  0 
 129  0 
 130  0 
 131  0 
 132  0 
 133  0 
 134  0 
 135  0 
 136  0 
 137  0 
 138  0 
 139  0 
 140  0 
 141  0 
 142  0 
 143  0 
 144  0 
 145  0 
 146  0 
 147  0 
 148  0 
 149  0 
 150  0 
 151  0 
 152  0 
 153  0 
 154  0 
 155  0 
 156  0 
 157  0 
 158  0 
 159  0 
 160  0 
 161  0 
 162  0 
 163  0 
 164  0 
 165  0 
 166  0 
 167  0 
 168  0 
 169  0 
 170  0 
 171  0 
 172  0 
 173  0 
 174  0 
 175  0 
 176  0 
 177  0 
 178  0 
 179  0 
 180  0 
 181  0 
 182  0 
 183  0 
 184  0 
 185  0 
 186  0 
 187  0 
 188  0 
 189  0 
 190  0 
 191  0 
 192  0 
 193  0 
 194  0 
 195  0 
 196  0 
 197  0 
 198  0 
 199  0 
 200  0 
 201  0 
 202  0 
 203  0 
 204  0 
 205  0 
 206  0 
 207  0 
 208  0 
 209  0 
 210  0 
 211  0 
 212  0 
 213  0 
 214  0 
 215  0 
 216  0 
 217  0 
 218  0 
 219  0 
 220  0 
 221  0 
 222  0 
 223  0 
 224  0 
 225  0 
 226  0 
 227  0 
 228  0 
 229  0 
 230  0 
 231  0 
 232  0 
 233  0 
 234  0 
 235  0 
 236  0 
 237  0 
 238  0 
 239  0 
 240  0 
 241  0 
 242  0 
 243  0 
 244  0 
 245  0 
 246  0 
 247  0 
 248  0 
 249  1 
 250  3 
 251  2 
 252  92 
 253  235 
 254  207 
 255  210 
 256  204 
 257  219 
 258  198 
 259  205 
 260  215 
 261  175 
 262  189 
 263  178 
 264  185 
 265  190 
 266  191 
 267  176 
 268  180 
 269  142 
 270  173 
 271  176 
 272  144 
 273  152 
 274  164 
 275  163 
 276  146 
 277  144 
 278  142 
 279  131 
 280  128 
 281  139 
 282  123 
 283  122 
 284  99 
 285  122 
 286  134 
 287  122 
 288  116 
 289  99 
 290  117 
 291  99 
 292  88 
 293  86 
 294  105 
 295  102 
 296  113 
 297  98 
 298  115 
 299  82 
 300  92 
 301  80 
 302  76 
 303  70 
 304  104 
 305  79 
 306  71 
 307  70 
 308  53 
 309  61 
 310  70 
 311  56 
 312  78 
 313  57 
 314  61 
 315  52 
 316  57 
 317  44 
 318  59 
 319  60 
 320  58 
 321  44 
 322  63 
 323  52 
 324  54 
 325  33 
 326  50 
 327  51 
 328  36 
 329  51 
 330  52 
 331  52 
 332  57 
 333  43 
 334  45 
 335  55 
 336  46 
 337  55 
 338  48 
 339  34 
 340  56 
 341  36 
 342  46 
 343  46 
 344  31 
 345  38 
 346  37 
 347  48 
 348  38 
 349  43 
 350  50 
 351  40 
 352  47 
 353  42 
 354  37 
 355  44 
 356  36 
 357  27 
 358  32 
 359  39 
 360  38 
 361  36 
 362  37 
 363  42 
 364  28 
 365  35 
 366  35 
 367  35 
 368  40 
 369  33 
 370  33 
 371  32 
 372  32 
 373  47 
 374  45 
 375  30 
 376  42 
 377  37 
 378  21 
 379  26 
 380  29 
 381  31 
 382  40 
 383  28 
 384  32 
 385  26 
 386  32 
 387  34 
 388  27 
 389  33 
 390  25 
 391  23 
 392  26 
 393  31 
 394  38 
 395  23 
 396  30 
 397  35 
 398  23 
 399  28 
 400  33 
 401  24 
 402  26 
 403  30 
 404  29 
 405  23 
 406  25 
 407  19 
 408  26 
 409  35 
 410  46 
 411  36 
 412  34 
 413  31 
 414  28 
 415  21 
 416  30 
 417  32 
 418  28 
 419  33 
 420  18 
 421  28 
 422  28 
 423  33 
 424  25 
 425  36 
 426  38 
 427  38 
 428  28 
 429  26 
 430  28 
 431  30 
 432  32 
 433  30 
 434  42 
 435  18 
 436  21 
 437  29 
 438  26 
 439  33 
 440  32 
 441  31 
 442  30 
 443  23 
 444  25 
 445  30 
 446  36 
 447  38 
 448  35 
 449  38 
 450  39 
 451  35 
 452  39 
 453  27 
 454  25 
 455  33 
 456  34 
 457  25 
 458  29 
 459  20 
 460  43 
 461  29 
 462  34 
 463  39 
 464  38 
 465  40 
 466  22 
 467  41 
 468  34 
 469  34 
 470  25 
 471  40 
 472  39 
 473  38 
 474  38 
 475  44 
 476  30 
 477  33 
 478  36 
 479  40 
 480  33 
 481  49 
 482  39 
 483  32 
 484  24 
 485  45 
 486  37 
 487  66 
 488  50 
 489  46 
 490  34 
 491  38 
 492  59 
 493  38 
 494  47 
 495  42 
 496  45 
 497  61 
 498  49 
 499  51 
 500  56 
 501  66 
 502  49 
 503  65 
 504  43 
 505  57 
 506  54 
 507  60 
 508  54 
 509  56 
 510  70 
 511  56 
 512  63 
 513  63 
 514  65 
 515  68 
 516  78 
 517  68 
 518  87 
 519  87 
 520  80 
 521  76 
 522  88 
 523  98 
 524  85 
 525  95 
 526  82 
 527  91 
 528  120 
 529  103 
 530  111 
 531  105 
 532  88 
 533  118 
 534  129 
 535  113 
 536  131 
 537  154 
 538  148 
 539  128 
 540  139 
 541  145 
 542  158 
 543  188 
 544  194 
 545  190 
 546  166 
 547  184 
 548  175 
 549  190 
 550  200 
 551  214 
 552  216 
 553  225 
 554  238 
 555  251 
 556  225 
 557  234 
 558  262 
 559  240 
 560  236 
 561  267 
 562  259 
 563  262 
 564  289 
 565  279 
 566  301 
 567  272 
 568  310 
 569  307 
 570  298 
 571  307 
 572  338 
 573  321 
 574  344 
 575  304 
 576  330 
 577  301 
 578  314 
 579  344 
 580  313 
 581  377 
 582  319 
 583  333 
 584  314 
 585  331 
 586  356 
 587  337 
 588  324 
 589  313 
 590  330 
 591  296 
 592  316 
 593  329 
 594  299 
 595  293 
 596  318 
 597  270 
 598  305 
 599  254 
 600  258 
 601  258 
 602  272 
 603  278 
 604  256 
 605  216 
 606  236 
 607  194 
 608  207 
 609  199 
 610  207 
 611  182 
 612  197 
 613  182 
 614  192 
 615  168 
 616  179 
 617  181 
 618  148 
 619  141 
 620  138 
 621  131 
 622  122 
 623  136 
 624  114 
 625  118 
 626  108 
 627  93 
 628  103 
 629  95 
 630  90 
 631  59 
 632  78 
 633  79 
 634  61 
 635  65 
 636  53 
 637  62 
 638  49 
 639  55 
 640  51 
 641  49 
 642  54 
 643  47 
 644  42 
 645  45 
 646  39 
 647  42 
 648  34 
 649  34 
 650  33 
 651  39 
 652  26 
 653  33 
 654  33 
 655  23 
 656  27 
 657  25 
 658  29 
 659  26 
 660  24 
 661  29 
 662  27 
 663  25 
 664  22 
 665  21 
 666  20 
 667  23 
 668  20 
 669  23 
 670  15 
 671  18 
 672  14 
 673  16 
 674  15 
 675  24 
 676  19 
 677  16 
 678  20 
 679  26 
 680  18 
 681  17 
 682  22 
 683  18 
 684  11 
 685  14 
 686  26 
 687  23 
 688  21 
 689  16 
 690  19 
 691  17 
 692  19 
 693  23 
 694  24 
 695  21 
 696  14 
 697  16 
 698  19 
 699  20 
 700  13 
 701  22 
 702  26 
 703  22 
 704  18 
 705  17 
 706  15 
 707  14 
 708  21 
 709  22 
 710  12 
 711  17 
 712  13 
 713  23 
 714  14 
 715  15 
 716  16 
 717  19 
 718  10 
 719  20 
 720  11 
 721  16 
 722  16 
 723  19 
 724  17 
 725  25 
 726  19 
 727  21 
 728  12 
 729  22 
 730  16 
 731  15 
 732  13 
 733  16 
 734  10 
 735  16 
 736  20 
 737  16 
 738  8 
 739  14 
 740  19 
 741  22 
 742  14 
 743  15 
 744  10 
 745  12 
 746  19 
 747  8 
 748  23 
 749  17 
 750  23 
 751  11 
 752  19 
 753  12 
 754  18 
 755  18 
 756  23 
 757  7 
 758  21 
 759  12 
 760  13 
 761  14 
 762  19 
 763  14 
 764  13 
 765  15 
 766  17 
 767  12 
 768  14 
 769  22 
 770  16 
 771  11 
 772  15 
 773  18 
 774  16 
 775  16 
 776  22 
 777  17 
 778  10 
 779  15 
 780  16 
 781  15 
 782  10 
 783  20 
 784  10 
 785  16 
 786  13 
 787  15 
 788  21 
 789  9 
 790  15 
 791  18 
 792  18 
 793  8 
 794  17 
 795  8 
 796  9 
 797  23 
 798  12 
 799  17 
 800  12 
 801  17 
 802  8 
 803  15 
 804  14 
 805  19 
 806  16 
 807  28 
 808  18 
 809  15 
 810  11 
 811  14 
 812  14 
 813  17 
 814  8 
 815  12 
 816  14 
 817  21 
 818  16 
 819  13 
 820  17 
 821  16 
 822  11 
 823  10 
 824  15 
 825  17 
 826  13 
 827  10 
 828  15 
 829  19 
 830  18 
 831  23 
 832  12 
 833  25 
 834  16 
 835  19 
 836  19 
 837  14 
 838  13 
 839  10 
 840  11 
 841  18 
 842  6 
 843  9 
 844  13 
 845  14 
 846  16 
 847  7 
 848  16 
 849  7 
 850  13 
 851  12 
 852  10 
 853  15 
 854  10 
 855  19 
 856  11 
 857  15 
 858  14 
 859  18 
 860  10 
 861  8 
 862  14 
 863  7 
 864  16 
 865  12 
 866  12 
 867  17 
 868  8 
 869  15 
 870  11 
 871  12 
 872  16 
 873  16 
 874  9 
 875  19 
 876  7 
 877  11 
 878  15 
 879  23 
 880  10 
 881  16 
 882  8 
 883  13 
 884  19 
 885  20 
 886  17 
 887  12 
 888  13 
 889  9 
 890  9 
 891  11 
 892  13 
 893  11 
 894  14 
 895  11 
 896  15 
 897  7 
 898  9 
 899  15 
 900  15 
 901  14 
 902  18 
 903  14 
 904  13 
 905  10 
 906  15 
 907  11 
 908  10 
 909  10 
 910  10 
 911  16 
 912  13 
 913  18 
 914  15 
 915  7 
 916  14 
 917  16 
 918  9 
 919  10 
 920  14 
 921  14 
 922  9 
 923  13 
 924  15 
 925  13 
 926  18 
 927  8 
 928  13 
 929  20 
 930  14 
 931  15 
 932  14 
 933  23 
 934  11 
 935  16 
 936  9 
 937  13 
 938  12 
 939  23 
 940  10 
 941  15 
 942  9 
 943  19 
 944  10 
 945  12 
 946  15 
 947  12 
 948  17 
 949  8 
 950  19 
 951  15 
 952  7 
 953  9 
 954  14 
 955  15 
 956  15 
 957  12 
 958  20 
 959  17 
 960  14 
 961  18 
 962  10 
 963  9 
 964  16 
 965  19 
 966  14 
 967  20 
 968  21 
 969  17 
 970  15 
 971  14 
 972  18 
 973  20 
 974  21 
 975  13 
 976  16 
 977  8 
 978  15 
 979  6 
 980  15 
 981  14 
 982  12 
 983  10 
 984  10 
 985  14 
 986  13 
 987  17 
 988  13 
 989  15 
 990  8 
 991  20 
 992  14 
 993  13 
 994  7 
 995  21 
 996  17 
 997  12 
 998  17 
 999  12 
 1000  11 
 1001  14 
 1002  11 
 1003  11 
 1004  13 
 1005  15 
 1006  8 
 1007  10 
 1008  9 
 1009  14 
 1010  11 
 1011  16 
 1012  14 
 1013  20 
 1014  19 
 1015  9 
 1016  9 
 1017  12 
 1018  16 
 1019  12 
 1020  15 
 1021  16 
 1022  11 
 1023  14 
 1024  18 
 1025  11 
 1026  9 
 1027  14 
 1028  11 
 1029  10 
 1030  18 
 1031  14 
 1032  13 
 1033  11 
 1034  16 
 1035  6 
 1036  10 
 1037  10 
 1038  12 
 1039  11 
 1040  5 
 1041  12 
 1042  13 
 1043  14 
 1044  21 
 1045  20 
 1046  11 
 1047  14 
 1048  14 
 1049  11 
 1050  15 
 1051  14 
 1052  17 
 1053  8 
 1054  12 
 1055  16 
 1056  6 
 1057  6 
 1058  12 
 1059  11 
 1060  15 
 1061  10 
 1062  17 
 1063  9 
 1064  19 
 1065  16 
 1066  13 
 1067  16 
 1068  15 
 1069  14 
 1070  19 
 1071  16 
 1072  12 
 1073  18 
 1074  16 
 1075  13 
 1076  18 
 1077  16 
 1078  12 
 1079  16 
 1080  12 
 1081  14 
 1082  20 
 1083  12 
 1084  7 
 1085  11 
 1086  20 
 1087  13 
 1088  8 
 1089  13 
 1090  13 
 1091  10 
 1092  6 
 1093  8 
 1094  11 
 1095  13 
 1096  14 
 1097  13 
 1098  6 
 1099  14 
 1100  13 
 1101  13 
 1102  12 
 1103  15 
 1104  9 
 1105  12 
 1106  11 
 1107  13 
 1108  5 
 1109  11 
 1110  9 
 1111  10 
 1112  15 
 1113  14 
 1114  16 
 1115  7 
 1116  14 
 1117  15 
 1118  10 
 1119  13 
 1120  14 
 1121  11 
 1122  12 
 1123  16 
 1124  17 
 1125  10 
 1126  6 
 1127  6 
 1128  7 
 1129  8 
 1130  14 
 1131  25 
 1132  4 
 1133  15 
 1134  7 
 1135  13 
 1136  10 
 1137  14 
 1138  14 
 1139  13 
 1140  18 
 1141  11 
 1142  13 
 1143  12 
 1144  16 
 1145  16 
 1146  13 
 1147  16 
 1148  12 
 1149  14 
 1150  7 
 1151  18 
 1152  7 
 1153  9 
 1154  11 
 1155  7 
 1156  14 
 1157  13 
 1158  16 
 1159  14 
 1160  11 
 1161  18 
 1162  12 
 1163  16 
 1164  14 
 1165  14 
 1166  9 
 1167  10 
 1168  13 
 1169  17 
 1170  10 
 1171  12 
 1172  14 
 1173  12 
 1174  7 
 1175  11 
 1176  10 
 1177  14 
 1178  8 
 1179  13 
 1180  14 
 1181  13 
 1182  11 
 1183  11 
 1184  10 
 1185  14 
 1186  7 
 1187  6 
 1188  10 
 1189  10 
 1190  10 
 1191  11 
 1192  8 
 1193  15 
 1194  7 
 1195  11 
 1196  10 
 1197  18 
 1198  10 
 1199  16 
 1200  9 
 1201  12 
 1202  12 
 1203  13 
 1204  12 
 1205  12 
 1206  12 
 1207  16 
 1208  10 
 1209  16 
 1210  13 
 1211  15 
 1212  18 
 1213  12 
 1214  8 
 1215  10 
 1216  8 
 1217  9 
 1218  11 
 1219  13 
 1220  15 
 1221  16 
 1222  10 
 1223  13 
 1224  10 
 1225  9 
 1226  8 
 1227  11 
 1228  14 
 1229  8 
 1230  14 
 1231  11 
 1232  15 
 1233  15 
 1234  9 
 1235  11 
 1236  12 
 1237  14 
 1238  13 
 1239  16 
 1240  14 
 1241  18 
 1242  14 
 1243  18 
 1244  8 
 1245  4 
 1246  11 
 1247  14 
 1248  12 
 1249  13 
 1250  10 
 1251  11 
 1252  8 
 1253  14 
 1254  5 
 1255  6 
 1256  15 
 1257  12 
 1258  12 
 1259  7 
 1260  9 
 1261  10 
 1262  17 
 1263  11 
 1264  13 
 1265  12 
 1266  11 
 1267  9 
 1268  15 
 1269  14 
 1270  11 
 1271  2 
 1272  10 
 1273  10 
 1274  14 
 1275  13 
 1276  6 
 1277  15 
 1278  12 
 1279  15 
 1280  17 
 1281  10 
 1282  11 
 1283  8 
 1284  8 
 1285  9 
 1286  12 
 1287  12 
 1288  17 
 1289  15 
 1290  13 
 1291  10 
 1292  14 
 1293  12 
 1294  14 
 1295  14 
 1296  13 
 1297  9 
 1298  7 
 1299  8 
 1300  9 
 1301  13 
 1302  14 
 1303  20 
 1304  19 
 1305  8 
 1306  17 
 1307  11 
 1308  10 
 1309  13 
 1310  13 
 1311  12 
 1312  7 
 1313  6 
 1314  9 
 1315  13 
 1316  14 
 1317  11 
 1318  14 
 1319  8 
 1320  19 
 1321  6 
 1322  12 
 1323  12 
 1324  7 
 1325  6 
 1326  4 
 1327  12 
 1328  12 
 1329  11 
 1330  6 
 1331  10 
 1332  7 
 1333  10 
 1334  14 
 1335  7 
 1336  13 
 1337  10 
 1338  9 
 1339  10 
 1340  15 
 1341  15 
 1342  7 
 1343  9 
 1344  15 
 1345  16 
 1346  16 
 1347  15 
 1348  14 
 1349  11 
 1350  11 
 1351  9 
 1352  11 
 1353  6 
 1354  14 
 1355  4 
 1356  6 
 1357  13 
 1358  6 
 1359  14 
 1360  11 
 1361  7 
 1362  9 
 1363  9 
 1364  15 
 1365  10 
 1366  10 
 1367  18 
 1368  10 
 1369  18 
 1370  11 
 1371  10 
 1372  10 
 1373  11 
 1374  12 
 1375  13 
 1376  12 
 1377  12 
 1378  8 
 1379  6 
 1380  12 
 1381  12 
 1382  12 
 1383  13 
 1384  12 
 1385  13 
 1386  10 
 1387  14 
 1388  14 
 1389  6 
 1390  8 
 1391  15 
 1392  14 
 1393  9 
 1394  11 
 1395  8 
 1396  9 
 1397  21 
 1398  10 
 1399  10 
 1400  18 
 1401  11 
 1402  15 
 1403  14 
 1404  13 
 1405  11 
 1406  22 
 1407  13 
 1408  12 
 1409  15 
 1410  8 
 1411  10 
 1412  10 
 1413  8 
 1414  11 
 1415  9 
 1416  7 
 1417  9 
 1418  10 
 1419  8 
 1420  12 
 1421  10 
 1422  8 
 1423  12 
 1424  12 
 1425  13 
 1426  12 
 1427  9 
 1428  21 
 1429  9 
 1430  10 
 1431  11 
 1432  8 
 1433  14 
 1434  16 
 1435  12 
 1436  11 
 1437  11 
 1438  10 
 1439  9 
 1440  10 
 1441  7 
 1442  5 
 1443  5 
 1444  15 
 1445  4 
 1446  4 
 1447  19 
 1448  10 
 1449  11 
 1450  8 
 1451  12 
 1452  9 
 1453  12 
 1454  16 
 1455  11 
 1456  10 
 1457  13 
 1458  14 
 1459  12 
 1460  12 
 1461  10 
 1462  9 
 1463  11 
 1464  8 
 1465  13 
 1466  10 
 1467  13 
 1468  16 
 1469  5 
 1470  9 
 1471  11 
 1472  7 
 1473  11 
 1474  12 
 1475  8 
 1476  10 
 1477  8 
 1478  7 
 1479  9 
 1480  5 
 1481  8 
 1482  9 
 1483  11 
 1484  5 
 1485  16 
 1486  14 
 1487  12 
 1488  7 
 1489  11 
 1490  10 
 1491  14 
 1492  14 
 1493  9 
 1494  10 
 1495  6 
 1496  10 
 1497  10 
 1498  9 
 1499  13 
 1500  12 
 1501  11 
 1502  6 
 1503  5 
 1504  10 
 1505  7 
 1506  7 
 1507  15 
 1508  4 
 1509  6 
 1510  14 
 1511  8 
 1512  12 
 1513  8 
 1514  7 
 1515  16 
 1516  16 
 1517  10 
 1518  8 
 1519  13 
 1520  13 
 1521  8 
 1522  12 
 1523  9 
 1524  8 
 1525  17 
 1526  8 
 1527  10 
 1528  12 
 1529  12 
 1530  7 
 1531  13 
 1532  6 
 1533  8 
 1534  9 
 1535  14 
 1536  11 
 1537  6 
 1538  6 
 1539  7 
 1540  10 
 1541  14 
 1542  5 
 1543  6 
 1544  11 
 1545  11 
 1546  16 
 1547  17 
 1548  6 
 1549  10 
 1550  13 
 1551  8 
 1552  8 
 1553  13 
 1554  11 
 1555  9 
 1556  9 
 1557  7 
 1558  12 
 1559  11 
 1560  14 
 1561  13 
 1562  11 
 1563  9 
 1564  5 
 1565  9 
 1566  6 
 1567  17 
 1568  14 
 1569  15 
 1570  10 
 1571  13 
 1572  4 
 1573  10 
 1574  6 
 1575  9 
 1576  6 
 1577  18 
 1578  11 
 1579  10 
 1580  11 
 1581  11 
 1582  7 
 1583  8 
 1584  13 
 1585  9 
 1586  13 
 1587  9 
 1588  7 
 1589  10 
 1590  5 
 1591  7 
 1592  7 
 1593  9 
 1594  10 
 1595  10 
 1596  10 
 1597  6 
 1598  8 
 1599  6 
 1600  9 
 1601  8 
 1602  17 
 1603  7 
 1604  16 
 1605  15 
 1606  8 
 1607  11 
 1608  7 
 1609  13 
 1610  11 
 1611  9 
 1612  9 
 1613  10 
 1614  8 
 1615  10 
 1616  15 
 1617  11 
 1618  9 
 1619  11 
 1620  11 
 1621  9 
 1622  12 
 1623  11 
 1624  8 
 1625  10 
 1626  6 
 1627  13 
 1628  6 
 1629  14 
 1630  6 
 1631  13 
 1632  13 
 1633  9 
 1634  8 
 1635  9 
 1636  9 
 1637  11 
 1638  8 
 1639  9 
 1640  10 
 1641  13 
 1642  13 
 1643  12 
 1644  15 
 1645  10 
 1646  10 
 1647  8 
 1648  14 
 1649  9 
 1650  7 
 1651  8 
 1652  9 
 1653  7 
 1654  14 
 1655  9 
 1656  11 
 1657  10 
 1658  17 
 1659  15 
 1660  7 
 1661  9 
 1662  8 
 1663  10 
 1664  6 
 1665  16 
 1666  11 
 1667  10 
 1668  10 
 1669  8 
 1670  10 
 1671  6 
 1672  12 
 1673  6 
 1674  11 
 1675  8 
 1676  6 
 1677  10 
 1678  6 
 1679  14 
 1680  13 
 1681  10 
 1682  3 
 1683  9 
 1684  12 
 1685  8 
 1686  6 
 1687  8 
 1688  6 
 1689  11 
 1690  9 
 1691  8 
 1692  9 
 1693  13 
 1694  4 
 1695  11 
 1696  11 
 1697  14 
 1698  6 
 1699  14 
 1700  13 
 1701  5 
 1702  5 
 1703  16 
 1704  8 
 1705  7 
 1706  10 
 1707  14 
 1708  10 
 1709  9 
 1710  7 
 1711  14 
 1712  7 
 1713  12 
 1714  7 
 1715  14 
 1716  8 
 1717  4 
 1718  4 
 1719  5 
 1720  8 
 1721  8 
 1722  12 
 1723  10 
 1724  10 
 1725  10 
 1726  9 
 1727  14 
 1728  8 
 1729  10 
 1730  9 
 1731  11 
 1732  6 
 1733  12 
 1734  14 
 1735  8 
 1736  13 
 1737  13 
 1738  8 
 1739  8 
 1740  6 
 1741  7 
 1742  8 
 1743  9 
 1744  8 
 1745  9 
 1746  8 
 1747  6 
 1748  5 
 1749  6 
 1750  14 
 1751  7 
 1752  14 
 1753  10 
 1754  8 
 1755  10 
 1756  11 
 1757  10 
 1758  7 
 1759  9 
 1760  12 
 1761  9 
 1762  8 
 1763  13 
 1764  5 
 1765  11 
 1766  8 
 1767  8 
 1768  13 
 1769  9 
 1770  6 
 1771  9 
 1772  5 
 1773  7 
 1774  15 
 1775  11 
 1776  11 
 1777  7 
 1778  4 
 1779  9 
 1780  9 
 1781  5 
 1782  10 
 1783  8 
 1784  11 
 1785  10 
 1786  9 
 1787  8 
 1788  4 
 1789  10 
 1790  7 
 1791  12 
 1792  10 
 1793  15 
 1794  8 
 1795  8 
 1796  9 
 1797  9 
 1798  5 
 1799  4 
 1800  8 
 1801  9 
 1802  7 
 1803  8 
 1804  13 
 1805  7 
 1806  9 
 1807  9 
 1808  10 
 1809  12 
 1810  13 
 1811  2 
 1812  9 
 1813  7 
 1814  12 
 1815  12 
 1816  8 
 1817  7 
 1818  6 
 1819  12 
 1820  6 
 1821  11 
 1822  8 
 1823  7 
 1824  8 
 1825  12 
 1826  9 
 1827  7 
 1828  4 
 1829  11 
 1830  9 
 1831  12 
 1832  10 
 1833  15 
 1834  9 
 1835  6 
 1836  8 
 1837  7 
 1838  11 
 1839  7 
 1840  11 
 1841  11 
 1842  5 
 1843  5 
 1844  4 
 1845  9 
 1846  8 
 1847  12 
 1848  10 
 1849  5 
 1850  10 
 1851  6 
 1852  3 
 1853  6 
 1854  13 
 1855  6 
 1856  10 
 1857  13 
 1858  6 
 1859  11 
 1860  6 
 1861  12 
 1862  7 
 1863  9 
 1864  8 
 1865  6 
 1866  10 
 1867  9 
 1868  15 
 1869  8 
 1870  5 
 1871  9 
 1872  9 
 1873  11 
 1874  10 
 1875  6 
 1876  7 
 1877  16 
 1878  9 
 1879  11 
 1880  7 
 1881  6 
 1882  14 
 1883  6 
 1884  10 
 1885  9 
 1886  7 
 1887  13 
 1888  13 
 1889  5 
 1890  4 
 1891  2 
 1892  9 
 1893  8 
 1894  13 
 1895  5 
 1896  11 
 1897  9 
 1898  6 
 1899  6 
 1900  10 
 1901  10 
 1902  13 
 1903  11 
 1904  5 
 1905  6 
 1906  3 
 1907  8 
 1908  8 
 1909  11 
 1910  7 
 1911  10 
 1912  11 
 1913  9 
 1914  10 
 1915  8 
 1916  7 
 1917  7 
 1918  10 
 1919  9 
 1920  10 
 1921  5 
 1922  6 
 1923  12 
 1924  8 
 1925  8 
 1926  5 
 1927  11 
 1928  17 
 1929  9 
 1930  9 
 1931  11 
 1932  7 
 1933  7 
 1934  15 
 1935  6 
 1936  5 
 1937  8 
 1938  6 
 1939  6 
 1940  6 
 1941  9 
 1942  12 
 1943  13 
 1944  10 
 1945  11 
 1946  8 
 1947  12 
 1948  10 
 1949  7 
 1950  6 
 1951  9 
 1952  9 
 1953  5 
 1954  14 
 1955  8 
 1956  6 
 1957  6 
 1958  6 
 1959  10 
 1960  4 
 1961  7 
 1962  8 
 1963  7 
 1964  9 
 1965  7 
 1966  10 
 1967  6 
 1968  7 
 1969  10 
 1970  9 
 1971  14 
 1972  6 
 1973  7 
 1974  8 
 1975  11 
 1976  11 
 1977  5 
 1978  15 
 1979  3 
 1980  5 
 1981  2 
 1982  21 
 1983  19 
 1984  8 
 1985  10 
 1986  8 
 1987  10 
 1988  7 
 1989  8 
 1990  11 
 1991  7 
 1992  11 
 1993  10 
 1994  15 
 1995  7 
 1996  10 
 1997  10 
 1998  10 
 1999  7 
 2000  8 
 2001  10 
 2002  8 
 2003  9 
 2004  7 
 2005  6 
 2006  11 
 2007  7 
 2008  7 
 2009  7 
 2010  7 
 2011  10 
 2012  5 
 2013  5 
 2014  13 
 2015  7 
 2016  9 
 2017  7 
 2018  14 
 2019  11 
 2020  11 
 2021  8 
 2022  7 
 2023  8 
 2024  12 
 2025  6 
 2026  11 
 2027  8 
 2028  8 
 2029  9 
 2030  7 
 2031  10 
 2032  8 
 2033  13 
 2034  8 
 2035  7 
 2036  11 
 2037  2 
 2038  5 
 2039  9 
 2040  7 
 2041  10 
 2042  10 
 2043  7 
 2044  5 
 2045  9 
 2046  5 
 2047  8 
 2048  6 
 2049  5 
 2050  5 
 2051  10 
 2052  8 
 2053  10 
 2054  5 
 2055  6 
 2056  6 
 2057  7 
 2058  14 
 2059  6 
 2060  6 
 2061  9 
 2062  7 
 2063  4 
 2064  10 
 2065  6 
 2066  12 
 2067  8 
 2068  10 
 2069  7 
 2070  8 
 2071  10 
 2072  6 
 2073  6 
 2074  9 
 2075  15 
 2076  7 
 2077  7 
 2078  6 
 2079  9 
 2080  15 
 2081  7 
 2082  5 
 2083  17 
 2084  8 
 2085  11 
 2086  12 
 2087  6 
 2088  10 
 2089  5 
 2090  8 
 2091  11 
 2092  11 
 2093  10 
 2094  12 
 2095  4 
 2096  7 
 2097  4 
 2098  8 
 2099  10 
 2100  13 
 2101  11 
 2102  12 
 2103  10 
 2104  5 
 2105  6 
 2106  8 
 2107  13 
 2108  8 
 2109  4 
 2110  11 
 2111  12 
 2112  13 
 2113  7 
 2114  8 
 2115  3 
 2116  14 
 2117  11 
 2118  5 
 2119  11 
 2120  4 
 2121  10 
 2122  12 
 2123  10 
 2124  2 
 2125  7 
 2126  7 
 2127  8 
 2128  7 
 2129  9 
 2130  7 
 2131  10 
 2132  6 
 2133  9 
 2134  7 
 2135  13 
 2136  7 
 2137  11 
 2138  7 
 2139  5 
 2140  4 
 2141  6 
 2142  10 
 2143  8 
 2144  10 
 2145  5 
 2146  8 
 2147  13 
 2148  11 
 2149  6 
 2150  5 
 2151  11 
 2152  6 
 2153  5 
 2154  4 
 2155  8 
 2156  10 
 2157  9 
 2158  6 
 2159  11 
 2160  5 
 2161  9 
 2162  10 
 2163  10 
 2164  6 
 2165  5 
 2166  5 
 2167  9 
 2168  7 
 2169  7 
 2170  9 
 2171  10 
 2172  6 
 2173  6 
 2174  11 
 2175  10 
 2176  8 
 2177  3 
 2178  4 
 2179  7 
 2180  3 
 2181  14 
 2182  7 
 2183  10 
 2184  3 
 2185  8 
 2186  20 
 2187  11 
 2188  13 
 2189  10 
 2190  8 
 2191  3 
 2192  6 
 2193  6 
 2194  7 
 2195  3 
 2196  10 
 2197  9 
 2198  8 
 2199  12 
 2200  6 
 2201  7 
 2202  9 
 2203  4 
 2204  7 
 2205  11 
 2206  9 
 2207  5 
 2208  9 
 2209  6 
 2210  7 
 2211  11 
 2212  6 
 2213  10 
 2214  6 
 2215  15 
 2216  9 
 2217  4 
 2218  5 
 2219  7 
 2220  6 
 2221  11 
 2222  4 
 2223  8 
 2224  11 
 2225  7 
 2226  9 
 2227  4 
 2228  7 
 2229  13 
 2230  12 
 2231  5 
 2232  5 
 2233  8 
 2234  7 
 2235  10 
 2236  12 
 2237  10 
 2238  12 
 2239  8 
 2240  10 
 2241  8 
 2242  9 
 2243  7 
 2244  4 
 2245  9 
 2246  10 
 2247  1 
 2248  7 
 2249  13 
 2250  4 
 2251  8 
 2252  10 
 2253  13 
 2254  10 
 2255  9 
 2256  4 
 2257  8 
 2258  7 
 2259  6 
 2260  9 
 2261  10 
 2262  9 
 2263  7 
 2264  5 
 2265  14 
 2266  6 
 2267  11 
 2268  7 
 2269  8 
 2270  8 
 2271  9 
 2272  8 
 2273  9 
 2274  6 
 2275  9 
 2276  5 
 2277  6 
 2278  11 
 2279  5 
 2280  9 
 2281  9 
 2282  6 
 2283  12 
 2284  7 
 2285  14 
 2286  4 
 2287  7 
 2288  12 
 2289  7 
 2290  11 
 2291  7 
 2292  6 
 2293  9 
 2294  7 
 2295  12 
 2296  12 
 2297  7 
 2298  6 
 2299  11 
 2300  14 
 2301  7 
 2302  7 
 2303  8 
 2304  8 
 2305  7 
 2306  9 
 2307  3 
 2308  4 
 2309  7 
 2310  9 
 2311  9 
 2312  8 
 2313  9 
 2314  13 
 2315  6 
 2316  12 
 2317  7 
 2318  7 
 2319  7 
 2320  13 
 2321  11 
 2322  10 
 2323  9 
 2324  11 
 2325  9 
 2326  10 
 2327  9 
 2328  11 
 2329  14 
 2330  6 
 2331  12 
 2332  8 
 2333  11 
 2334  2 
 2335  8 
 2336  19 
 2337  9 
 2338  9 
 2339  8 
 2340  6 
 2341  4 
 2342  5 
 2343  5 
 2344  7 
 2345  7 
 2346  12 
 2347  7 
 2348  13 
 2349  9 
 2350  8 
 2351  7 
 2352  6 
 2353  11 
 2354  4 
 2355  9 
 2356  7 
 2357  7 
 2358  4 
 2359  7 
 2360  11 
 2361  5 
 2362  5 
 2363  5 
 2364  8 
 2365  10 
 2366  9 
 2367  13 
 2368  9 
 2369  13 
 2370  8 
 2371  9 
 2372  13 
 2373  13 
 2374  12 
 2375  7 
 2376  7 
 2377  7 
 2378  10 
 2379  11 
 2380  7 
 2381  5 
 2382  7 
 2383  7 
 2384  10 
 2385  6 
 2386  8 
 2387  9 
 2388  11 
 2389  12 
 2390  7 
 2391  4 
 2392  13 
 2393  7 
 2394  10 
 2395  11 
 2396  13 
 2397  13 
 2398  6 
 2399  9 
 2400  12 
 2401  9 
 2402  17 
 2403  13 
 2404  13 
 2405  7 
 2406  7 
 2407  9 
 2408  7 
 2409  14 
 2410  4 
 2411  17 
 2412  9 
 2413  12 
 2414  10 
 2415  20 
 2416  12 
 2417  13 
 2418  14 
 2419  12 
 2420  11 
 2421  10 
 2422  13 
 2423  10 
 2424  9 
 2425  18 
 2426  14 
 2427  9 
 2428  20 
 2429  19 
 2430  10 
 2431  15 
 2432  11 
 2433  11 
 2434  14 
 2435  8 
 2436  11 
 2437  20 
 2438  9 
 2439  9 
 2440  5 
 2441  15 
 2442  12 
 2443  10 
 2444  17 
 2445  9 
 2446  15 
 2447  15 
 2448  21 
 2449  12 
 2450  7 
 2451  11 
 2452  12 
 2453  8 
 2454  8 
 2455  16 
 2456  14 
 2457  9 
 2458  10 
 2459  12 
 2460  11 
 2461  13 
 2462  8 
 2463  5 
 2464  5 
 2465  7 
 2466  8 
 2467  15 
 2468  10 
 2469  11 
 2470  4 
 2471  7 
 2472  10 
 2473  7 
 2474  11 
 2475  10 
 2476  10 
 2477  8 
 2478  10 
 2479  15 
 2480  1 
 2481  1 
 2482  7 
 2483  7 
 2484  5 
 2485  9 
 2486  9 
 2487  5 
 2488  6 
 2489  8 
 2490  8 
 2491  13 
 2492  12 
 2493  7 
 2494  10 
 2495  9 
 2496  7 
 2497  6 
 2498  6 
 2499  8 
 2500  7 
 2501  10 
 2502  3 
 2503  9 
 2504  7 
 2505  6 
 2506  7 
 2507  6 
 2508  6 
 2509  9 
 2510  4 
 2511  10 
 2512  3 
 2513  7 
 2514  5 
 2515  6 
 2516  4 
 2517  5 
 2518  11 
 2519  8 
 2520  9 
 2521  4 
 2522  7 
 2523  6 
 2524  7 
 2525  7 
 2526  5 
 2527  9 
 2528  6 
 2529  6 
 2530  10 
 2531  2 
 2532  4 
 2533  6 
 2534  7 
 2535  5 
 2536  8 
 2537  7 
 2538  9 
 2539  9 
 2540  11 
 2541  5 
 2542  8 
 2543  7 
 2544  7 
 2545  14 
 2546  5 
 2547  5 
 2548  10 
 2549  3 
 2550  8 
 2551  5 
 2552  9 
 2553  9 
 2554  1 
 2555  8 
 2556  10 
 2557  3 
 2558  5 
 2559  7 
 2560  9 
 2561  5 
 2562  8 
 2563  12 
 2564  5 
 2565  9 
 2566  2 
 2567  9 
 2568  7 
 2569  4 
 2570  1 
 2571  10 
 2572  9 
 2573  7 
 2574  10 
 2575  9 
 2576  8 
 2577  6 
 2578  6 
 2579  14 
 2580  7 
 2581  17 
 2582  5 
 2583  5 
 2584  9 
 2585  6 
 2586  15 
 2587  4 
 2588  8 
 2589  10 
 2590  9 
 2591  9 
 2592  7 
 2593  12 
 2594  12 
 2595  8 
 2596  7 
 2597  8 
 2598  5 
 2599  3 
 2600  9 
 2601  9 
 2602  6 
 2603  7 
 2604  6 
 2605  10 
 2606  9 
 2607  11 
 2608  9 
 2609  7 
 2610  16 
 2611  6 
 2612  7 
 2613  11 
 2614  4 
 2615  12 
 2616  9 
 2617  9 
 2618  8 
 2619  4 
 2620  14 
 2621  9 
 2622  15 
 2623  6 
 2624  5 
 2625  4 
 2626  8 
 2627  7 
 2628  8 
 2629  6 
 2630  12 
 2631  6 
 2632  11 
 2633  4 
 2634  12 
 2635  4 
 2636  11 
 2637  8 
 2638  8 
 2639  8 
 2640  6 
 2641  8 
 2642  7 
 2643  6 
 2644  7 
 2645  7 
 2646  11 
 2647  11 
 2648  13 
 2649  5 
 2650  4 
 2651  7 
 2652  15 
 2653  4 
 2654  9 
 2655  10 
 2656  7 
 2657  10 
 2658  7 
 2659  8 
 2660  6 
 2661  11 
 2662  1 
 2663  11 
 2664  8 
 2665  8 
 2666  6 
 2667  9 
 2668  5 
 2669  13 
 2670  10 
 2671  7 
 2672  5 
 2673  6 
 2674  9 
 2675  11 
 2676  9 
 2677  6 
 2678  4 
 2679  7 
 2680  6 
 2681  8 
 2682  3 
 2683  5 
 2684  3 
 2685  8 
 2686  2 
 2687  10 
 2688  13 
 2689  13 
 2690  3 
 2691  7 
 2692  7 
 2693  7 
 2694  8 
 2695  6 
 2696  14 
 2697  6 
 2698  13 
 2699  5 
 2700  7 
 2701  7 
 2702  6 
 2703  4 
 2704  9 
 2705  5 
 2706  6 
 2707  7 
 2708  6 
 2709  4 
 2710  4 
 2711  6 
 2712  6 
 2713  9 
 2714  10 
 2715  8 
 2716  8 
 2717  6 
 2718  8 
 2719  4 
 2720  9 
 2721  13 
 2722  5 
 2723  5 
 2724  10 
 2725  4 
 2726  5 
 2727  7 
 2728  2 
 2729  7 
 2730  7 
 2731  4 
 2732  8 
 2733  6 
 2734  5 
 2735  6 
 2736  6 
 2737  6 
 2738  10 
 2739  5 
 2740  5 
 2741  11 
 2742  4 
 2743  9 
 2744  11 
 2745  5 
 2746  9 
 2747  11 
 2748  8 
 2749  12 
 2750  7 
 2751  5 
 2752  7 
 2753  8 
 2754  14 
 2755  12 
 2756  6 
 2757  4 
 2758  4 
 2759  11 
 2760  7 
 2761  10 
 2762  7 
 2763  2 
 2764  6 
 2765  10 
 2766  4 
 2767  7 
 2768  6 
 2769  6 
 2770  5 
 2771  8 
 2772  8 
 2773  6 
 2774  6 
 2775  15 
 2776  8 
 2777  7 
 2778  8 
 2779  6 
 2780  8 
 2781  7 
 2782  12 
 2783  8 
 2784  6 
 2785  3 
 2786  6 
 2787  8 
 2788  11 
 2789  9 
 2790  8 
 2791  6 
 2792  9 
 2793  7 
 2794  9 
 2795  9 
 2796  6 
 2797  5 
 2798  4 
 2799  10 
 2800  6 
 2801  5 
 2802  5 
 2803  6 
 2804  4 
 2805  8 
 2806  6 
 2807  5 
 2808  8 
 2809  7 
 2810  12 
 2811  8 
 2812  8 
 2813  6 
 2814  11 
 2815  12 
 2816  12 
 2817  14 
 2818  11 
 2819  8 
 2820  7 
 2821  8 
 2822  5 
 2823  6 
 2824  9 
 2825  17 
 2826  6 
 2827  6 
 2828  11 
 2829  8 
 2830  7 
 2831  2 
 2832  5 
 2833  10 
 2834  5 
 2835  4 
 2836  11 
 2837  7 
 2838  7 
 2839  6 
 2840  5 
 2841  11 
 2842  8 
 2843  9 
 2844  5 
 2845  10 
 2846  8 
 2847  5 
 2848  10 
 2849  9 
 2850  11 
 2851  9 
 2852  7 
 2853  9 
 2854  8 
 2855  13 
 2856  6 
 2857  8 
 2858  4 
 2859  7 
 2860  4 
 2861  11 
 2862  8 
 2863  8 
 2864  12 
 2865  2 
 2866  3 
 2867  11 
 2868  4 
 2869  5 
 2870  11 
 2871  12 
 2872  6 
 2873  11 
 2874  12 
 2875  3 
 2876  8 
 2877  7 
 2878  9 
 2879  7 
 2880  8 
 2881  8 
 2882  2 
 2883  6 
 2884  13 
 2885  12 
 2886  4 
 2887  5 
 2888  10 
 2889  9 
 2890  6 
 2891  7 
 2892  7 
 2893  5 
 2894  6 
 2895  9 
 2896  12 
 2897  8 
 2898  8 
 2899  8 
 2900  7 
 2901  9 
 2902  7 
 2903  7 
 2904  15 
 2905  6 
 2906  3 
 2907  8 
 2908  9 
 2909  5 
 2910  11 
 2911  5 
 2912  7 
 2913  6 
 2914  8 
 2915  8 
 2916  3 
 2917  9 
 2918  6 
 2919  8 
 2920  3 
 2921  7 
 2922  6 
 2923  9 
 2924  12 
 2925  9 
 2926  4 
 2927  9 
 2928  9 
 2929  8 
 2930  6 
 2931  14 
 2932  8 
 2933  7 
 2934  4 
 2935  11 
 2936  9 
 2937  11 
 2938  11 
 2939  8 
 2940  9 
 2941  6 
 2942  6 
 2943  6 
 2944  7 
 2945  5 
 2946  10 
 2947  10 
 2948  11 
 2949  9 
 2950  6 
 2951  8 
 2952  8 
 2953  8 
 2954  13 
 2955  5 
 2956  8 
 2957  11 
 2958  5 
 2959  6 
 2960  7 
 2961  9 
 2962  6 
 2963  7 
 2964  11 
 2965  3 
 2966  8 
 2967  8 
 2968  8 
 2969  8 
 2970  8 
 2971  6 
 2972  9 
 2973  6 
 2974  11 
 2975  5 
 2976  7 
 2977  5 
 2978  4 
 2979  5 
 2980  7 
 2981  8 
 2982  8 
 2983  8 
 2984  8 
 2985  4 
 2986  10 
 2987  3 
 2988  5 
 2989  11 
 2990  6 
 2991  10 
 2992  7 
 2993  15 
 2994  7 
 2995  6 
 2996  13 
 2997  7 
 2998  6 
 2999  9 
 3000  6 
 3001  2 
 3002  9 
 3003  4 
 3004  7 
 3005  10 
 3006  9 
 3007  9 
 3008  8 
 3009  8 
 3010  11 
 3011  10 
 3012  7 
 3013  10 
 3014  6 
 3015  7 
 3016  5 
 3017  11 
 3018  10 
 3019  8 
 3020  8 
 3021  5 
 3022  8 
 3023  7 
 3024  9 
 3025  8 
 3026  10 
 3027  5 
 3028  6 
 3029  10 
 3030  10 
 3031  7 
 3032  10 
 3033  9 
 3034  8 
 3035  12 
 3036  15 
 3037  4 
 3038  4 
 3039  9 
 3040  8 
 3041  13 
 3042  15 
 3043  6 
 3044  9 
 3045  6 
 3046  15 
 3047  6 
 3048  4 
 3049  5 
 3050  8 
 3051  4 
 3052  3 
 3053  7 
 3054  13 
 3055  8 
 3056  10 
 3057  5 
 3058  9 
 3059  9 
 3060  9 
 3061  14 
 3062  6 
 3063  5 
 3064  10 
 3065  13 
 3066  6 
 3067  9 
 3068  4 
 3069  9 
 3070  6 
 3071  3 
 3072  9 
 3073  6 
 3074  11 
 3075  4 
 3076  5 
 3077  3 
 3078  5 
 3079  6 
 3080  6 
 3081  11 
 3082  11 
 3083  5 
 3084  3 
 3085  4 
 3086  11 
 3087  7 
 3088  11 
 3089  14 
 3090  9 
 3091  7 
 3092  11 
 3093  3 
 3094  8 
 3095  10 
 3096  10 
 3097  8 
 3098  4 
 3099  5 
 3100  3 
 3101  8 
 3102  5 
 3103  9 
 3104  7 
 3105  11 
 3106  8 
 3107  11 
 3108  8 
 3109  7 
 3110  17 
 3111  10 
 3112  7 
 3113  4 
 3114  6 
 3115  8 
 3116  9 
 3117  7 
 3118  10 
 3119  9 
 3120  6 
 3121  6 
 3122  5 
 3123  7 
 3124  9 
 3125  8 
 3126  12 
 3127  9 
 3128  5 
 3129  3 
 3130  9 
 3131  12 
 3132  10 
 3133  7 
 3134  10 
 3135  9 
 3136  14 
 3137  11 
 3138  7 
 3139  10 
 3140  7 
 3141  9 
 3142  6 
 3143  7 
 3144  6 
 3145  6 
 3146  5 
 3147  8 
 3148  7 
 3149  9 
 3150  4 
 3151  14 
 3152  14 
 3153  9 
 3154  10 
 3155  9 
 3156  6 
 3157  6 
 3158  13 
 3159  10 
 3160  8 
 3161  10 
 3162  11 
 3163  10 
 3164  12 
 3165  12 
 3166  10 
 3167  12 
 3168  9 
 3169  13 
 3170  10 
 3171  3 
 3172  15 
 3173  7 
 3174  8 
 3175  10 
 3176  15 
 3177  14 
 3178  17 
 3179  8 
 3180  9 
 3181  18 
 3182  10 
 3183  13 
 3184  11 
 3185  21 
 3186  24 
 3187  22 
 3188  10 
 3189  25 
 3190  21 
 3191  17 
 3192  19 
 3193  23 
 3194  22 
 3195  22 
 3196  20 
 3197  21 
 3198  21 
 3199  17 
 3200  20 
 3201  22 
 3202  13 
 3203  28 
 3204  24 
 3205  25 
 3206  27 
 3207  19 
 3208  21 
 3209  22 
 3210  21 
 3211  26 
 3212  22 
 3213  16 
 3214  31 
 3215  22 
 3216  19 
 3217  20 
 3218  33 
 3219  13 
 3220  26 
 3221  21 
 3222  25 
 3223  15 
 3224  20 
 3225  14 
 3226  29 
 3227  23 
 3228  24 
 3229  16 
 3230  11 
 3231  14 
 3232  21 
 3233  17 
 3234  21 
 3235  17 
 3236  15 
 3237  12 
 3238  9 
 3239  17 
 3240  11 
 3241  9 
 3242  7 
 3243  24 
 3244  20 
 3245  16 
 3246  18 
 3247  11 
 3248  18 
 3249  11 
 3250  11 
 3251  12 
 3252  20 
 3253  13 
 3254  13 
 3255  13 
 3256  11 
 3257  21 
 3258  17 
 3259  24 
 3260  16 
 3261  19 
 3262  22 
 3263  29 
 3264  29 
 3265  29 
 3266  35 
 3267  38 
 3268  35 
 3269  33 
 3270  49 
 3271  47 
 3272  42 
 3273  51 
 3274  61 
 3275  70 
 3276  63 
 3277  71 
 3278  68 
 3279  74 
 3280  97 
 3281  72 
 3282  86 
 3283  106 
 3284  96 
 3285  95 
 3286  110 
 3287  112 
 3288  122 
 3289  146 
 3290  124 
 3291  132 
 3292  167 
 3293  155 
 3294  146 
 3295  158 
 3296  157 
 3297  184 
 3298  176 
 3299  192 
 3300  205 
 3301  207 
 3302  209 
 3303  194 
 3304  230 
 3305  204 
 3306  182 
 3307  188 
 3308  178 
 3309  228 
 3310  210 
 3311  206 
 3312  206 
 3313  210 
 3314  201 
 3315  214 
 3316  182 
 3317  190 
 3318  205 
 3319  162 
 3320  159 
 3321  182 
 3322  159 
 3323  141 
 3324  136 
 3325  130 
 3326  145 
 3327  103 
 3328  106 
 3329  85 
 3330  97 
 3331  104 
 3332  92 
 3333  66 
 3334  78 
 3335  58 
 3336  52 
 3337  55 
 3338  39 
 3339  39 
 3340  32 
 3341  36 
 3342  26 
 3343  34 
 3344  21 
 3345  15 
 3346  21 
 3347  15 
 3348  15 
 3349  17 
 3350  22 
 3351  8 
 3352  8 
 3353  13 
 3354  13 
 3355  14 
 3356  6 
 3357  5 
 3358  10 
 3359  9 
 3360  12 
 3361  14 
 3362  9 
 3363  10 
 3364  8 
 3365  5 
 3366  11 
 3367  7 
 3368  5 
 3369  8 
 3370  7 
 3371  10 
 3372  9 
 3373  5 
 3374  10 
 3375  10 
 3376  6 
 3377  5 
 3378  6 
 3379  13 
 3380  12 
 3381  9 
 3382  10 
 3383  7 
 3384  10 
 3385  11 
 3386  4 
 3387  10 
 3388  5 
 3389  7 
 3390  7 
 3391  7 
 3392  12 
 3393  13 
 3394  9 
 3395  10 
 3396  8 
 3397  2 
 3398  13 
 3399  10 
 3400  8 
 3401  9 
 3402  9 
 3403  7 
 3404  10 
 3405  5 
 3406  5 
 3407  8 
 3408  9 
 3409  6 
 3410  2 
 3411  9 
 3412  8 
 3413  10 
 3414  7 
 3415  7 
 3416  11 
 3417  7 
 3418  11 
 3419  5 
 3420  6 
 3421  5 
 3422  4 
 3423  11 
 3424  11 
 3425  10 
 3426  10 
 3427  5 
 3428  10 
 3429  13 
 3430  4 
 3431  14 
 3432  6 
 3433  7 
 3434  7 
 3435  4 
 3436  10 
 3437  9 
 3438  8 
 3439  14 
 3440  7 
 3441  10 
 3442  9 
 3443  13 
 3444  8 
 3445  4 
 3446  14 
 3447  8 
 3448  9 
 3449  4 
 3450  4 
 3451  11 
 3452  3 
 3453  9 
 3454  10 
 3455  9 
 3456  10 
 3457  15 
 3458  8 
 3459  13 
 3460  7 
 3461  13 
 3462  6 
 3463  6 
 3464  8 
 3465  8 
 3466  4 
 3467  14 
 3468  9 
 3469  5 
 3470  6 
 3471  8 
 3472  12 
 3473  13 
 3474  6 
 3475  8 
 3476  11 
 3477  9 
 3478  6 
 3479  12 
 3480  8 
 3481  4 
 3482  6 
 3483  9 
 3484  5 
 3485  8 
 3486  3 
 3487  6 
 3488  5 
 3489  8 
 3490  9 
 3491  5 
 3492  7 
 3493  7 
 3494  10 
 3495  11 
 3496  11 
 3497  10 
 3498  6 
 3499  10 
 3500  10 
 3501  8 
 3502  15 
 3503  6 
 3504  12 
 3505  9 
 3506  12 
 3507  21 
 3508  10 
 3509  11 
 3510  17 
 3511  15 
 3512  7 
 3513  17 
 3514  20 
 3515  15 
 3516  20 
 3517  19 
 3518  16 
 3519  26 
 3520  17 
 3521  27 
 3522  26 
 3523  22 
 3524  40 
 3525  37 
 3526  32 
 3527  32 
 3528  42 
 3529  62 
 3530  48 
 3531  61 
 3532  52 
 3533  68 
 3534  80 
 3535  62 
 3536  80 
 3537  100 
 3538  100 
 3539  114 
 3540  137 
 3541  134 
 3542  126 
 3543  152 
 3544  157 
 3545  161 
 3546  183 
 3547  227 
 3548  215 
 3549  266 
 3550  270 
 3551  305 
 3552  325 
 3553  346 
 3554  368 
 3555  427 
 3556  452 
 3557  490 
 3558  513 
 3559  589 
 3560  690 
 3561  735 
 3562  804 
 3563  897 
 3564  999 
 3565  1059 
 3566  1155 
 3567  1284 
 3568  1420 
 3569  1538 
 3570  1565 
 3571  1768 
 3572  1963 
 3573  2033 
 3574  2132 
 3575  2305 
 3576  2316 
 3577  2511 
 3578  2509 
 3579  2623 
 3580  2683 
 3581  2698 
 3582  2705 
 3583  2641 
 3584  2568 
 3585  2490 
 3586  2396 
 3587  2290 
 3588  2154 
 3589  1998 
 3590  1801 
 3591  1827 
 3592  1577 
 3593  1554 
 3594  1322 
 3595  1170 
 3596  958 
 3597  933 
 3598  759 
 3599  672 
 3600  566 
 3601  539 
 3602  437 
 3603  360 
 3604  308 
 3605  219 
 3606  219 
 3607  188 
 3608  151 
 3609  137 
 3610  92 
 3611  87 
 3612  73 
 3613  60 
 3614  46 
 3615  47 
 3616  35 
 3617  40 
 3618  33 
 3619  24 
 3620  29 
 3621  24 
 3622  33 
 3623  21 
 3624  20 
 3625  21 
 3626  16 
 3627  17 
 3628  11 
 3629  19 
 3630  23 
 3631  20 
 3632  24 
 3633  14 
 3634  19 
 3635  9 
 3636  16 
 3637  11 
 3638  16 
 3639  12 
 3640  16 
 3641  21 
 3642  13 
 3643  18 
 3644  17 
 3645  28 
 3646  21 
 3647  14 
 3648  17 
 3649  17 
 3650  23 
 3651  21 
 3652  21 
 3653  26 
 3654  25 
 3655  35 
 3656  29 
 3657  34 
 3658  28 
 3659  42 
 3660  41 
 3661  35 
 3662  47 
 3663  50 
 3664  41 
 3665  52 
 3666  61 
 3667  67 
 3668  75 
 3669  74 
 3670  71 
 3671  87 
 3672  96 
 3673  100 
 3674  101 
 3675  87 
 3676  100 
 3677  78 
 3678  82 
 3679  103 
 3680  73 
 3681  91 
 3682  81 
 3683  74 
 3684  76 
 3685  62 
 3686  56 
 3687  57 
 3688  47 
 3689  53 
 3690  38 
 3691  37 
 3692  31 
 3693  28 
 3694  25 
 3695  21 
 3696  19 
 3697  13 
 3698  16 
 3699  5 
 3700  15 
 3701  16 
 3702  5 
 3703  12 
 3704  4 
 3705  8 
 3706  6 
 3707  5 
 3708  4 
 3709  4 
 3710  3 
 3711  7 
 3712  4 
 3713  10 
 3714  4 
 3715  5 
 3716  6 
 3717  1 
 3718  6 
 3719  8 
 3720  3 
 3721  7 
 3722  4 
 3723  5 
 3724  6 
 3725  3 
 3726  3 
 3727  7 
 3728  7 
 3729  6 
 3730  7 
 3731  4 
 3732  5 
 3733  7 
 3734  9 
 3735  9 
 3736  7 
 3737  7 
 3738  6 
 3739  3 
 3740  8 
 3741  10 
 3742  7 
 3743  14 
 3744  10 
 3745  14 
 3746  4 
 3747  5 
 3748  6 
 3749  7 
 3750  8 
 3751  16 
 3752  21 
 3753  14 
 3754  12 
 3755  12 
 3756  22 
 3757  19 
 3758  14 
 3759  14 
 3760  18 
 3761  16 
 3762  27 
 3763  17 
 3764  15 
 3765  17 
 3766  30 
 3767  31 
 3768  31 
 3769  30 
 3770  44 
 3771  40 
 3772  50 
 3773  52 
 3774  55 
 3775  70 
 3776  67 
 3777  66 
 3778  88 
 3779  95 
 3780  106 
 3781  114 
 3782  119 
 3783  141 
 3784  138 
 3785  163 
 3786  183 
 3787  199 
 3788  238 
 3789  240 
 3790  254 
 3791  317 
 3792  352 
 3793  369 
 3794  367 
 3795  459 
 3796  468 
 3797  501 
 3798  501 
 3799  584 
 3800  625 
 3801  693 
 3802  712 
 3803  699 
 3804  767 
 3805  799 
 3806  835 
 3807  882 
 3808  906 
 3809  1034 
 3810  1012 
 3811  1115 
 3812  1130 
 3813  1187 
 3814  1185 
 3815  1225 
 3816  1222 
 3817  1337 
 3818  1333 
 3819  1339 
 3820  1335 
 3821  1361 
 3822  1360 
 3823  1415 
 3824  1342 
 3825  1313 
 3826  1326 
 3827  1251 
 3828  1241 
 3829  1314 
 3830  1219 
 3831  1167 
 3832  1155 
 3833  1110 
 3834  1031 
 3835  969 
 3836  894 
 3837  848 
 3838  765 
 3839  792 
 3840  724 
 3841  634 
 3842  541 
 3843  463 
 3844  480 
 3845  414 
 3846  384 
 3847  302 
 3848  276 
 3849  220 
 3850  232 
 3851  186 
 3852  163 
 3853  152 
 3854  110 
 3855  101 
 3856  79 
 3857  85 
 3858  64 
 3859  53 
 3860  39 
 3861  29 
 3862  32 
 3863  34 
 3864  25 
 3865  20 
 3866  14 
 3867  21 
 3868  13 
 3869  19 
 3870  9 
 3871  18 
 3872  17 
 3873  19 
 3874  23 
 3875  15 
 3876  22 
 3877  24 
 3878  26 
 3879  28 
 3880  28 
 3881  34 
 3882  40 
 3883  40 
 3884  38 
 3885  47 
 3886  54 
 3887  69 
 3888  70 
 3889  80 
 3890  72 
 3891  96 
 3892  84 
 3893  113 
 3894  120 
 3895  112 
 3896  139 
 3897  141 
 3898  144 
 3899  160 
 3900  140 
 3901  133 
 3902  136 
 3903  148 
 3904  144 
 3905  132 
 3906  119 
 3907  124 
 3908  140 
 3909  113 
 3910  113 
 3911  96 
 3912  80 
 3913  85 
 3914  69 
 3915  59 
 3916  55 
 3917  56 
 3918  54 
 3919  54 
 3920  41 
 3921  19 
 3922  24 
 3923  15 
 3924  24 
 3925  28 
 3926  24 
 3927  16 
 3928  17 
 3929  12 
 3930  14 
 3931  16 
 3932  14 
 3933  14 
 3934  24 
 3935  28 
 3936  15 
 3937  24 
 3938  15 
 3939  26 
 3940  21 
 3941  16 
 3942  17 
 3943  21 
 3944  16 
 3945  15 
 3946  23 
 3947  20 
 3948  21 
 3949  14 
 3950  17 
 3951  18 
 3952  9 
 3953  14 
 3954  13 
 3955  15 
 3956  5 
 3957  12 
 3958  8 
 3959  4 
 3960  7 
 3961  10 
 3962  8 
 3963  7 
 3964  7 
 3965  4 
 3966  2 
 3967  2 
 3968  3 
 3969  4 
 3970  0 
 3971  2 
 3972  1 
 3973  0 
 3974  1 
 3975  2 
 3976  3 
 3977  1 
 3978  1 
 3979  1 
 3980  0 
 3981  0 
 3982  2 
 3983  0 
 3984  0 
 3985  0 
 3986  0 
 3987  0 
 3988  0 
 3989  0 
 3990  0 
 3991  0 
 3992  1 
 3993  0 
 3994  0 
 3995  0 
 3996  0 
 3997  0 
 3998  1 
 3999  2 
 4000  0 
 4001  1 
 4002  0 
 4003  0 
 4004  0 
 4005  1 
 4006  0 
 4007  0 
 4008  0 
 4009  0 
 4010  0 
 4011  1 
 4012  0 
 4013  0 
 4014  0 
 4015  0 
 4016  1 
 4017  1 
 4018  0 
 4019  0 
 4020  0 
 4021  0 
 4022  0 
 4023  0 
 4024  0 
 4025  0 
 4026  0 
 4027  0 
 4028  0 
 4029  0 
 4030  0 
 4031  1 
 4032  0 
 4033  0 
 4034  0 
 4035  0 
 4036  0 
 4037  0 
 4038  0 
 4039  0 
 4040  0 
 4041  1 
 4042  0 
 4043  0 
 4044  0 
 4045  0 
 4046  0 
 4047  0 
 4048  0 
 4049  0 
 4050  0 
 4051  0 
 4052  0 
 4053  0 
 4054  0 
 4055  0 
 4056  1 
 4057  0 
 4058  0 
 4059  1 
 4060  0 
 4061  0 
 4062  0 
 4063  1 
 4064  0 
 4065  1 
 4066  0 
 4067  0 
 4068  0 
 4069  0 
 4070  0 
 4071  0 
 4072  0 
 4073  0 
 4074  0 
 4075  0 
 4076  0 
 4077  0 
 4078  0 
 4079  0 
 4080  1 
 4081  0 
 4082  0 
 4083  0 
 4084  0 
 4085  1 
 4086  0 
 4087  0 
 4088  0 
 4089  1 
 4090  0 
 4091  0 
 4092  0 
 4093  1 
 4094  1 
 4095  0 
 4096  0 
 4097  0 
 4098  0 
 4099  0 
 4100  0 
 4101  0 
 4102  0 
 4103  1 
 4104  0 
 4105  0 
 4106  0 
 4107  0 
 4108  0 
 4109  0 
 4110  0 
 4111  0 
 4112  0 
 4113  0 
 4114  0 
 4115  0 
 4116  0 
 4117  0 
 4118  1 
 4119  0 
 4120  0 
 4121  0 
 4122  0 
 4123  0 
 4124  0 
 4125  0 
 4126  0 
 4127  0 
 4128  0 
 4129  0 
 4130  0 
 4131  0 
 4132  1 
 4133  0 
 4134  1 
 4135  0 
 4136  0 
 4137  0 
 4138  0 
 4139  0 
 4140  0 
 4141  0 
 4142  0 
 4143  0 
 4144  0 
 4145  0 
 4146  0 
 4147  0 
 4148  0 
 4149  0 
 4150  0 
 4151  0 
 4152  0 
 4153  1 
 4154  0 
 4155  0 
 4156  0 
 4157  0 
 4158  0 
 4159  1 
 4160  0 
 4161  0 
 4162  0 
 4163  0 
 4164  0 
 4165  0 
 4166  0 
 4167  0 
 4168  0 
 4169  0 
 4170  0 
 4171  0 
 4172  0 
 4173  0 
 4174  0 
 4175  0 
 4176  0 
 4177  1 
 4178  0 
 4179  0 
 4180  0 
 4181  0 
 4182  0 
 4183  0 
 4184  0 
 4185  0 
 4186  0 
 4187  0 
 4188  0 
 4189  0 
 4190  0 
 4191  0 
 4192  0 
 4193  0 
 4194  0 
 4195  0 
 4196  0 
 4197  0 
 4198  0 
 4199  0 
 4200  1 
 4201  0 
 4202  0 
 4203  1 
 4204  0 
 4205  0 
 4206  0 
 4207  0 
 4208  0 
 4209  0 
 4210  0 
 4211  1 
 4212  0 
 4213  0 
 4214  0 
 4215  0 
 4216  0 
 4217  0 
 4218  0 
 4219  0 
 4220  0 
 4221  0 
 4222  0 
 4223  0 
 4224  0 
 4225  0 
 4226  0 
 4227  0 
 4228  0 
 4229  0 
 4230  0 
 4231  0 
 4232  0 
 4233  0 
 4234  2 
 4235  0 
 4236  1 
 4237  0 
 4238  0 
 4239  0 
 4240  0 
 4241  0 
 4242  0 
 4243  0 
 4244  0 
 4245  0 
 4246  0 
 4247  0 
 4248  0 
 4249  1 
 4250  0 
 4251  0 
 4252  0 
 4253  0 
 4254  0 
 4255  0 
 4256  0 
 4257  0 
 4258  0 
 4259  0 
 4260  0 
 4261  0 
 4262  0 
 4263  0 
 4264  0 
 4265  1 
 4266  0 
 4267  0 
 4268  0 
 4269  0 
 4270  0 
 4271  0 
 4272  0 
 4273  0 
 4274  0 
 4275  0 
 4276  0 
 4277  0 
 4278  0 
 4279  0 
 4280  0 
 4281  0 
 4282  0 
 4283  0 
 4284  0 
 4285  0 
 4286  0 
 4287  0 
 4288  0 
 4289  1 
 4290  0 
 4291  1 
 4292  0 
 4293  0 
 4294  0 
 4295  0 
 4296  0 
 4297  0 
 4298  0 
 4299  0 
 4300  0 
 4301  0 
 4302  0 
 4303  1 
 4304  0 
 4305  0 
 4306  0 
 4307  0 
 4308  0 
 4309  0 
 4310  0 
 4311  0 
 4312  0 
 4313  0 
 4314  0 
 4315  0 
 4316  0 
 4317  1 
 4318  0 
 4319  0 
 4320  0 
 4321  0 
 4322  0 
 4323  0 
 4324  0 
 4325  0 
 4326  0 
 4327  0 
 4328  0 
 4329  0 
 4330  0 
 4331  0 
 4332  0 
 4333  0 
 4334  0 
 4335  0 
 4336  0 
 4337  0 
 4338  0 
 4339  0 
 4340  0 
 4341  0 
 4342  0 
 4343  0 
 4344  0 
 4345  0 
 4346  0 
 4347  0 
 4348  0 
 4349  0 
 4350  0 
 4351  0 
 4352  0 
 4353  0 
 4354  0 
 4355  0 
 4356  0 
 4357  0 
 4358  0 
 4359  0 
 4360  0 
 4361  1 
 4362  1 
 4363  0 
 4364  0 
 4365  0 
 4366  0 
 4367  0 
 4368  0 
 4369  0 
 4370  0 
 4371  0 
 4372  0 
 4373  0 
 4374  0 
 4375  0 
 4376  0 
 4377  0 
 4378  0 
 4379  0 
 4380  0 
 4381  0 
 4382  0 
 4383  0 
 4384  0 
 4385  0 
 4386  0 
 4387  0 
 4388  0 
 4389  0 
 4390  0 
 4391  0 
 4392  0 
 4393  0 
 4394  1 
 4395  0 
 4396  0 
 4397  0 
 4398  1 
 4399  0 
 4400  1 
 4401  0 
 4402  0 
 4403  0 
 4404  0 
 4405  0 
 4406  0 
 4407  0 
 4408  0 
 4409  0 
 4410  0 
 4411  0 
 4412  0 
 4413  0 
 4414  0 
 4415  0 
 4416  0 
 4417  0 
 4418  0 
 4419  0 
 4420  0 
 4421  0 
 4422  0 
 4423  0 
 4424  0 
 4425  0 
 4426  0 
 4427  0 
 4428  0 
 4429  0 
 4430  0 
 4431  0 
 4432  0 
 4433  0 
 4434  0 
 4435  1 
 4436  0 
 4437  0 
 4438  0 
 4439  0 
 4440  0 
 4441  0 
 4442  0 
 4443  0 
 4444  0 
 4445  1 
 4446  0 
 4447  0 
 4448  0 
 4449  0 
 4450  2 
 4451  0 
 4452  0 
 4453  0 
 4454  0 
 4455  0 
 4456  0 
 4457  0 
 4458  0 
 4459  0 
 4460  0 
 4461  0 
 4462  1 
 4463  0 
 4464  0 
 4465  0 
 4466  0 
 4467  0 
 4468  0 
 4469  0 
 4470  0 
 4471  0 
 4472  0 
 4473  1 
 4474  0 
 4475  0 
 4476  0 
 4477  1 
 4478  0 
 4479  1 
 4480  0 
 4481  1 
 4482  0 
 4483  0 
 4484  0 
 4485  0 
 4486  0 
 4487  0 
 4488  0 
 4489  0 
 4490  0 
 4491  0 
 4492  0 
 4493  1 
 4494  0 
 4495  0 
 4496  0 
 4497  0 
 4498  0 
 4499  0 
 4500  0 
 4501  0 
 4502  0 
 4503  0 
 4504  0 
 4505  0 
 4506  1 
 4507  0 
 4508  0 
 4509  0 
 4510  0 
 4511  0 
 4512  0 
 4513  0 
 4514  0 
 4515  0 
 4516  0 
 4517  0 
 4518  0 
 4519  0 
 4520  0 
 4521  0 
 4522  0 
 4523  0 
 4524  0 
 4525  0 
 4526  0 
 4527  0 
 4528  0 
 4529  0 
 4530  0 
 4531  0 
 4532  0 
 4533  0 
 4534  1 
 4535  0 
 4536  0 
 4537  0 
 4538  0 
 4539  0 
 4540  0 
 4541  0 
 4542  0 
 4543  0 
 4544  0 
 4545  0 
 4546  0 
 4547  0 
 4548  0 
 4549  0 
 4550  0 
 4551  0 
 4552  0 
 4553  0 
 4554  0 
 4555  0 
 4556  0 
 4557  0 
 4558  0 
 4559  0 
 4560  0 
 4561  0 
 4562  0 
 4563  0 
 4564  0 
 4565  1 
 4566  0 
 4567  0 
 4568  0 
 4569  0 
 4570  0 
 4571  0 
 4572  1 
 4573  0 
 4574  0 
 4575  0 
 4576  0 
 4577  0 
 4578  0 
 4579  0 
 4580  0 
 4581  0 
 4582  0 
 4583  0 
 4584  0 
 4585  0 
 4586  0 
 4587  0 
 4588  0 
 4589  0 
 4590  0 
 4591  0 
 4592  1 
 4593  0 
 4594  0 
 4595  0 
 4596  0 
 4597  0 
 4598  0 
 4599  0 
 4600  0 
 4601  0 
 4602  0 
 4603  0 
 4604  0 
 4605  0 
 4606  0 
 4607  0 
 4608  1 
 4609  0 
 4610  0 
 4611  0 
 4612  0 
 4613  0 
 4614  0 
 4615  0 
 4616  0 
 4617  0 
 4618  0 
 4619  0 
 4620  0 
 4621  0 
 4622  0 
 4623  0 
 4624  0 
 4625  0 
 4626  0 
 4627  0 
 4628  0 
 4629  0 
 4630  0 
 4631  0 
 4632  0 
 4633  0 
 4634  0 
 4635  1 
 4636  0 
 4637  0 
 4638  0 
 4639  0 
 4640  0 
 4641  1 
 4642  0 
 4643  0 
 4644  0 
 4645  0 
 4646  0 
 4647  0 
 4648  0 
 4649  0 
 4650  0 
 4651  0 
 4652  0 
 4653  0 
 4654  0 
 4655  0 
 4656  0 
 4657  0 
 4658  0 
 4659  0 
 4660  0 
 4661  0 
 4662  0 
 4663  0 
 4664  0 
 4665  0 
 4666  0 
 4667  0 
 4668  0 
 4669  1 
 4670  0 
 4671  0 
 4672  0 
 4673  0 
 4674  0 
 4675  0 
 4676  0 
 4677  0 
 4678  0 
 4679  0 
 4680  0 
 4681  0 
 4682  0 
 4683  0 
 4684  0 
 4685  0 
 4686  0 
 4687  0 
 4688  0 
 4689  0 
 4690  0 
 4691  0 
 4692  0 
 4693  0 
 4694  1 
 4695  0 
 4696  0 
 4697  0 
 4698  0 
 4699  0 
 4700  0 
 4701  0 
 4702  0 
 4703  0 
 4704  0 
 4705  0 
 4706  0 
 4707  0 
 4708  0 
 4709  0 
 4710  0 
 4711  0 
 4712  0 
 4713  0 
 4714  0 
 4715  0 
 4716  0 
 4717  0 
 4718  0 
 4719  0 
 4720  0 
 4721  0 
 4722  0 
 4723  0 
 4724  0 
 4725  0 
 4726  0 
 4727  1 
 4728  0 
 4729  0 
 4730  0 
 4731  0 
 4732  0 
 4733  0 
 4734  0 
 4735  1 
 4736  0 
 4737  0 
 4738  0 
 4739  0 
 4740  0 
 4741  0 
 4742  0 
 4743  0 
 4744  0 
 4745  0 
 4746  0 
 4747  0 
 4748  0 
 4749  0 
 4750  0 
 4751  0 
 4752  0 
 4753  0 
 4754  0 
 4755  0 
 4756  0 
 4757  0 
 4758  0 
 4759  0 
 4760  0 
 4761  0 
 4762  0 
 4763  0 
 4764  0 
 4765  0 
 4766  0 
 4767  0 
 4768  0 
 4769  0 
 4770  0 
 4771  0 
 4772  0 
 4773  0 
 4774  0 
 4775  0 
 4776  0 
 4777  0 
 4778  0 
 4779  0 
 4780  0 
 4781  0 
 4782  0 
 4783  0 
 4784  0 
 4785  0 
 4786  0 
 4787  0 
 4788  0 
 4789  0 
 4790  0 
 4791  0 
 4792  0 
 4793  0 
 4794  0 
 4795  0 
 4796  0 
 4797  0 
 4798  0 
 4799  0 
 4800  0 
 4801  0 
 4802  0 
 4803  0 
 4804  0 
 4805  0 
 4806  0 
 4807  0 
 4808  0 
 4809  0 
 4810  0 
 4811  0 
 4812  0 
 4813  0 
 4814  0 
 4815  0 
 4816  0 
 4817  0 
 4818  0 
 4819  0 
 4820  0 
 4821  0 
 4822  0 
 4823  1 
 4824  0 
 4825  0 
 4826  0 
 4827  0 
 4828  0 
 4829  0 
 4830  0 
 4831  0 
 4832  0 
 4833  0 
 4834  0 
 4835  0 
 4836  0 
 4837  0 
 4838  0 
 4839  0 
 4840  0 
 4841  0 
 4842  0 
 4843  0 
 4844  0 
 4845  0 
 4846  0 
 4847  0 
 4848  0 
 4849  0 
 4850  0 
 4851  0 
 4852  0 
 4853  0 
 4854  0 
 4855  0 
 4856  0 
 4857  0 
 4858  0 
 4859  0 
 4860  0 
 4861  0 
 4862  0 
 4863  0 
 4864  0 
 4865  0 
 4866  0 
 4867  0 
 4868  0 
 4869  0 
 4870  0 
 4871  0 
 4872  0 
 4873  0 
 4874  0 
 4875  1 
 4876  0 
 4877  0 
 4878  0 
 4879  0 
 4880  0 
 4881  0 
 4882  0 
 4883  0 
 4884  0 
 4885  0 
 4886  0 
 4887  0 
 4888  0 
 4889  0 
 4890  0 
 4891  0 
 4892  0 
 4893  0 
 4894  0 
 4895  0 
 4896  0 
 4897  0 
 4898  0 
 4899  0 
 4900  0 
 4901  0 
 4902  0 
 4903  0 
 4904  2 
 4905  0 
 4906  0 
 4907  0 
 4908  0 
 4909  0 
 4910  0 
 4911  0 
 4912  1 
 4913  0 
 4914  0 
 4915  0 
 4916  0 
 4917  0 
 4918  0 
 4919  0 
 4920  0 
 4921  0 
 4922  0 
 4923  0 
 4924  0 
 4925  0 
 4926  0 
 4927  0 
 4928  0 
 4929  0 
 4930  1 
 4931  1 
 4932  0 
 4933  1 
 4934  0 
 4935  0 
 4936  0 
 4937  0 
 4938  0 
 4939  0 
 4940  1 
 4941  0 
 4942  0 
 4943  0 
 4944  0 
 4945  0 
 4946  0 
 4947  0 
 4948  0 
 4949  0 
 4950  0 
 4951  0 
 4952  0 
 4953  0 
 4954  1 
 4955  0 
 4956  0 
 4957  0 
 4958  0 
 4959  0 
 4960  0 
 4961  0 
 4962  0 
 4963  0 
 4964  0 
 4965  0 
 4966  0 
 4967  0 
 4968  0 
 4969  0 
 4970  0 
 4971  0 
 4972  0 
 4973  0 
 4974  0 
 4975  0 
 4976  0 
 4977  0 
 4978  0 
 4979  0 
 4980  0 
 4981  0 
 4982  0 
 4983  0 
 4984  0 
 4985  0 
 4986  0 
 4987  0 
 4988  0 
 4989  0 
 4990  0 
 4991  1 
 4992  0 
 4993  0 
 4994  0 
 4995  0 
 4996  0 
 4997  0 
 4998  0 
 4999  0 
 5000  0 
 5001  0 
 5002  0 
 5003  0 
 5004  0 
 5005  0 
 5006  0 
 5007  0 
 5008  0 
 5009  0 
 5010  0 
 5011  0 
 5012  0 
 5013  0 
 5014  0 
 5015  0 
 5016  0 
 5017  0 
 5018  0 
 5019  0 
 5020  0 
 5021  0 
 5022  0 
 5023  0 
 5024  0 
 5025  1 
 5026  0 
 5027  1 
 5028  0 
 5029  0 
 5030  0 
 5031  0 
 5032  0 
 5033  0 
 5034  0 
 5035  0 
 5036  0 
 5037  0 
 5038  0 
 5039  0 
 5040  0 
 5041  0 
 5042  0 
 5043  0 
 5044  0 
 5045  0 
 5046  0 
 5047  0 
 5048  0 
 5049  0 
 5050  0 
 5051  0 
 5052  0 
 5053  0 
 5054  0 
 5055  0 
 5056  0 
 5057  0 
 5058  0 
 5059  0 
 5060  1 
 5061  0 
 5062  0 
 5063  0 
 5064  0 
 5065  0 
 5066  0 
 5067  0 
 5068  0 
 5069  0 
 5070  0 
 5071  0 
 5072  0 
 5073  0 
 5074  0 
 5075  1 
 5076  0 
 5077  0 
 5078  0 
 5079  1 
 5080  0 
 5081  0 
 5082  0 
 5083  0 
 5084  0 
 5085  0 
 5086  0 
 5087  0 
 5088  0 
 5089  0 
 5090  0 
 5091  0 
 5092  0 
 5093  0 
 5094  0 
 5095  0 
 5096  0 
 5097  0 
 5098  0 
 5099  0 
 5100  0 
 5101  0 
 5102  0 
 5103  0 
 5104  0 
 5105  0 
 5106  0 
 5107  0 
 5108  0 
 5109  0 
 5110  0 
 5111  0 
 5112  1 
 5113  0 
 5114  0 
 5115  0 
 5116  0 
 5117  0 
 5118  0 
 5119  0 
 5120  1 
 5121  0 
 5122  0 
 5123  0 
 5124  0 
 5125  0 
 5126  0 
 5127  0 
 5128  0 
 5129  0 
 5130  0 
 5131  0 
 5132  0 
 5133  0 
 5134  0 
 5135  1 
 5136  0 
 5137  0 
 5138  0 
 5139  0 
 5140  1 
 5141  0 
 5142  0 
 5143  0 
 5144  0 
 5145  0 
 5146  0 
 5147  0 
 5148  1 
 5149  1 
 5150  0 
 5151  0 
 5152  0 
 5153  0 
 5154  0 
 5155  0 
 5156  0 
 5157  0 
 5158  0 
 5159  0 
 5160  0 
 5161  0 
 5162  0 
 5163  0 
 5164  0 
 5165  0 
 5166  0 
 5167  0 
 5168  0 
 5169  0 
 5170  0 
 5171  0 
 5172  0 
 5173  1 
 5174  0 
 5175  0 
 5176  0 
 5177  0 
 5178  0 
 5179  0 
 5180  0 
 5181  0 
 5182  0 
 5183  0 
 5184  0 
 5185  0 
 5186  0 
 5187  0 
 5188  0 
 5189  0 
 5190  0 
 5191  0 
 5192  0 
 5193  0 
 5194  0 
 5195  0 
 5196  1 
 5197  0 
 5198  0 
 5199  0 
 5200  0 
 5201  0 
 5202  0 
 5203  0 
 5204  0 
 5205  0 
 5206  0 
 5207  0 
 5208  0 
 5209  0 
 5210  0 
 5211  0 
 5212  0 
 5213  0 
 5214  1 
 5215  0 
 5216  0 
 5217  0 
 5218  0 
 5219  0 
 5220  1 
 5221  0 
 5222  0 
 5223  0 
 5224  0 
 5225  0 
 5226  0 
 5227  0 
 5228  0 
 5229  0 
 5230  0 
 5231  1 
 5232  0 
 5233  0 
 5234  1 
 5235  0 
 5236  1 
 5237  0 
 5238  0 
 5239  0 
 5240  0 
 5241  0 
 5242  0 
 5243  0 
 5244  0 
 5245  0 
 5246  0 
 5247  0 
 5248  0 
 5249  0 
 5250  0 
 5251  0 
 5252  0 
 5253  0 
 5254  0 
 5255  0 
 5256  0 
 5257  0 
 5258  0 
 5259  0 
 5260  0 
 5261  0 
 5262  0 
 5263  0 
 5264  0 
 5265  0 
 5266  0 
 5267  0 
 5268  0 
 5269  0 
 5270  0 
 5271  0 
 5272  0 
 5273  0 
 5274  0 
 5275  0 
 5276  0 
 5277  0 
 5278  0 
 5279  0 
 5280  0 
 5281  0 
 5282  0 
 5283  0 
 5284  0 
 5285  0 
 5286  0 
 5287  0 
 5288  0 
 5289  0 
 5290  0 
 5291  0 
 5292  0 
 5293  0 
 5294  0 
 5295  0 
 5296  0 
 5297  0 
 5298  1 
 5299  0 
 5300  0 
 5301  0 
 5302  0 
 5303  0 
 5304  0 
 5305  0 
 5306  0 
 5307  0 
 5308  0 
 5309  0 
 5310  0 
 5311  0 
 5312  0 
 5313  0 
 5314  0 
 5315  0 
 5316  0 
 5317  0 
 5318  0 
 5319  0 
 5320  0 
 5321  0 
 5322  0 
 5323  0 
 5324  0 
 5325  0 
 5326  0 
 5327  1 
 5328  0 
 5329  0 
 5330  0 
 5331  0 
 5332  0 
 5333  0 
 5334  0 
 5335  0 
 5336  0 
 5337  0 
 5338  0 
 5339  0 
 5340  0 
 5341  0 
 5342  0 
 5343  0 
 5344  0 
 5345  0 
 5346  1 
 5347  0 
 5348  0 
 5349  0 
 5350  0 
 5351  0 
 5352  0 
 5353  0 
 5354  0 
 5355  0 
 5356  1 
 5357  0 
 5358  0 
 5359  0 
 5360  0 
 5361  0 
 5362  0 
 5363  0 
 5364  0 
 5365  0 
 5366  0 
 5367  0 
 5368  0 
 5369  0 
 5370  0 
 5371  0 
 5372  0 
 5373  0 
 5374  0 
 5375  0 
 5376  0 
 5377  1 
 5378  0 
 5379  0 
 5380  0 
 5381  0 
 5382  0 
 5383  0 
 5384  0 
 5385  0 
 5386  0 
 5387  0 
 5388  0 
 5389  0 
 5390  0 
 5391  0 
 5392  0 
 5393  0 
 5394  0 
 5395  0 
 5396  0 
 5397  0 
 5398  0 
 5399  0 
 5400  0 
 5401  0 
 5402  0 
 5403  0 
 5404  0 
 5405  0 
 5406  0 
 5407  0 
 5408  1 
 5409  0 
 5410  0 
 5411  0 
 5412  0 
 5413  0 
 5414  0 
 5415  0 
 5416  1 
 5417  0 
 5418  0 
 5419  1 
 5420  0 
 5421  0 
 5422  0 
 5423  1 
 5424  0 
 5425  0 
 5426  1 
 5427  0 
 5428  0 
 5429  0 
 5430  0 
 5431  0 
 5432  0 
 5433  0 
 5434  0 
 5435  0 
 5436  0 
 5437  0 
 5438  0 
 5439  0 
 5440  0 
 5441  0 
 5442  1 
 5443  0 
 5444  1 
 5445  0 
 5446  0 
 5447  0 
 5448  1 
 5449  0 
 5450  0 
 5451  0 
 5452  0 
 5453  0 
 5454  0 
 5455  0 
 5456  0 
 5457  0 
 5458  0 
 5459  0 
 5460  1 
 5461  0 
 5462  0 
 5463  0 
 5464  0 
 5465  0 
 5466  0 
 5467  0 
 5468  1 
 5469  0 
 5470  0 
 5471  0 
 5472  0 
 5473  1 
 5474  0 
 5475  1 
 5476  0 
 5477  0 
 5478  2 
 5479  0 
 5480  1 
 5481  0 
 5482  0 
 5483  1 
 5484  1 
 5485  0 
 5486  1 
 5487  0 
 5488  0 
 5489  0 
 5490  0 
 5491  0 
 5492  0 
 5493  1 
 5494  0 
 5495  0 
 5496  0 
 5497  1 
 5498  1 
 5499  0 
 5500  2 
 5501  1 
 5502  1 
 5503  1 
 5504  0 
 5505  0 
 5506  0 
 5507  0 
 5508  0 
 5509  0 
 5510  0 
 5511  1 
 5512  1 
 5513  0 
 5514  0 
 5515  0 
 5516  0 
 5517  0 
 5518  0 
 5519  0 
 5520  1 
 5521  1 
 5522  0 
 5523  1 
 5524  0 
 5525  0 
 5526  0 
 5527  0 
 5528  2 
 5529  0 
 5530  0 
 5531  1 
 5532  0 
 5533  0 
 5534  0 
 5535  0 
 5536  1 
 5537  0 
 5538  1 
 5539  0 
 5540  0 
 5541  0 
 5542  0 
 5543  1 
 5544  0 
 5545  1 
 5546  0 
 5547  0 
 5548  0 
 5549  0 
 5550  1 
 5551  2 
 5552  1 
 5553  0 
 5554  1 
 5555  0 
 5556  0 
 5557  0 
 5558  1 
 5559  0 
 5560  0 
 5561  1 
 5562  1 
 5563  0 
 5564  0 
 5565  1 
 5566  1 
 5567  0 
 5568  0 
 5569  0 
 5570  0 
 5571  0 
 5572  0 
 5573  1 
 5574  0 
 5575  0 
 5576  1 
 5577  2 
 5578  0 
 5579  0 
 5580  1 
 5581  0 
 5582  0 
 5583  0 
 5584  0 
 5585  0 
 5586  0 
 5587  0 
 5588  0 
 5589  0 
 5590  1 
 5591  1 
 5592  0 
 5593  0 
 5594  1 
 5595  0 
 5596  0 
 5597  1 
 5598  0 
 5599  0 
 5600  1 
 5601  0 
 5602  0 
 5603  0 
 5604  0 
 5605  0 
 5606  0 
 5607  0 
 5608  0 
 5609  0 
 5610  1 
 5611  0 
 5612  0 
 5613  0 
 5614  1 
 5615  0 
 5616  0 
 5617  0 
 5618  0 
 5619  0 
 5620  0 
 5621  0 
 5622  1 
 5623  0 
 5624  0 
 5625  0 
 5626  0 
 5627  0 
 5628  0 
 5629  0 
 5630  1 
 5631  0 
 5632  0 
 5633  0 
 5634  0 
 5635  0 
 5636  0 
 5637  0 
 5638  0 
 5639  0 
 5640  0 
 5641  0 
 5642  0 
 5643  0 
 5644  0 
 5645  0 
 5646  0 
 5647  0 
 5648  0 
 5649  0 
 5650  0 
 5651  0 
 5652  0 
 5653  0 
 5654  0 
 5655  0 
 5656  0 
 5657  0 
 5658  0 
 5659  0 
 5660  0 
 5661  0 
 5662  0 
 5663  0 
 5664  0 
 5665  0 
 5666  0 
 5667  0 
 5668  1 
 5669  0 
 5670  0 
 5671  0 
 5672  0 
 5673  0 
 5674  0 
 5675  0 
 5676  0 
 5677  0 
 5678  0 
 5679  0 
 5680  0 
 5681  0 
 5682  1 
 5683  0 
 5684  0 
 5685  0 
 5686  0 
 5687  0 
 5688  0 
 5689  0 
 5690  0 
 5691  0 
 5692  0 
 5693  0 
 5694  0 
 5695  0 
 5696  0 
 5697  0 
 5698  0 
 5699  0 
 5700  0 
 5701  0 
 5702  0 
 5703  0 
 5704  0 
 5705  0 
 5706  0 
 5707  0 
 5708  0 
 5709  0 
 5710  0 
 5711  0 
 5712  0 
 5713  1 
 5714  0 
 5715  0 
 5716  0 
 5717  0 
 5718  0 
 5719  0 
 5720  0 
 5721  0 
 5722  0 
 5723  0 
 5724  0 
 5725  0 
 5726  0 
 5727  1 
 5728  0 
 5729  0 
 5730  0 
 5731  0 
 5732  0 
 5733  0 
 5734  0 
 5735  0 
 5736  0 
 5737  0 
 5738  0 
 5739  0 
 5740  0 
 5741  0 
 5742  0 
 5743  0 
 5744  0 
 5745  0 
 5746  0 
 5747  0 
 5748  0 
 5749  0 
 5750  0 
 5751  1 
 5752  0 
 5753  0 
 5754  0 
 5755  0 
 5756  0 
 5757  0 
 5758  0 
 5759  0 
 5760  0 
 5761  1 
 5762  0 
 5763  0 
 5764  0 
 5765  0 
 5766  0 
 5767  0 
 5768  0 
 5769  0 
 5770  0 
 5771  0 
 5772  0 
 5773  0 
 5774  0 
 5775  0 
 5776  0 
 5777  0 
 5778  0 
 5779  0 
 5780  0 
 5781  0 
 5782  0 
 5783  0 
 5784  0 
 5785  0 
 5786  0 
 5787  0 
 5788  0 
 5789  0 
 5790  0 
 5791  0 
 5792  0 
 5793  0 
 5794  0 
 5795  0 
 5796  0 
 5797  0 
 5798  0 
 5799  0 
 5800  0 
 5801  0 
 5802  0 
 5803  0 
 5804  0 
 5805  0 
 5806  1 
 5807  0 
 5808  0 
 5809  0 
 5810  0 
 5811  0 
 5812  0 
 5813  0 
 5814  0 
 5815  0 
 5816  0 
 5817  0 
 5818  0 
 5819  0 
 5820  0 
 5821  0 
 5822  0 
 5823  0 
 5824  0 
 5825  0 
 5826  0 
 5827  0 
 5828  0 
 5829  0 
 5830  0 
 5831  0 
 5832  0 
 5833  0 
 5834  0 
 5835  0 
 5836  0 
 5837  0 
 5838  0 
 5839  0 
 5840  0 
 5841  0 
 5842  0 
 5843  1 
 5844  0 
 5845  0 
 5846  0 
 5847  0 
 5848  0 
 5849  0 
 5850  0 
 5851  0 
 5852  0 
 5853  2 
 5854  0 
 5855  0 
 5856  0 
 5857  0 
 5858  0 
 5859  0 
 5860  0 
 5861  0 
 5862  0 
 5863  0 
 5864  0 
 5865  0 
 5866  0 
 5867  0 
 5868  0 
 5869  0 
 5870  0 
 5871  1 
 5872  0 
 5873  0 
 5874  0 
 5875  0 
 5876  0 
 5877  0 
 5878  0 
 5879  0 
 5880  0 
 5881  0 
 5882  0 
 5883  0 
 5884  0 
 5885  0 
 5886  0 
 5887  0 
 5888  0 
 5889  0 
 5890  0 
 5891  0 
 5892  0 
 5893  0 
 5894  0 
 5895  0 
 5896  0 
 5897  1 
 5898  0 
 5899  0 
 5900  0 
 5901  0 
 5902  0 
 5903  0 
 5904  0 
 5905  1 
 5906  0 
 5907  0 
 5908  0 
 5909  0 
 5910  0 
 5911  1 
 5912  0 
 5913  0 
 5914  0 
 5915  0 
 5916  0 
 5917  0 
 5918  0 
 5919  0 
 5920  0 
 5921  0 
 5922  0 
 5923  0 
 5924  0 
 5925  0 
 5926  0 
 5927  0 
 5928  0 
 5929  0 
 5930  0 
 5931  0 
 5932  0 
 5933  0 
 5934  0 
 5935  0 
 5936  0 
 5937  0 
 5938  0 
 5939  1 
 5940  0 
 5941  0 
 5942  0 
 5943  0 
 5944  0 
 5945  0 
 5946  0 
 5947  0 
 5948  0 
 5949  0 
 5950  0 
 5951  0 
 5952  0 
 5953  0 
 5954  0 
 5955  0 
 5956  0 
 5957  1 
 5958  0 
 5959  0 
 5960  0 
 5961  0 
 5962  0 
 5963  0 
 5964  0 
 5965  0 
 5966  0 
 5967  0 
 5968  0 
 5969  0 
 5970  0 
 5971  0 
 5972  0 
 5973  1 
 5974  0 
 5975  0 
 5976  0 
 5977  0 
 5978  0 
 5979  0 
 5980  0 
 5981  0 
 5982  0 
 5983  0 
 5984  0 
 5985  0 
 5986  0 
 5987  0 
 5988  0 
 5989  0 
 5990  0 
 5991  1 
 5992  0 
 5993  0 
 5994  0 
 5995  0 
 5996  0 
 5997  0 
 5998  0 
 5999  0 
 6000  0 
 6001  0 
 6002  0 
 6003  0 
 6004  0 
 6005  0 
 6006  0 
 6007  0 
 6008  0 
 6009  0 
 6010  0 
 6011  0 
 6012  0 
 6013  0 
 6014  0 
 6015  0 
 6016  0 
 6017  0 
 6018  0 
 6019  0 
 6020  0 
 6021  0 
 6022  0 
 6023  1 
 6024  0 
 6025  0 
 6026  0 
 6027  0 
 6028  0 
 6029  0 
 6030  0 
 6031  0 
 6032  0 
 6033  0 
 6034  1 
 6035  0 
 6036  0 
 6037  0 
 6038  0 
 6039  0 
 6040  0 
 6041  0 
 6042  0 
 6043  0 
 6044  0 
 6045  0 
 6046  0 
 6047  0 
 6048  0 
 6049  0 
 6050  0 
 6051  0 
 6052  0 
 6053  0 
 6054  0 
 6055  0 
 6056  0 
 6057  0 
 6058  0 
 6059  0 
 6060  0 
 6061  0 
 6062  0 
 6063  0 
 6064  0 
 6065  0 
 6066  0 
 6067  0 
 6068  0 
 6069  0 
 6070  0 
 6071  0 
 6072  0 
 6073  0 
 6074  1 
 6075  0 
 6076  0 
 6077  2 
 6078  0 
 6079  0 
 6080  0 
 6081  0 
 6082  0 
 6083  0 
 6084  0 
 6085  0 
 6086  0 
 6087  0 
 6088  0 
 6089  0 
 6090  0 
 6091  0 
 6092  1 
 6093  0 
 6094  0 
 6095  0 
 6096  0 
 6097  0 
 6098  0 
 6099  0 
 6100  0 
 6101  0 
 6102  0 
 6103  0 
 6104  0 
 6105  1 
 6106  0 
 6107  0 
 6108  0 
 6109  0 
 6110  0 
 6111  0 
 6112  0 
 6113  1 
 6114  0 
 6115  0 
 6116  0 
 6117  0 
 6118  0 
 6119  0 
 6120  0 
 6121  0 
 6122  0 
 6123  0 
 6124  0 
 6125  0 
 6126  0 
 6127  0 
 6128  0 
 6129  0 
 6130  0 
 6131  0 
 6132  0 
 6133  0 
 6134  0 
 6135  0 
 6136  0 
 6137  0 
 6138  0 
 6139  0 
 6140  0 
 6141  0 
 6142  0 
 6143  0 
 6144  0 
 6145  0 
 6146  0 
 6147  0 
 6148  0 
 6149  1 
 6150  0 
 6151  0 
 6152  0 
 6153  0 
 6154  0 
 6155  0 
 6156  0 
 6157  0 
 6158  0 
 6159  0 
 6160  0 
 6161  1 
 6162  0 
 6163  0 
 6164  0 
 6165  0 
 6166  0 
 6167  0 
 6168  0 
 6169  0 
 6170  0 
 6171  0 
 6172  0 
 6173  0 
 6174  0 
 6175  0 
 6176  0 
 6177  0 
 6178  0 
 6179  0 
 6180  0 
 6181  0 
 6182  0 
 6183  0 
 6184  0 
 6185  0 
 6186  0 
 6187  0 
 6188  0 
 6189  0 
 6190  0 
 6191  0 
 6192  0 
 6193  0 
 6194  0 
 6195  0 
 6196  0 
 6197  1 
 6198  0 
 6199  0 
 6200  0 
 6201  0 
 6202  0 
 6203  0 
 6204  0 
 6205  0 
 6206  0 
 6207  0 
 6208  0 
 6209  0 
 6210  0 
 6211  0 
 6212  0 
 6213  0 
 6214  0 
 6215  0 
 6216  0 
 6217  0 
 6218  0 
 6219  0 
 6220  1 
 6221  0 
 6222  0 
 6223  0 
 6224  0 
 6225  0 
 6226  0 
 6227  0 
 6228  0 
 6229  0 
 6230  0 
 6231  0 
 6232  0 
 6233  0 
 6234  0 
 6235  0 
 6236  0 
 6237  0 
 6238  0 
 6239  0 
 6240  0 
 6241  0 
 6242  0 
 6243  0 
 6244  0 
 6245  0 
 6246  0 
 6247  0 
 6248  0 
 6249  0 
 6250  0 
 6251  0 
 6252  0 
 6253  0 
 6254  0 
 6255  0 
 6256  0 
 6257  0 
 6258  0 
 6259  0 
 6260  0 
 6261  0 
 6262  0 
 6263  0 
 6264  0 
 6265  0 
 6266  0 
 6267  0 
 6268  0 
 6269  0 
 6270  0 
 6271  0 
 6272  0 
 6273  0 
 6274  0 
 6275  0 
 6276  0 
 6277  0 
 6278  0 
 6279  0 
 6280  0 
 6281  0 
 6282  0 
 6283  0 
 6284  0 
 6285  0 
 6286  0 
 6287  0 
 6288  0 
 6289  0 
 6290  0 
 6291  0 
 6292  0 
 6293  0 
 6294  0 
 6295  0 
 6296  0 
 6297  0 
 6298  0 
 6299  0 
 6300  0 
 6301  0 
 6302  0 
 6303  0 
 6304  0 
 6305  0 
 6306  0 
 6307  0 
 6308  0 
 6309  0 
 6310  0 
 6311  0 
 6312  0 
 6313  0 
 6314  0 
 6315  0 
 6316  0 
 6317  0 
 6318  0 
 6319  0 
 6320  0 
 6321  0 
 6322  0 
 6323  0 
 6324  0 
 6325  0 
 6326  0 
 6327  0 
 6328  0 
 6329  0 
 6330  0 
 6331  0 
 6332  0 
 6333  0 
 6334  0 
 6335  0 
 6336  0 
 6337  0 
 6338  0 
 6339  0 
 6340  0 
 6341  0 
 6342  0 
 6343  0 
 6344  0 
 6345  0 
 6346  0 
 6347  0 
 6348  0 
 6349  0 
 6350  0 
 6351  0 
 6352  0 
 6353  0 
 6354  0 
 6355  0 
 6356  0 
 6357  1 
 6358  0 
 6359  0 
 6360  0 
 6361  0 
 6362  0 
 6363  0 
 6364  0 
 6365  0 
 6366  0 
 6367  0 
 6368  0 
 6369  0 
 6370  0 
 6371  0 
 6372  0 
 6373  0 
 6374  0 
 6375  0 
 6376  0 
 6377  0 
 6378  0 
 6379  0 
 6380  0 
 6381  1 
 6382  0 
 6383  0 
 6384  0 
 6385  0 
 6386  0 
 6387  1 
 6388  0 
 6389  0 
 6390  0 
 6391  0 
 6392  0 
 6393  0 
 6394  0 
 6395  0 
 6396  0 
 6397  0 
 6398  0 
 6399  0 
 6400  0 
 6401  0 
 6402  0 
 6403  0 
 6404  0 
 6405  0 
 6406  0 
 6407  0 
 6408  0 
 6409  0 
 6410  0 
 6411  0 
 6412  0 
 6413  0 
 6414  0 
 6415  0 
 6416  0 
 6417  0 
 6418  0 
 6419  0 
 6420  0 
 6421  0 
 6422  0 
 6423  0 
 6424  0 
 6425  0 
 6426  0 
 6427  0 
 6428  0 
 6429  0 
 6430  0 
 6431  0 
 6432  0 
 6433  0 
 6434  0 
 6435  0 
 6436  0 
 6437  0 
 6438  0 
 6439  0 
 6440  0 
 6441  0 
 6442  0 
 6443  0 
 6444  0 
 6445  0 
 6446  0 
 6447  0 
 6448  0 
 6449  0 
 6450  0 
 6451  0 
 6452  0 
 6453  0 
 6454  1 
 6455  0 
 6456  0 
 6457  0 
 6458  0 
 6459  0 
 6460  0 
 6461  0 
 6462  0 
 6463  0 
 6464  0 
 6465  0 
 6466  0 
 6467  0 
 6468  0 
 6469  0 
 6470  0 
 6471  0 
 6472  0 
 6473  0 
 6474  0 
 6475  0 
 6476  0 
 6477  0 
 6478  0 
 6479  0 
 6480  0 
 6481  0 
 6482  0 
 6483  0 
 6484  0 
 6485  0 
 6486  0 
 6487  0 
 6488  0 
 6489  0 
 6490  0 
 6491  0 
 6492  0 
 6493  0 
 6494  1 
 6495  0 
 6496  0 
 6497  0 
 6498  0 
 6499  0 
 6500  0 
 6501  0 
 6502  0 
 6503  0 
 6504  0 
 6505  0 
 6506  0 
 6507  0 
 6508  1 
 6509  0 
 6510  0 
 6511  0 
 6512  0 
 6513  0 
 6514  0 
 6515  0 
 6516  0 
 6517  0 
 6518  0 
 6519  0 
 6520  0 
 6521  0 
 6522  0 
 6523  0 
 6524  0 
 6525  0 
 6526  0 
 6527  0 
 6528  0 
 6529  0 
 6530  0 
 6531  0 
 6532  0 
 6533  0 
 6534  0 
 6535  0 
 6536  0 
 6537  0 
 6538  1 
 6539  0 
 6540  0 
 6541  0 
 6542  0 
 6543  0 
 6544  0 
 6545  0 
 6546  0 
 6547  0 
 6548  0 
 6549  0 
 6550  0 
 6551  0 
 6552  0 
 6553  0 
 6554  0 
 6555  0 
 6556  0 
 6557  0 
 6558  0 
 6559  0 
 6560  0 
 6561  0 
 6562  0 
 6563  0 
 6564  0 
 6565  0 
 6566  0 
 6567  0 
 6568  0 
 6569  0 
 6570  0 
 6571  0 
 6572  0 
 6573  0 
 6574  0 
 6575  0 
 6576  0 
 6577  0 
 6578  0 
 6579  0 
 6580  0 
 6581  0 
 6582  0 
 6583  0 
 6584  0 
 6585  0 
 6586  0 
 6587  0 
 6588  0 
 6589  0 
 6590  0 
 6591  0 
 6592  0 
 6593  0 
 6594  0 
 6595  0 
 6596  0 
 6597  0 
 6598  0 
 6599  1 
 6600  0 
 6601  0 
 6602  0 
 6603  0 
 6604  0 
 6605  0 
 6606  0 
 6607  0 
 6608  0 
 6609  0 
 6610  0 
 6611  0 
 6612  0 
 6613  0 
 6614  0 
 6615  0 
 6616  0 
 6617  0 
 6618  0 
 6619  0 
 6620  0 
 6621  0 
 6622  0 
 6623  0 
 6624  0 
 6625  0 
 6626  0 
 6627  0 
 6628  0 
 6629  0 
 6630  0 
 6631  0 
 6632  0 
 6633  0 
 6634  1 
 6635  0 
 6636  0 
 6637  0 
 6638  0 
 6639  0 
 6640  0 
 6641  0 
 6642  0 
 6643  0 
 6644  0 
 6645  0 
 6646  0 
 6647  0 
 6648  0 
 6649  0 
 6650  0 
 6651  0 
 6652  0 
 6653  0 
 6654  0 
 6655  0 
 6656  0 
 6657  0 
 6658  0 
 6659  0 
 6660  0 
 6661  0 
 6662  0 
 6663  0 
 6664  0 
 6665  0 
 6666  0 
 6667  0 
 6668  1 
 6669  0 
 6670  0 
 6671  0 
 6672  1 
 6673  0 
 6674  0 
 6675  0 
 6676  0 
 6677  0 
 6678  0 
 6679  0 
 6680  0 
 6681  0 
 6682  0 
 6683  0 
 6684  0 
 6685  0 
 6686  0 
 6687  0 
 6688  0 
 6689  0 
 6690  0 
 6691  0 
 6692  1 
 6693  0 
 6694  0 
 6695  0 
 6696  0 
 6697  0 
 6698  0 
 6699  0 
 6700  0 
 6701  0 
 6702  0 
 6703  0 
 6704  0 
 6705  1 
 6706  0 
 6707  0 
 6708  0 
 6709  0 
 6710  0 
 6711  0 
 6712  0 
 6713  0 
 6714  0 
 6715  0 
 6716  0 
 6717  0 
 6718  0 
 6719  0 
 6720  0 
 6721  0 
 6722  0 
 6723  0 
 6724  0 
 6725  0 
 6726  0 
 6727  0 
 6728  0 
 6729  0 
 6730  0 
 6731  0 
 6732  1 
 6733  0 
 6734  0 
 6735  0 
 6736  0 
 6737  0 
 6738  0 
 6739  0 
 6740  0 
 6741  0 
 6742  0 
 6743  0 
 6744  0 
 6745  0 
 6746  0 
 6747  0 
 6748  0 
 6749  0 
 6750  0 
 6751  0 
 6752  0 
 6753  0 
 6754  0 
 6755  1 
 6756  0 
 6757  0 
 6758  0 
 6759  0 
 6760  1 
 6761  0 
 6762  0 
 6763  0 
 6764  0 
 6765  0 
 6766  1 
 6767  0 
 6768  0 
 6769  0 
 6770  0 
 6771  0 
 6772  0 
 6773  0 
 6774  0 
 6775  0 
 6776  0 
 6777  0 
 6778  0 
 6779  0 
 6780  0 
 6781  0 
 6782  0 
 6783  0 
 6784  0 
 6785  0 
 6786  0 
 6787  0 
 6788  0 
 6789  0 
 6790  0 
 6791  0 
 6792  0 
 6793  0 
 6794  0 
 6795  0 
 6796  0 
 6797  0 
 6798  0 
 6799  0 
 6800  0 
 6801  0 
 6802  0 
 6803  0 
 6804  0 
 6805  0 
 6806  0 
 6807  0 
 6808  0 
 6809  0 
 6810  0 
 6811  0 
 6812  0 
 6813  0 
 6814  0 
 6815  0 
 6816  0 
 6817  0 
 6818  0 
 6819  0 
 6820  0 
 6821  0 
 6822  0 
 6823  0 
 6824  0 
 6825  0 
 6826  0 
 6827  0 
 6828  0 
 6829  1 
 6830  1 
 6831  0 
 6832  0 
 6833  0 
 6834  0 
 6835  0 
 6836  0 
 6837  0 
 6838  0 
 6839  0 
 6840  0 
 6841  0 
 6842  0 
 6843  0 
 6844  0 
 6845  0 
 6846  0 
 6847  0 
 6848  0 
 6849  0 
 6850  0 
 6851  1 
 6852  0 
 6853  0 
 6854  0 
 6855  0 
 6856  0 
 6857  0 
 6858  0 
 6859  0 
 6860  0 
 6861  0 
 6862  0 
 6863  0 
 6864  0 
 6865  0 
 6866  0 
 6867  0 
 6868  0 
 6869  0 
 6870  0 
 6871  1 
 6872  0 
 6873  0 
 6874  0 
 6875  0 
 6876  0 
 6877  0 
 6878  0 
 6879  0 
 6880  0 
 6881  0 
 6882  0 
 6883  0 
 6884  0 
 6885  0 
 6886  0 
 6887  0 
 6888  0 
 6889  0 
 6890  0 
 6891  0 
 6892  0 
 6893  0 
 6894  0 
 6895  0 
 6896  0 
 6897  0 
 6898  0 
 6899  0 
 6900  0 
 6901  0 
 6902  0 
 6903  0 
 6904  0 
 6905  0 
 6906  0 
 6907  0 
 6908  0 
 6909  0 
 6910  0 
 6911  0 
 6912  0 
 6913  0 
 6914  0 
 6915  0 
 6916  0 
 6917  0 
 6918  0 
 6919  0 
 6920  0 
 6921  0 
 6922  0 
 6923  0 
 6924  0 
 6925  0 
 6926  0 
 6927  0 
 6928  0 
 6929  0 
 6930  0 
 6931  0 
 6932  0 
 6933  0 
 6934  0 
 6935  0 
 6936  0 
 6937  0 
 6938  0 
 6939  1 
 6940  0 
 6941  0 
 6942  0 
 6943  0 
 6944  1 
 6945  0 
 6946  0 
 6947  0 
 6948  0 
 6949  0 
 6950  0 
 6951  0 
 6952  0 
 6953  0 
 6954  0 
 6955  0 
 6956  0 
 6957  0 
 6958  0 
 6959  0 
 6960  0 
 6961  0 
 6962  0 
 6963  0 
 6964  0 
 6965  0 
 6966  0 
 6967  0 
 6968  0 
 6969  0 
 6970  0 
 6971  0 
 6972  0 
 6973  0 
 6974  0 
 6975  0 
 6976  0 
 6977  0 
 6978  0 
 6979  0 
 6980  1 
 6981  0 
 6982  1 
 6983  0 
 6984  0 
 6985  0 
 6986  0 
 6987  0 
 6988  0 
 6989  0 
 6990  0 
 6991  0 
 6992  0 
 6993  0 
 6994  0 
 6995  0 
 6996  0 
 6997  0 
 6998  0 
 6999  0 
 7000  0 
 7001  0 
 7002  0 
 7003  1 
 7004  0 
 7005  0 
 7006  0 
 7007  0 
 7008  0 
 7009  1 
 7010  0 
 7011  1 
 7012  0 
 7013  0 
 7014  0 
 7015  0 
 7016  1 
 7017  0 
 7018  0 
 7019  0 
 7020  0 
 7021  0 
 7022  0 
 7023  0 
 7024  1 
 7025  0 
 7026  0 
 7027  0 
 7028  0 
 7029  1 
 7030  0 
 7031  0 
 7032  0 
 7033  0 
 7034  0 
 7035  1 
 7036  0 
 7037  0 
 7038  0 
 7039  0 
 7040  0 
 7041  0 
 7042  0 
 7043  0 
 7044  0 
 7045  0 
 7046  0 
 7047  0 
 7048  0 
 7049  1 
 7050  0 
 7051  0 
 7052  0 
 7053  0 
 7054  1 
 7055  0 
 7056  0 
 7057  0 
 7058  0 
 7059  0 
 7060  0 
 7061  0 
 7062  0 
 7063  0 
 7064  0 
 7065  1 
 7066  0 
 7067  0 
 7068  0 
 7069  1 
 7070  0 
 7071  0 
 7072  0 
 7073  0 
 7074  1 
 7075  0 
 7076  0 
 7077  0 
 7078  0 
 7079  1 
 7080  0 
 7081  0 
 7082  0 
 7083  0 
 7084  0 
 7085  1 
 7086  0 
 7087  0 
 7088  0 
 7089  0 
 7090  0 
 7091  0 
 7092  0 
 7093  0 
 7094  0 
 7095  0 
 7096  0 
 7097  0 
 7098  0 
 7099  0 
 7100  1 
 7101  0 
 7102  1 
 7103  0 
 7104  0 
 7105  0 
 7106  0 
 7107  0 
 7108  0 
 7109  0 
 7110  0 
 7111  0 
 7112  0 
 7113  0 
 7114  1 
 7115  0 
 7116  0 
 7117  0 
 7118  0 
 7119  0 
 7120  0 
 7121  0 
 7122  0 
 7123  0 
 7124  1 
 7125  0 
 7126  0 
 7127  0 
 7128  0 
 7129  0 
 7130  1 
 7131  0 
 7132  0 
 7133  0 
 7134  0 
 7135  1 
 7136  1 
 7137  0 
 7138  1 
 7139  0 
 7140  0 
 7141  0 
 7142  0 
 7143  1 
 7144  1 
 7145  0 
 7146  0 
 7147  1 
 7148  1 
 7149  1 
 7150  0 
 7151  0 
 7152  0 
 7153  0 
 7154  0 
 7155  1 
 7156  0 
 7157  0 
 7158  0 
 7159  0 
 7160  0 
 7161  1 
 7162  0 
 7163  0 
 7164  0 
 7165  0 
 7166  2 
 7167  0 
 7168  0 
 7169  0 
 7170  0 
 7171  0 
 7172  0 
 7173  1 
 7174  1 
 7175  0 
 7176  0 
 7177  1 
 7178  0 
 7179  0 
 7180  1 
 7181  1 
 7182  2 
 7183  0 
 7184  2 
 7185  0 
 7186  0 
 7187  0 
 7188  0 
 7189  0 
 7190  0 
 7191  0 
 7192  0 
 7193  0 
 7194  1 
 7195  1 
 7196  0 
 7197  0 
 7198  2 
 7199  0 
 7200  1 
 7201  0 
 7202  1 
 7203  0 
 7204  1 
 7205  0 
 7206  0 
 7207  2 
 7208  1 
 7209  0 
 7210  1 
 7211  1 
 7212  2 
 7213  1 
 7214  1 
 7215  0 
 7216  0 
 7217  0 
 7218  0 
 7219  1 
 7220  1 
 7221  2 
 7222  0 
 7223  0 
 7224  0 
 7225  1 
 7226  0 
 7227  1 
 7228  3 
 7229  1 
 7230  0 
 7231  0 
 7232  1 
 7233  0 
 7234  0 
 7235  0 
 7236  0 
 7237  0 
 7238  0 
 7239  0 
 7240  0 
 7241  0 
 7242  0 
 7243  0 
 7244  1 
 7245  1 
 7246  0 
 7247  0 
 7248  0 
 7249  0 
 7250  0 
 7251  0 
 7252  1 
 7253  1 
 7254  0 
 7255  1 
 7256  0 
 7257  0 
 7258  0 
 7259  2 
 7260  0 
 7261  0 
 7262  0 
 7263  1 
 7264  1 
 7265  1 
 7266  0 
 7267  0 
 7268  0 
 7269  0 
 7270  1 
 7271  0 
 7272  1 
 7273  1 
 7274  0 
 7275  0 
 7276  0 
 7277  0 
 7278  0 
 7279  0 
 7280  0 
 7281  1 
 7282  1 
 7283  0 
 7284  0 
 7285  1 
 7286  0 
 7287  0 
 7288  1 
 7289  0 
 7290  0 
 7291  0 
 7292  0 
 7293  0 
 7294  0 
 7295  0 
 7296  0 
 7297  0 
 7298  0 
 7299  0 
 7300  0 
 7301  0 
 7302  0 
 7303  0 
 7304  1 
 7305  0 
 7306  0 
 7307  0 
 7308  0 
 7309  0 
 7310  0 
 7311  0 
 7312  0 
 7313  1 
 7314  1 
 7315  0 
 7316  0 
 7317  0 
 7318  0 
 7319  0 
 7320  0 
 7321  0 
 7322  0 
 7323  0 
 7324  0 
 7325  0 
 7326  0 
 7327  0 
 7328  0 
 7329  0 
 7330  0 
 7331  0 
 7332  0 
 7333  0 
 7334  0 
 7335  1 
 7336  0 
 7337  1 
 7338  0 
 7339  0 
 7340  0 
 7341  0 
 7342  0 
 7343  0 
 7344  0 
 7345  0 
 7346  0 
 7347  0 
 7348  0 
 7349  0 
 7350  0 
 7351  0 
 7352  0 
 7353  0 
 7354  0 
 7355  0 
 7356  0 
 7357  0 
 7358  0 
 7359  0 
 7360  0 
 7361  0 
 7362  0 
 7363  0 
 7364  0 
 7365  0 
 7366  0 
 7367  1 
 7368  0 
 7369  0 
 7370  0 
 7371  0 
 7372  0 
 7373  0 
 7374  0 
 7375  0 
 7376  1 
 7377  0 
 7378  0 
 7379  0 
 7380  0 
 7381  0 
 7382  0 
 7383  0 
 7384  0 
 7385  0 
 7386  0 
 7387  0 
 7388  0 
 7389  0 
 7390  0 
 7391  1 
 7392  0 
 7393  0 
 7394  0 
 7395  0 
 7396  0 
 7397  0 
 7398  0 
 7399  0 
 7400  0 
 7401  0 
 7402  1 
 7403  0 
 7404  0 
 7405  0 
 7406  0 
 7407  0 
 7408  0 
 7409  1 
 7410  0 
 7411  0 
 7412  0 
 7413  0 
 7414  0 
 7415  0 
 7416  0 
 7417  0 
 7418  0 
 7419  0 
 7420  0 
 7421  0 
 7422  0 
 7423  0 
 7424  0 
 7425  0 
 7426  0 
 7427  0 
 7428  0 
 7429  0 
 7430  0 
 7431  0 
 7432  0 
 7433  0 
 7434  0 
 7435  0 
 7436  0 
 7437  0 
 7438  0 
 7439  0 
 7440  0 
 7441  0 
 7442  0 
 7443  0 
 7444  0 
 7445  0 
 7446  0 
 7447  0 
 7448  0 
 7449  0 
 7450  0 
 7451  0 
 7452  0 
 7453  0 
 7454  0 
 7455  0 
 7456  0 
 7457  0 
 7458  0 
 7459  0 
 7460  0 
 7461  0 
 7462  0 
 7463  0 
 7464  0 
 7465  0 
 7466  0 
 7467  0 
 7468  0 
 7469  0 
 7470  0 
 7471  0 
 7472  0 
 7473  0 
 7474  0 
 7475  0 
 7476  0 
 7477  0 
 7478  0 
 7479  0 
 7480  0 
 7481  0 
 7482  0 
 7483  0 
 7484  0 
 7485  0 
 7486  0 
 7487  0 
 7488  0 
 7489  0 
 7490  0 
 7491  0 
 7492  0 
 7493  0 
 7494  0 
 7495  0 
 7496  0 
 7497  0 
 7498  0 
 7499  0 
 7500  0 
 7501  0 
 7502  0 
 7503  0 
 7504  0 
 7505  0 
 7506  0 
 7507  0 
 7508  0 
 7509  0 
 7510  0 
 7511  0 
 7512  0 
 7513  0 
 7514  0 
 7515  0 
 7516  0 
 7517  0 
 7518  0 
 7519  0 
 7520  0 
 7521  0 
 7522  0 
 7523  0 
 7524  0 
 7525  0 
 7526  0 
 7527  0 
 7528  0 
 7529  0 
 7530  0 
 7531  0 
 7532  0 
 7533  0 
 7534  0 
 7535  1 
 7536  0 
 7537  0 
 7538  0 
 7539  0 
 7540  0 
 7541  0 
 7542  0 
 7543  0 
 7544  0 
 7545  0 
 7546  0 
 7547  0 
 7548  0 
 7549  0 
 7550  0 
 7551  0 
 7552  0 
 7553  0 
 7554  0 
 7555  0 
 7556  0 
 7557  0 
 7558  0 
 7559  0 
 7560  0 
 7561  0 
 7562  0 
 7563  0 
 7564  0 
 7565  0 
 7566  0 
 7567  0 
 7568  0 
 7569  0 
 7570  0 
 7571  0 
 7572  0 
 7573  0 
 7574  0 
 7575  0 
 7576  0 
 7577  0 
 7578  0 
 7579  0 
 7580  0 
 7581  0 
 7582  0 
 7583  0 
 7584  0 
 7585  0 
 7586  0 
 7587  0 
 7588  0 
 7589  0 
 7590  0 
 7591  0 
 7592  0 
 7593  0 
 7594  0 
 7595  0 
 7596  0 
 7597  0 
 7598  0 
 7599  0 
 7600  0 
 7601  0 
 7602  0 
 7603  0 
 7604  0 
 7605  0 
 7606  0 
 7607  0 
 7608  0 
 7609  0 
 7610  0 
 7611  0 
 7612  0 
 7613  0 
 7614  0 
 7615  0 
 7616  0 
 7617  0 
 7618  0 
 7619  0 
 7620  0 
 7621  0 
 7622  0 
 7623  0 
 7624  0 
 7625  0 
 7626  0 
 7627  0 
 7628  0 
 7629  0 
 7630  0 
 7631  0 
 7632  0 
 7633  0 
 7634  0 
 7635  0 
 7636  0 
 7637  0 
 7638  0 
 7639  0 
 7640  0 
 7641  0 
 7642  0 
 7643  0 
 7644  0 
 7645  0 
 7646  0 
 7647  0 
 7648  0 
 7649  0 
 7650  0 
 7651  0 
 7652  0 
 7653  0 
 7654  0 
 7655  0 
 7656  0 
 7657  0 
 7658  0 
 7659  0 
 7660  0 
 7661  0 
 7662  0 
 7663  0 
 7664  0 
 7665  0 
 7666  0 
 7667  0 
 7668  0 
 7669  0 
 7670  0 
 7671  0 
 7672  0 
 7673  0 
 7674  0 
 7675  0 
 7676  0 
 7677  0 
 7678  0 
 7679  0 
 7680  0 
 7681  0 
 7682  0 
 7683  0 
 7684  0 
 7685  0 
 7686  0 
 7687  0 
 7688  0 
 7689  0 
 7690  0 
 7691  0 
 7692  0 
 7693  0 
 7694  0 
 7695  0 
 7696  0 
 7697  0 
 7698  0 
 7699  0 
 7700  0 
 7701  0 
 7702  0 
 7703  0 
 7704  0 
 7705  0 
 7706  0 
 7707  0 
 7708  0 
 7709  0 
 7710  0 
 7711  0 
 7712  0 
 7713  0 
 7714  0 
 7715  0 
 7716  0 
 7717  0 
 7718  0 
 7719  0 
 7720  0 
 7721  0 
 7722  0 
 7723  0 
 7724  0 
 7725  0 
 7726  0 
 7727  0 
 7728  0 
 7729  0 
 7730  0 
 7731  0 
 7732  0 
 7733  0 
 7734  0 
 7735  0 
 7736  0 
 7737  0 
 7738  0 
 7739  0 
 7740  0 
 7741  0 
 7742  0 
 7743  0 
 7744  0 
 7745  0 
 7746  0 
 7747  0 
 7748  0 
 7749  0 
 7750  0 
 7751  0 
 7752  0 
 7753  0 
 7754  0 
 7755  0 
 7756  0 
 7757  0 
 7758  0 
 7759  0 
 7760  0 
 7761  0 
 7762  0 
 7763  0 
 7764  0 
 7765  0 
 7766  0 
 7767  0 
 7768  0 
 7769  0 
 7770  0 
 7771  0 
 7772  0 
 7773  0 
 7774  0 
 7775  0 
 7776  0 
 7777  0 
 7778  0 
 7779  0 
 7780  0 
 7781  0 
 7782  0 
 7783  0 
 7784  0 
 7785  0 
 7786  0 
 7787  0 
 7788  0 
 7789  0 
 7790  0 
 7791  0 
 7792  0 
 7793  0 
 7794  0 
 7795  0 
 7796  0 
 7797  0 
 7798  0 
 7799  0 
 7800  0 
 7801  0 
 7802  0 
 7803  0 
 7804  0 
 7805  0 
 7806  0 
 7807  0 
 7808  0 
 7809  0 
 7810  0 
 7811  0 
 7812  0 
 7813  0 
 7814  0 
 7815  0 
 7816  0 
 7817  0 
 7818  0 
 7819  0 
 7820  0 
 7821  0 
 7822  0 
 7823  0 
 7824  0 
 7825  0 
 7826  0 
 7827  0 
 7828  0 
 7829  0 
 7830  0 
 7831  0 
 7832  0 
 7833  0 
 7834  0 
 7835  0 
 7836  0 
 7837  0 
 7838  0 
 7839  0 
 7840  0 
 7841  0 
 7842  0 
 7843  0 
 7844  0 
 7845  0 
 7846  0 
 7847  0 
 7848  0 
 7849  0 
 7850  0 
 7851  0 
 7852  0 
 7853  0 
 7854  0 
 7855  0 
 7856  0 
 7857  0 
 7858  0 
 7859  0 
 7860  0 
 7861  0 
 7862  0 
 7863  0 
 7864  0 
 7865  0 
 7866  0 
 7867  0 
 7868  0 
 7869  0 
 7870  0 
 7871  0 
 7872  0 
 7873  0 
 7874  0 
 7875  0 
 7876  0 
 7877  0 
 7878  0 
 7879  0 
 7880  0 
 7881  0 
 7882  0 
 7883  0 
 7884  0 
 7885  0 
 7886  0 
 7887  0 
 7888  0 
 7889  0 
 7890  0 
 7891  0 
 7892  0 
 7893  0 
 7894  0 
 7895  0 
 7896  0 
 7897  0 
 7898  0 
 7899  0 
 7900  0 
 7901  0 
 7902  0 
 7903  0 
 7904  0 
 7905  0 
 7906  0 
 7907  0 
 7908  0 
 7909  0 
 7910  0 
 7911  0 
 7912  0 
 7913  0 
 7914  0 
 7915  0 
 7916  0 
 7917  0 
 7918  0 
 7919  0 
 7920  0 
 7921  0 
 7922  0 
 7923  0 
 7924  0 
 7925  0 
 7926  0 
 7927  0 
 7928  0 
 7929  0 
 7930  0 
 7931  0 
 7932  0 
 7933  0 
 7934  0 
 7935  0 
 7936  0 
 7937  0 
 7938  0 
 7939  0 
 7940  0 
 7941  0 
 7942  0 
 7943  0 
 7944  0 
 7945  0 
 7946  0 
 7947  0 
 7948  0 
 7949  0 
 7950  0 
 7951  0 
 7952  0 
 7953  0 
 7954  0 
 7955  0 
 7956  0 
 7957  0 
 7958  0 
 7959  0 
 7960  0 
 7961  0 
 7962  0 
 7963  0 
 7964  0 
 7965  0 
 7966  0 
 7967  0 
 7968  0 
 7969  0 
 7970  0 
 7971  0 
 7972  0 
 7973  0 
 7974  0 
 7975  0 
 7976  0 
 7977  0 
 7978  0 
 7979  0 
 7980  0 
 7981  0 
 7982  0 
 7983  0 
 7984  0 
 7985  0 
 7986  0 
 7987  0 
 7988  0 
 7989  0 
 7990  0 
 7991  0 
 7992  0 
 7993  0 
 7994  0 
 7995  0 
 7996  0 
 7997  0 
 7998  0 
 7999  0 
 8000  0 
 8001  0 
 8002  0 
 8003  0 
 8004  0 
 8005  0 
 8006  0 
 8007  0 
 8008  0 
 8009  0 
 8010  0 
 8011  0 
 8012  0 
 8013  0 
 8014  0 
 8015  0 
 8016  0 
 8017  0 
 8018  0 
 8019  0 
 8020  0 
 8021  0 
 8022  0 
 8023  0 
 8024  0 
 8025  0 
 8026  0 
 8027  0 
 8028  0 
 8029  0 
 8030  0 
 8031  0 
 8032  0 
 8033  0 
 8034  0 
 8035  0 
 8036  0 
 8037  0 
 8038  0 
 8039  0 
 8040  0 
 8041  0 
 8042  0 
 8043  0 
 8044  0 
 8045  0 
 8046  0 
 8047  0 
 8048  0 
 8049  0 
 8050  0 
 8051  0 
 8052  0 
 8053  0 
 8054  0 
 8055  0 
 8056  0 
 8057  0 
 8058  0 
 8059  0 
 8060  0 
 8061  0 
 8062  0 
 8063  0 
 8064  0 
 8065  0 
 8066  0 
 8067  0 
 8068  0 
 8069  0 
 8070  0 
 8071  0 
 8072  0 
 8073  0 
 8074  0 
 8075  0 
 8076  0 
 8077  0 
 8078  0 
 8079  0 
 8080  0 
 8081  0 
 8082  0 
 8083  0 
 8084  0 
 8085  0 
 8086  0 
 8087  0 
 8088  0 
 8089  0 
 8090  0 
 8091  0 
 8092  0 
 8093  0 
 8094  0 
 8095  0 
 8096  0 
 8097  0 
 8098  0 
 8099  0 
 8100  0 
 8101  0 
 8102  0 
 8103  0 
 8104  0 
 8105  0 
 8106  0 
 8107  0 
 8108  0 
 8109  0 
 8110  0 
 8111  0 
 8112  0 
 8113  0 
 8114  0 
 8115  0 
 8116  0 
 8117  0 
 8118  0 
 8119  0 
 8120  0 
 8121  0 
 8122  0 
 8123  0 
 8124  0 
 8125  0 
 8126  0 
 8127  0 
 8128  0 
 8129  0 
 8130  0 
 8131  0 
 8132  0 
 8133  0 
 8134  0 
 8135  0 
 8136  0 
 8137  0 
 8138  0 
 8139  0 
 8140  0 
 8141  0 
 8142  0 
 8143  0 
 8144  0 
 8145  0 
 8146  0 
 8147  0 
 8148  0 
 8149  0 
 8150  0 
 8151  0 
 8152  0 
 8153  0 
 8154  0 
 8155  0 
 8156  0 
 8157  0 
 8158  0 
 8159  0 
 8160  0 
 8161  0 
 8162  0 
 8163  0 
 8164  0 
 8165  0 
 8166  0 
 8167  0 
 8168  0 
 8169  0 
 8170  0 
 8171  0 
 8172  0 
 8173  0 
 8174  0 
 8175  0 
 8176  0 
 8177  0 
 8178  0 
 8179  0 
 8180  0 
 8181  0 
 8182  0 
 8183  0 
 8184  0 
 8185  0 
 8186  0 
 8187  0 
 8188  0 
 8189  0 
 8190  0 
 8191  0 
