 0  2945 
 1  2953 
 2  0 
 3  0 
 4  0 
 5  0 
 6  0 
 7  0 
 8  0 
 9  0 
 10  0 
 11  0 
 12  0 
 13  0 
 14  0 
 15  0 
 16  0 
 17  0 
 18  0 
 19  0 
 20  0 
 21  0 
 22  0 
 23  0 
 24  0 
 25  0 
 26  0 
 27  0 
 28  0 
 29  0 
 30  0 
 31  0 
 32  0 
 33  0 
 34  0 
 35  0 
 36  0 
 37  0 
 38  0 
 39  0 
 40  0 
 41  0 
 42  0 
 43  0 
 44  0 
 45  0 
 46  0 
 47  0 
 48  0 
 49  0 
 50  0 
 51  0 
 52  0 
 53  0 
 54  0 
 55  0 
 56  0 
 57  0 
 58  0 
 59  0 
 60  0 
 61  0 
 62  0 
 63  0 
 64  0 
 65  0 
 66  0 
 67  0 
 68  0 
 69  0 
 70  0 
 71  0 
 72  0 
 73  0 
 74  0 
 75  0 
 76  0 
 77  0 
 78  0 
 79  0 
 80  0 
 81  0 
 82  0 
 83  0 
 84  0 
 85  0 
 86  0 
 87  0 
 88  0 
 89  0 
 90  0 
 91  0 
 92  0 
 93  0 
 94  0 
 95  0 
 96  0 
 97  0 
 98  0 
 99  0 
 100  0 
 101  0 
 102  0 
 103  0 
 104  0 
 105  0 
 106  0 
 107  0 
 108  0 
 109  0 
 110  0 
 111  0 
 112  0 
 113  0 
 114  0 
 115  0 
 116  0 
 117  0 
 118  0 
 119  0 
 120  0 
 121  0 
 122  0 
 123  0 
 124  0 
 125  0 
 126  0 
 127  0 
 128  0 
 129  0 
 130  0 
 131  0 
 132  0 
 133  0 
 134  0 
 135  0 
 136  0 
 137  0 
 138  0 
 139  0 
 140  0 
 141  0 
 142  0 
 143  0 
 144  0 
 145  0 
 146  0 
 147  0 
 148  0 
 149  0 
 150  0 
 151  0 
 152  0 
 153  0 
 154  0 
 155  0 
 156  0 
 157  0 
 158  0 
 159  0 
 160  0 
 161  0 
 162  0 
 163  0 
 164  0 
 165  0 
 166  0 
 167  0 
 168  0 
 169  0 
 170  0 
 171  0 
 172  0 
 173  0 
 174  0 
 175  0 
 176  0 
 177  0 
 178  0 
 179  0 
 180  0 
 181  0 
 182  0 
 183  0 
 184  0 
 185  0 
 186  0 
 187  0 
 188  0 
 189  0 
 190  0 
 191  0 
 192  0 
 193  0 
 194  0 
 195  0 
 196  0 
 197  0 
 198  0 
 199  0 
 200  0 
 201  0 
 202  0 
 203  0 
 204  0 
 205  0 
 206  0 
 207  0 
 208  0 
 209  0 
 210  0 
 211  0 
 212  0 
 213  0 
 214  0 
 215  0 
 216  0 
 217  0 
 218  0 
 219  0 
 220  0 
 221  0 
 222  0 
 223  0 
 224  0 
 225  0 
 226  0 
 227  0 
 228  0 
 229  0 
 230  0 
 231  0 
 232  0 
 233  0 
 234  0 
 235  0 
 236  0 
 237  0 
 238  0 
 239  0 
 240  0 
 241  0 
 242  0 
 243  0 
 244  0 
 245  0 
 246  0 
 247  0 
 248  0 
 249  0 
 250  0 
 251  1 
 252  193 
 253  335 
 254  339 
 255  305 
 256  301 
 257  270 
 258  291 
 259  307 
 260  309 
 261  265 
 262  272 
 263  239 
 264  257 
 265  254 
 266  262 
 267  247 
 268  217 
 269  248 
 270  237 
 271  236 
 272  221 
 273  223 
 274  216 
 275  232 
 276  210 
 277  205 
 278  179 
 279  186 
 280  208 
 281  196 
 282  195 
 283  194 
 284  186 
 285  170 
 286  178 
 287  210 
 288  197 
 289  181 
 290  181 
 291  162 
 292  170 
 293  202 
 294  170 
 295  149 
 296  159 
 297  156 
 298  156 
 299  168 
 300  156 
 301  162 
 302  166 
 303  159 
 304  149 
 305  158 
 306  137 
 307  142 
 308  117 
 309  145 
 310  145 
 311  133 
 312  124 
 313  140 
 314  127 
 315  128 
 316  121 
 317  135 
 318  124 
 319  130 
 320  128 
 321  122 
 322  112 
 323  138 
 324  125 
 325  140 
 326  110 
 327  123 
 328  95 
 329  115 
 330  122 
 331  111 
 332  113 
 333  111 
 334  104 
 335  110 
 336  146 
 337  111 
 338  112 
 339  111 
 340  108 
 341  102 
 342  97 
 343  104 
 344  95 
 345  88 
 346  100 
 347  100 
 348  97 
 349  96 
 350  83 
 351  94 
 352  79 
 353  97 
 354  83 
 355  82 
 356  83 
 357  86 
 358  72 
 359  87 
 360  81 
 361  79 
 362  68 
 363  76 
 364  71 
 365  73 
 366  85 
 367  87 
 368  74 
 369  88 
 370  68 
 371  81 
 372  81 
 373  83 
 374  87 
 375  68 
 376  69 
 377  54 
 378  72 
 379  56 
 380  61 
 381  67 
 382  64 
 383  72 
 384  72 
 385  57 
 386  85 
 387  67 
 388  50 
 389  64 
 390  59 
 391  68 
 392  63 
 393  64 
 394  54 
 395  75 
 396  72 
 397  69 
 398  68 
 399  68 
 400  65 
 401  65 
 402  68 
 403  52 
 404  50 
 405  58 
 406  59 
 407  53 
 408  58 
 409  58 
 410  57 
 411  58 
 412  59 
 413  53 
 414  47 
 415  43 
 416  54 
 417  58 
 418  53 
 419  52 
 420  61 
 421  52 
 422  58 
 423  56 
 424  49 
 425  47 
 426  66 
 427  69 
 428  59 
 429  49 
 430  58 
 431  66 
 432  56 
 433  52 
 434  48 
 435  45 
 436  60 
 437  59 
 438  50 
 439  46 
 440  42 
 441  50 
 442  50 
 443  56 
 444  42 
 445  55 
 446  46 
 447  63 
 448  47 
 449  47 
 450  50 
 451  57 
 452  63 
 453  50 
 454  63 
 455  53 
 456  51 
 457  48 
 458  51 
 459  57 
 460  51 
 461  54 
 462  55 
 463  47 
 464  55 
 465  41 
 466  41 
 467  47 
 468  46 
 469  41 
 470  49 
 471  45 
 472  54 
 473  49 
 474  58 
 475  49 
 476  49 
 477  62 
 478  45 
 479  47 
 480  46 
 481  59 
 482  41 
 483  63 
 484  50 
 485  51 
 486  49 
 487  46 
 488  39 
 489  60 
 490  47 
 491  42 
 492  42 
 493  51 
 494  42 
 495  57 
 496  43 
 497  47 
 498  43 
 499  46 
 500  53 
 501  61 
 502  40 
 503  46 
 504  41 
 505  51 
 506  35 
 507  46 
 508  66 
 509  56 
 510  61 
 511  48 
 512  48 
 513  53 
 514  43 
 515  44 
 516  62 
 517  44 
 518  43 
 519  44 
 520  59 
 521  48 
 522  62 
 523  52 
 524  63 
 525  52 
 526  45 
 527  52 
 528  42 
 529  42 
 530  47 
 531  51 
 532  46 
 533  63 
 534  54 
 535  34 
 536  40 
 537  37 
 538  38 
 539  42 
 540  44 
 541  45 
 542  41 
 543  45 
 544  43 
 545  41 
 546  60 
 547  47 
 548  45 
 549  54 
 550  48 
 551  45 
 552  64 
 553  44 
 554  49 
 555  49 
 556  35 
 557  47 
 558  59 
 559  49 
 560  47 
 561  43 
 562  51 
 563  54 
 564  61 
 565  58 
 566  58 
 567  50 
 568  53 
 569  47 
 570  57 
 571  52 
 572  55 
 573  48 
 574  47 
 575  57 
 576  48 
 577  45 
 578  45 
 579  60 
 580  46 
 581  43 
 582  58 
 583  58 
 584  61 
 585  53 
 586  44 
 587  62 
 588  53 
 589  44 
 590  45 
 591  47 
 592  53 
 593  50 
 594  58 
 595  54 
 596  61 
 597  45 
 598  55 
 599  56 
 600  64 
 601  60 
 602  46 
 603  45 
 604  55 
 605  59 
 606  49 
 607  58 
 608  44 
 609  54 
 610  53 
 611  51 
 612  46 
 613  59 
 614  51 
 615  59 
 616  51 
 617  59 
 618  61 
 619  62 
 620  65 
 621  63 
 622  59 
 623  50 
 624  51 
 625  52 
 626  70 
 627  68 
 628  51 
 629  58 
 630  56 
 631  76 
 632  55 
 633  85 
 634  70 
 635  75 
 636  69 
 637  68 
 638  81 
 639  69 
 640  61 
 641  87 
 642  70 
 643  89 
 644  69 
 645  88 
 646  68 
 647  88 
 648  92 
 649  82 
 650  90 
 651  96 
 652  74 
 653  85 
 654  63 
 655  71 
 656  77 
 657  86 
 658  88 
 659  95 
 660  98 
 661  80 
 662  99 
 663  87 
 664  100 
 665  111 
 666  104 
 667  107 
 668  113 
 669  104 
 670  129 
 671  106 
 672  122 
 673  117 
 674  109 
 675  99 
 676  138 
 677  125 
 678  139 
 679  138 
 680  150 
 681  157 
 682  153 
 683  141 
 684  136 
 685  139 
 686  174 
 687  145 
 688  188 
 689  189 
 690  180 
 691  184 
 692  168 
 693  185 
 694  182 
 695  178 
 696  224 
 697  200 
 698  214 
 699  206 
 700  220 
 701  231 
 702  200 
 703  214 
 704  206 
 705  235 
 706  262 
 707  244 
 708  245 
 709  243 
 710  265 
 711  273 
 712  263 
 713  276 
 714  255 
 715  277 
 716  273 
 717  276 
 718  287 
 719  293 
 720  269 
 721  259 
 722  287 
 723  295 
 724  318 
 725  282 
 726  268 
 727  279 
 728  288 
 729  294 
 730  292 
 731  294 
 732  294 
 733  275 
 734  280 
 735  289 
 736  271 
 737  266 
 738  278 
 739  281 
 740  268 
 741  277 
 742  284 
 743  278 
 744  290 
 745  273 
 746  222 
 747  270 
 748  246 
 749  260 
 750  229 
 751  218 
 752  255 
 753  206 
 754  220 
 755  238 
 756  217 
 757  224 
 758  183 
 759  225 
 760  211 
 761  209 
 762  215 
 763  223 
 764  205 
 765  198 
 766  182 
 767  176 
 768  181 
 769  148 
 770  173 
 771  155 
 772  160 
 773  172 
 774  122 
 775  131 
 776  149 
 777  136 
 778  137 
 779  139 
 780  116 
 781  135 
 782  119 
 783  107 
 784  129 
 785  97 
 786  110 
 787  106 
 788  120 
 789  114 
 790  90 
 791  79 
 792  77 
 793  94 
 794  88 
 795  85 
 796  72 
 797  79 
 798  70 
 799  87 
 800  78 
 801  64 
 802  72 
 803  62 
 804  51 
 805  66 
 806  48 
 807  52 
 808  44 
 809  61 
 810  57 
 811  64 
 812  64 
 813  48 
 814  46 
 815  63 
 816  49 
 817  55 
 818  52 
 819  41 
 820  59 
 821  41 
 822  47 
 823  27 
 824  48 
 825  49 
 826  45 
 827  37 
 828  38 
 829  41 
 830  37 
 831  39 
 832  45 
 833  40 
 834  39 
 835  57 
 836  43 
 837  33 
 838  38 
 839  42 
 840  39 
 841  29 
 842  32 
 843  42 
 844  23 
 845  39 
 846  30 
 847  33 
 848  37 
 849  35 
 850  29 
 851  26 
 852  26 
 853  34 
 854  31 
 855  29 
 856  32 
 857  26 
 858  39 
 859  38 
 860  41 
 861  23 
 862  32 
 863  28 
 864  31 
 865  22 
 866  43 
 867  34 
 868  35 
 869  31 
 870  25 
 871  25 
 872  30 
 873  35 
 874  35 
 875  29 
 876  28 
 877  46 
 878  25 
 879  27 
 880  38 
 881  29 
 882  37 
 883  37 
 884  25 
 885  31 
 886  26 
 887  28 
 888  31 
 889  33 
 890  26 
 891  23 
 892  33 
 893  44 
 894  34 
 895  39 
 896  36 
 897  38 
 898  29 
 899  30 
 900  32 
 901  29 
 902  34 
 903  25 
 904  21 
 905  30 
 906  34 
 907  32 
 908  22 
 909  35 
 910  27 
 911  34 
 912  36 
 913  35 
 914  33 
 915  28 
 916  24 
 917  39 
 918  28 
 919  31 
 920  31 
 921  27 
 922  34 
 923  37 
 924  28 
 925  29 
 926  34 
 927  29 
 928  35 
 929  36 
 930  28 
 931  39 
 932  46 
 933  26 
 934  20 
 935  27 
 936  36 
 937  38 
 938  33 
 939  29 
 940  34 
 941  29 
 942  35 
 943  32 
 944  42 
 945  35 
 946  40 
 947  22 
 948  35 
 949  39 
 950  31 
 951  39 
 952  35 
 953  34 
 954  36 
 955  22 
 956  37 
 957  26 
 958  32 
 959  34 
 960  29 
 961  26 
 962  27 
 963  28 
 964  27 
 965  29 
 966  30 
 967  31 
 968  26 
 969  35 
 970  30 
 971  22 
 972  27 
 973  31 
 974  31 
 975  44 
 976  38 
 977  31 
 978  34 
 979  31 
 980  35 
 981  28 
 982  18 
 983  26 
 984  31 
 985  29 
 986  33 
 987  39 
 988  28 
 989  30 
 990  30 
 991  34 
 992  24 
 993  15 
 994  42 
 995  27 
 996  33 
 997  32 
 998  31 
 999  29 
 1000  30 
 1001  26 
 1002  22 
 1003  21 
 1004  32 
 1005  31 
 1006  22 
 1007  36 
 1008  27 
 1009  29 
 1010  35 
 1011  28 
 1012  31 
 1013  32 
 1014  25 
 1015  24 
 1016  32 
 1017  22 
 1018  36 
 1019  32 
 1020  39 
 1021  28 
 1022  23 
 1023  27 
 1024  36 
 1025  32 
 1026  35 
 1027  31 
 1028  29 
 1029  26 
 1030  27 
 1031  31 
 1032  25 
 1033  27 
 1034  25 
 1035  27 
 1036  26 
 1037  30 
 1038  18 
 1039  25 
 1040  33 
 1041  27 
 1042  33 
 1043  21 
 1044  34 
 1045  27 
 1046  34 
 1047  34 
 1048  23 
 1049  33 
 1050  26 
 1051  24 
 1052  25 
 1053  36 
 1054  33 
 1055  26 
 1056  34 
 1057  29 
 1058  24 
 1059  20 
 1060  26 
 1061  35 
 1062  33 
 1063  30 
 1064  25 
 1065  21 
 1066  29 
 1067  29 
 1068  23 
 1069  35 
 1070  28 
 1071  26 
 1072  33 
 1073  28 
 1074  27 
 1075  22 
 1076  21 
 1077  31 
 1078  22 
 1079  31 
 1080  21 
 1081  26 
 1082  20 
 1083  26 
 1084  21 
 1085  25 
 1086  27 
 1087  21 
 1088  21 
 1089  31 
 1090  30 
 1091  21 
 1092  23 
 1093  21 
 1094  19 
 1095  34 
 1096  25 
 1097  20 
 1098  21 
 1099  30 
 1100  26 
 1101  39 
 1102  25 
 1103  21 
 1104  29 
 1105  26 
 1106  19 
 1107  26 
 1108  21 
 1109  28 
 1110  21 
 1111  31 
 1112  19 
 1113  33 
 1114  22 
 1115  24 
 1116  29 
 1117  28 
 1118  26 
 1119  27 
 1120  22 
 1121  33 
 1122  34 
 1123  25 
 1124  28 
 1125  23 
 1126  28 
 1127  28 
 1128  25 
 1129  25 
 1130  30 
 1131  27 
 1132  34 
 1133  24 
 1134  25 
 1135  19 
 1136  21 
 1137  28 
 1138  25 
 1139  32 
 1140  28 
 1141  27 
 1142  26 
 1143  25 
 1144  26 
 1145  20 
 1146  27 
 1147  24 
 1148  28 
 1149  32 
 1150  16 
 1151  20 
 1152  21 
 1153  32 
 1154  20 
 1155  22 
 1156  17 
 1157  19 
 1158  28 
 1159  25 
 1160  24 
 1161  26 
 1162  19 
 1163  32 
 1164  28 
 1165  17 
 1166  29 
 1167  27 
 1168  35 
 1169  24 
 1170  31 
 1171  10 
 1172  23 
 1173  28 
 1174  22 
 1175  26 
 1176  26 
 1177  22 
 1178  23 
 1179  31 
 1180  34 
 1181  40 
 1182  26 
 1183  27 
 1184  23 
 1185  17 
 1186  35 
 1187  22 
 1188  27 
 1189  21 
 1190  32 
 1191  24 
 1192  19 
 1193  30 
 1194  26 
 1195  33 
 1196  24 
 1197  29 
 1198  27 
 1199  21 
 1200  26 
 1201  28 
 1202  32 
 1203  28 
 1204  20 
 1205  22 
 1206  24 
 1207  30 
 1208  18 
 1209  29 
 1210  23 
 1211  25 
 1212  24 
 1213  25 
 1214  23 
 1215  29 
 1216  29 
 1217  21 
 1218  20 
 1219  24 
 1220  20 
 1221  33 
 1222  32 
 1223  27 
 1224  43 
 1225  22 
 1226  15 
 1227  30 
 1228  18 
 1229  21 
 1230  16 
 1231  23 
 1232  21 
 1233  26 
 1234  15 
 1235  29 
 1236  30 
 1237  28 
 1238  25 
 1239  24 
 1240  26 
 1241  24 
 1242  19 
 1243  25 
 1244  22 
 1245  25 
 1246  26 
 1247  29 
 1248  32 
 1249  24 
 1250  22 
 1251  24 
 1252  30 
 1253  18 
 1254  23 
 1255  36 
 1256  25 
 1257  25 
 1258  25 
 1259  22 
 1260  27 
 1261  23 
 1262  20 
 1263  28 
 1264  29 
 1265  27 
 1266  29 
 1267  28 
 1268  31 
 1269  28 
 1270  21 
 1271  23 
 1272  29 
 1273  21 
 1274  21 
 1275  22 
 1276  21 
 1277  21 
 1278  28 
 1279  26 
 1280  11 
 1281  17 
 1282  35 
 1283  15 
 1284  18 
 1285  21 
 1286  22 
 1287  25 
 1288  25 
 1289  25 
 1290  25 
 1291  26 
 1292  35 
 1293  20 
 1294  26 
 1295  25 
 1296  25 
 1297  22 
 1298  20 
 1299  21 
 1300  26 
 1301  20 
 1302  31 
 1303  26 
 1304  18 
 1305  22 
 1306  26 
 1307  30 
 1308  24 
 1309  31 
 1310  28 
 1311  20 
 1312  18 
 1313  17 
 1314  18 
 1315  25 
 1316  22 
 1317  28 
 1318  27 
 1319  22 
 1320  23 
 1321  21 
 1322  22 
 1323  24 
 1324  22 
 1325  22 
 1326  16 
 1327  26 
 1328  26 
 1329  19 
 1330  26 
 1331  27 
 1332  17 
 1333  23 
 1334  21 
 1335  18 
 1336  27 
 1337  19 
 1338  22 
 1339  18 
 1340  15 
 1341  25 
 1342  35 
 1343  29 
 1344  25 
 1345  22 
 1346  21 
 1347  24 
 1348  27 
 1349  18 
 1350  29 
 1351  21 
 1352  25 
 1353  22 
 1354  22 
 1355  23 
 1356  23 
 1357  29 
 1358  21 
 1359  22 
 1360  20 
 1361  24 
 1362  23 
 1363  18 
 1364  17 
 1365  20 
 1366  16 
 1367  25 
 1368  21 
 1369  37 
 1370  19 
 1371  21 
 1372  27 
 1373  28 
 1374  25 
 1375  22 
 1376  19 
 1377  23 
 1378  21 
 1379  22 
 1380  15 
 1381  11 
 1382  21 
 1383  19 
 1384  21 
 1385  26 
 1386  19 
 1387  31 
 1388  28 
 1389  20 
 1390  22 
 1391  25 
 1392  25 
 1393  22 
 1394  23 
 1395  24 
 1396  29 
 1397  28 
 1398  26 
 1399  24 
 1400  26 
 1401  27 
 1402  27 
 1403  20 
 1404  20 
 1405  25 
 1406  19 
 1407  26 
 1408  27 
 1409  23 
 1410  20 
 1411  13 
 1412  21 
 1413  32 
 1414  16 
 1415  14 
 1416  26 
 1417  22 
 1418  27 
 1419  24 
 1420  30 
 1421  28 
 1422  21 
 1423  26 
 1424  19 
 1425  17 
 1426  16 
 1427  24 
 1428  15 
 1429  19 
 1430  18 
 1431  24 
 1432  13 
 1433  22 
 1434  25 
 1435  22 
 1436  33 
 1437  25 
 1438  13 
 1439  20 
 1440  30 
 1441  23 
 1442  16 
 1443  21 
 1444  19 
 1445  14 
 1446  22 
 1447  15 
 1448  22 
 1449  26 
 1450  22 
 1451  18 
 1452  12 
 1453  21 
 1454  20 
 1455  24 
 1456  19 
 1457  25 
 1458  23 
 1459  21 
 1460  27 
 1461  24 
 1462  9 
 1463  28 
 1464  20 
 1465  22 
 1466  21 
 1467  22 
 1468  23 
 1469  21 
 1470  22 
 1471  19 
 1472  19 
 1473  22 
 1474  25 
 1475  25 
 1476  23 
 1477  16 
 1478  19 
 1479  16 
 1480  20 
 1481  22 
 1482  23 
 1483  18 
 1484  19 
 1485  17 
 1486  22 
 1487  17 
 1488  26 
 1489  16 
 1490  24 
 1491  17 
 1492  23 
 1493  13 
 1494  21 
 1495  27 
 1496  21 
 1497  9 
 1498  20 
 1499  18 
 1500  23 
 1501  19 
 1502  16 
 1503  26 
 1504  22 
 1505  28 
 1506  24 
 1507  19 
 1508  21 
 1509  25 
 1510  22 
 1511  16 
 1512  23 
 1513  26 
 1514  15 
 1515  19 
 1516  15 
 1517  19 
 1518  23 
 1519  25 
 1520  16 
 1521  16 
 1522  17 
 1523  20 
 1524  17 
 1525  23 
 1526  14 
 1527  22 
 1528  27 
 1529  18 
 1530  22 
 1531  19 
 1532  19 
 1533  16 
 1534  20 
 1535  12 
 1536  22 
 1537  30 
 1538  20 
 1539  20 
 1540  18 
 1541  32 
 1542  20 
 1543  23 
 1544  25 
 1545  12 
 1546  18 
 1547  22 
 1548  22 
 1549  9 
 1550  19 
 1551  21 
 1552  19 
 1553  27 
 1554  17 
 1555  21 
 1556  13 
 1557  23 
 1558  20 
 1559  17 
 1560  23 
 1561  16 
 1562  17 
 1563  19 
 1564  9 
 1565  17 
 1566  17 
 1567  19 
 1568  29 
 1569  12 
 1570  21 
 1571  22 
 1572  14 
 1573  18 
 1574  28 
 1575  20 
 1576  19 
 1577  18 
 1578  17 
 1579  13 
 1580  21 
 1581  26 
 1582  15 
 1583  17 
 1584  14 
 1585  30 
 1586  23 
 1587  17 
 1588  21 
 1589  24 
 1590  19 
 1591  13 
 1592  26 
 1593  14 
 1594  16 
 1595  17 
 1596  24 
 1597  19 
 1598  22 
 1599  20 
 1600  17 
 1601  16 
 1602  19 
 1603  16 
 1604  18 
 1605  20 
 1606  15 
 1607  19 
 1608  23 
 1609  22 
 1610  17 
 1611  18 
 1612  19 
 1613  33 
 1614  21 
 1615  16 
 1616  23 
 1617  18 
 1618  15 
 1619  14 
 1620  20 
 1621  25 
 1622  29 
 1623  19 
 1624  21 
 1625  18 
 1626  16 
 1627  23 
 1628  22 
 1629  13 
 1630  18 
 1631  17 
 1632  19 
 1633  18 
 1634  26 
 1635  16 
 1636  22 
 1637  25 
 1638  21 
 1639  17 
 1640  10 
 1641  19 
 1642  28 
 1643  21 
 1644  24 
 1645  14 
 1646  17 
 1647  11 
 1648  14 
 1649  15 
 1650  15 
 1651  21 
 1652  9 
 1653  16 
 1654  17 
 1655  17 
 1656  20 
 1657  17 
 1658  16 
 1659  15 
 1660  15 
 1661  13 
 1662  23 
 1663  19 
 1664  22 
 1665  18 
 1666  20 
 1667  12 
 1668  16 
 1669  17 
 1670  19 
 1671  19 
 1672  11 
 1673  17 
 1674  17 
 1675  18 
 1676  22 
 1677  19 
 1678  14 
 1679  22 
 1680  16 
 1681  22 
 1682  21 
 1683  21 
 1684  27 
 1685  13 
 1686  18 
 1687  14 
 1688  20 
 1689  22 
 1690  13 
 1691  9 
 1692  19 
 1693  17 
 1694  26 
 1695  20 
 1696  17 
 1697  21 
 1698  15 
 1699  18 
 1700  10 
 1701  15 
 1702  17 
 1703  12 
 1704  16 
 1705  17 
 1706  13 
 1707  22 
 1708  19 
 1709  20 
 1710  15 
 1711  23 
 1712  26 
 1713  16 
 1714  16 
 1715  15 
 1716  12 
 1717  14 
 1718  18 
 1719  22 
 1720  18 
 1721  20 
 1722  21 
 1723  15 
 1724  20 
 1725  18 
 1726  10 
 1727  12 
 1728  15 
 1729  18 
 1730  14 
 1731  20 
 1732  16 
 1733  16 
 1734  18 
 1735  19 
 1736  30 
 1737  19 
 1738  21 
 1739  21 
 1740  17 
 1741  12 
 1742  20 
 1743  13 
 1744  15 
 1745  16 
 1746  23 
 1747  21 
 1748  12 
 1749  17 
 1750  19 
 1751  17 
 1752  13 
 1753  9 
 1754  13 
 1755  19 
 1756  23 
 1757  15 
 1758  16 
 1759  13 
 1760  20 
 1761  17 
 1762  15 
 1763  18 
 1764  13 
 1765  12 
 1766  13 
 1767  17 
 1768  18 
 1769  22 
 1770  16 
 1771  20 
 1772  19 
 1773  22 
 1774  11 
 1775  14 
 1776  19 
 1777  19 
 1778  21 
 1779  18 
 1780  21 
 1781  18 
 1782  23 
 1783  13 
 1784  23 
 1785  13 
 1786  17 
 1787  26 
 1788  15 
 1789  16 
 1790  21 
 1791  16 
 1792  20 
 1793  18 
 1794  8 
 1795  17 
 1796  14 
 1797  11 
 1798  12 
 1799  25 
 1800  16 
 1801  19 
 1802  15 
 1803  14 
 1804  13 
 1805  18 
 1806  12 
 1807  13 
 1808  16 
 1809  25 
 1810  16 
 1811  24 
 1812  19 
 1813  8 
 1814  21 
 1815  20 
 1816  10 
 1817  10 
 1818  14 
 1819  12 
 1820  20 
 1821  18 
 1822  23 
 1823  10 
 1824  18 
 1825  14 
 1826  17 
 1827  18 
 1828  25 
 1829  12 
 1830  16 
 1831  13 
 1832  16 
 1833  19 
 1834  14 
 1835  22 
 1836  20 
 1837  11 
 1838  18 
 1839  20 
 1840  22 
 1841  14 
 1842  15 
 1843  17 
 1844  12 
 1845  15 
 1846  11 
 1847  12 
 1848  19 
 1849  14 
 1850  23 
 1851  14 
 1852  15 
 1853  18 
 1854  15 
 1855  19 
 1856  16 
 1857  23 
 1858  15 
 1859  20 
 1860  18 
 1861  17 
 1862  17 
 1863  13 
 1864  22 
 1865  18 
 1866  10 
 1867  17 
 1868  20 
 1869  13 
 1870  11 
 1871  15 
 1872  16 
 1873  15 
 1874  12 
 1875  19 
 1876  17 
 1877  11 
 1878  19 
 1879  13 
 1880  20 
 1881  18 
 1882  17 
 1883  19 
 1884  8 
 1885  19 
 1886  18 
 1887  15 
 1888  12 
 1889  13 
 1890  19 
 1891  16 
 1892  17 
 1893  18 
 1894  11 
 1895  14 
 1896  10 
 1897  23 
 1898  11 
 1899  17 
 1900  13 
 1901  21 
 1902  19 
 1903  12 
 1904  17 
 1905  18 
 1906  15 
 1907  16 
 1908  22 
 1909  19 
 1910  14 
 1911  16 
 1912  12 
 1913  18 
 1914  8 
 1915  14 
 1916  16 
 1917  15 
 1918  17 
 1919  18 
 1920  13 
 1921  14 
 1922  15 
 1923  14 
 1924  20 
 1925  16 
 1926  13 
 1927  16 
 1928  22 
 1929  15 
 1930  10 
 1931  16 
 1932  15 
 1933  11 
 1934  16 
 1935  11 
 1936  24 
 1937  16 
 1938  17 
 1939  17 
 1940  12 
 1941  14 
 1942  15 
 1943  22 
 1944  15 
 1945  10 
 1946  12 
 1947  14 
 1948  15 
 1949  9 
 1950  14 
 1951  7 
 1952  21 
 1953  13 
 1954  11 
 1955  16 
 1956  9 
 1957  10 
 1958  16 
 1959  11 
 1960  12 
 1961  22 
 1962  16 
 1963  13 
 1964  12 
 1965  15 
 1966  15 
 1967  13 
 1968  17 
 1969  19 
 1970  11 
 1971  20 
 1972  18 
 1973  15 
 1974  12 
 1975  17 
 1976  14 
 1977  9 
 1978  19 
 1979  16 
 1980  10 
 1981  10 
 1982  16 
 1983  20 
 1984  14 
 1985  13 
 1986  16 
 1987  12 
 1988  15 
 1989  21 
 1990  12 
 1991  11 
 1992  13 
 1993  10 
 1994  12 
 1995  18 
 1996  9 
 1997  13 
 1998  12 
 1999  22 
 2000  18 
 2001  14 
 2002  16 
 2003  9 
 2004  13 
 2005  16 
 2006  13 
 2007  15 
 2008  14 
 2009  15 
 2010  12 
 2011  13 
 2012  10 
 2013  20 
 2014  23 
 2015  17 
 2016  10 
 2017  11 
 2018  14 
 2019  9 
 2020  16 
 2021  13 
 2022  16 
 2023  12 
 2024  18 
 2025  8 
 2026  8 
 2027  17 
 2028  16 
 2029  18 
 2030  12 
 2031  7 
 2032  18 
 2033  14 
 2034  17 
 2035  18 
 2036  15 
 2037  14 
 2038  15 
 2039  13 
 2040  18 
 2041  20 
 2042  7 
 2043  9 
 2044  14 
 2045  15 
 2046  8 
 2047  10 
 2048  10 
 2049  10 
 2050  11 
 2051  10 
 2052  11 
 2053  17 
 2054  14 
 2055  13 
 2056  13 
 2057  14 
 2058  8 
 2059  11 
 2060  9 
 2061  14 
 2062  16 
 2063  8 
 2064  20 
 2065  15 
 2066  18 
 2067  13 
 2068  20 
 2069  17 
 2070  14 
 2071  12 
 2072  20 
 2073  18 
 2074  12 
 2075  12 
 2076  12 
 2077  12 
 2078  13 
 2079  18 
 2080  14 
 2081  16 
 2082  9 
 2083  13 
 2084  15 
 2085  17 
 2086  14 
 2087  12 
 2088  14 
 2089  10 
 2090  21 
 2091  16 
 2092  16 
 2093  11 
 2094  9 
 2095  11 
 2096  19 
 2097  13 
 2098  18 
 2099  10 
 2100  14 
 2101  15 
 2102  12 
 2103  10 
 2104  14 
 2105  14 
 2106  12 
 2107  12 
 2108  22 
 2109  12 
 2110  19 
 2111  10 
 2112  19 
 2113  19 
 2114  10 
 2115  6 
 2116  12 
 2117  13 
 2118  17 
 2119  15 
 2120  21 
 2121  5 
 2122  15 
 2123  16 
 2124  11 
 2125  16 
 2126  13 
 2127  13 
 2128  10 
 2129  7 
 2130  17 
 2131  12 
 2132  7 
 2133  15 
 2134  13 
 2135  16 
 2136  18 
 2137  8 
 2138  16 
 2139  16 
 2140  16 
 2141  9 
 2142  19 
 2143  14 
 2144  11 
 2145  9 
 2146  16 
 2147  11 
 2148  12 
 2149  14 
 2150  16 
 2151  19 
 2152  17 
 2153  11 
 2154  11 
 2155  11 
 2156  21 
 2157  15 
 2158  10 
 2159  15 
 2160  10 
 2161  12 
 2162  11 
 2163  11 
 2164  12 
 2165  14 
 2166  16 
 2167  11 
 2168  13 
 2169  10 
 2170  13 
 2171  17 
 2172  11 
 2173  24 
 2174  14 
 2175  14 
 2176  14 
 2177  14 
 2178  8 
 2179  11 
 2180  11 
 2181  14 
 2182  12 
 2183  14 
 2184  14 
 2185  12 
 2186  12 
 2187  10 
 2188  17 
 2189  5 
 2190  11 
 2191  14 
 2192  13 
 2193  7 
 2194  21 
 2195  13 
 2196  9 
 2197  15 
 2198  13 
 2199  15 
 2200  18 
 2201  11 
 2202  10 
 2203  13 
 2204  7 
 2205  9 
 2206  11 
 2207  9 
 2208  8 
 2209  13 
 2210  13 
 2211  17 
 2212  11 
 2213  16 
 2214  17 
 2215  18 
 2216  15 
 2217  15 
 2218  9 
 2219  9 
 2220  11 
 2221  13 
 2222  14 
 2223  9 
 2224  8 
 2225  10 
 2226  21 
 2227  16 
 2228  14 
 2229  10 
 2230  20 
 2231  6 
 2232  11 
 2233  13 
 2234  7 
 2235  12 
 2236  6 
 2237  15 
 2238  11 
 2239  10 
 2240  10 
 2241  21 
 2242  15 
 2243  19 
 2244  14 
 2245  10 
 2246  12 
 2247  6 
 2248  15 
 2249  9 
 2250  11 
 2251  10 
 2252  7 
 2253  10 
 2254  11 
 2255  14 
 2256  13 
 2257  10 
 2258  14 
 2259  10 
 2260  11 
 2261  9 
 2262  9 
 2263  9 
 2264  11 
 2265  12 
 2266  14 
 2267  13 
 2268  15 
 2269  8 
 2270  9 
 2271  19 
 2272  9 
 2273  16 
 2274  12 
 2275  8 
 2276  6 
 2277  6 
 2278  5 
 2279  9 
 2280  8 
 2281  12 
 2282  7 
 2283  12 
 2284  13 
 2285  10 
 2286  20 
 2287  7 
 2288  6 
 2289  15 
 2290  15 
 2291  6 
 2292  10 
 2293  14 
 2294  13 
 2295  15 
 2296  8 
 2297  19 
 2298  10 
 2299  9 
 2300  14 
 2301  6 
 2302  12 
 2303  8 
 2304  12 
 2305  13 
 2306  9 
 2307  12 
 2308  10 
 2309  10 
 2310  12 
 2311  13 
 2312  17 
 2313  13 
 2314  12 
 2315  9 
 2316  17 
 2317  14 
 2318  17 
 2319  11 
 2320  17 
 2321  14 
 2322  12 
 2323  10 
 2324  6 
 2325  10 
 2326  3 
 2327  11 
 2328  9 
 2329  7 
 2330  7 
 2331  13 
 2332  8 
 2333  10 
 2334  8 
 2335  5 
 2336  13 
 2337  8 
 2338  9 
 2339  7 
 2340  9 
 2341  15 
 2342  8 
 2343  8 
 2344  8 
 2345  10 
 2346  8 
 2347  11 
 2348  17 
 2349  10 
 2350  9 
 2351  12 
 2352  11 
 2353  9 
 2354  14 
 2355  13 
 2356  8 
 2357  13 
 2358  11 
 2359  12 
 2360  11 
 2361  12 
 2362  5 
 2363  13 
 2364  15 
 2365  14 
 2366  12 
 2367  6 
 2368  15 
 2369  13 
 2370  11 
 2371  9 
 2372  8 
 2373  10 
 2374  14 
 2375  6 
 2376  12 
 2377  8 
 2378  9 
 2379  6 
 2380  13 
 2381  12 
 2382  14 
 2383  9 
 2384  8 
 2385  7 
 2386  10 
 2387  11 
 2388  11 
 2389  9 
 2390  10 
 2391  8 
 2392  6 
 2393  7 
 2394  7 
 2395  9 
 2396  10 
 2397  6 
 2398  12 
 2399  10 
 2400  6 
 2401  5 
 2402  12 
 2403  9 
 2404  7 
 2405  9 
 2406  16 
 2407  10 
 2408  10 
 2409  7 
 2410  16 
 2411  12 
 2412  9 
 2413  7 
 2414  9 
 2415  10 
 2416  16 
 2417  16 
 2418  10 
 2419  5 
 2420  9 
 2421  17 
 2422  10 
 2423  13 
 2424  15 
 2425  18 
 2426  11 
 2427  15 
 2428  11 
 2429  8 
 2430  8 
 2431  6 
 2432  12 
 2433  8 
 2434  10 
 2435  14 
 2436  10 
 2437  11 
 2438  10 
 2439  10 
 2440  15 
 2441  15 
 2442  8 
 2443  7 
 2444  9 
 2445  9 
 2446  10 
 2447  9 
 2448  3 
 2449  9 
 2450  9 
 2451  11 
 2452  10 
 2453  10 
 2454  6 
 2455  8 
 2456  15 
 2457  10 
 2458  14 
 2459  8 
 2460  7 
 2461  9 
 2462  9 
 2463  15 
 2464  7 
 2465  6 
 2466  11 
 2467  6 
 2468  9 
 2469  12 
 2470  12 
 2471  7 
 2472  11 
 2473  10 
 2474  15 
 2475  6 
 2476  14 
 2477  9 
 2478  14 
 2479  7 
 2480  11 
 2481  13 
 2482  6 
 2483  9 
 2484  5 
 2485  9 
 2486  11 
 2487  12 
 2488  8 
 2489  11 
 2490  10 
 2491  17 
 2492  11 
 2493  10 
 2494  7 
 2495  6 
 2496  13 
 2497  8 
 2498  10 
 2499  17 
 2500  9 
 2501  7 
 2502  10 
 2503  10 
 2504  6 
 2505  6 
 2506  5 
 2507  12 
 2508  5 
 2509  4 
 2510  12 
 2511  9 
 2512  8 
 2513  8 
 2514  12 
 2515  9 
 2516  12 
 2517  9 
 2518  9 
 2519  14 
 2520  9 
 2521  10 
 2522  5 
 2523  11 
 2524  11 
 2525  17 
 2526  6 
 2527  10 
 2528  9 
 2529  8 
 2530  10 
 2531  15 
 2532  15 
 2533  10 
 2534  8 
 2535  10 
 2536  12 
 2537  17 
 2538  9 
 2539  4 
 2540  11 
 2541  10 
 2542  10 
 2543  7 
 2544  10 
 2545  16 
 2546  4 
 2547  9 
 2548  8 
 2549  10 
 2550  11 
 2551  11 
 2552  8 
 2553  8 
 2554  6 
 2555  11 
 2556  11 
 2557  9 
 2558  8 
 2559  14 
 2560  7 
 2561  16 
 2562  5 
 2563  8 
 2564  10 
 2565  13 
 2566  4 
 2567  7 
 2568  9 
 2569  9 
 2570  9 
 2571  12 
 2572  13 
 2573  11 
 2574  16 
 2575  6 
 2576  5 
 2577  9 
 2578  5 
 2579  11 
 2580  3 
 2581  7 
 2582  13 
 2583  8 
 2584  11 
 2585  8 
 2586  13 
 2587  5 
 2588  8 
 2589  12 
 2590  7 
 2591  6 
 2592  11 
 2593  9 
 2594  4 
 2595  8 
 2596  7 
 2597  18 
 2598  9 
 2599  11 
 2600  8 
 2601  11 
 2602  10 
 2603  8 
 2604  12 
 2605  9 
 2606  7 
 2607  13 
 2608  16 
 2609  9 
 2610  7 
 2611  11 
 2612  17 
 2613  14 
 2614  8 
 2615  9 
 2616  11 
 2617  6 
 2618  9 
 2619  15 
 2620  9 
 2621  4 
 2622  11 
 2623  20 
 2624  5 
 2625  14 
 2626  11 
 2627  7 
 2628  5 
 2629  14 
 2630  7 
 2631  11 
 2632  14 
 2633  13 
 2634  9 
 2635  10 
 2636  11 
 2637  9 
 2638  11 
 2639  9 
 2640  4 
 2641  8 
 2642  11 
 2643  10 
 2644  5 
 2645  10 
 2646  11 
 2647  8 
 2648  5 
 2649  9 
 2650  11 
 2651  13 
 2652  11 
 2653  13 
 2654  12 
 2655  8 
 2656  14 
 2657  3 
 2658  13 
 2659  8 
 2660  12 
 2661  15 
 2662  8 
 2663  13 
 2664  12 
 2665  10 
 2666  7 
 2667  10 
 2668  9 
 2669  6 
 2670  7 
 2671  13 
 2672  8 
 2673  9 
 2674  7 
 2675  7 
 2676  5 
 2677  10 
 2678  13 
 2679  10 
 2680  9 
 2681  7 
 2682  10 
 2683  8 
 2684  9 
 2685  10 
 2686  8 
 2687  9 
 2688  9 
 2689  13 
 2690  9 
 2691  11 
 2692  12 
 2693  14 
 2694  4 
 2695  9 
 2696  9 
 2697  9 
 2698  8 
 2699  13 
 2700  9 
 2701  5 
 2702  11 
 2703  5 
 2704  5 
 2705  8 
 2706  2 
 2707  11 
 2708  3 
 2709  9 
 2710  5 
 2711  10 
 2712  7 
 2713  6 
 2714  16 
 2715  5 
 2716  7 
 2717  10 
 2718  4 
 2719  7 
 2720  5 
 2721  14 
 2722  12 
 2723  8 
 2724  11 
 2725  10 
 2726  6 
 2727  12 
 2728  7 
 2729  10 
 2730  12 
 2731  9 
 2732  5 
 2733  9 
 2734  14 
 2735  9 
 2736  10 
 2737  9 
 2738  5 
 2739  8 
 2740  6 
 2741  13 
 2742  11 
 2743  13 
 2744  13 
 2745  6 
 2746  9 
 2747  6 
 2748  8 
 2749  10 
 2750  6 
 2751  10 
 2752  18 
 2753  11 
 2754  9 
 2755  11 
 2756  7 
 2757  10 
 2758  6 
 2759  9 
 2760  9 
 2761  8 
 2762  8 
 2763  9 
 2764  9 
 2765  10 
 2766  10 
 2767  6 
 2768  10 
 2769  4 
 2770  12 
 2771  9 
 2772  9 
 2773  5 
 2774  8 
 2775  9 
 2776  11 
 2777  6 
 2778  10 
 2779  10 
 2780  9 
 2781  17 
 2782  6 
 2783  7 
 2784  9 
 2785  5 
 2786  7 
 2787  11 
 2788  9 
 2789  9 
 2790  11 
 2791  11 
 2792  5 
 2793  11 
 2794  6 
 2795  12 
 2796  13 
 2797  6 
 2798  8 
 2799  7 
 2800  10 
 2801  8 
 2802  12 
 2803  7 
 2804  6 
 2805  9 
 2806  13 
 2807  9 
 2808  8 
 2809  9 
 2810  5 
 2811  6 
 2812  5 
 2813  12 
 2814  6 
 2815  6 
 2816  9 
 2817  6 
 2818  8 
 2819  10 
 2820  5 
 2821  7 
 2822  10 
 2823  4 
 2824  13 
 2825  13 
 2826  7 
 2827  12 
 2828  7 
 2829  5 
 2830  9 
 2831  10 
 2832  10 
 2833  5 
 2834  7 
 2835  10 
 2836  9 
 2837  9 
 2838  9 
 2839  13 
 2840  11 
 2841  5 
 2842  7 
 2843  6 
 2844  5 
 2845  5 
 2846  14 
 2847  10 
 2848  10 
 2849  6 
 2850  9 
 2851  5 
 2852  8 
 2853  10 
 2854  9 
 2855  12 
 2856  8 
 2857  9 
 2858  12 
 2859  7 
 2860  10 
 2861  10 
 2862  9 
 2863  4 
 2864  10 
 2865  10 
 2866  4 
 2867  6 
 2868  9 
 2869  9 
 2870  9 
 2871  8 
 2872  6 
 2873  4 
 2874  11 
 2875  7 
 2876  6 
 2877  9 
 2878  4 
 2879  7 
 2880  16 
 2881  8 
 2882  6 
 2883  14 
 2884  10 
 2885  7 
 2886  10 
 2887  9 
 2888  6 
 2889  9 
 2890  7 
 2891  10 
 2892  6 
 2893  11 
 2894  11 
 2895  16 
 2896  7 
 2897  9 
 2898  12 
 2899  8 
 2900  7 
 2901  5 
 2902  4 
 2903  2 
 2904  8 
 2905  9 
 2906  11 
 2907  8 
 2908  11 
 2909  10 
 2910  7 
 2911  4 
 2912  7 
 2913  12 
 2914  10 
 2915  9 
 2916  5 
 2917  9 
 2918  8 
 2919  8 
 2920  6 
 2921  4 
 2922  6 
 2923  8 
 2924  9 
 2925  8 
 2926  7 
 2927  6 
 2928  11 
 2929  7 
 2930  16 
 2931  5 
 2932  5 
 2933  9 
 2934  8 
 2935  9 
 2936  10 
 2937  10 
 2938  6 
 2939  4 
 2940  9 
 2941  13 
 2942  7 
 2943  7 
 2944  5 
 2945  6 
 2946  9 
 2947  2 
 2948  8 
 2949  7 
 2950  8 
 2951  3 
 2952  11 
 2953  8 
 2954  10 
 2955  8 
 2956  5 
 2957  9 
 2958  7 
 2959  11 
 2960  11 
 2961  11 
 2962  7 
 2963  7 
 2964  13 
 2965  5 
 2966  6 
 2967  15 
 2968  7 
 2969  7 
 2970  12 
 2971  9 
 2972  13 
 2973  14 
 2974  14 
 2975  11 
 2976  12 
 2977  12 
 2978  6 
 2979  8 
 2980  6 
 2981  6 
 2982  1 
 2983  6 
 2984  10 
 2985  10 
 2986  10 
 2987  8 
 2988  9 
 2989  9 
 2990  12 
 2991  6 
 2992  7 
 2993  4 
 2994  8 
 2995  10 
 2996  12 
 2997  8 
 2998  10 
 2999  5 
 3000  3 
 3001  8 
 3002  9 
 3003  8 
 3004  6 
 3005  9 
 3006  5 
 3007  7 
 3008  8 
 3009  7 
 3010  6 
 3011  9 
 3012  13 
 3013  6 
 3014  7 
 3015  5 
 3016  6 
 3017  11 
 3018  10 
 3019  8 
 3020  3 
 3021  10 
 3022  11 
 3023  6 
 3024  9 
 3025  7 
 3026  7 
 3027  8 
 3028  6 
 3029  7 
 3030  8 
 3031  5 
 3032  5 
 3033  8 
 3034  7 
 3035  8 
 3036  6 
 3037  4 
 3038  9 
 3039  14 
 3040  8 
 3041  6 
 3042  15 
 3043  8 
 3044  9 
 3045  9 
 3046  7 
 3047  5 
 3048  10 
 3049  6 
 3050  4 
 3051  5 
 3052  7 
 3053  8 
 3054  12 
 3055  8 
 3056  9 
 3057  5 
 3058  7 
 3059  8 
 3060  9 
 3061  8 
 3062  9 
 3063  7 
 3064  6 
 3065  12 
 3066  10 
 3067  8 
 3068  6 
 3069  8 
 3070  14 
 3071  6 
 3072  6 
 3073  10 
 3074  6 
 3075  10 
 3076  4 
 3077  11 
 3078  10 
 3079  11 
 3080  8 
 3081  6 
 3082  8 
 3083  9 
 3084  9 
 3085  9 
 3086  2 
 3087  2 
 3088  2 
 3089  3 
 3090  5 
 3091  13 
 3092  7 
 3093  10 
 3094  10 
 3095  12 
 3096  5 
 3097  12 
 3098  7 
 3099  8 
 3100  8 
 3101  7 
 3102  9 
 3103  6 
 3104  4 
 3105  11 
 3106  8 
 3107  8 
 3108  8 
 3109  5 
 3110  3 
 3111  13 
 3112  10 
 3113  10 
 3114  7 
 3115  7 
 3116  7 
 3117  7 
 3118  9 
 3119  7 
 3120  3 
 3121  8 
 3122  5 
 3123  11 
 3124  8 
 3125  6 
 3126  9 
 3127  6 
 3128  11 
 3129  8 
 3130  5 
 3131  7 
 3132  5 
 3133  9 
 3134  6 
 3135  7 
 3136  5 
 3137  8 
 3138  7 
 3139  5 
 3140  10 
 3141  11 
 3142  4 
 3143  4 
 3144  7 
 3145  4 
 3146  5 
 3147  3 
 3148  4 
 3149  9 
 3150  7 
 3151  4 
 3152  5 
 3153  5 
 3154  6 
 3155  8 
 3156  11 
 3157  4 
 3158  4 
 3159  11 
 3160  11 
 3161  2 
 3162  6 
 3163  7 
 3164  4 
 3165  5 
 3166  8 
 3167  6 
 3168  5 
 3169  8 
 3170  8 
 3171  5 
 3172  6 
 3173  14 
 3174  7 
 3175  8 
 3176  3 
 3177  4 
 3178  7 
 3179  7 
 3180  10 
 3181  6 
 3182  8 
 3183  7 
 3184  9 
 3185  5 
 3186  1 
 3187  8 
 3188  9 
 3189  6 
 3190  4 
 3191  4 
 3192  9 
 3193  12 
 3194  14 
 3195  4 
 3196  5 
 3197  7 
 3198  6 
 3199  8 
 3200  5 
 3201  9 
 3202  7 
 3203  6 
 3204  9 
 3205  3 
 3206  8 
 3207  7 
 3208  9 
 3209  2 
 3210  6 
 3211  8 
 3212  4 
 3213  4 
 3214  6 
 3215  5 
 3216  5 
 3217  6 
 3218  5 
 3219  13 
 3220  8 
 3221  9 
 3222  3 
 3223  8 
 3224  10 
 3225  12 
 3226  10 
 3227  9 
 3228  11 
 3229  6 
 3230  7 
 3231  5 
 3232  8 
 3233  2 
 3234  8 
 3235  4 
 3236  7 
 3237  6 
 3238  12 
 3239  13 
 3240  9 
 3241  7 
 3242  5 
 3243  11 
 3244  7 
 3245  9 
 3246  6 
 3247  2 
 3248  8 
 3249  6 
 3250  5 
 3251  10 
 3252  8 
 3253  8 
 3254  8 
 3255  5 
 3256  9 
 3257  2 
 3258  1 
 3259  9 
 3260  6 
 3261  6 
 3262  5 
 3263  9 
 3264  12 
 3265  7 
 3266  7 
 3267  6 
 3268  6 
 3269  7 
 3270  8 
 3271  8 
 3272  10 
 3273  5 
 3274  10 
 3275  2 
 3276  8 
 3277  8 
 3278  9 
 3279  8 
 3280  2 
 3281  6 
 3282  5 
 3283  8 
 3284  11 
 3285  9 
 3286  9 
 3287  6 
 3288  4 
 3289  8 
 3290  10 
 3291  6 
 3292  8 
 3293  7 
 3294  4 
 3295  4 
 3296  9 
 3297  5 
 3298  9 
 3299  7 
 3300  4 
 3301  8 
 3302  6 
 3303  12 
 3304  7 
 3305  5 
 3306  3 
 3307  10 
 3308  5 
 3309  9 
 3310  3 
 3311  5 
 3312  6 
 3313  6 
 3314  6 
 3315  3 
 3316  9 
 3317  13 
 3318  2 
 3319  5 
 3320  9 
 3321  2 
 3322  5 
 3323  11 
 3324  6 
 3325  7 
 3326  7 
 3327  10 
 3328  2 
 3329  7 
 3330  5 
 3331  6 
 3332  3 
 3333  7 
 3334  7 
 3335  4 
 3336  4 
 3337  10 
 3338  3 
 3339  3 
 3340  9 
 3341  4 
 3342  3 
 3343  6 
 3344  4 
 3345  3 
 3346  4 
 3347  10 
 3348  5 
 3349  7 
 3350  6 
 3351  9 
 3352  7 
 3353  3 
 3354  8 
 3355  2 
 3356  4 
 3357  3 
 3358  7 
 3359  9 
 3360  13 
 3361  7 
 3362  4 
 3363  10 
 3364  6 
 3365  10 
 3366  8 
 3367  9 
 3368  4 
 3369  8 
 3370  2 
 3371  8 
 3372  6 
 3373  8 
 3374  9 
 3375  3 
 3376  8 
 3377  9 
 3378  12 
 3379  8 
 3380  3 
 3381  4 
 3382  10 
 3383  8 
 3384  2 
 3385  8 
 3386  12 
 3387  6 
 3388  4 
 3389  7 
 3390  6 
 3391  7 
 3392  8 
 3393  7 
 3394  9 
 3395  4 
 3396  5 
 3397  10 
 3398  10 
 3399  6 
 3400  10 
 3401  7 
 3402  10 
 3403  3 
 3404  4 
 3405  2 
 3406  11 
 3407  4 
 3408  4 
 3409  6 
 3410  12 
 3411  6 
 3412  16 
 3413  7 
 3414  6 
 3415  11 
 3416  11 
 3417  11 
 3418  9 
 3419  10 
 3420  6 
 3421  13 
 3422  12 
 3423  7 
 3424  17 
 3425  6 
 3426  6 
 3427  13 
 3428  11 
 3429  13 
 3430  10 
 3431  15 
 3432  13 
 3433  14 
 3434  10 
 3435  14 
 3436  17 
 3437  16 
 3438  13 
 3439  12 
 3440  11 
 3441  14 
 3442  15 
 3443  19 
 3444  25 
 3445  16 
 3446  11 
 3447  19 
 3448  18 
 3449  11 
 3450  31 
 3451  15 
 3452  16 
 3453  13 
 3454  17 
 3455  13 
 3456  20 
 3457  20 
 3458  13 
 3459  6 
 3460  12 
 3461  7 
 3462  16 
 3463  8 
 3464  13 
 3465  9 
 3466  12 
 3467  10 
 3468  9 
 3469  8 
 3470  8 
 3471  6 
 3472  9 
 3473  11 
 3474  7 
 3475  7 
 3476  8 
 3477  4 
 3478  13 
 3479  12 
 3480  8 
 3481  5 
 3482  5 
 3483  4 
 3484  9 
 3485  9 
 3486  9 
 3487  7 
 3488  3 
 3489  9 
 3490  7 
 3491  3 
 3492  5 
 3493  9 
 3494  10 
 3495  7 
 3496  5 
 3497  6 
 3498  7 
 3499  5 
 3500  6 
 3501  10 
 3502  9 
 3503  7 
 3504  7 
 3505  7 
 3506  4 
 3507  7 
 3508  2 
 3509  9 
 3510  5 
 3511  5 
 3512  10 
 3513  8 
 3514  13 
 3515  10 
 3516  8 
 3517  7 
 3518  4 
 3519  11 
 3520  11 
 3521  7 
 3522  10 
 3523  7 
 3524  7 
 3525  7 
 3526  6 
 3527  12 
 3528  5 
 3529  9 
 3530  6 
 3531  6 
 3532  9 
 3533  6 
 3534  2 
 3535  7 
 3536  9 
 3537  5 
 3538  6 
 3539  6 
 3540  5 
 3541  10 
 3542  6 
 3543  6 
 3544  6 
 3545  5 
 3546  2 
 3547  4 
 3548  5 
 3549  7 
 3550  9 
 3551  6 
 3552  12 
 3553  10 
 3554  7 
 3555  4 
 3556  5 
 3557  3 
 3558  3 
 3559  6 
 3560  4 
 3561  5 
 3562  6 
 3563  4 
 3564  4 
 3565  10 
 3566  9 
 3567  4 
 3568  7 
 3569  6 
 3570  7 
 3571  6 
 3572  4 
 3573  3 
 3574  12 
 3575  4 
 3576  11 
 3577  5 
 3578  6 
 3579  8 
 3580  6 
 3581  5 
 3582  8 
 3583  5 
 3584  4 
 3585  4 
 3586  6 
 3587  7 
 3588  6 
 3589  4 
 3590  12 
 3591  14 
 3592  7 
 3593  12 
 3594  7 
 3595  3 
 3596  8 
 3597  8 
 3598  3 
 3599  4 
 3600  9 
 3601  11 
 3602  10 
 3603  7 
 3604  4 
 3605  9 
 3606  5 
 3607  7 
 3608  7 
 3609  2 
 3610  5 
 3611  7 
 3612  3 
 3613  4 
 3614  3 
 3615  7 
 3616  10 
 3617  3 
 3618  7 
 3619  3 
 3620  2 
 3621  3 
 3622  6 
 3623  5 
 3624  4 
 3625  9 
 3626  5 
 3627  6 
 3628  6 
 3629  5 
 3630  9 
 3631  9 
 3632  4 
 3633  8 
 3634  8 
 3635  6 
 3636  2 
 3637  6 
 3638  3 
 3639  1 
 3640  7 
 3641  6 
 3642  5 
 3643  5 
 3644  10 
 3645  5 
 3646  2 
 3647  4 
 3648  7 
 3649  9 
 3650  13 
 3651  8 
 3652  8 
 3653  8 
 3654  2 
 3655  7 
 3656  10 
 3657  4 
 3658  9 
 3659  8 
 3660  7 
 3661  4 
 3662  7 
 3663  4 
 3664  4 
 3665  7 
 3666  5 
 3667  4 
 3668  7 
 3669  7 
 3670  1 
 3671  10 
 3672  5 
 3673  11 
 3674  6 
 3675  5 
 3676  9 
 3677  6 
 3678  6 
 3679  2 
 3680  4 
 3681  7 
 3682  4 
 3683  3 
 3684  5 
 3685  6 
 3686  8 
 3687  7 
 3688  4 
 3689  3 
 3690  4 
 3691  5 
 3692  5 
 3693  4 
 3694  10 
 3695  4 
 3696  7 
 3697  7 
 3698  7 
 3699  7 
 3700  3 
 3701  8 
 3702  7 
 3703  10 
 3704  2 
 3705  6 
 3706  6 
 3707  1 
 3708  5 
 3709  5 
 3710  7 
 3711  4 
 3712  5 
 3713  9 
 3714  5 
 3715  6 
 3716  10 
 3717  5 
 3718  4 
 3719  3 
 3720  6 
 3721  8 
 3722  5 
 3723  7 
 3724  12 
 3725  6 
 3726  7 
 3727  9 
 3728  5 
 3729  3 
 3730  5 
 3731  5 
 3732  5 
 3733  2 
 3734  7 
 3735  5 
 3736  10 
 3737  8 
 3738  3 
 3739  3 
 3740  6 
 3741  4 
 3742  7 
 3743  7 
 3744  9 
 3745  4 
 3746  7 
 3747  3 
 3748  8 
 3749  6 
 3750  2 
 3751  7 
 3752  9 
 3753  3 
 3754  7 
 3755  10 
 3756  7 
 3757  8 
 3758  7 
 3759  3 
 3760  7 
 3761  7 
 3762  7 
 3763  3 
 3764  3 
 3765  5 
 3766  5 
 3767  5 
 3768  5 
 3769  6 
 3770  1 
 3771  4 
 3772  6 
 3773  10 
 3774  7 
 3775  7 
 3776  3 
 3777  7 
 3778  9 
 3779  6 
 3780  7 
 3781  6 
 3782  11 
 3783  4 
 3784  6 
 3785  9 
 3786  5 
 3787  6 
 3788  3 
 3789  6 
 3790  5 
 3791  8 
 3792  3 
 3793  6 
 3794  10 
 3795  3 
 3796  9 
 3797  3 
 3798  7 
 3799  3 
 3800  8 
 3801  2 
 3802  4 
 3803  4 
 3804  4 
 3805  5 
 3806  9 
 3807  6 
 3808  2 
 3809  9 
 3810  2 
 3811  5 
 3812  6 
 3813  6 
 3814  2 
 3815  5 
 3816  5 
 3817  5 
 3818  4 
 3819  5 
 3820  10 
 3821  6 
 3822  9 
 3823  5 
 3824  8 
 3825  6 
 3826  9 
 3827  5 
 3828  3 
 3829  8 
 3830  4 
 3831  1 
 3832  9 
 3833  8 
 3834  6 
 3835  3 
 3836  4 
 3837  5 
 3838  4 
 3839  6 
 3840  5 
 3841  7 
 3842  6 
 3843  3 
 3844  4 
 3845  13 
 3846  8 
 3847  7 
 3848  3 
 3849  7 
 3850  2 
 3851  3 
 3852  6 
 3853  5 
 3854  5 
 3855  5 
 3856  10 
 3857  2 
 3858  9 
 3859  7 
 3860  5 
 3861  3 
 3862  7 
 3863  4 
 3864  3 
 3865  2 
 3866  5 
 3867  6 
 3868  3 
 3869  3 
 3870  9 
 3871  4 
 3872  6 
 3873  8 
 3874  8 
 3875  6 
 3876  7 
 3877  4 
 3878  3 
 3879  3 
 3880  4 
 3881  3 
 3882  4 
 3883  6 
 3884  6 
 3885  3 
 3886  7 
 3887  7 
 3888  3 
 3889  7 
 3890  4 
 3891  12 
 3892  4 
 3893  7 
 3894  4 
 3895  7 
 3896  10 
 3897  3 
 3898  7 
 3899  7 
 3900  6 
 3901  4 
 3902  3 
 3903  7 
 3904  5 
 3905  4 
 3906  5 
 3907  5 
 3908  5 
 3909  4 
 3910  4 
 3911  5 
 3912  1 
 3913  3 
 3914  5 
 3915  6 
 3916  7 
 3917  4 
 3918  7 
 3919  3 
 3920  4 
 3921  6 
 3922  3 
 3923  1 
 3924  2 
 3925  4 
 3926  3 
 3927  4 
 3928  5 
 3929  10 
 3930  9 
 3931  10 
 3932  7 
 3933  7 
 3934  7 
 3935  7 
 3936  11 
 3937  4 
 3938  2 
 3939  11 
 3940  5 
 3941  8 
 3942  3 
 3943  2 
 3944  5 
 3945  9 
 3946  15 
 3947  7 
 3948  6 
 3949  8 
 3950  5 
 3951  7 
 3952  4 
 3953  4 
 3954  10 
 3955  3 
 3956  7 
 3957  9 
 3958  4 
 3959  2 
 3960  7 
 3961  7 
 3962  7 
 3963  3 
 3964  9 
 3965  4 
 3966  3 
 3967  8 
 3968  6 
 3969  9 
 3970  6 
 3971  3 
 3972  6 
 3973  2 
 3974  7 
 3975  8 
 3976  6 
 3977  8 
 3978  6 
 3979  2 
 3980  5 
 3981  7 
 3982  3 
 3983  5 
 3984  4 
 3985  1 
 3986  4 
 3987  7 
 3988  7 
 3989  8 
 3990  7 
 3991  6 
 3992  5 
 3993  5 
 3994  6 
 3995  4 
 3996  5 
 3997  7 
 3998  10 
 3999  4 
 4000  5 
 4001  8 
 4002  4 
 4003  7 
 4004  6 
 4005  9 
 4006  8 
 4007  10 
 4008  6 
 4009  10 
 4010  9 
 4011  9 
 4012  10 
 4013  6 
 4014  5 
 4015  8 
 4016  3 
 4017  8 
 4018  6 
 4019  9 
 4020  8 
 4021  7 
 4022  6 
 4023  4 
 4024  2 
 4025  9 
 4026  7 
 4027  6 
 4028  4 
 4029  5 
 4030  7 
 4031  7 
 4032  8 
 4033  5 
 4034  5 
 4035  10 
 4036  5 
 4037  3 
 4038  7 
 4039  2 
 4040  5 
 4041  3 
 4042  9 
 4043  3 
 4044  4 
 4045  8 
 4046  10 
 4047  5 
 4048  10 
 4049  3 
 4050  4 
 4051  5 
 4052  10 
 4053  10 
 4054  7 
 4055  7 
 4056  6 
 4057  3 
 4058  6 
 4059  9 
 4060  7 
 4061  10 
 4062  3 
 4063  6 
 4064  5 
 4065  5 
 4066  5 
 4067  7 
 4068  8 
 4069  6 
 4070  10 
 4071  5 
 4072  8 
 4073  5 
 4074  2 
 4075  7 
 4076  9 
 4077  6 
 4078  8 
 4079  5 
 4080  9 
 4081  4 
 4082  7 
 4083  6 
 4084  9 
 4085  5 
 4086  11 
 4087  5 
 4088  7 
 4089  6 
 4090  6 
 4091  6 
 4092  8 
 4093  3 
 4094  9 
 4095  10 
 4096  3 
 4097  8 
 4098  5 
 4099  6 
 4100  6 
 4101  10 
 4102  4 
 4103  10 
 4104  6 
 4105  2 
 4106  6 
 4107  9 
 4108  3 
 4109  4 
 4110  3 
 4111  9 
 4112  9 
 4113  1 
 4114  6 
 4115  2 
 4116  7 
 4117  3 
 4118  6 
 4119  6 
 4120  4 
 4121  11 
 4122  3 
 4123  4 
 4124  8 
 4125  7 
 4126  4 
 4127  7 
 4128  12 
 4129  4 
 4130  5 
 4131  7 
 4132  5 
 4133  5 
 4134  10 
 4135  6 
 4136  4 
 4137  6 
 4138  7 
 4139  2 
 4140  7 
 4141  8 
 4142  6 
 4143  8 
 4144  5 
 4145  12 
 4146  9 
 4147  8 
 4148  7 
 4149  11 
 4150  7 
 4151  10 
 4152  10 
 4153  6 
 4154  12 
 4155  11 
 4156  8 
 4157  12 
 4158  6 
 4159  9 
 4160  9 
 4161  10 
 4162  8 
 4163  7 
 4164  7 
 4165  9 
 4166  10 
 4167  14 
 4168  19 
 4169  6 
 4170  13 
 4171  11 
 4172  19 
 4173  11 
 4174  25 
 4175  20 
 4176  11 
 4177  17 
 4178  18 
 4179  19 
 4180  15 
 4181  11 
 4182  19 
 4183  9 
 4184  20 
 4185  21 
 4186  15 
 4187  16 
 4188  17 
 4189  21 
 4190  15 
 4191  14 
 4192  11 
 4193  12 
 4194  20 
 4195  7 
 4196  21 
 4197  17 
 4198  15 
 4199  16 
 4200  11 
 4201  16 
 4202  16 
 4203  11 
 4204  11 
 4205  9 
 4206  14 
 4207  12 
 4208  10 
 4209  4 
 4210  14 
 4211  8 
 4212  12 
 4213  8 
 4214  8 
 4215  8 
 4216  5 
 4217  12 
 4218  7 
 4219  6 
 4220  7 
 4221  6 
 4222  6 
 4223  10 
 4224  5 
 4225  9 
 4226  3 
 4227  4 
 4228  5 
 4229  5 
 4230  4 
 4231  5 
 4232  4 
 4233  7 
 4234  4 
 4235  11 
 4236  9 
 4237  6 
 4238  4 
 4239  11 
 4240  5 
 4241  6 
 4242  3 
 4243  12 
 4244  3 
 4245  5 
 4246  8 
 4247  9 
 4248  6 
 4249  12 
 4250  12 
 4251  7 
 4252  7 
 4253  6 
 4254  4 
 4255  6 
 4256  9 
 4257  6 
 4258  9 
 4259  4 
 4260  9 
 4261  7 
 4262  8 
 4263  10 
 4264  9 
 4265  9 
 4266  9 
 4267  11 
 4268  9 
 4269  13 
 4270  7 
 4271  13 
 4272  17 
 4273  11 
 4274  13 
 4275  15 
 4276  14 
 4277  15 
 4278  12 
 4279  20 
 4280  22 
 4281  19 
 4282  17 
 4283  20 
 4284  20 
 4285  28 
 4286  28 
 4287  26 
 4288  29 
 4289  38 
 4290  46 
 4291  49 
 4292  32 
 4293  35 
 4294  32 
 4295  48 
 4296  42 
 4297  40 
 4298  51 
 4299  50 
 4300  54 
 4301  66 
 4302  60 
 4303  58 
 4304  56 
 4305  67 
 4306  91 
 4307  75 
 4308  65 
 4309  79 
 4310  69 
 4311  67 
 4312  101 
 4313  77 
 4314  112 
 4315  69 
 4316  82 
 4317  77 
 4318  86 
 4319  84 
 4320  75 
 4321  75 
 4322  91 
 4323  81 
 4324  82 
 4325  78 
 4326  83 
 4327  79 
 4328  84 
 4329  61 
 4330  61 
 4331  74 
 4332  75 
 4333  60 
 4334  58 
 4335  51 
 4336  48 
 4337  47 
 4338  52 
 4339  46 
 4340  37 
 4341  45 
 4342  37 
 4343  25 
 4344  34 
 4345  28 
 4346  13 
 4347  14 
 4348  23 
 4349  15 
 4350  11 
 4351  11 
 4352  14 
 4353  13 
 4354  7 
 4355  9 
 4356  6 
 4357  7 
 4358  10 
 4359  12 
 4360  5 
 4361  9 
 4362  11 
 4363  9 
 4364  3 
 4365  6 
 4366  6 
 4367  4 
 4368  11 
 4369  6 
 4370  7 
 4371  8 
 4372  7 
 4373  4 
 4374  11 
 4375  3 
 4376  5 
 4377  4 
 4378  7 
 4379  6 
 4380  6 
 4381  9 
 4382  6 
 4383  4 
 4384  6 
 4385  4 
 4386  8 
 4387  3 
 4388  12 
 4389  9 
 4390  6 
 4391  4 
 4392  5 
 4393  6 
 4394  7 
 4395  7 
 4396  7 
 4397  5 
 4398  5 
 4399  10 
 4400  8 
 4401  3 
 4402  4 
 4403  3 
 4404  5 
 4405  7 
 4406  12 
 4407  6 
 4408  5 
 4409  1 
 4410  5 
 4411  3 
 4412  9 
 4413  3 
 4414  12 
 4415  7 
 4416  4 
 4417  6 
 4418  6 
 4419  8 
 4420  4 
 4421  11 
 4422  6 
 4423  5 
 4424  7 
 4425  9 
 4426  7 
 4427  6 
 4428  6 
 4429  5 
 4430  7 
 4431  7 
 4432  8 
 4433  6 
 4434  7 
 4435  8 
 4436  6 
 4437  7 
 4438  9 
 4439  4 
 4440  5 
 4441  1 
 4442  8 
 4443  5 
 4444  11 
 4445  10 
 4446  5 
 4447  7 
 4448  4 
 4449  8 
 4450  9 
 4451  6 
 4452  6 
 4453  6 
 4454  11 
 4455  7 
 4456  4 
 4457  6 
 4458  4 
 4459  8 
 4460  4 
 4461  5 
 4462  5 
 4463  5 
 4464  5 
 4465  6 
 4466  4 
 4467  7 
 4468  9 
 4469  5 
 4470  12 
 4471  11 
 4472  9 
 4473  2 
 4474  3 
 4475  7 
 4476  11 
 4477  5 
 4478  9 
 4479  7 
 4480  2 
 4481  5 
 4482  7 
 4483  6 
 4484  5 
 4485  4 
 4486  3 
 4487  2 
 4488  4 
 4489  10 
 4490  7 
 4491  5 
 4492  8 
 4493  6 
 4494  8 
 4495  4 
 4496  6 
 4497  7 
 4498  8 
 4499  2 
 4500  4 
 4501  4 
 4502  4 
 4503  3 
 4504  4 
 4505  4 
 4506  1 
 4507  10 
 4508  7 
 4509  4 
 4510  3 
 4511  9 
 4512  4 
 4513  5 
 4514  10 
 4515  9 
 4516  2 
 4517  8 
 4518  4 
 4519  9 
 4520  10 
 4521  8 
 4522  7 
 4523  3 
 4524  2 
 4525  5 
 4526  6 
 4527  9 
 4528  4 
 4529  13 
 4530  7 
 4531  9 
 4532  8 
 4533  7 
 4534  7 
 4535  6 
 4536  8 
 4537  5 
 4538  7 
 4539  9 
 4540  5 
 4541  6 
 4542  11 
 4543  5 
 4544  6 
 4545  8 
 4546  9 
 4547  7 
 4548  9 
 4549  4 
 4550  11 
 4551  5 
 4552  6 
 4553  6 
 4554  5 
 4555  3 
 4556  8 
 4557  6 
 4558  7 
 4559  9 
 4560  8 
 4561  8 
 4562  7 
 4563  8 
 4564  2 
 4565  9 
 4566  8 
 4567  3 
 4568  6 
 4569  5 
 4570  11 
 4571  9 
 4572  8 
 4573  7 
 4574  8 
 4575  15 
 4576  7 
 4577  10 
 4578  5 
 4579  4 
 4580  12 
 4581  6 
 4582  8 
 4583  8 
 4584  8 
 4585  9 
 4586  8 
 4587  12 
 4588  6 
 4589  4 
 4590  9 
 4591  9 
 4592  10 
 4593  10 
 4594  16 
 4595  5 
 4596  7 
 4597  12 
 4598  8 
 4599  15 
 4600  9 
 4601  10 
 4602  10 
 4603  10 
 4604  13 
 4605  14 
 4606  9 
 4607  16 
 4608  20 
 4609  15 
 4610  15 
 4611  21 
 4612  19 
 4613  31 
 4614  20 
 4615  29 
 4616  30 
 4617  30 
 4618  30 
 4619  34 
 4620  47 
 4621  35 
 4622  44 
 4623  64 
 4624  55 
 4625  61 
 4626  68 
 4627  63 
 4628  67 
 4629  68 
 4630  73 
 4631  80 
 4632  105 
 4633  96 
 4634  110 
 4635  122 
 4636  151 
 4637  124 
 4638  148 
 4639  189 
 4640  175 
 4641  205 
 4642  205 
 4643  242 
 4644  252 
 4645  281 
 4646  298 
 4647  336 
 4648  360 
 4649  418 
 4650  489 
 4651  513 
 4652  580 
 4653  571 
 4654  725 
 4655  741 
 4656  835 
 4657  895 
 4658  973 
 4659  1052 
 4660  1129 
 4661  1255 
 4662  1280 
 4663  1437 
 4664  1569 
 4665  1603 
 4666  1693 
 4667  1687 
 4668  1687 
 4669  1870 
 4670  1819 
 4671  1902 
 4672  1845 
 4673  1880 
 4674  1779 
 4675  1751 
 4676  1710 
 4677  1636 
 4678  1635 
 4679  1507 
 4680  1341 
 4681  1262 
 4682  1231 
 4683  1046 
 4684  994 
 4685  860 
 4686  779 
 4687  711 
 4688  561 
 4689  513 
 4690  443 
 4691  392 
 4692  364 
 4693  298 
 4694  260 
 4695  175 
 4696  148 
 4697  125 
 4698  111 
 4699  93 
 4700  85 
 4701  57 
 4702  54 
 4703  52 
 4704  50 
 4705  39 
 4706  35 
 4707  32 
 4708  23 
 4709  40 
 4710  36 
 4711  27 
 4712  22 
 4713  30 
 4714  17 
 4715  30 
 4716  18 
 4717  24 
 4718  21 
 4719  20 
 4720  12 
 4721  17 
 4722  11 
 4723  14 
 4724  14 
 4725  15 
 4726  9 
 4727  4 
 4728  8 
 4729  5 
 4730  7 
 4731  12 
 4732  12 
 4733  3 
 4734  5 
 4735  10 
 4736  9 
 4737  5 
 4738  7 
 4739  7 
 4740  4 
 4741  11 
 4742  7 
 4743  12 
 4744  13 
 4745  7 
 4746  7 
 4747  7 
 4748  7 
 4749  7 
 4750  2 
 4751  9 
 4752  6 
 4753  8 
 4754  11 
 4755  3 
 4756  7 
 4757  7 
 4758  6 
 4759  15 
 4760  10 
 4761  12 
 4762  7 
 4763  7 
 4764  6 
 4765  15 
 4766  12 
 4767  7 
 4768  15 
 4769  13 
 4770  10 
 4771  19 
 4772  19 
 4773  17 
 4774  9 
 4775  25 
 4776  15 
 4777  16 
 4778  25 
 4779  31 
 4780  19 
 4781  25 
 4782  30 
 4783  38 
 4784  33 
 4785  45 
 4786  40 
 4787  59 
 4788  49 
 4789  59 
 4790  50 
 4791  62 
 4792  70 
 4793  63 
 4794  59 
 4795  80 
 4796  68 
 4797  65 
 4798  62 
 4799  59 
 4800  70 
 4801  79 
 4802  70 
 4803  63 
 4804  76 
 4805  50 
 4806  53 
 4807  42 
 4808  33 
 4809  32 
 4810  32 
 4811  21 
 4812  25 
 4813  28 
 4814  28 
 4815  15 
 4816  14 
 4817  14 
 4818  9 
 4819  12 
 4820  2 
 4821  13 
 4822  10 
 4823  6 
 4824  3 
 4825  2 
 4826  3 
 4827  3 
 4828  3 
 4829  2 
 4830  4 
 4831  4 
 4832  3 
 4833  3 
 4834  1 
 4835  4 
 4836  2 
 4837  3 
 4838  2 
 4839  3 
 4840  2 
 4841  2 
 4842  1 
 4843  4 
 4844  3 
 4845  4 
 4846  3 
 4847  2 
 4848  3 
 4849  2 
 4850  3 
 4851  2 
 4852  2 
 4853  5 
 4854  0 
 4855  3 
 4856  6 
 4857  4 
 4858  3 
 4859  6 
 4860  2 
 4861  3 
 4862  1 
 4863  5 
 4864  0 
 4865  5 
 4866  3 
 4867  2 
 4868  1 
 4869  0 
 4870  5 
 4871  3 
 4872  5 
 4873  2 
 4874  2 
 4875  3 
 4876  2 
 4877  5 
 4878  1 
 4879  4 
 4880  0 
 4881  2 
 4882  3 
 4883  2 
 4884  5 
 4885  2 
 4886  2 
 4887  4 
 4888  2 
 4889  1 
 4890  4 
 4891  4 
 4892  1 
 4893  4 
 4894  1 
 4895  5 
 4896  9 
 4897  3 
 4898  6 
 4899  4 
 4900  8 
 4901  5 
 4902  6 
 4903  6 
 4904  5 
 4905  6 
 4906  7 
 4907  5 
 4908  2 
 4909  6 
 4910  3 
 4911  7 
 4912  6 
 4913  3 
 4914  2 
 4915  10 
 4916  5 
 4917  6 
 4918  6 
 4919  8 
 4920  11 
 4921  9 
 4922  10 
 4923  5 
 4924  11 
 4925  6 
 4926  9 
 4927  6 
 4928  6 
 4929  9 
 4930  8 
 4931  11 
 4932  13 
 4933  9 
 4934  7 
 4935  15 
 4936  18 
 4937  21 
 4938  9 
 4939  15 
 4940  26 
 4941  23 
 4942  20 
 4943  23 
 4944  27 
 4945  30 
 4946  33 
 4947  32 
 4948  34 
 4949  43 
 4950  41 
 4951  64 
 4952  65 
 4953  64 
 4954  79 
 4955  81 
 4956  101 
 4957  97 
 4958  107 
 4959  119 
 4960  123 
 4961  141 
 4962  136 
 4963  149 
 4964  180 
 4965  204 
 4966  228 
 4967  215 
 4968  233 
 4969  245 
 4970  276 
 4971  287 
 4972  260 
 4973  339 
 4974  334 
 4975  365 
 4976  366 
 4977  422 
 4978  410 
 4979  476 
 4980  448 
 4981  505 
 4982  511 
 4983  565 
 4984  582 
 4985  649 
 4986  666 
 4987  677 
 4988  684 
 4989  673 
 4990  741 
 4991  700 
 4992  715 
 4993  820 
 4994  773 
 4995  810 
 4996  775 
 4997  753 
 4998  782 
 4999  746 
 5000  758 
 5001  742 
 5002  719 
 5003  678 
 5004  690 
 5005  672 
 5006  609 
 5007  603 
 5008  525 
 5009  557 
 5010  487 
 5011  474 
 5012  425 
 5013  410 
 5014  371 
 5015  340 
 5016  293 
 5017  272 
 5018  261 
 5019  231 
 5020  195 
 5021  143 
 5022  144 
 5023  147 
 5024  97 
 5025  102 
 5026  66 
 5027  60 
 5028  71 
 5029  52 
 5030  50 
 5031  42 
 5032  20 
 5033  22 
 5034  31 
 5035  18 
 5036  17 
 5037  19 
 5038  7 
 5039  6 
 5040  6 
 5041  3 
 5042  5 
 5043  3 
 5044  9 
 5045  13 
 5046  4 
 5047  2 
 5048  6 
 5049  6 
 5050  7 
 5051  5 
 5052  7 
 5053  4 
 5054  4 
 5055  4 
 5056  3 
 5057  3 
 5058  5 
 5059  9 
 5060  8 
 5061  8 
 5062  3 
 5063  6 
 5064  10 
 5065  6 
 5066  6 
 5067  10 
 5068  13 
 5069  15 
 5070  13 
 5071  18 
 5072  13 
 5073  20 
 5074  17 
 5075  29 
 5076  20 
 5077  22 
 5078  29 
 5079  28 
 5080  34 
 5081  32 
 5082  36 
 5083  42 
 5084  57 
 5085  53 
 5086  69 
 5087  53 
 5088  75 
 5089  84 
 5090  74 
 5091  75 
 5092  84 
 5093  84 
 5094  124 
 5095  85 
 5096  75 
 5097  70 
 5098  87 
 5099  82 
 5100  82 
 5101  67 
 5102  63 
 5103  63 
 5104  48 
 5105  45 
 5106  40 
 5107  49 
 5108  30 
 5109  23 
 5110  19 
 5111  20 
 5112  14 
 5113  14 
 5114  25 
 5115  11 
 5116  11 
 5117  6 
 5118  5 
 5119  7 
 5120  7 
 5121  6 
 5122  7 
 5123  4 
 5124  9 
 5125  3 
 5126  7 
 5127  3 
 5128  10 
 5129  4 
 5130  9 
 5131  9 
 5132  7 
 5133  8 
 5134  7 
 5135  6 
 5136  11 
 5137  5 
 5138  13 
 5139  8 
 5140  19 
 5141  15 
 5142  12 
 5143  11 
 5144  8 
 5145  9 
 5146  6 
 5147  9 
 5148  3 
 5149  7 
 5150  7 
 5151  14 
 5152  5 
 5153  12 
 5154  11 
 5155  6 
 5156  6 
 5157  11 
 5158  6 
 5159  8 
 5160  5 
 5161  9 
 5162  6 
 5163  7 
 5164  16 
 5165  9 
 5166  3 
 5167  6 
 5168  8 
 5169  3 
 5170  4 
 5171  3 
 5172  3 
 5173  7 
 5174  0 
 5175  2 
 5176  3 
 5177  0 
 5178  1 
 5179  1 
 5180  1 
 5181  3 
 5182  0 
 5183  1 
 5184  1 
 5185  0 
 5186  0 
 5187  1 
 5188  1 
 5189  0 
 5190  0 
 5191  0 
 5192  1 
 5193  0 
 5194  0 
 5195  0 
 5196  0 
 5197  0 
 5198  0 
 5199  0 
 5200  0 
 5201  0 
 5202  0 
 5203  1 
 5204  0 
 5205  0 
 5206  0 
 5207  0 
 5208  0 
 5209  0 
 5210  0 
 5211  0 
 5212  0 
 5213  0 
 5214  0 
 5215  0 
 5216  0 
 5217  0 
 5218  0 
 5219  0 
 5220  0 
 5221  0 
 5222  0 
 5223  0 
 5224  0 
 5225  0 
 5226  0 
 5227  0 
 5228  0 
 5229  0 
 5230  0 
 5231  0 
 5232  0 
 5233  0 
 5234  0 
 5235  0 
 5236  0 
 5237  0 
 5238  0 
 5239  0 
 5240  0 
 5241  0 
 5242  1 
 5243  0 
 5244  0 
 5245  0 
 5246  0 
 5247  0 
 5248  0 
 5249  0 
 5250  0 
 5251  0 
 5252  0 
 5253  0 
 5254  0 
 5255  0 
 5256  0 
 5257  0 
 5258  0 
 5259  1 
 5260  0 
 5261  0 
 5262  0 
 5263  0 
 5264  0 
 5265  0 
 5266  0 
 5267  0 
 5268  0 
 5269  0 
 5270  0 
 5271  0 
 5272  0 
 5273  0 
 5274  0 
 5275  0 
 5276  0 
 5277  0 
 5278  0 
 5279  0 
 5280  0 
 5281  0 
 5282  0 
 5283  0 
 5284  0 
 5285  0 
 5286  0 
 5287  0 
 5288  0 
 5289  0 
 5290  0 
 5291  0 
 5292  0 
 5293  0 
 5294  0 
 5295  0 
 5296  0 
 5297  0 
 5298  0 
 5299  0 
 5300  0 
 5301  0 
 5302  0 
 5303  1 
 5304  0 
 5305  0 
 5306  0 
 5307  0 
 5308  0 
 5309  0 
 5310  0 
 5311  0 
 5312  0 
 5313  0 
 5314  1 
 5315  0 
 5316  0 
 5317  0 
 5318  0 
 5319  0 
 5320  0 
 5321  0 
 5322  0 
 5323  0 
 5324  0 
 5325  0 
 5326  0 
 5327  0 
 5328  0 
 5329  0 
 5330  0 
 5331  0 
 5332  0 
 5333  0 
 5334  0 
 5335  0 
 5336  0 
 5337  0 
 5338  0 
 5339  0 
 5340  0 
 5341  0 
 5342  0 
 5343  0 
 5344  1 
 5345  0 
 5346  0 
 5347  0 
 5348  0 
 5349  0 
 5350  0 
 5351  0 
 5352  0 
 5353  0 
 5354  0 
 5355  0 
 5356  0 
 5357  1 
 5358  0 
 5359  0 
 5360  0 
 5361  0 
 5362  0 
 5363  0 
 5364  0 
 5365  0 
 5366  0 
 5367  0 
 5368  0 
 5369  0 
 5370  0 
 5371  0 
 5372  0 
 5373  0 
 5374  0 
 5375  0 
 5376  0 
 5377  0 
 5378  1 
 5379  0 
 5380  0 
 5381  0 
 5382  0 
 5383  0 
 5384  0 
 5385  0 
 5386  0 
 5387  0 
 5388  0 
 5389  0 
 5390  0 
 5391  0 
 5392  0 
 5393  0 
 5394  0 
 5395  0 
 5396  0 
 5397  0 
 5398  0 
 5399  0 
 5400  0 
 5401  0 
 5402  0 
 5403  0 
 5404  0 
 5405  1 
 5406  0 
 5407  0 
 5408  0 
 5409  0 
 5410  0 
 5411  0 
 5412  0 
 5413  0 
 5414  0 
 5415  0 
 5416  0 
 5417  0 
 5418  0 
 5419  0 
 5420  0 
 5421  0 
 5422  0 
 5423  0 
 5424  0 
 5425  0 
 5426  0 
 5427  0 
 5428  0 
 5429  0 
 5430  0 
 5431  0 
 5432  0 
 5433  0 
 5434  0 
 5435  0 
 5436  0 
 5437  0 
 5438  0 
 5439  0 
 5440  0 
 5441  0 
 5442  0 
 5443  0 
 5444  0 
 5445  0 
 5446  0 
 5447  0 
 5448  0 
 5449  0 
 5450  0 
 5451  0 
 5452  0 
 5453  0 
 5454  0 
 5455  0 
 5456  0 
 5457  0 
 5458  0 
 5459  0 
 5460  0 
 5461  0 
 5462  0 
 5463  0 
 5464  0 
 5465  0 
 5466  0 
 5467  0 
 5468  0 
 5469  0 
 5470  0 
 5471  0 
 5472  0 
 5473  0 
 5474  0 
 5475  0 
 5476  0 
 5477  0 
 5478  0 
 5479  0 
 5480  0 
 5481  0 
 5482  0 
 5483  0 
 5484  0 
 5485  0 
 5486  0 
 5487  0 
 5488  0 
 5489  0 
 5490  0 
 5491  0 
 5492  0 
 5493  0 
 5494  0 
 5495  0 
 5496  0 
 5497  0 
 5498  0 
 5499  0 
 5500  0 
 5501  0 
 5502  0 
 5503  0 
 5504  0 
 5505  0 
 5506  0 
 5507  0 
 5508  0 
 5509  0 
 5510  0 
 5511  0 
 5512  0 
 5513  0 
 5514  0 
 5515  0 
 5516  0 
 5517  0 
 5518  0 
 5519  0 
 5520  0 
 5521  0 
 5522  0 
 5523  0 
 5524  0 
 5525  1 
 5526  0 
 5527  0 
 5528  1 
 5529  0 
 5530  0 
 5531  0 
 5532  0 
 5533  0 
 5534  0 
 5535  0 
 5536  0 
 5537  0 
 5538  0 
 5539  0 
 5540  0 
 5541  0 
 5542  0 
 5543  0 
 5544  0 
 5545  0 
 5546  0 
 5547  0 
 5548  0 
 5549  0 
 5550  0 
 5551  0 
 5552  0 
 5553  0 
 5554  0 
 5555  0 
 5556  0 
 5557  0 
 5558  0 
 5559  0 
 5560  0 
 5561  0 
 5562  0 
 5563  0 
 5564  0 
 5565  0 
 5566  0 
 5567  0 
 5568  0 
 5569  0 
 5570  0 
 5571  0 
 5572  0 
 5573  0 
 5574  0 
 5575  0 
 5576  0 
 5577  1 
 5578  0 
 5579  0 
 5580  0 
 5581  0 
 5582  0 
 5583  0 
 5584  0 
 5585  0 
 5586  0 
 5587  0 
 5588  0 
 5589  0 
 5590  0 
 5591  0 
 5592  0 
 5593  0 
 5594  0 
 5595  0 
 5596  0 
 5597  0 
 5598  0 
 5599  0 
 5600  0 
 5601  0 
 5602  0 
 5603  0 
 5604  0 
 5605  0 
 5606  0 
 5607  0 
 5608  0 
 5609  0 
 5610  0 
 5611  0 
 5612  0 
 5613  0 
 5614  0 
 5615  0 
 5616  0 
 5617  0 
 5618  0 
 5619  0 
 5620  0 
 5621  0 
 5622  0 
 5623  0 
 5624  0 
 5625  0 
 5626  0 
 5627  0 
 5628  0 
 5629  0 
 5630  0 
 5631  0 
 5632  0 
 5633  0 
 5634  0 
 5635  0 
 5636  0 
 5637  0 
 5638  0 
 5639  1 
 5640  0 
 5641  0 
 5642  0 
 5643  0 
 5644  0 
 5645  0 
 5646  0 
 5647  0 
 5648  0 
 5649  0 
 5650  0 
 5651  0 
 5652  0 
 5653  0 
 5654  0 
 5655  0 
 5656  0 
 5657  0 
 5658  0 
 5659  0 
 5660  0 
 5661  0 
 5662  0 
 5663  1 
 5664  0 
 5665  0 
 5666  0 
 5667  0 
 5668  0 
 5669  0 
 5670  0 
 5671  0 
 5672  0 
 5673  0 
 5674  0 
 5675  0 
 5676  0 
 5677  0 
 5678  0 
 5679  0 
 5680  0 
 5681  0 
 5682  0 
 5683  0 
 5684  0 
 5685  0 
 5686  0 
 5687  0 
 5688  0 
 5689  0 
 5690  0 
 5691  0 
 5692  0 
 5693  0 
 5694  1 
 5695  0 
 5696  0 
 5697  0 
 5698  0 
 5699  0 
 5700  0 
 5701  0 
 5702  0 
 5703  0 
 5704  2 
 5705  0 
 5706  0 
 5707  0 
 5708  0 
 5709  0 
 5710  0 
 5711  0 
 5712  0 
 5713  0 
 5714  0 
 5715  0 
 5716  0 
 5717  0 
 5718  0 
 5719  0 
 5720  0 
 5721  0 
 5722  0 
 5723  0 
 5724  0 
 5725  0 
 5726  0 
 5727  0 
 5728  0 
 5729  0 
 5730  0 
 5731  0 
 5732  0 
 5733  0 
 5734  0 
 5735  0 
 5736  0 
 5737  0 
 5738  0 
 5739  0 
 5740  0 
 5741  0 
 5742  0 
 5743  0 
 5744  0 
 5745  0 
 5746  0 
 5747  1 
 5748  0 
 5749  0 
 5750  0 
 5751  0 
 5752  0 
 5753  0 
 5754  0 
 5755  0 
 5756  0 
 5757  0 
 5758  0 
 5759  0 
 5760  0 
 5761  0 
 5762  0 
 5763  0 
 5764  0 
 5765  0 
 5766  0 
 5767  0 
 5768  0 
 5769  0 
 5770  0 
 5771  0 
 5772  1 
 5773  0 
 5774  0 
 5775  0 
 5776  0 
 5777  0 
 5778  0 
 5779  0 
 5780  0 
 5781  0 
 5782  0 
 5783  0 
 5784  0 
 5785  0 
 5786  0 
 5787  0 
 5788  0 
 5789  0 
 5790  0 
 5791  0 
 5792  0 
 5793  0 
 5794  0 
 5795  0 
 5796  0 
 5797  0 
 5798  0 
 5799  0 
 5800  0 
 5801  0 
 5802  0 
 5803  0 
 5804  0 
 5805  0 
 5806  0 
 5807  0 
 5808  0 
 5809  0 
 5810  0 
 5811  0 
 5812  0 
 5813  0 
 5814  0 
 5815  0 
 5816  0 
 5817  0 
 5818  0 
 5819  0 
 5820  0 
 5821  0 
 5822  0 
 5823  0 
 5824  0 
 5825  0 
 5826  0 
 5827  0 
 5828  0 
 5829  0 
 5830  0 
 5831  0 
 5832  0 
 5833  0 
 5834  0 
 5835  0 
 5836  1 
 5837  0 
 5838  0 
 5839  0 
 5840  0 
 5841  0 
 5842  0 
 5843  0 
 5844  0 
 5845  0 
 5846  0 
 5847  0 
 5848  0 
 5849  0 
 5850  0 
 5851  0 
 5852  0 
 5853  0 
 5854  0 
 5855  0 
 5856  0 
 5857  0 
 5858  0 
 5859  0 
 5860  0 
 5861  0 
 5862  0 
 5863  1 
 5864  0 
 5865  0 
 5866  0 
 5867  0 
 5868  0 
 5869  0 
 5870  0 
 5871  0 
 5872  0 
 5873  0 
 5874  0 
 5875  0 
 5876  1 
 5877  1 
 5878  0 
 5879  2 
 5880  0 
 5881  0 
 5882  0 
 5883  0 
 5884  0 
 5885  0 
 5886  0 
 5887  0 
 5888  0 
 5889  0 
 5890  0 
 5891  0 
 5892  1 
 5893  0 
 5894  0 
 5895  0 
 5896  0 
 5897  0 
 5898  0 
 5899  0 
 5900  2 
 5901  0 
 5902  0 
 5903  1 
 5904  0 
 5905  0 
 5906  0 
 5907  0 
 5908  0 
 5909  0 
 5910  0 
 5911  0 
 5912  0 
 5913  0 
 5914  0 
 5915  0 
 5916  1 
 5917  0 
 5918  0 
 5919  0 
 5920  0 
 5921  0 
 5922  0 
 5923  0 
 5924  0 
 5925  1 
 5926  0 
 5927  0 
 5928  0 
 5929  0 
 5930  0 
 5931  0 
 5932  0 
 5933  1 
 5934  1 
 5935  0 
 5936  0 
 5937  0 
 5938  0 
 5939  0 
 5940  0 
 5941  0 
 5942  0 
 5943  0 
 5944  0 
 5945  0 
 5946  1 
 5947  0 
 5948  0 
 5949  1 
 5950  0 
 5951  0 
 5952  0 
 5953  0 
 5954  0 
 5955  0 
 5956  0 
 5957  0 
 5958  0 
 5959  0 
 5960  0 
 5961  0 
 5962  0 
 5963  0 
 5964  0 
 5965  0 
 5966  0 
 5967  1 
 5968  2 
 5969  1 
 5970  0 
 5971  0 
 5972  0 
 5973  0 
 5974  0 
 5975  0 
 5976  0 
 5977  0 
 5978  0 
 5979  0 
 5980  0 
 5981  0 
 5982  0 
 5983  1 
 5984  0 
 5985  0 
 5986  0 
 5987  0 
 5988  1 
 5989  0 
 5990  2 
 5991  0 
 5992  0 
 5993  0 
 5994  0 
 5995  0 
 5996  1 
 5997  0 
 5998  1 
 5999  0 
 6000  0 
 6001  0 
 6002  0 
 6003  0 
 6004  0 
 6005  1 
 6006  0 
 6007  0 
 6008  0 
 6009  0 
 6010  0 
 6011  0 
 6012  0 
 6013  0 
 6014  0 
 6015  1 
 6016  0 
 6017  0 
 6018  0 
 6019  0 
 6020  0 
 6021  0 
 6022  0 
 6023  0 
 6024  0 
 6025  0 
 6026  1 
 6027  0 
 6028  0 
 6029  0 
 6030  0 
 6031  0 
 6032  0 
 6033  1 
 6034  1 
 6035  0 
 6036  0 
 6037  0 
 6038  0 
 6039  0 
 6040  1 
 6041  1 
 6042  0 
 6043  0 
 6044  0 
 6045  0 
 6046  0 
 6047  1 
 6048  0 
 6049  1 
 6050  1 
 6051  1 
 6052  0 
 6053  1 
 6054  0 
 6055  0 
 6056  0 
 6057  1 
 6058  0 
 6059  0 
 6060  0 
 6061  0 
 6062  1 
 6063  0 
 6064  0 
 6065  0 
 6066  0 
 6067  1 
 6068  0 
 6069  1 
 6070  0 
 6071  1 
 6072  0 
 6073  0 
 6074  1 
 6075  0 
 6076  0 
 6077  1 
 6078  0 
 6079  1 
 6080  0 
 6081  0 
 6082  0 
 6083  1 
 6084  0 
 6085  1 
 6086  0 
 6087  0 
 6088  0 
 6089  0 
 6090  0 
 6091  0 
 6092  1 
 6093  0 
 6094  0 
 6095  0 
 6096  0 
 6097  0 
 6098  0 
 6099  0 
 6100  0 
 6101  1 
 6102  0 
 6103  0 
 6104  0 
 6105  0 
 6106  0 
 6107  1 
 6108  0 
 6109  1 
 6110  0 
 6111  0 
 6112  1 
 6113  0 
 6114  0 
 6115  0 
 6116  0 
 6117  0 
 6118  0 
 6119  0 
 6120  0 
 6121  0 
 6122  0 
 6123  0 
 6124  0 
 6125  0 
 6126  0 
 6127  0 
 6128  0 
 6129  0 
 6130  2 
 6131  0 
 6132  1 
 6133  0 
 6134  0 
 6135  0 
 6136  0 
 6137  0 
 6138  0 
 6139  0 
 6140  0 
 6141  0 
 6142  0 
 6143  0 
 6144  0 
 6145  1 
 6146  0 
 6147  1 
 6148  0 
 6149  0 
 6150  0 
 6151  1 
 6152  0 
 6153  0 
 6154  0 
 6155  0 
 6156  0 
 6157  0 
 6158  0 
 6159  0 
 6160  0 
 6161  0 
 6162  0 
 6163  0 
 6164  0 
 6165  1 
 6166  0 
 6167  0 
 6168  1 
 6169  1 
 6170  0 
 6171  1 
 6172  0 
 6173  0 
 6174  0 
 6175  0 
 6176  0 
 6177  0 
 6178  0 
 6179  0 
 6180  0 
 6181  0 
 6182  0 
 6183  0 
 6184  0 
 6185  0 
 6186  0 
 6187  0 
 6188  0 
 6189  0 
 6190  0 
 6191  0 
 6192  0 
 6193  0 
 6194  0 
 6195  0 
 6196  0 
 6197  0 
 6198  0 
 6199  0 
 6200  0 
 6201  0 
 6202  0 
 6203  0 
 6204  0 
 6205  0 
 6206  0 
 6207  0 
 6208  0 
 6209  0 
 6210  0 
 6211  0 
 6212  0 
 6213  0 
 6214  0 
 6215  0 
 6216  0 
 6217  0 
 6218  0 
 6219  0 
 6220  0 
 6221  0 
 6222  0 
 6223  0 
 6224  0 
 6225  0 
 6226  0 
 6227  1 
 6228  0 
 6229  0 
 6230  0 
 6231  0 
 6232  0 
 6233  0 
 6234  0 
 6235  0 
 6236  0 
 6237  0 
 6238  0 
 6239  0 
 6240  0 
 6241  0 
 6242  0 
 6243  0 
 6244  0 
 6245  0 
 6246  0 
 6247  0 
 6248  0 
 6249  0 
 6250  0 
 6251  0 
 6252  0 
 6253  0 
 6254  0 
 6255  0 
 6256  0 
 6257  0 
 6258  0 
 6259  0 
 6260  0 
 6261  0 
 6262  0 
 6263  0 
 6264  0 
 6265  0 
 6266  0 
 6267  0 
 6268  0 
 6269  0 
 6270  0 
 6271  0 
 6272  0 
 6273  0 
 6274  0 
 6275  0 
 6276  0 
 6277  0 
 6278  0 
 6279  0 
 6280  0 
 6281  0 
 6282  0 
 6283  0 
 6284  0 
 6285  0 
 6286  0 
 6287  0 
 6288  0 
 6289  0 
 6290  0 
 6291  0 
 6292  0 
 6293  0 
 6294  0 
 6295  0 
 6296  0 
 6297  0 
 6298  0 
 6299  0 
 6300  0 
 6301  0 
 6302  0 
 6303  0 
 6304  0 
 6305  0 
 6306  0 
 6307  0 
 6308  0 
 6309  0 
 6310  0 
 6311  0 
 6312  0 
 6313  0 
 6314  0 
 6315  0 
 6316  0 
 6317  0 
 6318  0 
 6319  0 
 6320  0 
 6321  0 
 6322  0 
 6323  0 
 6324  0 
 6325  0 
 6326  0 
 6327  0 
 6328  0 
 6329  0 
 6330  0 
 6331  0 
 6332  0 
 6333  0 
 6334  0 
 6335  0 
 6336  0 
 6337  0 
 6338  0 
 6339  0 
 6340  0 
 6341  0 
 6342  0 
 6343  0 
 6344  0 
 6345  0 
 6346  0 
 6347  0 
 6348  0 
 6349  0 
 6350  0 
 6351  0 
 6352  0 
 6353  0 
 6354  0 
 6355  0 
 6356  0 
 6357  0 
 6358  0 
 6359  0 
 6360  0 
 6361  0 
 6362  0 
 6363  0 
 6364  0 
 6365  0 
 6366  0 
 6367  0 
 6368  0 
 6369  0 
 6370  0 
 6371  0 
 6372  0 
 6373  1 
 6374  0 
 6375  0 
 6376  0 
 6377  0 
 6378  0 
 6379  0 
 6380  0 
 6381  0 
 6382  0 
 6383  0 
 6384  0 
 6385  0 
 6386  1 
 6387  0 
 6388  0 
 6389  0 
 6390  0 
 6391  0 
 6392  0 
 6393  0 
 6394  0 
 6395  0 
 6396  0 
 6397  0 
 6398  0 
 6399  0 
 6400  0 
 6401  0 
 6402  0 
 6403  0 
 6404  0 
 6405  0 
 6406  0 
 6407  0 
 6408  0 
 6409  0 
 6410  0 
 6411  0 
 6412  0 
 6413  0 
 6414  0 
 6415  0 
 6416  0 
 6417  0 
 6418  0 
 6419  0 
 6420  0 
 6421  0 
 6422  0 
 6423  0 
 6424  0 
 6425  0 
 6426  0 
 6427  0 
 6428  0 
 6429  0 
 6430  0 
 6431  0 
 6432  0 
 6433  0 
 6434  0 
 6435  0 
 6436  0 
 6437  0 
 6438  0 
 6439  0 
 6440  0 
 6441  0 
 6442  0 
 6443  0 
 6444  0 
 6445  0 
 6446  0 
 6447  0 
 6448  0 
 6449  0 
 6450  0 
 6451  0 
 6452  0 
 6453  0 
 6454  0 
 6455  0 
 6456  0 
 6457  0 
 6458  0 
 6459  0 
 6460  0 
 6461  0 
 6462  0 
 6463  0 
 6464  0 
 6465  0 
 6466  0 
 6467  0 
 6468  0 
 6469  0 
 6470  0 
 6471  0 
 6472  0 
 6473  0 
 6474  0 
 6475  0 
 6476  0 
 6477  0 
 6478  0 
 6479  0 
 6480  0 
 6481  0 
 6482  0 
 6483  0 
 6484  0 
 6485  0 
 6486  0 
 6487  0 
 6488  0 
 6489  0 
 6490  0 
 6491  0 
 6492  0 
 6493  0 
 6494  0 
 6495  0 
 6496  0 
 6497  0 
 6498  0 
 6499  0 
 6500  0 
 6501  0 
 6502  0 
 6503  0 
 6504  0 
 6505  0 
 6506  0 
 6507  0 
 6508  0 
 6509  0 
 6510  0 
 6511  0 
 6512  0 
 6513  0 
 6514  0 
 6515  0 
 6516  0 
 6517  0 
 6518  0 
 6519  0 
 6520  0 
 6521  0 
 6522  0 
 6523  0 
 6524  0 
 6525  0 
 6526  0 
 6527  0 
 6528  0 
 6529  0 
 6530  0 
 6531  0 
 6532  0 
 6533  0 
 6534  0 
 6535  0 
 6536  0 
 6537  0 
 6538  0 
 6539  0 
 6540  0 
 6541  0 
 6542  0 
 6543  0 
 6544  0 
 6545  0 
 6546  0 
 6547  0 
 6548  0 
 6549  0 
 6550  0 
 6551  0 
 6552  0 
 6553  0 
 6554  0 
 6555  0 
 6556  0 
 6557  0 
 6558  0 
 6559  0 
 6560  0 
 6561  0 
 6562  0 
 6563  0 
 6564  0 
 6565  0 
 6566  0 
 6567  0 
 6568  0 
 6569  0 
 6570  0 
 6571  0 
 6572  0 
 6573  0 
 6574  0 
 6575  0 
 6576  0 
 6577  0 
 6578  0 
 6579  0 
 6580  0 
 6581  0 
 6582  0 
 6583  0 
 6584  0 
 6585  0 
 6586  0 
 6587  0 
 6588  0 
 6589  0 
 6590  0 
 6591  0 
 6592  0 
 6593  0 
 6594  0 
 6595  0 
 6596  0 
 6597  0 
 6598  0 
 6599  0 
 6600  0 
 6601  0 
 6602  0 
 6603  0 
 6604  0 
 6605  0 
 6606  0 
 6607  0 
 6608  0 
 6609  0 
 6610  0 
 6611  0 
 6612  0 
 6613  0 
 6614  0 
 6615  0 
 6616  0 
 6617  0 
 6618  0 
 6619  0 
 6620  0 
 6621  0 
 6622  0 
 6623  0 
 6624  0 
 6625  0 
 6626  0 
 6627  0 
 6628  0 
 6629  0 
 6630  0 
 6631  0 
 6632  0 
 6633  0 
 6634  0 
 6635  0 
 6636  0 
 6637  0 
 6638  0 
 6639  0 
 6640  0 
 6641  0 
 6642  0 
 6643  0 
 6644  0 
 6645  0 
 6646  0 
 6647  0 
 6648  0 
 6649  0 
 6650  0 
 6651  0 
 6652  0 
 6653  0 
 6654  0 
 6655  0 
 6656  0 
 6657  0 
 6658  0 
 6659  0 
 6660  0 
 6661  0 
 6662  0 
 6663  0 
 6664  0 
 6665  0 
 6666  0 
 6667  0 
 6668  0 
 6669  0 
 6670  0 
 6671  0 
 6672  0 
 6673  0 
 6674  0 
 6675  0 
 6676  0 
 6677  0 
 6678  0 
 6679  0 
 6680  0 
 6681  0 
 6682  0 
 6683  0 
 6684  0 
 6685  0 
 6686  0 
 6687  0 
 6688  0 
 6689  1 
 6690  0 
 6691  0 
 6692  0 
 6693  0 
 6694  0 
 6695  0 
 6696  0 
 6697  0 
 6698  0 
 6699  0 
 6700  0 
 6701  0 
 6702  0 
 6703  0 
 6704  0 
 6705  0 
 6706  0 
 6707  0 
 6708  0 
 6709  0 
 6710  0 
 6711  0 
 6712  0 
 6713  0 
 6714  0 
 6715  0 
 6716  0 
 6717  0 
 6718  0 
 6719  0 
 6720  0 
 6721  0 
 6722  1 
 6723  0 
 6724  0 
 6725  0 
 6726  0 
 6727  1 
 6728  0 
 6729  0 
 6730  0 
 6731  0 
 6732  0 
 6733  0 
 6734  0 
 6735  0 
 6736  0 
 6737  0 
 6738  0 
 6739  0 
 6740  0 
 6741  0 
 6742  0 
 6743  0 
 6744  0 
 6745  0 
 6746  0 
 6747  0 
 6748  0 
 6749  0 
 6750  0 
 6751  0 
 6752  0 
 6753  0 
 6754  0 
 6755  0 
 6756  0 
 6757  0 
 6758  0 
 6759  0 
 6760  0 
 6761  0 
 6762  0 
 6763  0 
 6764  0 
 6765  0 
 6766  0 
 6767  0 
 6768  0 
 6769  0 
 6770  0 
 6771  0 
 6772  0 
 6773  0 
 6774  0 
 6775  0 
 6776  0 
 6777  0 
 6778  0 
 6779  0 
 6780  0 
 6781  0 
 6782  0 
 6783  0 
 6784  0 
 6785  0 
 6786  1 
 6787  0 
 6788  0 
 6789  0 
 6790  0 
 6791  0 
 6792  0 
 6793  0 
 6794  0 
 6795  0 
 6796  0 
 6797  0 
 6798  0 
 6799  0 
 6800  0 
 6801  0 
 6802  0 
 6803  0 
 6804  0 
 6805  0 
 6806  0 
 6807  0 
 6808  0 
 6809  0 
 6810  0 
 6811  0 
 6812  0 
 6813  0 
 6814  0 
 6815  0 
 6816  0 
 6817  0 
 6818  0 
 6819  0 
 6820  0 
 6821  0 
 6822  0 
 6823  0 
 6824  0 
 6825  0 
 6826  0 
 6827  0 
 6828  0 
 6829  0 
 6830  0 
 6831  0 
 6832  0 
 6833  0 
 6834  0 
 6835  0 
 6836  0 
 6837  0 
 6838  0 
 6839  0 
 6840  0 
 6841  0 
 6842  0 
 6843  0 
 6844  0 
 6845  0 
 6846  0 
 6847  1 
 6848  0 
 6849  0 
 6850  0 
 6851  0 
 6852  0 
 6853  0 
 6854  0 
 6855  0 
 6856  0 
 6857  0 
 6858  0 
 6859  0 
 6860  0 
 6861  0 
 6862  0 
 6863  0 
 6864  0 
 6865  0 
 6866  0 
 6867  0 
 6868  0 
 6869  0 
 6870  0 
 6871  0 
 6872  0 
 6873  0 
 6874  0 
 6875  0 
 6876  0 
 6877  0 
 6878  0 
 6879  0 
 6880  0 
 6881  0 
 6882  0 
 6883  0 
 6884  0 
 6885  0 
 6886  0 
 6887  0 
 6888  0 
 6889  0 
 6890  0 
 6891  0 
 6892  0 
 6893  0 
 6894  0 
 6895  0 
 6896  0 
 6897  0 
 6898  0 
 6899  0 
 6900  0 
 6901  0 
 6902  0 
 6903  0 
 6904  0 
 6905  0 
 6906  0 
 6907  0 
 6908  0 
 6909  0 
 6910  0 
 6911  0 
 6912  0 
 6913  0 
 6914  0 
 6915  0 
 6916  0 
 6917  0 
 6918  0 
 6919  0 
 6920  0 
 6921  0 
 6922  0 
 6923  0 
 6924  0 
 6925  0 
 6926  0 
 6927  0 
 6928  0 
 6929  0 
 6930  0 
 6931  0 
 6932  0 
 6933  0 
 6934  0 
 6935  0 
 6936  0 
 6937  0 
 6938  0 
 6939  0 
 6940  0 
 6941  0 
 6942  0 
 6943  0 
 6944  0 
 6945  0 
 6946  0 
 6947  0 
 6948  0 
 6949  0 
 6950  0 
 6951  0 
 6952  0 
 6953  0 
 6954  0 
 6955  0 
 6956  0 
 6957  0 
 6958  0 
 6959  0 
 6960  0 
 6961  0 
 6962  0 
 6963  0 
 6964  0 
 6965  0 
 6966  0 
 6967  0 
 6968  0 
 6969  0 
 6970  0 
 6971  0 
 6972  0 
 6973  0 
 6974  0 
 6975  0 
 6976  0 
 6977  0 
 6978  0 
 6979  0 
 6980  0 
 6981  0 
 6982  0 
 6983  0 
 6984  0 
 6985  0 
 6986  0 
 6987  0 
 6988  0 
 6989  0 
 6990  0 
 6991  0 
 6992  0 
 6993  0 
 6994  0 
 6995  0 
 6996  0 
 6997  0 
 6998  0 
 6999  0 
 7000  0 
 7001  0 
 7002  0 
 7003  0 
 7004  0 
 7005  0 
 7006  0 
 7007  0 
 7008  0 
 7009  0 
 7010  0 
 7011  0 
 7012  0 
 7013  0 
 7014  0 
 7015  0 
 7016  0 
 7017  0 
 7018  0 
 7019  0 
 7020  0 
 7021  0 
 7022  0 
 7023  0 
 7024  0 
 7025  0 
 7026  0 
 7027  0 
 7028  0 
 7029  0 
 7030  0 
 7031  0 
 7032  0 
 7033  0 
 7034  0 
 7035  0 
 7036  0 
 7037  0 
 7038  0 
 7039  0 
 7040  0 
 7041  0 
 7042  0 
 7043  0 
 7044  0 
 7045  0 
 7046  0 
 7047  0 
 7048  0 
 7049  0 
 7050  0 
 7051  0 
 7052  0 
 7053  0 
 7054  0 
 7055  0 
 7056  0 
 7057  0 
 7058  0 
 7059  0 
 7060  0 
 7061  0 
 7062  0 
 7063  0 
 7064  0 
 7065  0 
 7066  0 
 7067  0 
 7068  0 
 7069  0 
 7070  0 
 7071  0 
 7072  0 
 7073  0 
 7074  0 
 7075  0 
 7076  0 
 7077  0 
 7078  0 
 7079  0 
 7080  0 
 7081  0 
 7082  0 
 7083  0 
 7084  0 
 7085  0 
 7086  0 
 7087  0 
 7088  0 
 7089  0 
 7090  0 
 7091  0 
 7092  0 
 7093  0 
 7094  0 
 7095  0 
 7096  0 
 7097  0 
 7098  0 
 7099  0 
 7100  0 
 7101  0 
 7102  0 
 7103  0 
 7104  0 
 7105  0 
 7106  0 
 7107  0 
 7108  0 
 7109  0 
 7110  0 
 7111  0 
 7112  0 
 7113  0 
 7114  0 
 7115  0 
 7116  0 
 7117  0 
 7118  0 
 7119  0 
 7120  0 
 7121  0 
 7122  0 
 7123  0 
 7124  0 
 7125  0 
 7126  0 
 7127  0 
 7128  0 
 7129  0 
 7130  0 
 7131  0 
 7132  0 
 7133  0 
 7134  0 
 7135  0 
 7136  0 
 7137  0 
 7138  0 
 7139  0 
 7140  0 
 7141  0 
 7142  0 
 7143  0 
 7144  0 
 7145  0 
 7146  0 
 7147  0 
 7148  0 
 7149  0 
 7150  0 
 7151  0 
 7152  0 
 7153  0 
 7154  0 
 7155  0 
 7156  0 
 7157  0 
 7158  0 
 7159  0 
 7160  0 
 7161  0 
 7162  0 
 7163  0 
 7164  0 
 7165  0 
 7166  0 
 7167  0 
 7168  0 
 7169  0 
 7170  0 
 7171  0 
 7172  0 
 7173  0 
 7174  0 
 7175  0 
 7176  0 
 7177  0 
 7178  0 
 7179  0 
 7180  0 
 7181  0 
 7182  0 
 7183  0 
 7184  0 
 7185  0 
 7186  0 
 7187  0 
 7188  0 
 7189  0 
 7190  0 
 7191  0 
 7192  0 
 7193  0 
 7194  0 
 7195  0 
 7196  0 
 7197  0 
 7198  0 
 7199  0 
 7200  0 
 7201  0 
 7202  0 
 7203  0 
 7204  0 
 7205  0 
 7206  0 
 7207  0 
 7208  0 
 7209  0 
 7210  0 
 7211  0 
 7212  0 
 7213  0 
 7214  0 
 7215  0 
 7216  0 
 7217  0 
 7218  0 
 7219  0 
 7220  0 
 7221  0 
 7222  0 
 7223  0 
 7224  0 
 7225  0 
 7226  0 
 7227  0 
 7228  0 
 7229  0 
 7230  0 
 7231  0 
 7232  0 
 7233  0 
 7234  0 
 7235  0 
 7236  0 
 7237  0 
 7238  0 
 7239  0 
 7240  0 
 7241  0 
 7242  0 
 7243  0 
 7244  0 
 7245  0 
 7246  0 
 7247  0 
 7248  0 
 7249  0 
 7250  0 
 7251  0 
 7252  0 
 7253  0 
 7254  0 
 7255  1 
 7256  0 
 7257  0 
 7258  0 
 7259  0 
 7260  0 
 7261  0 
 7262  0 
 7263  0 
 7264  0 
 7265  0 
 7266  0 
 7267  0 
 7268  0 
 7269  0 
 7270  0 
 7271  0 
 7272  0 
 7273  0 
 7274  0 
 7275  0 
 7276  0 
 7277  0 
 7278  0 
 7279  0 
 7280  0 
 7281  0 
 7282  0 
 7283  0 
 7284  0 
 7285  0 
 7286  0 
 7287  0 
 7288  0 
 7289  0 
 7290  0 
 7291  0 
 7292  0 
 7293  0 
 7294  0 
 7295  0 
 7296  0 
 7297  0 
 7298  0 
 7299  0 
 7300  0 
 7301  0 
 7302  0 
 7303  0 
 7304  0 
 7305  0 
 7306  0 
 7307  0 
 7308  0 
 7309  0 
 7310  0 
 7311  0 
 7312  0 
 7313  0 
 7314  0 
 7315  0 
 7316  0 
 7317  0 
 7318  0 
 7319  0 
 7320  0 
 7321  0 
 7322  0 
 7323  0 
 7324  0 
 7325  0 
 7326  0 
 7327  0 
 7328  0 
 7329  0 
 7330  0 
 7331  0 
 7332  0 
 7333  0 
 7334  0 
 7335  0 
 7336  0 
 7337  0 
 7338  0 
 7339  0 
 7340  0 
 7341  0 
 7342  0 
 7343  0 
 7344  0 
 7345  0 
 7346  0 
 7347  0 
 7348  0 
 7349  0 
 7350  0 
 7351  0 
 7352  0 
 7353  0 
 7354  0 
 7355  0 
 7356  0 
 7357  0 
 7358  0 
 7359  0 
 7360  0 
 7361  0 
 7362  0 
 7363  0 
 7364  0 
 7365  0 
 7366  0 
 7367  0 
 7368  0 
 7369  0 
 7370  0 
 7371  0 
 7372  0 
 7373  0 
 7374  0 
 7375  0 
 7376  0 
 7377  0 
 7378  0 
 7379  0 
 7380  0 
 7381  0 
 7382  0 
 7383  0 
 7384  0 
 7385  0 
 7386  0 
 7387  0 
 7388  0 
 7389  0 
 7390  0 
 7391  0 
 7392  0 
 7393  0 
 7394  0 
 7395  0 
 7396  0 
 7397  0 
 7398  0 
 7399  0 
 7400  0 
 7401  0 
 7402  0 
 7403  0 
 7404  0 
 7405  0 
 7406  0 
 7407  0 
 7408  0 
 7409  0 
 7410  0 
 7411  0 
 7412  0 
 7413  0 
 7414  0 
 7415  0 
 7416  0 
 7417  0 
 7418  0 
 7419  0 
 7420  0 
 7421  0 
 7422  0 
 7423  0 
 7424  0 
 7425  0 
 7426  0 
 7427  0 
 7428  0 
 7429  0 
 7430  0 
 7431  0 
 7432  0 
 7433  0 
 7434  0 
 7435  0 
 7436  0 
 7437  0 
 7438  0 
 7439  0 
 7440  0 
 7441  0 
 7442  0 
 7443  0 
 7444  0 
 7445  0 
 7446  0 
 7447  0 
 7448  0 
 7449  0 
 7450  0 
 7451  0 
 7452  0 
 7453  0 
 7454  1 
 7455  0 
 7456  0 
 7457  0 
 7458  0 
 7459  0 
 7460  0 
 7461  0 
 7462  0 
 7463  0 
 7464  0 
 7465  0 
 7466  0 
 7467  0 
 7468  0 
 7469  0 
 7470  0 
 7471  0 
 7472  0 
 7473  0 
 7474  0 
 7475  0 
 7476  0 
 7477  0 
 7478  0 
 7479  0 
 7480  0 
 7481  0 
 7482  0 
 7483  0 
 7484  0 
 7485  0 
 7486  0 
 7487  0 
 7488  0 
 7489  0 
 7490  0 
 7491  0 
 7492  0 
 7493  0 
 7494  0 
 7495  0 
 7496  0 
 7497  0 
 7498  0 
 7499  0 
 7500  0 
 7501  0 
 7502  0 
 7503  0 
 7504  0 
 7505  0 
 7506  0 
 7507  0 
 7508  0 
 7509  0 
 7510  0 
 7511  0 
 7512  0 
 7513  0 
 7514  0 
 7515  0 
 7516  0 
 7517  0 
 7518  0 
 7519  0 
 7520  0 
 7521  0 
 7522  0 
 7523  0 
 7524  0 
 7525  0 
 7526  0 
 7527  0 
 7528  0 
 7529  0 
 7530  0 
 7531  0 
 7532  0 
 7533  0 
 7534  0 
 7535  0 
 7536  0 
 7537  0 
 7538  0 
 7539  0 
 7540  0 
 7541  0 
 7542  0 
 7543  0 
 7544  0 
 7545  0 
 7546  0 
 7547  0 
 7548  0 
 7549  0 
 7550  1 
 7551  0 
 7552  0 
 7553  0 
 7554  0 
 7555  0 
 7556  0 
 7557  0 
 7558  0 
 7559  0 
 7560  0 
 7561  0 
 7562  0 
 7563  0 
 7564  0 
 7565  0 
 7566  0 
 7567  0 
 7568  0 
 7569  0 
 7570  0 
 7571  0 
 7572  0 
 7573  0 
 7574  0 
 7575  0 
 7576  0 
 7577  0 
 7578  0 
 7579  0 
 7580  0 
 7581  0 
 7582  0 
 7583  0 
 7584  0 
 7585  0 
 7586  0 
 7587  0 
 7588  0 
 7589  0 
 7590  0 
 7591  0 
 7592  0 
 7593  0 
 7594  0 
 7595  0 
 7596  0 
 7597  0 
 7598  0 
 7599  0 
 7600  0 
 7601  0 
 7602  0 
 7603  0 
 7604  0 
 7605  0 
 7606  0 
 7607  0 
 7608  1 
 7609  0 
 7610  0 
 7611  0 
 7612  0 
 7613  0 
 7614  0 
 7615  0 
 7616  0 
 7617  0 
 7618  0 
 7619  0 
 7620  0 
 7621  0 
 7622  0 
 7623  0 
 7624  0 
 7625  0 
 7626  0 
 7627  0 
 7628  0 
 7629  0 
 7630  0 
 7631  0 
 7632  0 
 7633  0 
 7634  0 
 7635  0 
 7636  0 
 7637  0 
 7638  0 
 7639  0 
 7640  0 
 7641  0 
 7642  0 
 7643  0 
 7644  0 
 7645  0 
 7646  0 
 7647  0 
 7648  0 
 7649  1 
 7650  0 
 7651  0 
 7652  0 
 7653  0 
 7654  0 
 7655  0 
 7656  0 
 7657  0 
 7658  0 
 7659  0 
 7660  0 
 7661  0 
 7662  0 
 7663  0 
 7664  0 
 7665  0 
 7666  0 
 7667  0 
 7668  0 
 7669  0 
 7670  0 
 7671  0 
 7672  0 
 7673  0 
 7674  0 
 7675  0 
 7676  0 
 7677  0 
 7678  0 
 7679  0 
 7680  0 
 7681  0 
 7682  0 
 7683  0 
 7684  0 
 7685  0 
 7686  0 
 7687  0 
 7688  0 
 7689  0 
 7690  0 
 7691  0 
 7692  0 
 7693  0 
 7694  0 
 7695  0 
 7696  0 
 7697  0 
 7698  0 
 7699  0 
 7700  0 
 7701  0 
 7702  0 
 7703  0 
 7704  0 
 7705  0 
 7706  0 
 7707  0 
 7708  0 
 7709  0 
 7710  0 
 7711  0 
 7712  0 
 7713  0 
 7714  0 
 7715  0 
 7716  0 
 7717  0 
 7718  0 
 7719  0 
 7720  0 
 7721  0 
 7722  0 
 7723  0 
 7724  0 
 7725  0 
 7726  0 
 7727  0 
 7728  0 
 7729  0 
 7730  0 
 7731  0 
 7732  0 
 7733  0 
 7734  0 
 7735  0 
 7736  0 
 7737  0 
 7738  1 
 7739  0 
 7740  0 
 7741  0 
 7742  0 
 7743  0 
 7744  0 
 7745  0 
 7746  0 
 7747  0 
 7748  0 
 7749  0 
 7750  0 
 7751  0 
 7752  0 
 7753  0 
 7754  0 
 7755  0 
 7756  0 
 7757  0 
 7758  0 
 7759  0 
 7760  0 
 7761  0 
 7762  0 
 7763  0 
 7764  0 
 7765  0 
 7766  0 
 7767  0 
 7768  0 
 7769  0 
 7770  0 
 7771  0 
 7772  0 
 7773  0 
 7774  0 
 7775  0 
 7776  0 
 7777  0 
 7778  1 
 7779  1 
 7780  0 
 7781  0 
 7782  0 
 7783  0 
 7784  0 
 7785  0 
 7786  0 
 7787  0 
 7788  0 
 7789  0 
 7790  0 
 7791  0 
 7792  0 
 7793  0 
 7794  0 
 7795  0 
 7796  0 
 7797  1 
 7798  0 
 7799  0 
 7800  0 
 7801  0 
 7802  0 
 7803  0 
 7804  0 
 7805  0 
 7806  0 
 7807  0 
 7808  0 
 7809  0 
 7810  0 
 7811  0 
 7812  0 
 7813  0 
 7814  0 
 7815  0 
 7816  0 
 7817  1 
 7818  0 
 7819  2 
 7820  0 
 7821  0 
 7822  1 
 7823  0 
 7824  1 
 7825  0 
 7826  0 
 7827  0 
 7828  0 
 7829  0 
 7830  2 
 7831  2 
 7832  0 
 7833  0 
 7834  0 
 7835  0 
 7836  0 
 7837  0 
 7838  1 
 7839  0 
 7840  0 
 7841  0 
 7842  0 
 7843  2 
 7844  0 
 7845  0 
 7846  0 
 7847  0 
 7848  0 
 7849  0 
 7850  0 
 7851  1 
 7852  0 
 7853  2 
 7854  1 
 7855  1 
 7856  1 
 7857  0 
 7858  0 
 7859  0 
 7860  0 
 7861  0 
 7862  0 
 7863  1 
 7864  0 
 7865  2 
 7866  0 
 7867  0 
 7868  0 
 7869  0 
 7870  1 
 7871  1 
 7872  0 
 7873  1 
 7874  0 
 7875  0 
 7876  0 
 7877  0 
 7878  1 
 7879  0 
 7880  0 
 7881  0 
 7882  1 
 7883  0 
 7884  1 
 7885  0 
 7886  0 
 7887  0 
 7888  0 
 7889  0 
 7890  0 
 7891  1 
 7892  0 
 7893  0 
 7894  0 
 7895  0 
 7896  0 
 7897  1 
 7898  1 
 7899  0 
 7900  0 
 7901  0 
 7902  1 
 7903  1 
 7904  0 
 7905  2 
 7906  2 
 7907  0 
 7908  0 
 7909  0 
 7910  0 
 7911  1 
 7912  1 
 7913  2 
 7914  0 
 7915  0 
 7916  1 
 7917  0 
 7918  0 
 7919  0 
 7920  0 
 7921  1 
 7922  1 
 7923  1 
 7924  0 
 7925  0 
 7926  0 
 7927  0 
 7928  1 
 7929  0 
 7930  1 
 7931  0 
 7932  1 
 7933  2 
 7934  0 
 7935  1 
 7936  1 
 7937  0 
 7938  1 
 7939  1 
 7940  0 
 7941  0 
 7942  1 
 7943  1 
 7944  1 
 7945  2 
 7946  0 
 7947  1 
 7948  0 
 7949  0 
 7950  0 
 7951  0 
 7952  0 
 7953  0 
 7954  1 
 7955  0 
 7956  1 
 7957  0 
 7958  1 
 7959  3 
 7960  2 
 7961  0 
 7962  0 
 7963  1 
 7964  0 
 7965  2 
 7966  1 
 7967  0 
 7968  3 
 7969  1 
 7970  0 
 7971  0 
 7972  1 
 7973  0 
 7974  1 
 7975  0 
 7976  1 
 7977  0 
 7978  1 
 7979  1 
 7980  1 
 7981  2 
 7982  1 
 7983  0 
 7984  1 
 7985  0 
 7986  1 
 7987  0 
 7988  0 
 7989  0 
 7990  0 
 7991  0 
 7992  1 
 7993  1 
 7994  0 
 7995  0 
 7996  0 
 7997  0 
 7998  1 
 7999  1 
 8000  0 
 8001  0 
 8002  0 
 8003  2 
 8004  0 
 8005  1 
 8006  0 
 8007  0 
 8008  0 
 8009  0 
 8010  0 
 8011  0 
 8012  0 
 8013  0 
 8014  0 
 8015  1 
 8016  0 
 8017  0 
 8018  0 
 8019  1 
 8020  1 
 8021  0 
 8022  0 
 8023  0 
 8024  0 
 8025  0 
 8026  0 
 8027  0 
 8028  0 
 8029  0 
 8030  0 
 8031  0 
 8032  0 
 8033  0 
 8034  0 
 8035  0 
 8036  0 
 8037  0 
 8038  1 
 8039  0 
 8040  0 
 8041  1 
 8042  0 
 8043  0 
 8044  0 
 8045  0 
 8046  0 
 8047  0 
 8048  0 
 8049  0 
 8050  1 
 8051  0 
 8052  0 
 8053  1 
 8054  0 
 8055  0 
 8056  0 
 8057  1 
 8058  0 
 8059  0 
 8060  0 
 8061  0 
 8062  0 
 8063  0 
 8064  1 
 8065  0 
 8066  0 
 8067  0 
 8068  0 
 8069  0 
 8070  0 
 8071  0 
 8072  1 
 8073  0 
 8074  0 
 8075  1 
 8076  1 
 8077  0 
 8078  0 
 8079  0 
 8080  0 
 8081  0 
 8082  0 
 8083  0 
 8084  0 
 8085  0 
 8086  0 
 8087  0 
 8088  0 
 8089  1 
 8090  0 
 8091  0 
 8092  0 
 8093  0 
 8094  0 
 8095  0 
 8096  0 
 8097  0 
 8098  0 
 8099  0 
 8100  0 
 8101  0 
 8102  0 
 8103  0 
 8104  0 
 8105  0 
 8106  0 
 8107  0 
 8108  1 
 8109  0 
 8110  0 
 8111  0 
 8112  0 
 8113  0 
 8114  0 
 8115  0 
 8116  0 
 8117  0 
 8118  0 
 8119  0 
 8120  0 
 8121  0 
 8122  0 
 8123  0 
 8124  0 
 8125  0 
 8126  0 
 8127  0 
 8128  0 
 8129  0 
 8130  0 
 8131  0 
 8132  0 
 8133  0 
 8134  0 
 8135  0 
 8136  0 
 8137  0 
 8138  0 
 8139  0 
 8140  0 
 8141  0 
 8142  0 
 8143  0 
 8144  0 
 8145  0 
 8146  0 
 8147  0 
 8148  0 
 8149  0 
 8150  0 
 8151  0 
 8152  0 
 8153  0 
 8154  0 
 8155  0 
 8156  0 
 8157  0 
 8158  0 
 8159  0 
 8160  0 
 8161  0 
 8162  0 
 8163  0 
 8164  0 
 8165  0 
 8166  0 
 8167  0 
 8168  0 
 8169  0 
 8170  0 
 8171  0 
 8172  0 
 8173  0 
 8174  0 
 8175  0 
 8176  0 
 8177  0 
 8178  0 
 8179  0 
 8180  0 
 8181  0 
 8182  0 
 8183  0 
 8184  0 
 8185  0 
 8186  0 
 8187  0 
 8188  0 
 8189  0 
 8190  0 
 8191  0 
