 0  1397 
 1  1405 
 2  0 
 3  0 
 4  0 
 5  0 
 6  0 
 7  0 
 8  0 
 9  0 
 10  0 
 11  0 
 12  0 
 13  0 
 14  0 
 15  0 
 16  0 
 17  0 
 18  0 
 19  0 
 20  0 
 21  0 
 22  0 
 23  0 
 24  0 
 25  0 
 26  0 
 27  0 
 28  0 
 29  0 
 30  0 
 31  0 
 32  0 
 33  0 
 34  0 
 35  0 
 36  0 
 37  0 
 38  0 
 39  0 
 40  0 
 41  0 
 42  0 
 43  0 
 44  0 
 45  0 
 46  0 
 47  0 
 48  0 
 49  0 
 50  0 
 51  0 
 52  0 
 53  0 
 54  0 
 55  0 
 56  0 
 57  0 
 58  0 
 59  0 
 60  0 
 61  0 
 62  0 
 63  0 
 64  0 
 65  0 
 66  0 
 67  0 
 68  0 
 69  0 
 70  0 
 71  0 
 72  0 
 73  0 
 74  0 
 75  0 
 76  0 
 77  0 
 78  0 
 79  0 
 80  0 
 81  0 
 82  0 
 83  0 
 84  0 
 85  0 
 86  0 
 87  0 
 88  0 
 89  0 
 90  0 
 91  0 
 92  0 
 93  0 
 94  0 
 95  0 
 96  0 
 97  0 
 98  0 
 99  0 
 100  0 
 101  0 
 102  0 
 103  0 
 104  0 
 105  0 
 106  0 
 107  0 
 108  0 
 109  0 
 110  0 
 111  0 
 112  0 
 113  0 
 114  0 
 115  0 
 116  0 
 117  0 
 118  0 
 119  0 
 120  0 
 121  0 
 122  0 
 123  0 
 124  0 
 125  0 
 126  0 
 127  0 
 128  0 
 129  0 
 130  0 
 131  0 
 132  0 
 133  0 
 134  0 
 135  0 
 136  0 
 137  0 
 138  0 
 139  0 
 140  0 
 141  0 
 142  0 
 143  0 
 144  0 
 145  0 
 146  0 
 147  0 
 148  0 
 149  0 
 150  0 
 151  0 
 152  0 
 153  0 
 154  0 
 155  0 
 156  0 
 157  0 
 158  0 
 159  0 
 160  0 
 161  0 
 162  0 
 163  0 
 164  0 
 165  0 
 166  0 
 167  0 
 168  0 
 169  0 
 170  0 
 171  0 
 172  0 
 173  0 
 174  0 
 175  0 
 176  0 
 177  0 
 178  0 
 179  0 
 180  0 
 181  0 
 182  0 
 183  0 
 184  0 
 185  0 
 186  0 
 187  0 
 188  0 
 189  0 
 190  0 
 191  0 
 192  0 
 193  0 
 194  0 
 195  0 
 196  0 
 197  0 
 198  0 
 199  0 
 200  0 
 201  0 
 202  0 
 203  0 
 204  0 
 205  0 
 206  0 
 207  0 
 208  0 
 209  0 
 210  0 
 211  0 
 212  0 
 213  0 
 214  0 
 215  0 
 216  0 
 217  0 
 218  0 
 219  0 
 220  0 
 221  0 
 222  0 
 223  0 
 224  0 
 225  0 
 226  0 
 227  0 
 228  0 
 229  0 
 230  0 
 231  0 
 232  0 
 233  0 
 234  0 
 235  0 
 236  0 
 237  0 
 238  0 
 239  0 
 240  0 
 241  0 
 242  0 
 243  0 
 244  0 
 245  0 
 246  0 
 247  0 
 248  0 
 249  0 
 250  0 
 251  1 
 252  126 
 253  240 
 254  219 
 255  221 
 256  219 
 257  206 
 258  218 
 259  218 
 260  195 
 261  201 
 262  199 
 263  189 
 264  174 
 265  155 
 266  163 
 267  177 
 268  162 
 269  161 
 270  166 
 271  157 
 272  144 
 273  145 
 274  160 
 275  155 
 276  140 
 277  139 
 278  131 
 279  154 
 280  137 
 281  150 
 282  139 
 283  151 
 284  140 
 285  132 
 286  135 
 287  143 
 288  118 
 289  138 
 290  131 
 291  114 
 292  133 
 293  139 
 294  132 
 295  128 
 296  138 
 297  102 
 298  112 
 299  112 
 300  105 
 301  110 
 302  121 
 303  86 
 304  108 
 305  105 
 306  109 
 307  100 
 308  103 
 309  107 
 310  89 
 311  90 
 312  83 
 313  106 
 314  92 
 315  89 
 316  75 
 317  97 
 318  88 
 319  74 
 320  77 
 321  71 
 322  89 
 323  95 
 324  84 
 325  77 
 326  79 
 327  68 
 328  66 
 329  63 
 330  57 
 331  50 
 332  69 
 333  61 
 334  71 
 335  55 
 336  70 
 337  74 
 338  66 
 339  69 
 340  54 
 341  67 
 342  48 
 343  64 
 344  71 
 345  52 
 346  52 
 347  63 
 348  41 
 349  52 
 350  57 
 351  44 
 352  52 
 353  47 
 354  47 
 355  54 
 356  54 
 357  48 
 358  40 
 359  50 
 360  53 
 361  44 
 362  50 
 363  43 
 364  40 
 365  48 
 366  45 
 367  50 
 368  47 
 369  45 
 370  35 
 371  55 
 372  45 
 373  48 
 374  50 
 375  50 
 376  34 
 377  51 
 378  50 
 379  43 
 380  41 
 381  34 
 382  43 
 383  36 
 384  40 
 385  43 
 386  45 
 387  43 
 388  48 
 389  40 
 390  44 
 391  41 
 392  38 
 393  51 
 394  40 
 395  36 
 396  37 
 397  38 
 398  27 
 399  44 
 400  44 
 401  33 
 402  42 
 403  34 
 404  42 
 405  25 
 406  36 
 407  37 
 408  39 
 409  39 
 410  27 
 411  40 
 412  39 
 413  36 
 414  43 
 415  34 
 416  43 
 417  28 
 418  34 
 419  25 
 420  31 
 421  49 
 422  25 
 423  30 
 424  26 
 425  24 
 426  28 
 427  29 
 428  32 
 429  29 
 430  35 
 431  39 
 432  33 
 433  30 
 434  42 
 435  39 
 436  33 
 437  35 
 438  35 
 439  43 
 440  29 
 441  44 
 442  42 
 443  35 
 444  31 
 445  35 
 446  27 
 447  40 
 448  37 
 449  35 
 450  37 
 451  38 
 452  40 
 453  30 
 454  29 
 455  38 
 456  49 
 457  37 
 458  35 
 459  31 
 460  35 
 461  25 
 462  30 
 463  33 
 464  36 
 465  45 
 466  34 
 467  42 
 468  34 
 469  30 
 470  44 
 471  36 
 472  27 
 473  30 
 474  29 
 475  33 
 476  33 
 477  48 
 478  38 
 479  33 
 480  32 
 481  34 
 482  27 
 483  35 
 484  31 
 485  35 
 486  33 
 487  33 
 488  31 
 489  39 
 490  31 
 491  37 
 492  41 
 493  42 
 494  31 
 495  27 
 496  40 
 497  40 
 498  31 
 499  44 
 500  35 
 501  35 
 502  39 
 503  30 
 504  24 
 505  25 
 506  21 
 507  47 
 508  35 
 509  38 
 510  36 
 511  28 
 512  26 
 513  41 
 514  29 
 515  41 
 516  29 
 517  30 
 518  28 
 519  33 
 520  24 
 521  42 
 522  27 
 523  36 
 524  36 
 525  31 
 526  38 
 527  36 
 528  32 
 529  46 
 530  37 
 531  32 
 532  38 
 533  35 
 534  43 
 535  35 
 536  54 
 537  35 
 538  36 
 539  48 
 540  39 
 541  31 
 542  44 
 543  40 
 544  37 
 545  46 
 546  37 
 547  31 
 548  44 
 549  28 
 550  37 
 551  34 
 552  37 
 553  36 
 554  42 
 555  30 
 556  37 
 557  32 
 558  54 
 559  36 
 560  40 
 561  42 
 562  40 
 563  33 
 564  42 
 565  35 
 566  38 
 567  36 
 568  41 
 569  31 
 570  43 
 571  40 
 572  44 
 573  41 
 574  29 
 575  42 
 576  48 
 577  40 
 578  43 
 579  45 
 580  52 
 581  35 
 582  39 
 583  47 
 584  53 
 585  48 
 586  49 
 587  33 
 588  43 
 589  53 
 590  41 
 591  38 
 592  40 
 593  60 
 594  38 
 595  38 
 596  49 
 597  57 
 598  53 
 599  56 
 600  44 
 601  54 
 602  48 
 603  37 
 604  52 
 605  46 
 606  51 
 607  60 
 608  53 
 609  61 
 610  79 
 611  56 
 612  57 
 613  61 
 614  67 
 615  65 
 616  66 
 617  62 
 618  58 
 619  69 
 620  76 
 621  65 
 622  64 
 623  71 
 624  69 
 625  64 
 626  66 
 627  61 
 628  80 
 629  83 
 630  87 
 631  93 
 632  72 
 633  87 
 634  89 
 635  100 
 636  95 
 637  91 
 638  94 
 639  90 
 640  98 
 641  104 
 642  105 
 643  113 
 644  129 
 645  125 
 646  122 
 647  135 
 648  118 
 649  133 
 650  126 
 651  146 
 652  146 
 653  142 
 654  153 
 655  149 
 656  138 
 657  145 
 658  161 
 659  170 
 660  172 
 661  212 
 662  173 
 663  184 
 664  192 
 665  207 
 666  180 
 667  205 
 668  196 
 669  210 
 670  196 
 671  191 
 672  212 
 673  219 
 674  213 
 675  209 
 676  225 
 677  241 
 678  235 
 679  228 
 680  259 
 681  249 
 682  248 
 683  256 
 684  278 
 685  262 
 686  269 
 687  276 
 688  259 
 689  261 
 690  248 
 691  287 
 692  296 
 693  261 
 694  272 
 695  302 
 696  297 
 697  285 
 698  280 
 699  283 
 700  306 
 701  297 
 702  288 
 703  282 
 704  268 
 705  288 
 706  250 
 707  259 
 708  263 
 709  263 
 710  274 
 711  282 
 712  259 
 713  258 
 714  249 
 715  254 
 716  213 
 717  245 
 718  249 
 719  209 
 720  228 
 721  240 
 722  222 
 723  166 
 724  234 
 725  189 
 726  192 
 727  193 
 728  191 
 729  226 
 730  174 
 731  180 
 732  185 
 733  166 
 734  180 
 735  170 
 736  142 
 737  151 
 738  162 
 739  128 
 740  146 
 741  152 
 742  140 
 743  122 
 744  119 
 745  117 
 746  121 
 747  127 
 748  101 
 749  112 
 750  97 
 751  109 
 752  104 
 753  117 
 754  95 
 755  88 
 756  76 
 757  87 
 758  84 
 759  70 
 760  82 
 761  68 
 762  89 
 763  63 
 764  57 
 765  61 
 766  50 
 767  52 
 768  58 
 769  58 
 770  59 
 771  68 
 772  59 
 773  57 
 774  38 
 775  39 
 776  46 
 777  41 
 778  46 
 779  32 
 780  47 
 781  42 
 782  32 
 783  32 
 784  36 
 785  36 
 786  47 
 787  20 
 788  30 
 789  46 
 790  39 
 791  30 
 792  26 
 793  34 
 794  30 
 795  26 
 796  31 
 797  29 
 798  42 
 799  38 
 800  32 
 801  36 
 802  31 
 803  39 
 804  28 
 805  24 
 806  25 
 807  29 
 808  26 
 809  39 
 810  26 
 811  25 
 812  25 
 813  19 
 814  20 
 815  25 
 816  19 
 817  19 
 818  21 
 819  29 
 820  24 
 821  28 
 822  24 
 823  22 
 824  17 
 825  25 
 826  19 
 827  28 
 828  24 
 829  15 
 830  29 
 831  29 
 832  28 
 833  21 
 834  19 
 835  21 
 836  24 
 837  24 
 838  22 
 839  28 
 840  22 
 841  27 
 842  31 
 843  19 
 844  21 
 845  26 
 846  18 
 847  27 
 848  26 
 849  21 
 850  23 
 851  35 
 852  23 
 853  19 
 854  27 
 855  16 
 856  23 
 857  26 
 858  22 
 859  27 
 860  25 
 861  19 
 862  27 
 863  22 
 864  25 
 865  24 
 866  22 
 867  26 
 868  11 
 869  25 
 870  25 
 871  21 
 872  26 
 873  21 
 874  24 
 875  22 
 876  21 
 877  17 
 878  12 
 879  36 
 880  25 
 881  19 
 882  22 
 883  25 
 884  15 
 885  22 
 886  27 
 887  21 
 888  16 
 889  28 
 890  21 
 891  30 
 892  23 
 893  17 
 894  25 
 895  23 
 896  32 
 897  36 
 898  20 
 899  31 
 900  22 
 901  22 
 902  25 
 903  23 
 904  28 
 905  20 
 906  27 
 907  15 
 908  20 
 909  26 
 910  19 
 911  27 
 912  17 
 913  24 
 914  28 
 915  19 
 916  29 
 917  25 
 918  21 
 919  25 
 920  17 
 921  23 
 922  19 
 923  22 
 924  21 
 925  23 
 926  21 
 927  24 
 928  19 
 929  12 
 930  23 
 931  20 
 932  20 
 933  26 
 934  18 
 935  23 
 936  26 
 937  25 
 938  28 
 939  13 
 940  13 
 941  19 
 942  22 
 943  25 
 944  24 
 945  17 
 946  17 
 947  21 
 948  19 
 949  25 
 950  25 
 951  23 
 952  22 
 953  21 
 954  14 
 955  23 
 956  32 
 957  18 
 958  24 
 959  30 
 960  18 
 961  20 
 962  15 
 963  16 
 964  28 
 965  17 
 966  16 
 967  18 
 968  23 
 969  25 
 970  20 
 971  21 
 972  18 
 973  22 
 974  26 
 975  15 
 976  22 
 977  18 
 978  18 
 979  30 
 980  24 
 981  13 
 982  16 
 983  15 
 984  24 
 985  27 
 986  17 
 987  21 
 988  27 
 989  19 
 990  25 
 991  19 
 992  17 
 993  18 
 994  21 
 995  30 
 996  18 
 997  24 
 998  17 
 999  26 
 1000  21 
 1001  22 
 1002  20 
 1003  14 
 1004  16 
 1005  24 
 1006  21 
 1007  24 
 1008  21 
 1009  13 
 1010  29 
 1011  33 
 1012  26 
 1013  22 
 1014  24 
 1015  24 
 1016  31 
 1017  25 
 1018  27 
 1019  18 
 1020  25 
 1021  20 
 1022  24 
 1023  17 
 1024  15 
 1025  16 
 1026  27 
 1027  22 
 1028  21 
 1029  18 
 1030  20 
 1031  19 
 1032  27 
 1033  12 
 1034  13 
 1035  28 
 1036  22 
 1037  18 
 1038  24 
 1039  18 
 1040  23 
 1041  17 
 1042  19 
 1043  19 
 1044  16 
 1045  18 
 1046  22 
 1047  21 
 1048  17 
 1049  26 
 1050  22 
 1051  20 
 1052  19 
 1053  24 
 1054  20 
 1055  20 
 1056  22 
 1057  21 
 1058  22 
 1059  16 
 1060  27 
 1061  24 
 1062  16 
 1063  15 
 1064  17 
 1065  20 
 1066  19 
 1067  29 
 1068  16 
 1069  25 
 1070  12 
 1071  25 
 1072  21 
 1073  16 
 1074  27 
 1075  19 
 1076  15 
 1077  23 
 1078  18 
 1079  25 
 1080  15 
 1081  26 
 1082  11 
 1083  25 
 1084  23 
 1085  15 
 1086  16 
 1087  24 
 1088  19 
 1089  21 
 1090  17 
 1091  16 
 1092  18 
 1093  10 
 1094  19 
 1095  20 
 1096  14 
 1097  14 
 1098  29 
 1099  16 
 1100  18 
 1101  19 
 1102  23 
 1103  17 
 1104  16 
 1105  20 
 1106  23 
 1107  23 
 1108  14 
 1109  21 
 1110  23 
 1111  17 
 1112  11 
 1113  15 
 1114  22 
 1115  22 
 1116  24 
 1117  21 
 1118  23 
 1119  16 
 1120  21 
 1121  18 
 1122  24 
 1123  14 
 1124  24 
 1125  20 
 1126  12 
 1127  31 
 1128  22 
 1129  23 
 1130  18 
 1131  22 
 1132  28 
 1133  22 
 1134  21 
 1135  20 
 1136  12 
 1137  26 
 1138  18 
 1139  22 
 1140  19 
 1141  13 
 1142  26 
 1143  17 
 1144  22 
 1145  22 
 1146  27 
 1147  21 
 1148  22 
 1149  19 
 1150  23 
 1151  20 
 1152  17 
 1153  15 
 1154  18 
 1155  24 
 1156  26 
 1157  20 
 1158  23 
 1159  24 
 1160  27 
 1161  22 
 1162  23 
 1163  21 
 1164  20 
 1165  14 
 1166  24 
 1167  21 
 1168  19 
 1169  15 
 1170  18 
 1171  23 
 1172  29 
 1173  20 
 1174  20 
 1175  22 
 1176  17 
 1177  17 
 1178  17 
 1179  16 
 1180  14 
 1181  23 
 1182  18 
 1183  18 
 1184  16 
 1185  20 
 1186  19 
 1187  21 
 1188  17 
 1189  17 
 1190  17 
 1191  19 
 1192  22 
 1193  18 
 1194  20 
 1195  15 
 1196  19 
 1197  33 
 1198  12 
 1199  16 
 1200  24 
 1201  25 
 1202  11 
 1203  23 
 1204  21 
 1205  18 
 1206  30 
 1207  16 
 1208  21 
 1209  21 
 1210  15 
 1211  12 
 1212  20 
 1213  19 
 1214  16 
 1215  18 
 1216  18 
 1217  21 
 1218  20 
 1219  13 
 1220  21 
 1221  24 
 1222  16 
 1223  16 
 1224  21 
 1225  24 
 1226  26 
 1227  16 
 1228  11 
 1229  21 
 1230  22 
 1231  25 
 1232  22 
 1233  14 
 1234  15 
 1235  15 
 1236  22 
 1237  13 
 1238  26 
 1239  19 
 1240  17 
 1241  12 
 1242  18 
 1243  24 
 1244  23 
 1245  21 
 1246  8 
 1247  20 
 1248  22 
 1249  21 
 1250  15 
 1251  15 
 1252  19 
 1253  17 
 1254  23 
 1255  12 
 1256  19 
 1257  14 
 1258  20 
 1259  21 
 1260  17 
 1261  17 
 1262  21 
 1263  22 
 1264  25 
 1265  20 
 1266  30 
 1267  18 
 1268  19 
 1269  15 
 1270  18 
 1271  18 
 1272  28 
 1273  21 
 1274  17 
 1275  26 
 1276  19 
 1277  12 
 1278  13 
 1279  28 
 1280  16 
 1281  26 
 1282  21 
 1283  18 
 1284  21 
 1285  14 
 1286  12 
 1287  16 
 1288  20 
 1289  13 
 1290  16 
 1291  16 
 1292  19 
 1293  24 
 1294  19 
 1295  16 
 1296  26 
 1297  18 
 1298  19 
 1299  25 
 1300  20 
 1301  16 
 1302  23 
 1303  18 
 1304  20 
 1305  16 
 1306  11 
 1307  16 
 1308  20 
 1309  17 
 1310  14 
 1311  19 
 1312  14 
 1313  19 
 1314  21 
 1315  14 
 1316  10 
 1317  22 
 1318  22 
 1319  27 
 1320  23 
 1321  20 
 1322  12 
 1323  22 
 1324  12 
 1325  23 
 1326  18 
 1327  20 
 1328  17 
 1329  24 
 1330  17 
 1331  17 
 1332  23 
 1333  18 
 1334  26 
 1335  17 
 1336  16 
 1337  18 
 1338  19 
 1339  22 
 1340  21 
 1341  21 
 1342  18 
 1343  17 
 1344  12 
 1345  18 
 1346  25 
 1347  25 
 1348  18 
 1349  21 
 1350  28 
 1351  22 
 1352  14 
 1353  21 
 1354  14 
 1355  16 
 1356  15 
 1357  16 
 1358  21 
 1359  21 
 1360  12 
 1361  23 
 1362  14 
 1363  20 
 1364  14 
 1365  15 
 1366  13 
 1367  15 
 1368  21 
 1369  16 
 1370  17 
 1371  22 
 1372  20 
 1373  20 
 1374  23 
 1375  22 
 1376  15 
 1377  14 
 1378  19 
 1379  13 
 1380  16 
 1381  12 
 1382  20 
 1383  25 
 1384  14 
 1385  26 
 1386  12 
 1387  24 
 1388  21 
 1389  16 
 1390  31 
 1391  25 
 1392  12 
 1393  23 
 1394  21 
 1395  10 
 1396  12 
 1397  21 
 1398  19 
 1399  18 
 1400  16 
 1401  21 
 1402  20 
 1403  22 
 1404  18 
 1405  20 
 1406  21 
 1407  18 
 1408  13 
 1409  28 
 1410  23 
 1411  10 
 1412  14 
 1413  15 
 1414  17 
 1415  28 
 1416  20 
 1417  16 
 1418  21 
 1419  18 
 1420  18 
 1421  11 
 1422  16 
 1423  20 
 1424  17 
 1425  15 
 1426  22 
 1427  18 
 1428  25 
 1429  17 
 1430  20 
 1431  15 
 1432  15 
 1433  29 
 1434  13 
 1435  15 
 1436  21 
 1437  17 
 1438  27 
 1439  10 
 1440  15 
 1441  18 
 1442  16 
 1443  13 
 1444  11 
 1445  20 
 1446  27 
 1447  19 
 1448  18 
 1449  23 
 1450  16 
 1451  22 
 1452  26 
 1453  19 
 1454  17 
 1455  18 
 1456  13 
 1457  19 
 1458  19 
 1459  15 
 1460  13 
 1461  16 
 1462  14 
 1463  14 
 1464  17 
 1465  20 
 1466  16 
 1467  16 
 1468  18 
 1469  21 
 1470  13 
 1471  14 
 1472  15 
 1473  28 
 1474  20 
 1475  15 
 1476  15 
 1477  25 
 1478  19 
 1479  21 
 1480  28 
 1481  23 
 1482  21 
 1483  14 
 1484  17 
 1485  14 
 1486  9 
 1487  22 
 1488  14 
 1489  16 
 1490  16 
 1491  17 
 1492  20 
 1493  31 
 1494  7 
 1495  25 
 1496  15 
 1497  16 
 1498  10 
 1499  17 
 1500  16 
 1501  17 
 1502  9 
 1503  21 
 1504  21 
 1505  13 
 1506  19 
 1507  23 
 1508  19 
 1509  15 
 1510  23 
 1511  17 
 1512  20 
 1513  19 
 1514  20 
 1515  23 
 1516  16 
 1517  13 
 1518  17 
 1519  16 
 1520  19 
 1521  12 
 1522  14 
 1523  18 
 1524  19 
 1525  19 
 1526  17 
 1527  16 
 1528  22 
 1529  16 
 1530  16 
 1531  13 
 1532  15 
 1533  18 
 1534  23 
 1535  17 
 1536  13 
 1537  25 
 1538  23 
 1539  18 
 1540  15 
 1541  18 
 1542  15 
 1543  20 
 1544  14 
 1545  11 
 1546  17 
 1547  18 
 1548  15 
 1549  18 
 1550  20 
 1551  16 
 1552  15 
 1553  23 
 1554  19 
 1555  17 
 1556  8 
 1557  21 
 1558  12 
 1559  11 
 1560  17 
 1561  26 
 1562  20 
 1563  18 
 1564  25 
 1565  14 
 1566  16 
 1567  20 
 1568  26 
 1569  16 
 1570  24 
 1571  19 
 1572  16 
 1573  16 
 1574  27 
 1575  25 
 1576  22 
 1577  11 
 1578  16 
 1579  14 
 1580  22 
 1581  21 
 1582  15 
 1583  20 
 1584  17 
 1585  22 
 1586  17 
 1587  18 
 1588  17 
 1589  24 
 1590  17 
 1591  17 
 1592  17 
 1593  17 
 1594  17 
 1595  19 
 1596  10 
 1597  7 
 1598  16 
 1599  25 
 1600  20 
 1601  18 
 1602  20 
 1603  21 
 1604  26 
 1605  10 
 1606  24 
 1607  14 
 1608  19 
 1609  18 
 1610  18 
 1611  13 
 1612  18 
 1613  15 
 1614  18 
 1615  20 
 1616  10 
 1617  21 
 1618  22 
 1619  17 
 1620  16 
 1621  20 
 1622  32 
 1623  17 
 1624  14 
 1625  19 
 1626  16 
 1627  20 
 1628  28 
 1629  13 
 1630  18 
 1631  28 
 1632  15 
 1633  17 
 1634  16 
 1635  11 
 1636  18 
 1637  20 
 1638  14 
 1639  17 
 1640  17 
 1641  19 
 1642  12 
 1643  13 
 1644  21 
 1645  20 
 1646  18 
 1647  24 
 1648  20 
 1649  14 
 1650  13 
 1651  17 
 1652  28 
 1653  18 
 1654  16 
 1655  11 
 1656  16 
 1657  18 
 1658  11 
 1659  18 
 1660  19 
 1661  16 
 1662  18 
 1663  10 
 1664  15 
 1665  16 
 1666  25 
 1667  25 
 1668  22 
 1669  25 
 1670  18 
 1671  12 
 1672  15 
 1673  22 
 1674  10 
 1675  23 
 1676  17 
 1677  21 
 1678  14 
 1679  17 
 1680  20 
 1681  16 
 1682  21 
 1683  19 
 1684  24 
 1685  22 
 1686  19 
 1687  24 
 1688  21 
 1689  19 
 1690  11 
 1691  13 
 1692  22 
 1693  19 
 1694  21 
 1695  11 
 1696  25 
 1697  15 
 1698  9 
 1699  15 
 1700  8 
 1701  23 
 1702  20 
 1703  16 
 1704  15 
 1705  13 
 1706  21 
 1707  21 
 1708  17 
 1709  22 
 1710  15 
 1711  14 
 1712  18 
 1713  16 
 1714  12 
 1715  15 
 1716  15 
 1717  21 
 1718  16 
 1719  26 
 1720  19 
 1721  18 
 1722  17 
 1723  18 
 1724  16 
 1725  20 
 1726  19 
 1727  24 
 1728  17 
 1729  21 
 1730  15 
 1731  20 
 1732  22 
 1733  13 
 1734  22 
 1735  16 
 1736  13 
 1737  24 
 1738  18 
 1739  13 
 1740  19 
 1741  11 
 1742  22 
 1743  15 
 1744  19 
 1745  25 
 1746  16 
 1747  17 
 1748  25 
 1749  13 
 1750  20 
 1751  17 
 1752  13 
 1753  12 
 1754  15 
 1755  16 
 1756  15 
 1757  15 
 1758  21 
 1759  23 
 1760  16 
 1761  10 
 1762  23 
 1763  16 
 1764  21 
 1765  15 
 1766  16 
 1767  23 
 1768  18 
 1769  20 
 1770  18 
 1771  18 
 1772  19 
 1773  22 
 1774  28 
 1775  23 
 1776  17 
 1777  12 
 1778  18 
 1779  22 
 1780  19 
 1781  21 
 1782  16 
 1783  14 
 1784  19 
 1785  18 
 1786  11 
 1787  12 
 1788  20 
 1789  19 
 1790  18 
 1791  14 
 1792  12 
 1793  12 
 1794  11 
 1795  16 
 1796  18 
 1797  23 
 1798  20 
 1799  18 
 1800  18 
 1801  9 
 1802  19 
 1803  14 
 1804  21 
 1805  17 
 1806  10 
 1807  16 
 1808  18 
 1809  17 
 1810  16 
 1811  17 
 1812  14 
 1813  26 
 1814  20 
 1815  14 
 1816  19 
 1817  16 
 1818  16 
 1819  15 
 1820  15 
 1821  14 
 1822  18 
 1823  16 
 1824  13 
 1825  20 
 1826  12 
 1827  18 
 1828  13 
 1829  23 
 1830  19 
 1831  14 
 1832  18 
 1833  23 
 1834  23 
 1835  14 
 1836  17 
 1837  12 
 1838  20 
 1839  18 
 1840  15 
 1841  13 
 1842  16 
 1843  17 
 1844  11 
 1845  16 
 1846  12 
 1847  14 
 1848  15 
 1849  11 
 1850  20 
 1851  26 
 1852  14 
 1853  11 
 1854  9 
 1855  18 
 1856  16 
 1857  15 
 1858  8 
 1859  24 
 1860  12 
 1861  11 
 1862  8 
 1863  22 
 1864  13 
 1865  18 
 1866  16 
 1867  14 
 1868  17 
 1869  11 
 1870  18 
 1871  18 
 1872  23 
 1873  15 
 1874  18 
 1875  19 
 1876  20 
 1877  12 
 1878  21 
 1879  20 
 1880  21 
 1881  15 
 1882  19 
 1883  20 
 1884  21 
 1885  22 
 1886  9 
 1887  17 
 1888  16 
 1889  19 
 1890  13 
 1891  19 
 1892  12 
 1893  20 
 1894  14 
 1895  13 
 1896  11 
 1897  14 
 1898  15 
 1899  19 
 1900  19 
 1901  13 
 1902  12 
 1903  15 
 1904  17 
 1905  13 
 1906  22 
 1907  29 
 1908  14 
 1909  20 
 1910  12 
 1911  23 
 1912  18 
 1913  21 
 1914  24 
 1915  13 
 1916  14 
 1917  14 
 1918  10 
 1919  16 
 1920  21 
 1921  21 
 1922  16 
 1923  15 
 1924  16 
 1925  24 
 1926  21 
 1927  22 
 1928  14 
 1929  8 
 1930  16 
 1931  21 
 1932  23 
 1933  16 
 1934  14 
 1935  23 
 1936  16 
 1937  13 
 1938  10 
 1939  20 
 1940  21 
 1941  10 
 1942  12 
 1943  14 
 1944  13 
 1945  14 
 1946  20 
 1947  23 
 1948  17 
 1949  17 
 1950  16 
 1951  12 
 1952  14 
 1953  20 
 1954  22 
 1955  12 
 1956  23 
 1957  18 
 1958  13 
 1959  16 
 1960  16 
 1961  14 
 1962  22 
 1963  14 
 1964  13 
 1965  17 
 1966  19 
 1967  19 
 1968  14 
 1969  13 
 1970  23 
 1971  24 
 1972  20 
 1973  19 
 1974  15 
 1975  10 
 1976  13 
 1977  14 
 1978  13 
 1979  24 
 1980  9 
 1981  15 
 1982  12 
 1983  21 
 1984  17 
 1985  15 
 1986  14 
 1987  18 
 1988  17 
 1989  12 
 1990  14 
 1991  14 
 1992  10 
 1993  24 
 1994  21 
 1995  17 
 1996  17 
 1997  12 
 1998  18 
 1999  18 
 2000  17 
 2001  17 
 2002  14 
 2003  18 
 2004  21 
 2005  16 
 2006  20 
 2007  11 
 2008  15 
 2009  15 
 2010  13 
 2011  15 
 2012  18 
 2013  14 
 2014  18 
 2015  13 
 2016  20 
 2017  10 
 2018  17 
 2019  12 
 2020  18 
 2021  22 
 2022  14 
 2023  9 
 2024  10 
 2025  13 
 2026  22 
 2027  16 
 2028  11 
 2029  14 
 2030  15 
 2031  14 
 2032  21 
 2033  17 
 2034  18 
 2035  10 
 2036  16 
 2037  21 
 2038  15 
 2039  21 
 2040  22 
 2041  16 
 2042  12 
 2043  14 
 2044  19 
 2045  18 
 2046  17 
 2047  18 
 2048  19 
 2049  9 
 2050  20 
 2051  16 
 2052  19 
 2053  19 
 2054  15 
 2055  20 
 2056  21 
 2057  23 
 2058  20 
 2059  10 
 2060  14 
 2061  12 
 2062  14 
 2063  11 
 2064  17 
 2065  21 
 2066  20 
 2067  8 
 2068  18 
 2069  12 
 2070  15 
 2071  14 
 2072  17 
 2073  21 
 2074  11 
 2075  14 
 2076  16 
 2077  20 
 2078  17 
 2079  15 
 2080  10 
 2081  17 
 2082  19 
 2083  18 
 2084  19 
 2085  15 
 2086  13 
 2087  17 
 2088  13 
 2089  15 
 2090  15 
 2091  11 
 2092  20 
 2093  18 
 2094  23 
 2095  17 
 2096  16 
 2097  13 
 2098  12 
 2099  14 
 2100  18 
 2101  9 
 2102  19 
 2103  22 
 2104  6 
 2105  10 
 2106  17 
 2107  19 
 2108  14 
 2109  20 
 2110  15 
 2111  14 
 2112  12 
 2113  17 
 2114  16 
 2115  12 
 2116  12 
 2117  11 
 2118  19 
 2119  18 
 2120  17 
 2121  18 
 2122  17 
 2123  15 
 2124  13 
 2125  16 
 2126  13 
 2127  16 
 2128  16 
 2129  16 
 2130  18 
 2131  17 
 2132  16 
 2133  20 
 2134  17 
 2135  11 
 2136  15 
 2137  14 
 2138  14 
 2139  16 
 2140  20 
 2141  7 
 2142  17 
 2143  18 
 2144  19 
 2145  15 
 2146  19 
 2147  16 
 2148  20 
 2149  10 
 2150  22 
 2151  12 
 2152  15 
 2153  12 
 2154  21 
 2155  12 
 2156  10 
 2157  14 
 2158  21 
 2159  14 
 2160  17 
 2161  16 
 2162  15 
 2163  21 
 2164  17 
 2165  10 
 2166  15 
 2167  13 
 2168  13 
 2169  11 
 2170  16 
 2171  11 
 2172  18 
 2173  17 
 2174  22 
 2175  16 
 2176  20 
 2177  14 
 2178  14 
 2179  10 
 2180  18 
 2181  8 
 2182  15 
 2183  16 
 2184  22 
 2185  12 
 2186  12 
 2187  12 
 2188  17 
 2189  20 
 2190  14 
 2191  13 
 2192  20 
 2193  12 
 2194  18 
 2195  9 
 2196  15 
 2197  11 
 2198  15 
 2199  11 
 2200  16 
 2201  18 
 2202  20 
 2203  9 
 2204  13 
 2205  18 
 2206  21 
 2207  22 
 2208  20 
 2209  21 
 2210  12 
 2211  17 
 2212  14 
 2213  12 
 2214  13 
 2215  21 
 2216  13 
 2217  15 
 2218  19 
 2219  17 
 2220  11 
 2221  17 
 2222  11 
 2223  16 
 2224  13 
 2225  14 
 2226  24 
 2227  10 
 2228  17 
 2229  13 
 2230  15 
 2231  14 
 2232  15 
 2233  16 
 2234  14 
 2235  10 
 2236  16 
 2237  17 
 2238  23 
 2239  15 
 2240  14 
 2241  13 
 2242  15 
 2243  13 
 2244  14 
 2245  15 
 2246  16 
 2247  20 
 2248  15 
 2249  17 
 2250  19 
 2251  13 
 2252  20 
 2253  17 
 2254  23 
 2255  13 
 2256  21 
 2257  10 
 2258  18 
 2259  19 
 2260  9 
 2261  15 
 2262  10 
 2263  9 
 2264  12 
 2265  11 
 2266  11 
 2267  18 
 2268  13 
 2269  17 
 2270  12 
 2271  9 
 2272  8 
 2273  17 
 2274  14 
 2275  8 
 2276  10 
 2277  17 
 2278  17 
 2279  18 
 2280  18 
 2281  16 
 2282  13 
 2283  12 
 2284  13 
 2285  17 
 2286  15 
 2287  9 
 2288  9 
 2289  22 
 2290  8 
 2291  19 
 2292  19 
 2293  14 
 2294  9 
 2295  15 
 2296  11 
 2297  12 
 2298  18 
 2299  14 
 2300  14 
 2301  15 
 2302  12 
 2303  15 
 2304  13 
 2305  18 
 2306  24 
 2307  16 
 2308  18 
 2309  16 
 2310  9 
 2311  14 
 2312  10 
 2313  13 
 2314  12 
 2315  20 
 2316  16 
 2317  18 
 2318  18 
 2319  20 
 2320  19 
 2321  19 
 2322  14 
 2323  15 
 2324  14 
 2325  18 
 2326  8 
 2327  17 
 2328  11 
 2329  16 
 2330  19 
 2331  16 
 2332  21 
 2333  14 
 2334  10 
 2335  15 
 2336  8 
 2337  17 
 2338  15 
 2339  13 
 2340  10 
 2341  14 
 2342  17 
 2343  12 
 2344  11 
 2345  13 
 2346  12 
 2347  12 
 2348  21 
 2349  16 
 2350  10 
 2351  9 
 2352  14 
 2353  12 
 2354  12 
 2355  18 
 2356  21 
 2357  16 
 2358  20 
 2359  18 
 2360  12 
 2361  10 
 2362  15 
 2363  18 
 2364  11 
 2365  14 
 2366  13 
 2367  9 
 2368  12 
 2369  15 
 2370  17 
 2371  10 
 2372  6 
 2373  10 
 2374  12 
 2375  12 
 2376  13 
 2377  12 
 2378  13 
 2379  16 
 2380  19 
 2381  16 
 2382  15 
 2383  12 
 2384  10 
 2385  15 
 2386  18 
 2387  13 
 2388  16 
 2389  12 
 2390  20 
 2391  18 
 2392  18 
 2393  15 
 2394  16 
 2395  14 
 2396  18 
 2397  14 
 2398  12 
 2399  17 
 2400  8 
 2401  14 
 2402  21 
 2403  12 
 2404  12 
 2405  17 
 2406  16 
 2407  12 
 2408  17 
 2409  14 
 2410  11 
 2411  15 
 2412  10 
 2413  14 
 2414  14 
 2415  9 
 2416  17 
 2417  10 
 2418  17 
 2419  14 
 2420  25 
 2421  7 
 2422  19 
 2423  15 
 2424  13 
 2425  16 
 2426  11 
 2427  11 
 2428  13 
 2429  17 
 2430  12 
 2431  18 
 2432  13 
 2433  14 
 2434  13 
 2435  17 
 2436  13 
 2437  13 
 2438  11 
 2439  17 
 2440  18 
 2441  16 
 2442  15 
 2443  20 
 2444  19 
 2445  14 
 2446  24 
 2447  23 
 2448  13 
 2449  19 
 2450  19 
 2451  14 
 2452  16 
 2453  13 
 2454  15 
 2455  16 
 2456  12 
 2457  11 
 2458  12 
 2459  12 
 2460  15 
 2461  19 
 2462  19 
 2463  13 
 2464  13 
 2465  12 
 2466  13 
 2467  14 
 2468  16 
 2469  13 
 2470  14 
 2471  14 
 2472  19 
 2473  21 
 2474  10 
 2475  14 
 2476  16 
 2477  11 
 2478  11 
 2479  10 
 2480  15 
 2481  16 
 2482  13 
 2483  12 
 2484  10 
 2485  15 
 2486  17 
 2487  16 
 2488  18 
 2489  16 
 2490  18 
 2491  11 
 2492  12 
 2493  15 
 2494  12 
 2495  14 
 2496  12 
 2497  20 
 2498  13 
 2499  15 
 2500  17 
 2501  18 
 2502  19 
 2503  21 
 2504  9 
 2505  15 
 2506  21 
 2507  10 
 2508  20 
 2509  20 
 2510  14 
 2511  10 
 2512  20 
 2513  17 
 2514  15 
 2515  10 
 2516  12 
 2517  8 
 2518  13 
 2519  11 
 2520  20 
 2521  16 
 2522  9 
 2523  17 
 2524  15 
 2525  18 
 2526  12 
 2527  10 
 2528  15 
 2529  10 
 2530  16 
 2531  14 
 2532  13 
 2533  9 
 2534  10 
 2535  14 
 2536  9 
 2537  13 
 2538  13 
 2539  22 
 2540  18 
 2541  10 
 2542  15 
 2543  16 
 2544  10 
 2545  13 
 2546  17 
 2547  9 
 2548  14 
 2549  21 
 2550  15 
 2551  11 
 2552  14 
 2553  11 
 2554  16 
 2555  16 
 2556  14 
 2557  13 
 2558  11 
 2559  14 
 2560  11 
 2561  15 
 2562  11 
 2563  18 
 2564  13 
 2565  17 
 2566  14 
 2567  14 
 2568  14 
 2569  17 
 2570  14 
 2571  13 
 2572  13 
 2573  14 
 2574  10 
 2575  15 
 2576  13 
 2577  10 
 2578  13 
 2579  15 
 2580  12 
 2581  12 
 2582  12 
 2583  18 
 2584  16 
 2585  6 
 2586  20 
 2587  14 
 2588  16 
 2589  14 
 2590  8 
 2591  22 
 2592  13 
 2593  14 
 2594  12 
 2595  9 
 2596  18 
 2597  14 
 2598  15 
 2599  14 
 2600  13 
 2601  11 
 2602  17 
 2603  11 
 2604  15 
 2605  19 
 2606  7 
 2607  19 
 2608  22 
 2609  16 
 2610  11 
 2611  12 
 2612  10 
 2613  11 
 2614  18 
 2615  22 
 2616  14 
 2617  11 
 2618  10 
 2619  9 
 2620  17 
 2621  14 
 2622  18 
 2623  16 
 2624  10 
 2625  13 
 2626  16 
 2627  14 
 2628  16 
 2629  19 
 2630  13 
 2631  14 
 2632  13 
 2633  9 
 2634  18 
 2635  23 
 2636  18 
 2637  12 
 2638  14 
 2639  16 
 2640  21 
 2641  20 
 2642  12 
 2643  12 
 2644  13 
 2645  9 
 2646  14 
 2647  8 
 2648  16 
 2649  20 
 2650  12 
 2651  15 
 2652  8 
 2653  15 
 2654  11 
 2655  11 
 2656  16 
 2657  16 
 2658  11 
 2659  13 
 2660  12 
 2661  11 
 2662  13 
 2663  10 
 2664  9 
 2665  10 
 2666  11 
 2667  15 
 2668  12 
 2669  9 
 2670  14 
 2671  22 
 2672  6 
 2673  8 
 2674  10 
 2675  7 
 2676  9 
 2677  18 
 2678  10 
 2679  13 
 2680  15 
 2681  23 
 2682  16 
 2683  14 
 2684  7 
 2685  11 
 2686  13 
 2687  17 
 2688  12 
 2689  9 
 2690  23 
 2691  15 
 2692  8 
 2693  18 
 2694  21 
 2695  11 
 2696  17 
 2697  12 
 2698  8 
 2699  10 
 2700  15 
 2701  15 
 2702  9 
 2703  9 
 2704  9 
 2705  15 
 2706  12 
 2707  23 
 2708  12 
 2709  17 
 2710  9 
 2711  13 
 2712  10 
 2713  11 
 2714  10 
 2715  14 
 2716  16 
 2717  12 
 2718  13 
 2719  14 
 2720  9 
 2721  14 
 2722  16 
 2723  17 
 2724  15 
 2725  20 
 2726  12 
 2727  7 
 2728  14 
 2729  17 
 2730  7 
 2731  11 
 2732  9 
 2733  14 
 2734  9 
 2735  11 
 2736  11 
 2737  12 
 2738  12 
 2739  10 
 2740  16 
 2741  16 
 2742  10 
 2743  14 
 2744  12 
 2745  8 
 2746  13 
 2747  19 
 2748  10 
 2749  17 
 2750  12 
 2751  11 
 2752  7 
 2753  15 
 2754  17 
 2755  15 
 2756  10 
 2757  15 
 2758  12 
 2759  16 
 2760  12 
 2761  13 
 2762  10 
 2763  15 
 2764  13 
 2765  13 
 2766  7 
 2767  13 
 2768  9 
 2769  14 
 2770  11 
 2771  6 
 2772  13 
 2773  10 
 2774  11 
 2775  12 
 2776  16 
 2777  14 
 2778  11 
 2779  15 
 2780  12 
 2781  13 
 2782  15 
 2783  11 
 2784  17 
 2785  15 
 2786  9 
 2787  9 
 2788  18 
 2789  13 
 2790  18 
 2791  12 
 2792  14 
 2793  8 
 2794  13 
 2795  11 
 2796  16 
 2797  13 
 2798  17 
 2799  16 
 2800  14 
 2801  10 
 2802  4 
 2803  10 
 2804  14 
 2805  18 
 2806  16 
 2807  13 
 2808  15 
 2809  25 
 2810  9 
 2811  9 
 2812  15 
 2813  15 
 2814  11 
 2815  12 
 2816  15 
 2817  12 
 2818  5 
 2819  15 
 2820  21 
 2821  14 
 2822  18 
 2823  15 
 2824  12 
 2825  12 
 2826  18 
 2827  6 
 2828  9 
 2829  12 
 2830  14 
 2831  17 
 2832  11 
 2833  14 
 2834  11 
 2835  16 
 2836  7 
 2837  12 
 2838  13 
 2839  11 
 2840  13 
 2841  13 
 2842  16 
 2843  13 
 2844  11 
 2845  8 
 2846  14 
 2847  13 
 2848  10 
 2849  16 
 2850  11 
 2851  10 
 2852  14 
 2853  10 
 2854  10 
 2855  16 
 2856  17 
 2857  18 
 2858  10 
 2859  14 
 2860  17 
 2861  18 
 2862  13 
 2863  12 
 2864  15 
 2865  14 
 2866  14 
 2867  16 
 2868  7 
 2869  9 
 2870  11 
 2871  16 
 2872  14 
 2873  16 
 2874  6 
 2875  18 
 2876  18 
 2877  10 
 2878  12 
 2879  7 
 2880  7 
 2881  13 
 2882  11 
 2883  11 
 2884  18 
 2885  10 
 2886  19 
 2887  9 
 2888  14 
 2889  8 
 2890  16 
 2891  9 
 2892  17 
 2893  12 
 2894  15 
 2895  15 
 2896  15 
 2897  7 
 2898  10 
 2899  15 
 2900  19 
 2901  13 
 2902  9 
 2903  11 
 2904  14 
 2905  18 
 2906  17 
 2907  19 
 2908  17 
 2909  11 
 2910  14 
 2911  13 
 2912  8 
 2913  19 
 2914  11 
 2915  10 
 2916  9 
 2917  18 
 2918  9 
 2919  10 
 2920  11 
 2921  16 
 2922  12 
 2923  9 
 2924  12 
 2925  15 
 2926  8 
 2927  21 
 2928  13 
 2929  8 
 2930  10 
 2931  17 
 2932  16 
 2933  9 
 2934  10 
 2935  6 
 2936  14 
 2937  9 
 2938  11 
 2939  14 
 2940  4 
 2941  14 
 2942  10 
 2943  11 
 2944  8 
 2945  11 
 2946  13 
 2947  10 
 2948  6 
 2949  13 
 2950  15 
 2951  24 
 2952  14 
 2953  18 
 2954  9 
 2955  10 
 2956  10 
 2957  12 
 2958  9 
 2959  19 
 2960  14 
 2961  11 
 2962  17 
 2963  9 
 2964  12 
 2965  10 
 2966  12 
 2967  17 
 2968  18 
 2969  13 
 2970  13 
 2971  7 
 2972  12 
 2973  9 
 2974  19 
 2975  14 
 2976  6 
 2977  6 
 2978  15 
 2979  16 
 2980  8 
 2981  17 
 2982  14 
 2983  11 
 2984  11 
 2985  10 
 2986  16 
 2987  15 
 2988  15 
 2989  14 
 2990  7 
 2991  14 
 2992  16 
 2993  10 
 2994  8 
 2995  10 
 2996  16 
 2997  15 
 2998  9 
 2999  12 
 3000  18 
 3001  11 
 3002  12 
 3003  14 
 3004  14 
 3005  13 
 3006  10 
 3007  11 
 3008  10 
 3009  5 
 3010  12 
 3011  10 
 3012  15 
 3013  10 
 3014  12 
 3015  10 
 3016  8 
 3017  13 
 3018  17 
 3019  14 
 3020  12 
 3021  12 
 3022  14 
 3023  13 
 3024  7 
 3025  11 
 3026  11 
 3027  8 
 3028  13 
 3029  16 
 3030  8 
 3031  15 
 3032  12 
 3033  8 
 3034  12 
 3035  7 
 3036  13 
 3037  19 
 3038  14 
 3039  10 
 3040  15 
 3041  13 
 3042  19 
 3043  22 
 3044  8 
 3045  8 
 3046  12 
 3047  10 
 3048  12 
 3049  12 
 3050  19 
 3051  12 
 3052  12 
 3053  15 
 3054  12 
 3055  18 
 3056  9 
 3057  8 
 3058  8 
 3059  9 
 3060  19 
 3061  9 
 3062  12 
 3063  17 
 3064  6 
 3065  6 
 3066  12 
 3067  8 
 3068  16 
 3069  11 
 3070  13 
 3071  15 
 3072  14 
 3073  4 
 3074  15 
 3075  8 
 3076  14 
 3077  8 
 3078  16 
 3079  11 
 3080  19 
 3081  14 
 3082  11 
 3083  13 
 3084  13 
 3085  12 
 3086  16 
 3087  16 
 3088  12 
 3089  13 
 3090  10 
 3091  8 
 3092  11 
 3093  11 
 3094  16 
 3095  12 
 3096  13 
 3097  15 
 3098  15 
 3099  9 
 3100  7 
 3101  16 
 3102  10 
 3103  14 
 3104  13 
 3105  15 
 3106  10 
 3107  14 
 3108  14 
 3109  12 
 3110  6 
 3111  10 
 3112  10 
 3113  16 
 3114  14 
 3115  15 
 3116  8 
 3117  15 
 3118  15 
 3119  4 
 3120  4 
 3121  16 
 3122  7 
 3123  8 
 3124  15 
 3125  13 
 3126  10 
 3127  9 
 3128  10 
 3129  10 
 3130  14 
 3131  10 
 3132  12 
 3133  16 
 3134  12 
 3135  11 
 3136  10 
 3137  17 
 3138  11 
 3139  14 
 3140  8 
 3141  10 
 3142  14 
 3143  13 
 3144  10 
 3145  13 
 3146  17 
 3147  10 
 3148  13 
 3149  11 
 3150  14 
 3151  15 
 3152  15 
 3153  15 
 3154  17 
 3155  13 
 3156  10 
 3157  11 
 3158  7 
 3159  9 
 3160  14 
 3161  9 
 3162  11 
 3163  12 
 3164  12 
 3165  7 
 3166  11 
 3167  14 
 3168  8 
 3169  8 
 3170  8 
 3171  10 
 3172  9 
 3173  16 
 3174  5 
 3175  13 
 3176  17 
 3177  14 
 3178  12 
 3179  8 
 3180  19 
 3181  13 
 3182  13 
 3183  11 
 3184  10 
 3185  7 
 3186  10 
 3187  9 
 3188  10 
 3189  6 
 3190  16 
 3191  11 
 3192  17 
 3193  14 
 3194  10 
 3195  9 
 3196  9 
 3197  14 
 3198  11 
 3199  16 
 3200  11 
 3201  11 
 3202  12 
 3203  11 
 3204  10 
 3205  9 
 3206  18 
 3207  17 
 3208  13 
 3209  9 
 3210  14 
 3211  17 
 3212  14 
 3213  9 
 3214  14 
 3215  9 
 3216  12 
 3217  8 
 3218  15 
 3219  6 
 3220  10 
 3221  7 
 3222  10 
 3223  13 
 3224  9 
 3225  10 
 3226  11 
 3227  16 
 3228  8 
 3229  15 
 3230  10 
 3231  8 
 3232  14 
 3233  16 
 3234  8 
 3235  11 
 3236  11 
 3237  16 
 3238  15 
 3239  9 
 3240  4 
 3241  5 
 3242  12 
 3243  6 
 3244  16 
 3245  12 
 3246  12 
 3247  9 
 3248  8 
 3249  15 
 3250  12 
 3251  9 
 3252  6 
 3253  13 
 3254  14 
 3255  12 
 3256  7 
 3257  12 
 3258  10 
 3259  6 
 3260  11 
 3261  10 
 3262  9 
 3263  18 
 3264  10 
 3265  10 
 3266  12 
 3267  12 
 3268  13 
 3269  9 
 3270  4 
 3271  9 
 3272  10 
 3273  4 
 3274  13 
 3275  9 
 3276  12 
 3277  8 
 3278  5 
 3279  14 
 3280  10 
 3281  9 
 3282  5 
 3283  10 
 3284  12 
 3285  13 
 3286  13 
 3287  10 
 3288  7 
 3289  17 
 3290  15 
 3291  11 
 3292  12 
 3293  13 
 3294  7 
 3295  6 
 3296  10 
 3297  14 
 3298  7 
 3299  10 
 3300  7 
 3301  18 
 3302  12 
 3303  4 
 3304  13 
 3305  7 
 3306  14 
 3307  9 
 3308  14 
 3309  9 
 3310  11 
 3311  17 
 3312  10 
 3313  16 
 3314  13 
 3315  14 
 3316  10 
 3317  14 
 3318  8 
 3319  11 
 3320  16 
 3321  10 
 3322  9 
 3323  12 
 3324  9 
 3325  8 
 3326  9 
 3327  23 
 3328  11 
 3329  9 
 3330  17 
 3331  12 
 3332  17 
 3333  12 
 3334  13 
 3335  20 
 3336  8 
 3337  15 
 3338  17 
 3339  12 
 3340  8 
 3341  13 
 3342  7 
 3343  15 
 3344  12 
 3345  18 
 3346  9 
 3347  8 
 3348  11 
 3349  17 
 3350  16 
 3351  20 
 3352  12 
 3353  17 
 3354  16 
 3355  15 
 3356  15 
 3357  18 
 3358  21 
 3359  20 
 3360  24 
 3361  15 
 3362  14 
 3363  24 
 3364  12 
 3365  18 
 3366  17 
 3367  14 
 3368  20 
 3369  24 
 3370  23 
 3371  17 
 3372  12 
 3373  18 
 3374  12 
 3375  14 
 3376  22 
 3377  17 
 3378  14 
 3379  19 
 3380  24 
 3381  17 
 3382  17 
 3383  21 
 3384  16 
 3385  20 
 3386  13 
 3387  21 
 3388  14 
 3389  14 
 3390  17 
 3391  20 
 3392  13 
 3393  24 
 3394  15 
 3395  16 
 3396  16 
 3397  17 
 3398  14 
 3399  16 
 3400  11 
 3401  15 
 3402  14 
 3403  10 
 3404  8 
 3405  12 
 3406  13 
 3407  14 
 3408  13 
 3409  13 
 3410  13 
 3411  14 
 3412  14 
 3413  11 
 3414  19 
 3415  17 
 3416  15 
 3417  12 
 3418  17 
 3419  8 
 3420  16 
 3421  8 
 3422  13 
 3423  13 
 3424  10 
 3425  6 
 3426  8 
 3427  17 
 3428  15 
 3429  14 
 3430  9 
 3431  5 
 3432  10 
 3433  19 
 3434  10 
 3435  7 
 3436  11 
 3437  15 
 3438  5 
 3439  13 
 3440  10 
 3441  20 
 3442  15 
 3443  22 
 3444  14 
 3445  16 
 3446  7 
 3447  11 
 3448  9 
 3449  17 
 3450  8 
 3451  9 
 3452  10 
 3453  12 
 3454  14 
 3455  13 
 3456  10 
 3457  14 
 3458  10 
 3459  10 
 3460  15 
 3461  15 
 3462  11 
 3463  7 
 3464  13 
 3465  7 
 3466  8 
 3467  11 
 3468  16 
 3469  10 
 3470  9 
 3471  13 
 3472  9 
 3473  10 
 3474  10 
 3475  12 
 3476  10 
 3477  12 
 3478  9 
 3479  8 
 3480  10 
 3481  7 
 3482  9 
 3483  8 
 3484  5 
 3485  12 
 3486  12 
 3487  14 
 3488  13 
 3489  17 
 3490  13 
 3491  12 
 3492  15 
 3493  8 
 3494  9 
 3495  8 
 3496  16 
 3497  7 
 3498  8 
 3499  11 
 3500  12 
 3501  13 
 3502  6 
 3503  14 
 3504  10 
 3505  9 
 3506  12 
 3507  17 
 3508  12 
 3509  11 
 3510  10 
 3511  10 
 3512  13 
 3513  13 
 3514  14 
 3515  9 
 3516  13 
 3517  7 
 3518  12 
 3519  10 
 3520  6 
 3521  11 
 3522  12 
 3523  8 
 3524  13 
 3525  6 
 3526  5 
 3527  5 
 3528  13 
 3529  15 
 3530  5 
 3531  11 
 3532  15 
 3533  14 
 3534  6 
 3535  8 
 3536  20 
 3537  7 
 3538  8 
 3539  9 
 3540  17 
 3541  8 
 3542  8 
 3543  12 
 3544  15 
 3545  10 
 3546  8 
 3547  5 
 3548  10 
 3549  10 
 3550  15 
 3551  11 
 3552  4 
 3553  9 
 3554  12 
 3555  11 
 3556  8 
 3557  8 
 3558  13 
 3559  7 
 3560  7 
 3561  9 
 3562  7 
 3563  13 
 3564  9 
 3565  8 
 3566  13 
 3567  4 
 3568  17 
 3569  16 
 3570  13 
 3571  10 
 3572  16 
 3573  10 
 3574  11 
 3575  5 
 3576  12 
 3577  11 
 3578  13 
 3579  10 
 3580  12 
 3581  8 
 3582  7 
 3583  7 
 3584  9 
 3585  8 
 3586  5 
 3587  17 
 3588  5 
 3589  8 
 3590  10 
 3591  4 
 3592  10 
 3593  13 
 3594  14 
 3595  10 
 3596  8 
 3597  14 
 3598  13 
 3599  7 
 3600  9 
 3601  7 
 3602  13 
 3603  11 
 3604  10 
 3605  14 
 3606  10 
 3607  10 
 3608  8 
 3609  11 
 3610  11 
 3611  10 
 3612  13 
 3613  7 
 3614  13 
 3615  10 
 3616  10 
 3617  9 
 3618  14 
 3619  9 
 3620  13 
 3621  13 
 3622  7 
 3623  10 
 3624  9 
 3625  16 
 3626  8 
 3627  10 
 3628  12 
 3629  11 
 3630  8 
 3631  11 
 3632  10 
 3633  12 
 3634  4 
 3635  14 
 3636  7 
 3637  8 
 3638  12 
 3639  15 
 3640  12 
 3641  10 
 3642  9 
 3643  8 
 3644  5 
 3645  11 
 3646  13 
 3647  12 
 3648  7 
 3649  5 
 3650  8 
 3651  5 
 3652  11 
 3653  13 
 3654  14 
 3655  4 
 3656  5 
 3657  10 
 3658  9 
 3659  11 
 3660  8 
 3661  7 
 3662  6 
 3663  9 
 3664  12 
 3665  11 
 3666  7 
 3667  7 
 3668  10 
 3669  7 
 3670  10 
 3671  14 
 3672  10 
 3673  6 
 3674  9 
 3675  8 
 3676  12 
 3677  8 
 3678  9 
 3679  12 
 3680  9 
 3681  11 
 3682  11 
 3683  4 
 3684  11 
 3685  9 
 3686  7 
 3687  6 
 3688  15 
 3689  12 
 3690  7 
 3691  9 
 3692  11 
 3693  14 
 3694  9 
 3695  7 
 3696  14 
 3697  8 
 3698  10 
 3699  14 
 3700  9 
 3701  9 
 3702  10 
 3703  13 
 3704  5 
 3705  5 
 3706  13 
 3707  14 
 3708  6 
 3709  12 
 3710  8 
 3711  8 
 3712  9 
 3713  14 
 3714  12 
 3715  12 
 3716  9 
 3717  14 
 3718  6 
 3719  14 
 3720  14 
 3721  7 
 3722  14 
 3723  7 
 3724  9 
 3725  11 
 3726  10 
 3727  14 
 3728  7 
 3729  15 
 3730  10 
 3731  14 
 3732  13 
 3733  16 
 3734  8 
 3735  7 
 3736  12 
 3737  15 
 3738  7 
 3739  11 
 3740  10 
 3741  9 
 3742  13 
 3743  11 
 3744  8 
 3745  10 
 3746  9 
 3747  8 
 3748  9 
 3749  12 
 3750  9 
 3751  9 
 3752  8 
 3753  6 
 3754  12 
 3755  10 
 3756  9 
 3757  8 
 3758  12 
 3759  9 
 3760  6 
 3761  4 
 3762  9 
 3763  11 
 3764  7 
 3765  7 
 3766  11 
 3767  13 
 3768  10 
 3769  6 
 3770  7 
 3771  9 
 3772  9 
 3773  6 
 3774  19 
 3775  14 
 3776  15 
 3777  13 
 3778  10 
 3779  7 
 3780  5 
 3781  13 
 3782  12 
 3783  6 
 3784  12 
 3785  4 
 3786  8 
 3787  6 
 3788  9 
 3789  8 
 3790  8 
 3791  14 
 3792  10 
 3793  8 
 3794  8 
 3795  8 
 3796  8 
 3797  12 
 3798  10 
 3799  12 
 3800  10 
 3801  9 
 3802  8 
 3803  7 
 3804  9 
 3805  7 
 3806  8 
 3807  12 
 3808  9 
 3809  11 
 3810  8 
 3811  12 
 3812  8 
 3813  15 
 3814  17 
 3815  5 
 3816  15 
 3817  12 
 3818  12 
 3819  15 
 3820  12 
 3821  7 
 3822  9 
 3823  8 
 3824  7 
 3825  11 
 3826  8 
 3827  9 
 3828  11 
 3829  6 
 3830  7 
 3831  7 
 3832  9 
 3833  12 
 3834  14 
 3835  6 
 3836  9 
 3837  11 
 3838  9 
 3839  9 
 3840  8 
 3841  5 
 3842  8 
 3843  8 
 3844  12 
 3845  16 
 3846  13 
 3847  12 
 3848  5 
 3849  10 
 3850  8 
 3851  8 
 3852  11 
 3853  13 
 3854  12 
 3855  7 
 3856  8 
 3857  12 
 3858  8 
 3859  7 
 3860  9 
 3861  8 
 3862  5 
 3863  12 
 3864  8 
 3865  9 
 3866  14 
 3867  10 
 3868  12 
 3869  12 
 3870  12 
 3871  9 
 3872  8 
 3873  11 
 3874  8 
 3875  9 
 3876  9 
 3877  7 
 3878  9 
 3879  14 
 3880  10 
 3881  10 
 3882  16 
 3883  6 
 3884  8 
 3885  7 
 3886  11 
 3887  18 
 3888  11 
 3889  14 
 3890  9 
 3891  8 
 3892  5 
 3893  8 
 3894  12 
 3895  5 
 3896  9 
 3897  10 
 3898  11 
 3899  3 
 3900  12 
 3901  10 
 3902  13 
 3903  15 
 3904  7 
 3905  5 
 3906  11 
 3907  10 
 3908  10 
 3909  10 
 3910  9 
 3911  13 
 3912  12 
 3913  10 
 3914  16 
 3915  7 
 3916  12 
 3917  6 
 3918  8 
 3919  4 
 3920  11 
 3921  6 
 3922  6 
 3923  12 
 3924  15 
 3925  4 
 3926  11 
 3927  12 
 3928  9 
 3929  9 
 3930  6 
 3931  5 
 3932  10 
 3933  7 
 3934  8 
 3935  4 
 3936  8 
 3937  9 
 3938  10 
 3939  12 
 3940  11 
 3941  12 
 3942  11 
 3943  18 
 3944  4 
 3945  8 
 3946  10 
 3947  11 
 3948  6 
 3949  7 
 3950  4 
 3951  8 
 3952  6 
 3953  10 
 3954  9 
 3955  9 
 3956  7 
 3957  6 
 3958  11 
 3959  8 
 3960  11 
 3961  9 
 3962  6 
 3963  6 
 3964  8 
 3965  5 
 3966  4 
 3967  4 
 3968  8 
 3969  9 
 3970  9 
 3971  7 
 3972  8 
 3973  5 
 3974  9 
 3975  9 
 3976  8 
 3977  11 
 3978  6 
 3979  10 
 3980  9 
 3981  11 
 3982  16 
 3983  11 
 3984  9 
 3985  8 
 3986  11 
 3987  8 
 3988  6 
 3989  16 
 3990  11 
 3991  10 
 3992  10 
 3993  7 
 3994  11 
 3995  9 
 3996  2 
 3997  12 
 3998  11 
 3999  14 
 4000  10 
 4001  7 
 4002  4 
 4003  9 
 4004  6 
 4005  5 
 4006  8 
 4007  9 
 4008  8 
 4009  9 
 4010  8 
 4011  12 
 4012  12 
 4013  9 
 4014  9 
 4015  9 
 4016  12 
 4017  5 
 4018  6 
 4019  12 
 4020  9 
 4021  9 
 4022  14 
 4023  7 
 4024  11 
 4025  5 
 4026  12 
 4027  10 
 4028  7 
 4029  9 
 4030  11 
 4031  6 
 4032  7 
 4033  6 
 4034  13 
 4035  5 
 4036  7 
 4037  6 
 4038  3 
 4039  7 
 4040  10 
 4041  7 
 4042  7 
 4043  8 
 4044  14 
 4045  3 
 4046  12 
 4047  6 
 4048  11 
 4049  14 
 4050  9 
 4051  8 
 4052  15 
 4053  7 
 4054  9 
 4055  3 
 4056  5 
 4057  9 
 4058  7 
 4059  8 
 4060  18 
 4061  11 
 4062  15 
 4063  6 
 4064  11 
 4065  7 
 4066  12 
 4067  7 
 4068  6 
 4069  11 
 4070  10 
 4071  10 
 4072  9 
 4073  9 
 4074  10 
 4075  14 
 4076  10 
 4077  12 
 4078  14 
 4079  11 
 4080  11 
 4081  12 
 4082  11 
 4083  16 
 4084  13 
 4085  9 
 4086  9 
 4087  7 
 4088  5 
 4089  11 
 4090  17 
 4091  21 
 4092  12 
 4093  17 
 4094  12 
 4095  22 
 4096  15 
 4097  16 
 4098  12 
 4099  17 
 4100  20 
 4101  14 
 4102  15 
 4103  19 
 4104  18 
 4105  10 
 4106  16 
 4107  10 
 4108  20 
 4109  11 
 4110  8 
 4111  7 
 4112  15 
 4113  13 
 4114  17 
 4115  15 
 4116  16 
 4117  22 
 4118  20 
 4119  16 
 4120  22 
 4121  21 
 4122  23 
 4123  21 
 4124  16 
 4125  21 
 4126  11 
 4127  18 
 4128  22 
 4129  6 
 4130  14 
 4131  18 
 4132  13 
 4133  15 
 4134  16 
 4135  6 
 4136  19 
 4137  19 
 4138  21 
 4139  16 
 4140  9 
 4141  15 
 4142  18 
 4143  18 
 4144  10 
 4145  16 
 4146  16 
 4147  13 
 4148  13 
 4149  14 
 4150  16 
 4151  12 
 4152  15 
 4153  17 
 4154  12 
 4155  12 
 4156  10 
 4157  10 
 4158  3 
 4159  12 
 4160  10 
 4161  12 
 4162  8 
 4163  9 
 4164  13 
 4165  14 
 4166  11 
 4167  11 
 4168  9 
 4169  10 
 4170  13 
 4171  9 
 4172  11 
 4173  10 
 4174  7 
 4175  15 
 4176  16 
 4177  11 
 4178  8 
 4179  11 
 4180  9 
 4181  7 
 4182  8 
 4183  15 
 4184  8 
 4185  18 
 4186  15 
 4187  10 
 4188  15 
 4189  14 
 4190  14 
 4191  7 
 4192  15 
 4193  10 
 4194  13 
 4195  12 
 4196  8 
 4197  13 
 4198  17 
 4199  14 
 4200  14 
 4201  22 
 4202  20 
 4203  13 
 4204  15 
 4205  18 
 4206  11 
 4207  15 
 4208  27 
 4209  23 
 4210  24 
 4211  28 
 4212  22 
 4213  38 
 4214  23 
 4215  35 
 4216  34 
 4217  47 
 4218  43 
 4219  41 
 4220  36 
 4221  39 
 4222  38 
 4223  42 
 4224  27 
 4225  48 
 4226  63 
 4227  46 
 4228  50 
 4229  42 
 4230  53 
 4231  63 
 4232  55 
 4233  55 
 4234  63 
 4235  67 
 4236  58 
 4237  67 
 4238  77 
 4239  55 
 4240  72 
 4241  75 
 4242  76 
 4243  80 
 4244  74 
 4245  78 
 4246  74 
 4247  92 
 4248  68 
 4249  59 
 4250  69 
 4251  85 
 4252  73 
 4253  82 
 4254  63 
 4255  61 
 4256  78 
 4257  81 
 4258  75 
 4259  81 
 4260  67 
 4261  63 
 4262  76 
 4263  65 
 4264  61 
 4265  45 
 4266  63 
 4267  60 
 4268  57 
 4269  66 
 4270  49 
 4271  44 
 4272  48 
 4273  40 
 4274  45 
 4275  45 
 4276  42 
 4277  45 
 4278  35 
 4279  29 
 4280  27 
 4281  25 
 4282  31 
 4283  32 
 4284  27 
 4285  24 
 4286  16 
 4287  30 
 4288  22 
 4289  15 
 4290  15 
 4291  16 
 4292  15 
 4293  13 
 4294  20 
 4295  8 
 4296  10 
 4297  8 
 4298  13 
 4299  9 
 4300  8 
 4301  14 
 4302  12 
 4303  8 
 4304  5 
 4305  11 
 4306  12 
 4307  12 
 4308  9 
 4309  10 
 4310  9 
 4311  11 
 4312  12 
 4313  9 
 4314  8 
 4315  5 
 4316  12 
 4317  8 
 4318  10 
 4319  10 
 4320  8 
 4321  9 
 4322  7 
 4323  8 
 4324  11 
 4325  5 
 4326  9 
 4327  15 
 4328  10 
 4329  7 
 4330  5 
 4331  10 
 4332  9 
 4333  10 
 4334  3 
 4335  7 
 4336  11 
 4337  4 
 4338  12 
 4339  15 
 4340  7 
 4341  16 
 4342  3 
 4343  7 
 4344  12 
 4345  10 
 4346  8 
 4347  11 
 4348  5 
 4349  9 
 4350  10 
 4351  12 
 4352  7 
 4353  5 
 4354  12 
 4355  5 
 4356  11 
 4357  5 
 4358  7 
 4359  9 
 4360  8 
 4361  6 
 4362  10 
 4363  9 
 4364  13 
 4365  10 
 4366  10 
 4367  10 
 4368  9 
 4369  3 
 4370  9 
 4371  8 
 4372  6 
 4373  12 
 4374  7 
 4375  12 
 4376  8 
 4377  11 
 4378  6 
 4379  10 
 4380  14 
 4381  9 
 4382  10 
 4383  7 
 4384  7 
 4385  5 
 4386  9 
 4387  8 
 4388  7 
 4389  9 
 4390  7 
 4391  6 
 4392  11 
 4393  9 
 4394  10 
 4395  5 
 4396  12 
 4397  8 
 4398  7 
 4399  4 
 4400  14 
 4401  7 
 4402  6 
 4403  9 
 4404  9 
 4405  8 
 4406  7 
 4407  7 
 4408  15 
 4409  12 
 4410  8 
 4411  5 
 4412  7 
 4413  4 
 4414  15 
 4415  9 
 4416  9 
 4417  8 
 4418  5 
 4419  17 
 4420  4 
 4421  6 
 4422  12 
 4423  9 
 4424  4 
 4425  6 
 4426  7 
 4427  14 
 4428  5 
 4429  7 
 4430  15 
 4431  15 
 4432  9 
 4433  4 
 4434  12 
 4435  14 
 4436  8 
 4437  9 
 4438  7 
 4439  7 
 4440  10 
 4441  9 
 4442  7 
 4443  7 
 4444  11 
 4445  10 
 4446  7 
 4447  8 
 4448  9 
 4449  8 
 4450  5 
 4451  11 
 4452  8 
 4453  10 
 4454  9 
 4455  13 
 4456  9 
 4457  7 
 4458  10 
 4459  10 
 4460  8 
 4461  10 
 4462  11 
 4463  11 
 4464  10 
 4465  11 
 4466  5 
 4467  12 
 4468  10 
 4469  7 
 4470  13 
 4471  10 
 4472  14 
 4473  10 
 4474  9 
 4475  9 
 4476  14 
 4477  13 
 4478  9 
 4479  11 
 4480  5 
 4481  5 
 4482  11 
 4483  14 
 4484  4 
 4485  16 
 4486  11 
 4487  9 
 4488  11 
 4489  5 
 4490  11 
 4491  5 
 4492  10 
 4493  15 
 4494  9 
 4495  8 
 4496  7 
 4497  13 
 4498  12 
 4499  7 
 4500  5 
 4501  8 
 4502  14 
 4503  12 
 4504  8 
 4505  8 
 4506  11 
 4507  9 
 4508  10 
 4509  11 
 4510  11 
 4511  10 
 4512  17 
 4513  10 
 4514  10 
 4515  11 
 4516  9 
 4517  10 
 4518  17 
 4519  14 
 4520  11 
 4521  10 
 4522  9 
 4523  17 
 4524  14 
 4525  16 
 4526  11 
 4527  11 
 4528  11 
 4529  24 
 4530  9 
 4531  22 
 4532  14 
 4533  17 
 4534  13 
 4535  23 
 4536  21 
 4537  17 
 4538  29 
 4539  20 
 4540  23 
 4541  24 
 4542  24 
 4543  28 
 4544  32 
 4545  31 
 4546  39 
 4547  31 
 4548  30 
 4549  39 
 4550  54 
 4551  58 
 4552  48 
 4553  61 
 4554  65 
 4555  58 
 4556  60 
 4557  66 
 4558  78 
 4559  93 
 4560  86 
 4561  73 
 4562  94 
 4563  95 
 4564  130 
 4565  128 
 4566  123 
 4567  146 
 4568  131 
 4569  161 
 4570  163 
 4571  163 
 4572  213 
 4573  204 
 4574  217 
 4575  246 
 4576  257 
 4577  255 
 4578  354 
 4579  354 
 4580  382 
 4581  381 
 4582  397 
 4583  451 
 4584  507 
 4585  606 
 4586  617 
 4587  628 
 4588  734 
 4589  809 
 4590  829 
 4591  899 
 4592  936 
 4593  1101 
 4594  1107 
 4595  1197 
 4596  1182 
 4597  1285 
 4598  1384 
 4599  1449 
 4600  1438 
 4601  1610 
 4602  1515 
 4603  1533 
 4604  1606 
 4605  1648 
 4606  1630 
 4607  1689 
 4608  1668 
 4609  1560 
 4610  1541 
 4611  1488 
 4612  1421 
 4613  1337 
 4614  1330 
 4615  1215 
 4616  1198 
 4617  1028 
 4618  981 
 4619  878 
 4620  825 
 4621  725 
 4622  681 
 4623  613 
 4624  534 
 4625  480 
 4626  431 
 4627  344 
 4628  331 
 4629  296 
 4630  260 
 4631  232 
 4632  205 
 4633  167 
 4634  173 
 4635  135 
 4636  129 
 4637  88 
 4638  108 
 4639  88 
 4640  70 
 4641  65 
 4642  49 
 4643  51 
 4644  53 
 4645  33 
 4646  35 
 4647  35 
 4648  38 
 4649  22 
 4650  26 
 4651  33 
 4652  9 
 4653  23 
 4654  30 
 4655  22 
 4656  10 
 4657  15 
 4658  11 
 4659  13 
 4660  26 
 4661  15 
 4662  24 
 4663  14 
 4664  14 
 4665  17 
 4666  16 
 4667  13 
 4668  13 
 4669  15 
 4670  12 
 4671  2 
 4672  16 
 4673  12 
 4674  12 
 4675  9 
 4676  3 
 4677  7 
 4678  9 
 4679  7 
 4680  6 
 4681  10 
 4682  11 
 4683  13 
 4684  13 
 4685  8 
 4686  11 
 4687  10 
 4688  5 
 4689  5 
 4690  7 
 4691  12 
 4692  6 
 4693  9 
 4694  6 
 4695  6 
 4696  9 
 4697  12 
 4698  8 
 4699  16 
 4700  11 
 4701  15 
 4702  14 
 4703  15 
 4704  17 
 4705  7 
 4706  22 
 4707  9 
 4708  8 
 4709  16 
 4710  25 
 4711  13 
 4712  27 
 4713  26 
 4714  30 
 4715  40 
 4716  31 
 4717  26 
 4718  50 
 4719  49 
 4720  46 
 4721  42 
 4722  49 
 4723  49 
 4724  48 
 4725  50 
 4726  56 
 4727  66 
 4728  46 
 4729  59 
 4730  67 
 4731  74 
 4732  62 
 4733  54 
 4734  47 
 4735  46 
 4736  50 
 4737  53 
 4738  41 
 4739  37 
 4740  39 
 4741  43 
 4742  27 
 4743  43 
 4744  39 
 4745  25 
 4746  20 
 4747  17 
 4748  14 
 4749  17 
 4750  21 
 4751  15 
 4752  10 
 4753  10 
 4754  15 
 4755  4 
 4756  8 
 4757  13 
 4758  6 
 4759  5 
 4760  12 
 4761  7 
 4762  5 
 4763  12 
 4764  2 
 4765  6 
 4766  4 
 4767  0 
 4768  4 
 4769  9 
 4770  3 
 4771  1 
 4772  6 
 4773  2 
 4774  7 
 4775  4 
 4776  5 
 4777  3 
 4778  3 
 4779  7 
 4780  1 
 4781  3 
 4782  5 
 4783  3 
 4784  2 
 4785  1 
 4786  4 
 4787  2 
 4788  2 
 4789  4 
 4790  4 
 4791  2 
 4792  1 
 4793  9 
 4794  3 
 4795  3 
 4796  3 
 4797  6 
 4798  7 
 4799  3 
 4800  4 
 4801  4 
 4802  4 
 4803  2 
 4804  4 
 4805  0 
 4806  1 
 4807  4 
 4808  2 
 4809  3 
 4810  1 
 4811  10 
 4812  2 
 4813  5 
 4814  1 
 4815  6 
 4816  5 
 4817  4 
 4818  3 
 4819  5 
 4820  3 
 4821  1 
 4822  7 
 4823  8 
 4824  1 
 4825  6 
 4826  2 
 4827  4 
 4828  7 
 4829  4 
 4830  7 
 4831  6 
 4832  4 
 4833  4 
 4834  4 
 4835  9 
 4836  7 
 4837  3 
 4838  3 
 4839  12 
 4840  3 
 4841  7 
 4842  5 
 4843  6 
 4844  7 
 4845  4 
 4846  6 
 4847  4 
 4848  3 
 4849  4 
 4850  5 
 4851  9 
 4852  8 
 4853  2 
 4854  8 
 4855  15 
 4856  7 
 4857  14 
 4858  9 
 4859  11 
 4860  9 
 4861  17 
 4862  13 
 4863  12 
 4864  20 
 4865  10 
 4866  21 
 4867  12 
 4868  15 
 4869  28 
 4870  29 
 4871  27 
 4872  35 
 4873  38 
 4874  46 
 4875  42 
 4876  45 
 4877  60 
 4878  70 
 4879  60 
 4880  60 
 4881  71 
 4882  106 
 4883  92 
 4884  86 
 4885  116 
 4886  121 
 4887  132 
 4888  116 
 4889  160 
 4890  169 
 4891  187 
 4892  188 
 4893  223 
 4894  221 
 4895  242 
 4896  258 
 4897  274 
 4898  324 
 4899  266 
 4900  328 
 4901  329 
 4902  359 
 4903  380 
 4904  412 
 4905  395 
 4906  434 
 4907  493 
 4908  478 
 4909  536 
 4910  507 
 4911  550 
 4912  570 
 4913  562 
 4914  630 
 4915  618 
 4916  625 
 4917  638 
 4918  668 
 4919  680 
 4920  714 
 4921  665 
 4922  695 
 4923  739 
 4924  753 
 4925  708 
 4926  736 
 4927  745 
 4928  711 
 4929  733 
 4930  737 
 4931  698 
 4932  638 
 4933  705 
 4934  606 
 4935  626 
 4936  606 
 4937  551 
 4938  540 
 4939  514 
 4940  526 
 4941  491 
 4942  473 
 4943  410 
 4944  400 
 4945  359 
 4946  327 
 4947  304 
 4948  269 
 4949  284 
 4950  241 
 4951  242 
 4952  217 
 4953  188 
 4954  153 
 4955  156 
 4956  136 
 4957  108 
 4958  97 
 4959  96 
 4960  87 
 4961  88 
 4962  67 
 4963  56 
 4964  45 
 4965  39 
 4966  43 
 4967  28 
 4968  22 
 4969  26 
 4970  22 
 4971  15 
 4972  14 
 4973  15 
 4974  18 
 4975  7 
 4976  10 
 4977  8 
 4978  8 
 4979  7 
 4980  8 
 4981  4 
 4982  2 
 4983  6 
 4984  1 
 4985  6 
 4986  5 
 4987  6 
 4988  3 
 4989  11 
 4990  7 
 4991  5 
 4992  5 
 4993  6 
 4994  7 
 4995  10 
 4996  11 
 4997  11 
 4998  16 
 4999  13 
 5000  11 
 5001  14 
 5002  17 
 5003  21 
 5004  17 
 5005  25 
 5006  22 
 5007  33 
 5008  24 
 5009  26 
 5010  33 
 5011  32 
 5012  44 
 5013  47 
 5014  46 
 5015  56 
 5016  48 
 5017  46 
 5018  69 
 5019  64 
 5020  75 
 5021  85 
 5022  76 
 5023  88 
 5024  60 
 5025  78 
 5026  88 
 5027  82 
 5028  70 
 5029  85 
 5030  76 
 5031  57 
 5032  70 
 5033  63 
 5034  46 
 5035  55 
 5036  56 
 5037  40 
 5038  47 
 5039  46 
 5040  37 
 5041  32 
 5042  16 
 5043  29 
 5044  23 
 5045  24 
 5046  22 
 5047  9 
 5048  16 
 5049  11 
 5050  11 
 5051  17 
 5052  9 
 5053  15 
 5054  8 
 5055  8 
 5056  10 
 5057  8 
 5058  11 
 5059  13 
 5060  8 
 5061  4 
 5062  6 
 5063  14 
 5064  10 
 5065  11 
 5066  8 
 5067  6 
 5068  10 
 5069  13 
 5070  11 
 5071  9 
 5072  17 
 5073  13 
 5074  14 
 5075  7 
 5076  14 
 5077  12 
 5078  11 
 5079  9 
 5080  8 
 5081  10 
 5082  5 
 5083  16 
 5084  10 
 5085  11 
 5086  10 
 5087  4 
 5088  9 
 5089  9 
 5090  5 
 5091  6 
 5092  12 
 5093  4 
 5094  7 
 5095  9 
 5096  8 
 5097  6 
 5098  1 
 5099  8 
 5100  3 
 5101  3 
 5102  2 
 5103  4 
 5104  7 
 5105  3 
 5106  6 
 5107  6 
 5108  0 
 5109  2 
 5110  2 
 5111  1 
 5112  2 
 5113  1 
 5114  2 
 5115  0 
 5116  1 
 5117  2 
 5118  2 
 5119  0 
 5120  0 
 5121  0 
 5122  1 
 5123  0 
 5124  1 
 5125  0 
 5126  0 
 5127  0 
 5128  1 
 5129  0 
 5130  0 
 5131  0 
 5132  0 
 5133  0 
 5134  0 
 5135  0 
 5136  0 
 5137  0 
 5138  0 
 5139  0 
 5140  0 
 5141  0 
 5142  0 
 5143  0 
 5144  0 
 5145  0 
 5146  0 
 5147  0 
 5148  1 
 5149  0 
 5150  0 
 5151  0 
 5152  1 
 5153  0 
 5154  0 
 5155  0 
 5156  0 
 5157  0 
 5158  0 
 5159  0 
 5160  0 
 5161  0 
 5162  0 
 5163  0 
 5164  0 
 5165  0 
 5166  1 
 5167  0 
 5168  0 
 5169  0 
 5170  0 
 5171  0 
 5172  0 
 5173  0 
 5174  0 
 5175  0 
 5176  0 
 5177  0 
 5178  1 
 5179  0 
 5180  0 
 5181  0 
 5182  0 
 5183  0 
 5184  0 
 5185  0 
 5186  0 
 5187  0 
 5188  0 
 5189  0 
 5190  0 
 5191  0 
 5192  0 
 5193  0 
 5194  0 
 5195  0 
 5196  0 
 5197  0 
 5198  0 
 5199  0 
 5200  0 
 5201  0 
 5202  0 
 5203  0 
 5204  0 
 5205  0 
 5206  0 
 5207  0 
 5208  0 
 5209  0 
 5210  0 
 5211  0 
 5212  0 
 5213  0 
 5214  0 
 5215  0 
 5216  0 
 5217  0 
 5218  0 
 5219  0 
 5220  0 
 5221  1 
 5222  0 
 5223  0 
 5224  0 
 5225  0 
 5226  0 
 5227  0 
 5228  0 
 5229  0 
 5230  0 
 5231  0 
 5232  0 
 5233  0 
 5234  0 
 5235  0 
 5236  0 
 5237  0 
 5238  1 
 5239  0 
 5240  0 
 5241  0 
 5242  0 
 5243  0 
 5244  0 
 5245  0 
 5246  0 
 5247  0 
 5248  0 
 5249  0 
 5250  0 
 5251  0 
 5252  0 
 5253  0 
 5254  0 
 5255  0 
 5256  0 
 5257  0 
 5258  0 
 5259  0 
 5260  0 
 5261  0 
 5262  1 
 5263  0 
 5264  1 
 5265  0 
 5266  0 
 5267  0 
 5268  0 
 5269  0 
 5270  0 
 5271  0 
 5272  0 
 5273  0 
 5274  0 
 5275  0 
 5276  0 
 5277  1 
 5278  0 
 5279  0 
 5280  0 
 5281  0 
 5282  0 
 5283  0 
 5284  0 
 5285  0 
 5286  0 
 5287  0 
 5288  0 
 5289  0 
 5290  0 
 5291  1 
 5292  0 
 5293  0 
 5294  0 
 5295  0 
 5296  0 
 5297  0 
 5298  0 
 5299  0 
 5300  0 
 5301  0 
 5302  0 
 5303  0 
 5304  0 
 5305  0 
 5306  0 
 5307  0 
 5308  0 
 5309  0 
 5310  0 
 5311  0 
 5312  0 
 5313  0 
 5314  1 
 5315  0 
 5316  0 
 5317  0 
 5318  0 
 5319  0 
 5320  0 
 5321  0 
 5322  0 
 5323  0 
 5324  0 
 5325  0 
 5326  0 
 5327  0 
 5328  0 
 5329  0 
 5330  0 
 5331  0 
 5332  0 
 5333  0 
 5334  0 
 5335  0 
 5336  1 
 5337  0 
 5338  0 
 5339  0 
 5340  0 
 5341  0 
 5342  1 
 5343  1 
 5344  0 
 5345  0 
 5346  0 
 5347  1 
 5348  0 
 5349  0 
 5350  0 
 5351  0 
 5352  1 
 5353  0 
 5354  0 
 5355  0 
 5356  0 
 5357  0 
 5358  0 
 5359  0 
 5360  0 
 5361  0 
 5362  0 
 5363  0 
 5364  0 
 5365  0 
 5366  0 
 5367  0 
 5368  0 
 5369  0 
 5370  0 
 5371  0 
 5372  1 
 5373  0 
 5374  0 
 5375  0 
 5376  0 
 5377  1 
 5378  0 
 5379  0 
 5380  0 
 5381  0 
 5382  0 
 5383  0 
 5384  0 
 5385  0 
 5386  0 
 5387  0 
 5388  0 
 5389  0 
 5390  0 
 5391  1 
 5392  0 
 5393  0 
 5394  0 
 5395  0 
 5396  0 
 5397  0 
 5398  0 
 5399  0 
 5400  0 
 5401  0 
 5402  0 
 5403  0 
 5404  0 
 5405  0 
 5406  0 
 5407  0 
 5408  0 
 5409  0 
 5410  0 
 5411  0 
 5412  0 
 5413  0 
 5414  0 
 5415  0 
 5416  1 
 5417  0 
 5418  0 
 5419  0 
 5420  0 
 5421  0 
 5422  0 
 5423  0 
 5424  0 
 5425  0 
 5426  1 
 5427  0 
 5428  0 
 5429  0 
 5430  0 
 5431  0 
 5432  0 
 5433  0 
 5434  1 
 5435  0 
 5436  0 
 5437  0 
 5438  0 
 5439  0 
 5440  0 
 5441  0 
 5442  0 
 5443  0 
 5444  0 
 5445  0 
 5446  0 
 5447  0 
 5448  0 
 5449  0 
 5450  0 
 5451  0 
 5452  0 
 5453  1 
 5454  0 
 5455  0 
 5456  0 
 5457  0 
 5458  0 
 5459  0 
 5460  0 
 5461  0 
 5462  0 
 5463  0 
 5464  0 
 5465  0 
 5466  0 
 5467  0 
 5468  0 
 5469  1 
 5470  0 
 5471  0 
 5472  0 
 5473  0 
 5474  0 
 5475  0 
 5476  0 
 5477  0 
 5478  0 
 5479  0 
 5480  0 
 5481  0 
 5482  0 
 5483  0 
 5484  0 
 5485  0 
 5486  0 
 5487  0 
 5488  0 
 5489  0 
 5490  0 
 5491  0 
 5492  0 
 5493  0 
 5494  0 
 5495  1 
 5496  0 
 5497  0 
 5498  0 
 5499  1 
 5500  0 
 5501  0 
 5502  0 
 5503  0 
 5504  0 
 5505  0 
 5506  0 
 5507  0 
 5508  0 
 5509  0 
 5510  0 
 5511  0 
 5512  0 
 5513  0 
 5514  0 
 5515  0 
 5516  0 
 5517  0 
 5518  0 
 5519  0 
 5520  0 
 5521  0 
 5522  0 
 5523  0 
 5524  0 
 5525  0 
 5526  0 
 5527  0 
 5528  0 
 5529  0 
 5530  0 
 5531  0 
 5532  0 
 5533  1 
 5534  0 
 5535  0 
 5536  0 
 5537  0 
 5538  0 
 5539  0 
 5540  0 
 5541  0 
 5542  0 
 5543  0 
 5544  0 
 5545  0 
 5546  0 
 5547  0 
 5548  0 
 5549  0 
 5550  0 
 5551  0 
 5552  0 
 5553  0 
 5554  0 
 5555  0 
 5556  0 
 5557  0 
 5558  0 
 5559  1 
 5560  0 
 5561  0 
 5562  0 
 5563  1 
 5564  0 
 5565  0 
 5566  0 
 5567  0 
 5568  0 
 5569  0 
 5570  0 
 5571  0 
 5572  0 
 5573  0 
 5574  0 
 5575  0 
 5576  0 
 5577  0 
 5578  0 
 5579  0 
 5580  0 
 5581  0 
 5582  0 
 5583  0 
 5584  0 
 5585  0 
 5586  0 
 5587  0 
 5588  0 
 5589  0 
 5590  0 
 5591  0 
 5592  0 
 5593  0 
 5594  0 
 5595  0 
 5596  0 
 5597  1 
 5598  0 
 5599  0 
 5600  0 
 5601  0 
 5602  0 
 5603  0 
 5604  0 
 5605  1 
 5606  0 
 5607  0 
 5608  0 
 5609  0 
 5610  0 
 5611  0 
 5612  0 
 5613  0 
 5614  0 
 5615  0 
 5616  0 
 5617  0 
 5618  0 
 5619  0 
 5620  1 
 5621  0 
 5622  0 
 5623  0 
 5624  0 
 5625  0 
 5626  0 
 5627  0 
 5628  0 
 5629  0 
 5630  0 
 5631  0 
 5632  0 
 5633  0 
 5634  0 
 5635  0 
 5636  0 
 5637  0 
 5638  0 
 5639  0 
 5640  0 
 5641  0 
 5642  0 
 5643  0 
 5644  0 
 5645  0 
 5646  0 
 5647  0 
 5648  0 
 5649  0 
 5650  0 
 5651  0 
 5652  0 
 5653  0 
 5654  0 
 5655  0 
 5656  0 
 5657  0 
 5658  0 
 5659  0 
 5660  0 
 5661  0 
 5662  0 
 5663  0 
 5664  0 
 5665  0 
 5666  0 
 5667  0 
 5668  0 
 5669  0 
 5670  1 
 5671  0 
 5672  0 
 5673  0 
 5674  0 
 5675  0 
 5676  0 
 5677  0 
 5678  0 
 5679  0 
 5680  0 
 5681  0 
 5682  0 
 5683  0 
 5684  0 
 5685  0 
 5686  0 
 5687  0 
 5688  0 
 5689  0 
 5690  0 
 5691  0 
 5692  0 
 5693  0 
 5694  0 
 5695  0 
 5696  0 
 5697  0 
 5698  1 
 5699  0 
 5700  0 
 5701  0 
 5702  0 
 5703  0 
 5704  0 
 5705  0 
 5706  0 
 5707  0 
 5708  2 
 5709  0 
 5710  0 
 5711  0 
 5712  0 
 5713  0 
 5714  0 
 5715  0 
 5716  0 
 5717  0 
 5718  0 
 5719  0 
 5720  0 
 5721  0 
 5722  0 
 5723  0 
 5724  0 
 5725  0 
 5726  0 
 5727  0 
 5728  0 
 5729  1 
 5730  0 
 5731  0 
 5732  0 
 5733  0 
 5734  0 
 5735  0 
 5736  0 
 5737  0 
 5738  0 
 5739  0 
 5740  0 
 5741  0 
 5742  0 
 5743  0 
 5744  0 
 5745  0 
 5746  0 
 5747  0 
 5748  0 
 5749  0 
 5750  0 
 5751  0 
 5752  0 
 5753  0 
 5754  0 
 5755  0 
 5756  0 
 5757  0 
 5758  0 
 5759  0 
 5760  0 
 5761  0 
 5762  0 
 5763  0 
 5764  0 
 5765  0 
 5766  0 
 5767  0 
 5768  0 
 5769  0 
 5770  0 
 5771  0 
 5772  0 
 5773  0 
 5774  0 
 5775  0 
 5776  0 
 5777  0 
 5778  0 
 5779  0 
 5780  1 
 5781  0 
 5782  0 
 5783  0 
 5784  0 
 5785  0 
 5786  0 
 5787  2 
 5788  0 
 5789  0 
 5790  0 
 5791  0 
 5792  0 
 5793  0 
 5794  0 
 5795  0 
 5796  1 
 5797  0 
 5798  0 
 5799  0 
 5800  0 
 5801  0 
 5802  0 
 5803  1 
 5804  0 
 5805  0 
 5806  0 
 5807  0 
 5808  0 
 5809  0 
 5810  0 
 5811  0 
 5812  0 
 5813  1 
 5814  1 
 5815  0 
 5816  0 
 5817  0 
 5818  0 
 5819  1 
 5820  0 
 5821  0 
 5822  0 
 5823  0 
 5824  0 
 5825  0 
 5826  0 
 5827  0 
 5828  0 
 5829  0 
 5830  0 
 5831  0 
 5832  0 
 5833  0 
 5834  1 
 5835  0 
 5836  0 
 5837  0 
 5838  0 
 5839  1 
 5840  0 
 5841  0 
 5842  1 
 5843  0 
 5844  0 
 5845  1 
 5846  0 
 5847  0 
 5848  1 
 5849  0 
 5850  0 
 5851  0 
 5852  0 
 5853  0 
 5854  0 
 5855  0 
 5856  0 
 5857  0 
 5858  1 
 5859  0 
 5860  1 
 5861  0 
 5862  1 
 5863  0 
 5864  0 
 5865  0 
 5866  0 
 5867  0 
 5868  0 
 5869  0 
 5870  0 
 5871  0 
 5872  0 
 5873  0 
 5874  0 
 5875  0 
 5876  0 
 5877  1 
 5878  1 
 5879  1 
 5880  1 
 5881  1 
 5882  1 
 5883  0 
 5884  0 
 5885  0 
 5886  1 
 5887  0 
 5888  0 
 5889  0 
 5890  0 
 5891  0 
 5892  0 
 5893  1 
 5894  0 
 5895  0 
 5896  0 
 5897  0 
 5898  0 
 5899  1 
 5900  0 
 5901  0 
 5902  1 
 5903  0 
 5904  0 
 5905  0 
 5906  0 
 5907  0 
 5908  0 
 5909  0 
 5910  0 
 5911  0 
 5912  0 
 5913  0 
 5914  0 
 5915  0 
 5916  0 
 5917  0 
 5918  1 
 5919  0 
 5920  0 
 5921  0 
 5922  0 
 5923  0 
 5924  0 
 5925  0 
 5926  1 
 5927  1 
 5928  0 
 5929  0 
 5930  1 
 5931  0 
 5932  0 
 5933  0 
 5934  0 
 5935  0 
 5936  0 
 5937  0 
 5938  0 
 5939  1 
 5940  0 
 5941  0 
 5942  0 
 5943  0 
 5944  0 
 5945  0 
 5946  0 
 5947  0 
 5948  0 
 5949  0 
 5950  1 
 5951  0 
 5952  0 
 5953  0 
 5954  0 
 5955  0 
 5956  0 
 5957  0 
 5958  0 
 5959  1 
 5960  0 
 5961  0 
 5962  0 
 5963  0 
 5964  0 
 5965  0 
 5966  0 
 5967  0 
 5968  0 
 5969  1 
 5970  0 
 5971  1 
 5972  0 
 5973  0 
 5974  0 
 5975  1 
 5976  0 
 5977  0 
 5978  0 
 5979  1 
 5980  0 
 5981  2 
 5982  0 
 5983  0 
 5984  0 
 5985  1 
 5986  0 
 5987  1 
 5988  1 
 5989  0 
 5990  0 
 5991  1 
 5992  0 
 5993  0 
 5994  1 
 5995  1 
 5996  0 
 5997  0 
 5998  0 
 5999  0 
 6000  0 
 6001  0 
 6002  0 
 6003  1 
 6004  1 
 6005  1 
 6006  0 
 6007  0 
 6008  1 
 6009  0 
 6010  1 
 6011  1 
 6012  0 
 6013  0 
 6014  0 
 6015  1 
 6016  1 
 6017  0 
 6018  0 
 6019  0 
 6020  0 
 6021  0 
 6022  0 
 6023  0 
 6024  0 
 6025  2 
 6026  1 
 6027  1 
 6028  0 
 6029  1 
 6030  0 
 6031  0 
 6032  0 
 6033  0 
 6034  0 
 6035  0 
 6036  0 
 6037  0 
 6038  0 
 6039  0 
 6040  0 
 6041  0 
 6042  0 
 6043  0 
 6044  0 
 6045  0 
 6046  0 
 6047  0 
 6048  0 
 6049  0 
 6050  1 
 6051  0 
 6052  0 
 6053  0 
 6054  0 
 6055  0 
 6056  0 
 6057  0 
 6058  0 
 6059  2 
 6060  0 
 6061  0 
 6062  0 
 6063  0 
 6064  1 
 6065  0 
 6066  0 
 6067  1 
 6068  0 
 6069  0 
 6070  0 
 6071  0 
 6072  0 
 6073  0 
 6074  0 
 6075  1 
 6076  0 
 6077  0 
 6078  0 
 6079  1 
 6080  0 
 6081  0 
 6082  0 
 6083  0 
 6084  1 
 6085  0 
 6086  0 
 6087  0 
 6088  0 
 6089  0 
 6090  0 
 6091  0 
 6092  0 
 6093  0 
 6094  0 
 6095  0 
 6096  0 
 6097  0 
 6098  0 
 6099  0 
 6100  0 
 6101  0 
 6102  0 
 6103  0 
 6104  0 
 6105  0 
 6106  0 
 6107  0 
 6108  0 
 6109  1 
 6110  0 
 6111  0 
 6112  0 
 6113  0 
 6114  0 
 6115  0 
 6116  0 
 6117  0 
 6118  0 
 6119  0 
 6120  0 
 6121  0 
 6122  0 
 6123  0 
 6124  0 
 6125  0 
 6126  0 
 6127  0 
 6128  0 
 6129  0 
 6130  1 
 6131  0 
 6132  0 
 6133  0 
 6134  0 
 6135  0 
 6136  0 
 6137  0 
 6138  0 
 6139  0 
 6140  0 
 6141  0 
 6142  0 
 6143  0 
 6144  0 
 6145  0 
 6146  0 
 6147  0 
 6148  0 
 6149  0 
 6150  0 
 6151  0 
 6152  0 
 6153  0 
 6154  0 
 6155  0 
 6156  0 
 6157  0 
 6158  0 
 6159  0 
 6160  0 
 6161  0 
 6162  0 
 6163  0 
 6164  1 
 6165  0 
 6166  1 
 6167  0 
 6168  0 
 6169  0 
 6170  0 
 6171  0 
 6172  0 
 6173  0 
 6174  0 
 6175  0 
 6176  0 
 6177  0 
 6178  0 
 6179  0 
 6180  0 
 6181  0 
 6182  1 
 6183  0 
 6184  0 
 6185  0 
 6186  0 
 6187  0 
 6188  0 
 6189  0 
 6190  0 
 6191  0 
 6192  0 
 6193  0 
 6194  0 
 6195  0 
 6196  0 
 6197  0 
 6198  0 
 6199  0 
 6200  0 
 6201  0 
 6202  0 
 6203  0 
 6204  0 
 6205  0 
 6206  0 
 6207  0 
 6208  0 
 6209  0 
 6210  0 
 6211  0 
 6212  0 
 6213  0 
 6214  0 
 6215  0 
 6216  0 
 6217  0 
 6218  0 
 6219  0 
 6220  0 
 6221  0 
 6222  0 
 6223  0 
 6224  0 
 6225  0 
 6226  0 
 6227  0 
 6228  0 
 6229  0 
 6230  0 
 6231  0 
 6232  0 
 6233  0 
 6234  0 
 6235  0 
 6236  0 
 6237  0 
 6238  0 
 6239  1 
 6240  0 
 6241  0 
 6242  0 
 6243  0 
 6244  0 
 6245  0 
 6246  0 
 6247  0 
 6248  0 
 6249  0 
 6250  0 
 6251  0 
 6252  0 
 6253  0 
 6254  0 
 6255  0 
 6256  0 
 6257  0 
 6258  0 
 6259  0 
 6260  0 
 6261  0 
 6262  0 
 6263  0 
 6264  0 
 6265  0 
 6266  0 
 6267  0 
 6268  0 
 6269  0 
 6270  0 
 6271  0 
 6272  0 
 6273  0 
 6274  0 
 6275  0 
 6276  0 
 6277  0 
 6278  0 
 6279  0 
 6280  0 
 6281  0 
 6282  0 
 6283  0 
 6284  0 
 6285  0 
 6286  0 
 6287  0 
 6288  0 
 6289  0 
 6290  0 
 6291  0 
 6292  0 
 6293  0 
 6294  0 
 6295  0 
 6296  0 
 6297  0 
 6298  0 
 6299  0 
 6300  0 
 6301  0 
 6302  0 
 6303  0 
 6304  0 
 6305  0 
 6306  0 
 6307  0 
 6308  0 
 6309  0 
 6310  0 
 6311  0 
 6312  0 
 6313  0 
 6314  0 
 6315  0 
 6316  0 
 6317  0 
 6318  0 
 6319  0 
 6320  0 
 6321  0 
 6322  0 
 6323  0 
 6324  0 
 6325  0 
 6326  0 
 6327  0 
 6328  0 
 6329  0 
 6330  0 
 6331  0 
 6332  0 
 6333  0 
 6334  0 
 6335  0 
 6336  0 
 6337  0 
 6338  0 
 6339  0 
 6340  0 
 6341  0 
 6342  0 
 6343  0 
 6344  0 
 6345  0 
 6346  0 
 6347  0 
 6348  0 
 6349  0 
 6350  0 
 6351  0 
 6352  0 
 6353  0 
 6354  0 
 6355  0 
 6356  0 
 6357  0 
 6358  0 
 6359  0 
 6360  0 
 6361  0 
 6362  0 
 6363  0 
 6364  0 
 6365  0 
 6366  1 
 6367  0 
 6368  0 
 6369  0 
 6370  0 
 6371  0 
 6372  0 
 6373  0 
 6374  0 
 6375  0 
 6376  0 
 6377  0 
 6378  0 
 6379  0 
 6380  0 
 6381  0 
 6382  0 
 6383  0 
 6384  0 
 6385  0 
 6386  0 
 6387  0 
 6388  0 
 6389  0 
 6390  0 
 6391  0 
 6392  0 
 6393  0 
 6394  0 
 6395  0 
 6396  0 
 6397  0 
 6398  0 
 6399  0 
 6400  0 
 6401  0 
 6402  0 
 6403  0 
 6404  0 
 6405  0 
 6406  0 
 6407  0 
 6408  0 
 6409  0 
 6410  1 
 6411  0 
 6412  0 
 6413  0 
 6414  0 
 6415  0 
 6416  0 
 6417  0 
 6418  0 
 6419  0 
 6420  0 
 6421  0 
 6422  0 
 6423  0 
 6424  0 
 6425  0 
 6426  0 
 6427  0 
 6428  0 
 6429  0 
 6430  0 
 6431  0 
 6432  0 
 6433  0 
 6434  0 
 6435  0 
 6436  0 
 6437  0 
 6438  0 
 6439  0 
 6440  0 
 6441  0 
 6442  0 
 6443  0 
 6444  0 
 6445  0 
 6446  0 
 6447  0 
 6448  0 
 6449  0 
 6450  0 
 6451  0 
 6452  0 
 6453  0 
 6454  0 
 6455  0 
 6456  0 
 6457  1 
 6458  0 
 6459  0 
 6460  0 
 6461  0 
 6462  0 
 6463  0 
 6464  0 
 6465  0 
 6466  0 
 6467  0 
 6468  0 
 6469  0 
 6470  0 
 6471  0 
 6472  0 
 6473  0 
 6474  0 
 6475  0 
 6476  0 
 6477  0 
 6478  0 
 6479  0 
 6480  0 
 6481  0 
 6482  0 
 6483  0 
 6484  0 
 6485  0 
 6486  0 
 6487  0 
 6488  0 
 6489  0 
 6490  0 
 6491  0 
 6492  0 
 6493  0 
 6494  0 
 6495  0 
 6496  0 
 6497  0 
 6498  0 
 6499  0 
 6500  0 
 6501  0 
 6502  0 
 6503  0 
 6504  0 
 6505  0 
 6506  0 
 6507  0 
 6508  0 
 6509  0 
 6510  0 
 6511  0 
 6512  0 
 6513  0 
 6514  0 
 6515  0 
 6516  0 
 6517  1 
 6518  0 
 6519  0 
 6520  0 
 6521  0 
 6522  0 
 6523  0 
 6524  0 
 6525  0 
 6526  0 
 6527  0 
 6528  0 
 6529  0 
 6530  0 
 6531  0 
 6532  0 
 6533  0 
 6534  0 
 6535  0 
 6536  0 
 6537  0 
 6538  0 
 6539  0 
 6540  0 
 6541  0 
 6542  0 
 6543  0 
 6544  0 
 6545  0 
 6546  0 
 6547  0 
 6548  0 
 6549  0 
 6550  0 
 6551  0 
 6552  0 
 6553  0 
 6554  0 
 6555  0 
 6556  0 
 6557  0 
 6558  0 
 6559  0 
 6560  0 
 6561  0 
 6562  0 
 6563  0 
 6564  0 
 6565  0 
 6566  0 
 6567  0 
 6568  0 
 6569  0 
 6570  0 
 6571  0 
 6572  0 
 6573  0 
 6574  0 
 6575  0 
 6576  0 
 6577  0 
 6578  0 
 6579  0 
 6580  0 
 6581  0 
 6582  0 
 6583  0 
 6584  0 
 6585  0 
 6586  0 
 6587  0 
 6588  0 
 6589  0 
 6590  0 
 6591  0 
 6592  0 
 6593  0 
 6594  0 
 6595  2 
 6596  0 
 6597  0 
 6598  0 
 6599  0 
 6600  0 
 6601  0 
 6602  0 
 6603  0 
 6604  0 
 6605  0 
 6606  0 
 6607  0 
 6608  0 
 6609  0 
 6610  0 
 6611  0 
 6612  0 
 6613  0 
 6614  0 
 6615  0 
 6616  0 
 6617  0 
 6618  0 
 6619  0 
 6620  0 
 6621  0 
 6622  0 
 6623  0 
 6624  0 
 6625  0 
 6626  0 
 6627  0 
 6628  0 
 6629  0 
 6630  0 
 6631  0 
 6632  0 
 6633  0 
 6634  0 
 6635  0 
 6636  0 
 6637  0 
 6638  0 
 6639  0 
 6640  0 
 6641  0 
 6642  0 
 6643  0 
 6644  0 
 6645  0 
 6646  0 
 6647  0 
 6648  0 
 6649  0 
 6650  0 
 6651  0 
 6652  0 
 6653  0 
 6654  0 
 6655  0 
 6656  0 
 6657  0 
 6658  0 
 6659  0 
 6660  0 
 6661  0 
 6662  0 
 6663  0 
 6664  0 
 6665  0 
 6666  0 
 6667  0 
 6668  0 
 6669  0 
 6670  0 
 6671  0 
 6672  0 
 6673  0 
 6674  0 
 6675  0 
 6676  0 
 6677  0 
 6678  0 
 6679  0 
 6680  0 
 6681  0 
 6682  0 
 6683  0 
 6684  0 
 6685  0 
 6686  0 
 6687  0 
 6688  0 
 6689  0 
 6690  0 
 6691  0 
 6692  0 
 6693  0 
 6694  0 
 6695  1 
 6696  0 
 6697  0 
 6698  0 
 6699  0 
 6700  0 
 6701  0 
 6702  0 
 6703  0 
 6704  0 
 6705  0 
 6706  0 
 6707  0 
 6708  0 
 6709  0 
 6710  0 
 6711  0 
 6712  0 
 6713  0 
 6714  0 
 6715  0 
 6716  0 
 6717  0 
 6718  0 
 6719  0 
 6720  0 
 6721  1 
 6722  0 
 6723  0 
 6724  0 
 6725  0 
 6726  0 
 6727  0 
 6728  0 
 6729  0 
 6730  0 
 6731  0 
 6732  0 
 6733  0 
 6734  0 
 6735  0 
 6736  0 
 6737  0 
 6738  0 
 6739  0 
 6740  0 
 6741  0 
 6742  0 
 6743  0 
 6744  0 
 6745  0 
 6746  0 
 6747  0 
 6748  0 
 6749  0 
 6750  0 
 6751  0 
 6752  0 
 6753  0 
 6754  0 
 6755  0 
 6756  0 
 6757  0 
 6758  0 
 6759  0 
 6760  0 
 6761  0 
 6762  0 
 6763  0 
 6764  0 
 6765  0 
 6766  0 
 6767  0 
 6768  0 
 6769  0 
 6770  0 
 6771  0 
 6772  0 
 6773  0 
 6774  0 
 6775  0 
 6776  0 
 6777  0 
 6778  0 
 6779  0 
 6780  0 
 6781  0 
 6782  0 
 6783  0 
 6784  0 
 6785  0 
 6786  0 
 6787  0 
 6788  0 
 6789  0 
 6790  0 
 6791  0 
 6792  0 
 6793  0 
 6794  0 
 6795  0 
 6796  1 
 6797  0 
 6798  0 
 6799  0 
 6800  0 
 6801  0 
 6802  0 
 6803  0 
 6804  0 
 6805  0 
 6806  0 
 6807  0 
 6808  0 
 6809  0 
 6810  0 
 6811  0 
 6812  0 
 6813  0 
 6814  0 
 6815  0 
 6816  0 
 6817  0 
 6818  0 
 6819  0 
 6820  0 
 6821  0 
 6822  0 
 6823  0 
 6824  0 
 6825  0 
 6826  0 
 6827  0 
 6828  0 
 6829  0 
 6830  0 
 6831  0 
 6832  0 
 6833  0 
 6834  0 
 6835  0 
 6836  0 
 6837  0 
 6838  0 
 6839  0 
 6840  0 
 6841  0 
 6842  0 
 6843  0 
 6844  0 
 6845  0 
 6846  0 
 6847  0 
 6848  0 
 6849  0 
 6850  0 
 6851  0 
 6852  0 
 6853  0 
 6854  0 
 6855  0 
 6856  0 
 6857  0 
 6858  0 
 6859  0 
 6860  0 
 6861  0 
 6862  0 
 6863  0 
 6864  0 
 6865  0 
 6866  0 
 6867  0 
 6868  0 
 6869  0 
 6870  0 
 6871  0 
 6872  0 
 6873  0 
 6874  0 
 6875  0 
 6876  0 
 6877  0 
 6878  0 
 6879  0 
 6880  0 
 6881  0 
 6882  0 
 6883  0 
 6884  0 
 6885  0 
 6886  0 
 6887  0 
 6888  0 
 6889  0 
 6890  0 
 6891  0 
 6892  0 
 6893  0 
 6894  0 
 6895  0 
 6896  0 
 6897  0 
 6898  0 
 6899  0 
 6900  0 
 6901  0 
 6902  0 
 6903  0 
 6904  0 
 6905  0 
 6906  0 
 6907  0 
 6908  0 
 6909  0 
 6910  0 
 6911  0 
 6912  0 
 6913  0 
 6914  0 
 6915  0 
 6916  0 
 6917  0 
 6918  0 
 6919  0 
 6920  0 
 6921  0 
 6922  0 
 6923  0 
 6924  0 
 6925  0 
 6926  0 
 6927  0 
 6928  0 
 6929  0 
 6930  0 
 6931  0 
 6932  0 
 6933  0 
 6934  0 
 6935  0 
 6936  0 
 6937  0 
 6938  0 
 6939  0 
 6940  0 
 6941  0 
 6942  0 
 6943  0 
 6944  0 
 6945  0 
 6946  0 
 6947  0 
 6948  0 
 6949  0 
 6950  0 
 6951  0 
 6952  0 
 6953  0 
 6954  0 
 6955  0 
 6956  1 
 6957  0 
 6958  0 
 6959  0 
 6960  0 
 6961  0 
 6962  0 
 6963  0 
 6964  0 
 6965  0 
 6966  0 
 6967  0 
 6968  0 
 6969  0 
 6970  0 
 6971  0 
 6972  0 
 6973  0 
 6974  0 
 6975  0 
 6976  0 
 6977  0 
 6978  0 
 6979  0 
 6980  0 
 6981  0 
 6982  0 
 6983  0 
 6984  0 
 6985  0 
 6986  0 
 6987  0 
 6988  0 
 6989  0 
 6990  0 
 6991  0 
 6992  0 
 6993  0 
 6994  0 
 6995  0 
 6996  0 
 6997  0 
 6998  0 
 6999  0 
 7000  0 
 7001  0 
 7002  0 
 7003  0 
 7004  0 
 7005  0 
 7006  0 
 7007  0 
 7008  0 
 7009  0 
 7010  0 
 7011  0 
 7012  0 
 7013  0 
 7014  0 
 7015  0 
 7016  0 
 7017  0 
 7018  0 
 7019  0 
 7020  0 
 7021  0 
 7022  0 
 7023  0 
 7024  0 
 7025  0 
 7026  0 
 7027  0 
 7028  0 
 7029  0 
 7030  1 
 7031  0 
 7032  0 
 7033  0 
 7034  0 
 7035  0 
 7036  0 
 7037  0 
 7038  0 
 7039  0 
 7040  0 
 7041  0 
 7042  0 
 7043  0 
 7044  0 
 7045  0 
 7046  0 
 7047  0 
 7048  0 
 7049  0 
 7050  0 
 7051  0 
 7052  0 
 7053  0 
 7054  0 
 7055  0 
 7056  0 
 7057  0 
 7058  0 
 7059  0 
 7060  0 
 7061  0 
 7062  0 
 7063  0 
 7064  0 
 7065  0 
 7066  0 
 7067  0 
 7068  0 
 7069  0 
 7070  0 
 7071  0 
 7072  0 
 7073  0 
 7074  0 
 7075  1 
 7076  0 
 7077  0 
 7078  0 
 7079  0 
 7080  0 
 7081  0 
 7082  0 
 7083  0 
 7084  0 
 7085  0 
 7086  0 
 7087  0 
 7088  0 
 7089  0 
 7090  0 
 7091  0 
 7092  0 
 7093  0 
 7094  0 
 7095  0 
 7096  0 
 7097  0 
 7098  0 
 7099  0 
 7100  0 
 7101  0 
 7102  0 
 7103  0 
 7104  0 
 7105  0 
 7106  0 
 7107  0 
 7108  0 
 7109  0 
 7110  0 
 7111  0 
 7112  0 
 7113  0 
 7114  0 
 7115  0 
 7116  0 
 7117  0 
 7118  0 
 7119  0 
 7120  0 
 7121  0 
 7122  0 
 7123  0 
 7124  0 
 7125  0 
 7126  0 
 7127  0 
 7128  0 
 7129  0 
 7130  0 
 7131  0 
 7132  0 
 7133  0 
 7134  0 
 7135  0 
 7136  0 
 7137  0 
 7138  0 
 7139  0 
 7140  0 
 7141  0 
 7142  0 
 7143  0 
 7144  0 
 7145  0 
 7146  0 
 7147  0 
 7148  0 
 7149  0 
 7150  0 
 7151  0 
 7152  0 
 7153  0 
 7154  0 
 7155  0 
 7156  0 
 7157  0 
 7158  0 
 7159  0 
 7160  0 
 7161  0 
 7162  0 
 7163  0 
 7164  0 
 7165  0 
 7166  0 
 7167  0 
 7168  0 
 7169  0 
 7170  0 
 7171  0 
 7172  0 
 7173  0 
 7174  0 
 7175  0 
 7176  0 
 7177  0 
 7178  0 
 7179  1 
 7180  0 
 7181  0 
 7182  0 
 7183  0 
 7184  0 
 7185  0 
 7186  0 
 7187  0 
 7188  0 
 7189  0 
 7190  0 
 7191  0 
 7192  0 
 7193  0 
 7194  0 
 7195  0 
 7196  0 
 7197  0 
 7198  0 
 7199  0 
 7200  0 
 7201  0 
 7202  0 
 7203  0 
 7204  0 
 7205  0 
 7206  0 
 7207  0 
 7208  0 
 7209  0 
 7210  0 
 7211  0 
 7212  0 
 7213  1 
 7214  0 
 7215  0 
 7216  0 
 7217  0 
 7218  0 
 7219  0 
 7220  0 
 7221  0 
 7222  0 
 7223  0 
 7224  0 
 7225  0 
 7226  0 
 7227  0 
 7228  0 
 7229  2 
 7230  0 
 7231  0 
 7232  0 
 7233  0 
 7234  0 
 7235  0 
 7236  0 
 7237  0 
 7238  0 
 7239  0 
 7240  0 
 7241  0 
 7242  0 
 7243  0 
 7244  0 
 7245  0 
 7246  0 
 7247  0 
 7248  0 
 7249  0 
 7250  0 
 7251  0 
 7252  0 
 7253  0 
 7254  0 
 7255  0 
 7256  0 
 7257  0 
 7258  0 
 7259  0 
 7260  0 
 7261  0 
 7262  0 
 7263  0 
 7264  0 
 7265  0 
 7266  0 
 7267  0 
 7268  0 
 7269  0 
 7270  0 
 7271  0 
 7272  0 
 7273  0 
 7274  0 
 7275  0 
 7276  0 
 7277  0 
 7278  0 
 7279  0 
 7280  0 
 7281  0 
 7282  0 
 7283  0 
 7284  0 
 7285  0 
 7286  0 
 7287  0 
 7288  0 
 7289  0 
 7290  0 
 7291  0 
 7292  0 
 7293  0 
 7294  0 
 7295  0 
 7296  0 
 7297  0 
 7298  0 
 7299  0 
 7300  0 
 7301  0 
 7302  0 
 7303  0 
 7304  0 
 7305  0 
 7306  0 
 7307  0 
 7308  0 
 7309  0 
 7310  0 
 7311  0 
 7312  0 
 7313  0 
 7314  0 
 7315  0 
 7316  0 
 7317  0 
 7318  0 
 7319  0 
 7320  0 
 7321  0 
 7322  0 
 7323  0 
 7324  0 
 7325  0 
 7326  0 
 7327  0 
 7328  0 
 7329  0 
 7330  0 
 7331  0 
 7332  0 
 7333  0 
 7334  0 
 7335  0 
 7336  0 
 7337  0 
 7338  0 
 7339  0 
 7340  1 
 7341  0 
 7342  0 
 7343  0 
 7344  0 
 7345  0 
 7346  0 
 7347  0 
 7348  0 
 7349  0 
 7350  0 
 7351  0 
 7352  0 
 7353  0 
 7354  0 
 7355  0 
 7356  0 
 7357  0 
 7358  0 
 7359  0 
 7360  0 
 7361  0 
 7362  0 
 7363  0 
 7364  0 
 7365  0 
 7366  0 
 7367  0 
 7368  0 
 7369  0 
 7370  0 
 7371  0 
 7372  0 
 7373  0 
 7374  1 
 7375  0 
 7376  0 
 7377  0 
 7378  0 
 7379  0 
 7380  0 
 7381  0 
 7382  0 
 7383  0 
 7384  0 
 7385  0 
 7386  0 
 7387  0 
 7388  0 
 7389  0 
 7390  0 
 7391  0 
 7392  0 
 7393  0 
 7394  0 
 7395  0 
 7396  0 
 7397  0 
 7398  0 
 7399  1 
 7400  0 
 7401  0 
 7402  0 
 7403  0 
 7404  0 
 7405  0 
 7406  0 
 7407  0 
 7408  0 
 7409  0 
 7410  0 
 7411  0 
 7412  0 
 7413  0 
 7414  0 
 7415  0 
 7416  0 
 7417  0 
 7418  0 
 7419  0 
 7420  0 
 7421  0 
 7422  0 
 7423  0 
 7424  0 
 7425  0 
 7426  0 
 7427  0 
 7428  0 
 7429  0 
 7430  0 
 7431  0 
 7432  0 
 7433  0 
 7434  0 
 7435  0 
 7436  0 
 7437  0 
 7438  0 
 7439  0 
 7440  1 
 7441  0 
 7442  0 
 7443  0 
 7444  0 
 7445  0 
 7446  0 
 7447  0 
 7448  0 
 7449  0 
 7450  0 
 7451  0 
 7452  0 
 7453  0 
 7454  0 
 7455  0 
 7456  0 
 7457  0 
 7458  0 
 7459  0 
 7460  0 
 7461  0 
 7462  0 
 7463  0 
 7464  0 
 7465  0 
 7466  1 
 7467  0 
 7468  0 
 7469  0 
 7470  0 
 7471  0 
 7472  0 
 7473  0 
 7474  0 
 7475  0 
 7476  0 
 7477  0 
 7478  0 
 7479  1 
 7480  0 
 7481  0 
 7482  0 
 7483  0 
 7484  0 
 7485  1 
 7486  0 
 7487  0 
 7488  0 
 7489  0 
 7490  0 
 7491  0 
 7492  0 
 7493  0 
 7494  0 
 7495  0 
 7496  0 
 7497  0 
 7498  0 
 7499  0 
 7500  0 
 7501  0 
 7502  0 
 7503  0 
 7504  1 
 7505  0 
 7506  0 
 7507  0 
 7508  0 
 7509  0 
 7510  0 
 7511  0 
 7512  0 
 7513  0 
 7514  0 
 7515  0 
 7516  0 
 7517  0 
 7518  1 
 7519  0 
 7520  0 
 7521  0 
 7522  0 
 7523  0 
 7524  0 
 7525  0 
 7526  0 
 7527  0 
 7528  0 
 7529  0 
 7530  0 
 7531  0 
 7532  0 
 7533  0 
 7534  0 
 7535  0 
 7536  0 
 7537  0 
 7538  0 
 7539  0 
 7540  0 
 7541  0 
 7542  0 
 7543  0 
 7544  0 
 7545  0 
 7546  0 
 7547  0 
 7548  0 
 7549  0 
 7550  0 
 7551  0 
 7552  0 
 7553  0 
 7554  0 
 7555  0 
 7556  0 
 7557  0 
 7558  0 
 7559  0 
 7560  0 
 7561  0 
 7562  0 
 7563  0 
 7564  0 
 7565  0 
 7566  0 
 7567  0 
 7568  0 
 7569  0 
 7570  0 
 7571  0 
 7572  0 
 7573  0 
 7574  0 
 7575  0 
 7576  0 
 7577  0 
 7578  0 
 7579  0 
 7580  0 
 7581  0 
 7582  0 
 7583  2 
 7584  0 
 7585  0 
 7586  0 
 7587  0 
 7588  0 
 7589  0 
 7590  0 
 7591  0 
 7592  0 
 7593  0 
 7594  0 
 7595  0 
 7596  0 
 7597  0 
 7598  0 
 7599  0 
 7600  0 
 7601  0 
 7602  0 
 7603  0 
 7604  0 
 7605  0 
 7606  0 
 7607  0 
 7608  0 
 7609  0 
 7610  0 
 7611  0 
 7612  1 
 7613  0 
 7614  0 
 7615  0 
 7616  0 
 7617  0 
 7618  0 
 7619  0 
 7620  0 
 7621  0 
 7622  0 
 7623  0 
 7624  0 
 7625  0 
 7626  0 
 7627  0 
 7628  0 
 7629  0 
 7630  0 
 7631  0 
 7632  0 
 7633  0 
 7634  0 
 7635  0 
 7636  0 
 7637  0 
 7638  0 
 7639  0 
 7640  0 
 7641  0 
 7642  0 
 7643  0 
 7644  0 
 7645  0 
 7646  0 
 7647  0 
 7648  0 
 7649  0 
 7650  0 
 7651  0 
 7652  0 
 7653  1 
 7654  0 
 7655  0 
 7656  0 
 7657  0 
 7658  0 
 7659  0 
 7660  1 
 7661  0 
 7662  0 
 7663  0 
 7664  0 
 7665  0 
 7666  0 
 7667  0 
 7668  0 
 7669  0 
 7670  0 
 7671  0 
 7672  0 
 7673  0 
 7674  0 
 7675  0 
 7676  0 
 7677  0 
 7678  0 
 7679  0 
 7680  0 
 7681  0 
 7682  0 
 7683  0 
 7684  0 
 7685  0 
 7686  1 
 7687  1 
 7688  0 
 7689  0 
 7690  0 
 7691  0 
 7692  0 
 7693  1 
 7694  0 
 7695  0 
 7696  0 
 7697  0 
 7698  0 
 7699  0 
 7700  0 
 7701  1 
 7702  0 
 7703  0 
 7704  0 
 7705  0 
 7706  0 
 7707  0 
 7708  0 
 7709  0 
 7710  0 
 7711  0 
 7712  0 
 7713  0 
 7714  0 
 7715  0 
 7716  0 
 7717  0 
 7718  0 
 7719  0 
 7720  0 
 7721  0 
 7722  0 
 7723  0 
 7724  0 
 7725  0 
 7726  0 
 7727  0 
 7728  0 
 7729  0 
 7730  0 
 7731  1 
 7732  0 
 7733  0 
 7734  0 
 7735  0 
 7736  0 
 7737  0 
 7738  1 
 7739  0 
 7740  0 
 7741  0 
 7742  0 
 7743  0 
 7744  0 
 7745  0 
 7746  1 
 7747  0 
 7748  0 
 7749  0 
 7750  0 
 7751  1 
 7752  0 
 7753  0 
 7754  0 
 7755  0 
 7756  0 
 7757  0 
 7758  0 
 7759  0 
 7760  0 
 7761  0 
 7762  1 
 7763  0 
 7764  0 
 7765  0 
 7766  1 
 7767  0 
 7768  0 
 7769  0 
 7770  0 
 7771  0 
 7772  0 
 7773  0 
 7774  0 
 7775  0 
 7776  0 
 7777  0 
 7778  0 
 7779  0 
 7780  0 
 7781  0 
 7782  0 
 7783  0 
 7784  2 
 7785  0 
 7786  0 
 7787  0 
 7788  0 
 7789  1 
 7790  0 
 7791  1 
 7792  0 
 7793  0 
 7794  0 
 7795  0 
 7796  0 
 7797  0 
 7798  1 
 7799  1 
 7800  0 
 7801  0 
 7802  0 
 7803  0 
 7804  0 
 7805  0 
 7806  0 
 7807  1 
 7808  0 
 7809  0 
 7810  1 
 7811  0 
 7812  0 
 7813  0 
 7814  0 
 7815  1 
 7816  0 
 7817  1 
 7818  0 
 7819  0 
 7820  0 
 7821  0 
 7822  0 
 7823  0 
 7824  0 
 7825  0 
 7826  1 
 7827  0 
 7828  0 
 7829  0 
 7830  0 
 7831  0 
 7832  0 
 7833  0 
 7834  1 
 7835  0 
 7836  0 
 7837  2 
 7838  1 
 7839  0 
 7840  1 
 7841  2 
 7842  0 
 7843  0 
 7844  0 
 7845  0 
 7846  0 
 7847  0 
 7848  1 
 7849  1 
 7850  0 
 7851  0 
 7852  0 
 7853  1 
 7854  1 
 7855  1 
 7856  0 
 7857  0 
 7858  1 
 7859  0 
 7860  0 
 7861  0 
 7862  1 
 7863  1 
 7864  0 
 7865  1 
 7866  1 
 7867  1 
 7868  0 
 7869  0 
 7870  0 
 7871  0 
 7872  0 
 7873  0 
 7874  1 
 7875  0 
 7876  0 
 7877  0 
 7878  0 
 7879  0 
 7880  0 
 7881  0 
 7882  0 
 7883  0 
 7884  0 
 7885  0 
 7886  1 
 7887  0 
 7888  0 
 7889  2 
 7890  0 
 7891  0 
 7892  0 
 7893  0 
 7894  1 
 7895  0 
 7896  1 
 7897  1 
 7898  0 
 7899  0 
 7900  0 
 7901  0 
 7902  0 
 7903  1 
 7904  0 
 7905  0 
 7906  1 
 7907  0 
 7908  1 
 7909  0 
 7910  0 
 7911  0 
 7912  0 
 7913  0 
 7914  1 
 7915  0 
 7916  0 
 7917  0 
 7918  0 
 7919  0 
 7920  0 
 7921  0 
 7922  1 
 7923  0 
 7924  0 
 7925  0 
 7926  0 
 7927  2 
 7928  0 
 7929  0 
 7930  0 
 7931  1 
 7932  0 
 7933  0 
 7934  0 
 7935  0 
 7936  0 
 7937  0 
 7938  1 
 7939  0 
 7940  0 
 7941  0 
 7942  0 
 7943  0 
 7944  0 
 7945  0 
 7946  0 
 7947  0 
 7948  0 
 7949  0 
 7950  1 
 7951  0 
 7952  0 
 7953  0 
 7954  0 
 7955  0 
 7956  0 
 7957  0 
 7958  0 
 7959  0 
 7960  0 
 7961  0 
 7962  0 
 7963  0 
 7964  0 
 7965  0 
 7966  0 
 7967  0 
 7968  0 
 7969  0 
 7970  0 
 7971  0 
 7972  0 
 7973  0 
 7974  0 
 7975  0 
 7976  0 
 7977  0 
 7978  0 
 7979  0 
 7980  0 
 7981  0 
 7982  0 
 7983  0 
 7984  0 
 7985  0 
 7986  0 
 7987  0 
 7988  0 
 7989  0 
 7990  0 
 7991  0 
 7992  0 
 7993  0 
 7994  1 
 7995  0 
 7996  0 
 7997  0 
 7998  0 
 7999  0 
 8000  0 
 8001  0 
 8002  0 
 8003  0 
 8004  0 
 8005  0 
 8006  0 
 8007  0 
 8008  0 
 8009  0 
 8010  0 
 8011  0 
 8012  0 
 8013  0 
 8014  0 
 8015  0 
 8016  0 
 8017  0 
 8018  0 
 8019  0 
 8020  0 
 8021  0 
 8022  0 
 8023  1 
 8024  0 
 8025  0 
 8026  0 
 8027  0 
 8028  0 
 8029  0 
 8030  0 
 8031  0 
 8032  0 
 8033  0 
 8034  0 
 8035  0 
 8036  0 
 8037  0 
 8038  0 
 8039  0 
 8040  0 
 8041  0 
 8042  0 
 8043  0 
 8044  0 
 8045  0 
 8046  0 
 8047  0 
 8048  0 
 8049  0 
 8050  1 
 8051  0 
 8052  0 
 8053  0 
 8054  0 
 8055  0 
 8056  0 
 8057  0 
 8058  0 
 8059  0 
 8060  0 
 8061  0 
 8062  0 
 8063  0 
 8064  0 
 8065  0 
 8066  0 
 8067  0 
 8068  0 
 8069  0 
 8070  0 
 8071  0 
 8072  0 
 8073  0 
 8074  0 
 8075  0 
 8076  0 
 8077  0 
 8078  0 
 8079  0 
 8080  0 
 8081  0 
 8082  0 
 8083  0 
 8084  0 
 8085  0 
 8086  0 
 8087  0 
 8088  0 
 8089  0 
 8090  0 
 8091  0 
 8092  0 
 8093  0 
 8094  0 
 8095  0 
 8096  0 
 8097  0 
 8098  0 
 8099  0 
 8100  0 
 8101  0 
 8102  0 
 8103  0 
 8104  0 
 8105  0 
 8106  0 
 8107  0 
 8108  0 
 8109  0 
 8110  0 
 8111  0 
 8112  0 
 8113  0 
 8114  0 
 8115  0 
 8116  0 
 8117  0 
 8118  0 
 8119  0 
 8120  0 
 8121  0 
 8122  0 
 8123  0 
 8124  0 
 8125  0 
 8126  0 
 8127  0 
 8128  0 
 8129  0 
 8130  0 
 8131  0 
 8132  0 
 8133  0 
 8134  0 
 8135  0 
 8136  0 
 8137  0 
 8138  0 
 8139  0 
 8140  0 
 8141  0 
 8142  0 
 8143  0 
 8144  0 
 8145  0 
 8146  0 
 8147  0 
 8148  0 
 8149  0 
 8150  0 
 8151  0 
 8152  0 
 8153  0 
 8154  0 
 8155  0 
 8156  0 
 8157  0 
 8158  0 
 8159  0 
 8160  0 
 8161  0 
 8162  0 
 8163  0 
 8164  0 
 8165  0 
 8166  0 
 8167  0 
 8168  0 
 8169  0 
 8170  0 
 8171  0 
 8172  0 
 8173  0 
 8174  0 
 8175  0 
 8176  0 
 8177  0 
 8178  0 
 8179  0 
 8180  0 
 8181  0 
 8182  0 
 8183  0 
 8184  0 
 8185  0 
 8186  0 
 8187  0 
 8188  0 
 8189  0 
 8190  0 
 8191  0 
