 0  1092 
 1  1101 
 2  0 
 3  0 
 4  0 
 5  0 
 6  0 
 7  0 
 8  0 
 9  0 
 10  0 
 11  0 
 12  0 
 13  0 
 14  0 
 15  0 
 16  0 
 17  0 
 18  0 
 19  0 
 20  0 
 21  0 
 22  0 
 23  0 
 24  0 
 25  0 
 26  0 
 27  0 
 28  0 
 29  0 
 30  0 
 31  0 
 32  0 
 33  0 
 34  0 
 35  0 
 36  0 
 37  0 
 38  0 
 39  0 
 40  0 
 41  0 
 42  0 
 43  0 
 44  0 
 45  0 
 46  0 
 47  0 
 48  0 
 49  0 
 50  0 
 51  0 
 52  0 
 53  0 
 54  0 
 55  0 
 56  0 
 57  0 
 58  0 
 59  0 
 60  0 
 61  0 
 62  0 
 63  0 
 64  0 
 65  0 
 66  0 
 67  0 
 68  0 
 69  0 
 70  0 
 71  0 
 72  0 
 73  0 
 74  0 
 75  0 
 76  0 
 77  0 
 78  0 
 79  0 
 80  0 
 81  0 
 82  0 
 83  0 
 84  0 
 85  0 
 86  0 
 87  0 
 88  0 
 89  0 
 90  0 
 91  0 
 92  0 
 93  0 
 94  0 
 95  0 
 96  0 
 97  0 
 98  0 
 99  0 
 100  0 
 101  0 
 102  0 
 103  0 
 104  0 
 105  0 
 106  0 
 107  0 
 108  0 
 109  0 
 110  0 
 111  0 
 112  0 
 113  0 
 114  0 
 115  0 
 116  0 
 117  0 
 118  0 
 119  0 
 120  0 
 121  0 
 122  0 
 123  0 
 124  0 
 125  0 
 126  0 
 127  0 
 128  0 
 129  0 
 130  0 
 131  0 
 132  0 
 133  0 
 134  0 
 135  0 
 136  0 
 137  0 
 138  0 
 139  0 
 140  0 
 141  0 
 142  0 
 143  0 
 144  0 
 145  0 
 146  0 
 147  0 
 148  0 
 149  0 
 150  0 
 151  0 
 152  0 
 153  0 
 154  0 
 155  0 
 156  0 
 157  0 
 158  0 
 159  0 
 160  0 
 161  0 
 162  0 
 163  0 
 164  0 
 165  0 
 166  0 
 167  0 
 168  0 
 169  0 
 170  0 
 171  0 
 172  0 
 173  0 
 174  0 
 175  0 
 176  0 
 177  0 
 178  0 
 179  0 
 180  0 
 181  0 
 182  0 
 183  0 
 184  0 
 185  0 
 186  0 
 187  0 
 188  0 
 189  0 
 190  0 
 191  0 
 192  0 
 193  0 
 194  0 
 195  0 
 196  0 
 197  0 
 198  0 
 199  0 
 200  0 
 201  0 
 202  0 
 203  0 
 204  0 
 205  0 
 206  0 
 207  0 
 208  0 
 209  0 
 210  0 
 211  0 
 212  0 
 213  0 
 214  0 
 215  0 
 216  0 
 217  0 
 218  0 
 219  0 
 220  0 
 221  0 
 222  0 
 223  0 
 224  0 
 225  0 
 226  0 
 227  0 
 228  0 
 229  0 
 230  0 
 231  0 
 232  0 
 233  0 
 234  0 
 235  0 
 236  0 
 237  0 
 238  0 
 239  0 
 240  0 
 241  0 
 242  0 
 243  0 
 244  0 
 245  0 
 246  1 
 247  0 
 248  0 
 249  0 
 250  1 
 251  1 
 252  31 
 253  78 
 254  45 
 255  73 
 256  66 
 257  59 
 258  73 
 259  57 
 260  52 
 261  64 
 262  59 
 263  51 
 264  63 
 265  57 
 266  61 
 267  71 
 268  56 
 269  45 
 270  45 
 271  54 
 272  54 
 273  48 
 274  52 
 275  66 
 276  55 
 277  53 
 278  47 
 279  47 
 280  47 
 281  47 
 282  59 
 283  48 
 284  49 
 285  54 
 286  47 
 287  57 
 288  46 
 289  62 
 290  63 
 291  63 
 292  57 
 293  47 
 294  41 
 295  55 
 296  57 
 297  58 
 298  58 
 299  60 
 300  76 
 301  62 
 302  53 
 303  56 
 304  61 
 305  58 
 306  49 
 307  51 
 308  45 
 309  46 
 310  50 
 311  53 
 312  49 
 313  64 
 314  47 
 315  62 
 316  49 
 317  58 
 318  58 
 319  57 
 320  54 
 321  55 
 322  73 
 323  69 
 324  42 
 325  55 
 326  61 
 327  58 
 328  75 
 329  58 
 330  68 
 331  77 
 332  78 
 333  75 
 334  82 
 335  62 
 336  65 
 337  69 
 338  64 
 339  80 
 340  79 
 341  71 
 342  84 
 343  69 
 344  90 
 345  86 
 346  65 
 347  68 
 348  70 
 349  91 
 350  95 
 351  96 
 352  96 
 353  102 
 354  79 
 355  95 
 356  118 
 357  105 
 358  110 
 359  97 
 360  105 
 361  139 
 362  113 
 363  134 
 364  118 
 365  117 
 366  130 
 367  143 
 368  145 
 369  127 
 370  150 
 371  129 
 372  139 
 373  140 
 374  163 
 375  159 
 376  158 
 377  158 
 378  194 
 379  172 
 380  183 
 381  201 
 382  201 
 383  201 
 384  197 
 385  193 
 386  209 
 387  208 
 388  247 
 389  221 
 390  259 
 391  239 
 392  260 
 393  242 
 394  275 
 395  286 
 396  321 
 397  297 
 398  296 
 399  316 
 400  298 
 401  327 
 402  347 
 403  339 
 404  321 
 405  307 
 406  361 
 407  340 
 408  313 
 409  376 
 410  330 
 411  416 
 412  368 
 413  378 
 414  379 
 415  340 
 416  390 
 417  371 
 418  389 
 419  380 
 420  364 
 421  377 
 422  374 
 423  404 
 424  377 
 425  378 
 426  340 
 427  399 
 428  393 
 429  360 
 430  335 
 431  340 
 432  331 
 433  333 
 434  279 
 435  300 
 436  280 
 437  274 
 438  245 
 439  278 
 440  231 
 441  246 
 442  236 
 443  214 
 444  237 
 445  230 
 446  181 
 447  205 
 448  182 
 449  172 
 450  147 
 451  141 
 452  156 
 453  142 
 454  154 
 455  119 
 456  127 
 457  122 
 458  107 
 459  112 
 460  96 
 461  69 
 462  99 
 463  89 
 464  67 
 465  71 
 466  64 
 467  72 
 468  54 
 469  58 
 470  56 
 471  51 
 472  61 
 473  46 
 474  45 
 475  45 
 476  40 
 477  42 
 478  25 
 479  44 
 480  39 
 481  32 
 482  28 
 483  30 
 484  26 
 485  36 
 486  38 
 487  24 
 488  31 
 489  28 
 490  23 
 491  28 
 492  28 
 493  22 
 494  30 
 495  29 
 496  20 
 497  24 
 498  25 
 499  27 
 500  23 
 501  28 
 502  15 
 503  22 
 504  19 
 505  31 
 506  21 
 507  24 
 508  22 
 509  19 
 510  22 
 511  30 
 512  18 
 513  20 
 514  26 
 515  21 
 516  28 
 517  18 
 518  17 
 519  24 
 520  26 
 521  25 
 522  16 
 523  17 
 524  25 
 525  22 
 526  23 
 527  19 
 528  26 
 529  25 
 530  20 
 531  22 
 532  23 
 533  19 
 534  17 
 535  14 
 536  18 
 537  27 
 538  21 
 539  22 
 540  14 
 541  14 
 542  17 
 543  20 
 544  22 
 545  24 
 546  28 
 547  15 
 548  16 
 549  21 
 550  21 
 551  25 
 552  16 
 553  18 
 554  15 
 555  23 
 556  28 
 557  18 
 558  13 
 559  19 
 560  16 
 561  20 
 562  15 
 563  19 
 564  14 
 565  21 
 566  20 
 567  18 
 568  19 
 569  16 
 570  21 
 571  9 
 572  26 
 573  20 
 574  17 
 575  12 
 576  23 
 577  14 
 578  19 
 579  20 
 580  19 
 581  23 
 582  20 
 583  16 
 584  13 
 585  17 
 586  19 
 587  18 
 588  21 
 589  20 
 590  25 
 591  16 
 592  11 
 593  8 
 594  18 
 595  15 
 596  18 
 597  21 
 598  15 
 599  22 
 600  11 
 601  15 
 602  15 
 603  11 
 604  19 
 605  18 
 606  16 
 607  19 
 608  12 
 609  21 
 610  20 
 611  22 
 612  16 
 613  15 
 614  23 
 615  17 
 616  17 
 617  20 
 618  16 
 619  14 
 620  20 
 621  14 
 622  14 
 623  15 
 624  15 
 625  17 
 626  20 
 627  19 
 628  15 
 629  18 
 630  15 
 631  13 
 632  26 
 633  19 
 634  19 
 635  15 
 636  17 
 637  22 
 638  14 
 639  14 
 640  15 
 641  20 
 642  13 
 643  14 
 644  28 
 645  12 
 646  17 
 647  25 
 648  14 
 649  22 
 650  16 
 651  19 
 652  15 
 653  10 
 654  14 
 655  14 
 656  18 
 657  23 
 658  20 
 659  13 
 660  17 
 661  22 
 662  21 
 663  18 
 664  24 
 665  24 
 666  23 
 667  11 
 668  21 
 669  18 
 670  16 
 671  20 
 672  13 
 673  12 
 674  21 
 675  11 
 676  20 
 677  23 
 678  20 
 679  15 
 680  14 
 681  20 
 682  11 
 683  20 
 684  19 
 685  21 
 686  18 
 687  17 
 688  17 
 689  16 
 690  22 
 691  21 
 692  26 
 693  13 
 694  17 
 695  15 
 696  19 
 697  21 
 698  14 
 699  16 
 700  14 
 701  13 
 702  23 
 703  13 
 704  16 
 705  18 
 706  16 
 707  17 
 708  14 
 709  17 
 710  14 
 711  19 
 712  13 
 713  19 
 714  16 
 715  17 
 716  10 
 717  14 
 718  15 
 719  20 
 720  19 
 721  15 
 722  22 
 723  21 
 724  19 
 725  21 
 726  22 
 727  12 
 728  20 
 729  19 
 730  12 
 731  14 
 732  15 
 733  13 
 734  12 
 735  28 
 736  14 
 737  13 
 738  23 
 739  16 
 740  19 
 741  15 
 742  12 
 743  17 
 744  16 
 745  12 
 746  10 
 747  18 
 748  16 
 749  14 
 750  28 
 751  14 
 752  21 
 753  17 
 754  17 
 755  15 
 756  11 
 757  19 
 758  13 
 759  20 
 760  21 
 761  20 
 762  16 
 763  9 
 764  8 
 765  20 
 766  16 
 767  13 
 768  12 
 769  23 
 770  16 
 771  13 
 772  15 
 773  16 
 774  11 
 775  13 
 776  23 
 777  14 
 778  13 
 779  16 
 780  19 
 781  18 
 782  21 
 783  14 
 784  13 
 785  12 
 786  14 
 787  18 
 788  16 
 789  22 
 790  13 
 791  20 
 792  14 
 793  15 
 794  14 
 795  16 
 796  17 
 797  12 
 798  19 
 799  20 
 800  12 
 801  15 
 802  13 
 803  18 
 804  10 
 805  12 
 806  14 
 807  14 
 808  25 
 809  18 
 810  18 
 811  15 
 812  17 
 813  9 
 814  12 
 815  14 
 816  14 
 817  10 
 818  14 
 819  18 
 820  18 
 821  14 
 822  20 
 823  18 
 824  19 
 825  20 
 826  10 
 827  17 
 828  13 
 829  18 
 830  16 
 831  28 
 832  23 
 833  13 
 834  13 
 835  18 
 836  17 
 837  12 
 838  14 
 839  21 
 840  7 
 841  9 
 842  17 
 843  20 
 844  23 
 845  10 
 846  12 
 847  17 
 848  10 
 849  20 
 850  13 
 851  19 
 852  17 
 853  17 
 854  15 
 855  14 
 856  12 
 857  13 
 858  18 
 859  15 
 860  17 
 861  18 
 862  20 
 863  15 
 864  7 
 865  10 
 866  13 
 867  15 
 868  19 
 869  20 
 870  19 
 871  13 
 872  16 
 873  20 
 874  18 
 875  18 
 876  14 
 877  12 
 878  25 
 879  13 
 880  12 
 881  15 
 882  13 
 883  19 
 884  20 
 885  14 
 886  18 
 887  17 
 888  7 
 889  17 
 890  10 
 891  11 
 892  19 
 893  14 
 894  18 
 895  21 
 896  12 
 897  11 
 898  12 
 899  12 
 900  25 
 901  14 
 902  13 
 903  11 
 904  16 
 905  10 
 906  15 
 907  15 
 908  19 
 909  19 
 910  15 
 911  12 
 912  14 
 913  17 
 914  17 
 915  21 
 916  9 
 917  15 
 918  20 
 919  12 
 920  13 
 921  16 
 922  10 
 923  14 
 924  13 
 925  13 
 926  14 
 927  20 
 928  14 
 929  16 
 930  13 
 931  18 
 932  13 
 933  14 
 934  16 
 935  20 
 936  25 
 937  20 
 938  17 
 939  12 
 940  7 
 941  11 
 942  16 
 943  13 
 944  12 
 945  13 
 946  19 
 947  13 
 948  16 
 949  11 
 950  15 
 951  19 
 952  14 
 953  20 
 954  21 
 955  17 
 956  9 
 957  8 
 958  16 
 959  12 
 960  16 
 961  15 
 962  13 
 963  11 
 964  9 
 965  13 
 966  6 
 967  18 
 968  19 
 969  15 
 970  8 
 971  8 
 972  22 
 973  10 
 974  12 
 975  8 
 976  9 
 977  22 
 978  15 
 979  10 
 980  17 
 981  10 
 982  14 
 983  19 
 984  17 
 985  16 
 986  21 
 987  11 
 988  11 
 989  12 
 990  14 
 991  22 
 992  15 
 993  23 
 994  11 
 995  14 
 996  15 
 997  15 
 998  15 
 999  18 
 1000  12 
 1001  19 
 1002  10 
 1003  17 
 1004  10 
 1005  11 
 1006  7 
 1007  15 
 1008  11 
 1009  10 
 1010  12 
 1011  16 
 1012  17 
 1013  11 
 1014  18 
 1015  11 
 1016  14 
 1017  12 
 1018  19 
 1019  13 
 1020  13 
 1021  18 
 1022  9 
 1023  12 
 1024  17 
 1025  13 
 1026  19 
 1027  8 
 1028  15 
 1029  19 
 1030  22 
 1031  21 
 1032  16 
 1033  9 
 1034  11 
 1035  15 
 1036  14 
 1037  9 
 1038  15 
 1039  10 
 1040  14 
 1041  18 
 1042  15 
 1043  11 
 1044  14 
 1045  15 
 1046  16 
 1047  21 
 1048  15 
 1049  16 
 1050  14 
 1051  17 
 1052  16 
 1053  8 
 1054  10 
 1055  17 
 1056  11 
 1057  15 
 1058  14 
 1059  17 
 1060  16 
 1061  7 
 1062  15 
 1063  14 
 1064  12 
 1065  10 
 1066  18 
 1067  19 
 1068  13 
 1069  12 
 1070  18 
 1071  12 
 1072  13 
 1073  9 
 1074  22 
 1075  5 
 1076  13 
 1077  11 
 1078  24 
 1079  15 
 1080  14 
 1081  11 
 1082  15 
 1083  14 
 1084  11 
 1085  7 
 1086  11 
 1087  7 
 1088  10 
 1089  13 
 1090  16 
 1091  12 
 1092  14 
 1093  17 
 1094  17 
 1095  15 
 1096  14 
 1097  12 
 1098  15 
 1099  15 
 1100  13 
 1101  15 
 1102  13 
 1103  8 
 1104  10 
 1105  11 
 1106  13 
 1107  7 
 1108  11 
 1109  15 
 1110  15 
 1111  19 
 1112  16 
 1113  10 
 1114  13 
 1115  18 
 1116  11 
 1117  13 
 1118  9 
 1119  17 
 1120  13 
 1121  13 
 1122  13 
 1123  21 
 1124  14 
 1125  15 
 1126  12 
 1127  17 
 1128  8 
 1129  7 
 1130  9 
 1131  16 
 1132  14 
 1133  10 
 1134  11 
 1135  13 
 1136  18 
 1137  15 
 1138  12 
 1139  12 
 1140  18 
 1141  20 
 1142  10 
 1143  13 
 1144  17 
 1145  12 
 1146  14 
 1147  21 
 1148  11 
 1149  7 
 1150  13 
 1151  7 
 1152  14 
 1153  10 
 1154  12 
 1155  9 
 1156  12 
 1157  13 
 1158  19 
 1159  20 
 1160  17 
 1161  13 
 1162  13 
 1163  7 
 1164  18 
 1165  11 
 1166  10 
 1167  9 
 1168  19 
 1169  14 
 1170  14 
 1171  17 
 1172  12 
 1173  6 
 1174  13 
 1175  15 
 1176  17 
 1177  14 
 1178  12 
 1179  17 
 1180  18 
 1181  9 
 1182  11 
 1183  18 
 1184  13 
 1185  9 
 1186  21 
 1187  13 
 1188  12 
 1189  12 
 1190  16 
 1191  16 
 1192  19 
 1193  9 
 1194  20 
 1195  11 
 1196  13 
 1197  13 
 1198  14 
 1199  12 
 1200  12 
 1201  16 
 1202  11 
 1203  13 
 1204  8 
 1205  12 
 1206  16 
 1207  15 
 1208  12 
 1209  4 
 1210  13 
 1211  17 
 1212  6 
 1213  15 
 1214  13 
 1215  13 
 1216  13 
 1217  17 
 1218  10 
 1219  17 
 1220  10 
 1221  11 
 1222  15 
 1223  14 
 1224  17 
 1225  16 
 1226  9 
 1227  11 
 1228  15 
 1229  10 
 1230  15 
 1231  19 
 1232  16 
 1233  13 
 1234  10 
 1235  13 
 1236  11 
 1237  19 
 1238  18 
 1239  11 
 1240  13 
 1241  9 
 1242  15 
 1243  9 
 1244  12 
 1245  12 
 1246  16 
 1247  15 
 1248  22 
 1249  15 
 1250  15 
 1251  16 
 1252  15 
 1253  9 
 1254  13 
 1255  10 
 1256  10 
 1257  16 
 1258  13 
 1259  11 
 1260  22 
 1261  12 
 1262  12 
 1263  13 
 1264  15 
 1265  17 
 1266  15 
 1267  3 
 1268  15 
 1269  10 
 1270  8 
 1271  11 
 1272  14 
 1273  15 
 1274  14 
 1275  11 
 1276  14 
 1277  18 
 1278  13 
 1279  19 
 1280  12 
 1281  16 
 1282  15 
 1283  14 
 1284  10 
 1285  13 
 1286  11 
 1287  15 
 1288  15 
 1289  10 
 1290  13 
 1291  9 
 1292  16 
 1293  14 
 1294  9 
 1295  10 
 1296  11 
 1297  17 
 1298  12 
 1299  7 
 1300  14 
 1301  10 
 1302  21 
 1303  6 
 1304  7 
 1305  19 
 1306  10 
 1307  13 
 1308  10 
 1309  9 
 1310  19 
 1311  12 
 1312  13 
 1313  12 
 1314  15 
 1315  14 
 1316  7 
 1317  10 
 1318  10 
 1319  13 
 1320  10 
 1321  12 
 1322  12 
 1323  10 
 1324  9 
 1325  20 
 1326  12 
 1327  12 
 1328  14 
 1329  22 
 1330  8 
 1331  12 
 1332  14 
 1333  13 
 1334  13 
 1335  16 
 1336  10 
 1337  13 
 1338  8 
 1339  20 
 1340  14 
 1341  16 
 1342  17 
 1343  17 
 1344  19 
 1345  14 
 1346  12 
 1347  11 
 1348  16 
 1349  16 
 1350  17 
 1351  12 
 1352  16 
 1353  9 
 1354  14 
 1355  15 
 1356  11 
 1357  15 
 1358  9 
 1359  10 
 1360  9 
 1361  12 
 1362  9 
 1363  12 
 1364  13 
 1365  9 
 1366  12 
 1367  11 
 1368  17 
 1369  17 
 1370  15 
 1371  8 
 1372  13 
 1373  12 
 1374  17 
 1375  9 
 1376  11 
 1377  11 
 1378  15 
 1379  9 
 1380  13 
 1381  15 
 1382  12 
 1383  16 
 1384  23 
 1385  13 
 1386  15 
 1387  13 
 1388  15 
 1389  9 
 1390  15 
 1391  13 
 1392  12 
 1393  16 
 1394  11 
 1395  15 
 1396  16 
 1397  16 
 1398  16 
 1399  19 
 1400  21 
 1401  17 
 1402  17 
 1403  16 
 1404  20 
 1405  15 
 1406  16 
 1407  17 
 1408  15 
 1409  18 
 1410  8 
 1411  7 
 1412  7 
 1413  14 
 1414  10 
 1415  19 
 1416  12 
 1417  16 
 1418  19 
 1419  13 
 1420  14 
 1421  20 
 1422  16 
 1423  22 
 1424  14 
 1425  17 
 1426  15 
 1427  11 
 1428  16 
 1429  20 
 1430  10 
 1431  12 
 1432  20 
 1433  13 
 1434  11 
 1435  14 
 1436  12 
 1437  15 
 1438  9 
 1439  15 
 1440  14 
 1441  15 
 1442  13 
 1443  8 
 1444  11 
 1445  18 
 1446  17 
 1447  13 
 1448  9 
 1449  12 
 1450  14 
 1451  20 
 1452  12 
 1453  11 
 1454  11 
 1455  18 
 1456  11 
 1457  14 
 1458  12 
 1459  13 
 1460  16 
 1461  10 
 1462  3 
 1463  12 
 1464  8 
 1465  14 
 1466  14 
 1467  22 
 1468  14 
 1469  7 
 1470  15 
 1471  7 
 1472  14 
 1473  14 
 1474  8 
 1475  14 
 1476  10 
 1477  11 
 1478  16 
 1479  9 
 1480  15 
 1481  11 
 1482  13 
 1483  10 
 1484  5 
 1485  16 
 1486  12 
 1487  11 
 1488  17 
 1489  11 
 1490  14 
 1491  17 
 1492  11 
 1493  3 
 1494  3 
 1495  14 
 1496  14 
 1497  13 
 1498  9 
 1499  9 
 1500  13 
 1501  9 
 1502  6 
 1503  12 
 1504  13 
 1505  9 
 1506  10 
 1507  10 
 1508  9 
 1509  13 
 1510  15 
 1511  11 
 1512  15 
 1513  10 
 1514  20 
 1515  12 
 1516  13 
 1517  11 
 1518  10 
 1519  10 
 1520  12 
 1521  11 
 1522  16 
 1523  14 
 1524  19 
 1525  8 
 1526  17 
 1527  13 
 1528  8 
 1529  12 
 1530  14 
 1531  15 
 1532  10 
 1533  12 
 1534  19 
 1535  21 
 1536  11 
 1537  14 
 1538  12 
 1539  8 
 1540  17 
 1541  13 
 1542  16 
 1543  18 
 1544  10 
 1545  12 
 1546  11 
 1547  18 
 1548  9 
 1549  8 
 1550  15 
 1551  14 
 1552  14 
 1553  11 
 1554  10 
 1555  6 
 1556  23 
 1557  13 
 1558  9 
 1559  17 
 1560  15 
 1561  11 
 1562  10 
 1563  10 
 1564  10 
 1565  5 
 1566  14 
 1567  15 
 1568  18 
 1569  14 
 1570  13 
 1571  18 
 1572  14 
 1573  11 
 1574  10 
 1575  7 
 1576  10 
 1577  8 
 1578  9 
 1579  10 
 1580  23 
 1581  12 
 1582  12 
 1583  8 
 1584  8 
 1585  17 
 1586  13 
 1587  14 
 1588  10 
 1589  11 
 1590  11 
 1591  10 
 1592  15 
 1593  7 
 1594  17 
 1595  9 
 1596  12 
 1597  8 
 1598  13 
 1599  11 
 1600  11 
 1601  14 
 1602  14 
 1603  11 
 1604  14 
 1605  19 
 1606  16 
 1607  8 
 1608  15 
 1609  12 
 1610  6 
 1611  14 
 1612  14 
 1613  16 
 1614  11 
 1615  16 
 1616  15 
 1617  12 
 1618  8 
 1619  11 
 1620  13 
 1621  15 
 1622  12 
 1623  16 
 1624  10 
 1625  11 
 1626  13 
 1627  8 
 1628  17 
 1629  9 
 1630  13 
 1631  11 
 1632  16 
 1633  14 
 1634  11 
 1635  10 
 1636  9 
 1637  10 
 1638  13 
 1639  7 
 1640  15 
 1641  12 
 1642  7 
 1643  16 
 1644  16 
 1645  11 
 1646  8 
 1647  14 
 1648  15 
 1649  8 
 1650  15 
 1651  14 
 1652  9 
 1653  14 
 1654  11 
 1655  7 
 1656  12 
 1657  5 
 1658  12 
 1659  9 
 1660  12 
 1661  13 
 1662  7 
 1663  8 
 1664  7 
 1665  12 
 1666  14 
 1667  12 
 1668  12 
 1669  13 
 1670  12 
 1671  16 
 1672  6 
 1673  12 
 1674  12 
 1675  12 
 1676  18 
 1677  16 
 1678  8 
 1679  9 
 1680  10 
 1681  11 
 1682  10 
 1683  13 
 1684  14 
 1685  14 
 1686  9 
 1687  12 
 1688  20 
 1689  11 
 1690  10 
 1691  12 
 1692  7 
 1693  15 
 1694  12 
 1695  12 
 1696  15 
 1697  19 
 1698  17 
 1699  10 
 1700  7 
 1701  10 
 1702  7 
 1703  14 
 1704  7 
 1705  15 
 1706  15 
 1707  15 
 1708  12 
 1709  7 
 1710  10 
 1711  12 
 1712  9 
 1713  10 
 1714  13 
 1715  12 
 1716  10 
 1717  7 
 1718  8 
 1719  7 
 1720  7 
 1721  9 
 1722  9 
 1723  7 
 1724  12 
 1725  12 
 1726  14 
 1727  10 
 1728  11 
 1729  12 
 1730  9 
 1731  10 
 1732  11 
 1733  16 
 1734  11 
 1735  8 
 1736  12 
 1737  15 
 1738  6 
 1739  6 
 1740  10 
 1741  12 
 1742  15 
 1743  17 
 1744  3 
 1745  10 
 1746  6 
 1747  13 
 1748  7 
 1749  7 
 1750  11 
 1751  13 
 1752  12 
 1753  11 
 1754  12 
 1755  17 
 1756  9 
 1757  6 
 1758  7 
 1759  14 
 1760  9 
 1761  12 
 1762  16 
 1763  10 
 1764  8 
 1765  12 
 1766  12 
 1767  6 
 1768  12 
 1769  10 
 1770  7 
 1771  17 
 1772  6 
 1773  9 
 1774  12 
 1775  15 
 1776  10 
 1777  15 
 1778  13 
 1779  11 
 1780  12 
 1781  18 
 1782  10 
 1783  14 
 1784  19 
 1785  10 
 1786  20 
 1787  12 
 1788  9 
 1789  7 
 1790  6 
 1791  16 
 1792  10 
 1793  10 
 1794  11 
 1795  7 
 1796  11 
 1797  14 
 1798  15 
 1799  14 
 1800  10 
 1801  12 
 1802  13 
 1803  1 
 1804  11 
 1805  16 
 1806  6 
 1807  10 
 1808  5 
 1809  9 
 1810  12 
 1811  11 
 1812  15 
 1813  6 
 1814  6 
 1815  12 
 1816  10 
 1817  9 
 1818  10 
 1819  11 
 1820  12 
 1821  10 
 1822  10 
 1823  13 
 1824  7 
 1825  13 
 1826  13 
 1827  13 
 1828  17 
 1829  4 
 1830  16 
 1831  9 
 1832  9 
 1833  6 
 1834  15 
 1835  15 
 1836  13 
 1837  12 
 1838  10 
 1839  9 
 1840  12 
 1841  24 
 1842  8 
 1843  10 
 1844  9 
 1845  11 
 1846  6 
 1847  6 
 1848  11 
 1849  8 
 1850  10 
 1851  12 
 1852  9 
 1853  14 
 1854  8 
 1855  8 
 1856  8 
 1857  10 
 1858  9 
 1859  16 
 1860  11 
 1861  7 
 1862  11 
 1863  10 
 1864  6 
 1865  8 
 1866  10 
 1867  14 
 1868  12 
 1869  14 
 1870  10 
 1871  9 
 1872  9 
 1873  9 
 1874  6 
 1875  11 
 1876  13 
 1877  12 
 1878  8 
 1879  12 
 1880  10 
 1881  5 
 1882  11 
 1883  12 
 1884  12 
 1885  12 
 1886  7 
 1887  12 
 1888  13 
 1889  10 
 1890  12 
 1891  12 
 1892  11 
 1893  12 
 1894  6 
 1895  10 
 1896  13 
 1897  5 
 1898  14 
 1899  7 
 1900  8 
 1901  18 
 1902  19 
 1903  13 
 1904  10 
 1905  10 
 1906  8 
 1907  9 
 1908  17 
 1909  10 
 1910  7 
 1911  4 
 1912  13 
 1913  8 
 1914  19 
 1915  11 
 1916  13 
 1917  12 
 1918  9 
 1919  11 
 1920  8 
 1921  9 
 1922  8 
 1923  13 
 1924  9 
 1925  13 
 1926  13 
 1927  8 
 1928  9 
 1929  10 
 1930  9 
 1931  11 
 1932  10 
 1933  9 
 1934  8 
 1935  13 
 1936  8 
 1937  6 
 1938  11 
 1939  7 
 1940  12 
 1941  14 
 1942  14 
 1943  15 
 1944  9 
 1945  11 
 1946  5 
 1947  11 
 1948  9 
 1949  5 
 1950  8 
 1951  8 
 1952  14 
 1953  7 
 1954  4 
 1955  9 
 1956  17 
 1957  13 
 1958  11 
 1959  11 
 1960  12 
 1961  11 
 1962  9 
 1963  10 
 1964  15 
 1965  8 
 1966  13 
 1967  14 
 1968  10 
 1969  10 
 1970  13 
 1971  10 
 1972  8 
 1973  8 
 1974  18 
 1975  10 
 1976  11 
 1977  10 
 1978  7 
 1979  12 
 1980  11 
 1981  10 
 1982  11 
 1983  9 
 1984  15 
 1985  19 
 1986  10 
 1987  11 
 1988  8 
 1989  8 
 1990  12 
 1991  14 
 1992  11 
 1993  12 
 1994  11 
 1995  10 
 1996  9 
 1997  5 
 1998  11 
 1999  8 
 2000  6 
 2001  10 
 2002  16 
 2003  17 
 2004  18 
 2005  12 
 2006  8 
 2007  11 
 2008  13 
 2009  7 
 2010  15 
 2011  16 
 2012  11 
 2013  13 
 2014  14 
 2015  17 
 2016  6 
 2017  7 
 2018  16 
 2019  10 
 2020  13 
 2021  10 
 2022  13 
 2023  11 
 2024  10 
 2025  10 
 2026  10 
 2027  5 
 2028  7 
 2029  5 
 2030  13 
 2031  9 
 2032  6 
 2033  11 
 2034  10 
 2035  10 
 2036  12 
 2037  13 
 2038  6 
 2039  11 
 2040  7 
 2041  12 
 2042  9 
 2043  6 
 2044  10 
 2045  12 
 2046  13 
 2047  7 
 2048  11 
 2049  9 
 2050  6 
 2051  9 
 2052  5 
 2053  13 
 2054  13 
 2055  6 
 2056  16 
 2057  4 
 2058  12 
 2059  12 
 2060  4 
 2061  5 
 2062  10 
 2063  10 
 2064  7 
 2065  10 
 2066  10 
 2067  8 
 2068  13 
 2069  15 
 2070  14 
 2071  12 
 2072  11 
 2073  10 
 2074  5 
 2075  11 
 2076  9 
 2077  13 
 2078  14 
 2079  12 
 2080  13 
 2081  9 
 2082  9 
 2083  8 
 2084  8 
 2085  8 
 2086  16 
 2087  8 
 2088  14 
 2089  7 
 2090  15 
 2091  15 
 2092  21 
 2093  15 
 2094  11 
 2095  10 
 2096  7 
 2097  7 
 2098  15 
 2099  10 
 2100  8 
 2101  8 
 2102  11 
 2103  6 
 2104  7 
 2105  8 
 2106  9 
 2107  15 
 2108  7 
 2109  9 
 2110  8 
 2111  13 
 2112  12 
 2113  15 
 2114  10 
 2115  10 
 2116  6 
 2117  6 
 2118  13 
 2119  9 
 2120  13 
 2121  13 
 2122  7 
 2123  10 
 2124  7 
 2125  9 
 2126  12 
 2127  9 
 2128  11 
 2129  11 
 2130  8 
 2131  8 
 2132  11 
 2133  8 
 2134  20 
 2135  13 
 2136  8 
 2137  9 
 2138  9 
 2139  2 
 2140  10 
 2141  7 
 2142  11 
 2143  9 
 2144  20 
 2145  10 
 2146  8 
 2147  6 
 2148  11 
 2149  10 
 2150  9 
 2151  11 
 2152  15 
 2153  7 
 2154  5 
 2155  5 
 2156  11 
 2157  5 
 2158  13 
 2159  10 
 2160  9 
 2161  10 
 2162  5 
 2163  9 
 2164  8 
 2165  11 
 2166  10 
 2167  10 
 2168  10 
 2169  13 
 2170  6 
 2171  11 
 2172  18 
 2173  13 
 2174  14 
 2175  11 
 2176  13 
 2177  12 
 2178  10 
 2179  12 
 2180  14 
 2181  12 
 2182  16 
 2183  9 
 2184  20 
 2185  13 
 2186  8 
 2187  13 
 2188  20 
 2189  18 
 2190  22 
 2191  12 
 2192  12 
 2193  7 
 2194  22 
 2195  24 
 2196  14 
 2197  14 
 2198  16 
 2199  21 
 2200  13 
 2201  22 
 2202  17 
 2203  19 
 2204  18 
 2205  26 
 2206  20 
 2207  23 
 2208  17 
 2209  13 
 2210  14 
 2211  19 
 2212  20 
 2213  16 
 2214  21 
 2215  16 
 2216  23 
 2217  17 
 2218  21 
 2219  23 
 2220  26 
 2221  24 
 2222  20 
 2223  26 
 2224  12 
 2225  20 
 2226  25 
 2227  13 
 2228  17 
 2229  22 
 2230  25 
 2231  19 
 2232  17 
 2233  32 
 2234  23 
 2235  29 
 2236  26 
 2237  17 
 2238  23 
 2239  20 
 2240  26 
 2241  33 
 2242  29 
 2243  34 
 2244  24 
 2245  26 
 2246  31 
 2247  41 
 2248  42 
 2249  47 
 2250  52 
 2251  47 
 2252  47 
 2253  52 
 2254  45 
 2255  53 
 2256  58 
 2257  57 
 2258  48 
 2259  49 
 2260  55 
 2261  53 
 2262  60 
 2263  51 
 2264  59 
 2265  56 
 2266  63 
 2267  81 
 2268  61 
 2269  70 
 2270  65 
 2271  56 
 2272  51 
 2273  60 
 2274  56 
 2275  72 
 2276  86 
 2277  69 
 2278  55 
 2279  66 
 2280  52 
 2281  61 
 2282  64 
 2283  65 
 2284  61 
 2285  52 
 2286  59 
 2287  47 
 2288  53 
 2289  69 
 2290  49 
 2291  51 
 2292  51 
 2293  43 
 2294  35 
 2295  45 
 2296  25 
 2297  26 
 2298  30 
 2299  24 
 2300  19 
 2301  22 
 2302  19 
 2303  13 
 2304  19 
 2305  15 
 2306  14 
 2307  14 
 2308  18 
 2309  12 
 2310  11 
 2311  11 
 2312  8 
 2313  4 
 2314  10 
 2315  8 
 2316  9 
 2317  9 
 2318  12 
 2319  9 
 2320  13 
 2321  11 
 2322  13 
 2323  12 
 2324  7 
 2325  6 
 2326  13 
 2327  7 
 2328  17 
 2329  12 
 2330  13 
 2331  12 
 2332  10 
 2333  8 
 2334  4 
 2335  8 
 2336  9 
 2337  7 
 2338  9 
 2339  4 
 2340  12 
 2341  4 
 2342  10 
 2343  13 
 2344  5 
 2345  7 
 2346  9 
 2347  8 
 2348  10 
 2349  10 
 2350  6 
 2351  14 
 2352  11 
 2353  9 
 2354  12 
 2355  7 
 2356  11 
 2357  11 
 2358  15 
 2359  12 
 2360  9 
 2361  13 
 2362  13 
 2363  15 
 2364  14 
 2365  8 
 2366  12 
 2367  9 
 2368  6 
 2369  17 
 2370  15 
 2371  13 
 2372  9 
 2373  14 
 2374  11 
 2375  14 
 2376  14 
 2377  14 
 2378  13 
 2379  21 
 2380  17 
 2381  21 
 2382  17 
 2383  17 
 2384  17 
 2385  19 
 2386  22 
 2387  21 
 2388  11 
 2389  24 
 2390  24 
 2391  22 
 2392  30 
 2393  23 
 2394  36 
 2395  24 
 2396  26 
 2397  39 
 2398  44 
 2399  32 
 2400  40 
 2401  51 
 2402  49 
 2403  51 
 2404  59 
 2405  65 
 2406  68 
 2407  63 
 2408  74 
 2409  78 
 2410  106 
 2411  104 
 2412  106 
 2413  100 
 2414  104 
 2415  120 
 2416  126 
 2417  163 
 2418  147 
 2419  156 
 2420  197 
 2421  173 
 2422  198 
 2423  221 
 2424  245 
 2425  264 
 2426  278 
 2427  286 
 2428  294 
 2429  350 
 2430  323 
 2431  346 
 2432  435 
 2433  410 
 2434  431 
 2435  444 
 2436  492 
 2437  564 
 2438  556 
 2439  557 
 2440  648 
 2441  643 
 2442  699 
 2443  776 
 2444  808 
 2445  873 
 2446  959 
 2447  1030 
 2448  1129 
 2449  1256 
 2450  1360 
 2451  1449 
 2452  1597 
 2453  1699 
 2454  1929 
 2455  2110 
 2456  2205 
 2457  2377 
 2458  2740 
 2459  2930 
 2460  3103 
 2461  3417 
 2462  3702 
 2463  3835 
 2464  4046 
 2465  4243 
 2466  4278 
 2467  4459 
 2468  4504 
 2469  4534 
 2470  4276 
 2471  4197 
 2472  4106 
 2473  3840 
 2474  3559 
 2475  3320 
 2476  3020 
 2477  2761 
 2478  2381 
 2479  2046 
 2480  1748 
 2481  1505 
 2482  1240 
 2483  1037 
 2484  926 
 2485  685 
 2486  592 
 2487  497 
 2488  391 
 2489  285 
 2490  252 
 2491  162 
 2492  167 
 2493  138 
 2494  128 
 2495  98 
 2496  91 
 2497  69 
 2498  67 
 2499  57 
 2500  62 
 2501  50 
 2502  47 
 2503  50 
 2504  61 
 2505  47 
 2506  51 
 2507  65 
 2508  55 
 2509  48 
 2510  64 
 2511  48 
 2512  78 
 2513  74 
 2514  63 
 2515  71 
 2516  89 
 2517  88 
 2518  92 
 2519  92 
 2520  105 
 2521  126 
 2522  138 
 2523  121 
 2524  134 
 2525  139 
 2526  152 
 2527  167 
 2528  176 
 2529  174 
 2530  209 
 2531  195 
 2532  229 
 2533  195 
 2534  189 
 2535  191 
 2536  191 
 2537  199 
 2538  169 
 2539  163 
 2540  134 
 2541  122 
 2542  105 
 2543  106 
 2544  95 
 2545  82 
 2546  73 
 2547  67 
 2548  54 
 2549  65 
 2550  43 
 2551  43 
 2552  47 
 2553  56 
 2554  36 
 2555  53 
 2556  36 
 2557  52 
 2558  63 
 2559  50 
 2560  51 
 2561  62 
 2562  68 
 2563  77 
 2564  83 
 2565  85 
 2566  100 
 2567  107 
 2568  112 
 2569  149 
 2570  154 
 2571  147 
 2572  146 
 2573  147 
 2574  180 
 2575  211 
 2576  216 
 2577  239 
 2578  291 
 2579  280 
 2580  293 
 2581  316 
 2582  341 
 2583  380 
 2584  430 
 2585  507 
 2586  522 
 2587  562 
 2588  583 
 2589  644 
 2590  713 
 2591  713 
 2592  747 
 2593  871 
 2594  919 
 2595  1001 
 2596  1005 
 2597  1124 
 2598  1206 
 2599  1200 
 2600  1259 
 2601  1409 
 2602  1396 
 2603  1473 
 2604  1564 
 2605  1679 
 2606  1740 
 2607  1806 
 2608  1895 
 2609  1945 
 2610  2018 
 2611  2181 
 2612  2155 
 2613  2177 
 2614  2228 
 2615  2360 
 2616  2312 
 2617  2454 
 2618  2397 
 2619  2414 
 2620  2432 
 2621  2423 
 2622  2504 
 2623  2457 
 2624  2473 
 2625  2488 
 2626  2411 
 2627  2498 
 2628  2344 
 2629  2335 
 2630  2280 
 2631  2173 
 2632  2177 
 2633  2093 
 2634  1988 
 2635  1855 
 2636  1834 
 2637  1702 
 2638  1678 
 2639  1511 
 2640  1405 
 2641  1323 
 2642  1178 
 2643  1149 
 2644  935 
 2645  882 
 2646  771 
 2647  668 
 2648  607 
 2649  490 
 2650  421 
 2651  381 
 2652  345 
 2653  286 
 2654  211 
 2655  203 
 2656  179 
 2657  141 
 2658  129 
 2659  113 
 2660  95 
 2661  92 
 2662  90 
 2663  96 
 2664  77 
 2665  82 
 2666  88 
 2667  78 
 2668  97 
 2669  103 
 2670  124 
 2671  149 
 2672  154 
 2673  137 
 2674  156 
 2675  213 
 2676  197 
 2677  219 
 2678  233 
 2679  233 
 2680  297 
 2681  312 
 2682  308 
 2683  295 
 2684  331 
 2685  347 
 2686  312 
 2687  290 
 2688  335 
 2689  311 
 2690  318 
 2691  276 
 2692  243 
 2693  221 
 2694  205 
 2695  198 
 2696  181 
 2697  139 
 2698  136 
 2699  107 
 2700  96 
 2701  87 
 2702  75 
 2703  81 
 2704  81 
 2705  51 
 2706  48 
 2707  59 
 2708  59 
 2709  48 
 2710  51 
 2711  40 
 2712  55 
 2713  42 
 2714  52 
 2715  51 
 2716  49 
 2717  50 
 2718  44 
 2719  38 
 2720  27 
 2721  31 
 2722  39 
 2723  41 
 2724  30 
 2725  31 
 2726  21 
 2727  19 
 2728  13 
 2729  20 
 2730  22 
 2731  6 
 2732  8 
 2733  8 
 2734  11 
 2735  7 
 2736  5 
 2737  3 
 2738  2 
 2739  4 
 2740  2 
 2741  3 
 2742  2 
 2743  1 
 2744  0 
 2745  1 
 2746  1 
 2747  0 
 2748  1 
 2749  1 
 2750  5 
 2751  0 
 2752  0 
 2753  0 
 2754  0 
 2755  0 
 2756  1 
 2757  0 
 2758  1 
 2759  0 
 2760  0 
 2761  0 
 2762  0 
 2763  0 
 2764  1 
 2765  1 
 2766  0 
 2767  2 
 2768  1 
 2769  1 
 2770  0 
 2771  0 
 2772  0 
 2773  0 
 2774  0 
 2775  1 
 2776  0 
 2777  1 
 2778  0 
 2779  0 
 2780  0 
 2781  0 
 2782  0 
 2783  0 
 2784  0 
 2785  1 
 2786  0 
 2787  1 
 2788  0 
 2789  0 
 2790  1 
 2791  0 
 2792  0 
 2793  0 
 2794  1 
 2795  0 
 2796  0 
 2797  0 
 2798  0 
 2799  0 
 2800  0 
 2801  0 
 2802  0 
 2803  0 
 2804  0 
 2805  0 
 2806  0 
 2807  0 
 2808  0 
 2809  1 
 2810  0 
 2811  0 
 2812  1 
 2813  0 
 2814  1 
 2815  0 
 2816  1 
 2817  0 
 2818  0 
 2819  1 
 2820  0 
 2821  1 
 2822  0 
 2823  0 
 2824  3 
 2825  0 
 2826  0 
 2827  1 
 2828  2 
 2829  0 
 2830  1 
 2831  0 
 2832  0 
 2833  1 
 2834  0 
 2835  1 
 2836  0 
 2837  0 
 2838  0 
 2839  0 
 2840  1 
 2841  2 
 2842  1 
 2843  0 
 2844  0 
 2845  1 
 2846  0 
 2847  3 
 2848  0 
 2849  1 
 2850  0 
 2851  1 
 2852  0 
 2853  0 
 2854  0 
 2855  0 
 2856  0 
 2857  1 
 2858  0 
 2859  2 
 2860  0 
 2861  0 
 2862  0 
 2863  0 
 2864  1 
 2865  0 
 2866  0 
 2867  0 
 2868  1 
 2869  0 
 2870  0 
 2871  1 
 2872  0 
 2873  1 
 2874  1 
 2875  0 
 2876  0 
 2877  0 
 2878  1 
 2879  0 
 2880  0 
 2881  0 
 2882  0 
 2883  0 
 2884  0 
 2885  0 
 2886  0 
 2887  0 
 2888  0 
 2889  0 
 2890  0 
 2891  0 
 2892  0 
 2893  2 
 2894  0 
 2895  1 
 2896  0 
 2897  0 
 2898  0 
 2899  1 
 2900  0 
 2901  1 
 2902  0 
 2903  0 
 2904  0 
 2905  1 
 2906  0 
 2907  0 
 2908  0 
 2909  1 
 2910  0 
 2911  1 
 2912  1 
 2913  0 
 2914  0 
 2915  1 
 2916  0 
 2917  1 
 2918  0 
 2919  0 
 2920  0 
 2921  1 
 2922  0 
 2923  0 
 2924  1 
 2925  0 
 2926  0 
 2927  1 
 2928  1 
 2929  0 
 2930  0 
 2931  0 
 2932  0 
 2933  0 
 2934  0 
 2935  1 
 2936  1 
 2937  2 
 2938  0 
 2939  0 
 2940  0 
 2941  2 
 2942  1 
 2943  0 
 2944  0 
 2945  0 
 2946  0 
 2947  1 
 2948  1 
 2949  0 
 2950  0 
 2951  0 
 2952  1 
 2953  0 
 2954  0 
 2955  0 
 2956  1 
 2957  0 
 2958  0 
 2959  1 
 2960  0 
 2961  0 
 2962  0 
 2963  0 
 2964  0 
 2965  0 
 2966  0 
 2967  1 
 2968  0 
 2969  1 
 2970  0 
 2971  0 
 2972  0 
 2973  0 
 2974  0 
 2975  1 
 2976  0 
 2977  0 
 2978  0 
 2979  1 
 2980  0 
 2981  0 
 2982  0 
 2983  0 
 2984  2 
 2985  0 
 2986  1 
 2987  0 
 2988  0 
 2989  1 
 2990  0 
 2991  1 
 2992  0 
 2993  0 
 2994  0 
 2995  0 
 2996  1 
 2997  0 
 2998  0 
 2999  0 
 3000  0 
 3001  1 
 3002  0 
 3003  0 
 3004  1 
 3005  1 
 3006  0 
 3007  0 
 3008  0 
 3009  0 
 3010  1 
 3011  0 
 3012  1 
 3013  0 
 3014  0 
 3015  1 
 3016  0 
 3017  0 
 3018  0 
 3019  0 
 3020  0 
 3021  0 
 3022  0 
 3023  0 
 3024  0 
 3025  1 
 3026  0 
 3027  0 
 3028  0 
 3029  0 
 3030  1 
 3031  0 
 3032  0 
 3033  0 
 3034  0 
 3035  0 
 3036  0 
 3037  0 
 3038  1 
 3039  0 
 3040  0 
 3041  0 
 3042  0 
 3043  0 
 3044  0 
 3045  1 
 3046  1 
 3047  0 
 3048  0 
 3049  0 
 3050  0 
 3051  0 
 3052  1 
 3053  0 
 3054  0 
 3055  0 
 3056  1 
 3057  0 
 3058  0 
 3059  0 
 3060  0 
 3061  1 
 3062  0 
 3063  0 
 3064  1 
 3065  1 
 3066  0 
 3067  0 
 3068  2 
 3069  0 
 3070  0 
 3071  0 
 3072  0 
 3073  0 
 3074  0 
 3075  0 
 3076  0 
 3077  0 
 3078  0 
 3079  0 
 3080  0 
 3081  0 
 3082  1 
 3083  0 
 3084  0 
 3085  0 
 3086  1 
 3087  2 
 3088  1 
 3089  0 
 3090  0 
 3091  0 
 3092  0 
 3093  0 
 3094  0 
 3095  1 
 3096  0 
 3097  0 
 3098  0 
 3099  0 
 3100  0 
 3101  1 
 3102  1 
 3103  0 
 3104  0 
 3105  2 
 3106  0 
 3107  0 
 3108  0 
 3109  0 
 3110  0 
 3111  0 
 3112  0 
 3113  0 
 3114  0 
 3115  0 
 3116  1 
 3117  0 
 3118  1 
 3119  0 
 3120  0 
 3121  0 
 3122  0 
 3123  0 
 3124  0 
 3125  0 
 3126  0 
 3127  0 
 3128  0 
 3129  0 
 3130  0 
 3131  0 
 3132  0 
 3133  0 
 3134  0 
 3135  0 
 3136  0 
 3137  0 
 3138  0 
 3139  1 
 3140  0 
 3141  0 
 3142  0 
 3143  0 
 3144  1 
 3145  0 
 3146  0 
 3147  0 
 3148  0 
 3149  0 
 3150  0 
 3151  0 
 3152  0 
 3153  1 
 3154  0 
 3155  0 
 3156  0 
 3157  0 
 3158  0 
 3159  0 
 3160  0 
 3161  0 
 3162  1 
 3163  0 
 3164  0 
 3165  0 
 3166  1 
 3167  0 
 3168  0 
 3169  0 
 3170  0 
 3171  0 
 3172  0 
 3173  0 
 3174  0 
 3175  1 
 3176  0 
 3177  0 
 3178  0 
 3179  0 
 3180  1 
 3181  0 
 3182  0 
 3183  3 
 3184  0 
 3185  0 
 3186  0 
 3187  0 
 3188  1 
 3189  1 
 3190  0 
 3191  0 
 3192  0 
 3193  0 
 3194  0 
 3195  0 
 3196  0 
 3197  0 
 3198  0 
 3199  0 
 3200  0 
 3201  0 
 3202  0 
 3203  0 
 3204  1 
 3205  0 
 3206  0 
 3207  0 
 3208  0 
 3209  0 
 3210  0 
 3211  0 
 3212  0 
 3213  1 
 3214  0 
 3215  0 
 3216  0 
 3217  0 
 3218  0 
 3219  0 
 3220  0 
 3221  0 
 3222  0 
 3223  1 
 3224  0 
 3225  0 
 3226  1 
 3227  0 
 3228  0 
 3229  1 
 3230  0 
 3231  1 
 3232  0 
 3233  0 
 3234  0 
 3235  0 
 3236  0 
 3237  1 
 3238  0 
 3239  0 
 3240  1 
 3241  0 
 3242  0 
 3243  0 
 3244  1 
 3245  0 
 3246  0 
 3247  0 
 3248  0 
 3249  0 
 3250  0 
 3251  0 
 3252  0 
 3253  1 
 3254  0 
 3255  0 
 3256  0 
 3257  0 
 3258  1 
 3259  0 
 3260  0 
 3261  0 
 3262  0 
 3263  0 
 3264  0 
 3265  0 
 3266  1 
 3267  0 
 3268  0 
 3269  0 
 3270  0 
 3271  0 
 3272  0 
 3273  1 
 3274  0 
 3275  0 
 3276  0 
 3277  0 
 3278  0 
 3279  2 
 3280  0 
 3281  0 
 3282  0 
 3283  0 
 3284  0 
 3285  0 
 3286  0 
 3287  0 
 3288  0 
 3289  0 
 3290  0 
 3291  0 
 3292  0 
 3293  0 
 3294  0 
 3295  0 
 3296  1 
 3297  0 
 3298  1 
 3299  0 
 3300  0 
 3301  0 
 3302  0 
 3303  0 
 3304  0 
 3305  0 
 3306  0 
 3307  0 
 3308  0 
 3309  0 
 3310  0 
 3311  0 
 3312  0 
 3313  0 
 3314  0 
 3315  0 
 3316  0 
 3317  0 
 3318  0 
 3319  0 
 3320  0 
 3321  2 
 3322  0 
 3323  0 
 3324  0 
 3325  1 
 3326  2 
 3327  0 
 3328  0 
 3329  0 
 3330  0 
 3331  1 
 3332  0 
 3333  0 
 3334  0 
 3335  0 
 3336  0 
 3337  0 
 3338  0 
 3339  0 
 3340  0 
 3341  0 
 3342  0 
 3343  0 
 3344  0 
 3345  0 
 3346  1 
 3347  0 
 3348  0 
 3349  0 
 3350  0 
 3351  0 
 3352  1 
 3353  0 
 3354  0 
 3355  0 
 3356  0 
 3357  1 
 3358  0 
 3359  0 
 3360  0 
 3361  0 
 3362  0 
 3363  0 
 3364  0 
 3365  0 
 3366  1 
 3367  0 
 3368  0 
 3369  0 
 3370  0 
 3371  0 
 3372  1 
 3373  0 
 3374  0 
 3375  0 
 3376  0 
 3377  0 
 3378  0 
 3379  1 
 3380  0 
 3381  1 
 3382  0 
 3383  0 
 3384  0 
 3385  1 
 3386  1 
 3387  0 
 3388  0 
 3389  0 
 3390  0 
 3391  0 
 3392  0 
 3393  0 
 3394  0 
 3395  0 
 3396  0 
 3397  0 
 3398  0 
 3399  1 
 3400  0 
 3401  0 
 3402  0 
 3403  0 
 3404  0 
 3405  1 
 3406  1 
 3407  1 
 3408  0 
 3409  1 
 3410  0 
 3411  0 
 3412  0 
 3413  0 
 3414  0 
 3415  0 
 3416  0 
 3417  1 
 3418  0 
 3419  0 
 3420  0 
 3421  0 
 3422  0 
 3423  2 
 3424  0 
 3425  0 
 3426  0 
 3427  0 
 3428  0 
 3429  0 
 3430  0 
 3431  0 
 3432  0 
 3433  1 
 3434  1 
 3435  1 
 3436  0 
 3437  0 
 3438  0 
 3439  0 
 3440  0 
 3441  1 
 3442  0 
 3443  0 
 3444  0 
 3445  1 
 3446  0 
 3447  0 
 3448  1 
 3449  0 
 3450  0 
 3451  0 
 3452  0 
 3453  0 
 3454  0 
 3455  1 
 3456  1 
 3457  0 
 3458  0 
 3459  0 
 3460  0 
 3461  1 
 3462  0 
 3463  0 
 3464  0 
 3465  1 
 3466  0 
 3467  0 
 3468  0 
 3469  1 
 3470  0 
 3471  1 
 3472  0 
 3473  0 
 3474  0 
 3475  0 
 3476  0 
 3477  0 
 3478  0 
 3479  0 
 3480  0 
 3481  0 
 3482  0 
 3483  0 
 3484  0 
 3485  0 
 3486  2 
 3487  0 
 3488  0 
 3489  0 
 3490  0 
 3491  0 
 3492  0 
 3493  0 
 3494  0 
 3495  1 
 3496  1 
 3497  0 
 3498  0 
 3499  0 
 3500  0 
 3501  1 
 3502  0 
 3503  0 
 3504  0 
 3505  0 
 3506  1 
 3507  0 
 3508  0 
 3509  0 
 3510  0 
 3511  0 
 3512  0 
 3513  0 
 3514  0 
 3515  0 
 3516  0 
 3517  0 
 3518  0 
 3519  1 
 3520  0 
 3521  0 
 3522  1 
 3523  0 
 3524  0 
 3525  0 
 3526  0 
 3527  0 
 3528  0 
 3529  0 
 3530  0 
 3531  0 
 3532  0 
 3533  0 
 3534  1 
 3535  0 
 3536  0 
 3537  0 
 3538  0 
 3539  0 
 3540  0 
 3541  0 
 3542  0 
 3543  0 
 3544  0 
 3545  1 
 3546  0 
 3547  0 
 3548  0 
 3549  0 
 3550  0 
 3551  0 
 3552  0 
 3553  0 
 3554  0 
 3555  0 
 3556  1 
 3557  0 
 3558  1 
 3559  0 
 3560  0 
 3561  0 
 3562  0 
 3563  0 
 3564  0 
 3565  0 
 3566  0 
 3567  0 
 3568  0 
 3569  1 
 3570  2 
 3571  0 
 3572  0 
 3573  0 
 3574  0 
 3575  0 
 3576  0 
 3577  0 
 3578  0 
 3579  0 
 3580  0 
 3581  0 
 3582  1 
 3583  0 
 3584  0 
 3585  0 
 3586  0 
 3587  0 
 3588  0 
 3589  0 
 3590  0 
 3591  0 
 3592  0 
 3593  1 
 3594  0 
 3595  1 
 3596  1 
 3597  1 
 3598  1 
 3599  0 
 3600  0 
 3601  0 
 3602  0 
 3603  1 
 3604  0 
 3605  0 
 3606  0 
 3607  0 
 3608  0 
 3609  0 
 3610  0 
 3611  0 
 3612  0 
 3613  1 
 3614  0 
 3615  0 
 3616  0 
 3617  0 
 3618  0 
 3619  1 
 3620  0 
 3621  0 
 3622  0 
 3623  0 
 3624  0 
 3625  0 
 3626  0 
 3627  0 
 3628  0 
 3629  0 
 3630  0 
 3631  0 
 3632  0 
 3633  0 
 3634  0 
 3635  1 
 3636  0 
 3637  0 
 3638  0 
 3639  0 
 3640  0 
 3641  0 
 3642  0 
 3643  1 
 3644  1 
 3645  0 
 3646  1 
 3647  0 
 3648  0 
 3649  0 
 3650  0 
 3651  0 
 3652  0 
 3653  0 
 3654  0 
 3655  0 
 3656  1 
 3657  1 
 3658  0 
 3659  0 
 3660  1 
 3661  0 
 3662  0 
 3663  0 
 3664  0 
 3665  0 
 3666  0 
 3667  0 
 3668  0 
 3669  0 
 3670  0 
 3671  0 
 3672  0 
 3673  0 
 3674  0 
 3675  0 
 3676  0 
 3677  0 
 3678  0 
 3679  0 
 3680  0 
 3681  0 
 3682  0 
 3683  0 
 3684  0 
 3685  0 
 3686  0 
 3687  0 
 3688  0 
 3689  0 
 3690  0 
 3691  0 
 3692  0 
 3693  0 
 3694  1 
 3695  0 
 3696  0 
 3697  0 
 3698  0 
 3699  1 
 3700  0 
 3701  0 
 3702  0 
 3703  0 
 3704  0 
 3705  0 
 3706  0 
 3707  1 
 3708  0 
 3709  0 
 3710  0 
 3711  0 
 3712  0 
 3713  0 
 3714  0 
 3715  0 
 3716  0 
 3717  0 
 3718  0 
 3719  1 
 3720  0 
 3721  0 
 3722  0 
 3723  1 
 3724  0 
 3725  0 
 3726  0 
 3727  0 
 3728  1 
 3729  0 
 3730  0 
 3731  0 
 3732  0 
 3733  0 
 3734  0 
 3735  0 
 3736  0 
 3737  0 
 3738  0 
 3739  0 
 3740  0 
 3741  0 
 3742  1 
 3743  0 
 3744  0 
 3745  0 
 3746  0 
 3747  0 
 3748  0 
 3749  0 
 3750  0 
 3751  0 
 3752  0 
 3753  0 
 3754  0 
 3755  0 
 3756  0 
 3757  0 
 3758  0 
 3759  0 
 3760  0 
 3761  0 
 3762  0 
 3763  0 
 3764  0 
 3765  0 
 3766  0 
 3767  0 
 3768  0 
 3769  0 
 3770  0 
 3771  0 
 3772  1 
 3773  0 
 3774  0 
 3775  0 
 3776  0 
 3777  0 
 3778  0 
 3779  0 
 3780  0 
 3781  1 
 3782  0 
 3783  0 
 3784  0 
 3785  0 
 3786  0 
 3787  0 
 3788  1 
 3789  1 
 3790  0 
 3791  0 
 3792  0 
 3793  0 
 3794  0 
 3795  0 
 3796  0 
 3797  0 
 3798  0 
 3799  0 
 3800  0 
 3801  0 
 3802  0 
 3803  1 
 3804  0 
 3805  0 
 3806  0 
 3807  0 
 3808  0 
 3809  0 
 3810  0 
 3811  0 
 3812  0 
 3813  0 
 3814  0 
 3815  0 
 3816  1 
 3817  0 
 3818  0 
 3819  0 
 3820  1 
 3821  0 
 3822  0 
 3823  0 
 3824  0 
 3825  0 
 3826  0 
 3827  2 
 3828  0 
 3829  0 
 3830  0 
 3831  0 
 3832  0 
 3833  0 
 3834  0 
 3835  0 
 3836  0 
 3837  0 
 3838  1 
 3839  0 
 3840  0 
 3841  1 
 3842  2 
 3843  0 
 3844  0 
 3845  0 
 3846  0 
 3847  0 
 3848  0 
 3849  0 
 3850  0 
 3851  0 
 3852  0 
 3853  0 
 3854  0 
 3855  0 
 3856  2 
 3857  0 
 3858  1 
 3859  0 
 3860  0 
 3861  0 
 3862  0 
 3863  0 
 3864  0 
 3865  0 
 3866  0 
 3867  0 
 3868  1 
 3869  0 
 3870  0 
 3871  0 
 3872  0 
 3873  1 
 3874  1 
 3875  0 
 3876  0 
 3877  0 
 3878  0 
 3879  0 
 3880  0 
 3881  0 
 3882  0 
 3883  0 
 3884  0 
 3885  0 
 3886  0 
 3887  0 
 3888  0 
 3889  0 
 3890  0 
 3891  0 
 3892  0 
 3893  0 
 3894  0 
 3895  0 
 3896  0 
 3897  0 
 3898  0 
 3899  0 
 3900  0 
 3901  0 
 3902  0 
 3903  0 
 3904  0 
 3905  1 
 3906  0 
 3907  0 
 3908  0 
 3909  0 
 3910  1 
 3911  0 
 3912  0 
 3913  1 
 3914  0 
 3915  0 
 3916  0 
 3917  0 
 3918  0 
 3919  0 
 3920  0 
 3921  0 
 3922  0 
 3923  0 
 3924  0 
 3925  1 
 3926  0 
 3927  0 
 3928  1 
 3929  0 
 3930  0 
 3931  0 
 3932  0 
 3933  0 
 3934  1 
 3935  0 
 3936  0 
 3937  0 
 3938  0 
 3939  0 
 3940  0 
 3941  0 
 3942  0 
 3943  1 
 3944  0 
 3945  0 
 3946  0 
 3947  0 
 3948  0 
 3949  0 
 3950  0 
 3951  2 
 3952  0 
 3953  0 
 3954  0 
 3955  1 
 3956  0 
 3957  1 
 3958  0 
 3959  0 
 3960  0 
 3961  0 
 3962  2 
 3963  0 
 3964  2 
 3965  0 
 3966  0 
 3967  0 
 3968  0 
 3969  0 
 3970  0 
 3971  0 
 3972  0 
 3973  0 
 3974  0 
 3975  0 
 3976  0 
 3977  2 
 3978  0 
 3979  0 
 3980  0 
 3981  0 
 3982  1 
 3983  0 
 3984  0 
 3985  0 
 3986  0 
 3987  0 
 3988  0 
 3989  0 
 3990  0 
 3991  0 
 3992  0 
 3993  0 
 3994  0 
 3995  0 
 3996  0 
 3997  0 
 3998  2 
 3999  0 
 4000  0 
 4001  0 
 4002  0 
 4003  0 
 4004  0 
 4005  0 
 4006  0 
 4007  0 
 4008  0 
 4009  0 
 4010  1 
 4011  0 
 4012  0 
 4013  0 
 4014  0 
 4015  1 
 4016  0 
 4017  0 
 4018  0 
 4019  1 
 4020  0 
 4021  0 
 4022  0 
 4023  0 
 4024  0 
 4025  0 
 4026  0 
 4027  1 
 4028  0 
 4029  0 
 4030  0 
 4031  0 
 4032  1 
 4033  0 
 4034  0 
 4035  0 
 4036  0 
 4037  0 
 4038  0 
 4039  0 
 4040  0 
 4041  0 
 4042  0 
 4043  0 
 4044  0 
 4045  0 
 4046  0 
 4047  0 
 4048  0 
 4049  0 
 4050  0 
 4051  1 
 4052  0 
 4053  0 
 4054  0 
 4055  1 
 4056  0 
 4057  0 
 4058  0 
 4059  0 
 4060  0 
 4061  0 
 4062  0 
 4063  0 
 4064  0 
 4065  0 
 4066  0 
 4067  0 
 4068  1 
 4069  0 
 4070  0 
 4071  0 
 4072  0 
 4073  0 
 4074  0 
 4075  1 
 4076  0 
 4077  1 
 4078  0 
 4079  0 
 4080  0 
 4081  0 
 4082  0 
 4083  0 
 4084  0 
 4085  0 
 4086  0 
 4087  0 
 4088  1 
 4089  0 
 4090  0 
 4091  0 
 4092  1 
 4093  0 
 4094  0 
 4095  0 
 4096  0 
 4097  1 
 4098  0 
 4099  0 
 4100  0 
 4101  0 
 4102  1 
 4103  0 
 4104  0 
 4105  1 
 4106  1 
 4107  0 
 4108  0 
 4109  0 
 4110  0 
 4111  1 
 4112  0 
 4113  0 
 4114  0 
 4115  0 
 4116  0 
 4117  0 
 4118  0 
 4119  0 
 4120  0 
 4121  1 
 4122  1 
 4123  0 
 4124  0 
 4125  0 
 4126  0 
 4127  1 
 4128  0 
 4129  0 
 4130  0 
 4131  0 
 4132  0 
 4133  0 
 4134  0 
 4135  0 
 4136  0 
 4137  1 
 4138  0 
 4139  0 
 4140  0 
 4141  0 
 4142  0 
 4143  1 
 4144  0 
 4145  0 
 4146  0 
 4147  0 
 4148  0 
 4149  1 
 4150  0 
 4151  0 
 4152  0 
 4153  0 
 4154  0 
 4155  1 
 4156  0 
 4157  0 
 4158  0 
 4159  0 
 4160  1 
 4161  0 
 4162  0 
 4163  0 
 4164  0 
 4165  1 
 4166  0 
 4167  0 
 4168  0 
 4169  0 
 4170  0 
 4171  0 
 4172  0 
 4173  0 
 4174  0 
 4175  0 
 4176  0 
 4177  0 
 4178  0 
 4179  0 
 4180  0 
 4181  1 
 4182  0 
 4183  0 
 4184  0 
 4185  0 
 4186  0 
 4187  1 
 4188  0 
 4189  1 
 4190  0 
 4191  1 
 4192  0 
 4193  2 
 4194  0 
 4195  0 
 4196  0 
 4197  0 
 4198  0 
 4199  0 
 4200  0 
 4201  0 
 4202  0 
 4203  0 
 4204  0 
 4205  0 
 4206  0 
 4207  0 
 4208  0 
 4209  0 
 4210  0 
 4211  0 
 4212  0 
 4213  0 
 4214  0 
 4215  0 
 4216  0 
 4217  0 
 4218  1 
 4219  0 
 4220  0 
 4221  0 
 4222  0 
 4223  0 
 4224  0 
 4225  0 
 4226  0 
 4227  0 
 4228  0 
 4229  0 
 4230  0 
 4231  0 
 4232  1 
 4233  0 
 4234  0 
 4235  0 
 4236  0 
 4237  0 
 4238  0 
 4239  0 
 4240  2 
 4241  0 
 4242  0 
 4243  0 
 4244  0 
 4245  1 
 4246  0 
 4247  0 
 4248  0 
 4249  0 
 4250  1 
 4251  1 
 4252  0 
 4253  0 
 4254  1 
 4255  0 
 4256  1 
 4257  0 
 4258  0 
 4259  0 
 4260  0 
 4261  0 
 4262  1 
 4263  0 
 4264  0 
 4265  0 
 4266  0 
 4267  1 
 4268  0 
 4269  0 
 4270  0 
 4271  0 
 4272  0 
 4273  1 
 4274  0 
 4275  0 
 4276  0 
 4277  0 
 4278  0 
 4279  0 
 4280  0 
 4281  1 
 4282  0 
 4283  0 
 4284  0 
 4285  0 
 4286  0 
 4287  0 
 4288  0 
 4289  0 
 4290  0 
 4291  0 
 4292  0 
 4293  0 
 4294  1 
 4295  0 
 4296  0 
 4297  0 
 4298  0 
 4299  0 
 4300  0 
 4301  0 
 4302  0 
 4303  0 
 4304  1 
 4305  1 
 4306  0 
 4307  0 
 4308  0 
 4309  0 
 4310  0 
 4311  0 
 4312  0 
 4313  0 
 4314  0 
 4315  0 
 4316  0 
 4317  0 
 4318  0 
 4319  0 
 4320  0 
 4321  0 
 4322  0 
 4323  0 
 4324  0 
 4325  1 
 4326  0 
 4327  1 
 4328  0 
 4329  0 
 4330  0 
 4331  0 
 4332  1 
 4333  1 
 4334  0 
 4335  0 
 4336  0 
 4337  0 
 4338  0 
 4339  0 
 4340  0 
 4341  0 
 4342  0 
 4343  0 
 4344  1 
 4345  0 
 4346  0 
 4347  0 
 4348  0 
 4349  0 
 4350  0 
 4351  0 
 4352  0 
 4353  0 
 4354  1 
 4355  0 
 4356  0 
 4357  0 
 4358  0 
 4359  0 
 4360  0 
 4361  0 
 4362  0 
 4363  0 
 4364  0 
 4365  1 
 4366  2 
 4367  0 
 4368  0 
 4369  0 
 4370  0 
 4371  0 
 4372  0 
 4373  1 
 4374  0 
 4375  0 
 4376  2 
 4377  0 
 4378  0 
 4379  1 
 4380  0 
 4381  0 
 4382  0 
 4383  0 
 4384  1 
 4385  0 
 4386  0 
 4387  0 
 4388  0 
 4389  0 
 4390  0 
 4391  0 
 4392  0 
 4393  0 
 4394  0 
 4395  0 
 4396  0 
 4397  0 
 4398  1 
 4399  0 
 4400  0 
 4401  0 
 4402  0 
 4403  0 
 4404  0 
 4405  1 
 4406  1 
 4407  2 
 4408  0 
 4409  0 
 4410  0 
 4411  0 
 4412  0 
 4413  0 
 4414  0 
 4415  0 
 4416  0 
 4417  0 
 4418  0 
 4419  0 
 4420  0 
 4421  0 
 4422  1 
 4423  0 
 4424  0 
 4425  0 
 4426  0 
 4427  0 
 4428  0 
 4429  0 
 4430  0 
 4431  0 
 4432  0 
 4433  0 
 4434  0 
 4435  1 
 4436  0 
 4437  0 
 4438  0 
 4439  1 
 4440  0 
 4441  0 
 4442  0 
 4443  0 
 4444  0 
 4445  0 
 4446  0 
 4447  0 
 4448  0 
 4449  0 
 4450  0 
 4451  0 
 4452  0 
 4453  0 
 4454  0 
 4455  0 
 4456  1 
 4457  0 
 4458  0 
 4459  0 
 4460  0 
 4461  0 
 4462  0 
 4463  0 
 4464  0 
 4465  0 
 4466  0 
 4467  0 
 4468  0 
 4469  1 
 4470  0 
 4471  1 
 4472  1 
 4473  0 
 4474  0 
 4475  1 
 4476  0 
 4477  0 
 4478  0 
 4479  1 
 4480  0 
 4481  0 
 4482  2 
 4483  0 
 4484  0 
 4485  0 
 4486  0 
 4487  0 
 4488  0 
 4489  0 
 4490  0 
 4491  0 
 4492  0 
 4493  0 
 4494  0 
 4495  0 
 4496  0 
 4497  0 
 4498  0 
 4499  1 
 4500  0 
 4501  0 
 4502  1 
 4503  0 
 4504  0 
 4505  0 
 4506  0 
 4507  0 
 4508  1 
 4509  0 
 4510  0 
 4511  0 
 4512  0 
 4513  1 
 4514  1 
 4515  0 
 4516  0 
 4517  1 
 4518  0 
 4519  2 
 4520  0 
 4521  0 
 4522  0 
 4523  0 
 4524  0 
 4525  0 
 4526  0 
 4527  0 
 4528  1 
 4529  0 
 4530  0 
 4531  0 
 4532  0 
 4533  1 
 4534  1 
 4535  0 
 4536  0 
 4537  0 
 4538  0 
 4539  0 
 4540  0 
 4541  0 
 4542  0 
 4543  0 
 4544  0 
 4545  1 
 4546  0 
 4547  0 
 4548  0 
 4549  0 
 4550  0 
 4551  0 
 4552  0 
 4553  0 
 4554  0 
 4555  0 
 4556  0 
 4557  0 
 4558  0 
 4559  0 
 4560  1 
 4561  0 
 4562  0 
 4563  0 
 4564  1 
 4565  0 
 4566  0 
 4567  1 
 4568  1 
 4569  1 
 4570  0 
 4571  0 
 4572  0 
 4573  0 
 4574  0 
 4575  0 
 4576  1 
 4577  0 
 4578  0 
 4579  0 
 4580  0 
 4581  0 
 4582  0 
 4583  0 
 4584  0 
 4585  0 
 4586  0 
 4587  0 
 4588  0 
 4589  0 
 4590  0 
 4591  1 
 4592  0 
 4593  1 
 4594  1 
 4595  0 
 4596  1 
 4597  0 
 4598  0 
 4599  0 
 4600  0 
 4601  0 
 4602  0 
 4603  0 
 4604  0 
 4605  0 
 4606  0 
 4607  1 
 4608  0 
 4609  0 
 4610  0 
 4611  0 
 4612  0 
 4613  0 
 4614  0 
 4615  0 
 4616  0 
 4617  0 
 4618  0 
 4619  0 
 4620  0 
 4621  0 
 4622  0 
 4623  0 
 4624  0 
 4625  0 
 4626  0 
 4627  1 
 4628  2 
 4629  0 
 4630  0 
 4631  0 
 4632  0 
 4633  0 
 4634  0 
 4635  0 
 4636  2 
 4637  3 
 4638  0 
 4639  0 
 4640  0 
 4641  0 
 4642  1 
 4643  0 
 4644  0 
 4645  1 
 4646  0 
 4647  0 
 4648  1 
 4649  0 
 4650  0 
 4651  0 
 4652  0 
 4653  0 
 4654  1 
 4655  0 
 4656  0 
 4657  0 
 4658  1 
 4659  0 
 4660  0 
 4661  1 
 4662  0 
 4663  0 
 4664  0 
 4665  0 
 4666  0 
 4667  0 
 4668  1 
 4669  0 
 4670  0 
 4671  0 
 4672  1 
 4673  0 
 4674  0 
 4675  0 
 4676  0 
 4677  0 
 4678  1 
 4679  0 
 4680  1 
 4681  0 
 4682  0 
 4683  0 
 4684  0 
 4685  1 
 4686  0 
 4687  0 
 4688  0 
 4689  0 
 4690  0 
 4691  0 
 4692  0 
 4693  0 
 4694  0 
 4695  0 
 4696  2 
 4697  0 
 4698  0 
 4699  0 
 4700  0 
 4701  0 
 4702  0 
 4703  1 
 4704  0 
 4705  0 
 4706  0 
 4707  0 
 4708  1 
 4709  0 
 4710  0 
 4711  0 
 4712  0 
 4713  0 
 4714  1 
 4715  0 
 4716  0 
 4717  0 
 4718  1 
 4719  0 
 4720  0 
 4721  0 
 4722  1 
 4723  0 
 4724  2 
 4725  1 
 4726  1 
 4727  0 
 4728  0 
 4729  0 
 4730  0 
 4731  0 
 4732  0 
 4733  0 
 4734  0 
 4735  0 
 4736  0 
 4737  0 
 4738  0 
 4739  0 
 4740  0 
 4741  1 
 4742  0 
 4743  0 
 4744  1 
 4745  0 
 4746  1 
 4747  1 
 4748  0 
 4749  0 
 4750  0 
 4751  0 
 4752  1 
 4753  0 
 4754  0 
 4755  0 
 4756  0 
 4757  0 
 4758  0 
 4759  2 
 4760  1 
 4761  0 
 4762  1 
 4763  0 
 4764  0 
 4765  1 
 4766  0 
 4767  0 
 4768  0 
 4769  0 
 4770  0 
 4771  0 
 4772  1 
 4773  0 
 4774  0 
 4775  0 
 4776  0 
 4777  0 
 4778  0 
 4779  1 
 4780  0 
 4781  0 
 4782  0 
 4783  0 
 4784  0 
 4785  0 
 4786  0 
 4787  0 
 4788  0 
 4789  0 
 4790  0 
 4791  1 
 4792  1 
 4793  1 
 4794  0 
 4795  1 
 4796  0 
 4797  1 
 4798  0 
 4799  0 
 4800  0 
 4801  2 
 4802  0 
 4803  1 
 4804  0 
 4805  0 
 4806  0 
 4807  0 
 4808  0 
 4809  1 
 4810  0 
 4811  0 
 4812  1 
 4813  2 
 4814  0 
 4815  0 
 4816  2 
 4817  1 
 4818  1 
 4819  1 
 4820  0 
 4821  0 
 4822  0 
 4823  0 
 4824  0 
 4825  0 
 4826  0 
 4827  0 
 4828  1 
 4829  1 
 4830  0 
 4831  0 
 4832  0 
 4833  2 
 4834  1 
 4835  0 
 4836  0 
 4837  1 
 4838  0 
 4839  1 
 4840  1 
 4841  1 
 4842  0 
 4843  2 
 4844  0 
 4845  2 
 4846  0 
 4847  0 
 4848  0 
 4849  1 
 4850  0 
 4851  1 
 4852  0 
 4853  0 
 4854  2 
 4855  1 
 4856  1 
 4857  1 
 4858  0 
 4859  1 
 4860  0 
 4861  0 
 4862  0 
 4863  0 
 4864  2 
 4865  0 
 4866  1 
 4867  1 
 4868  0 
 4869  0 
 4870  0 
 4871  1 
 4872  0 
 4873  0 
 4874  2 
 4875  0 
 4876  0 
 4877  0 
 4878  0 
 4879  1 
 4880  0 
 4881  0 
 4882  1 
 4883  0 
 4884  0 
 4885  1 
 4886  0 
 4887  2 
 4888  2 
 4889  1 
 4890  0 
 4891  0 
 4892  0 
 4893  0 
 4894  2 
 4895  0 
 4896  1 
 4897  0 
 4898  1 
 4899  0 
 4900  1 
 4901  1 
 4902  0 
 4903  0 
 4904  0 
 4905  0 
 4906  0 
 4907  0 
 4908  0 
 4909  0 
 4910  1 
 4911  0 
 4912  0 
 4913  0 
 4914  2 
 4915  3 
 4916  1 
 4917  1 
 4918  1 
 4919  0 
 4920  0 
 4921  0 
 4922  0 
 4923  1 
 4924  1 
 4925  1 
 4926  1 
 4927  0 
 4928  0 
 4929  0 
 4930  1 
 4931  0 
 4932  0 
 4933  2 
 4934  1 
 4935  2 
 4936  2 
 4937  1 
 4938  2 
 4939  1 
 4940  1 
 4941  0 
 4942  0 
 4943  0 
 4944  0 
 4945  1 
 4946  1 
 4947  0 
 4948  1 
 4949  0 
 4950  0 
 4951  0 
 4952  0 
 4953  0 
 4954  1 
 4955  0 
 4956  0 
 4957  1 
 4958  1 
 4959  0 
 4960  0 
 4961  1 
 4962  0 
 4963  1 
 4964  1 
 4965  0 
 4966  1 
 4967  0 
 4968  0 
 4969  0 
 4970  0 
 4971  0 
 4972  1 
 4973  0 
 4974  0 
 4975  0 
 4976  0 
 4977  0 
 4978  0 
 4979  0 
 4980  0 
 4981  0 
 4982  2 
 4983  1 
 4984  0 
 4985  1 
 4986  0 
 4987  3 
 4988  0 
 4989  1 
 4990  0 
 4991  0 
 4992  3 
 4993  1 
 4994  0 
 4995  0 
 4996  1 
 4997  1 
 4998  1 
 4999  1 
 5000  0 
 5001  0 
 5002  0 
 5003  0 
 5004  0 
 5005  0 
 5006  1 
 5007  0 
 5008  0 
 5009  0 
 5010  0 
 5011  0 
 5012  0 
 5013  2 
 5014  1 
 5015  0 
 5016  1 
 5017  0 
 5018  2 
 5019  0 
 5020  0 
 5021  1 
 5022  0 
 5023  1 
 5024  2 
 5025  0 
 5026  0 
 5027  1 
 5028  0 
 5029  0 
 5030  1 
 5031  1 
 5032  0 
 5033  0 
 5034  0 
 5035  0 
 5036  1 
 5037  0 
 5038  1 
 5039  2 
 5040  0 
 5041  0 
 5042  0 
 5043  0 
 5044  0 
 5045  0 
 5046  0 
 5047  0 
 5048  1 
 5049  0 
 5050  0 
 5051  0 
 5052  1 
 5053  1 
 5054  0 
 5055  0 
 5056  0 
 5057  0 
 5058  1 
 5059  0 
 5060  1 
 5061  1 
 5062  0 
 5063  0 
 5064  1 
 5065  1 
 5066  0 
 5067  0 
 5068  0 
 5069  0 
 5070  0 
 5071  0 
 5072  1 
 5073  0 
 5074  0 
 5075  0 
 5076  0 
 5077  0 
 5078  0 
 5079  0 
 5080  0 
 5081  0 
 5082  0 
 5083  0 
 5084  0 
 5085  1 
 5086  0 
 5087  1 
 5088  0 
 5089  0 
 5090  0 
 5091  0 
 5092  1 
 5093  0 
 5094  0 
 5095  0 
 5096  0 
 5097  0 
 5098  0 
 5099  0 
 5100  0 
 5101  0 
 5102  0 
 5103  1 
 5104  0 
 5105  0 
 5106  0 
 5107  0 
 5108  0 
 5109  0 
 5110  0 
 5111  1 
 5112  0 
 5113  0 
 5114  0 
 5115  0 
 5116  0 
 5117  0 
 5118  0 
 5119  0 
 5120  0 
 5121  0 
 5122  1 
 5123  0 
 5124  0 
 5125  0 
 5126  0 
 5127  0 
 5128  0 
 5129  0 
 5130  0 
 5131  0 
 5132  0 
 5133  0 
 5134  0 
 5135  0 
 5136  0 
 5137  0 
 5138  1 
 5139  0 
 5140  0 
 5141  0 
 5142  0 
 5143  1 
 5144  0 
 5145  0 
 5146  0 
 5147  0 
 5148  0 
 5149  0 
 5150  0 
 5151  0 
 5152  0 
 5153  0 
 5154  0 
 5155  0 
 5156  0 
 5157  0 
 5158  0 
 5159  0 
 5160  0 
 5161  0 
 5162  0 
 5163  0 
 5164  0 
 5165  1 
 5166  0 
 5167  0 
 5168  0 
 5169  0 
 5170  0 
 5171  0 
 5172  0 
 5173  0 
 5174  1 
 5175  0 
 5176  0 
 5177  0 
 5178  0 
 5179  0 
 5180  0 
 5181  0 
 5182  0 
 5183  0 
 5184  0 
 5185  0 
 5186  0 
 5187  0 
 5188  0 
 5189  0 
 5190  0 
 5191  0 
 5192  0 
 5193  0 
 5194  0 
 5195  0 
 5196  0 
 5197  0 
 5198  0 
 5199  0 
 5200  0 
 5201  0 
 5202  0 
 5203  0 
 5204  0 
 5205  0 
 5206  0 
 5207  0 
 5208  0 
 5209  0 
 5210  0 
 5211  0 
 5212  0 
 5213  0 
 5214  2 
 5215  0 
 5216  0 
 5217  0 
 5218  0 
 5219  0 
 5220  0 
 5221  0 
 5222  0 
 5223  0 
 5224  0 
 5225  0 
 5226  0 
 5227  0 
 5228  0 
 5229  0 
 5230  0 
 5231  0 
 5232  0 
 5233  0 
 5234  0 
 5235  0 
 5236  0 
 5237  0 
 5238  0 
 5239  0 
 5240  0 
 5241  0 
 5242  0 
 5243  0 
 5244  0 
 5245  0 
 5246  0 
 5247  0 
 5248  0 
 5249  0 
 5250  0 
 5251  0 
 5252  0 
 5253  0 
 5254  0 
 5255  0 
 5256  0 
 5257  0 
 5258  0 
 5259  0 
 5260  0 
 5261  0 
 5262  0 
 5263  0 
 5264  0 
 5265  0 
 5266  0 
 5267  0 
 5268  0 
 5269  0 
 5270  0 
 5271  0 
 5272  0 
 5273  0 
 5274  0 
 5275  0 
 5276  0 
 5277  0 
 5278  0 
 5279  0 
 5280  0 
 5281  0 
 5282  0 
 5283  0 
 5284  0 
 5285  0 
 5286  0 
 5287  0 
 5288  0 
 5289  0 
 5290  0 
 5291  0 
 5292  0 
 5293  0 
 5294  0 
 5295  0 
 5296  0 
 5297  0 
 5298  0 
 5299  0 
 5300  0 
 5301  0 
 5302  0 
 5303  0 
 5304  0 
 5305  0 
 5306  0 
 5307  0 
 5308  0 
 5309  0 
 5310  0 
 5311  0 
 5312  0 
 5313  0 
 5314  0 
 5315  0 
 5316  0 
 5317  0 
 5318  0 
 5319  0 
 5320  0 
 5321  0 
 5322  0 
 5323  0 
 5324  0 
 5325  0 
 5326  0 
 5327  0 
 5328  0 
 5329  0 
 5330  0 
 5331  0 
 5332  0 
 5333  0 
 5334  0 
 5335  0 
 5336  0 
 5337  0 
 5338  0 
 5339  0 
 5340  0 
 5341  0 
 5342  0 
 5343  0 
 5344  0 
 5345  0 
 5346  0 
 5347  0 
 5348  0 
 5349  0 
 5350  0 
 5351  0 
 5352  0 
 5353  0 
 5354  0 
 5355  0 
 5356  0 
 5357  0 
 5358  0 
 5359  0 
 5360  0 
 5361  0 
 5362  0 
 5363  0 
 5364  0 
 5365  0 
 5366  0 
 5367  0 
 5368  0 
 5369  0 
 5370  0 
 5371  0 
 5372  0 
 5373  0 
 5374  0 
 5375  0 
 5376  0 
 5377  0 
 5378  0 
 5379  0 
 5380  0 
 5381  0 
 5382  0 
 5383  0 
 5384  0 
 5385  0 
 5386  0 
 5387  0 
 5388  0 
 5389  0 
 5390  0 
 5391  0 
 5392  0 
 5393  0 
 5394  0 
 5395  0 
 5396  0 
 5397  0 
 5398  0 
 5399  0 
 5400  0 
 5401  0 
 5402  0 
 5403  0 
 5404  0 
 5405  0 
 5406  0 
 5407  0 
 5408  0 
 5409  0 
 5410  0 
 5411  0 
 5412  0 
 5413  0 
 5414  0 
 5415  0 
 5416  0 
 5417  0 
 5418  0 
 5419  0 
 5420  0 
 5421  0 
 5422  0 
 5423  0 
 5424  0 
 5425  0 
 5426  0 
 5427  0 
 5428  0 
 5429  0 
 5430  0 
 5431  0 
 5432  0 
 5433  0 
 5434  0 
 5435  0 
 5436  0 
 5437  0 
 5438  0 
 5439  0 
 5440  0 
 5441  0 
 5442  0 
 5443  0 
 5444  0 
 5445  0 
 5446  0 
 5447  0 
 5448  0 
 5449  0 
 5450  0 
 5451  0 
 5452  0 
 5453  0 
 5454  0 
 5455  0 
 5456  0 
 5457  0 
 5458  0 
 5459  0 
 5460  0 
 5461  0 
 5462  0 
 5463  0 
 5464  0 
 5465  0 
 5466  0 
 5467  0 
 5468  0 
 5469  0 
 5470  0 
 5471  0 
 5472  0 
 5473  0 
 5474  0 
 5475  0 
 5476  0 
 5477  0 
 5478  0 
 5479  0 
 5480  0 
 5481  0 
 5482  0 
 5483  0 
 5484  0 
 5485  0 
 5486  0 
 5487  0 
 5488  0 
 5489  0 
 5490  0 
 5491  0 
 5492  0 
 5493  0 
 5494  0 
 5495  0 
 5496  0 
 5497  0 
 5498  0 
 5499  0 
 5500  0 
 5501  0 
 5502  0 
 5503  0 
 5504  0 
 5505  0 
 5506  0 
 5507  0 
 5508  0 
 5509  0 
 5510  0 
 5511  0 
 5512  0 
 5513  0 
 5514  0 
 5515  0 
 5516  0 
 5517  0 
 5518  0 
 5519  0 
 5520  0 
 5521  0 
 5522  0 
 5523  0 
 5524  0 
 5525  0 
 5526  0 
 5527  0 
 5528  0 
 5529  0 
 5530  0 
 5531  0 
 5532  0 
 5533  0 
 5534  0 
 5535  0 
 5536  0 
 5537  0 
 5538  0 
 5539  0 
 5540  0 
 5541  0 
 5542  0 
 5543  0 
 5544  0 
 5545  0 
 5546  0 
 5547  0 
 5548  0 
 5549  0 
 5550  0 
 5551  0 
 5552  0 
 5553  0 
 5554  0 
 5555  0 
 5556  0 
 5557  0 
 5558  0 
 5559  0 
 5560  0 
 5561  0 
 5562  0 
 5563  0 
 5564  0 
 5565  0 
 5566  0 
 5567  0 
 5568  0 
 5569  0 
 5570  0 
 5571  0 
 5572  0 
 5573  0 
 5574  0 
 5575  0 
 5576  0 
 5577  0 
 5578  0 
 5579  0 
 5580  0 
 5581  0 
 5582  0 
 5583  0 
 5584  0 
 5585  0 
 5586  0 
 5587  0 
 5588  0 
 5589  0 
 5590  0 
 5591  0 
 5592  0 
 5593  0 
 5594  0 
 5595  0 
 5596  0 
 5597  0 
 5598  0 
 5599  0 
 5600  0 
 5601  0 
 5602  0 
 5603  0 
 5604  0 
 5605  0 
 5606  0 
 5607  0 
 5608  0 
 5609  0 
 5610  0 
 5611  0 
 5612  0 
 5613  0 
 5614  0 
 5615  0 
 5616  0 
 5617  0 
 5618  0 
 5619  0 
 5620  0 
 5621  0 
 5622  0 
 5623  0 
 5624  0 
 5625  0 
 5626  0 
 5627  0 
 5628  0 
 5629  0 
 5630  0 
 5631  0 
 5632  0 
 5633  0 
 5634  0 
 5635  0 
 5636  0 
 5637  0 
 5638  0 
 5639  0 
 5640  0 
 5641  0 
 5642  0 
 5643  0 
 5644  0 
 5645  0 
 5646  0 
 5647  0 
 5648  0 
 5649  0 
 5650  0 
 5651  0 
 5652  0 
 5653  0 
 5654  0 
 5655  0 
 5656  0 
 5657  0 
 5658  0 
 5659  0 
 5660  0 
 5661  0 
 5662  0 
 5663  0 
 5664  0 
 5665  0 
 5666  0 
 5667  0 
 5668  0 
 5669  0 
 5670  0 
 5671  0 
 5672  0 
 5673  0 
 5674  0 
 5675  0 
 5676  0 
 5677  0 
 5678  0 
 5679  0 
 5680  0 
 5681  0 
 5682  0 
 5683  0 
 5684  0 
 5685  0 
 5686  0 
 5687  0 
 5688  0 
 5689  0 
 5690  0 
 5691  0 
 5692  0 
 5693  0 
 5694  0 
 5695  0 
 5696  0 
 5697  0 
 5698  0 
 5699  0 
 5700  0 
 5701  0 
 5702  0 
 5703  0 
 5704  0 
 5705  0 
 5706  0 
 5707  0 
 5708  0 
 5709  0 
 5710  0 
 5711  0 
 5712  0 
 5713  0 
 5714  0 
 5715  0 
 5716  0 
 5717  0 
 5718  0 
 5719  0 
 5720  0 
 5721  0 
 5722  0 
 5723  0 
 5724  0 
 5725  0 
 5726  0 
 5727  0 
 5728  0 
 5729  0 
 5730  0 
 5731  0 
 5732  0 
 5733  0 
 5734  0 
 5735  0 
 5736  0 
 5737  0 
 5738  0 
 5739  0 
 5740  0 
 5741  0 
 5742  0 
 5743  0 
 5744  0 
 5745  0 
 5746  0 
 5747  0 
 5748  0 
 5749  0 
 5750  0 
 5751  0 
 5752  0 
 5753  0 
 5754  0 
 5755  0 
 5756  0 
 5757  0 
 5758  0 
 5759  0 
 5760  0 
 5761  0 
 5762  0 
 5763  0 
 5764  0 
 5765  0 
 5766  0 
 5767  0 
 5768  0 
 5769  0 
 5770  0 
 5771  0 
 5772  0 
 5773  0 
 5774  0 
 5775  0 
 5776  0 
 5777  0 
 5778  0 
 5779  0 
 5780  0 
 5781  0 
 5782  0 
 5783  0 
 5784  0 
 5785  0 
 5786  0 
 5787  0 
 5788  0 
 5789  0 
 5790  0 
 5791  0 
 5792  0 
 5793  0 
 5794  0 
 5795  0 
 5796  0 
 5797  0 
 5798  0 
 5799  0 
 5800  0 
 5801  0 
 5802  0 
 5803  0 
 5804  0 
 5805  0 
 5806  0 
 5807  0 
 5808  0 
 5809  0 
 5810  0 
 5811  0 
 5812  0 
 5813  0 
 5814  0 
 5815  0 
 5816  0 
 5817  0 
 5818  0 
 5819  0 
 5820  0 
 5821  0 
 5822  0 
 5823  0 
 5824  0 
 5825  0 
 5826  0 
 5827  0 
 5828  0 
 5829  0 
 5830  0 
 5831  0 
 5832  0 
 5833  0 
 5834  0 
 5835  0 
 5836  0 
 5837  0 
 5838  0 
 5839  0 
 5840  0 
 5841  0 
 5842  0 
 5843  0 
 5844  0 
 5845  0 
 5846  0 
 5847  0 
 5848  0 
 5849  0 
 5850  0 
 5851  0 
 5852  0 
 5853  0 
 5854  0 
 5855  0 
 5856  0 
 5857  0 
 5858  0 
 5859  0 
 5860  0 
 5861  0 
 5862  0 
 5863  0 
 5864  0 
 5865  0 
 5866  0 
 5867  0 
 5868  0 
 5869  0 
 5870  0 
 5871  0 
 5872  0 
 5873  0 
 5874  0 
 5875  0 
 5876  0 
 5877  0 
 5878  0 
 5879  0 
 5880  0 
 5881  0 
 5882  0 
 5883  0 
 5884  0 
 5885  0 
 5886  0 
 5887  0 
 5888  0 
 5889  0 
 5890  0 
 5891  0 
 5892  0 
 5893  0 
 5894  0 
 5895  0 
 5896  0 
 5897  0 
 5898  0 
 5899  0 
 5900  0 
 5901  0 
 5902  0 
 5903  0 
 5904  0 
 5905  0 
 5906  0 
 5907  0 
 5908  0 
 5909  0 
 5910  0 
 5911  0 
 5912  0 
 5913  0 
 5914  0 
 5915  0 
 5916  0 
 5917  0 
 5918  0 
 5919  0 
 5920  0 
 5921  0 
 5922  0 
 5923  0 
 5924  0 
 5925  0 
 5926  0 
 5927  0 
 5928  0 
 5929  0 
 5930  0 
 5931  0 
 5932  0 
 5933  0 
 5934  0 
 5935  0 
 5936  0 
 5937  0 
 5938  0 
 5939  0 
 5940  0 
 5941  0 
 5942  0 
 5943  0 
 5944  0 
 5945  0 
 5946  0 
 5947  0 
 5948  0 
 5949  0 
 5950  0 
 5951  0 
 5952  0 
 5953  0 
 5954  0 
 5955  0 
 5956  0 
 5957  0 
 5958  0 
 5959  0 
 5960  0 
 5961  0 
 5962  0 
 5963  0 
 5964  0 
 5965  0 
 5966  0 
 5967  0 
 5968  0 
 5969  0 
 5970  0 
 5971  0 
 5972  0 
 5973  0 
 5974  0 
 5975  0 
 5976  0 
 5977  0 
 5978  0 
 5979  0 
 5980  0 
 5981  0 
 5982  0 
 5983  0 
 5984  0 
 5985  0 
 5986  0 
 5987  0 
 5988  0 
 5989  0 
 5990  0 
 5991  0 
 5992  0 
 5993  0 
 5994  0 
 5995  0 
 5996  0 
 5997  0 
 5998  0 
 5999  0 
 6000  0 
 6001  0 
 6002  0 
 6003  0 
 6004  0 
 6005  0 
 6006  0 
 6007  0 
 6008  0 
 6009  0 
 6010  0 
 6011  0 
 6012  0 
 6013  0 
 6014  0 
 6015  0 
 6016  0 
 6017  0 
 6018  0 
 6019  0 
 6020  0 
 6021  0 
 6022  0 
 6023  0 
 6024  0 
 6025  0 
 6026  0 
 6027  0 
 6028  0 
 6029  0 
 6030  0 
 6031  0 
 6032  0 
 6033  0 
 6034  0 
 6035  0 
 6036  0 
 6037  0 
 6038  0 
 6039  0 
 6040  0 
 6041  0 
 6042  0 
 6043  0 
 6044  0 
 6045  0 
 6046  0 
 6047  0 
 6048  0 
 6049  0 
 6050  0 
 6051  0 
 6052  0 
 6053  0 
 6054  0 
 6055  0 
 6056  0 
 6057  0 
 6058  0 
 6059  0 
 6060  0 
 6061  0 
 6062  0 
 6063  0 
 6064  0 
 6065  0 
 6066  0 
 6067  0 
 6068  0 
 6069  0 
 6070  0 
 6071  0 
 6072  0 
 6073  0 
 6074  0 
 6075  0 
 6076  0 
 6077  0 
 6078  0 
 6079  0 
 6080  0 
 6081  0 
 6082  0 
 6083  0 
 6084  0 
 6085  0 
 6086  0 
 6087  0 
 6088  0 
 6089  0 
 6090  0 
 6091  0 
 6092  0 
 6093  0 
 6094  0 
 6095  0 
 6096  0 
 6097  0 
 6098  0 
 6099  0 
 6100  0 
 6101  0 
 6102  0 
 6103  0 
 6104  0 
 6105  0 
 6106  0 
 6107  0 
 6108  0 
 6109  0 
 6110  0 
 6111  0 
 6112  0 
 6113  0 
 6114  0 
 6115  0 
 6116  0 
 6117  0 
 6118  0 
 6119  0 
 6120  0 
 6121  0 
 6122  0 
 6123  0 
 6124  0 
 6125  0 
 6126  0 
 6127  0 
 6128  0 
 6129  0 
 6130  0 
 6131  0 
 6132  0 
 6133  0 
 6134  0 
 6135  0 
 6136  0 
 6137  0 
 6138  0 
 6139  0 
 6140  0 
 6141  0 
 6142  0 
 6143  0 
 6144  0 
 6145  0 
 6146  0 
 6147  0 
 6148  0 
 6149  0 
 6150  0 
 6151  0 
 6152  0 
 6153  0 
 6154  0 
 6155  0 
 6156  0 
 6157  0 
 6158  0 
 6159  0 
 6160  0 
 6161  0 
 6162  0 
 6163  0 
 6164  0 
 6165  0 
 6166  0 
 6167  0 
 6168  0 
 6169  0 
 6170  0 
 6171  0 
 6172  0 
 6173  0 
 6174  0 
 6175  0 
 6176  0 
 6177  0 
 6178  0 
 6179  0 
 6180  0 
 6181  0 
 6182  0 
 6183  0 
 6184  0 
 6185  0 
 6186  0 
 6187  0 
 6188  0 
 6189  0 
 6190  0 
 6191  0 
 6192  0 
 6193  0 
 6194  0 
 6195  0 
 6196  0 
 6197  0 
 6198  0 
 6199  0 
 6200  0 
 6201  0 
 6202  0 
 6203  0 
 6204  0 
 6205  0 
 6206  0 
 6207  0 
 6208  0 
 6209  0 
 6210  0 
 6211  0 
 6212  0 
 6213  0 
 6214  0 
 6215  0 
 6216  0 
 6217  0 
 6218  0 
 6219  0 
 6220  0 
 6221  0 
 6222  0 
 6223  0 
 6224  0 
 6225  0 
 6226  0 
 6227  0 
 6228  0 
 6229  0 
 6230  0 
 6231  0 
 6232  0 
 6233  0 
 6234  0 
 6235  0 
 6236  0 
 6237  0 
 6238  0 
 6239  0 
 6240  0 
 6241  0 
 6242  0 
 6243  0 
 6244  0 
 6245  0 
 6246  0 
 6247  0 
 6248  0 
 6249  0 
 6250  0 
 6251  0 
 6252  0 
 6253  0 
 6254  0 
 6255  0 
 6256  0 
 6257  0 
 6258  0 
 6259  0 
 6260  0 
 6261  0 
 6262  0 
 6263  0 
 6264  0 
 6265  0 
 6266  0 
 6267  0 
 6268  0 
 6269  0 
 6270  0 
 6271  0 
 6272  0 
 6273  0 
 6274  0 
 6275  0 
 6276  0 
 6277  0 
 6278  0 
 6279  0 
 6280  0 
 6281  0 
 6282  0 
 6283  0 
 6284  0 
 6285  0 
 6286  0 
 6287  0 
 6288  0 
 6289  0 
 6290  0 
 6291  0 
 6292  0 
 6293  0 
 6294  0 
 6295  0 
 6296  0 
 6297  0 
 6298  0 
 6299  0 
 6300  0 
 6301  0 
 6302  1 
 6303  0 
 6304  0 
 6305  0 
 6306  0 
 6307  0 
 6308  0 
 6309  0 
 6310  0 
 6311  0 
 6312  0 
 6313  0 
 6314  0 
 6315  0 
 6316  0 
 6317  0 
 6318  0 
 6319  0 
 6320  0 
 6321  0 
 6322  0 
 6323  0 
 6324  1 
 6325  0 
 6326  0 
 6327  0 
 6328  0 
 6329  0 
 6330  0 
 6331  0 
 6332  0 
 6333  0 
 6334  0 
 6335  0 
 6336  0 
 6337  0 
 6338  0 
 6339  0 
 6340  0 
 6341  0 
 6342  0 
 6343  0 
 6344  0 
 6345  0 
 6346  0 
 6347  1 
 6348  0 
 6349  0 
 6350  0 
 6351  0 
 6352  0 
 6353  0 
 6354  0 
 6355  0 
 6356  0 
 6357  0 
 6358  0 
 6359  0 
 6360  1 
 6361  0 
 6362  0 
 6363  0 
 6364  0 
 6365  0 
 6366  1 
 6367  0 
 6368  0 
 6369  0 
 6370  0 
 6371  0 
 6372  0 
 6373  2 
 6374  0 
 6375  0 
 6376  1 
 6377  0 
 6378  0 
 6379  0 
 6380  0 
 6381  0 
 6382  0 
 6383  1 
 6384  0 
 6385  0 
 6386  0 
 6387  0 
 6388  0 
 6389  0 
 6390  1 
 6391  0 
 6392  1 
 6393  1 
 6394  0 
 6395  0 
 6396  1 
 6397  0 
 6398  0 
 6399  2 
 6400  0 
 6401  0 
 6402  0 
 6403  0 
 6404  0 
 6405  2 
 6406  0 
 6407  0 
 6408  0 
 6409  0 
 6410  0 
 6411  0 
 6412  0 
 6413  1 
 6414  0 
 6415  0 
 6416  0 
 6417  0 
 6418  0 
 6419  0 
 6420  0 
 6421  0 
 6422  0 
 6423  0 
 6424  0 
 6425  0 
 6426  0 
 6427  0 
 6428  0 
 6429  0 
 6430  0 
 6431  0 
 6432  0 
 6433  0 
 6434  0 
 6435  0 
 6436  0 
 6437  0 
 6438  1 
 6439  0 
 6440  0 
 6441  1 
 6442  0 
 6443  0 
 6444  1 
 6445  0 
 6446  0 
 6447  1 
 6448  0 
 6449  0 
 6450  0 
 6451  0 
 6452  0 
 6453  1 
 6454  0 
 6455  0 
 6456  0 
 6457  0 
 6458  0 
 6459  0 
 6460  0 
 6461  0 
 6462  0 
 6463  2 
 6464  0 
 6465  0 
 6466  0 
 6467  0 
 6468  0 
 6469  0 
 6470  2 
 6471  1 
 6472  1 
 6473  0 
 6474  1 
 6475  0 
 6476  1 
 6477  0 
 6478  0 
 6479  0 
 6480  0 
 6481  0 
 6482  1 
 6483  0 
 6484  0 
 6485  0 
 6486  1 
 6487  1 
 6488  0 
 6489  0 
 6490  0 
 6491  0 
 6492  0 
 6493  0 
 6494  0 
 6495  0 
 6496  0 
 6497  2 
 6498  0 
 6499  0 
 6500  0 
 6501  0 
 6502  0 
 6503  0 
 6504  0 
 6505  0 
 6506  0 
 6507  0 
 6508  1 
 6509  1 
 6510  0 
 6511  0 
 6512  0 
 6513  0 
 6514  0 
 6515  0 
 6516  0 
 6517  0 
 6518  0 
 6519  1 
 6520  0 
 6521  0 
 6522  0 
 6523  1 
 6524  0 
 6525  1 
 6526  0 
 6527  0 
 6528  0 
 6529  0 
 6530  0 
 6531  0 
 6532  0 
 6533  0 
 6534  0 
 6535  0 
 6536  0 
 6537  0 
 6538  1 
 6539  0 
 6540  0 
 6541  0 
 6542  0 
 6543  0 
 6544  0 
 6545  0 
 6546  0 
 6547  2 
 6548  0 
 6549  1 
 6550  0 
 6551  0 
 6552  0 
 6553  0 
 6554  0 
 6555  0 
 6556  0 
 6557  0 
 6558  0 
 6559  0 
 6560  0 
 6561  1 
 6562  0 
 6563  0 
 6564  0 
 6565  0 
 6566  0 
 6567  0 
 6568  0 
 6569  0 
 6570  0 
 6571  0 
 6572  0 
 6573  0 
 6574  0 
 6575  0 
 6576  0 
 6577  0 
 6578  0 
 6579  0 
 6580  0 
 6581  0 
 6582  0 
 6583  0 
 6584  0 
 6585  0 
 6586  0 
 6587  0 
 6588  0 
 6589  0 
 6590  0 
 6591  0 
 6592  0 
 6593  0 
 6594  0 
 6595  0 
 6596  0 
 6597  0 
 6598  0 
 6599  0 
 6600  0 
 6601  0 
 6602  0 
 6603  0 
 6604  0 
 6605  0 
 6606  0 
 6607  0 
 6608  0 
 6609  0 
 6610  0 
 6611  0 
 6612  0 
 6613  0 
 6614  0 
 6615  0 
 6616  0 
 6617  0 
 6618  0 
 6619  0 
 6620  0 
 6621  0 
 6622  0 
 6623  0 
 6624  0 
 6625  0 
 6626  0 
 6627  0 
 6628  0 
 6629  0 
 6630  0 
 6631  0 
 6632  0 
 6633  0 
 6634  0 
 6635  0 
 6636  0 
 6637  0 
 6638  0 
 6639  0 
 6640  0 
 6641  0 
 6642  0 
 6643  0 
 6644  0 
 6645  0 
 6646  0 
 6647  0 
 6648  0 
 6649  0 
 6650  0 
 6651  0 
 6652  0 
 6653  0 
 6654  0 
 6655  0 
 6656  0 
 6657  0 
 6658  0 
 6659  0 
 6660  0 
 6661  0 
 6662  0 
 6663  0 
 6664  0 
 6665  0 
 6666  0 
 6667  0 
 6668  0 
 6669  0 
 6670  0 
 6671  0 
 6672  0 
 6673  0 
 6674  0 
 6675  0 
 6676  0 
 6677  0 
 6678  0 
 6679  0 
 6680  0 
 6681  0 
 6682  0 
 6683  0 
 6684  0 
 6685  0 
 6686  0 
 6687  0 
 6688  0 
 6689  0 
 6690  0 
 6691  0 
 6692  0 
 6693  0 
 6694  0 
 6695  0 
 6696  0 
 6697  0 
 6698  0 
 6699  0 
 6700  0 
 6701  0 
 6702  0 
 6703  0 
 6704  0 
 6705  0 
 6706  0 
 6707  0 
 6708  0 
 6709  0 
 6710  0 
 6711  0 
 6712  0 
 6713  0 
 6714  0 
 6715  0 
 6716  0 
 6717  0 
 6718  0 
 6719  0 
 6720  0 
 6721  0 
 6722  0 
 6723  0 
 6724  0 
 6725  0 
 6726  0 
 6727  0 
 6728  0 
 6729  0 
 6730  0 
 6731  0 
 6732  0 
 6733  0 
 6734  0 
 6735  0 
 6736  0 
 6737  0 
 6738  0 
 6739  0 
 6740  0 
 6741  0 
 6742  0 
 6743  0 
 6744  0 
 6745  0 
 6746  0 
 6747  0 
 6748  0 
 6749  0 
 6750  0 
 6751  0 
 6752  0 
 6753  0 
 6754  0 
 6755  0 
 6756  0 
 6757  0 
 6758  0 
 6759  0 
 6760  0 
 6761  0 
 6762  0 
 6763  0 
 6764  0 
 6765  0 
 6766  0 
 6767  0 
 6768  0 
 6769  0 
 6770  0 
 6771  0 
 6772  0 
 6773  0 
 6774  0 
 6775  0 
 6776  0 
 6777  0 
 6778  0 
 6779  0 
 6780  0 
 6781  0 
 6782  0 
 6783  0 
 6784  0 
 6785  0 
 6786  0 
 6787  0 
 6788  0 
 6789  0 
 6790  0 
 6791  0 
 6792  0 
 6793  0 
 6794  0 
 6795  0 
 6796  0 
 6797  0 
 6798  0 
 6799  0 
 6800  0 
 6801  0 
 6802  0 
 6803  0 
 6804  0 
 6805  0 
 6806  0 
 6807  0 
 6808  0 
 6809  0 
 6810  0 
 6811  0 
 6812  0 
 6813  0 
 6814  0 
 6815  0 
 6816  0 
 6817  0 
 6818  0 
 6819  0 
 6820  0 
 6821  0 
 6822  0 
 6823  0 
 6824  0 
 6825  0 
 6826  0 
 6827  0 
 6828  0 
 6829  0 
 6830  0 
 6831  0 
 6832  0 
 6833  0 
 6834  0 
 6835  0 
 6836  0 
 6837  0 
 6838  0 
 6839  0 
 6840  0 
 6841  0 
 6842  0 
 6843  0 
 6844  0 
 6845  0 
 6846  0 
 6847  0 
 6848  0 
 6849  0 
 6850  0 
 6851  0 
 6852  0 
 6853  0 
 6854  0 
 6855  0 
 6856  0 
 6857  0 
 6858  0 
 6859  0 
 6860  0 
 6861  0 
 6862  0 
 6863  0 
 6864  0 
 6865  0 
 6866  0 
 6867  0 
 6868  0 
 6869  0 
 6870  0 
 6871  0 
 6872  0 
 6873  0 
 6874  0 
 6875  0 
 6876  0 
 6877  0 
 6878  0 
 6879  0 
 6880  0 
 6881  0 
 6882  0 
 6883  0 
 6884  0 
 6885  0 
 6886  0 
 6887  0 
 6888  0 
 6889  0 
 6890  0 
 6891  0 
 6892  0 
 6893  0 
 6894  0 
 6895  0 
 6896  0 
 6897  0 
 6898  0 
 6899  0 
 6900  0 
 6901  0 
 6902  0 
 6903  0 
 6904  0 
 6905  0 
 6906  0 
 6907  0 
 6908  0 
 6909  0 
 6910  0 
 6911  0 
 6912  0 
 6913  0 
 6914  0 
 6915  0 
 6916  0 
 6917  0 
 6918  0 
 6919  0 
 6920  0 
 6921  0 
 6922  0 
 6923  0 
 6924  0 
 6925  0 
 6926  0 
 6927  0 
 6928  0 
 6929  0 
 6930  0 
 6931  0 
 6932  0 
 6933  0 
 6934  0 
 6935  0 
 6936  0 
 6937  0 
 6938  0 
 6939  0 
 6940  0 
 6941  0 
 6942  0 
 6943  0 
 6944  0 
 6945  0 
 6946  0 
 6947  0 
 6948  0 
 6949  0 
 6950  0 
 6951  0 
 6952  0 
 6953  0 
 6954  0 
 6955  0 
 6956  0 
 6957  0 
 6958  0 
 6959  0 
 6960  0 
 6961  0 
 6962  0 
 6963  0 
 6964  0 
 6965  0 
 6966  0 
 6967  0 
 6968  0 
 6969  0 
 6970  0 
 6971  0 
 6972  0 
 6973  0 
 6974  0 
 6975  0 
 6976  0 
 6977  0 
 6978  0 
 6979  0 
 6980  0 
 6981  0 
 6982  0 
 6983  0 
 6984  0 
 6985  0 
 6986  0 
 6987  0 
 6988  0 
 6989  0 
 6990  0 
 6991  0 
 6992  0 
 6993  0 
 6994  0 
 6995  0 
 6996  0 
 6997  0 
 6998  0 
 6999  0 
 7000  0 
 7001  0 
 7002  0 
 7003  0 
 7004  0 
 7005  0 
 7006  0 
 7007  0 
 7008  0 
 7009  0 
 7010  0 
 7011  0 
 7012  0 
 7013  0 
 7014  0 
 7015  0 
 7016  0 
 7017  0 
 7018  0 
 7019  0 
 7020  0 
 7021  0 
 7022  0 
 7023  0 
 7024  0 
 7025  0 
 7026  0 
 7027  0 
 7028  0 
 7029  0 
 7030  0 
 7031  0 
 7032  0 
 7033  0 
 7034  0 
 7035  0 
 7036  0 
 7037  0 
 7038  0 
 7039  0 
 7040  0 
 7041  0 
 7042  0 
 7043  0 
 7044  0 
 7045  0 
 7046  0 
 7047  0 
 7048  0 
 7049  0 
 7050  0 
 7051  0 
 7052  0 
 7053  0 
 7054  0 
 7055  0 
 7056  0 
 7057  0 
 7058  0 
 7059  0 
 7060  0 
 7061  0 
 7062  0 
 7063  0 
 7064  0 
 7065  0 
 7066  0 
 7067  0 
 7068  0 
 7069  0 
 7070  0 
 7071  0 
 7072  0 
 7073  0 
 7074  0 
 7075  0 
 7076  0 
 7077  0 
 7078  0 
 7079  0 
 7080  0 
 7081  0 
 7082  0 
 7083  0 
 7084  0 
 7085  0 
 7086  0 
 7087  0 
 7088  0 
 7089  0 
 7090  0 
 7091  0 
 7092  0 
 7093  0 
 7094  0 
 7095  0 
 7096  0 
 7097  0 
 7098  0 
 7099  0 
 7100  0 
 7101  0 
 7102  0 
 7103  0 
 7104  0 
 7105  0 
 7106  0 
 7107  0 
 7108  0 
 7109  0 
 7110  0 
 7111  0 
 7112  0 
 7113  0 
 7114  0 
 7115  0 
 7116  0 
 7117  0 
 7118  0 
 7119  0 
 7120  0 
 7121  0 
 7122  0 
 7123  0 
 7124  0 
 7125  0 
 7126  0 
 7127  0 
 7128  0 
 7129  0 
 7130  0 
 7131  0 
 7132  0 
 7133  0 
 7134  0 
 7135  0 
 7136  0 
 7137  0 
 7138  0 
 7139  0 
 7140  0 
 7141  0 
 7142  0 
 7143  0 
 7144  0 
 7145  0 
 7146  0 
 7147  0 
 7148  0 
 7149  0 
 7150  0 
 7151  0 
 7152  0 
 7153  0 
 7154  0 
 7155  0 
 7156  0 
 7157  0 
 7158  0 
 7159  0 
 7160  0 
 7161  0 
 7162  0 
 7163  0 
 7164  0 
 7165  0 
 7166  0 
 7167  0 
 7168  0 
 7169  0 
 7170  0 
 7171  0 
 7172  0 
 7173  0 
 7174  0 
 7175  0 
 7176  0 
 7177  0 
 7178  0 
 7179  0 
 7180  0 
 7181  0 
 7182  0 
 7183  0 
 7184  0 
 7185  0 
 7186  0 
 7187  0 
 7188  0 
 7189  0 
 7190  0 
 7191  0 
 7192  0 
 7193  0 
 7194  0 
 7195  0 
 7196  0 
 7197  0 
 7198  0 
 7199  0 
 7200  0 
 7201  0 
 7202  0 
 7203  0 
 7204  0 
 7205  0 
 7206  0 
 7207  0 
 7208  0 
 7209  0 
 7210  0 
 7211  0 
 7212  0 
 7213  0 
 7214  0 
 7215  0 
 7216  0 
 7217  0 
 7218  0 
 7219  0 
 7220  0 
 7221  0 
 7222  0 
 7223  0 
 7224  0 
 7225  0 
 7226  0 
 7227  0 
 7228  0 
 7229  0 
 7230  0 
 7231  0 
 7232  0 
 7233  0 
 7234  0 
 7235  0 
 7236  0 
 7237  0 
 7238  0 
 7239  0 
 7240  0 
 7241  0 
 7242  0 
 7243  0 
 7244  0 
 7245  0 
 7246  0 
 7247  0 
 7248  0 
 7249  0 
 7250  0 
 7251  0 
 7252  0 
 7253  0 
 7254  0 
 7255  0 
 7256  0 
 7257  0 
 7258  0 
 7259  0 
 7260  0 
 7261  0 
 7262  0 
 7263  0 
 7264  0 
 7265  0 
 7266  0 
 7267  0 
 7268  0 
 7269  0 
 7270  0 
 7271  0 
 7272  0 
 7273  0 
 7274  0 
 7275  0 
 7276  0 
 7277  0 
 7278  0 
 7279  0 
 7280  0 
 7281  0 
 7282  0 
 7283  0 
 7284  0 
 7285  0 
 7286  0 
 7287  0 
 7288  0 
 7289  0 
 7290  0 
 7291  0 
 7292  0 
 7293  0 
 7294  0 
 7295  0 
 7296  0 
 7297  0 
 7298  0 
 7299  0 
 7300  0 
 7301  0 
 7302  0 
 7303  0 
 7304  0 
 7305  0 
 7306  0 
 7307  0 
 7308  0 
 7309  0 
 7310  0 
 7311  0 
 7312  0 
 7313  0 
 7314  0 
 7315  0 
 7316  0 
 7317  0 
 7318  0 
 7319  0 
 7320  0 
 7321  0 
 7322  0 
 7323  0 
 7324  0 
 7325  0 
 7326  0 
 7327  0 
 7328  0 
 7329  0 
 7330  0 
 7331  0 
 7332  0 
 7333  0 
 7334  0 
 7335  0 
 7336  0 
 7337  0 
 7338  0 
 7339  0 
 7340  0 
 7341  0 
 7342  0 
 7343  0 
 7344  0 
 7345  0 
 7346  0 
 7347  0 
 7348  0 
 7349  0 
 7350  0 
 7351  0 
 7352  0 
 7353  0 
 7354  0 
 7355  0 
 7356  0 
 7357  0 
 7358  0 
 7359  0 
 7360  0 
 7361  0 
 7362  0 
 7363  0 
 7364  0 
 7365  0 
 7366  0 
 7367  0 
 7368  0 
 7369  0 
 7370  0 
 7371  0 
 7372  0 
 7373  0 
 7374  0 
 7375  0 
 7376  0 
 7377  0 
 7378  0 
 7379  0 
 7380  0 
 7381  0 
 7382  0 
 7383  0 
 7384  0 
 7385  0 
 7386  0 
 7387  0 
 7388  0 
 7389  0 
 7390  0 
 7391  0 
 7392  0 
 7393  0 
 7394  0 
 7395  0 
 7396  0 
 7397  0 
 7398  0 
 7399  0 
 7400  0 
 7401  0 
 7402  0 
 7403  0 
 7404  0 
 7405  0 
 7406  0 
 7407  0 
 7408  0 
 7409  0 
 7410  0 
 7411  0 
 7412  0 
 7413  0 
 7414  0 
 7415  0 
 7416  0 
 7417  0 
 7418  0 
 7419  0 
 7420  0 
 7421  0 
 7422  0 
 7423  0 
 7424  0 
 7425  0 
 7426  0 
 7427  0 
 7428  0 
 7429  0 
 7430  0 
 7431  0 
 7432  0 
 7433  0 
 7434  0 
 7435  0 
 7436  0 
 7437  0 
 7438  0 
 7439  0 
 7440  0 
 7441  0 
 7442  0 
 7443  0 
 7444  0 
 7445  0 
 7446  0 
 7447  0 
 7448  0 
 7449  0 
 7450  0 
 7451  0 
 7452  0 
 7453  0 
 7454  0 
 7455  0 
 7456  0 
 7457  0 
 7458  0 
 7459  0 
 7460  0 
 7461  0 
 7462  0 
 7463  0 
 7464  0 
 7465  0 
 7466  0 
 7467  0 
 7468  0 
 7469  0 
 7470  0 
 7471  0 
 7472  0 
 7473  0 
 7474  0 
 7475  0 
 7476  0 
 7477  0 
 7478  0 
 7479  0 
 7480  0 
 7481  0 
 7482  0 
 7483  0 
 7484  0 
 7485  0 
 7486  0 
 7487  0 
 7488  0 
 7489  0 
 7490  0 
 7491  0 
 7492  0 
 7493  0 
 7494  0 
 7495  0 
 7496  0 
 7497  0 
 7498  0 
 7499  0 
 7500  0 
 7501  0 
 7502  0 
 7503  0 
 7504  0 
 7505  0 
 7506  0 
 7507  0 
 7508  0 
 7509  0 
 7510  0 
 7511  0 
 7512  0 
 7513  0 
 7514  0 
 7515  0 
 7516  0 
 7517  0 
 7518  0 
 7519  0 
 7520  0 
 7521  0 
 7522  0 
 7523  0 
 7524  0 
 7525  0 
 7526  0 
 7527  0 
 7528  0 
 7529  0 
 7530  0 
 7531  0 
 7532  0 
 7533  0 
 7534  0 
 7535  0 
 7536  0 
 7537  0 
 7538  0 
 7539  0 
 7540  0 
 7541  0 
 7542  0 
 7543  0 
 7544  0 
 7545  0 
 7546  0 
 7547  0 
 7548  0 
 7549  0 
 7550  0 
 7551  0 
 7552  0 
 7553  0 
 7554  0 
 7555  0 
 7556  0 
 7557  0 
 7558  0 
 7559  0 
 7560  0 
 7561  0 
 7562  0 
 7563  0 
 7564  0 
 7565  0 
 7566  0 
 7567  0 
 7568  0 
 7569  0 
 7570  0 
 7571  0 
 7572  0 
 7573  0 
 7574  0 
 7575  0 
 7576  0 
 7577  0 
 7578  0 
 7579  0 
 7580  0 
 7581  0 
 7582  0 
 7583  0 
 7584  0 
 7585  0 
 7586  0 
 7587  0 
 7588  0 
 7589  0 
 7590  0 
 7591  0 
 7592  0 
 7593  0 
 7594  0 
 7595  0 
 7596  0 
 7597  0 
 7598  0 
 7599  0 
 7600  0 
 7601  0 
 7602  0 
 7603  0 
 7604  0 
 7605  0 
 7606  0 
 7607  0 
 7608  0 
 7609  0 
 7610  0 
 7611  0 
 7612  0 
 7613  0 
 7614  0 
 7615  0 
 7616  0 
 7617  0 
 7618  0 
 7619  0 
 7620  0 
 7621  0 
 7622  0 
 7623  0 
 7624  0 
 7625  0 
 7626  0 
 7627  0 
 7628  0 
 7629  0 
 7630  0 
 7631  0 
 7632  0 
 7633  0 
 7634  0 
 7635  0 
 7636  0 
 7637  0 
 7638  0 
 7639  0 
 7640  0 
 7641  0 
 7642  0 
 7643  0 
 7644  0 
 7645  0 
 7646  0 
 7647  0 
 7648  0 
 7649  0 
 7650  0 
 7651  0 
 7652  0 
 7653  0 
 7654  0 
 7655  0 
 7656  0 
 7657  0 
 7658  0 
 7659  0 
 7660  0 
 7661  0 
 7662  0 
 7663  0 
 7664  0 
 7665  0 
 7666  0 
 7667  0 
 7668  0 
 7669  0 
 7670  0 
 7671  0 
 7672  0 
 7673  0 
 7674  0 
 7675  0 
 7676  0 
 7677  0 
 7678  0 
 7679  0 
 7680  0 
 7681  0 
 7682  0 
 7683  0 
 7684  0 
 7685  0 
 7686  0 
 7687  0 
 7688  0 
 7689  0 
 7690  0 
 7691  0 
 7692  0 
 7693  0 
 7694  0 
 7695  0 
 7696  0 
 7697  0 
 7698  0 
 7699  0 
 7700  0 
 7701  0 
 7702  0 
 7703  0 
 7704  0 
 7705  0 
 7706  0 
 7707  0 
 7708  0 
 7709  0 
 7710  0 
 7711  0 
 7712  0 
 7713  0 
 7714  0 
 7715  0 
 7716  0 
 7717  0 
 7718  0 
 7719  0 
 7720  0 
 7721  0 
 7722  0 
 7723  0 
 7724  0 
 7725  0 
 7726  0 
 7727  0 
 7728  0 
 7729  0 
 7730  0 
 7731  0 
 7732  0 
 7733  0 
 7734  0 
 7735  0 
 7736  0 
 7737  0 
 7738  0 
 7739  0 
 7740  0 
 7741  0 
 7742  0 
 7743  0 
 7744  0 
 7745  0 
 7746  0 
 7747  0 
 7748  0 
 7749  0 
 7750  0 
 7751  0 
 7752  0 
 7753  0 
 7754  0 
 7755  0 
 7756  0 
 7757  0 
 7758  0 
 7759  0 
 7760  0 
 7761  0 
 7762  0 
 7763  0 
 7764  0 
 7765  0 
 7766  0 
 7767  0 
 7768  0 
 7769  0 
 7770  0 
 7771  0 
 7772  0 
 7773  0 
 7774  0 
 7775  0 
 7776  0 
 7777  0 
 7778  0 
 7779  0 
 7780  0 
 7781  0 
 7782  0 
 7783  0 
 7784  0 
 7785  0 
 7786  0 
 7787  0 
 7788  0 
 7789  0 
 7790  0 
 7791  0 
 7792  0 
 7793  0 
 7794  0 
 7795  0 
 7796  0 
 7797  0 
 7798  0 
 7799  0 
 7800  0 
 7801  0 
 7802  0 
 7803  0 
 7804  0 
 7805  0 
 7806  0 
 7807  0 
 7808  0 
 7809  0 
 7810  0 
 7811  0 
 7812  0 
 7813  0 
 7814  0 
 7815  0 
 7816  0 
 7817  0 
 7818  0 
 7819  1 
 7820  0 
 7821  0 
 7822  0 
 7823  0 
 7824  0 
 7825  0 
 7826  0 
 7827  0 
 7828  0 
 7829  0 
 7830  0 
 7831  0 
 7832  0 
 7833  0 
 7834  0 
 7835  0 
 7836  0 
 7837  0 
 7838  0 
 7839  0 
 7840  0 
 7841  0 
 7842  0 
 7843  0 
 7844  0 
 7845  0 
 7846  0 
 7847  0 
 7848  0 
 7849  0 
 7850  0 
 7851  0 
 7852  0 
 7853  0 
 7854  0 
 7855  0 
 7856  0 
 7857  0 
 7858  0 
 7859  0 
 7860  0 
 7861  0 
 7862  0 
 7863  0 
 7864  0 
 7865  0 
 7866  0 
 7867  0 
 7868  0 
 7869  0 
 7870  0 
 7871  0 
 7872  2 
 7873  0 
 7874  0 
 7875  0 
 7876  0 
 7877  0 
 7878  0 
 7879  1 
 7880  0 
 7881  0 
 7882  0 
 7883  0 
 7884  0 
 7885  0 
 7886  0 
 7887  0 
 7888  0 
 7889  0 
 7890  0 
 7891  0 
 7892  0 
 7893  0 
 7894  0 
 7895  0 
 7896  0 
 7897  0 
 7898  0 
 7899  0 
 7900  0 
 7901  0 
 7902  0 
 7903  0 
 7904  0 
 7905  0 
 7906  0 
 7907  0 
 7908  0 
 7909  0 
 7910  0 
 7911  0 
 7912  0 
 7913  0 
 7914  0 
 7915  0 
 7916  0 
 7917  0 
 7918  0 
 7919  0 
 7920  0 
 7921  0 
 7922  0 
 7923  0 
 7924  0 
 7925  0 
 7926  0 
 7927  0 
 7928  0 
 7929  0 
 7930  0 
 7931  0 
 7932  0 
 7933  0 
 7934  0 
 7935  0 
 7936  0 
 7937  0 
 7938  0 
 7939  0 
 7940  0 
 7941  0 
 7942  0 
 7943  0 
 7944  0 
 7945  0 
 7946  0 
 7947  0 
 7948  0 
 7949  0 
 7950  0 
 7951  0 
 7952  0 
 7953  0 
 7954  0 
 7955  0 
 7956  0 
 7957  1 
 7958  0 
 7959  0 
 7960  0 
 7961  0 
 7962  0 
 7963  0 
 7964  0 
 7965  0 
 7966  0 
 7967  0 
 7968  0 
 7969  0 
 7970  0 
 7971  0 
 7972  0 
 7973  0 
 7974  0 
 7975  0 
 7976  0 
 7977  0 
 7978  0 
 7979  0 
 7980  0 
 7981  0 
 7982  0 
 7983  0 
 7984  0 
 7985  0 
 7986  0 
 7987  0 
 7988  0 
 7989  0 
 7990  0 
 7991  0 
 7992  0 
 7993  0 
 7994  0 
 7995  0 
 7996  0 
 7997  0 
 7998  0 
 7999  0 
 8000  0 
 8001  0 
 8002  0 
 8003  0 
 8004  0 
 8005  0 
 8006  0 
 8007  0 
 8008  0 
 8009  0 
 8010  0 
 8011  0 
 8012  0 
 8013  0 
 8014  0 
 8015  0 
 8016  0 
 8017  0 
 8018  0 
 8019  0 
 8020  0 
 8021  0 
 8022  0 
 8023  0 
 8024  0 
 8025  0 
 8026  0 
 8027  0 
 8028  0 
 8029  0 
 8030  0 
 8031  0 
 8032  0 
 8033  0 
 8034  0 
 8035  0 
 8036  0 
 8037  0 
 8038  0 
 8039  0 
 8040  0 
 8041  0 
 8042  0 
 8043  0 
 8044  0 
 8045  0 
 8046  0 
 8047  0 
 8048  0 
 8049  0 
 8050  0 
 8051  0 
 8052  0 
 8053  0 
 8054  0 
 8055  0 
 8056  0 
 8057  0 
 8058  0 
 8059  0 
 8060  0 
 8061  0 
 8062  0 
 8063  0 
 8064  0 
 8065  0 
 8066  0 
 8067  0 
 8068  0 
 8069  0 
 8070  0 
 8071  0 
 8072  0 
 8073  0 
 8074  0 
 8075  0 
 8076  0 
 8077  0 
 8078  0 
 8079  0 
 8080  0 
 8081  0 
 8082  0 
 8083  0 
 8084  0 
 8085  0 
 8086  0 
 8087  0 
 8088  0 
 8089  0 
 8090  0 
 8091  0 
 8092  0 
 8093  0 
 8094  0 
 8095  0 
 8096  0 
 8097  0 
 8098  0 
 8099  0 
 8100  0 
 8101  0 
 8102  0 
 8103  0 
 8104  0 
 8105  0 
 8106  0 
 8107  0 
 8108  0 
 8109  0 
 8110  0 
 8111  0 
 8112  0 
 8113  0 
 8114  0 
 8115  0 
 8116  0 
 8117  0 
 8118  0 
 8119  0 
 8120  0 
 8121  0 
 8122  0 
 8123  0 
 8124  0 
 8125  0 
 8126  0 
 8127  0 
 8128  0 
 8129  0 
 8130  0 
 8131  0 
 8132  0 
 8133  0 
 8134  0 
 8135  0 
 8136  0 
 8137  0 
 8138  0 
 8139  0 
 8140  0 
 8141  0 
 8142  0 
 8143  0 
 8144  0 
 8145  0 
 8146  0 
 8147  0 
 8148  0 
 8149  0 
 8150  0 
 8151  0 
 8152  0 
 8153  0 
 8154  0 
 8155  0 
 8156  0 
 8157  0 
 8158  0 
 8159  0 
 8160  0 
 8161  0 
 8162  0 
 8163  0 
 8164  0 
 8165  0 
 8166  0 
 8167  0 
 8168  0 
 8169  0 
 8170  0 
 8171  0 
 8172  0 
 8173  0 
 8174  0 
 8175  0 
 8176  0 
 8177  0 
 8178  0 
 8179  0 
 8180  0 
 8181  0 
 8182  0 
 8183  0 
 8184  0 
 8185  0 
 8186  0 
 8187  0 
 8188  0 
 8189  0 
 8190  0 
 8191  0 
