 0  1349 
 1  1371 
 2  0 
 3  0 
 4  0 
 5  0 
 6  0 
 7  0 
 8  0 
 9  0 
 10  0 
 11  0 
 12  0 
 13  0 
 14  0 
 15  0 
 16  0 
 17  0 
 18  0 
 19  0 
 20  0 
 21  0 
 22  0 
 23  0 
 24  0 
 25  0 
 26  0 
 27  0 
 28  0 
 29  0 
 30  0 
 31  0 
 32  0 
 33  0 
 34  0 
 35  0 
 36  0 
 37  0 
 38  0 
 39  0 
 40  0 
 41  0 
 42  0 
 43  0 
 44  0 
 45  0 
 46  0 
 47  0 
 48  0 
 49  0 
 50  0 
 51  0 
 52  0 
 53  0 
 54  0 
 55  0 
 56  0 
 57  0 
 58  0 
 59  0 
 60  0 
 61  0 
 62  0 
 63  0 
 64  0 
 65  0 
 66  0 
 67  0 
 68  0 
 69  0 
 70  0 
 71  0 
 72  0 
 73  0 
 74  0 
 75  0 
 76  0 
 77  0 
 78  0 
 79  0 
 80  0 
 81  0 
 82  0 
 83  0 
 84  0 
 85  0 
 86  0 
 87  0 
 88  0 
 89  0 
 90  0 
 91  0 
 92  0 
 93  0 
 94  0 
 95  0 
 96  0 
 97  0 
 98  0 
 99  0 
 100  0 
 101  0 
 102  0 
 103  0 
 104  0 
 105  0 
 106  0 
 107  0 
 108  0 
 109  0 
 110  0 
 111  0 
 112  0 
 113  0 
 114  0 
 115  0 
 116  0 
 117  0 
 118  0 
 119  0 
 120  0 
 121  0 
 122  0 
 123  0 
 124  0 
 125  0 
 126  0 
 127  0 
 128  0 
 129  0 
 130  0 
 131  0 
 132  0 
 133  0 
 134  0 
 135  0 
 136  0 
 137  0 
 138  0 
 139  0 
 140  0 
 141  0 
 142  0 
 143  0 
 144  0 
 145  0 
 146  0 
 147  0 
 148  0 
 149  0 
 150  0 
 151  0 
 152  0 
 153  0 
 154  0 
 155  0 
 156  0 
 157  0 
 158  0 
 159  0 
 160  0 
 161  0 
 162  0 
 163  0 
 164  0 
 165  0 
 166  0 
 167  0 
 168  0 
 169  0 
 170  0 
 171  0 
 172  0 
 173  0 
 174  0 
 175  0 
 176  0 
 177  0 
 178  0 
 179  0 
 180  0 
 181  0 
 182  0 
 183  0 
 184  0 
 185  0 
 186  0 
 187  0 
 188  0 
 189  0 
 190  0 
 191  0 
 192  0 
 193  0 
 194  0 
 195  0 
 196  0 
 197  0 
 198  0 
 199  0 
 200  0 
 201  0 
 202  0 
 203  0 
 204  0 
 205  0 
 206  0 
 207  0 
 208  0 
 209  0 
 210  0 
 211  0 
 212  0 
 213  0 
 214  0 
 215  0 
 216  0 
 217  0 
 218  0 
 219  0 
 220  0 
 221  0 
 222  0 
 223  0 
 224  0 
 225  0 
 226  0 
 227  0 
 228  0 
 229  0 
 230  0 
 231  0 
 232  0 
 233  0 
 234  0 
 235  0 
 236  0 
 237  0 
 238  0 
 239  0 
 240  0 
 241  0 
 242  0 
 243  0 
 244  0 
 245  0 
 246  0 
 247  1 
 248  0 
 249  2 
 250  3 
 251  12 
 252  199 
 253  455 
 254  443 
 255  394 
 256  442 
 257  446 
 258  437 
 259  448 
 260  423 
 261  450 
 262  416 
 263  432 
 264  400 
 265  427 
 266  410 
 267  431 
 268  452 
 269  449 
 270  468 
 271  425 
 272  415 
 273  443 
 274  464 
 275  385 
 276  420 
 277  442 
 278  448 
 279  444 
 280  420 
 281  438 
 282  406 
 283  418 
 284  425 
 285  425 
 286  443 
 287  425 
 288  423 
 289  457 
 290  473 
 291  440 
 292  429 
 293  448 
 294  436 
 295  423 
 296  427 
 297  454 
 298  477 
 299  440 
 300  427 
 301  481 
 302  463 
 303  459 
 304  447 
 305  482 
 306  442 
 307  516 
 308  462 
 309  501 
 310  466 
 311  490 
 312  481 
 313  494 
 314  489 
 315  487 
 316  458 
 317  542 
 318  480 
 319  502 
 320  452 
 321  487 
 322  506 
 323  497 
 324  512 
 325  534 
 326  518 
 327  503 
 328  529 
 329  505 
 330  538 
 331  513 
 332  513 
 333  537 
 334  544 
 335  569 
 336  545 
 337  577 
 338  535 
 339  551 
 340  532 
 341  565 
 342  555 
 343  584 
 344  599 
 345  571 
 346  566 
 347  565 
 348  592 
 349  614 
 350  608 
 351  598 
 352  588 
 353  638 
 354  600 
 355  629 
 356  658 
 357  620 
 358  621 
 359  642 
 360  639 
 361  618 
 362  666 
 363  689 
 364  661 
 365  685 
 366  662 
 367  709 
 368  630 
 369  646 
 370  699 
 371  686 
 372  676 
 373  722 
 374  725 
 375  701 
 376  677 
 377  734 
 378  714 
 379  714 
 380  734 
 381  750 
 382  718 
 383  715 
 384  720 
 385  717 
 386  750 
 387  765 
 388  751 
 389  770 
 390  762 
 391  783 
 392  785 
 393  781 
 394  790 
 395  767 
 396  779 
 397  810 
 398  799 
 399  790 
 400  789 
 401  811 
 402  776 
 403  822 
 404  795 
 405  886 
 406  832 
 407  833 
 408  821 
 409  850 
 410  821 
 411  864 
 412  836 
 413  883 
 414  839 
 415  833 
 416  923 
 417  886 
 418  896 
 419  849 
 420  896 
 421  888 
 422  899 
 423  863 
 424  835 
 425  870 
 426  884 
 427  868 
 428  935 
 429  931 
 430  856 
 431  891 
 432  868 
 433  897 
 434  899 
 435  889 
 436  902 
 437  909 
 438  918 
 439  948 
 440  931 
 441  910 
 442  918 
 443  875 
 444  907 
 445  940 
 446  914 
 447  955 
 448  909 
 449  942 
 450  931 
 451  936 
 452  927 
 453  921 
 454  921 
 455  929 
 456  1011 
 457  962 
 458  909 
 459  904 
 460  939 
 461  960 
 462  933 
 463  969 
 464  903 
 465  884 
 466  956 
 467  913 
 468  917 
 469  923 
 470  906 
 471  876 
 472  953 
 473  903 
 474  908 
 475  936 
 476  887 
 477  874 
 478  926 
 479  880 
 480  883 
 481  830 
 482  888 
 483  892 
 484  845 
 485  850 
 486  862 
 487  855 
 488  826 
 489  840 
 490  833 
 491  881 
 492  813 
 493  774 
 494  789 
 495  832 
 496  852 
 497  822 
 498  759 
 499  761 
 500  790 
 501  788 
 502  774 
 503  791 
 504  734 
 505  748 
 506  713 
 507  765 
 508  703 
 509  737 
 510  735 
 511  690 
 512  675 
 513  665 
 514  650 
 515  664 
 516  698 
 517  684 
 518  641 
 519  615 
 520  592 
 521  608 
 522  658 
 523  618 
 524  611 
 525  535 
 526  562 
 527  629 
 528  541 
 529  525 
 530  529 
 531  573 
 532  522 
 533  522 
 534  498 
 535  520 
 536  495 
 537  480 
 538  494 
 539  458 
 540  468 
 541  477 
 542  412 
 543  404 
 544  398 
 545  420 
 546  417 
 547  391 
 548  414 
 549  375 
 550  350 
 551  370 
 552  344 
 553  338 
 554  326 
 555  345 
 556  352 
 557  292 
 558  312 
 559  288 
 560  268 
 561  249 
 562  275 
 563  264 
 564  243 
 565  224 
 566  248 
 567  239 
 568  258 
 569  217 
 570  198 
 571  217 
 572  225 
 573  216 
 574  193 
 575  195 
 576  186 
 577  176 
 578  192 
 579  156 
 580  182 
 581  169 
 582  150 
 583  163 
 584  167 
 585  146 
 586  139 
 587  164 
 588  138 
 589  156 
 590  129 
 591  108 
 592  137 
 593  134 
 594  138 
 595  126 
 596  134 
 597  137 
 598  139 
 599  126 
 600  123 
 601  126 
 602  125 
 603  115 
 604  87 
 605  127 
 606  122 
 607  110 
 608  138 
 609  128 
 610  127 
 611  118 
 612  97 
 613  101 
 614  110 
 615  104 
 616  118 
 617  129 
 618  114 
 619  100 
 620  124 
 621  108 
 622  102 
 623  112 
 624  84 
 625  121 
 626  109 
 627  106 
 628  117 
 629  111 
 630  95 
 631  112 
 632  98 
 633  134 
 634  106 
 635  95 
 636  101 
 637  112 
 638  103 
 639  112 
 640  117 
 641  112 
 642  106 
 643  90 
 644  97 
 645  91 
 646  98 
 647  118 
 648  113 
 649  105 
 650  104 
 651  91 
 652  109 
 653  100 
 654  122 
 655  108 
 656  109 
 657  105 
 658  104 
 659  113 
 660  95 
 661  100 
 662  114 
 663  106 
 664  98 
 665  102 
 666  102 
 667  103 
 668  88 
 669  86 
 670  97 
 671  87 
 672  98 
 673  119 
 674  101 
 675  102 
 676  100 
 677  100 
 678  91 
 679  85 
 680  101 
 681  97 
 682  109 
 683  99 
 684  94 
 685  89 
 686  94 
 687  87 
 688  100 
 689  101 
 690  98 
 691  91 
 692  95 
 693  98 
 694  75 
 695  114 
 696  96 
 697  92 
 698  95 
 699  100 
 700  91 
 701  80 
 702  85 
 703  91 
 704  89 
 705  91 
 706  83 
 707  70 
 708  100 
 709  90 
 710  68 
 711  85 
 712  78 
 713  89 
 714  90 
 715  96 
 716  95 
 717  77 
 718  85 
 719  90 
 720  77 
 721  85 
 722  100 
 723  86 
 724  101 
 725  80 
 726  78 
 727  96 
 728  97 
 729  99 
 730  78 
 731  96 
 732  91 
 733  77 
 734  84 
 735  74 
 736  85 
 737  91 
 738  67 
 739  84 
 740  80 
 741  77 
 742  85 
 743  100 
 744  68 
 745  78 
 746  83 
 747  88 
 748  81 
 749  87 
 750  85 
 751  93 
 752  64 
 753  69 
 754  84 
 755  86 
 756  82 
 757  85 
 758  66 
 759  79 
 760  68 
 761  73 
 762  85 
 763  81 
 764  87 
 765  76 
 766  78 
 767  89 
 768  76 
 769  83 
 770  81 
 771  68 
 772  78 
 773  87 
 774  79 
 775  86 
 776  91 
 777  75 
 778  78 
 779  77 
 780  60 
 781  74 
 782  73 
 783  75 
 784  79 
 785  75 
 786  80 
 787  64 
 788  74 
 789  82 
 790  94 
 791  72 
 792  70 
 793  76 
 794  69 
 795  85 
 796  94 
 797  74 
 798  75 
 799  62 
 800  71 
 801  77 
 802  74 
 803  72 
 804  80 
 805  72 
 806  64 
 807  72 
 808  74 
 809  76 
 810  71 
 811  77 
 812  80 
 813  68 
 814  69 
 815  74 
 816  70 
 817  54 
 818  81 
 819  77 
 820  81 
 821  69 
 822  55 
 823  91 
 824  78 
 825  63 
 826  71 
 827  62 
 828  71 
 829  71 
 830  76 
 831  68 
 832  65 
 833  82 
 834  71 
 835  76 
 836  82 
 837  84 
 838  61 
 839  75 
 840  63 
 841  67 
 842  60 
 843  80 
 844  57 
 845  75 
 846  66 
 847  70 
 848  75 
 849  63 
 850  65 
 851  62 
 852  55 
 853  55 
 854  70 
 855  65 
 856  66 
 857  62 
 858  61 
 859  53 
 860  62 
 861  60 
 862  53 
 863  52 
 864  55 
 865  62 
 866  69 
 867  65 
 868  63 
 869  59 
 870  56 
 871  48 
 872  67 
 873  70 
 874  62 
 875  62 
 876  55 
 877  66 
 878  56 
 879  65 
 880  55 
 881  66 
 882  67 
 883  65 
 884  51 
 885  61 
 886  53 
 887  59 
 888  55 
 889  53 
 890  46 
 891  48 
 892  54 
 893  58 
 894  68 
 895  66 
 896  44 
 897  47 
 898  54 
 899  54 
 900  51 
 901  56 
 902  61 
 903  51 
 904  50 
 905  58 
 906  59 
 907  59 
 908  62 
 909  61 
 910  61 
 911  59 
 912  55 
 913  50 
 914  57 
 915  53 
 916  63 
 917  38 
 918  53 
 919  52 
 920  47 
 921  46 
 922  58 
 923  48 
 924  53 
 925  51 
 926  56 
 927  68 
 928  47 
 929  54 
 930  63 
 931  42 
 932  57 
 933  61 
 934  80 
 935  51 
 936  64 
 937  57 
 938  49 
 939  52 
 940  59 
 941  46 
 942  54 
 943  49 
 944  37 
 945  42 
 946  43 
 947  36 
 948  47 
 949  49 
 950  54 
 951  41 
 952  49 
 953  44 
 954  45 
 955  58 
 956  58 
 957  56 
 958  56 
 959  43 
 960  49 
 961  50 
 962  52 
 963  52 
 964  46 
 965  57 
 966  51 
 967  47 
 968  46 
 969  47 
 970  41 
 971  48 
 972  34 
 973  50 
 974  60 
 975  54 
 976  48 
 977  57 
 978  59 
 979  48 
 980  44 
 981  44 
 982  52 
 983  62 
 984  41 
 985  46 
 986  55 
 987  40 
 988  43 
 989  54 
 990  60 
 991  45 
 992  45 
 993  52 
 994  44 
 995  42 
 996  47 
 997  41 
 998  42 
 999  38 
 1000  51 
 1001  47 
 1002  49 
 1003  42 
 1004  51 
 1005  40 
 1006  47 
 1007  43 
 1008  58 
 1009  57 
 1010  49 
 1011  46 
 1012  40 
 1013  48 
 1014  39 
 1015  42 
 1016  41 
 1017  49 
 1018  47 
 1019  60 
 1020  50 
 1021  52 
 1022  55 
 1023  39 
 1024  44 
 1025  48 
 1026  38 
 1027  32 
 1028  40 
 1029  48 
 1030  48 
 1031  37 
 1032  36 
 1033  50 
 1034  40 
 1035  47 
 1036  43 
 1037  41 
 1038  56 
 1039  50 
 1040  44 
 1041  52 
 1042  42 
 1043  45 
 1044  55 
 1045  45 
 1046  33 
 1047  44 
 1048  47 
 1049  35 
 1050  39 
 1051  42 
 1052  44 
 1053  38 
 1054  32 
 1055  32 
 1056  33 
 1057  37 
 1058  38 
 1059  39 
 1060  52 
 1061  40 
 1062  49 
 1063  40 
 1064  49 
 1065  42 
 1066  33 
 1067  42 
 1068  47 
 1069  35 
 1070  42 
 1071  56 
 1072  39 
 1073  35 
 1074  42 
 1075  45 
 1076  39 
 1077  42 
 1078  44 
 1079  37 
 1080  35 
 1081  44 
 1082  47 
 1083  38 
 1084  40 
 1085  40 
 1086  54 
 1087  39 
 1088  51 
 1089  52 
 1090  38 
 1091  38 
 1092  40 
 1093  46 
 1094  36 
 1095  42 
 1096  39 
 1097  39 
 1098  45 
 1099  39 
 1100  43 
 1101  43 
 1102  45 
 1103  41 
 1104  34 
 1105  56 
 1106  36 
 1107  43 
 1108  42 
 1109  35 
 1110  36 
 1111  42 
 1112  49 
 1113  35 
 1114  41 
 1115  38 
 1116  45 
 1117  39 
 1118  40 
 1119  33 
 1120  38 
 1121  37 
 1122  38 
 1123  46 
 1124  38 
 1125  40 
 1126  35 
 1127  39 
 1128  29 
 1129  37 
 1130  40 
 1131  45 
 1132  32 
 1133  49 
 1134  42 
 1135  39 
 1136  33 
 1137  32 
 1138  34 
 1139  30 
 1140  33 
 1141  41 
 1142  43 
 1143  37 
 1144  42 
 1145  49 
 1146  32 
 1147  32 
 1148  43 
 1149  38 
 1150  41 
 1151  33 
 1152  47 
 1153  34 
 1154  43 
 1155  38 
 1156  42 
 1157  52 
 1158  40 
 1159  49 
 1160  33 
 1161  47 
 1162  45 
 1163  45 
 1164  27 
 1165  43 
 1166  39 
 1167  32 
 1168  39 
 1169  36 
 1170  32 
 1171  34 
 1172  48 
 1173  46 
 1174  28 
 1175  41 
 1176  41 
 1177  31 
 1178  39 
 1179  44 
 1180  37 
 1181  35 
 1182  46 
 1183  34 
 1184  39 
 1185  40 
 1186  33 
 1187  32 
 1188  39 
 1189  40 
 1190  37 
 1191  33 
 1192  33 
 1193  53 
 1194  51 
 1195  43 
 1196  41 
 1197  28 
 1198  35 
 1199  37 
 1200  39 
 1201  31 
 1202  37 
 1203  33 
 1204  30 
 1205  48 
 1206  32 
 1207  42 
 1208  31 
 1209  27 
 1210  38 
 1211  40 
 1212  33 
 1213  41 
 1214  42 
 1215  40 
 1216  38 
 1217  29 
 1218  29 
 1219  41 
 1220  36 
 1221  30 
 1222  44 
 1223  38 
 1224  24 
 1225  29 
 1226  48 
 1227  47 
 1228  36 
 1229  38 
 1230  44 
 1231  38 
 1232  46 
 1233  41 
 1234  32 
 1235  36 
 1236  35 
 1237  27 
 1238  39 
 1239  27 
 1240  35 
 1241  31 
 1242  49 
 1243  33 
 1244  32 
 1245  44 
 1246  33 
 1247  34 
 1248  37 
 1249  23 
 1250  39 
 1251  32 
 1252  32 
 1253  38 
 1254  44 
 1255  25 
 1256  46 
 1257  40 
 1258  38 
 1259  30 
 1260  24 
 1261  42 
 1262  26 
 1263  37 
 1264  41 
 1265  27 
 1266  28 
 1267  31 
 1268  35 
 1269  34 
 1270  31 
 1271  38 
 1272  37 
 1273  25 
 1274  43 
 1275  37 
 1276  31 
 1277  31 
 1278  34 
 1279  34 
 1280  48 
 1281  37 
 1282  31 
 1283  35 
 1284  36 
 1285  28 
 1286  32 
 1287  35 
 1288  34 
 1289  35 
 1290  36 
 1291  39 
 1292  34 
 1293  38 
 1294  37 
 1295  37 
 1296  41 
 1297  44 
 1298  24 
 1299  37 
 1300  44 
 1301  38 
 1302  36 
 1303  33 
 1304  30 
 1305  24 
 1306  31 
 1307  44 
 1308  29 
 1309  34 
 1310  36 
 1311  39 
 1312  34 
 1313  35 
 1314  38 
 1315  26 
 1316  23 
 1317  34 
 1318  35 
 1319  33 
 1320  27 
 1321  36 
 1322  26 
 1323  26 
 1324  44 
 1325  44 
 1326  35 
 1327  31 
 1328  31 
 1329  35 
 1330  24 
 1331  40 
 1332  23 
 1333  35 
 1334  34 
 1335  35 
 1336  18 
 1337  35 
 1338  34 
 1339  27 
 1340  36 
 1341  35 
 1342  35 
 1343  30 
 1344  32 
 1345  24 
 1346  29 
 1347  27 
 1348  31 
 1349  33 
 1350  24 
 1351  33 
 1352  32 
 1353  25 
 1354  28 
 1355  39 
 1356  33 
 1357  30 
 1358  33 
 1359  31 
 1360  36 
 1361  32 
 1362  38 
 1363  28 
 1364  30 
 1365  29 
 1366  45 
 1367  27 
 1368  38 
 1369  43 
 1370  30 
 1371  35 
 1372  38 
 1373  39 
 1374  23 
 1375  28 
 1376  24 
 1377  28 
 1378  32 
 1379  43 
 1380  38 
 1381  40 
 1382  34 
 1383  29 
 1384  17 
 1385  32 
 1386  33 
 1387  25 
 1388  37 
 1389  28 
 1390  34 
 1391  43 
 1392  26 
 1393  28 
 1394  30 
 1395  32 
 1396  42 
 1397  31 
 1398  24 
 1399  33 
 1400  34 
 1401  26 
 1402  27 
 1403  28 
 1404  32 
 1405  29 
 1406  38 
 1407  30 
 1408  24 
 1409  30 
 1410  21 
 1411  27 
 1412  30 
 1413  42 
 1414  36 
 1415  34 
 1416  31 
 1417  31 
 1418  33 
 1419  29 
 1420  38 
 1421  38 
 1422  21 
 1423  31 
 1424  32 
 1425  29 
 1426  31 
 1427  26 
 1428  16 
 1429  26 
 1430  37 
 1431  25 
 1432  27 
 1433  28 
 1434  31 
 1435  20 
 1436  32 
 1437  37 
 1438  25 
 1439  25 
 1440  38 
 1441  36 
 1442  26 
 1443  39 
 1444  34 
 1445  15 
 1446  33 
 1447  24 
 1448  34 
 1449  35 
 1450  29 
 1451  25 
 1452  33 
 1453  31 
 1454  23 
 1455  42 
 1456  20 
 1457  33 
 1458  35 
 1459  34 
 1460  24 
 1461  30 
 1462  32 
 1463  39 
 1464  24 
 1465  32 
 1466  30 
 1467  25 
 1468  25 
 1469  27 
 1470  32 
 1471  22 
 1472  29 
 1473  29 
 1474  32 
 1475  20 
 1476  24 
 1477  34 
 1478  20 
 1479  27 
 1480  34 
 1481  28 
 1482  32 
 1483  27 
 1484  29 
 1485  28 
 1486  36 
 1487  29 
 1488  36 
 1489  14 
 1490  25 
 1491  28 
 1492  25 
 1493  27 
 1494  22 
 1495  34 
 1496  20 
 1497  29 
 1498  26 
 1499  27 
 1500  32 
 1501  30 
 1502  28 
 1503  28 
 1504  30 
 1505  31 
 1506  25 
 1507  20 
 1508  24 
 1509  35 
 1510  37 
 1511  28 
 1512  22 
 1513  35 
 1514  19 
 1515  31 
 1516  22 
 1517  22 
 1518  24 
 1519  22 
 1520  31 
 1521  27 
 1522  27 
 1523  34 
 1524  36 
 1525  34 
 1526  29 
 1527  33 
 1528  23 
 1529  22 
 1530  24 
 1531  24 
 1532  28 
 1533  25 
 1534  32 
 1535  26 
 1536  17 
 1537  29 
 1538  24 
 1539  24 
 1540  25 
 1541  22 
 1542  31 
 1543  34 
 1544  36 
 1545  32 
 1546  24 
 1547  23 
 1548  18 
 1549  28 
 1550  20 
 1551  28 
 1552  25 
 1553  19 
 1554  24 
 1555  29 
 1556  16 
 1557  27 
 1558  32 
 1559  28 
 1560  32 
 1561  24 
 1562  24 
 1563  23 
 1564  26 
 1565  34 
 1566  39 
 1567  27 
 1568  29 
 1569  27 
 1570  22 
 1571  23 
 1572  22 
 1573  17 
 1574  23 
 1575  29 
 1576  24 
 1577  26 
 1578  19 
 1579  34 
 1580  24 
 1581  32 
 1582  23 
 1583  23 
 1584  27 
 1585  31 
 1586  36 
 1587  25 
 1588  34 
 1589  27 
 1590  28 
 1591  26 
 1592  31 
 1593  21 
 1594  29 
 1595  25 
 1596  25 
 1597  29 
 1598  30 
 1599  28 
 1600  32 
 1601  19 
 1602  23 
 1603  28 
 1604  21 
 1605  25 
 1606  38 
 1607  30 
 1608  26 
 1609  31 
 1610  26 
 1611  28 
 1612  16 
 1613  26 
 1614  21 
 1615  27 
 1616  43 
 1617  31 
 1618  23 
 1619  28 
 1620  23 
 1621  27 
 1622  29 
 1623  24 
 1624  36 
 1625  25 
 1626  29 
 1627  27 
 1628  28 
 1629  20 
 1630  15 
 1631  30 
 1632  17 
 1633  22 
 1634  22 
 1635  28 
 1636  24 
 1637  24 
 1638  23 
 1639  27 
 1640  27 
 1641  35 
 1642  25 
 1643  21 
 1644  25 
 1645  28 
 1646  28 
 1647  31 
 1648  16 
 1649  28 
 1650  19 
 1651  26 
 1652  17 
 1653  21 
 1654  26 
 1655  22 
 1656  23 
 1657  20 
 1658  28 
 1659  30 
 1660  24 
 1661  34 
 1662  32 
 1663  32 
 1664  19 
 1665  30 
 1666  32 
 1667  16 
 1668  22 
 1669  29 
 1670  22 
 1671  26 
 1672  23 
 1673  22 
 1674  29 
 1675  14 
 1676  22 
 1677  20 
 1678  19 
 1679  26 
 1680  21 
 1681  19 
 1682  25 
 1683  25 
 1684  29 
 1685  31 
 1686  33 
 1687  19 
 1688  24 
 1689  23 
 1690  25 
 1691  31 
 1692  19 
 1693  21 
 1694  25 
 1695  34 
 1696  37 
 1697  18 
 1698  21 
 1699  22 
 1700  28 
 1701  30 
 1702  24 
 1703  31 
 1704  30 
 1705  34 
 1706  23 
 1707  25 
 1708  30 
 1709  25 
 1710  20 
 1711  20 
 1712  32 
 1713  34 
 1714  29 
 1715  23 
 1716  27 
 1717  27 
 1718  26 
 1719  31 
 1720  37 
 1721  24 
 1722  21 
 1723  22 
 1724  24 
 1725  25 
 1726  25 
 1727  25 
 1728  33 
 1729  22 
 1730  22 
 1731  23 
 1732  32 
 1733  28 
 1734  20 
 1735  29 
 1736  23 
 1737  25 
 1738  15 
 1739  24 
 1740  32 
 1741  24 
 1742  26 
 1743  31 
 1744  27 
 1745  24 
 1746  21 
 1747  34 
 1748  30 
 1749  33 
 1750  21 
 1751  32 
 1752  26 
 1753  22 
 1754  19 
 1755  21 
 1756  22 
 1757  24 
 1758  22 
 1759  24 
 1760  29 
 1761  20 
 1762  30 
 1763  18 
 1764  28 
 1765  24 
 1766  17 
 1767  22 
 1768  20 
 1769  23 
 1770  20 
 1771  29 
 1772  23 
 1773  22 
 1774  22 
 1775  27 
 1776  29 
 1777  34 
 1778  28 
 1779  26 
 1780  25 
 1781  20 
 1782  19 
 1783  29 
 1784  25 
 1785  28 
 1786  23 
 1787  29 
 1788  34 
 1789  30 
 1790  33 
 1791  33 
 1792  23 
 1793  24 
 1794  28 
 1795  33 
 1796  28 
 1797  34 
 1798  23 
 1799  27 
 1800  28 
 1801  31 
 1802  30 
 1803  25 
 1804  26 
 1805  37 
 1806  31 
 1807  27 
 1808  29 
 1809  48 
 1810  32 
 1811  34 
 1812  34 
 1813  38 
 1814  44 
 1815  38 
 1816  40 
 1817  44 
 1818  41 
 1819  40 
 1820  34 
 1821  41 
 1822  47 
 1823  48 
 1824  37 
 1825  45 
 1826  44 
 1827  43 
 1828  48 
 1829  37 
 1830  42 
 1831  57 
 1832  42 
 1833  52 
 1834  51 
 1835  59 
 1836  45 
 1837  48 
 1838  59 
 1839  62 
 1840  64 
 1841  74 
 1842  55 
 1843  68 
 1844  69 
 1845  66 
 1846  85 
 1847  77 
 1848  81 
 1849  84 
 1850  80 
 1851  88 
 1852  69 
 1853  79 
 1854  97 
 1855  109 
 1856  91 
 1857  83 
 1858  104 
 1859  89 
 1860  99 
 1861  98 
 1862  109 
 1863  105 
 1864  110 
 1865  111 
 1866  119 
 1867  145 
 1868  125 
 1869  131 
 1870  123 
 1871  123 
 1872  135 
 1873  151 
 1874  138 
 1875  148 
 1876  150 
 1877  144 
 1878  175 
 1879  178 
 1880  152 
 1881  190 
 1882  204 
 1883  187 
 1884  189 
 1885  207 
 1886  195 
 1887  192 
 1888  203 
 1889  177 
 1890  235 
 1891  215 
 1892  191 
 1893  231 
 1894  223 
 1895  202 
 1896  226 
 1897  226 
 1898  269 
 1899  254 
 1900  284 
 1901  270 
 1902  289 
 1903  276 
 1904  279 
 1905  269 
 1906  253 
 1907  287 
 1908  288 
 1909  300 
 1910  273 
 1911  336 
 1912  296 
 1913  321 
 1914  304 
 1915  340 
 1916  308 
 1917  380 
 1918  337 
 1919  327 
 1920  331 
 1921  327 
 1922  371 
 1923  372 
 1924  389 
 1925  403 
 1926  357 
 1927  345 
 1928  410 
 1929  400 
 1930  391 
 1931  387 
 1932  396 
 1933  411 
 1934  411 
 1935  401 
 1936  420 
 1937  386 
 1938  389 
 1939  383 
 1940  432 
 1941  422 
 1942  415 
 1943  411 
 1944  481 
 1945  416 
 1946  408 
 1947  463 
 1948  438 
 1949  395 
 1950  396 
 1951  403 
 1952  458 
 1953  425 
 1954  420 
 1955  426 
 1956  446 
 1957  439 
 1958  409 
 1959  425 
 1960  463 
 1961  422 
 1962  421 
 1963  419 
 1964  463 
 1965  415 
 1966  406 
 1967  421 
 1968  433 
 1969  396 
 1970  422 
 1971  417 
 1972  413 
 1973  425 
 1974  411 
 1975  393 
 1976  402 
 1977  402 
 1978  389 
 1979  401 
 1980  386 
 1981  363 
 1982  335 
 1983  377 
 1984  354 
 1985  379 
 1986  346 
 1987  317 
 1988  341 
 1989  321 
 1990  333 
 1991  326 
 1992  298 
 1993  303 
 1994  309 
 1995  298 
 1996  289 
 1997  276 
 1998  286 
 1999  263 
 2000  276 
 2001  277 
 2002  245 
 2003  261 
 2004  224 
 2005  216 
 2006  232 
 2007  254 
 2008  218 
 2009  209 
 2010  189 
 2011  178 
 2012  188 
 2013  209 
 2014  183 
 2015  184 
 2016  168 
 2017  155 
 2018  160 
 2019  154 
 2020  163 
 2021  126 
 2022  134 
 2023  146 
 2024  131 
 2025  143 
 2026  92 
 2027  108 
 2028  100 
 2029  104 
 2030  108 
 2031  97 
 2032  108 
 2033  70 
 2034  73 
 2035  78 
 2036  83 
 2037  93 
 2038  92 
 2039  69 
 2040  75 
 2041  56 
 2042  59 
 2043  46 
 2044  36 
 2045  54 
 2046  50 
 2047  41 
 2048  56 
 2049  44 
 2050  38 
 2051  32 
 2052  32 
 2053  32 
 2054  37 
 2055  30 
 2056  39 
 2057  31 
 2058  35 
 2059  28 
 2060  38 
 2061  22 
 2062  30 
 2063  27 
 2064  23 
 2065  29 
 2066  24 
 2067  21 
 2068  19 
 2069  22 
 2070  14 
 2071  31 
 2072  27 
 2073  17 
 2074  12 
 2075  19 
 2076  20 
 2077  30 
 2078  26 
 2079  16 
 2080  15 
 2081  20 
 2082  25 
 2083  19 
 2084  19 
 2085  13 
 2086  18 
 2087  18 
 2088  12 
 2089  22 
 2090  16 
 2091  17 
 2092  20 
 2093  21 
 2094  23 
 2095  22 
 2096  19 
 2097  17 
 2098  17 
 2099  23 
 2100  21 
 2101  17 
 2102  17 
 2103  19 
 2104  16 
 2105  14 
 2106  15 
 2107  13 
 2108  14 
 2109  10 
 2110  17 
 2111  18 
 2112  19 
 2113  10 
 2114  17 
 2115  13 
 2116  20 
 2117  6 
 2118  14 
 2119  17 
 2120  25 
 2121  13 
 2122  20 
 2123  11 
 2124  21 
 2125  14 
 2126  12 
 2127  28 
 2128  15 
 2129  16 
 2130  16 
 2131  23 
 2132  19 
 2133  14 
 2134  22 
 2135  17 
 2136  14 
 2137  14 
 2138  13 
 2139  11 
 2140  15 
 2141  14 
 2142  14 
 2143  19 
 2144  17 
 2145  16 
 2146  17 
 2147  15 
 2148  18 
 2149  22 
 2150  14 
 2151  21 
 2152  18 
 2153  17 
 2154  17 
 2155  16 
 2156  24 
 2157  11 
 2158  20 
 2159  13 
 2160  20 
 2161  20 
 2162  21 
 2163  17 
 2164  21 
 2165  14 
 2166  21 
 2167  14 
 2168  18 
 2169  22 
 2170  15 
 2171  9 
 2172  14 
 2173  15 
 2174  16 
 2175  15 
 2176  17 
 2177  22 
 2178  16 
 2179  11 
 2180  16 
 2181  16 
 2182  20 
 2183  16 
 2184  9 
 2185  16 
 2186  14 
 2187  17 
 2188  18 
 2189  18 
 2190  22 
 2191  10 
 2192  5 
 2193  16 
 2194  14 
 2195  16 
 2196  10 
 2197  14 
 2198  19 
 2199  13 
 2200  17 
 2201  13 
 2202  11 
 2203  19 
 2204  12 
 2205  18 
 2206  18 
 2207  20 
 2208  11 
 2209  14 
 2210  13 
 2211  15 
 2212  20 
 2213  20 
 2214  13 
 2215  8 
 2216  19 
 2217  22 
 2218  17 
 2219  11 
 2220  19 
 2221  20 
 2222  8 
 2223  15 
 2224  15 
 2225  16 
 2226  11 
 2227  18 
 2228  19 
 2229  13 
 2230  20 
 2231  11 
 2232  13 
 2233  14 
 2234  15 
 2235  12 
 2236  15 
 2237  14 
 2238  10 
 2239  9 
 2240  10 
 2241  15 
 2242  10 
 2243  8 
 2244  13 
 2245  15 
 2246  10 
 2247  17 
 2248  13 
 2249  18 
 2250  14 
 2251  16 
 2252  13 
 2253  22 
 2254  13 
 2255  22 
 2256  24 
 2257  21 
 2258  17 
 2259  12 
 2260  11 
 2261  13 
 2262  13 
 2263  14 
 2264  18 
 2265  15 
 2266  18 
 2267  16 
 2268  16 
 2269  12 
 2270  12 
 2271  16 
 2272  15 
 2273  11 
 2274  14 
 2275  16 
 2276  21 
 2277  18 
 2278  15 
 2279  18 
 2280  18 
 2281  13 
 2282  13 
 2283  23 
 2284  11 
 2285  19 
 2286  24 
 2287  16 
 2288  14 
 2289  13 
 2290  17 
 2291  14 
 2292  11 
 2293  16 
 2294  19 
 2295  8 
 2296  20 
 2297  21 
 2298  12 
 2299  21 
 2300  6 
 2301  11 
 2302  11 
 2303  14 
 2304  14 
 2305  13 
 2306  9 
 2307  9 
 2308  9 
 2309  8 
 2310  14 
 2311  14 
 2312  12 
 2313  11 
 2314  17 
 2315  13 
 2316  11 
 2317  14 
 2318  11 
 2319  9 
 2320  14 
 2321  9 
 2322  13 
 2323  8 
 2324  11 
 2325  9 
 2326  26 
 2327  12 
 2328  13 
 2329  11 
 2330  15 
 2331  12 
 2332  13 
 2333  15 
 2334  15 
 2335  10 
 2336  14 
 2337  14 
 2338  13 
 2339  16 
 2340  14 
 2341  12 
 2342  14 
 2343  7 
 2344  16 
 2345  16 
 2346  12 
 2347  18 
 2348  19 
 2349  17 
 2350  14 
 2351  10 
 2352  10 
 2353  17 
 2354  12 
 2355  10 
 2356  9 
 2357  11 
 2358  14 
 2359  11 
 2360  18 
 2361  11 
 2362  10 
 2363  11 
 2364  11 
 2365  17 
 2366  15 
 2367  16 
 2368  9 
 2369  15 
 2370  16 
 2371  12 
 2372  11 
 2373  15 
 2374  9 
 2375  16 
 2376  7 
 2377  16 
 2378  23 
 2379  13 
 2380  13 
 2381  18 
 2382  7 
 2383  10 
 2384  15 
 2385  13 
 2386  15 
 2387  11 
 2388  19 
 2389  19 
 2390  13 
 2391  13 
 2392  12 
 2393  18 
 2394  7 
 2395  9 
 2396  19 
 2397  10 
 2398  14 
 2399  13 
 2400  8 
 2401  14 
 2402  19 
 2403  15 
 2404  11 
 2405  17 
 2406  11 
 2407  13 
 2408  14 
 2409  13 
 2410  10 
 2411  16 
 2412  17 
 2413  17 
 2414  19 
 2415  14 
 2416  18 
 2417  14 
 2418  13 
 2419  7 
 2420  13 
 2421  23 
 2422  14 
 2423  8 
 2424  14 
 2425  15 
 2426  21 
 2427  16 
 2428  11 
 2429  11 
 2430  12 
 2431  16 
 2432  14 
 2433  14 
 2434  15 
 2435  17 
 2436  11 
 2437  13 
 2438  12 
 2439  12 
 2440  17 
 2441  15 
 2442  8 
 2443  9 
 2444  14 
 2445  10 
 2446  13 
 2447  16 
 2448  9 
 2449  12 
 2450  10 
 2451  21 
 2452  12 
 2453  13 
 2454  11 
 2455  12 
 2456  9 
 2457  12 
 2458  14 
 2459  10 
 2460  14 
 2461  13 
 2462  14 
 2463  17 
 2464  8 
 2465  17 
 2466  13 
 2467  14 
 2468  17 
 2469  14 
 2470  12 
 2471  15 
 2472  14 
 2473  12 
 2474  11 
 2475  16 
 2476  12 
 2477  8 
 2478  13 
 2479  11 
 2480  16 
 2481  9 
 2482  11 
 2483  16 
 2484  18 
 2485  12 
 2486  13 
 2487  10 
 2488  12 
 2489  13 
 2490  10 
 2491  11 
 2492  10 
 2493  10 
 2494  13 
 2495  11 
 2496  17 
 2497  16 
 2498  12 
 2499  13 
 2500  10 
 2501  12 
 2502  12 
 2503  12 
 2504  13 
 2505  15 
 2506  10 
 2507  14 
 2508  17 
 2509  15 
 2510  7 
 2511  12 
 2512  15 
 2513  13 
 2514  10 
 2515  8 
 2516  12 
 2517  16 
 2518  10 
 2519  14 
 2520  10 
 2521  14 
 2522  8 
 2523  9 
 2524  18 
 2525  16 
 2526  15 
 2527  12 
 2528  16 
 2529  12 
 2530  13 
 2531  8 
 2532  16 
 2533  12 
 2534  13 
 2535  8 
 2536  9 
 2537  11 
 2538  12 
 2539  19 
 2540  10 
 2541  15 
 2542  12 
 2543  7 
 2544  13 
 2545  10 
 2546  5 
 2547  18 
 2548  8 
 2549  9 
 2550  11 
 2551  9 
 2552  15 
 2553  14 
 2554  7 
 2555  6 
 2556  13 
 2557  12 
 2558  20 
 2559  9 
 2560  12 
 2561  12 
 2562  9 
 2563  9 
 2564  18 
 2565  7 
 2566  17 
 2567  18 
 2568  12 
 2569  14 
 2570  11 
 2571  13 
 2572  9 
 2573  9 
 2574  13 
 2575  14 
 2576  15 
 2577  11 
 2578  11 
 2579  9 
 2580  15 
 2581  14 
 2582  16 
 2583  13 
 2584  15 
 2585  18 
 2586  6 
 2587  7 
 2588  13 
 2589  11 
 2590  10 
 2591  15 
 2592  14 
 2593  12 
 2594  11 
 2595  5 
 2596  15 
 2597  9 
 2598  13 
 2599  9 
 2600  13 
 2601  8 
 2602  10 
 2603  6 
 2604  12 
 2605  6 
 2606  10 
 2607  12 
 2608  13 
 2609  15 
 2610  4 
 2611  14 
 2612  11 
 2613  11 
 2614  8 
 2615  17 
 2616  10 
 2617  10 
 2618  15 
 2619  11 
 2620  14 
 2621  15 
 2622  13 
 2623  9 
 2624  9 
 2625  14 
 2626  9 
 2627  10 
 2628  10 
 2629  9 
 2630  8 
 2631  11 
 2632  10 
 2633  11 
 2634  9 
 2635  12 
 2636  15 
 2637  13 
 2638  21 
 2639  10 
 2640  16 
 2641  14 
 2642  12 
 2643  12 
 2644  14 
 2645  12 
 2646  10 
 2647  12 
 2648  17 
 2649  18 
 2650  11 
 2651  6 
 2652  10 
 2653  11 
 2654  9 
 2655  11 
 2656  10 
 2657  10 
 2658  12 
 2659  5 
 2660  7 
 2661  11 
 2662  11 
 2663  12 
 2664  9 
 2665  12 
 2666  12 
 2667  13 
 2668  13 
 2669  9 
 2670  13 
 2671  14 
 2672  5 
 2673  7 
 2674  9 
 2675  12 
 2676  16 
 2677  13 
 2678  12 
 2679  12 
 2680  15 
 2681  11 
 2682  14 
 2683  9 
 2684  11 
 2685  17 
 2686  6 
 2687  14 
 2688  16 
 2689  10 
 2690  6 
 2691  13 
 2692  13 
 2693  18 
 2694  11 
 2695  16 
 2696  12 
 2697  10 
 2698  11 
 2699  7 
 2700  9 
 2701  18 
 2702  10 
 2703  15 
 2704  9 
 2705  12 
 2706  8 
 2707  15 
 2708  8 
 2709  12 
 2710  11 
 2711  12 
 2712  16 
 2713  9 
 2714  11 
 2715  13 
 2716  10 
 2717  8 
 2718  17 
 2719  15 
 2720  14 
 2721  9 
 2722  15 
 2723  12 
 2724  9 
 2725  8 
 2726  9 
 2727  14 
 2728  18 
 2729  13 
 2730  8 
 2731  14 
 2732  14 
 2733  13 
 2734  10 
 2735  10 
 2736  15 
 2737  12 
 2738  14 
 2739  15 
 2740  9 
 2741  10 
 2742  9 
 2743  10 
 2744  15 
 2745  16 
 2746  11 
 2747  15 
 2748  11 
 2749  14 
 2750  10 
 2751  8 
 2752  9 
 2753  9 
 2754  11 
 2755  7 
 2756  8 
 2757  9 
 2758  9 
 2759  6 
 2760  10 
 2761  12 
 2762  14 
 2763  5 
 2764  15 
 2765  10 
 2766  13 
 2767  9 
 2768  12 
 2769  17 
 2770  13 
 2771  10 
 2772  12 
 2773  19 
 2774  7 
 2775  15 
 2776  8 
 2777  7 
 2778  11 
 2779  11 
 2780  9 
 2781  13 
 2782  12 
 2783  10 
 2784  7 
 2785  8 
 2786  15 
 2787  18 
 2788  11 
 2789  16 
 2790  11 
 2791  15 
 2792  9 
 2793  9 
 2794  13 
 2795  8 
 2796  14 
 2797  5 
 2798  15 
 2799  9 
 2800  12 
 2801  14 
 2802  10 
 2803  15 
 2804  9 
 2805  11 
 2806  15 
 2807  12 
 2808  7 
 2809  10 
 2810  11 
 2811  5 
 2812  13 
 2813  11 
 2814  11 
 2815  10 
 2816  12 
 2817  8 
 2818  12 
 2819  13 
 2820  11 
 2821  7 
 2822  7 
 2823  15 
 2824  10 
 2825  15 
 2826  11 
 2827  13 
 2828  10 
 2829  15 
 2830  11 
 2831  11 
 2832  5 
 2833  8 
 2834  11 
 2835  8 
 2836  13 
 2837  6 
 2838  17 
 2839  12 
 2840  9 
 2841  16 
 2842  17 
 2843  12 
 2844  13 
 2845  18 
 2846  11 
 2847  12 
 2848  15 
 2849  17 
 2850  9 
 2851  16 
 2852  17 
 2853  9 
 2854  12 
 2855  10 
 2856  11 
 2857  11 
 2858  12 
 2859  6 
 2860  9 
 2861  12 
 2862  15 
 2863  20 
 2864  16 
 2865  9 
 2866  11 
 2867  8 
 2868  13 
 2869  13 
 2870  10 
 2871  9 
 2872  8 
 2873  12 
 2874  13 
 2875  8 
 2876  8 
 2877  9 
 2878  18 
 2879  10 
 2880  8 
 2881  16 
 2882  12 
 2883  9 
 2884  13 
 2885  15 
 2886  12 
 2887  10 
 2888  8 
 2889  11 
 2890  3 
 2891  16 
 2892  8 
 2893  8 
 2894  13 
 2895  13 
 2896  8 
 2897  12 
 2898  7 
 2899  14 
 2900  6 
 2901  12 
 2902  9 
 2903  9 
 2904  13 
 2905  14 
 2906  6 
 2907  9 
 2908  12 
 2909  14 
 2910  18 
 2911  10 
 2912  6 
 2913  9 
 2914  17 
 2915  6 
 2916  14 
 2917  14 
 2918  6 
 2919  8 
 2920  17 
 2921  10 
 2922  14 
 2923  11 
 2924  7 
 2925  15 
 2926  11 
 2927  9 
 2928  13 
 2929  11 
 2930  10 
 2931  11 
 2932  13 
 2933  9 
 2934  10 
 2935  12 
 2936  18 
 2937  10 
 2938  8 
 2939  2 
 2940  7 
 2941  22 
 2942  6 
 2943  10 
 2944  6 
 2945  15 
 2946  10 
 2947  7 
 2948  14 
 2949  6 
 2950  16 
 2951  10 
 2952  6 
 2953  8 
 2954  10 
 2955  19 
 2956  9 
 2957  5 
 2958  16 
 2959  13 
 2960  13 
 2961  11 
 2962  4 
 2963  6 
 2964  6 
 2965  10 
 2966  4 
 2967  12 
 2968  15 
 2969  11 
 2970  14 
 2971  10 
 2972  4 
 2973  6 
 2974  12 
 2975  5 
 2976  10 
 2977  6 
 2978  12 
 2979  8 
 2980  6 
 2981  8 
 2982  11 
 2983  11 
 2984  24 
 2985  14 
 2986  9 
 2987  9 
 2988  4 
 2989  11 
 2990  7 
 2991  9 
 2992  16 
 2993  18 
 2994  19 
 2995  13 
 2996  15 
 2997  14 
 2998  15 
 2999  12 
 3000  18 
 3001  19 
 3002  14 
 3003  11 
 3004  14 
 3005  10 
 3006  13 
 3007  12 
 3008  9 
 3009  9 
 3010  15 
 3011  9 
 3012  7 
 3013  15 
 3014  12 
 3015  8 
 3016  16 
 3017  14 
 3018  17 
 3019  13 
 3020  12 
 3021  16 
 3022  12 
 3023  17 
 3024  17 
 3025  12 
 3026  12 
 3027  17 
 3028  18 
 3029  15 
 3030  12 
 3031  21 
 3032  14 
 3033  17 
 3034  18 
 3035  14 
 3036  8 
 3037  9 
 3038  16 
 3039  16 
 3040  23 
 3041  14 
 3042  13 
 3043  15 
 3044  16 
 3045  18 
 3046  22 
 3047  20 
 3048  15 
 3049  19 
 3050  20 
 3051  21 
 3052  15 
 3053  16 
 3054  21 
 3055  21 
 3056  12 
 3057  17 
 3058  11 
 3059  15 
 3060  11 
 3061  10 
 3062  9 
 3063  14 
 3064  15 
 3065  16 
 3066  20 
 3067  20 
 3068  14 
 3069  17 
 3070  13 
 3071  16 
 3072  15 
 3073  11 
 3074  16 
 3075  19 
 3076  14 
 3077  10 
 3078  13 
 3079  17 
 3080  16 
 3081  9 
 3082  14 
 3083  16 
 3084  9 
 3085  8 
 3086  10 
 3087  12 
 3088  7 
 3089  16 
 3090  15 
 3091  9 
 3092  11 
 3093  9 
 3094  10 
 3095  11 
 3096  10 
 3097  15 
 3098  15 
 3099  8 
 3100  10 
 3101  17 
 3102  8 
 3103  10 
 3104  9 
 3105  8 
 3106  11 
 3107  11 
 3108  8 
 3109  7 
 3110  14 
 3111  12 
 3112  16 
 3113  9 
 3114  10 
 3115  11 
 3116  10 
 3117  10 
 3118  13 
 3119  10 
 3120  9 
 3121  6 
 3122  9 
 3123  9 
 3124  13 
 3125  13 
 3126  13 
 3127  12 
 3128  8 
 3129  8 
 3130  10 
 3131  4 
 3132  13 
 3133  11 
 3134  10 
 3135  5 
 3136  13 
 3137  15 
 3138  19 
 3139  6 
 3140  13 
 3141  10 
 3142  13 
 3143  15 
 3144  11 
 3145  9 
 3146  8 
 3147  10 
 3148  10 
 3149  14 
 3150  7 
 3151  7 
 3152  14 
 3153  5 
 3154  5 
 3155  10 
 3156  13 
 3157  8 
 3158  13 
 3159  13 
 3160  10 
 3161  16 
 3162  9 
 3163  10 
 3164  8 
 3165  17 
 3166  12 
 3167  7 
 3168  14 
 3169  3 
 3170  15 
 3171  12 
 3172  6 
 3173  10 
 3174  8 
 3175  8 
 3176  10 
 3177  9 
 3178  5 
 3179  10 
 3180  10 
 3181  14 
 3182  9 
 3183  9 
 3184  13 
 3185  10 
 3186  6 
 3187  7 
 3188  10 
 3189  8 
 3190  6 
 3191  4 
 3192  9 
 3193  11 
 3194  12 
 3195  6 
 3196  8 
 3197  10 
 3198  5 
 3199  11 
 3200  9 
 3201  16 
 3202  12 
 3203  10 
 3204  10 
 3205  7 
 3206  14 
 3207  10 
 3208  16 
 3209  13 
 3210  14 
 3211  10 
 3212  13 
 3213  14 
 3214  9 
 3215  12 
 3216  7 
 3217  5 
 3218  9 
 3219  6 
 3220  9 
 3221  16 
 3222  13 
 3223  15 
 3224  14 
 3225  19 
 3226  17 
 3227  14 
 3228  18 
 3229  4 
 3230  5 
 3231  12 
 3232  15 
 3233  14 
 3234  11 
 3235  9 
 3236  12 
 3237  11 
 3238  11 
 3239  10 
 3240  9 
 3241  8 
 3242  7 
 3243  8 
 3244  7 
 3245  10 
 3246  9 
 3247  8 
 3248  8 
 3249  6 
 3250  17 
 3251  9 
 3252  9 
 3253  12 
 3254  7 
 3255  11 
 3256  7 
 3257  11 
 3258  10 
 3259  9 
 3260  12 
 3261  11 
 3262  10 
 3263  16 
 3264  12 
 3265  6 
 3266  9 
 3267  10 
 3268  8 
 3269  17 
 3270  8 
 3271  14 
 3272  15 
 3273  13 
 3274  9 
 3275  10 
 3276  9 
 3277  15 
 3278  13 
 3279  10 
 3280  7 
 3281  11 
 3282  12 
 3283  5 
 3284  8 
 3285  15 
 3286  11 
 3287  13 
 3288  5 
 3289  8 
 3290  9 
 3291  6 
 3292  4 
 3293  15 
 3294  5 
 3295  7 
 3296  7 
 3297  14 
 3298  12 
 3299  8 
 3300  12 
 3301  13 
 3302  15 
 3303  13 
 3304  11 
 3305  11 
 3306  15 
 3307  16 
 3308  6 
 3309  18 
 3310  13 
 3311  8 
 3312  8 
 3313  9 
 3314  18 
 3315  14 
 3316  16 
 3317  14 
 3318  13 
 3319  12 
 3320  13 
 3321  13 
 3322  13 
 3323  10 
 3324  10 
 3325  9 
 3326  5 
 3327  10 
 3328  12 
 3329  15 
 3330  16 
 3331  11 
 3332  8 
 3333  7 
 3334  9 
 3335  9 
 3336  5 
 3337  19 
 3338  12 
 3339  5 
 3340  12 
 3341  15 
 3342  5 
 3343  6 
 3344  13 
 3345  11 
 3346  14 
 3347  11 
 3348  10 
 3349  12 
 3350  9 
 3351  20 
 3352  13 
 3353  15 
 3354  9 
 3355  11 
 3356  15 
 3357  8 
 3358  12 
 3359  7 
 3360  6 
 3361  8 
 3362  15 
 3363  17 
 3364  8 
 3365  9 
 3366  12 
 3367  13 
 3368  9 
 3369  12 
 3370  18 
 3371  14 
 3372  16 
 3373  6 
 3374  9 
 3375  8 
 3376  15 
 3377  7 
 3378  13 
 3379  7 
 3380  6 
 3381  6 
 3382  10 
 3383  10 
 3384  7 
 3385  10 
 3386  13 
 3387  11 
 3388  12 
 3389  12 
 3390  9 
 3391  10 
 3392  15 
 3393  9 
 3394  11 
 3395  14 
 3396  16 
 3397  19 
 3398  13 
 3399  11 
 3400  10 
 3401  11 
 3402  17 
 3403  14 
 3404  9 
 3405  14 
 3406  9 
 3407  15 
 3408  9 
 3409  8 
 3410  9 
 3411  8 
 3412  8 
 3413  10 
 3414  9 
 3415  9 
 3416  13 
 3417  15 
 3418  11 
 3419  11 
 3420  15 
 3421  14 
 3422  12 
 3423  11 
 3424  11 
 3425  7 
 3426  8 
 3427  8 
 3428  5 
 3429  8 
 3430  14 
 3431  11 
 3432  18 
 3433  6 
 3434  17 
 3435  12 
 3436  7 
 3437  9 
 3438  14 
 3439  16 
 3440  15 
 3441  9 
 3442  10 
 3443  12 
 3444  13 
 3445  6 
 3446  8 
 3447  11 
 3448  8 
 3449  13 
 3450  8 
 3451  11 
 3452  10 
 3453  15 
 3454  15 
 3455  18 
 3456  13 
 3457  7 
 3458  15 
 3459  8 
 3460  14 
 3461  17 
 3462  14 
 3463  13 
 3464  10 
 3465  17 
 3466  13 
 3467  12 
 3468  16 
 3469  15 
 3470  9 
 3471  12 
 3472  7 
 3473  11 
 3474  5 
 3475  10 
 3476  8 
 3477  6 
 3478  18 
 3479  7 
 3480  7 
 3481  17 
 3482  7 
 3483  15 
 3484  12 
 3485  15 
 3486  9 
 3487  13 
 3488  14 
 3489  17 
 3490  12 
 3491  11 
 3492  8 
 3493  12 
 3494  7 
 3495  10 
 3496  12 
 3497  10 
 3498  9 
 3499  15 
 3500  6 
 3501  10 
 3502  14 
 3503  13 
 3504  15 
 3505  13 
 3506  8 
 3507  14 
 3508  9 
 3509  19 
 3510  5 
 3511  8 
 3512  13 
 3513  12 
 3514  11 
 3515  10 
 3516  14 
 3517  15 
 3518  8 
 3519  7 
 3520  9 
 3521  9 
 3522  10 
 3523  13 
 3524  7 
 3525  10 
 3526  15 
 3527  12 
 3528  13 
 3529  14 
 3530  11 
 3531  11 
 3532  12 
 3533  13 
 3534  9 
 3535  13 
 3536  13 
 3537  9 
 3538  16 
 3539  17 
 3540  11 
 3541  15 
 3542  15 
 3543  7 
 3544  13 
 3545  8 
 3546  10 
 3547  6 
 3548  16 
 3549  9 
 3550  9 
 3551  7 
 3552  16 
 3553  15 
 3554  10 
 3555  14 
 3556  9 
 3557  9 
 3558  9 
 3559  13 
 3560  11 
 3561  7 
 3562  10 
 3563  12 
 3564  14 
 3565  10 
 3566  6 
 3567  8 
 3568  15 
 3569  10 
 3570  18 
 3571  15 
 3572  15 
 3573  18 
 3574  11 
 3575  10 
 3576  10 
 3577  12 
 3578  15 
 3579  17 
 3580  16 
 3581  16 
 3582  10 
 3583  6 
 3584  8 
 3585  9 
 3586  16 
 3587  8 
 3588  11 
 3589  5 
 3590  17 
 3591  9 
 3592  17 
 3593  12 
 3594  12 
 3595  12 
 3596  16 
 3597  7 
 3598  5 
 3599  8 
 3600  8 
 3601  11 
 3602  16 
 3603  11 
 3604  9 
 3605  10 
 3606  11 
 3607  16 
 3608  8 
 3609  14 
 3610  13 
 3611  13 
 3612  8 
 3613  14 
 3614  14 
 3615  10 
 3616  10 
 3617  10 
 3618  18 
 3619  14 
 3620  17 
 3621  10 
 3622  18 
 3623  10 
 3624  14 
 3625  12 
 3626  14 
 3627  10 
 3628  15 
 3629  13 
 3630  15 
 3631  10 
 3632  14 
 3633  9 
 3634  9 
 3635  8 
 3636  17 
 3637  20 
 3638  12 
 3639  11 
 3640  7 
 3641  11 
 3642  13 
 3643  11 
 3644  12 
 3645  14 
 3646  10 
 3647  9 
 3648  15 
 3649  15 
 3650  10 
 3651  14 
 3652  6 
 3653  9 
 3654  10 
 3655  11 
 3656  17 
 3657  18 
 3658  14 
 3659  19 
 3660  23 
 3661  15 
 3662  19 
 3663  15 
 3664  14 
 3665  15 
 3666  9 
 3667  15 
 3668  13 
 3669  10 
 3670  11 
 3671  14 
 3672  16 
 3673  12 
 3674  18 
 3675  16 
 3676  10 
 3677  13 
 3678  12 
 3679  19 
 3680  14 
 3681  15 
 3682  18 
 3683  14 
 3684  9 
 3685  7 
 3686  14 
 3687  12 
 3688  15 
 3689  9 
 3690  15 
 3691  13 
 3692  7 
 3693  16 
 3694  16 
 3695  11 
 3696  11 
 3697  17 
 3698  8 
 3699  13 
 3700  8 
 3701  12 
 3702  22 
 3703  5 
 3704  15 
 3705  14 
 3706  9 
 3707  24 
 3708  11 
 3709  12 
 3710  12 
 3711  9 
 3712  14 
 3713  13 
 3714  11 
 3715  12 
 3716  8 
 3717  14 
 3718  12 
 3719  5 
 3720  16 
 3721  13 
 3722  13 
 3723  11 
 3724  11 
 3725  13 
 3726  8 
 3727  13 
 3728  10 
 3729  18 
 3730  9 
 3731  10 
 3732  7 
 3733  15 
 3734  14 
 3735  16 
 3736  9 
 3737  13 
 3738  15 
 3739  8 
 3740  13 
 3741  15 
 3742  15 
 3743  11 
 3744  13 
 3745  10 
 3746  16 
 3747  21 
 3748  16 
 3749  9 
 3750  12 
 3751  16 
 3752  11 
 3753  14 
 3754  17 
 3755  14 
 3756  10 
 3757  13 
 3758  9 
 3759  10 
 3760  19 
 3761  15 
 3762  11 
 3763  18 
 3764  11 
 3765  7 
 3766  8 
 3767  14 
 3768  13 
 3769  15 
 3770  10 
 3771  14 
 3772  12 
 3773  16 
 3774  15 
 3775  13 
 3776  11 
 3777  8 
 3778  8 
 3779  12 
 3780  12 
 3781  15 
 3782  13 
 3783  11 
 3784  14 
 3785  8 
 3786  19 
 3787  9 
 3788  11 
 3789  17 
 3790  18 
 3791  10 
 3792  18 
 3793  7 
 3794  15 
 3795  8 
 3796  11 
 3797  12 
 3798  12 
 3799  9 
 3800  12 
 3801  11 
 3802  15 
 3803  11 
 3804  11 
 3805  12 
 3806  10 
 3807  11 
 3808  18 
 3809  13 
 3810  16 
 3811  11 
 3812  17 
 3813  19 
 3814  18 
 3815  13 
 3816  15 
 3817  14 
 3818  13 
 3819  12 
 3820  14 
 3821  23 
 3822  17 
 3823  12 
 3824  15 
 3825  12 
 3826  20 
 3827  13 
 3828  7 
 3829  11 
 3830  15 
 3831  24 
 3832  13 
 3833  10 
 3834  14 
 3835  14 
 3836  17 
 3837  16 
 3838  12 
 3839  17 
 3840  20 
 3841  13 
 3842  17 
 3843  9 
 3844  12 
 3845  15 
 3846  10 
 3847  20 
 3848  26 
 3849  11 
 3850  18 
 3851  26 
 3852  21 
 3853  18 
 3854  21 
 3855  17 
 3856  29 
 3857  17 
 3858  17 
 3859  14 
 3860  20 
 3861  12 
 3862  22 
 3863  23 
 3864  18 
 3865  19 
 3866  14 
 3867  20 
 3868  29 
 3869  23 
 3870  25 
 3871  32 
 3872  30 
 3873  29 
 3874  23 
 3875  38 
 3876  33 
 3877  31 
 3878  37 
 3879  28 
 3880  28 
 3881  31 
 3882  23 
 3883  46 
 3884  34 
 3885  22 
 3886  41 
 3887  29 
 3888  53 
 3889  35 
 3890  55 
 3891  27 
 3892  48 
 3893  35 
 3894  43 
 3895  46 
 3896  47 
 3897  51 
 3898  49 
 3899  46 
 3900  50 
 3901  43 
 3902  39 
 3903  36 
 3904  45 
 3905  44 
 3906  44 
 3907  36 
 3908  41 
 3909  34 
 3910  47 
 3911  45 
 3912  62 
 3913  54 
 3914  44 
 3915  57 
 3916  54 
 3917  50 
 3918  62 
 3919  52 
 3920  42 
 3921  57 
 3922  52 
 3923  57 
 3924  50 
 3925  52 
 3926  54 
 3927  65 
 3928  57 
 3929  62 
 3930  70 
 3931  72 
 3932  79 
 3933  84 
 3934  80 
 3935  84 
 3936  96 
 3937  79 
 3938  97 
 3939  111 
 3940  114 
 3941  89 
 3942  95 
 3943  102 
 3944  114 
 3945  137 
 3946  126 
 3947  118 
 3948  109 
 3949  146 
 3950  147 
 3951  122 
 3952  132 
 3953  138 
 3954  137 
 3955  138 
 3956  114 
 3957  153 
 3958  149 
 3959  139 
 3960  138 
 3961  169 
 3962  136 
 3963  159 
 3964  147 
 3965  151 
 3966  131 
 3967  150 
 3968  136 
 3969  125 
 3970  128 
 3971  119 
 3972  145 
 3973  107 
 3974  91 
 3975  105 
 3976  99 
 3977  100 
 3978  79 
 3979  82 
 3980  70 
 3981  86 
 3982  74 
 3983  82 
 3984  63 
 3985  49 
 3986  48 
 3987  55 
 3988  66 
 3989  53 
 3990  46 
 3991  41 
 3992  40 
 3993  43 
 3994  28 
 3995  34 
 3996  36 
 3997  28 
 3998  25 
 3999  29 
 4000  29 
 4001  32 
 4002  23 
 4003  29 
 4004  11 
 4005  23 
 4006  14 
 4007  31 
 4008  13 
 4009  14 
 4010  21 
 4011  16 
 4012  16 
 4013  11 
 4014  16 
 4015  15 
 4016  17 
 4017  19 
 4018  19 
 4019  15 
 4020  19 
 4021  21 
 4022  14 
 4023  18 
 4024  14 
 4025  8 
 4026  22 
 4027  21 
 4028  15 
 4029  15 
 4030  27 
 4031  19 
 4032  16 
 4033  21 
 4034  15 
 4035  21 
 4036  24 
 4037  26 
 4038  20 
 4039  16 
 4040  13 
 4041  21 
 4042  17 
 4043  21 
 4044  24 
 4045  25 
 4046  23 
 4047  20 
 4048  19 
 4049  13 
 4050  24 
 4051  27 
 4052  28 
 4053  22 
 4054  29 
 4055  28 
 4056  35 
 4057  38 
 4058  32 
 4059  42 
 4060  40 
 4061  29 
 4062  52 
 4063  45 
 4064  47 
 4065  38 
 4066  49 
 4067  54 
 4068  67 
 4069  68 
 4070  65 
 4071  44 
 4072  81 
 4073  74 
 4074  92 
 4075  88 
 4076  101 
 4077  97 
 4078  105 
 4079  124 
 4080  129 
 4081  115 
 4082  144 
 4083  154 
 4084  154 
 4085  231 
 4086  178 
 4087  210 
 4088  216 
 4089  248 
 4090  287 
 4091  305 
 4092  323 
 4093  346 
 4094  383 
 4095  396 
 4096  458 
 4097  479 
 4098  550 
 4099  616 
 4100  577 
 4101  699 
 4102  755 
 4103  820 
 4104  898 
 4105  993 
 4106  1099 
 4107  1067 
 4108  1233 
 4109  1268 
 4110  1457 
 4111  1539 
 4112  1685 
 4113  1754 
 4114  1856 
 4115  1956 
 4116  2114 
 4117  2288 
 4118  2462 
 4119  2593 
 4120  2697 
 4121  2875 
 4122  2932 
 4123  3054 
 4124  3231 
 4125  3315 
 4126  3350 
 4127  3440 
 4128  3554 
 4129  3534 
 4130  3643 
 4131  3690 
 4132  3689 
 4133  3641 
 4134  3555 
 4135  3550 
 4136  3444 
 4137  3474 
 4138  3323 
 4139  3231 
 4140  3086 
 4141  3076 
 4142  2932 
 4143  2773 
 4144  2612 
 4145  2552 
 4146  2446 
 4147  2177 
 4148  2037 
 4149  1832 
 4150  1799 
 4151  1662 
 4152  1500 
 4153  1387 
 4154  1246 
 4155  1124 
 4156  1050 
 4157  978 
 4158  855 
 4159  778 
 4160  672 
 4161  638 
 4162  555 
 4163  493 
 4164  456 
 4165  411 
 4166  362 
 4167  316 
 4168  302 
 4169  282 
 4170  253 
 4171  233 
 4172  236 
 4173  209 
 4174  229 
 4175  201 
 4176  190 
 4177  191 
 4178  188 
 4179  172 
 4180  199 
 4181  196 
 4182  172 
 4183  183 
 4184  190 
 4185  187 
 4186  185 
 4187  181 
 4188  188 
 4189  172 
 4190  181 
 4191  170 
 4192  179 
 4193  190 
 4194  181 
 4195  175 
 4196  195 
 4197  154 
 4198  141 
 4199  156 
 4200  145 
 4201  145 
 4202  144 
 4203  118 
 4204  128 
 4205  132 
 4206  125 
 4207  117 
 4208  113 
 4209  119 
 4210  112 
 4211  123 
 4212  105 
 4213  104 
 4214  120 
 4215  95 
 4216  105 
 4217  114 
 4218  111 
 4219  136 
 4220  135 
 4221  153 
 4222  151 
 4223  134 
 4224  182 
 4225  196 
 4226  207 
 4227  240 
 4228  257 
 4229  266 
 4230  291 
 4231  275 
 4232  350 
 4233  398 
 4234  394 
 4235  388 
 4236  444 
 4237  508 
 4238  553 
 4239  604 
 4240  627 
 4241  748 
 4242  731 
 4243  857 
 4244  862 
 4245  954 
 4246  1014 
 4247  1132 
 4248  1185 
 4249  1371 
 4250  1328 
 4251  1503 
 4252  1507 
 4253  1684 
 4254  1786 
 4255  1850 
 4256  1886 
 4257  2070 
 4258  2168 
 4259  2301 
 4260  2313 
 4261  2457 
 4262  2544 
 4263  2596 
 4264  2796 
 4265  2825 
 4266  2894 
 4267  3007 
 4268  3094 
 4269  3146 
 4270  3179 
 4271  3262 
 4272  3235 
 4273  3243 
 4274  3382 
 4275  3304 
 4276  3260 
 4277  3193 
 4278  3226 
 4279  3158 
 4280  3139 
 4281  3033 
 4282  2948 
 4283  3080 
 4284  2904 
 4285  2660 
 4286  2691 
 4287  2572 
 4288  2389 
 4289  2333 
 4290  2175 
 4291  2008 
 4292  1967 
 4293  1810 
 4294  1774 
 4295  1567 
 4296  1516 
 4297  1455 
 4298  1341 
 4299  1184 
 4300  1114 
 4301  1007 
 4302  983 
 4303  870 
 4304  819 
 4305  759 
 4306  730 
 4307  629 
 4308  563 
 4309  510 
 4310  514 
 4311  492 
 4312  445 
 4313  452 
 4314  440 
 4315  454 
 4316  381 
 4317  392 
 4318  403 
 4319  365 
 4320  378 
 4321  369 
 4322  377 
 4323  388 
 4324  353 
 4325  369 
 4326  324 
 4327  367 
 4328  383 
 4329  328 
 4330  317 
 4331  315 
 4332  313 
 4333  305 
 4334  308 
 4335  312 
 4336  268 
 4337  247 
 4338  250 
 4339  233 
 4340  224 
 4341  198 
 4342  182 
 4343  185 
 4344  168 
 4345  177 
 4346  157 
 4347  123 
 4348  146 
 4349  138 
 4350  141 
 4351  114 
 4352  91 
 4353  100 
 4354  98 
 4355  93 
 4356  74 
 4357  68 
 4358  69 
 4359  66 
 4360  54 
 4361  52 
 4362  74 
 4363  42 
 4364  32 
 4365  38 
 4366  36 
 4367  24 
 4368  32 
 4369  39 
 4370  23 
 4371  26 
 4372  23 
 4373  25 
 4374  21 
 4375  20 
 4376  17 
 4377  18 
 4378  13 
 4379  9 
 4380  12 
 4381  9 
 4382  6 
 4383  8 
 4384  4 
 4385  7 
 4386  5 
 4387  4 
 4388  4 
 4389  2 
 4390  0 
 4391  5 
 4392  5 
 4393  3 
 4394  1 
 4395  8 
 4396  4 
 4397  4 
 4398  2 
 4399  1 
 4400  10 
 4401  2 
 4402  1 
 4403  4 
 4404  5 
 4405  3 
 4406  4 
 4407  2 
 4408  2 
 4409  1 
 4410  3 
 4411  2 
 4412  2 
 4413  2 
 4414  0 
 4415  3 
 4416  1 
 4417  3 
 4418  0 
 4419  3 
 4420  2 
 4421  5 
 4422  4 
 4423  3 
 4424  2 
 4425  3 
 4426  1 
 4427  3 
 4428  2 
 4429  3 
 4430  2 
 4431  3 
 4432  4 
 4433  3 
 4434  2 
 4435  0 
 4436  4 
 4437  3 
 4438  0 
 4439  0 
 4440  3 
 4441  0 
 4442  3 
 4443  1 
 4444  2 
 4445  0 
 4446  0 
 4447  0 
 4448  2 
 4449  0 
 4450  3 
 4451  1 
 4452  2 
 4453  3 
 4454  2 
 4455  0 
 4456  1 
 4457  2 
 4458  0 
 4459  2 
 4460  3 
 4461  1 
 4462  0 
 4463  2 
 4464  1 
 4465  4 
 4466  3 
 4467  4 
 4468  0 
 4469  0 
 4470  3 
 4471  0 
 4472  3 
 4473  0 
 4474  4 
 4475  0 
 4476  4 
 4477  3 
 4478  1 
 4479  0 
 4480  0 
 4481  0 
 4482  0 
 4483  0 
 4484  1 
 4485  3 
 4486  2 
 4487  0 
 4488  1 
 4489  1 
 4490  2 
 4491  0 
 4492  2 
 4493  1 
 4494  0 
 4495  0 
 4496  2 
 4497  2 
 4498  0 
 4499  2 
 4500  1 
 4501  3 
 4502  0 
 4503  0 
 4504  4 
 4505  0 
 4506  1 
 4507  4 
 4508  1 
 4509  2 
 4510  2 
 4511  0 
 4512  0 
 4513  1 
 4514  1 
 4515  2 
 4516  2 
 4517  2 
 4518  1 
 4519  1 
 4520  1 
 4521  0 
 4522  0 
 4523  0 
 4524  0 
 4525  1 
 4526  1 
 4527  0 
 4528  1 
 4529  1 
 4530  1 
 4531  0 
 4532  4 
 4533  1 
 4534  4 
 4535  1 
 4536  1 
 4537  1 
 4538  1 
 4539  2 
 4540  2 
 4541  1 
 4542  3 
 4543  0 
 4544  0 
 4545  2 
 4546  1 
 4547  2 
 4548  0 
 4549  2 
 4550  5 
 4551  0 
 4552  3 
 4553  1 
 4554  1 
 4555  0 
 4556  1 
 4557  1 
 4558  2 
 4559  1 
 4560  2 
 4561  2 
 4562  0 
 4563  0 
 4564  1 
 4565  1 
 4566  1 
 4567  1 
 4568  1 
 4569  2 
 4570  1 
 4571  1 
 4572  1 
 4573  3 
 4574  4 
 4575  1 
 4576  0 
 4577  0 
 4578  0 
 4579  1 
 4580  1 
 4581  0 
 4582  0 
 4583  1 
 4584  1 
 4585  2 
 4586  1 
 4587  0 
 4588  1 
 4589  2 
 4590  1 
 4591  1 
 4592  0 
 4593  3 
 4594  1 
 4595  1 
 4596  2 
 4597  0 
 4598  0 
 4599  0 
 4600  1 
 4601  3 
 4602  0 
 4603  1 
 4604  1 
 4605  3 
 4606  1 
 4607  0 
 4608  2 
 4609  1 
 4610  0 
 4611  0 
 4612  0 
 4613  0 
 4614  0 
 4615  0 
 4616  3 
 4617  0 
 4618  1 
 4619  2 
 4620  3 
 4621  1 
 4622  0 
 4623  2 
 4624  2 
 4625  0 
 4626  1 
 4627  1 
 4628  1 
 4629  1 
 4630  1 
 4631  1 
 4632  3 
 4633  1 
 4634  0 
 4635  0 
 4636  1 
 4637  2 
 4638  0 
 4639  1 
 4640  3 
 4641  0 
 4642  1 
 4643  1 
 4644  0 
 4645  2 
 4646  2 
 4647  1 
 4648  1 
 4649  2 
 4650  1 
 4651  0 
 4652  0 
 4653  0 
 4654  0 
 4655  0 
 4656  0 
 4657  1 
 4658  0 
 4659  3 
 4660  1 
 4661  0 
 4662  0 
 4663  1 
 4664  0 
 4665  0 
 4666  4 
 4667  0 
 4668  0 
 4669  0 
 4670  3 
 4671  0 
 4672  0 
 4673  1 
 4674  1 
 4675  1 
 4676  0 
 4677  0 
 4678  3 
 4679  2 
 4680  1 
 4681  1 
 4682  0 
 4683  1 
 4684  1 
 4685  1 
 4686  2 
 4687  1 
 4688  1 
 4689  1 
 4690  2 
 4691  0 
 4692  0 
 4693  0 
 4694  2 
 4695  0 
 4696  0 
 4697  1 
 4698  0 
 4699  1 
 4700  2 
 4701  0 
 4702  0 
 4703  0 
 4704  0 
 4705  0 
 4706  0 
 4707  0 
 4708  0 
 4709  1 
 4710  0 
 4711  1 
 4712  0 
 4713  0 
 4714  0 
 4715  2 
 4716  1 
 4717  0 
 4718  0 
 4719  0 
 4720  1 
 4721  0 
 4722  0 
 4723  0 
 4724  1 
 4725  0 
 4726  1 
 4727  0 
 4728  0 
 4729  0 
 4730  0 
 4731  1 
 4732  0 
 4733  0 
 4734  2 
 4735  0 
 4736  0 
 4737  0 
 4738  1 
 4739  4 
 4740  0 
 4741  0 
 4742  0 
 4743  1 
 4744  0 
 4745  0 
 4746  1 
 4747  0 
 4748  2 
 4749  2 
 4750  0 
 4751  4 
 4752  0 
 4753  0 
 4754  1 
 4755  2 
 4756  1 
 4757  1 
 4758  0 
 4759  0 
 4760  1 
 4761  0 
 4762  1 
 4763  1 
 4764  1 
 4765  1 
 4766  0 
 4767  0 
 4768  1 
 4769  1 
 4770  0 
 4771  1 
 4772  1 
 4773  0 
 4774  0 
 4775  0 
 4776  0 
 4777  0 
 4778  0 
 4779  0 
 4780  0 
 4781  0 
 4782  0 
 4783  0 
 4784  0 
 4785  0 
 4786  0 
 4787  0 
 4788  0 
 4789  0 
 4790  0 
 4791  0 
 4792  0 
 4793  0 
 4794  0 
 4795  1 
 4796  0 
 4797  0 
 4798  0 
 4799  0 
 4800  0 
 4801  0 
 4802  0 
 4803  2 
 4804  0 
 4805  1 
 4806  1 
 4807  0 
 4808  0 
 4809  0 
 4810  0 
 4811  0 
 4812  2 
 4813  0 
 4814  0 
 4815  0 
 4816  0 
 4817  0 
 4818  0 
 4819  0 
 4820  2 
 4821  0 
 4822  1 
 4823  0 
 4824  1 
 4825  0 
 4826  0 
 4827  1 
 4828  0 
 4829  0 
 4830  0 
 4831  0 
 4832  0 
 4833  1 
 4834  0 
 4835  0 
 4836  1 
 4837  0 
 4838  0 
 4839  1 
 4840  1 
 4841  1 
 4842  0 
 4843  0 
 4844  0 
 4845  0 
 4846  0 
 4847  0 
 4848  0 
 4849  0 
 4850  1 
 4851  0 
 4852  3 
 4853  0 
 4854  1 
 4855  1 
 4856  0 
 4857  1 
 4858  0 
 4859  0 
 4860  2 
 4861  0 
 4862  0 
 4863  0 
 4864  0 
 4865  0 
 4866  0 
 4867  0 
 4868  0 
 4869  0 
 4870  0 
 4871  0 
 4872  0 
 4873  0 
 4874  0 
 4875  1 
 4876  1 
 4877  1 
 4878  0 
 4879  0 
 4880  1 
 4881  1 
 4882  2 
 4883  0 
 4884  0 
 4885  0 
 4886  0 
 4887  0 
 4888  0 
 4889  0 
 4890  0 
 4891  0 
 4892  0 
 4893  0 
 4894  0 
 4895  1 
 4896  2 
 4897  0 
 4898  1 
 4899  0 
 4900  1 
 4901  0 
 4902  1 
 4903  0 
 4904  1 
 4905  1 
 4906  0 
 4907  0 
 4908  0 
 4909  0 
 4910  1 
 4911  0 
 4912  0 
 4913  0 
 4914  0 
 4915  0 
 4916  0 
 4917  0 
 4918  1 
 4919  0 
 4920  0 
 4921  0 
 4922  0 
 4923  2 
 4924  1 
 4925  0 
 4926  0 
 4927  1 
 4928  0 
 4929  1 
 4930  0 
 4931  0 
 4932  1 
 4933  1 
 4934  2 
 4935  0 
 4936  0 
 4937  1 
 4938  1 
 4939  1 
 4940  1 
 4941  0 
 4942  0 
 4943  1 
 4944  0 
 4945  0 
 4946  1 
 4947  0 
 4948  1 
 4949  0 
 4950  0 
 4951  0 
 4952  0 
 4953  0 
 4954  0 
 4955  0 
 4956  1 
 4957  0 
 4958  0 
 4959  1 
 4960  0 
 4961  0 
 4962  0 
 4963  0 
 4964  0 
 4965  2 
 4966  0 
 4967  0 
 4968  0 
 4969  0 
 4970  0 
 4971  1 
 4972  0 
 4973  0 
 4974  0 
 4975  1 
 4976  0 
 4977  1 
 4978  0 
 4979  0 
 4980  0 
 4981  1 
 4982  1 
 4983  0 
 4984  0 
 4985  0 
 4986  0 
 4987  0 
 4988  0 
 4989  1 
 4990  0 
 4991  1 
 4992  0 
 4993  0 
 4994  0 
 4995  0 
 4996  0 
 4997  0 
 4998  0 
 4999  0 
 5000  0 
 5001  0 
 5002  0 
 5003  1 
 5004  0 
 5005  0 
 5006  0 
 5007  1 
 5008  0 
 5009  1 
 5010  0 
 5011  0 
 5012  0 
 5013  0 
 5014  0 
 5015  1 
 5016  1 
 5017  0 
 5018  0 
 5019  0 
 5020  0 
 5021  0 
 5022  1 
 5023  0 
 5024  0 
 5025  1 
 5026  0 
 5027  1 
 5028  2 
 5029  0 
 5030  0 
 5031  0 
 5032  0 
 5033  0 
 5034  0 
 5035  0 
 5036  1 
 5037  0 
 5038  1 
 5039  0 
 5040  0 
 5041  0 
 5042  0 
 5043  1 
 5044  1 
 5045  0 
 5046  0 
 5047  0 
 5048  0 
 5049  1 
 5050  0 
 5051  0 
 5052  0 
 5053  1 
 5054  0 
 5055  0 
 5056  0 
 5057  0 
 5058  1 
 5059  0 
 5060  0 
 5061  1 
 5062  0 
 5063  0 
 5064  1 
 5065  0 
 5066  0 
 5067  1 
 5068  0 
 5069  0 
 5070  0 
 5071  0 
 5072  1 
 5073  0 
 5074  0 
 5075  0 
 5076  0 
 5077  0 
 5078  0 
 5079  0 
 5080  1 
 5081  0 
 5082  1 
 5083  0 
 5084  1 
 5085  0 
 5086  0 
 5087  0 
 5088  0 
 5089  1 
 5090  1 
 5091  0 
 5092  0 
 5093  0 
 5094  1 
 5095  1 
 5096  0 
 5097  0 
 5098  0 
 5099  0 
 5100  0 
 5101  1 
 5102  1 
 5103  0 
 5104  0 
 5105  1 
 5106  0 
 5107  0 
 5108  0 
 5109  1 
 5110  0 
 5111  0 
 5112  0 
 5113  1 
 5114  0 
 5115  1 
 5116  0 
 5117  0 
 5118  2 
 5119  0 
 5120  0 
 5121  1 
 5122  0 
 5123  0 
 5124  1 
 5125  0 
 5126  0 
 5127  2 
 5128  0 
 5129  1 
 5130  0 
 5131  0 
 5132  0 
 5133  0 
 5134  0 
 5135  0 
 5136  0 
 5137  0 
 5138  0 
 5139  0 
 5140  0 
 5141  2 
 5142  0 
 5143  0 
 5144  0 
 5145  1 
 5146  0 
 5147  0 
 5148  0 
 5149  0 
 5150  1 
 5151  0 
 5152  1 
 5153  0 
 5154  1 
 5155  1 
 5156  0 
 5157  0 
 5158  0 
 5159  1 
 5160  1 
 5161  1 
 5162  0 
 5163  1 
 5164  0 
 5165  0 
 5166  0 
 5167  0 
 5168  0 
 5169  1 
 5170  1 
 5171  0 
 5172  0 
 5173  0 
 5174  0 
 5175  0 
 5176  0 
 5177  0 
 5178  0 
 5179  0 
 5180  0 
 5181  0 
 5182  0 
 5183  0 
 5184  0 
 5185  0 
 5186  0 
 5187  0 
 5188  0 
 5189  0 
 5190  1 
 5191  0 
 5192  0 
 5193  0 
 5194  0 
 5195  1 
 5196  0 
 5197  0 
 5198  0 
 5199  0 
 5200  0 
 5201  0 
 5202  0 
 5203  0 
 5204  1 
 5205  1 
 5206  0 
 5207  0 
 5208  0 
 5209  0 
 5210  0 
 5211  1 
 5212  1 
 5213  0 
 5214  0 
 5215  0 
 5216  0 
 5217  0 
 5218  0 
 5219  0 
 5220  0 
 5221  0 
 5222  0 
 5223  1 
 5224  0 
 5225  0 
 5226  0 
 5227  0 
 5228  0 
 5229  1 
 5230  0 
 5231  0 
 5232  0 
 5233  0 
 5234  0 
 5235  0 
 5236  0 
 5237  0 
 5238  0 
 5239  0 
 5240  1 
 5241  0 
 5242  0 
 5243  1 
 5244  0 
 5245  0 
 5246  0 
 5247  0 
 5248  0 
 5249  0 
 5250  0 
 5251  0 
 5252  0 
 5253  0 
 5254  0 
 5255  2 
 5256  2 
 5257  0 
 5258  0 
 5259  0 
 5260  0 
 5261  0 
 5262  0 
 5263  0 
 5264  1 
 5265  0 
 5266  0 
 5267  0 
 5268  0 
 5269  0 
 5270  0 
 5271  0 
 5272  0 
 5273  1 
 5274  0 
 5275  1 
 5276  0 
 5277  0 
 5278  0 
 5279  0 
 5280  0 
 5281  1 
 5282  1 
 5283  0 
 5284  0 
 5285  0 
 5286  0 
 5287  0 
 5288  0 
 5289  1 
 5290  1 
 5291  0 
 5292  0 
 5293  0 
 5294  2 
 5295  0 
 5296  0 
 5297  0 
 5298  0 
 5299  0 
 5300  0 
 5301  1 
 5302  0 
 5303  0 
 5304  0 
 5305  0 
 5306  0 
 5307  1 
 5308  0 
 5309  0 
 5310  0 
 5311  1 
 5312  1 
 5313  0 
 5314  0 
 5315  0 
 5316  1 
 5317  0 
 5318  0 
 5319  2 
 5320  1 
 5321  2 
 5322  0 
 5323  1 
 5324  0 
 5325  0 
 5326  0 
 5327  0 
 5328  0 
 5329  0 
 5330  0 
 5331  1 
 5332  0 
 5333  0 
 5334  3 
 5335  0 
 5336  1 
 5337  0 
 5338  0 
 5339  0 
 5340  0 
 5341  0 
 5342  0 
 5343  0 
 5344  0 
 5345  0 
 5346  1 
 5347  0 
 5348  1 
 5349  0 
 5350  1 
 5351  1 
 5352  0 
 5353  2 
 5354  0 
 5355  0 
 5356  0 
 5357  0 
 5358  0 
 5359  0 
 5360  0 
 5361  0 
 5362  1 
 5363  1 
 5364  0 
 5365  0 
 5366  0 
 5367  0 
 5368  0 
 5369  0 
 5370  0 
 5371  0 
 5372  0 
 5373  0 
 5374  0 
 5375  0 
 5376  0 
 5377  0 
 5378  0 
 5379  0 
 5380  0 
 5381  0 
 5382  0 
 5383  0 
 5384  1 
 5385  1 
 5386  0 
 5387  0 
 5388  0 
 5389  1 
 5390  0 
 5391  0 
 5392  1 
 5393  0 
 5394  1 
 5395  0 
 5396  0 
 5397  0 
 5398  0 
 5399  1 
 5400  0 
 5401  0 
 5402  0 
 5403  0 
 5404  1 
 5405  0 
 5406  0 
 5407  0 
 5408  1 
 5409  0 
 5410  0 
 5411  0 
 5412  0 
 5413  1 
 5414  2 
 5415  0 
 5416  0 
 5417  0 
 5418  0 
 5419  0 
 5420  0 
 5421  1 
 5422  0 
 5423  1 
 5424  0 
 5425  0 
 5426  1 
 5427  0 
 5428  0 
 5429  0 
 5430  1 
 5431  0 
 5432  0 
 5433  0 
 5434  0 
 5435  0 
 5436  0 
 5437  0 
 5438  0 
 5439  0 
 5440  0 
 5441  0 
 5442  0 
 5443  0 
 5444  0 
 5445  0 
 5446  0 
 5447  1 
 5448  0 
 5449  1 
 5450  0 
 5451  0 
 5452  0 
 5453  0 
 5454  0 
 5455  1 
 5456  1 
 5457  0 
 5458  1 
 5459  0 
 5460  0 
 5461  1 
 5462  0 
 5463  0 
 5464  0 
 5465  0 
 5466  0 
 5467  0 
 5468  1 
 5469  2 
 5470  0 
 5471  1 
 5472  0 
 5473  0 
 5474  0 
 5475  1 
 5476  1 
 5477  0 
 5478  0 
 5479  1 
 5480  1 
 5481  0 
 5482  0 
 5483  0 
 5484  0 
 5485  0 
 5486  0 
 5487  0 
 5488  0 
 5489  0 
 5490  0 
 5491  0 
 5492  0 
 5493  0 
 5494  0 
 5495  1 
 5496  0 
 5497  0 
 5498  0 
 5499  0 
 5500  0 
 5501  1 
 5502  1 
 5503  0 
 5504  0 
 5505  0 
 5506  0 
 5507  1 
 5508  0 
 5509  1 
 5510  0 
 5511  0 
 5512  0 
 5513  0 
 5514  0 
 5515  1 
 5516  0 
 5517  0 
 5518  0 
 5519  0 
 5520  0 
 5521  0 
 5522  0 
 5523  0 
 5524  0 
 5525  0 
 5526  0 
 5527  0 
 5528  0 
 5529  0 
 5530  1 
 5531  0 
 5532  1 
 5533  1 
 5534  0 
 5535  0 
 5536  0 
 5537  0 
 5538  0 
 5539  0 
 5540  0 
 5541  0 
 5542  0 
 5543  0 
 5544  1 
 5545  0 
 5546  0 
 5547  0 
 5548  0 
 5549  0 
 5550  0 
 5551  1 
 5552  1 
 5553  0 
 5554  1 
 5555  0 
 5556  0 
 5557  0 
 5558  0 
 5559  0 
 5560  1 
 5561  0 
 5562  0 
 5563  0 
 5564  0 
 5565  0 
 5566  1 
 5567  0 
 5568  0 
 5569  0 
 5570  1 
 5571  0 
 5572  0 
 5573  0 
 5574  0 
 5575  0 
 5576  0 
 5577  0 
 5578  0 
 5579  0 
 5580  0 
 5581  0 
 5582  1 
 5583  0 
 5584  0 
 5585  1 
 5586  0 
 5587  0 
 5588  1 
 5589  0 
 5590  0 
 5591  0 
 5592  0 
 5593  1 
 5594  1 
 5595  0 
 5596  0 
 5597  0 
 5598  0 
 5599  0 
 5600  0 
 5601  2 
 5602  0 
 5603  0 
 5604  1 
 5605  1 
 5606  0 
 5607  0 
 5608  0 
 5609  0 
 5610  0 
 5611  0 
 5612  0 
 5613  0 
 5614  0 
 5615  0 
 5616  0 
 5617  0 
 5618  0 
 5619  0 
 5620  0 
 5621  0 
 5622  0 
 5623  2 
 5624  0 
 5625  0 
 5626  0 
 5627  0 
 5628  0 
 5629  0 
 5630  0 
 5631  0 
 5632  0 
 5633  0 
 5634  0 
 5635  2 
 5636  0 
 5637  1 
 5638  1 
 5639  0 
 5640  0 
 5641  0 
 5642  0 
 5643  1 
 5644  1 
 5645  1 
 5646  0 
 5647  0 
 5648  0 
 5649  0 
 5650  1 
 5651  0 
 5652  1 
 5653  1 
 5654  1 
 5655  0 
 5656  0 
 5657  1 
 5658  0 
 5659  1 
 5660  0 
 5661  1 
 5662  0 
 5663  1 
 5664  0 
 5665  2 
 5666  0 
 5667  1 
 5668  0 
 5669  0 
 5670  0 
 5671  0 
 5672  0 
 5673  0 
 5674  0 
 5675  0 
 5676  1 
 5677  1 
 5678  1 
 5679  0 
 5680  0 
 5681  0 
 5682  0 
 5683  0 
 5684  0 
 5685  0 
 5686  1 
 5687  0 
 5688  0 
 5689  0 
 5690  0 
 5691  1 
 5692  0 
 5693  0 
 5694  0 
 5695  0 
 5696  1 
 5697  0 
 5698  0 
 5699  0 
 5700  0 
 5701  0 
 5702  0 
 5703  0 
 5704  2 
 5705  1 
 5706  0 
 5707  0 
 5708  0 
 5709  0 
 5710  1 
 5711  2 
 5712  0 
 5713  0 
 5714  0 
 5715  0 
 5716  0 
 5717  1 
 5718  0 
 5719  0 
 5720  1 
 5721  0 
 5722  0 
 5723  1 
 5724  0 
 5725  1 
 5726  0 
 5727  1 
 5728  0 
 5729  0 
 5730  0 
 5731  0 
 5732  0 
 5733  1 
 5734  0 
 5735  0 
 5736  0 
 5737  0 
 5738  1 
 5739  1 
 5740  0 
 5741  0 
 5742  0 
 5743  0 
 5744  0 
 5745  0 
 5746  1 
 5747  0 
 5748  0 
 5749  1 
 5750  0 
 5751  0 
 5752  0 
 5753  0 
 5754  0 
 5755  0 
 5756  0 
 5757  0 
 5758  0 
 5759  1 
 5760  0 
 5761  1 
 5762  0 
 5763  0 
 5764  1 
 5765  1 
 5766  0 
 5767  0 
 5768  0 
 5769  0 
 5770  0 
 5771  0 
 5772  0 
 5773  0 
 5774  1 
 5775  0 
 5776  0 
 5777  0 
 5778  0 
 5779  0 
 5780  0 
 5781  0 
 5782  0 
 5783  0 
 5784  0 
 5785  1 
 5786  0 
 5787  0 
 5788  1 
 5789  0 
 5790  0 
 5791  1 
 5792  0 
 5793  0 
 5794  0 
 5795  0 
 5796  1 
 5797  0 
 5798  1 
 5799  0 
 5800  0 
 5801  1 
 5802  0 
 5803  0 
 5804  1 
 5805  0 
 5806  0 
 5807  0 
 5808  0 
 5809  1 
 5810  0 
 5811  0 
 5812  0 
 5813  2 
 5814  1 
 5815  1 
 5816  1 
 5817  0 
 5818  1 
 5819  0 
 5820  1 
 5821  0 
 5822  1 
 5823  1 
 5824  0 
 5825  0 
 5826  0 
 5827  0 
 5828  0 
 5829  0 
 5830  1 
 5831  1 
 5832  0 
 5833  0 
 5834  1 
 5835  0 
 5836  0 
 5837  0 
 5838  0 
 5839  0 
 5840  1 
 5841  1 
 5842  0 
 5843  1 
 5844  0 
 5845  0 
 5846  0 
 5847  0 
 5848  0 
 5849  0 
 5850  1 
 5851  0 
 5852  0 
 5853  0 
 5854  0 
 5855  1 
 5856  0 
 5857  0 
 5858  0 
 5859  0 
 5860  0 
 5861  0 
 5862  1 
 5863  0 
 5864  0 
 5865  0 
 5866  0 
 5867  1 
 5868  0 
 5869  0 
 5870  0 
 5871  0 
 5872  0 
 5873  0 
 5874  1 
 5875  0 
 5876  0 
 5877  0 
 5878  0 
 5879  0 
 5880  0 
 5881  1 
 5882  0 
 5883  0 
 5884  2 
 5885  0 
 5886  0 
 5887  2 
 5888  0 
 5889  0 
 5890  0 
 5891  1 
 5892  0 
 5893  0 
 5894  0 
 5895  1 
 5896  1 
 5897  0 
 5898  0 
 5899  1 
 5900  0 
 5901  0 
 5902  0 
 5903  0 
 5904  0 
 5905  1 
 5906  0 
 5907  0 
 5908  0 
 5909  0 
 5910  0 
 5911  0 
 5912  0 
 5913  0 
 5914  0 
 5915  1 
 5916  0 
 5917  0 
 5918  0 
 5919  0 
 5920  0 
 5921  0 
 5922  0 
 5923  1 
 5924  0 
 5925  0 
 5926  0 
 5927  0 
 5928  1 
 5929  1 
 5930  0 
 5931  0 
 5932  0 
 5933  0 
 5934  2 
 5935  0 
 5936  0 
 5937  0 
 5938  0 
 5939  0 
 5940  1 
 5941  1 
 5942  0 
 5943  1 
 5944  0 
 5945  0 
 5946  2 
 5947  0 
 5948  0 
 5949  0 
 5950  0 
 5951  1 
 5952  0 
 5953  0 
 5954  0 
 5955  1 
 5956  0 
 5957  3 
 5958  0 
 5959  0 
 5960  0 
 5961  0 
 5962  0 
 5963  0 
 5964  0 
 5965  0 
 5966  0 
 5967  1 
 5968  0 
 5969  0 
 5970  0 
 5971  1 
 5972  0 
 5973  0 
 5974  0 
 5975  0 
 5976  0 
 5977  0 
 5978  0 
 5979  0 
 5980  0 
 5981  1 
 5982  0 
 5983  0 
 5984  0 
 5985  0 
 5986  0 
 5987  1 
 5988  1 
 5989  0 
 5990  0 
 5991  0 
 5992  0 
 5993  2 
 5994  0 
 5995  2 
 5996  0 
 5997  0 
 5998  0 
 5999  0 
 6000  1 
 6001  0 
 6002  0 
 6003  0 
 6004  0 
 6005  0 
 6006  0 
 6007  0 
 6008  0 
 6009  0 
 6010  1 
 6011  0 
 6012  0 
 6013  0 
 6014  0 
 6015  0 
 6016  0 
 6017  0 
 6018  1 
 6019  0 
 6020  0 
 6021  0 
 6022  0 
 6023  0 
 6024  0 
 6025  0 
 6026  1 
 6027  0 
 6028  2 
 6029  0 
 6030  0 
 6031  0 
 6032  0 
 6033  0 
 6034  0 
 6035  0 
 6036  0 
 6037  0 
 6038  0 
 6039  0 
 6040  0 
 6041  0 
 6042  0 
 6043  1 
 6044  0 
 6045  0 
 6046  2 
 6047  0 
 6048  0 
 6049  0 
 6050  0 
 6051  0 
 6052  0 
 6053  2 
 6054  0 
 6055  0 
 6056  0 
 6057  1 
 6058  0 
 6059  0 
 6060  0 
 6061  0 
 6062  0 
 6063  0 
 6064  1 
 6065  1 
 6066  0 
 6067  0 
 6068  1 
 6069  0 
 6070  2 
 6071  0 
 6072  1 
 6073  0 
 6074  1 
 6075  0 
 6076  0 
 6077  0 
 6078  0 
 6079  1 
 6080  0 
 6081  0 
 6082  1 
 6083  0 
 6084  0 
 6085  0 
 6086  0 
 6087  2 
 6088  0 
 6089  1 
 6090  0 
 6091  0 
 6092  0 
 6093  0 
 6094  1 
 6095  0 
 6096  0 
 6097  1 
 6098  0 
 6099  0 
 6100  0 
 6101  0 
 6102  0 
 6103  0 
 6104  0 
 6105  0 
 6106  0 
 6107  0 
 6108  1 
 6109  0 
 6110  1 
 6111  0 
 6112  1 
 6113  0 
 6114  0 
 6115  0 
 6116  0 
 6117  0 
 6118  0 
 6119  1 
 6120  0 
 6121  0 
 6122  0 
 6123  0 
 6124  0 
 6125  0 
 6126  0 
 6127  1 
 6128  0 
 6129  0 
 6130  2 
 6131  0 
 6132  0 
 6133  1 
 6134  1 
 6135  0 
 6136  0 
 6137  0 
 6138  0 
 6139  0 
 6140  0 
 6141  1 
 6142  0 
 6143  0 
 6144  0 
 6145  0 
 6146  1 
 6147  0 
 6148  0 
 6149  0 
 6150  0 
 6151  1 
 6152  0 
 6153  0 
 6154  0 
 6155  0 
 6156  1 
 6157  1 
 6158  0 
 6159  0 
 6160  1 
 6161  1 
 6162  0 
 6163  0 
 6164  0 
 6165  0 
 6166  0 
 6167  0 
 6168  0 
 6169  0 
 6170  0 
 6171  1 
 6172  0 
 6173  1 
 6174  0 
 6175  0 
 6176  1 
 6177  0 
 6178  0 
 6179  0 
 6180  0 
 6181  0 
 6182  0 
 6183  0 
 6184  0 
 6185  1 
 6186  1 
 6187  0 
 6188  1 
 6189  0 
 6190  0 
 6191  1 
 6192  1 
 6193  0 
 6194  1 
 6195  0 
 6196  0 
 6197  0 
 6198  0 
 6199  0 
 6200  0 
 6201  0 
 6202  0 
 6203  0 
 6204  0 
 6205  0 
 6206  0 
 6207  0 
 6208  0 
 6209  0 
 6210  0 
 6211  0 
 6212  0 
 6213  0 
 6214  0 
 6215  0 
 6216  0 
 6217  0 
 6218  0 
 6219  0 
 6220  1 
 6221  0 
 6222  0 
 6223  0 
 6224  0 
 6225  1 
 6226  0 
 6227  0 
 6228  0 
 6229  0 
 6230  0 
 6231  1 
 6232  0 
 6233  0 
 6234  0 
 6235  0 
 6236  0 
 6237  0 
 6238  0 
 6239  0 
 6240  0 
 6241  0 
 6242  1 
 6243  0 
 6244  0 
 6245  0 
 6246  0 
 6247  0 
 6248  1 
 6249  0 
 6250  0 
 6251  0 
 6252  0 
 6253  0 
 6254  0 
 6255  0 
 6256  0 
 6257  0 
 6258  0 
 6259  0 
 6260  0 
 6261  0 
 6262  0 
 6263  0 
 6264  0 
 6265  0 
 6266  0 
 6267  0 
 6268  0 
 6269  0 
 6270  1 
 6271  0 
 6272  0 
 6273  0 
 6274  0 
 6275  0 
 6276  0 
 6277  0 
 6278  0 
 6279  0 
 6280  0 
 6281  0 
 6282  1 
 6283  0 
 6284  0 
 6285  0 
 6286  0 
 6287  0 
 6288  0 
 6289  0 
 6290  1 
 6291  0 
 6292  0 
 6293  0 
 6294  0 
 6295  0 
 6296  0 
 6297  0 
 6298  0 
 6299  0 
 6300  0 
 6301  0 
 6302  0 
 6303  0 
 6304  0 
 6305  0 
 6306  0 
 6307  0 
 6308  0 
 6309  0 
 6310  0 
 6311  0 
 6312  0 
 6313  0 
 6314  0 
 6315  0 
 6316  0 
 6317  1 
 6318  0 
 6319  1 
 6320  0 
 6321  0 
 6322  0 
 6323  0 
 6324  0 
 6325  0 
 6326  0 
 6327  0 
 6328  0 
 6329  0 
 6330  0 
 6331  0 
 6332  0 
 6333  0 
 6334  0 
 6335  0 
 6336  0 
 6337  0 
 6338  0 
 6339  0 
 6340  0 
 6341  0 
 6342  0 
 6343  0 
 6344  0 
 6345  0 
 6346  0 
 6347  0 
 6348  0 
 6349  0 
 6350  0 
 6351  0 
 6352  0 
 6353  0 
 6354  1 
 6355  0 
 6356  0 
 6357  0 
 6358  0 
 6359  0 
 6360  0 
 6361  1 
 6362  0 
 6363  0 
 6364  1 
 6365  0 
 6366  0 
 6367  0 
 6368  0 
 6369  0 
 6370  0 
 6371  0 
 6372  2 
 6373  0 
 6374  0 
 6375  0 
 6376  0 
 6377  0 
 6378  0 
 6379  0 
 6380  0 
 6381  0 
 6382  0 
 6383  0 
 6384  0 
 6385  0 
 6386  0 
 6387  0 
 6388  0 
 6389  0 
 6390  1 
 6391  0 
 6392  0 
 6393  0 
 6394  0 
 6395  0 
 6396  0 
 6397  0 
 6398  0 
 6399  0 
 6400  0 
 6401  0 
 6402  0 
 6403  0 
 6404  0 
 6405  0 
 6406  0 
 6407  0 
 6408  0 
 6409  0 
 6410  0 
 6411  0 
 6412  0 
 6413  0 
 6414  1 
 6415  0 
 6416  0 
 6417  0 
 6418  0 
 6419  0 
 6420  1 
 6421  0 
 6422  1 
 6423  1 
 6424  0 
 6425  0 
 6426  0 
 6427  0 
 6428  0 
 6429  0 
 6430  0 
 6431  1 
 6432  1 
 6433  0 
 6434  0 
 6435  0 
 6436  0 
 6437  1 
 6438  0 
 6439  0 
 6440  1 
 6441  0 
 6442  0 
 6443  0 
 6444  0 
 6445  0 
 6446  0 
 6447  0 
 6448  0 
 6449  0 
 6450  0 
 6451  1 
 6452  0 
 6453  0 
 6454  0 
 6455  0 
 6456  0 
 6457  0 
 6458  1 
 6459  0 
 6460  0 
 6461  0 
 6462  0 
 6463  0 
 6464  0 
 6465  0 
 6466  0 
 6467  0 
 6468  0 
 6469  0 
 6470  0 
 6471  0 
 6472  0 
 6473  0 
 6474  0 
 6475  0 
 6476  0 
 6477  0 
 6478  0 
 6479  0 
 6480  0 
 6481  1 
 6482  1 
 6483  0 
 6484  0 
 6485  0 
 6486  0 
 6487  0 
 6488  0 
 6489  0 
 6490  0 
 6491  0 
 6492  0 
 6493  0 
 6494  0 
 6495  1 
 6496  0 
 6497  0 
 6498  0 
 6499  0 
 6500  0 
 6501  0 
 6502  0 
 6503  0 
 6504  0 
 6505  0 
 6506  0 
 6507  0 
 6508  0 
 6509  0 
 6510  0 
 6511  0 
 6512  0 
 6513  0 
 6514  0 
 6515  0 
 6516  0 
 6517  0 
 6518  0 
 6519  0 
 6520  0 
 6521  0 
 6522  0 
 6523  0 
 6524  1 
 6525  0 
 6526  0 
 6527  0 
 6528  0 
 6529  0 
 6530  1 
 6531  1 
 6532  0 
 6533  0 
 6534  0 
 6535  0 
 6536  0 
 6537  0 
 6538  0 
 6539  0 
 6540  0 
 6541  0 
 6542  1 
 6543  0 
 6544  0 
 6545  1 
 6546  0 
 6547  0 
 6548  0 
 6549  0 
 6550  1 
 6551  0 
 6552  0 
 6553  0 
 6554  0 
 6555  0 
 6556  0 
 6557  0 
 6558  0 
 6559  0 
 6560  0 
 6561  0 
 6562  0 
 6563  1 
 6564  0 
 6565  0 
 6566  1 
 6567  0 
 6568  0 
 6569  0 
 6570  0 
 6571  0 
 6572  0 
 6573  1 
 6574  0 
 6575  1 
 6576  0 
 6577  0 
 6578  0 
 6579  0 
 6580  0 
 6581  0 
 6582  0 
 6583  0 
 6584  0 
 6585  0 
 6586  1 
 6587  1 
 6588  0 
 6589  0 
 6590  1 
 6591  0 
 6592  0 
 6593  0 
 6594  0 
 6595  0 
 6596  0 
 6597  0 
 6598  0 
 6599  0 
 6600  0 
 6601  0 
 6602  0 
 6603  0 
 6604  0 
 6605  1 
 6606  1 
 6607  0 
 6608  0 
 6609  0 
 6610  0 
 6611  1 
 6612  0 
 6613  1 
 6614  0 
 6615  0 
 6616  0 
 6617  0 
 6618  0 
 6619  0 
 6620  0 
 6621  0 
 6622  0 
 6623  1 
 6624  0 
 6625  0 
 6626  0 
 6627  0 
 6628  0 
 6629  1 
 6630  1 
 6631  0 
 6632  0 
 6633  0 
 6634  1 
 6635  0 
 6636  1 
 6637  0 
 6638  0 
 6639  0 
 6640  0 
 6641  0 
 6642  0 
 6643  0 
 6644  0 
 6645  0 
 6646  0 
 6647  0 
 6648  0 
 6649  1 
 6650  0 
 6651  0 
 6652  0 
 6653  1 
 6654  1 
 6655  1 
 6656  0 
 6657  0 
 6658  0 
 6659  0 
 6660  0 
 6661  0 
 6662  0 
 6663  1 
 6664  0 
 6665  0 
 6666  0 
 6667  1 
 6668  0 
 6669  2 
 6670  1 
 6671  1 
 6672  0 
 6673  1 
 6674  0 
 6675  0 
 6676  1 
 6677  0 
 6678  0 
 6679  0 
 6680  1 
 6681  0 
 6682  1 
 6683  0 
 6684  0 
 6685  0 
 6686  1 
 6687  1 
 6688  0 
 6689  1 
 6690  0 
 6691  1 
 6692  2 
 6693  0 
 6694  1 
 6695  1 
 6696  0 
 6697  1 
 6698  0 
 6699  0 
 6700  1 
 6701  0 
 6702  0 
 6703  1 
 6704  1 
 6705  0 
 6706  0 
 6707  0 
 6708  1 
 6709  1 
 6710  0 
 6711  0 
 6712  2 
 6713  0 
 6714  0 
 6715  1 
 6716  1 
 6717  0 
 6718  0 
 6719  0 
 6720  2 
 6721  1 
 6722  0 
 6723  0 
 6724  1 
 6725  0 
 6726  0 
 6727  0 
 6728  0 
 6729  1 
 6730  0 
 6731  1 
 6732  0 
 6733  0 
 6734  1 
 6735  3 
 6736  2 
 6737  0 
 6738  0 
 6739  0 
 6740  0 
 6741  0 
 6742  2 
 6743  1 
 6744  0 
 6745  0 
 6746  0 
 6747  1 
 6748  0 
 6749  1 
 6750  3 
 6751  0 
 6752  0 
 6753  1 
 6754  1 
 6755  0 
 6756  0 
 6757  1 
 6758  1 
 6759  0 
 6760  1 
 6761  1 
 6762  0 
 6763  0 
 6764  1 
 6765  0 
 6766  0 
 6767  1 
 6768  0 
 6769  0 
 6770  1 
 6771  1 
 6772  0 
 6773  0 
 6774  1 
 6775  0 
 6776  0 
 6777  1 
 6778  0 
 6779  0 
 6780  0 
 6781  1 
 6782  1 
 6783  0 
 6784  0 
 6785  1 
 6786  1 
 6787  0 
 6788  0 
 6789  0 
 6790  1 
 6791  0 
 6792  0 
 6793  0 
 6794  0 
 6795  0 
 6796  0 
 6797  0 
 6798  1 
 6799  0 
 6800  3 
 6801  0 
 6802  0 
 6803  0 
 6804  1 
 6805  0 
 6806  2 
 6807  0 
 6808  1 
 6809  0 
 6810  0 
 6811  1 
 6812  0 
 6813  1 
 6814  0 
 6815  0 
 6816  0 
 6817  0 
 6818  0 
 6819  1 
 6820  2 
 6821  1 
 6822  0 
 6823  0 
 6824  0 
 6825  0 
 6826  0 
 6827  0 
 6828  0 
 6829  0 
 6830  0 
 6831  0 
 6832  0 
 6833  0 
 6834  1 
 6835  1 
 6836  0 
 6837  1 
 6838  0 
 6839  1 
 6840  0 
 6841  1 
 6842  0 
 6843  1 
 6844  0 
 6845  0 
 6846  0 
 6847  0 
 6848  0 
 6849  0 
 6850  1 
 6851  0 
 6852  1 
 6853  0 
 6854  1 
 6855  0 
 6856  0 
 6857  0 
 6858  0 
 6859  0 
 6860  0 
 6861  1 
 6862  0 
 6863  0 
 6864  0 
 6865  0 
 6866  0 
 6867  0 
 6868  0 
 6869  0 
 6870  0 
 6871  0 
 6872  0 
 6873  0 
 6874  0 
 6875  0 
 6876  0 
 6877  0 
 6878  1 
 6879  0 
 6880  0 
 6881  0 
 6882  1 
 6883  0 
 6884  0 
 6885  0 
 6886  0 
 6887  0 
 6888  0 
 6889  0 
 6890  1 
 6891  1 
 6892  0 
 6893  0 
 6894  0 
 6895  0 
 6896  0 
 6897  0 
 6898  0 
 6899  0 
 6900  0 
 6901  0 
 6902  0 
 6903  0 
 6904  1 
 6905  0 
 6906  0 
 6907  1 
 6908  0 
 6909  0 
 6910  0 
 6911  0 
 6912  0 
 6913  0 
 6914  0 
 6915  0 
 6916  1 
 6917  0 
 6918  0 
 6919  1 
 6920  0 
 6921  0 
 6922  1 
 6923  0 
 6924  1 
 6925  0 
 6926  0 
 6927  0 
 6928  0 
 6929  0 
 6930  0 
 6931  0 
 6932  0 
 6933  0 
 6934  0 
 6935  0 
 6936  0 
 6937  0 
 6938  0 
 6939  0 
 6940  0 
 6941  0 
 6942  0 
 6943  0 
 6944  1 
 6945  0 
 6946  0 
 6947  0 
 6948  0 
 6949  0 
 6950  0 
 6951  1 
 6952  0 
 6953  0 
 6954  0 
 6955  0 
 6956  0 
 6957  0 
 6958  0 
 6959  0 
 6960  0 
 6961  0 
 6962  0 
 6963  0 
 6964  0 
 6965  0 
 6966  0 
 6967  0 
 6968  0 
 6969  1 
 6970  0 
 6971  0 
 6972  0 
 6973  0 
 6974  0 
 6975  0 
 6976  0 
 6977  0 
 6978  1 
 6979  0 
 6980  0 
 6981  0 
 6982  0 
 6983  0 
 6984  0 
 6985  0 
 6986  0 
 6987  0 
 6988  0 
 6989  0 
 6990  0 
 6991  0 
 6992  0 
 6993  0 
 6994  0 
 6995  0 
 6996  0 
 6997  0 
 6998  0 
 6999  0 
 7000  0 
 7001  0 
 7002  0 
 7003  0 
 7004  0 
 7005  0 
 7006  0 
 7007  0 
 7008  0 
 7009  0 
 7010  0 
 7011  0 
 7012  0 
 7013  0 
 7014  0 
 7015  0 
 7016  0 
 7017  0 
 7018  1 
 7019  0 
 7020  0 
 7021  0 
 7022  0 
 7023  1 
 7024  0 
 7025  0 
 7026  0 
 7027  0 
 7028  0 
 7029  0 
 7030  0 
 7031  0 
 7032  0 
 7033  0 
 7034  0 
 7035  0 
 7036  0 
 7037  0 
 7038  0 
 7039  0 
 7040  0 
 7041  0 
 7042  0 
 7043  0 
 7044  0 
 7045  0 
 7046  1 
 7047  0 
 7048  0 
 7049  0 
 7050  1 
 7051  0 
 7052  0 
 7053  0 
 7054  0 
 7055  0 
 7056  1 
 7057  0 
 7058  0 
 7059  0 
 7060  0 
 7061  0 
 7062  0 
 7063  0 
 7064  0 
 7065  0 
 7066  0 
 7067  0 
 7068  0 
 7069  0 
 7070  0 
 7071  0 
 7072  0 
 7073  1 
 7074  0 
 7075  0 
 7076  0 
 7077  0 
 7078  0 
 7079  0 
 7080  0 
 7081  0 
 7082  0 
 7083  0 
 7084  0 
 7085  0 
 7086  0 
 7087  0 
 7088  1 
 7089  0 
 7090  0 
 7091  0 
 7092  0 
 7093  0 
 7094  0 
 7095  0 
 7096  0 
 7097  0 
 7098  0 
 7099  0 
 7100  0 
 7101  0 
 7102  0 
 7103  0 
 7104  0 
 7105  0 
 7106  0 
 7107  0 
 7108  0 
 7109  0 
 7110  0 
 7111  0 
 7112  1 
 7113  0 
 7114  0 
 7115  0 
 7116  2 
 7117  0 
 7118  0 
 7119  0 
 7120  0 
 7121  0 
 7122  0 
 7123  1 
 7124  0 
 7125  0 
 7126  0 
 7127  0 
 7128  0 
 7129  0 
 7130  0 
 7131  0 
 7132  0 
 7133  0 
 7134  0 
 7135  0 
 7136  0 
 7137  0 
 7138  0 
 7139  0 
 7140  0 
 7141  2 
 7142  0 
 7143  0 
 7144  1 
 7145  0 
 7146  0 
 7147  0 
 7148  0 
 7149  0 
 7150  0 
 7151  1 
 7152  0 
 7153  0 
 7154  0 
 7155  0 
 7156  0 
 7157  0 
 7158  0 
 7159  1 
 7160  0 
 7161  0 
 7162  1 
 7163  0 
 7164  0 
 7165  0 
 7166  1 
 7167  0 
 7168  0 
 7169  0 
 7170  1 
 7171  0 
 7172  0 
 7173  0 
 7174  0 
 7175  0 
 7176  0 
 7177  0 
 7178  0 
 7179  0 
 7180  0 
 7181  0 
 7182  0 
 7183  0 
 7184  0 
 7185  0 
 7186  0 
 7187  0 
 7188  0 
 7189  0 
 7190  0 
 7191  0 
 7192  1 
 7193  0 
 7194  0 
 7195  0 
 7196  0 
 7197  0 
 7198  0 
 7199  0 
 7200  0 
 7201  1 
 7202  0 
 7203  0 
 7204  0 
 7205  0 
 7206  0 
 7207  0 
 7208  0 
 7209  0 
 7210  1 
 7211  0 
 7212  0 
 7213  0 
 7214  0 
 7215  0 
 7216  0 
 7217  0 
 7218  0 
 7219  1 
 7220  0 
 7221  0 
 7222  1 
 7223  0 
 7224  0 
 7225  0 
 7226  0 
 7227  0 
 7228  1 
 7229  0 
 7230  1 
 7231  0 
 7232  0 
 7233  0 
 7234  0 
 7235  0 
 7236  0 
 7237  1 
 7238  0 
 7239  0 
 7240  0 
 7241  0 
 7242  0 
 7243  1 
 7244  0 
 7245  0 
 7246  0 
 7247  1 
 7248  0 
 7249  0 
 7250  0 
 7251  0 
 7252  0 
 7253  0 
 7254  0 
 7255  0 
 7256  0 
 7257  0 
 7258  0 
 7259  0 
 7260  0 
 7261  0 
 7262  1 
 7263  0 
 7264  0 
 7265  0 
 7266  0 
 7267  0 
 7268  0 
 7269  0 
 7270  0 
 7271  1 
 7272  1 
 7273  0 
 7274  0 
 7275  0 
 7276  0 
 7277  1 
 7278  0 
 7279  0 
 7280  0 
 7281  0 
 7282  0 
 7283  0 
 7284  0 
 7285  0 
 7286  0 
 7287  0 
 7288  0 
 7289  0 
 7290  0 
 7291  0 
 7292  0 
 7293  0 
 7294  1 
 7295  0 
 7296  0 
 7297  0 
 7298  0 
 7299  0 
 7300  0 
 7301  0 
 7302  0 
 7303  0 
 7304  1 
 7305  0 
 7306  0 
 7307  0 
 7308  0 
 7309  0 
 7310  0 
 7311  0 
 7312  0 
 7313  0 
 7314  0 
 7315  0 
 7316  0 
 7317  0 
 7318  0 
 7319  0 
 7320  0 
 7321  0 
 7322  0 
 7323  0 
 7324  0 
 7325  0 
 7326  0 
 7327  0 
 7328  0 
 7329  0 
 7330  0 
 7331  0 
 7332  0 
 7333  0 
 7334  0 
 7335  0 
 7336  1 
 7337  0 
 7338  0 
 7339  0 
 7340  0 
 7341  0 
 7342  0 
 7343  1 
 7344  0 
 7345  0 
 7346  1 
 7347  1 
 7348  0 
 7349  0 
 7350  0 
 7351  1 
 7352  0 
 7353  1 
 7354  0 
 7355  0 
 7356  1 
 7357  0 
 7358  1 
 7359  0 
 7360  0 
 7361  0 
 7362  0 
 7363  0 
 7364  0 
 7365  1 
 7366  0 
 7367  0 
 7368  0 
 7369  0 
 7370  0 
 7371  0 
 7372  0 
 7373  1 
 7374  0 
 7375  0 
 7376  0 
 7377  1 
 7378  0 
 7379  0 
 7380  0 
 7381  0 
 7382  0 
 7383  0 
 7384  0 
 7385  1 
 7386  0 
 7387  0 
 7388  0 
 7389  1 
 7390  0 
 7391  0 
 7392  1 
 7393  0 
 7394  1 
 7395  0 
 7396  0 
 7397  0 
 7398  0 
 7399  0 
 7400  0 
 7401  1 
 7402  0 
 7403  0 
 7404  0 
 7405  1 
 7406  0 
 7407  0 
 7408  0 
 7409  0 
 7410  0 
 7411  0 
 7412  0 
 7413  0 
 7414  0 
 7415  1 
 7416  0 
 7417  0 
 7418  1 
 7419  0 
 7420  0 
 7421  0 
 7422  0 
 7423  0 
 7424  0 
 7425  1 
 7426  0 
 7427  0 
 7428  0 
 7429  1 
 7430  0 
 7431  0 
 7432  0 
 7433  0 
 7434  0 
 7435  0 
 7436  0 
 7437  1 
 7438  0 
 7439  0 
 7440  0 
 7441  0 
 7442  0 
 7443  0 
 7444  0 
 7445  0 
 7446  0 
 7447  0 
 7448  0 
 7449  0 
 7450  1 
 7451  0 
 7452  0 
 7453  0 
 7454  0 
 7455  0 
 7456  0 
 7457  0 
 7458  0 
 7459  0 
 7460  0 
 7461  0 
 7462  0 
 7463  0 
 7464  0 
 7465  0 
 7466  1 
 7467  0 
 7468  1 
 7469  0 
 7470  1 
 7471  2 
 7472  0 
 7473  0 
 7474  0 
 7475  0 
 7476  1 
 7477  0 
 7478  0 
 7479  0 
 7480  1 
 7481  1 
 7482  0 
 7483  0 
 7484  0 
 7485  0 
 7486  0 
 7487  0 
 7488  0 
 7489  0 
 7490  0 
 7491  0 
 7492  0 
 7493  1 
 7494  1 
 7495  0 
 7496  0 
 7497  0 
 7498  0 
 7499  0 
 7500  0 
 7501  0 
 7502  0 
 7503  0 
 7504  0 
 7505  1 
 7506  0 
 7507  0 
 7508  0 
 7509  1 
 7510  1 
 7511  0 
 7512  0 
 7513  0 
 7514  1 
 7515  1 
 7516  0 
 7517  0 
 7518  0 
 7519  0 
 7520  0 
 7521  1 
 7522  1 
 7523  0 
 7524  1 
 7525  0 
 7526  0 
 7527  1 
 7528  1 
 7529  0 
 7530  0 
 7531  0 
 7532  0 
 7533  0 
 7534  0 
 7535  1 
 7536  0 
 7537  0 
 7538  0 
 7539  0 
 7540  1 
 7541  0 
 7542  0 
 7543  1 
 7544  0 
 7545  0 
 7546  0 
 7547  0 
 7548  0 
 7549  0 
 7550  0 
 7551  0 
 7552  0 
 7553  0 
 7554  0 
 7555  0 
 7556  0 
 7557  0 
 7558  0 
 7559  1 
 7560  0 
 7561  0 
 7562  0 
 7563  0 
 7564  0 
 7565  0 
 7566  0 
 7567  0 
 7568  0 
 7569  0 
 7570  0 
 7571  1 
 7572  0 
 7573  0 
 7574  0 
 7575  1 
 7576  0 
 7577  1 
 7578  0 
 7579  2 
 7580  0 
 7581  0 
 7582  0 
 7583  0 
 7584  1 
 7585  1 
 7586  0 
 7587  0 
 7588  0 
 7589  0 
 7590  0 
 7591  2 
 7592  0 
 7593  0 
 7594  0 
 7595  0 
 7596  0 
 7597  0 
 7598  0 
 7599  1 
 7600  0 
 7601  0 
 7602  0 
 7603  0 
 7604  0 
 7605  0 
 7606  0 
 7607  0 
 7608  0 
 7609  0 
 7610  1 
 7611  1 
 7612  0 
 7613  0 
 7614  0 
 7615  0 
 7616  0 
 7617  0 
 7618  0 
 7619  0 
 7620  0 
 7621  1 
 7622  1 
 7623  0 
 7624  1 
 7625  0 
 7626  0 
 7627  0 
 7628  0 
 7629  0 
 7630  0 
 7631  0 
 7632  0 
 7633  0 
 7634  0 
 7635  0 
 7636  0 
 7637  1 
 7638  0 
 7639  0 
 7640  0 
 7641  0 
 7642  0 
 7643  0 
 7644  0 
 7645  0 
 7646  0 
 7647  0 
 7648  0 
 7649  0 
 7650  1 
 7651  0 
 7652  0 
 7653  0 
 7654  2 
 7655  0 
 7656  0 
 7657  0 
 7658  0 
 7659  0 
 7660  0 
 7661  0 
 7662  0 
 7663  1 
 7664  0 
 7665  0 
 7666  0 
 7667  0 
 7668  0 
 7669  0 
 7670  0 
 7671  0 
 7672  1 
 7673  0 
 7674  0 
 7675  0 
 7676  0 
 7677  0 
 7678  0 
 7679  0 
 7680  0 
 7681  0 
 7682  0 
 7683  1 
 7684  0 
 7685  0 
 7686  0 
 7687  0 
 7688  0 
 7689  2 
 7690  0 
 7691  0 
 7692  1 
 7693  0 
 7694  0 
 7695  0 
 7696  1 
 7697  0 
 7698  0 
 7699  0 
 7700  1 
 7701  0 
 7702  0 
 7703  0 
 7704  0 
 7705  1 
 7706  0 
 7707  0 
 7708  0 
 7709  0 
 7710  0 
 7711  0 
 7712  0 
 7713  0 
 7714  0 
 7715  0 
 7716  0 
 7717  0 
 7718  0 
 7719  0 
 7720  0 
 7721  0 
 7722  0 
 7723  0 
 7724  0 
 7725  0 
 7726  1 
 7727  0 
 7728  0 
 7729  0 
 7730  1 
 7731  0 
 7732  0 
 7733  0 
 7734  0 
 7735  0 
 7736  0 
 7737  0 
 7738  0 
 7739  0 
 7740  1 
 7741  0 
 7742  0 
 7743  0 
 7744  0 
 7745  0 
 7746  0 
 7747  0 
 7748  0 
 7749  0 
 7750  0 
 7751  0 
 7752  0 
 7753  0 
 7754  0 
 7755  0 
 7756  0 
 7757  0 
 7758  0 
 7759  0 
 7760  1 
 7761  0 
 7762  0 
 7763  0 
 7764  0 
 7765  0 
 7766  0 
 7767  0 
 7768  0 
 7769  0 
 7770  0 
 7771  0 
 7772  0 
 7773  0 
 7774  0 
 7775  0 
 7776  1 
 7777  0 
 7778  0 
 7779  0 
 7780  0 
 7781  0 
 7782  0 
 7783  0 
 7784  0 
 7785  0 
 7786  0 
 7787  1 
 7788  0 
 7789  0 
 7790  0 
 7791  0 
 7792  0 
 7793  0 
 7794  0 
 7795  0 
 7796  1 
 7797  0 
 7798  1 
 7799  0 
 7800  1 
 7801  0 
 7802  0 
 7803  0 
 7804  0 
 7805  1 
 7806  0 
 7807  0 
 7808  0 
 7809  0 
 7810  0 
 7811  0 
 7812  0 
 7813  1 
 7814  0 
 7815  0 
 7816  0 
 7817  0 
 7818  0 
 7819  1 
 7820  0 
 7821  0 
 7822  0 
 7823  0 
 7824  0 
 7825  0 
 7826  0 
 7827  1 
 7828  0 
 7829  0 
 7830  0 
 7831  0 
 7832  0 
 7833  0 
 7834  0 
 7835  0 
 7836  0 
 7837  0 
 7838  1 
 7839  0 
 7840  0 
 7841  0 
 7842  0 
 7843  0 
 7844  0 
 7845  0 
 7846  0 
 7847  0 
 7848  0 
 7849  0 
 7850  0 
 7851  0 
 7852  0 
 7853  0 
 7854  0 
 7855  0 
 7856  0 
 7857  0 
 7858  0 
 7859  1 
 7860  0 
 7861  0 
 7862  0 
 7863  0 
 7864  0 
 7865  0 
 7866  0 
 7867  0 
 7868  0 
 7869  0 
 7870  0 
 7871  1 
 7872  0 
 7873  0 
 7874  0 
 7875  0 
 7876  0 
 7877  0 
 7878  0 
 7879  0 
 7880  0 
 7881  1 
 7882  0 
 7883  0 
 7884  0 
 7885  0 
 7886  0 
 7887  0 
 7888  0 
 7889  0 
 7890  0 
 7891  1 
 7892  0 
 7893  0 
 7894  1 
 7895  1 
 7896  0 
 7897  1 
 7898  0 
 7899  1 
 7900  0 
 7901  0 
 7902  0 
 7903  0 
 7904  0 
 7905  0 
 7906  0 
 7907  0 
 7908  1 
 7909  0 
 7910  0 
 7911  0 
 7912  0 
 7913  0 
 7914  0 
 7915  0 
 7916  1 
 7917  1 
 7918  0 
 7919  0 
 7920  0 
 7921  0 
 7922  0 
 7923  1 
 7924  0 
 7925  0 
 7926  0 
 7927  0 
 7928  0 
 7929  1 
 7930  0 
 7931  0 
 7932  0 
 7933  0 
 7934  1 
 7935  1 
 7936  0 
 7937  0 
 7938  1 
 7939  0 
 7940  1 
 7941  0 
 7942  0 
 7943  0 
 7944  0 
 7945  1 
 7946  0 
 7947  0 
 7948  0 
 7949  0 
 7950  1 
 7951  0 
 7952  1 
 7953  0 
 7954  0 
 7955  0 
 7956  0 
 7957  0 
 7958  0 
 7959  0 
 7960  0 
 7961  0 
 7962  0 
 7963  1 
 7964  0 
 7965  1 
 7966  0 
 7967  1 
 7968  0 
 7969  1 
 7970  0 
 7971  0 
 7972  0 
 7973  1 
 7974  0 
 7975  0 
 7976  1 
 7977  0 
 7978  0 
 7979  0 
 7980  0 
 7981  0 
 7982  0 
 7983  0 
 7984  0 
 7985  0 
 7986  0 
 7987  0 
 7988  0 
 7989  0 
 7990  0 
 7991  1 
 7992  0 
 7993  0 
 7994  0 
 7995  2 
 7996  0 
 7997  1 
 7998  0 
 7999  0 
 8000  0 
 8001  0 
 8002  0 
 8003  0 
 8004  0 
 8005  0 
 8006  0 
 8007  0 
 8008  1 
 8009  1 
 8010  1 
 8011  0 
 8012  1 
 8013  0 
 8014  1 
 8015  0 
 8016  0 
 8017  0 
 8018  0 
 8019  1 
 8020  0 
 8021  0 
 8022  1 
 8023  0 
 8024  0 
 8025  0 
 8026  0 
 8027  0 
 8028  0 
 8029  0 
 8030  1 
 8031  0 
 8032  0 
 8033  0 
 8034  1 
 8035  0 
 8036  0 
 8037  0 
 8038  0 
 8039  1 
 8040  0 
 8041  0 
 8042  0 
 8043  1 
 8044  0 
 8045  0 
 8046  0 
 8047  1 
 8048  0 
 8049  0 
 8050  0 
 8051  0 
 8052  0 
 8053  0 
 8054  0 
 8055  0 
 8056  1 
 8057  0 
 8058  0 
 8059  1 
 8060  0 
 8061  0 
 8062  0 
 8063  1 
 8064  0 
 8065  0 
 8066  0 
 8067  2 
 8068  0 
 8069  0 
 8070  0 
 8071  0 
 8072  0 
 8073  0 
 8074  1 
 8075  0 
 8076  0 
 8077  0 
 8078  0 
 8079  0 
 8080  0 
 8081  0 
 8082  0 
 8083  0 
 8084  0 
 8085  0 
 8086  1 
 8087  0 
 8088  0 
 8089  0 
 8090  1 
 8091  0 
 8092  0 
 8093  0 
 8094  0 
 8095  0 
 8096  1 
 8097  0 
 8098  0 
 8099  0 
 8100  0 
 8101  0 
 8102  0 
 8103  0 
 8104  0 
 8105  0 
 8106  0 
 8107  1 
 8108  0 
 8109  0 
 8110  2 
 8111  0 
 8112  0 
 8113  1 
 8114  0 
 8115  0 
 8116  0 
 8117  0 
 8118  0 
 8119  0 
 8120  0 
 8121  1 
 8122  0 
 8123  0 
 8124  0 
 8125  0 
 8126  1 
 8127  1 
 8128  0 
 8129  0 
 8130  1 
 8131  1 
 8132  0 
 8133  0 
 8134  1 
 8135  1 
 8136  0 
 8137  0 
 8138  0 
 8139  0 
 8140  0 
 8141  1 
 8142  0 
 8143  0 
 8144  0 
 8145  0 
 8146  0 
 8147  0 
 8148  0 
 8149  0 
 8150  0 
 8151  1 
 8152  0 
 8153  0 
 8154  0 
 8155  0 
 8156  0 
 8157  0 
 8158  0 
 8159  0 
 8160  0 
 8161  0 
 8162  0 
 8163  0 
 8164  0 
 8165  0 
 8166  1 
 8167  0 
 8168  0 
 8169  0 
 8170  0 
 8171  0 
 8172  0 
 8173  0 
 8174  0 
 8175  1 
 8176  0 
 8177  0 
 8178  0 
 8179  1 
 8180  0 
 8181  0 
 8182  0 
 8183  0 
 8184  0 
 8185  0 
 8186  0 
 8187  0 
 8188  2 
 8189  0 
 8190  0 
 8191  0 
