 0  753 
 1  763 
 2  0 
 3  0 
 4  0 
 5  0 
 6  0 
 7  0 
 8  0 
 9  0 
 10  0 
 11  0 
 12  0 
 13  0 
 14  0 
 15  0 
 16  0 
 17  0 
 18  0 
 19  0 
 20  0 
 21  0 
 22  0 
 23  0 
 24  0 
 25  0 
 26  0 
 27  0 
 28  0 
 29  0 
 30  0 
 31  0 
 32  0 
 33  0 
 34  0 
 35  0 
 36  0 
 37  0 
 38  0 
 39  0 
 40  0 
 41  0 
 42  0 
 43  0 
 44  0 
 45  0 
 46  0 
 47  0 
 48  0 
 49  0 
 50  0 
 51  0 
 52  0 
 53  0 
 54  0 
 55  0 
 56  0 
 57  0 
 58  0 
 59  0 
 60  0 
 61  0 
 62  0 
 63  0 
 64  0 
 65  0 
 66  0 
 67  0 
 68  0 
 69  0 
 70  0 
 71  0 
 72  0 
 73  0 
 74  0 
 75  0 
 76  0 
 77  0 
 78  0 
 79  0 
 80  0 
 81  0 
 82  0 
 83  0 
 84  0 
 85  0 
 86  0 
 87  0 
 88  0 
 89  0 
 90  0 
 91  0 
 92  0 
 93  0 
 94  0 
 95  0 
 96  0 
 97  0 
 98  0 
 99  0 
 100  0 
 101  0 
 102  0 
 103  0 
 104  0 
 105  0 
 106  0 
 107  0 
 108  0 
 109  0 
 110  0 
 111  0 
 112  0 
 113  0 
 114  0 
 115  0 
 116  0 
 117  0 
 118  0 
 119  0 
 120  0 
 121  0 
 122  0 
 123  0 
 124  0 
 125  0 
 126  0 
 127  0 
 128  0 
 129  0 
 130  0 
 131  0 
 132  0 
 133  0 
 134  0 
 135  0 
 136  0 
 137  0 
 138  0 
 139  0 
 140  0 
 141  0 
 142  0 
 143  0 
 144  0 
 145  0 
 146  0 
 147  0 
 148  0 
 149  0 
 150  0 
 151  0 
 152  0 
 153  0 
 154  0 
 155  0 
 156  0 
 157  0 
 158  0 
 159  0 
 160  0 
 161  0 
 162  0 
 163  0 
 164  0 
 165  0 
 166  0 
 167  0 
 168  0 
 169  0 
 170  0 
 171  0 
 172  0 
 173  0 
 174  0 
 175  0 
 176  0 
 177  0 
 178  0 
 179  0 
 180  0 
 181  0 
 182  0 
 183  0 
 184  0 
 185  0 
 186  0 
 187  0 
 188  0 
 189  0 
 190  0 
 191  0 
 192  0 
 193  0 
 194  0 
 195  0 
 196  0 
 197  0 
 198  0 
 199  0 
 200  0 
 201  0 
 202  0 
 203  0 
 204  0 
 205  0 
 206  0 
 207  0 
 208  0 
 209  0 
 210  0 
 211  0 
 212  0 
 213  0 
 214  0 
 215  0 
 216  0 
 217  0 
 218  0 
 219  0 
 220  0 
 221  0 
 222  0 
 223  0 
 224  0 
 225  0 
 226  0 
 227  0 
 228  0 
 229  0 
 230  0 
 231  0 
 232  0 
 233  0 
 234  0 
 235  0 
 236  0 
 237  0 
 238  0 
 239  0 
 240  0 
 241  0 
 242  0 
 243  0 
 244  0 
 245  0 
 246  0 
 247  0 
 248  1 
 249  1 
 250  2 
 251  5 
 252  113 
 253  182 
 254  187 
 255  214 
 256  159 
 257  177 
 258  166 
 259  186 
 260  167 
 261  164 
 262  140 
 263  129 
 264  142 
 265  154 
 266  147 
 267  142 
 268  116 
 269  116 
 270  134 
 271  135 
 272  107 
 273  100 
 274  106 
 275  135 
 276  124 
 277  122 
 278  93 
 279  116 
 280  97 
 281  99 
 282  102 
 283  104 
 284  82 
 285  105 
 286  90 
 287  78 
 288  70 
 289  79 
 290  88 
 291  96 
 292  80 
 293  100 
 294  82 
 295  83 
 296  68 
 297  66 
 298  68 
 299  56 
 300  65 
 301  64 
 302  69 
 303  64 
 304  74 
 305  70 
 306  60 
 307  63 
 308  64 
 309  53 
 310  66 
 311  56 
 312  55 
 313  39 
 314  54 
 315  61 
 316  51 
 317  51 
 318  50 
 319  53 
 320  38 
 321  52 
 322  40 
 323  51 
 324  55 
 325  39 
 326  45 
 327  50 
 328  41 
 329  55 
 330  52 
 331  49 
 332  49 
 333  38 
 334  35 
 335  53 
 336  36 
 337  46 
 338  41 
 339  48 
 340  44 
 341  38 
 342  38 
 343  43 
 344  36 
 345  39 
 346  38 
 347  43 
 348  37 
 349  37 
 350  41 
 351  47 
 352  25 
 353  37 
 354  45 
 355  41 
 356  38 
 357  36 
 358  31 
 359  37 
 360  37 
 361  45 
 362  34 
 363  34 
 364  46 
 365  37 
 366  35 
 367  37 
 368  39 
 369  42 
 370  30 
 371  35 
 372  33 
 373  24 
 374  31 
 375  35 
 376  31 
 377  28 
 378  40 
 379  31 
 380  44 
 381  31 
 382  24 
 383  28 
 384  40 
 385  44 
 386  31 
 387  34 
 388  37 
 389  31 
 390  28 
 391  38 
 392  35 
 393  35 
 394  32 
 395  47 
 396  35 
 397  40 
 398  31 
 399  37 
 400  38 
 401  34 
 402  51 
 403  34 
 404  43 
 405  33 
 406  43 
 407  29 
 408  32 
 409  41 
 410  48 
 411  30 
 412  40 
 413  36 
 414  42 
 415  34 
 416  37 
 417  44 
 418  24 
 419  39 
 420  30 
 421  44 
 422  46 
 423  36 
 424  31 
 425  30 
 426  26 
 427  39 
 428  35 
 429  47 
 430  38 
 431  44 
 432  35 
 433  47 
 434  45 
 435  31 
 436  40 
 437  62 
 438  52 
 439  46 
 440  50 
 441  37 
 442  49 
 443  47 
 444  51 
 445  42 
 446  52 
 447  39 
 448  41 
 449  58 
 450  55 
 451  58 
 452  47 
 453  52 
 454  51 
 455  59 
 456  60 
 457  54 
 458  65 
 459  53 
 460  49 
 461  54 
 462  69 
 463  75 
 464  48 
 465  45 
 466  50 
 467  60 
 468  47 
 469  55 
 470  65 
 471  75 
 472  66 
 473  61 
 474  75 
 475  72 
 476  58 
 477  81 
 478  75 
 479  76 
 480  71 
 481  74 
 482  86 
 483  85 
 484  75 
 485  84 
 486  71 
 487  102 
 488  88 
 489  111 
 490  100 
 491  113 
 492  109 
 493  112 
 494  101 
 495  95 
 496  120 
 497  117 
 498  110 
 499  135 
 500  134 
 501  158 
 502  146 
 503  121 
 504  138 
 505  147 
 506  152 
 507  164 
 508  164 
 509  152 
 510  159 
 511  150 
 512  171 
 513  174 
 514  193 
 515  182 
 516  183 
 517  186 
 518  189 
 519  194 
 520  198 
 521  213 
 522  195 
 523  181 
 524  214 
 525  233 
 526  225 
 527  228 
 528  268 
 529  254 
 530  233 
 531  271 
 532  253 
 533  262 
 534  258 
 535  284 
 536  284 
 537  264 
 538  286 
 539  286 
 540  306 
 541  311 
 542  284 
 543  311 
 544  312 
 545  315 
 546  340 
 547  317 
 548  303 
 549  318 
 550  320 
 551  318 
 552  337 
 553  332 
 554  321 
 555  290 
 556  335 
 557  314 
 558  353 
 559  298 
 560  290 
 561  329 
 562  310 
 563  329 
 564  322 
 565  372 
 566  300 
 567  332 
 568  321 
 569  297 
 570  349 
 571  312 
 572  289 
 573  297 
 574  303 
 575  299 
 576  280 
 577  297 
 578  287 
 579  250 
 580  264 
 581  243 
 582  215 
 583  274 
 584  249 
 585  215 
 586  253 
 587  229 
 588  207 
 589  233 
 590  229 
 591  188 
 592  197 
 593  165 
 594  200 
 595  188 
 596  199 
 597  170 
 598  130 
 599  160 
 600  152 
 601  161 
 602  137 
 603  145 
 604  138 
 605  114 
 606  141 
 607  121 
 608  119 
 609  95 
 610  114 
 611  98 
 612  93 
 613  90 
 614  70 
 615  76 
 616  75 
 617  66 
 618  81 
 619  84 
 620  55 
 621  72 
 622  69 
 623  49 
 624  54 
 625  56 
 626  53 
 627  55 
 628  50 
 629  47 
 630  54 
 631  40 
 632  34 
 633  28 
 634  34 
 635  49 
 636  40 
 637  29 
 638  41 
 639  35 
 640  27 
 641  28 
 642  29 
 643  31 
 644  30 
 645  34 
 646  27 
 647  32 
 648  28 
 649  25 
 650  19 
 651  24 
 652  26 
 653  20 
 654  28 
 655  23 
 656  18 
 657  21 
 658  25 
 659  20 
 660  14 
 661  8 
 662  19 
 663  13 
 664  19 
 665  18 
 666  19 
 667  24 
 668  24 
 669  13 
 670  16 
 671  31 
 672  24 
 673  21 
 674  14 
 675  19 
 676  6 
 677  20 
 678  19 
 679  11 
 680  11 
 681  20 
 682  22 
 683  21 
 684  11 
 685  25 
 686  11 
 687  16 
 688  10 
 689  17 
 690  13 
 691  12 
 692  20 
 693  25 
 694  17 
 695  12 
 696  16 
 697  18 
 698  9 
 699  21 
 700  18 
 701  20 
 702  13 
 703  22 
 704  16 
 705  19 
 706  16 
 707  14 
 708  13 
 709  15 
 710  12 
 711  25 
 712  20 
 713  18 
 714  14 
 715  8 
 716  13 
 717  12 
 718  12 
 719  11 
 720  22 
 721  15 
 722  13 
 723  17 
 724  10 
 725  14 
 726  19 
 727  14 
 728  15 
 729  13 
 730  19 
 731  14 
 732  11 
 733  13 
 734  10 
 735  16 
 736  13 
 737  14 
 738  14 
 739  9 
 740  12 
 741  11 
 742  19 
 743  14 
 744  27 
 745  19 
 746  17 
 747  16 
 748  14 
 749  15 
 750  14 
 751  10 
 752  20 
 753  8 
 754  9 
 755  15 
 756  17 
 757  22 
 758  9 
 759  17 
 760  18 
 761  20 
 762  16 
 763  16 
 764  20 
 765  17 
 766  13 
 767  12 
 768  11 
 769  12 
 770  13 
 771  12 
 772  12 
 773  12 
 774  13 
 775  17 
 776  18 
 777  14 
 778  19 
 779  6 
 780  11 
 781  9 
 782  16 
 783  12 
 784  9 
 785  11 
 786  13 
 787  7 
 788  12 
 789  17 
 790  20 
 791  17 
 792  15 
 793  13 
 794  11 
 795  11 
 796  6 
 797  14 
 798  15 
 799  14 
 800  9 
 801  12 
 802  13 
 803  10 
 804  13 
 805  20 
 806  12 
 807  23 
 808  11 
 809  9 
 810  13 
 811  12 
 812  17 
 813  21 
 814  11 
 815  9 
 816  12 
 817  9 
 818  15 
 819  12 
 820  12 
 821  13 
 822  12 
 823  9 
 824  10 
 825  13 
 826  12 
 827  12 
 828  16 
 829  12 
 830  16 
 831  13 
 832  12 
 833  17 
 834  17 
 835  11 
 836  11 
 837  10 
 838  12 
 839  7 
 840  17 
 841  16 
 842  15 
 843  21 
 844  16 
 845  15 
 846  17 
 847  11 
 848  10 
 849  11 
 850  12 
 851  16 
 852  16 
 853  17 
 854  17 
 855  18 
 856  8 
 857  16 
 858  13 
 859  13 
 860  13 
 861  17 
 862  17 
 863  15 
 864  17 
 865  14 
 866  19 
 867  8 
 868  13 
 869  13 
 870  17 
 871  8 
 872  14 
 873  13 
 874  11 
 875  15 
 876  11 
 877  19 
 878  16 
 879  14 
 880  10 
 881  11 
 882  11 
 883  16 
 884  17 
 885  14 
 886  12 
 887  11 
 888  7 
 889  22 
 890  5 
 891  13 
 892  15 
 893  15 
 894  18 
 895  7 
 896  10 
 897  13 
 898  7 
 899  10 
 900  11 
 901  13 
 902  10 
 903  15 
 904  15 
 905  12 
 906  16 
 907  11 
 908  8 
 909  16 
 910  7 
 911  17 
 912  17 
 913  11 
 914  9 
 915  16 
 916  8 
 917  15 
 918  11 
 919  17 
 920  16 
 921  7 
 922  16 
 923  9 
 924  8 
 925  16 
 926  17 
 927  7 
 928  15 
 929  15 
 930  12 
 931  11 
 932  11 
 933  12 
 934  15 
 935  17 
 936  13 
 937  9 
 938  8 
 939  10 
 940  10 
 941  14 
 942  11 
 943  17 
 944  12 
 945  11 
 946  11 
 947  6 
 948  16 
 949  11 
 950  12 
 951  8 
 952  14 
 953  12 
 954  10 
 955  11 
 956  12 
 957  9 
 958  14 
 959  8 
 960  9 
 961  15 
 962  12 
 963  21 
 964  18 
 965  17 
 966  16 
 967  11 
 968  12 
 969  15 
 970  13 
 971  10 
 972  12 
 973  9 
 974  15 
 975  11 
 976  12 
 977  12 
 978  13 
 979  7 
 980  13 
 981  12 
 982  17 
 983  7 
 984  10 
 985  13 
 986  20 
 987  7 
 988  6 
 989  7 
 990  12 
 991  13 
 992  8 
 993  13 
 994  12 
 995  12 
 996  10 
 997  12 
 998  12 
 999  9 
 1000  12 
 1001  8 
 1002  13 
 1003  15 
 1004  10 
 1005  9 
 1006  18 
 1007  10 
 1008  12 
 1009  14 
 1010  11 
 1011  7 
 1012  14 
 1013  13 
 1014  7 
 1015  9 
 1016  14 
 1017  8 
 1018  8 
 1019  17 
 1020  14 
 1021  10 
 1022  16 
 1023  12 
 1024  7 
 1025  13 
 1026  13 
 1027  10 
 1028  11 
 1029  14 
 1030  15 
 1031  8 
 1032  8 
 1033  13 
 1034  9 
 1035  8 
 1036  13 
 1037  10 
 1038  15 
 1039  10 
 1040  16 
 1041  7 
 1042  12 
 1043  12 
 1044  13 
 1045  14 
 1046  12 
 1047  14 
 1048  15 
 1049  7 
 1050  17 
 1051  9 
 1052  11 
 1053  19 
 1054  14 
 1055  12 
 1056  16 
 1057  11 
 1058  11 
 1059  8 
 1060  12 
 1061  11 
 1062  9 
 1063  13 
 1064  21 
 1065  12 
 1066  12 
 1067  13 
 1068  12 
 1069  10 
 1070  10 
 1071  7 
 1072  11 
 1073  8 
 1074  14 
 1075  13 
 1076  8 
 1077  17 
 1078  10 
 1079  11 
 1080  7 
 1081  10 
 1082  14 
 1083  7 
 1084  12 
 1085  9 
 1086  10 
 1087  13 
 1088  10 
 1089  13 
 1090  8 
 1091  9 
 1092  15 
 1093  9 
 1094  13 
 1095  12 
 1096  9 
 1097  11 
 1098  9 
 1099  13 
 1100  7 
 1101  13 
 1102  9 
 1103  14 
 1104  12 
 1105  12 
 1106  13 
 1107  10 
 1108  12 
 1109  8 
 1110  8 
 1111  10 
 1112  8 
 1113  12 
 1114  5 
 1115  10 
 1116  11 
 1117  17 
 1118  11 
 1119  13 
 1120  9 
 1121  11 
 1122  10 
 1123  8 
 1124  7 
 1125  12 
 1126  7 
 1127  9 
 1128  11 
 1129  9 
 1130  13 
 1131  8 
 1132  15 
 1133  12 
 1134  12 
 1135  8 
 1136  14 
 1137  11 
 1138  11 
 1139  3 
 1140  9 
 1141  7 
 1142  12 
 1143  11 
 1144  13 
 1145  13 
 1146  14 
 1147  13 
 1148  11 
 1149  9 
 1150  14 
 1151  8 
 1152  10 
 1153  12 
 1154  8 
 1155  23 
 1156  11 
 1157  12 
 1158  5 
 1159  11 
 1160  14 
 1161  16 
 1162  9 
 1163  4 
 1164  13 
 1165  17 
 1166  3 
 1167  9 
 1168  10 
 1169  10 
 1170  10 
 1171  15 
 1172  10 
 1173  13 
 1174  13 
 1175  10 
 1176  7 
 1177  12 
 1178  6 
 1179  11 
 1180  8 
 1181  10 
 1182  11 
 1183  15 
 1184  8 
 1185  12 
 1186  10 
 1187  12 
 1188  13 
 1189  6 
 1190  5 
 1191  11 
 1192  10 
 1193  12 
 1194  15 
 1195  12 
 1196  12 
 1197  6 
 1198  11 
 1199  11 
 1200  5 
 1201  5 
 1202  11 
 1203  10 
 1204  14 
 1205  7 
 1206  12 
 1207  13 
 1208  9 
 1209  5 
 1210  13 
 1211  8 
 1212  6 
 1213  10 
 1214  11 
 1215  12 
 1216  13 
 1217  13 
 1218  6 
 1219  13 
 1220  11 
 1221  10 
 1222  7 
 1223  9 
 1224  10 
 1225  8 
 1226  6 
 1227  9 
 1228  10 
 1229  14 
 1230  9 
 1231  9 
 1232  14 
 1233  9 
 1234  16 
 1235  11 
 1236  9 
 1237  13 
 1238  9 
 1239  9 
 1240  13 
 1241  13 
 1242  13 
 1243  13 
 1244  2 
 1245  8 
 1246  3 
 1247  12 
 1248  9 
 1249  6 
 1250  12 
 1251  7 
 1252  15 
 1253  11 
 1254  4 
 1255  7 
 1256  9 
 1257  6 
 1258  13 
 1259  9 
 1260  11 
 1261  4 
 1262  5 
 1263  7 
 1264  8 
 1265  13 
 1266  12 
 1267  7 
 1268  8 
 1269  4 
 1270  6 
 1271  7 
 1272  16 
 1273  8 
 1274  10 
 1275  11 
 1276  9 
 1277  9 
 1278  9 
 1279  7 
 1280  9 
 1281  10 
 1282  10 
 1283  14 
 1284  9 
 1285  7 
 1286  7 
 1287  18 
 1288  13 
 1289  16 
 1290  11 
 1291  11 
 1292  10 
 1293  10 
 1294  10 
 1295  14 
 1296  10 
 1297  5 
 1298  10 
 1299  10 
 1300  9 
 1301  16 
 1302  5 
 1303  3 
 1304  8 
 1305  9 
 1306  10 
 1307  7 
 1308  8 
 1309  6 
 1310  8 
 1311  14 
 1312  5 
 1313  11 
 1314  8 
 1315  6 
 1316  15 
 1317  9 
 1318  7 
 1319  14 
 1320  8 
 1321  12 
 1322  13 
 1323  5 
 1324  7 
 1325  9 
 1326  6 
 1327  8 
 1328  9 
 1329  11 
 1330  11 
 1331  8 
 1332  17 
 1333  7 
 1334  10 
 1335  9 
 1336  8 
 1337  14 
 1338  16 
 1339  9 
 1340  15 
 1341  9 
 1342  12 
 1343  12 
 1344  8 
 1345  5 
 1346  11 
 1347  8 
 1348  7 
 1349  12 
 1350  10 
 1351  10 
 1352  7 
 1353  10 
 1354  8 
 1355  6 
 1356  10 
 1357  8 
 1358  7 
 1359  11 
 1360  11 
 1361  12 
 1362  8 
 1363  10 
 1364  12 
 1365  10 
 1366  15 
 1367  5 
 1368  9 
 1369  8 
 1370  7 
 1371  10 
 1372  8 
 1373  7 
 1374  9 
 1375  9 
 1376  10 
 1377  17 
 1378  6 
 1379  8 
 1380  9 
 1381  11 
 1382  9 
 1383  8 
 1384  10 
 1385  9 
 1386  11 
 1387  3 
 1388  6 
 1389  11 
 1390  7 
 1391  5 
 1392  7 
 1393  11 
 1394  7 
 1395  15 
 1396  7 
 1397  14 
 1398  7 
 1399  11 
 1400  7 
 1401  12 
 1402  4 
 1403  10 
 1404  12 
 1405  5 
 1406  10 
 1407  7 
 1408  10 
 1409  13 
 1410  6 
 1411  7 
 1412  7 
 1413  9 
 1414  15 
 1415  8 
 1416  9 
 1417  3 
 1418  7 
 1419  5 
 1420  10 
 1421  10 
 1422  10 
 1423  12 
 1424  9 
 1425  8 
 1426  13 
 1427  9 
 1428  8 
 1429  7 
 1430  10 
 1431  4 
 1432  7 
 1433  7 
 1434  7 
 1435  10 
 1436  11 
 1437  9 
 1438  5 
 1439  10 
 1440  13 
 1441  6 
 1442  16 
 1443  9 
 1444  6 
 1445  7 
 1446  10 
 1447  9 
 1448  8 
 1449  10 
 1450  7 
 1451  9 
 1452  8 
 1453  10 
 1454  8 
 1455  5 
 1456  7 
 1457  3 
 1458  12 
 1459  12 
 1460  9 
 1461  7 
 1462  14 
 1463  7 
 1464  11 
 1465  13 
 1466  14 
 1467  5 
 1468  10 
 1469  9 
 1470  7 
 1471  13 
 1472  7 
 1473  7 
 1474  12 
 1475  17 
 1476  16 
 1477  13 
 1478  13 
 1479  11 
 1480  8 
 1481  12 
 1482  8 
 1483  7 
 1484  6 
 1485  8 
 1486  11 
 1487  6 
 1488  9 
 1489  9 
 1490  11 
 1491  12 
 1492  9 
 1493  11 
 1494  6 
 1495  15 
 1496  13 
 1497  6 
 1498  6 
 1499  16 
 1500  9 
 1501  14 
 1502  14 
 1503  7 
 1504  9 
 1505  9 
 1506  7 
 1507  6 
 1508  6 
 1509  13 
 1510  7 
 1511  10 
 1512  11 
 1513  7 
 1514  5 
 1515  8 
 1516  9 
 1517  5 
 1518  12 
 1519  12 
 1520  3 
 1521  13 
 1522  7 
 1523  14 
 1524  8 
 1525  10 
 1526  8 
 1527  9 
 1528  16 
 1529  14 
 1530  8 
 1531  9 
 1532  5 
 1533  6 
 1534  7 
 1535  11 
 1536  4 
 1537  13 
 1538  7 
 1539  9 
 1540  6 
 1541  10 
 1542  8 
 1543  7 
 1544  13 
 1545  10 
 1546  13 
 1547  13 
 1548  8 
 1549  13 
 1550  14 
 1551  6 
 1552  10 
 1553  2 
 1554  11 
 1555  8 
 1556  12 
 1557  4 
 1558  10 
 1559  10 
 1560  9 
 1561  11 
 1562  13 
 1563  8 
 1564  14 
 1565  6 
 1566  9 
 1567  7 
 1568  7 
 1569  3 
 1570  10 
 1571  9 
 1572  10 
 1573  8 
 1574  13 
 1575  11 
 1576  14 
 1577  16 
 1578  13 
 1579  12 
 1580  8 
 1581  9 
 1582  5 
 1583  8 
 1584  4 
 1585  11 
 1586  12 
 1587  9 
 1588  6 
 1589  6 
 1590  3 
 1591  6 
 1592  11 
 1593  8 
 1594  12 
 1595  4 
 1596  7 
 1597  6 
 1598  5 
 1599  3 
 1600  12 
 1601  8 
 1602  5 
 1603  14 
 1604  5 
 1605  7 
 1606  10 
 1607  9 
 1608  15 
 1609  7 
 1610  10 
 1611  5 
 1612  7 
 1613  9 
 1614  15 
 1615  7 
 1616  15 
 1617  12 
 1618  8 
 1619  5 
 1620  7 
 1621  9 
 1622  12 
 1623  12 
 1624  6 
 1625  9 
 1626  10 
 1627  9 
 1628  16 
 1629  7 
 1630  11 
 1631  15 
 1632  8 
 1633  10 
 1634  7 
 1635  12 
 1636  7 
 1637  11 
 1638  10 
 1639  7 
 1640  17 
 1641  8 
 1642  7 
 1643  9 
 1644  16 
 1645  7 
 1646  8 
 1647  7 
 1648  5 
 1649  7 
 1650  11 
 1651  9 
 1652  12 
 1653  4 
 1654  6 
 1655  6 
 1656  11 
 1657  6 
 1658  6 
 1659  9 
 1660  10 
 1661  5 
 1662  7 
 1663  6 
 1664  10 
 1665  8 
 1666  7 
 1667  7 
 1668  13 
 1669  9 
 1670  4 
 1671  7 
 1672  13 
 1673  4 
 1674  8 
 1675  6 
 1676  5 
 1677  3 
 1678  8 
 1679  5 
 1680  15 
 1681  5 
 1682  8 
 1683  5 
 1684  10 
 1685  10 
 1686  10 
 1687  9 
 1688  9 
 1689  9 
 1690  13 
 1691  10 
 1692  3 
 1693  6 
 1694  6 
 1695  3 
 1696  8 
 1697  6 
 1698  8 
 1699  11 
 1700  10 
 1701  6 
 1702  10 
 1703  5 
 1704  11 
 1705  10 
 1706  14 
 1707  12 
 1708  9 
 1709  10 
 1710  11 
 1711  2 
 1712  5 
 1713  6 
 1714  9 
 1715  7 
 1716  12 
 1717  9 
 1718  13 
 1719  11 
 1720  3 
 1721  8 
 1722  8 
 1723  3 
 1724  9 
 1725  9 
 1726  9 
 1727  8 
 1728  7 
 1729  6 
 1730  6 
 1731  6 
 1732  13 
 1733  8 
 1734  7 
 1735  6 
 1736  9 
 1737  10 
 1738  13 
 1739  10 
 1740  12 
 1741  3 
 1742  11 
 1743  5 
 1744  6 
 1745  6 
 1746  6 
 1747  4 
 1748  5 
 1749  8 
 1750  12 
 1751  11 
 1752  8 
 1753  6 
 1754  6 
 1755  10 
 1756  9 
 1757  13 
 1758  9 
 1759  10 
 1760  10 
 1761  7 
 1762  10 
 1763  8 
 1764  8 
 1765  6 
 1766  6 
 1767  8 
 1768  10 
 1769  10 
 1770  10 
 1771  7 
 1772  9 
 1773  9 
 1774  8 
 1775  11 
 1776  6 
 1777  9 
 1778  8 
 1779  8 
 1780  2 
 1781  12 
 1782  9 
 1783  8 
 1784  8 
 1785  11 
 1786  12 
 1787  10 
 1788  14 
 1789  10 
 1790  8 
 1791  8 
 1792  11 
 1793  6 
 1794  5 
 1795  9 
 1796  7 
 1797  12 
 1798  8 
 1799  6 
 1800  6 
 1801  16 
 1802  10 
 1803  10 
 1804  9 
 1805  3 
 1806  10 
 1807  4 
 1808  6 
 1809  8 
 1810  7 
 1811  10 
 1812  15 
 1813  6 
 1814  11 
 1815  4 
 1816  5 
 1817  7 
 1818  9 
 1819  10 
 1820  4 
 1821  11 
 1822  11 
 1823  11 
 1824  13 
 1825  8 
 1826  8 
 1827  13 
 1828  9 
 1829  7 
 1830  3 
 1831  10 
 1832  10 
 1833  3 
 1834  5 
 1835  15 
 1836  7 
 1837  9 
 1838  9 
 1839  6 
 1840  13 
 1841  5 
 1842  11 
 1843  13 
 1844  9 
 1845  6 
 1846  10 
 1847  6 
 1848  6 
 1849  7 
 1850  6 
 1851  13 
 1852  8 
 1853  5 
 1854  11 
 1855  9 
 1856  5 
 1857  6 
 1858  8 
 1859  6 
 1860  8 
 1861  7 
 1862  11 
 1863  9 
 1864  8 
 1865  3 
 1866  7 
 1867  10 
 1868  5 
 1869  13 
 1870  9 
 1871  9 
 1872  8 
 1873  10 
 1874  3 
 1875  10 
 1876  9 
 1877  6 
 1878  7 
 1879  5 
 1880  5 
 1881  9 
 1882  12 
 1883  11 
 1884  6 
 1885  14 
 1886  8 
 1887  12 
 1888  6 
 1889  4 
 1890  10 
 1891  9 
 1892  6 
 1893  11 
 1894  7 
 1895  7 
 1896  3 
 1897  7 
 1898  15 
 1899  8 
 1900  16 
 1901  10 
 1902  6 
 1903  11 
 1904  11 
 1905  9 
 1906  6 
 1907  9 
 1908  9 
 1909  11 
 1910  3 
 1911  9 
 1912  11 
 1913  10 
 1914  11 
 1915  12 
 1916  10 
 1917  6 
 1918  6 
 1919  8 
 1920  11 
 1921  8 
 1922  12 
 1923  5 
 1924  5 
 1925  5 
 1926  8 
 1927  12 
 1928  4 
 1929  10 
 1930  8 
 1931  10 
 1932  10 
 1933  7 
 1934  13 
 1935  3 
 1936  8 
 1937  10 
 1938  10 
 1939  8 
 1940  9 
 1941  5 
 1942  7 
 1943  5 
 1944  4 
 1945  10 
 1946  8 
 1947  4 
 1948  10 
 1949  6 
 1950  7 
 1951  7 
 1952  9 
 1953  10 
 1954  2 
 1955  7 
 1956  8 
 1957  3 
 1958  5 
 1959  5 
 1960  11 
 1961  7 
 1962  6 
 1963  9 
 1964  6 
 1965  11 
 1966  11 
 1967  5 
 1968  12 
 1969  7 
 1970  8 
 1971  5 
 1972  9 
 1973  10 
 1974  7 
 1975  12 
 1976  6 
 1977  8 
 1978  13 
 1979  10 
 1980  9 
 1981  9 
 1982  12 
 1983  8 
 1984  9 
 1985  7 
 1986  3 
 1987  7 
 1988  8 
 1989  9 
 1990  10 
 1991  4 
 1992  12 
 1993  10 
 1994  11 
 1995  9 
 1996  4 
 1997  9 
 1998  12 
 1999  6 
 2000  12 
 2001  9 
 2002  6 
 2003  10 
 2004  10 
 2005  7 
 2006  6 
 2007  8 
 2008  10 
 2009  4 
 2010  6 
 2011  5 
 2012  5 
 2013  8 
 2014  5 
 2015  5 
 2016  10 
 2017  8 
 2018  5 
 2019  9 
 2020  8 
 2021  12 
 2022  10 
 2023  5 
 2024  5 
 2025  12 
 2026  6 
 2027  17 
 2028  11 
 2029  11 
 2030  3 
 2031  4 
 2032  5 
 2033  7 
 2034  6 
 2035  7 
 2036  9 
 2037  4 
 2038  11 
 2039  13 
 2040  10 
 2041  6 
 2042  7 
 2043  7 
 2044  6 
 2045  11 
 2046  9 
 2047  9 
 2048  9 
 2049  8 
 2050  12 
 2051  6 
 2052  8 
 2053  14 
 2054  4 
 2055  9 
 2056  10 
 2057  6 
 2058  7 
 2059  13 
 2060  6 
 2061  9 
 2062  10 
 2063  8 
 2064  10 
 2065  4 
 2066  9 
 2067  9 
 2068  13 
 2069  10 
 2070  9 
 2071  12 
 2072  12 
 2073  3 
 2074  8 
 2075  5 
 2076  10 
 2077  9 
 2078  11 
 2079  15 
 2080  7 
 2081  6 
 2082  6 
 2083  8 
 2084  6 
 2085  4 
 2086  6 
 2087  2 
 2088  10 
 2089  8 
 2090  10 
 2091  7 
 2092  6 
 2093  9 
 2094  3 
 2095  14 
 2096  10 
 2097  7 
 2098  5 
 2099  0 
 2100  2 
 2101  2 
 2102  3 
 2103  8 
 2104  7 
 2105  9 
 2106  9 
 2107  16 
 2108  4 
 2109  8 
 2110  10 
 2111  11 
 2112  10 
 2113  4 
 2114  10 
 2115  4 
 2116  11 
 2117  8 
 2118  11 
 2119  3 
 2120  6 
 2121  11 
 2122  5 
 2123  8 
 2124  6 
 2125  7 
 2126  7 
 2127  9 
 2128  9 
 2129  9 
 2130  9 
 2131  11 
 2132  6 
 2133  8 
 2134  4 
 2135  4 
 2136  5 
 2137  7 
 2138  8 
 2139  9 
 2140  8 
 2141  11 
 2142  10 
 2143  11 
 2144  6 
 2145  12 
 2146  5 
 2147  9 
 2148  10 
 2149  9 
 2150  11 
 2151  8 
 2152  7 
 2153  8 
 2154  2 
 2155  8 
 2156  5 
 2157  4 
 2158  9 
 2159  4 
 2160  4 
 2161  4 
 2162  6 
 2163  7 
 2164  11 
 2165  13 
 2166  3 
 2167  8 
 2168  11 
 2169  12 
 2170  4 
 2171  8 
 2172  6 
 2173  6 
 2174  7 
 2175  6 
 2176  10 
 2177  4 
 2178  11 
 2179  9 
 2180  12 
 2181  9 
 2182  11 
 2183  3 
 2184  7 
 2185  9 
 2186  9 
 2187  7 
 2188  7 
 2189  10 
 2190  3 
 2191  8 
 2192  4 
 2193  10 
 2194  13 
 2195  9 
 2196  9 
 2197  9 
 2198  11 
 2199  8 
 2200  6 
 2201  11 
 2202  15 
 2203  7 
 2204  11 
 2205  9 
 2206  8 
 2207  11 
 2208  8 
 2209  6 
 2210  11 
 2211  9 
 2212  10 
 2213  8 
 2214  5 
 2215  16 
 2216  11 
 2217  11 
 2218  15 
 2219  14 
 2220  9 
 2221  6 
 2222  16 
 2223  13 
 2224  10 
 2225  8 
 2226  12 
 2227  9 
 2228  5 
 2229  15 
 2230  12 
 2231  5 
 2232  9 
 2233  4 
 2234  5 
 2235  16 
 2236  13 
 2237  7 
 2238  6 
 2239  7 
 2240  17 
 2241  9 
 2242  8 
 2243  12 
 2244  8 
 2245  15 
 2246  11 
 2247  23 
 2248  11 
 2249  18 
 2250  17 
 2251  12 
 2252  13 
 2253  14 
 2254  12 
 2255  12 
 2256  16 
 2257  5 
 2258  18 
 2259  14 
 2260  11 
 2261  8 
 2262  10 
 2263  13 
 2264  11 
 2265  6 
 2266  9 
 2267  16 
 2268  18 
 2269  13 
 2270  8 
 2271  9 
 2272  11 
 2273  3 
 2274  11 
 2275  6 
 2276  16 
 2277  5 
 2278  8 
 2279  10 
 2280  10 
 2281  9 
 2282  8 
 2283  14 
 2284  9 
 2285  11 
 2286  16 
 2287  6 
 2288  5 
 2289  10 
 2290  14 
 2291  6 
 2292  9 
 2293  10 
 2294  6 
 2295  4 
 2296  11 
 2297  9 
 2298  7 
 2299  9 
 2300  8 
 2301  12 
 2302  8 
 2303  7 
 2304  7 
 2305  5 
 2306  14 
 2307  6 
 2308  4 
 2309  9 
 2310  6 
 2311  11 
 2312  2 
 2313  12 
 2314  11 
 2315  11 
 2316  4 
 2317  9 
 2318  6 
 2319  7 
 2320  4 
 2321  13 
 2322  7 
 2323  2 
 2324  2 
 2325  10 
 2326  10 
 2327  12 
 2328  6 
 2329  4 
 2330  10 
 2331  12 
 2332  9 
 2333  11 
 2334  10 
 2335  10 
 2336  6 
 2337  9 
 2338  5 
 2339  10 
 2340  10 
 2341  7 
 2342  5 
 2343  7 
 2344  7 
 2345  6 
 2346  6 
 2347  7 
 2348  10 
 2349  4 
 2350  8 
 2351  5 
 2352  5 
 2353  9 
 2354  4 
 2355  9 
 2356  7 
 2357  5 
 2358  7 
 2359  12 
 2360  10 
 2361  5 
 2362  10 
 2363  8 
 2364  8 
 2365  8 
 2366  10 
 2367  7 
 2368  7 
 2369  12 
 2370  6 
 2371  8 
 2372  8 
 2373  7 
 2374  7 
 2375  8 
 2376  7 
 2377  4 
 2378  9 
 2379  11 
 2380  12 
 2381  8 
 2382  7 
 2383  10 
 2384  4 
 2385  9 
 2386  7 
 2387  4 
 2388  7 
 2389  9 
 2390  10 
 2391  9 
 2392  10 
 2393  12 
 2394  7 
 2395  8 
 2396  16 
 2397  6 
 2398  4 
 2399  12 
 2400  14 
 2401  6 
 2402  4 
 2403  8 
 2404  10 
 2405  9 
 2406  14 
 2407  7 
 2408  6 
 2409  6 
 2410  6 
 2411  12 
 2412  10 
 2413  7 
 2414  12 
 2415  7 
 2416  5 
 2417  10 
 2418  15 
 2419  10 
 2420  8 
 2421  15 
 2422  12 
 2423  10 
 2424  5 
 2425  7 
 2426  10 
 2427  6 
 2428  10 
 2429  6 
 2430  8 
 2431  5 
 2432  13 
 2433  7 
 2434  1 
 2435  8 
 2436  7 
 2437  10 
 2438  9 
 2439  7 
 2440  13 
 2441  5 
 2442  8 
 2443  7 
 2444  6 
 2445  12 
 2446  11 
 2447  6 
 2448  5 
 2449  12 
 2450  5 
 2451  9 
 2452  4 
 2453  4 
 2454  6 
 2455  4 
 2456  11 
 2457  10 
 2458  9 
 2459  6 
 2460  8 
 2461  5 
 2462  6 
 2463  9 
 2464  8 
 2465  5 
 2466  14 
 2467  5 
 2468  8 
 2469  6 
 2470  4 
 2471  5 
 2472  9 
 2473  7 
 2474  7 
 2475  8 
 2476  8 
 2477  4 
 2478  5 
 2479  2 
 2480  10 
 2481  10 
 2482  11 
 2483  4 
 2484  9 
 2485  7 
 2486  8 
 2487  14 
 2488  4 
 2489  13 
 2490  7 
 2491  9 
 2492  5 
 2493  10 
 2494  5 
 2495  11 
 2496  8 
 2497  7 
 2498  5 
 2499  10 
 2500  8 
 2501  8 
 2502  11 
 2503  7 
 2504  6 
 2505  11 
 2506  9 
 2507  7 
 2508  11 
 2509  7 
 2510  13 
 2511  5 
 2512  11 
 2513  7 
 2514  10 
 2515  4 
 2516  7 
 2517  7 
 2518  7 
 2519  8 
 2520  9 
 2521  5 
 2522  8 
 2523  7 
 2524  2 
 2525  5 
 2526  10 
 2527  13 
 2528  6 
 2529  7 
 2530  11 
 2531  7 
 2532  9 
 2533  6 
 2534  9 
 2535  3 
 2536  8 
 2537  5 
 2538  6 
 2539  6 
 2540  7 
 2541  11 
 2542  7 
 2543  10 
 2544  5 
 2545  13 
 2546  12 
 2547  14 
 2548  6 
 2549  10 
 2550  9 
 2551  6 
 2552  10 
 2553  7 
 2554  9 
 2555  10 
 2556  9 
 2557  10 
 2558  1 
 2559  7 
 2560  11 
 2561  7 
 2562  8 
 2563  12 
 2564  6 
 2565  8 
 2566  8 
 2567  13 
 2568  8 
 2569  9 
 2570  7 
 2571  8 
 2572  13 
 2573  5 
 2574  7 
 2575  6 
 2576  8 
 2577  8 
 2578  9 
 2579  9 
 2580  13 
 2581  11 
 2582  8 
 2583  10 
 2584  9 
 2585  9 
 2586  4 
 2587  4 
 2588  5 
 2589  10 
 2590  9 
 2591  10 
 2592  12 
 2593  12 
 2594  3 
 2595  7 
 2596  7 
 2597  8 
 2598  12 
 2599  6 
 2600  6 
 2601  4 
 2602  9 
 2603  2 
 2604  7 
 2605  7 
 2606  6 
 2607  5 
 2608  8 
 2609  6 
 2610  5 
 2611  9 
 2612  8 
 2613  7 
 2614  7 
 2615  8 
 2616  4 
 2617  10 
 2618  8 
 2619  10 
 2620  7 
 2621  9 
 2622  9 
 2623  7 
 2624  8 
 2625  10 
 2626  5 
 2627  10 
 2628  6 
 2629  7 
 2630  8 
 2631  4 
 2632  7 
 2633  7 
 2634  3 
 2635  6 
 2636  7 
 2637  8 
 2638  5 
 2639  5 
 2640  6 
 2641  4 
 2642  7 
 2643  15 
 2644  4 
 2645  12 
 2646  10 
 2647  7 
 2648  8 
 2649  10 
 2650  9 
 2651  15 
 2652  6 
 2653  8 
 2654  5 
 2655  15 
 2656  6 
 2657  13 
 2658  7 
 2659  11 
 2660  10 
 2661  13 
 2662  9 
 2663  4 
 2664  8 
 2665  6 
 2666  8 
 2667  7 
 2668  3 
 2669  10 
 2670  9 
 2671  7 
 2672  11 
 2673  6 
 2674  5 
 2675  8 
 2676  12 
 2677  12 
 2678  11 
 2679  6 
 2680  9 
 2681  13 
 2682  6 
 2683  6 
 2684  6 
 2685  5 
 2686  5 
 2687  6 
 2688  5 
 2689  5 
 2690  11 
 2691  9 
 2692  9 
 2693  7 
 2694  11 
 2695  8 
 2696  11 
 2697  7 
 2698  19 
 2699  5 
 2700  10 
 2701  5 
 2702  9 
 2703  16 
 2704  5 
 2705  5 
 2706  10 
 2707  6 
 2708  8 
 2709  10 
 2710  6 
 2711  15 
 2712  4 
 2713  5 
 2714  5 
 2715  5 
 2716  9 
 2717  12 
 2718  11 
 2719  11 
 2720  10 
 2721  9 
 2722  10 
 2723  3 
 2724  8 
 2725  8 
 2726  8 
 2727  9 
 2728  6 
 2729  6 
 2730  8 
 2731  8 
 2732  10 
 2733  13 
 2734  11 
 2735  14 
 2736  7 
 2737  12 
 2738  4 
 2739  2 
 2740  3 
 2741  6 
 2742  8 
 2743  11 
 2744  8 
 2745  6 
 2746  4 
 2747  7 
 2748  5 
 2749  5 
 2750  8 
 2751  6 
 2752  6 
 2753  12 
 2754  7 
 2755  9 
 2756  13 
 2757  7 
 2758  7 
 2759  5 
 2760  10 
 2761  8 
 2762  9 
 2763  5 
 2764  7 
 2765  11 
 2766  8 
 2767  6 
 2768  7 
 2769  6 
 2770  13 
 2771  6 
 2772  3 
 2773  8 
 2774  8 
 2775  5 
 2776  6 
 2777  7 
 2778  7 
 2779  6 
 2780  5 
 2781  13 
 2782  9 
 2783  7 
 2784  7 
 2785  10 
 2786  7 
 2787  9 
 2788  5 
 2789  8 
 2790  9 
 2791  10 
 2792  6 
 2793  8 
 2794  9 
 2795  6 
 2796  10 
 2797  5 
 2798  6 
 2799  8 
 2800  4 
 2801  11 
 2802  8 
 2803  7 
 2804  12 
 2805  10 
 2806  7 
 2807  8 
 2808  11 
 2809  5 
 2810  5 
 2811  9 
 2812  8 
 2813  3 
 2814  9 
 2815  7 
 2816  5 
 2817  6 
 2818  9 
 2819  7 
 2820  7 
 2821  8 
 2822  9 
 2823  12 
 2824  8 
 2825  11 
 2826  6 
 2827  6 
 2828  7 
 2829  17 
 2830  11 
 2831  6 
 2832  6 
 2833  8 
 2834  7 
 2835  4 
 2836  8 
 2837  8 
 2838  8 
 2839  7 
 2840  5 
 2841  4 
 2842  10 
 2843  13 
 2844  5 
 2845  7 
 2846  7 
 2847  10 
 2848  7 
 2849  5 
 2850  11 
 2851  7 
 2852  8 
 2853  8 
 2854  9 
 2855  5 
 2856  5 
 2857  6 
 2858  8 
 2859  11 
 2860  5 
 2861  9 
 2862  9 
 2863  5 
 2864  6 
 2865  10 
 2866  12 
 2867  8 
 2868  10 
 2869  8 
 2870  7 
 2871  4 
 2872  7 
 2873  9 
 2874  8 
 2875  11 
 2876  8 
 2877  8 
 2878  11 
 2879  8 
 2880  10 
 2881  7 
 2882  7 
 2883  11 
 2884  8 
 2885  11 
 2886  6 
 2887  7 
 2888  5 
 2889  8 
 2890  8 
 2891  8 
 2892  4 
 2893  4 
 2894  9 
 2895  7 
 2896  11 
 2897  12 
 2898  13 
 2899  7 
 2900  6 
 2901  11 
 2902  8 
 2903  3 
 2904  8 
 2905  6 
 2906  12 
 2907  8 
 2908  7 
 2909  8 
 2910  9 
 2911  12 
 2912  10 
 2913  13 
 2914  10 
 2915  8 
 2916  6 
 2917  20 
 2918  1 
 2919  4 
 2920  6 
 2921  11 
 2922  12 
 2923  7 
 2924  6 
 2925  11 
 2926  7 
 2927  9 
 2928  10 
 2929  13 
 2930  13 
 2931  11 
 2932  11 
 2933  12 
 2934  7 
 2935  12 
 2936  12 
 2937  7 
 2938  5 
 2939  11 
 2940  7 
 2941  8 
 2942  8 
 2943  11 
 2944  15 
 2945  13 
 2946  4 
 2947  10 
 2948  8 
 2949  5 
 2950  8 
 2951  12 
 2952  8 
 2953  10 
 2954  10 
 2955  4 
 2956  9 
 2957  7 
 2958  11 
 2959  6 
 2960  12 
 2961  9 
 2962  8 
 2963  10 
 2964  9 
 2965  11 
 2966  9 
 2967  7 
 2968  11 
 2969  9 
 2970  7 
 2971  9 
 2972  15 
 2973  15 
 2974  15 
 2975  18 
 2976  9 
 2977  13 
 2978  10 
 2979  8 
 2980  11 
 2981  8 
 2982  10 
 2983  12 
 2984  7 
 2985  18 
 2986  15 
 2987  18 
 2988  14 
 2989  21 
 2990  15 
 2991  19 
 2992  18 
 2993  12 
 2994  13 
 2995  18 
 2996  19 
 2997  18 
 2998  14 
 2999  12 
 3000  18 
 3001  18 
 3002  19 
 3003  18 
 3004  20 
 3005  26 
 3006  20 
 3007  16 
 3008  24 
 3009  18 
 3010  15 
 3011  24 
 3012  25 
 3013  21 
 3014  15 
 3015  26 
 3016  14 
 3017  23 
 3018  26 
 3019  17 
 3020  23 
 3021  29 
 3022  26 
 3023  33 
 3024  37 
 3025  26 
 3026  25 
 3027  32 
 3028  26 
 3029  27 
 3030  33 
 3031  27 
 3032  29 
 3033  34 
 3034  26 
 3035  36 
 3036  33 
 3037  30 
 3038  23 
 3039  31 
 3040  20 
 3041  30 
 3042  30 
 3043  22 
 3044  41 
 3045  30 
 3046  27 
 3047  21 
 3048  28 
 3049  34 
 3050  30 
 3051  33 
 3052  37 
 3053  29 
 3054  27 
 3055  26 
 3056  26 
 3057  21 
 3058  22 
 3059  30 
 3060  40 
 3061  32 
 3062  28 
 3063  45 
 3064  30 
 3065  46 
 3066  41 
 3067  37 
 3068  47 
 3069  43 
 3070  52 
 3071  39 
 3072  42 
 3073  36 
 3074  53 
 3075  47 
 3076  45 
 3077  50 
 3078  46 
 3079  70 
 3080  62 
 3081  62 
 3082  62 
 3083  52 
 3084  72 
 3085  76 
 3086  73 
 3087  88 
 3088  95 
 3089  68 
 3090  86 
 3091  96 
 3092  94 
 3093  102 
 3094  122 
 3095  115 
 3096  117 
 3097  115 
 3098  122 
 3099  131 
 3100  119 
 3101  141 
 3102  139 
 3103  186 
 3104  163 
 3105  140 
 3106  160 
 3107  177 
 3108  151 
 3109  169 
 3110  182 
 3111  215 
 3112  187 
 3113  204 
 3114  164 
 3115  194 
 3116  207 
 3117  220 
 3118  197 
 3119  203 
 3120  197 
 3121  210 
 3122  201 
 3123  217 
 3124  222 
 3125  225 
 3126  187 
 3127  228 
 3128  188 
 3129  217 
 3130  207 
 3131  203 
 3132  227 
 3133  201 
 3134  179 
 3135  181 
 3136  180 
 3137  183 
 3138  187 
 3139  170 
 3140  154 
 3141  148 
 3142  127 
 3143  123 
 3144  122 
 3145  122 
 3146  93 
 3147  132 
 3148  90 
 3149  86 
 3150  85 
 3151  87 
 3152  71 
 3153  64 
 3154  48 
 3155  46 
 3156  45 
 3157  47 
 3158  41 
 3159  32 
 3160  29 
 3161  19 
 3162  33 
 3163  26 
 3164  21 
 3165  18 
 3166  15 
 3167  19 
 3168  10 
 3169  12 
 3170  12 
 3171  10 
 3172  11 
 3173  12 
 3174  13 
 3175  11 
 3176  7 
 3177  9 
 3178  12 
 3179  14 
 3180  9 
 3181  15 
 3182  11 
 3183  11 
 3184  6 
 3185  7 
 3186  11 
 3187  13 
 3188  9 
 3189  8 
 3190  7 
 3191  11 
 3192  9 
 3193  15 
 3194  13 
 3195  9 
 3196  9 
 3197  9 
 3198  6 
 3199  5 
 3200  11 
 3201  6 
 3202  8 
 3203  12 
 3204  6 
 3205  8 
 3206  8 
 3207  7 
 3208  3 
 3209  8 
 3210  10 
 3211  13 
 3212  7 
 3213  11 
 3214  10 
 3215  10 
 3216  3 
 3217  9 
 3218  6 
 3219  10 
 3220  13 
 3221  10 
 3222  6 
 3223  4 
 3224  12 
 3225  16 
 3226  10 
 3227  10 
 3228  5 
 3229  8 
 3230  16 
 3231  6 
 3232  9 
 3233  7 
 3234  7 
 3235  10 
 3236  12 
 3237  3 
 3238  12 
 3239  7 
 3240  11 
 3241  9 
 3242  9 
 3243  11 
 3244  9 
 3245  14 
 3246  16 
 3247  13 
 3248  10 
 3249  19 
 3250  12 
 3251  2 
 3252  13 
 3253  12 
 3254  10 
 3255  10 
 3256  11 
 3257  13 
 3258  14 
 3259  13 
 3260  9 
 3261  9 
 3262  10 
 3263  18 
 3264  12 
 3265  14 
 3266  10 
 3267  15 
 3268  12 
 3269  11 
 3270  6 
 3271  10 
 3272  13 
 3273  16 
 3274  12 
 3275  4 
 3276  14 
 3277  7 
 3278  17 
 3279  15 
 3280  14 
 3281  21 
 3282  15 
 3283  18 
 3284  12 
 3285  16 
 3286  23 
 3287  23 
 3288  16 
 3289  25 
 3290  27 
 3291  20 
 3292  29 
 3293  25 
 3294  29 
 3295  25 
 3296  29 
 3297  26 
 3298  31 
 3299  21 
 3300  29 
 3301  30 
 3302  27 
 3303  29 
 3304  30 
 3305  29 
 3306  43 
 3307  30 
 3308  45 
 3309  49 
 3310  40 
 3311  42 
 3312  58 
 3313  37 
 3314  61 
 3315  63 
 3316  66 
 3317  60 
 3318  79 
 3319  72 
 3320  83 
 3321  91 
 3322  85 
 3323  90 
 3324  105 
 3325  116 
 3326  104 
 3327  134 
 3328  129 
 3329  114 
 3330  150 
 3331  123 
 3332  167 
 3333  177 
 3334  169 
 3335  190 
 3336  180 
 3337  218 
 3338  230 
 3339  214 
 3340  262 
 3341  262 
 3342  257 
 3343  306 
 3344  332 
 3345  352 
 3346  363 
 3347  403 
 3348  400 
 3349  460 
 3350  494 
 3351  514 
 3352  528 
 3353  593 
 3354  637 
 3355  663 
 3356  781 
 3357  786 
 3358  842 
 3359  941 
 3360  1002 
 3361  1085 
 3362  1171 
 3363  1264 
 3364  1393 
 3365  1460 
 3366  1669 
 3367  1745 
 3368  1826 
 3369  1971 
 3370  2077 
 3371  2339 
 3372  2545 
 3373  2540 
 3374  2741 
 3375  2879 
 3376  3036 
 3377  3006 
 3378  3098 
 3379  3183 
 3380  3302 
 3381  3261 
 3382  3226 
 3383  3308 
 3384  3211 
 3385  3104 
 3386  3111 
 3387  2999 
 3388  2919 
 3389  2766 
 3390  2530 
 3391  2348 
 3392  2301 
 3393  2045 
 3394  1849 
 3395  1776 
 3396  1617 
 3397  1444 
 3398  1325 
 3399  1221 
 3400  1027 
 3401  913 
 3402  779 
 3403  709 
 3404  581 
 3405  489 
 3406  479 
 3407  368 
 3408  335 
 3409  262 
 3410  255 
 3411  235 
 3412  178 
 3413  129 
 3414  140 
 3415  110 
 3416  103 
 3417  89 
 3418  87 
 3419  75 
 3420  62 
 3421  72 
 3422  40 
 3423  44 
 3424  59 
 3425  55 
 3426  50 
 3427  41 
 3428  55 
 3429  36 
 3430  47 
 3431  41 
 3432  43 
 3433  45 
 3434  43 
 3435  34 
 3436  51 
 3437  44 
 3438  52 
 3439  42 
 3440  54 
 3441  39 
 3442  47 
 3443  67 
 3444  53 
 3445  54 
 3446  62 
 3447  60 
 3448  54 
 3449  82 
 3450  75 
 3451  90 
 3452  77 
 3453  76 
 3454  90 
 3455  82 
 3456  88 
 3457  96 
 3458  105 
 3459  117 
 3460  105 
 3461  123 
 3462  130 
 3463  138 
 3464  111 
 3465  139 
 3466  136 
 3467  138 
 3468  136 
 3469  151 
 3470  119 
 3471  133 
 3472  160 
 3473  141 
 3474  134 
 3475  126 
 3476  124 
 3477  120 
 3478  118 
 3479  108 
 3480  100 
 3481  116 
 3482  78 
 3483  76 
 3484  55 
 3485  52 
 3486  64 
 3487  57 
 3488  45 
 3489  44 
 3490  39 
 3491  37 
 3492  40 
 3493  32 
 3494  43 
 3495  32 
 3496  20 
 3497  21 
 3498  18 
 3499  24 
 3500  27 
 3501  19 
 3502  23 
 3503  15 
 3504  23 
 3505  17 
 3506  18 
 3507  24 
 3508  21 
 3509  27 
 3510  19 
 3511  20 
 3512  19 
 3513  32 
 3514  29 
 3515  18 
 3516  26 
 3517  37 
 3518  35 
 3519  33 
 3520  33 
 3521  39 
 3522  33 
 3523  38 
 3524  48 
 3525  54 
 3526  47 
 3527  56 
 3528  52 
 3529  54 
 3530  58 
 3531  59 
 3532  41 
 3533  62 
 3534  52 
 3535  74 
 3536  83 
 3537  85 
 3538  93 
 3539  83 
 3540  100 
 3541  99 
 3542  79 
 3543  101 
 3544  100 
 3545  116 
 3546  112 
 3547  140 
 3548  136 
 3549  153 
 3550  131 
 3551  179 
 3552  155 
 3553  171 
 3554  192 
 3555  181 
 3556  171 
 3557  214 
 3558  213 
 3559  221 
 3560  239 
 3561  259 
 3562  261 
 3563  311 
 3564  274 
 3565  330 
 3566  322 
 3567  355 
 3568  390 
 3569  352 
 3570  381 
 3571  410 
 3572  460 
 3573  481 
 3574  489 
 3575  499 
 3576  547 
 3577  562 
 3578  576 
 3579  603 
 3580  600 
 3581  651 
 3582  701 
 3583  744 
 3584  758 
 3585  799 
 3586  822 
 3587  863 
 3588  846 
 3589  885 
 3590  956 
 3591  958 
 3592  1004 
 3593  1022 
 3594  1060 
 3595  1092 
 3596  1030 
 3597  1049 
 3598  1132 
 3599  1119 
 3600  1112 
 3601  1206 
 3602  1214 
 3603  1178 
 3604  1164 
 3605  1175 
 3606  1236 
 3607  1174 
 3608  1158 
 3609  1159 
 3610  1184 
 3611  1203 
 3612  1123 
 3613  1041 
 3614  1031 
 3615  1099 
 3616  976 
 3617  940 
 3618  951 
 3619  874 
 3620  888 
 3621  791 
 3622  751 
 3623  720 
 3624  665 
 3625  573 
 3626  593 
 3627  531 
 3628  471 
 3629  438 
 3630  405 
 3631  329 
 3632  293 
 3633  296 
 3634  239 
 3635  208 
 3636  191 
 3637  162 
 3638  143 
 3639  118 
 3640  118 
 3641  124 
 3642  92 
 3643  75 
 3644  73 
 3645  49 
 3646  45 
 3647  30 
 3648  36 
 3649  35 
 3650  46 
 3651  34 
 3652  32 
 3653  33 
 3654  36 
 3655  39 
 3656  34 
 3657  42 
 3658  38 
 3659  40 
 3660  50 
 3661  42 
 3662  40 
 3663  63 
 3664  51 
 3665  49 
 3666  68 
 3667  84 
 3668  71 
 3669  101 
 3670  95 
 3671  99 
 3672  103 
 3673  108 
 3674  126 
 3675  139 
 3676  130 
 3677  142 
 3678  135 
 3679  140 
 3680  150 
 3681  183 
 3682  186 
 3683  161 
 3684  161 
 3685  159 
 3686  142 
 3687  151 
 3688  127 
 3689  138 
 3690  155 
 3691  125 
 3692  121 
 3693  108 
 3694  111 
 3695  92 
 3696  76 
 3697  92 
 3698  81 
 3699  71 
 3700  65 
 3701  43 
 3702  54 
 3703  40 
 3704  48 
 3705  37 
 3706  34 
 3707  42 
 3708  30 
 3709  17 
 3710  18 
 3711  26 
 3712  29 
 3713  19 
 3714  28 
 3715  30 
 3716  17 
 3717  20 
 3718  24 
 3719  25 
 3720  32 
 3721  26 
 3722  20 
 3723  24 
 3724  28 
 3725  21 
 3726  26 
 3727  19 
 3728  15 
 3729  22 
 3730  10 
 3731  12 
 3732  15 
 3733  14 
 3734  8 
 3735  19 
 3736  8 
 3737  8 
 3738  14 
 3739  14 
 3740  7 
 3741  6 
 3742  10 
 3743  9 
 3744  5 
 3745  5 
 3746  3 
 3747  7 
 3748  1 
 3749  4 
 3750  2 
 3751  2 
 3752  1 
 3753  0 
 3754  3 
 3755  0 
 3756  0 
 3757  1 
 3758  1 
 3759  2 
 3760  0 
 3761  0 
 3762  3 
 3763  0 
 3764  0 
 3765  0 
 3766  1 
 3767  0 
 3768  0 
 3769  1 
 3770  1 
 3771  0 
 3772  0 
 3773  2 
 3774  0 
 3775  0 
 3776  0 
 3777  0 
 3778  0 
 3779  0 
 3780  0 
 3781  0 
 3782  1 
 3783  0 
 3784  0 
 3785  1 
 3786  0 
 3787  0 
 3788  0 
 3789  0 
 3790  0 
 3791  0 
 3792  0 
 3793  0 
 3794  0 
 3795  3 
 3796  1 
 3797  0 
 3798  0 
 3799  0 
 3800  0 
 3801  0 
 3802  0 
 3803  0 
 3804  0 
 3805  1 
 3806  0 
 3807  0 
 3808  0 
 3809  1 
 3810  0 
 3811  1 
 3812  1 
 3813  0 
 3814  0 
 3815  0 
 3816  0 
 3817  0 
 3818  1 
 3819  0 
 3820  0 
 3821  0 
 3822  0 
 3823  1 
 3824  1 
 3825  2 
 3826  0 
 3827  0 
 3828  0 
 3829  1 
 3830  0 
 3831  0 
 3832  2 
 3833  0 
 3834  0 
 3835  0 
 3836  0 
 3837  0 
 3838  0 
 3839  0 
 3840  0 
 3841  0 
 3842  1 
 3843  0 
 3844  0 
 3845  0 
 3846  4 
 3847  0 
 3848  0 
 3849  1 
 3850  0 
 3851  0 
 3852  0 
 3853  1 
 3854  0 
 3855  1 
 3856  0 
 3857  0 
 3858  0 
 3859  1 
 3860  0 
 3861  0 
 3862  0 
 3863  0 
 3864  1 
 3865  0 
 3866  0 
 3867  0 
 3868  0 
 3869  0 
 3870  0 
 3871  0 
 3872  0 
 3873  0 
 3874  0 
 3875  1 
 3876  1 
 3877  0 
 3878  0 
 3879  0 
 3880  0 
 3881  1 
 3882  0 
 3883  0 
 3884  0 
 3885  0 
 3886  0 
 3887  0 
 3888  1 
 3889  0 
 3890  1 
 3891  0 
 3892  0 
 3893  1 
 3894  0 
 3895  0 
 3896  0 
 3897  0 
 3898  0 
 3899  0 
 3900  0 
 3901  1 
 3902  0 
 3903  0 
 3904  0 
 3905  0 
 3906  0 
 3907  0 
 3908  1 
 3909  0 
 3910  0 
 3911  0 
 3912  0 
 3913  1 
 3914  0 
 3915  0 
 3916  0 
 3917  0 
 3918  0 
 3919  0 
 3920  1 
 3921  0 
 3922  1 
 3923  1 
 3924  0 
 3925  0 
 3926  0 
 3927  0 
 3928  0 
 3929  0 
 3930  0 
 3931  1 
 3932  0 
 3933  0 
 3934  0 
 3935  0 
 3936  1 
 3937  0 
 3938  0 
 3939  0 
 3940  0 
 3941  0 
 3942  1 
 3943  0 
 3944  0 
 3945  0 
 3946  0 
 3947  0 
 3948  1 
 3949  0 
 3950  0 
 3951  0 
 3952  0 
 3953  0 
 3954  0 
 3955  0 
 3956  0 
 3957  0 
 3958  0 
 3959  1 
 3960  0 
 3961  0 
 3962  0 
 3963  2 
 3964  0 
 3965  2 
 3966  0 
 3967  0 
 3968  0 
 3969  0 
 3970  0 
 3971  1 
 3972  0 
 3973  0 
 3974  0 
 3975  0 
 3976  0 
 3977  0 
 3978  1 
 3979  0 
 3980  0 
 3981  1 
 3982  0 
 3983  0 
 3984  0 
 3985  1 
 3986  1 
 3987  1 
 3988  0 
 3989  0 
 3990  0 
 3991  0 
 3992  0 
 3993  0 
 3994  0 
 3995  0 
 3996  0 
 3997  0 
 3998  0 
 3999  0 
 4000  0 
 4001  0 
 4002  0 
 4003  0 
 4004  0 
 4005  1 
 4006  0 
 4007  0 
 4008  0 
 4009  0 
 4010  0 
 4011  0 
 4012  0 
 4013  1 
 4014  0 
 4015  0 
 4016  0 
 4017  0 
 4018  0 
 4019  1 
 4020  0 
 4021  1 
 4022  0 
 4023  0 
 4024  1 
 4025  1 
 4026  0 
 4027  0 
 4028  0 
 4029  0 
 4030  1 
 4031  0 
 4032  0 
 4033  0 
 4034  0 
 4035  0 
 4036  1 
 4037  0 
 4038  1 
 4039  0 
 4040  0 
 4041  0 
 4042  0 
 4043  0 
 4044  0 
 4045  0 
 4046  0 
 4047  1 
 4048  1 
 4049  0 
 4050  1 
 4051  0 
 4052  1 
 4053  0 
 4054  0 
 4055  0 
 4056  0 
 4057  0 
 4058  0 
 4059  1 
 4060  0 
 4061  0 
 4062  2 
 4063  0 
 4064  0 
 4065  0 
 4066  1 
 4067  0 
 4068  1 
 4069  0 
 4070  0 
 4071  0 
 4072  0 
 4073  0 
 4074  0 
 4075  0 
 4076  0 
 4077  1 
 4078  0 
 4079  0 
 4080  1 
 4081  0 
 4082  0 
 4083  0 
 4084  0 
 4085  0 
 4086  0 
 4087  1 
 4088  1 
 4089  0 
 4090  1 
 4091  0 
 4092  0 
 4093  0 
 4094  0 
 4095  0 
 4096  0 
 4097  1 
 4098  0 
 4099  0 
 4100  0 
 4101  0 
 4102  0 
 4103  0 
 4104  0 
 4105  1 
 4106  1 
 4107  1 
 4108  0 
 4109  0 
 4110  0 
 4111  0 
 4112  0 
 4113  0 
 4114  0 
 4115  0 
 4116  0 
 4117  0 
 4118  1 
 4119  1 
 4120  2 
 4121  0 
 4122  0 
 4123  0 
 4124  0 
 4125  0 
 4126  0 
 4127  0 
 4128  1 
 4129  0 
 4130  0 
 4131  0 
 4132  0 
 4133  0 
 4134  1 
 4135  0 
 4136  0 
 4137  0 
 4138  0 
 4139  1 
 4140  0 
 4141  1 
 4142  0 
 4143  0 
 4144  1 
 4145  0 
 4146  0 
 4147  1 
 4148  0 
 4149  0 
 4150  0 
 4151  0 
 4152  0 
 4153  0 
 4154  0 
 4155  0 
 4156  0 
 4157  0 
 4158  0 
 4159  0 
 4160  0 
 4161  1 
 4162  0 
 4163  0 
 4164  0 
 4165  0 
 4166  0 
 4167  1 
 4168  0 
 4169  1 
 4170  0 
 4171  0 
 4172  0 
 4173  1 
 4174  0 
 4175  0 
 4176  0 
 4177  0 
 4178  1 
 4179  0 
 4180  0 
 4181  0 
 4182  0 
 4183  0 
 4184  1 
 4185  0 
 4186  0 
 4187  0 
 4188  0 
 4189  0 
 4190  0 
 4191  0 
 4192  0 
 4193  0 
 4194  1 
 4195  0 
 4196  0 
 4197  0 
 4198  0 
 4199  0 
 4200  0 
 4201  0 
 4202  0 
 4203  0 
 4204  0 
 4205  0 
 4206  0 
 4207  0 
 4208  0 
 4209  0 
 4210  0 
 4211  0 
 4212  0 
 4213  0 
 4214  0 
 4215  0 
 4216  0 
 4217  0 
 4218  0 
 4219  0 
 4220  0 
 4221  0 
 4222  0 
 4223  0 
 4224  0 
 4225  0 
 4226  0 
 4227  0 
 4228  0 
 4229  0 
 4230  0 
 4231  0 
 4232  0 
 4233  0 
 4234  0 
 4235  0 
 4236  0 
 4237  0 
 4238  1 
 4239  0 
 4240  0 
 4241  0 
 4242  0 
 4243  0 
 4244  0 
 4245  1 
 4246  0 
 4247  0 
 4248  0 
 4249  0 
 4250  0 
 4251  0 
 4252  0 
 4253  0 
 4254  0 
 4255  1 
 4256  0 
 4257  0 
 4258  0 
 4259  0 
 4260  0 
 4261  0 
 4262  0 
 4263  0 
 4264  0 
 4265  0 
 4266  0 
 4267  0 
 4268  0 
 4269  0 
 4270  1 
 4271  1 
 4272  0 
 4273  1 
 4274  0 
 4275  0 
 4276  0 
 4277  0 
 4278  0 
 4279  0 
 4280  0 
 4281  0 
 4282  0 
 4283  0 
 4284  0 
 4285  1 
 4286  0 
 4287  0 
 4288  0 
 4289  0 
 4290  0 
 4291  0 
 4292  0 
 4293  1 
 4294  0 
 4295  0 
 4296  0 
 4297  0 
 4298  0 
 4299  0 
 4300  0 
 4301  0 
 4302  0 
 4303  1 
 4304  0 
 4305  0 
 4306  0 
 4307  0 
 4308  0 
 4309  1 
 4310  0 
 4311  0 
 4312  0 
 4313  0 
 4314  0 
 4315  0 
 4316  1 
 4317  0 
 4318  0 
 4319  0 
 4320  0 
 4321  0 
 4322  0 
 4323  0 
 4324  0 
 4325  1 
 4326  0 
 4327  0 
 4328  1 
 4329  1 
 4330  0 
 4331  0 
 4332  0 
 4333  0 
 4334  0 
 4335  0 
 4336  0 
 4337  0 
 4338  0 
 4339  0 
 4340  0 
 4341  0 
 4342  0 
 4343  0 
 4344  0 
 4345  0 
 4346  0 
 4347  0 
 4348  0 
 4349  0 
 4350  0 
 4351  0 
 4352  0 
 4353  1 
 4354  1 
 4355  0 
 4356  0 
 4357  1 
 4358  1 
 4359  0 
 4360  0 
 4361  1 
 4362  0 
 4363  0 
 4364  0 
 4365  0 
 4366  0 
 4367  1 
 4368  0 
 4369  0 
 4370  1 
 4371  0 
 4372  0 
 4373  0 
 4374  0 
 4375  0 
 4376  0 
 4377  0 
 4378  0 
 4379  0 
 4380  0 
 4381  0 
 4382  0 
 4383  0 
 4384  0 
 4385  0 
 4386  0 
 4387  0 
 4388  0 
 4389  0 
 4390  0 
 4391  0 
 4392  0 
 4393  0 
 4394  0 
 4395  0 
 4396  0 
 4397  0 
 4398  0 
 4399  0 
 4400  0 
 4401  0 
 4402  0 
 4403  0 
 4404  0 
 4405  0 
 4406  0 
 4407  0 
 4408  0 
 4409  1 
 4410  0 
 4411  0 
 4412  0 
 4413  0 
 4414  0 
 4415  0 
 4416  0 
 4417  0 
 4418  0 
 4419  1 
 4420  0 
 4421  0 
 4422  0 
 4423  0 
 4424  0 
 4425  0 
 4426  0 
 4427  0 
 4428  0 
 4429  0 
 4430  0 
 4431  0 
 4432  0 
 4433  0 
 4434  0 
 4435  1 
 4436  1 
 4437  0 
 4438  0 
 4439  0 
 4440  1 
 4441  0 
 4442  0 
 4443  0 
 4444  0 
 4445  0 
 4446  1 
 4447  0 
 4448  0 
 4449  0 
 4450  0 
 4451  0 
 4452  1 
 4453  1 
 4454  0 
 4455  0 
 4456  0 
 4457  0 
 4458  0 
 4459  0 
 4460  0 
 4461  0 
 4462  2 
 4463  0 
 4464  0 
 4465  1 
 4466  0 
 4467  0 
 4468  0 
 4469  0 
 4470  0 
 4471  0 
 4472  0 
 4473  0 
 4474  0 
 4475  0 
 4476  0 
 4477  0 
 4478  0 
 4479  0 
 4480  0 
 4481  0 
 4482  0 
 4483  0 
 4484  0 
 4485  0 
 4486  0 
 4487  0 
 4488  0 
 4489  0 
 4490  0 
 4491  0 
 4492  0 
 4493  0 
 4494  0 
 4495  0 
 4496  0 
 4497  0 
 4498  0 
 4499  0 
 4500  2 
 4501  0 
 4502  0 
 4503  0 
 4504  0 
 4505  1 
 4506  1 
 4507  0 
 4508  0 
 4509  0 
 4510  0 
 4511  0 
 4512  0 
 4513  0 
 4514  0 
 4515  0 
 4516  0 
 4517  0 
 4518  0 
 4519  0 
 4520  0 
 4521  0 
 4522  0 
 4523  0 
 4524  0 
 4525  0 
 4526  0 
 4527  0 
 4528  1 
 4529  0 
 4530  1 
 4531  1 
 4532  0 
 4533  0 
 4534  1 
 4535  0 
 4536  0 
 4537  0 
 4538  0 
 4539  0 
 4540  0 
 4541  0 
 4542  0 
 4543  0 
 4544  0 
 4545  0 
 4546  0 
 4547  0 
 4548  0 
 4549  0 
 4550  0 
 4551  0 
 4552  0 
 4553  0 
 4554  0 
 4555  0 
 4556  0 
 4557  0 
 4558  0 
 4559  0 
 4560  0 
 4561  0 
 4562  0 
 4563  0 
 4564  0 
 4565  0 
 4566  1 
 4567  0 
 4568  0 
 4569  0 
 4570  0 
 4571  0 
 4572  0 
 4573  0 
 4574  0 
 4575  0 
 4576  0 
 4577  0 
 4578  0 
 4579  0 
 4580  1 
 4581  0 
 4582  0 
 4583  0 
 4584  0 
 4585  0 
 4586  1 
 4587  0 
 4588  0 
 4589  0 
 4590  1 
 4591  0 
 4592  0 
 4593  0 
 4594  0 
 4595  0 
 4596  0 
 4597  0 
 4598  0 
 4599  0 
 4600  0 
 4601  0 
 4602  0 
 4603  0 
 4604  0 
 4605  0 
 4606  0 
 4607  0 
 4608  0 
 4609  0 
 4610  0 
 4611  1 
 4612  1 
 4613  0 
 4614  0 
 4615  0 
 4616  0 
 4617  0 
 4618  0 
 4619  0 
 4620  0 
 4621  0 
 4622  0 
 4623  1 
 4624  0 
 4625  0 
 4626  1 
 4627  0 
 4628  0 
 4629  0 
 4630  0 
 4631  0 
 4632  0 
 4633  0 
 4634  0 
 4635  0 
 4636  0 
 4637  0 
 4638  0 
 4639  0 
 4640  0 
 4641  0 
 4642  0 
 4643  0 
 4644  0 
 4645  0 
 4646  0 
 4647  0 
 4648  0 
 4649  0 
 4650  0 
 4651  0 
 4652  0 
 4653  0 
 4654  1 
 4655  0 
 4656  0 
 4657  1 
 4658  0 
 4659  0 
 4660  1 
 4661  0 
 4662  0 
 4663  0 
 4664  0 
 4665  0 
 4666  0 
 4667  0 
 4668  0 
 4669  0 
 4670  0 
 4671  1 
 4672  0 
 4673  0 
 4674  0 
 4675  0 
 4676  0 
 4677  0 
 4678  0 
 4679  0 
 4680  0 
 4681  0 
 4682  0 
 4683  0 
 4684  0 
 4685  0 
 4686  0 
 4687  0 
 4688  0 
 4689  0 
 4690  0 
 4691  0 
 4692  0 
 4693  0 
 4694  0 
 4695  0 
 4696  0 
 4697  1 
 4698  0 
 4699  1 
 4700  0 
 4701  0 
 4702  0 
 4703  0 
 4704  0 
 4705  0 
 4706  0 
 4707  0 
 4708  0 
 4709  0 
 4710  0 
 4711  0 
 4712  0 
 4713  0 
 4714  0 
 4715  0 
 4716  0 
 4717  0 
 4718  0 
 4719  0 
 4720  0 
 4721  0 
 4722  1 
 4723  0 
 4724  0 
 4725  0 
 4726  0 
 4727  0 
 4728  0 
 4729  0 
 4730  0 
 4731  0 
 4732  0 
 4733  0 
 4734  1 
 4735  0 
 4736  0 
 4737  0 
 4738  0 
 4739  0 
 4740  0 
 4741  0 
 4742  0 
 4743  0 
 4744  0 
 4745  0 
 4746  0 
 4747  0 
 4748  0 
 4749  0 
 4750  0 
 4751  0 
 4752  0 
 4753  0 
 4754  0 
 4755  0 
 4756  0 
 4757  0 
 4758  0 
 4759  0 
 4760  0 
 4761  0 
 4762  0 
 4763  0 
 4764  0 
 4765  0 
 4766  0 
 4767  0 
 4768  0 
 4769  0 
 4770  0 
 4771  0 
 4772  0 
 4773  0 
 4774  1 
 4775  0 
 4776  0 
 4777  0 
 4778  0 
 4779  0 
 4780  0 
 4781  0 
 4782  0 
 4783  0 
 4784  0 
 4785  0 
 4786  0 
 4787  0 
 4788  0 
 4789  0 
 4790  0 
 4791  0 
 4792  1 
 4793  0 
 4794  0 
 4795  0 
 4796  0 
 4797  0 
 4798  0 
 4799  0 
 4800  0 
 4801  0 
 4802  0 
 4803  0 
 4804  1 
 4805  1 
 4806  0 
 4807  0 
 4808  1 
 4809  0 
 4810  0 
 4811  0 
 4812  0 
 4813  0 
 4814  0 
 4815  1 
 4816  0 
 4817  0 
 4818  0 
 4819  0 
 4820  0 
 4821  0 
 4822  0 
 4823  0 
 4824  0 
 4825  0 
 4826  0 
 4827  1 
 4828  0 
 4829  1 
 4830  0 
 4831  0 
 4832  0 
 4833  0 
 4834  1 
 4835  0 
 4836  0 
 4837  0 
 4838  0 
 4839  0 
 4840  0 
 4841  0 
 4842  0 
 4843  0 
 4844  0 
 4845  0 
 4846  0 
 4847  0 
 4848  0 
 4849  0 
 4850  0 
 4851  0 
 4852  0 
 4853  0 
 4854  0 
 4855  1 
 4856  0 
 4857  0 
 4858  0 
 4859  0 
 4860  0 
 4861  0 
 4862  0 
 4863  0 
 4864  0 
 4865  0 
 4866  0 
 4867  0 
 4868  0 
 4869  0 
 4870  0 
 4871  0 
 4872  0 
 4873  1 
 4874  0 
 4875  0 
 4876  0 
 4877  0 
 4878  0 
 4879  0 
 4880  0 
 4881  0 
 4882  0 
 4883  0 
 4884  0 
 4885  0 
 4886  0 
 4887  0 
 4888  0 
 4889  0 
 4890  0 
 4891  0 
 4892  0 
 4893  0 
 4894  0 
 4895  0 
 4896  0 
 4897  0 
 4898  0 
 4899  0 
 4900  0 
 4901  0 
 4902  0 
 4903  0 
 4904  0 
 4905  0 
 4906  0 
 4907  0 
 4908  0 
 4909  0 
 4910  0 
 4911  0 
 4912  0 
 4913  0 
 4914  0 
 4915  0 
 4916  1 
 4917  0 
 4918  0 
 4919  1 
 4920  0 
 4921  0 
 4922  0 
 4923  0 
 4924  0 
 4925  0 
 4926  0 
 4927  0 
 4928  1 
 4929  0 
 4930  0 
 4931  0 
 4932  0 
 4933  1 
 4934  1 
 4935  0 
 4936  0 
 4937  0 
 4938  1 
 4939  0 
 4940  0 
 4941  0 
 4942  0 
 4943  0 
 4944  0 
 4945  0 
 4946  0 
 4947  0 
 4948  0 
 4949  0 
 4950  0 
 4951  0 
 4952  0 
 4953  0 
 4954  0 
 4955  0 
 4956  1 
 4957  0 
 4958  0 
 4959  0 
 4960  1 
 4961  0 
 4962  0 
 4963  1 
 4964  0 
 4965  0 
 4966  0 
 4967  0 
 4968  0 
 4969  0 
 4970  0 
 4971  0 
 4972  0 
 4973  0 
 4974  0 
 4975  0 
 4976  1 
 4977  0 
 4978  0 
 4979  0 
 4980  0 
 4981  0 
 4982  0 
 4983  1 
 4984  0 
 4985  0 
 4986  0 
 4987  0 
 4988  0 
 4989  0 
 4990  0 
 4991  0 
 4992  0 
 4993  0 
 4994  0 
 4995  1 
 4996  0 
 4997  0 
 4998  0 
 4999  0 
 5000  0 
 5001  0 
 5002  0 
 5003  0 
 5004  0 
 5005  0 
 5006  0 
 5007  0 
 5008  0 
 5009  0 
 5010  0 
 5011  0 
 5012  0 
 5013  0 
 5014  0 
 5015  0 
 5016  0 
 5017  1 
 5018  0 
 5019  0 
 5020  0 
 5021  0 
 5022  0 
 5023  0 
 5024  0 
 5025  0 
 5026  0 
 5027  0 
 5028  0 
 5029  1 
 5030  0 
 5031  1 
 5032  0 
 5033  0 
 5034  0 
 5035  0 
 5036  1 
 5037  0 
 5038  0 
 5039  0 
 5040  0 
 5041  0 
 5042  0 
 5043  0 
 5044  0 
 5045  0 
 5046  0 
 5047  0 
 5048  1 
 5049  0 
 5050  1 
 5051  0 
 5052  1 
 5053  0 
 5054  0 
 5055  0 
 5056  0 
 5057  0 
 5058  0 
 5059  1 
 5060  0 
 5061  0 
 5062  0 
 5063  0 
 5064  0 
 5065  0 
 5066  0 
 5067  0 
 5068  0 
 5069  0 
 5070  0 
 5071  0 
 5072  0 
 5073  0 
 5074  0 
 5075  0 
 5076  0 
 5077  0 
 5078  0 
 5079  0 
 5080  0 
 5081  0 
 5082  0 
 5083  0 
 5084  0 
 5085  0 
 5086  0 
 5087  0 
 5088  0 
 5089  0 
 5090  0 
 5091  0 
 5092  0 
 5093  0 
 5094  0 
 5095  1 
 5096  0 
 5097  0 
 5098  0 
 5099  1 
 5100  0 
 5101  0 
 5102  0 
 5103  0 
 5104  0 
 5105  0 
 5106  0 
 5107  0 
 5108  0 
 5109  0 
 5110  0 
 5111  0 
 5112  0 
 5113  0 
 5114  1 
 5115  0 
 5116  0 
 5117  0 
 5118  0 
 5119  0 
 5120  0 
 5121  1 
 5122  1 
 5123  0 
 5124  0 
 5125  0 
 5126  0 
 5127  0 
 5128  0 
 5129  0 
 5130  0 
 5131  0 
 5132  1 
 5133  1 
 5134  1 
 5135  0 
 5136  0 
 5137  0 
 5138  0 
 5139  0 
 5140  0 
 5141  0 
 5142  0 
 5143  0 
 5144  0 
 5145  0 
 5146  0 
 5147  0 
 5148  0 
 5149  0 
 5150  1 
 5151  0 
 5152  0 
 5153  0 
 5154  0 
 5155  0 
 5156  0 
 5157  0 
 5158  0 
 5159  0 
 5160  0 
 5161  0 
 5162  0 
 5163  0 
 5164  0 
 5165  0 
 5166  0 
 5167  0 
 5168  0 
 5169  1 
 5170  0 
 5171  0 
 5172  0 
 5173  1 
 5174  1 
 5175  0 
 5176  0 
 5177  0 
 5178  0 
 5179  0 
 5180  0 
 5181  0 
 5182  1 
 5183  0 
 5184  0 
 5185  0 
 5186  0 
 5187  0 
 5188  0 
 5189  0 
 5190  0 
 5191  0 
 5192  0 
 5193  0 
 5194  1 
 5195  0 
 5196  0 
 5197  0 
 5198  0 
 5199  0 
 5200  0 
 5201  0 
 5202  0 
 5203  0 
 5204  0 
 5205  1 
 5206  0 
 5207  0 
 5208  0 
 5209  0 
 5210  0 
 5211  0 
 5212  0 
 5213  0 
 5214  0 
 5215  0 
 5216  0 
 5217  0 
 5218  0 
 5219  1 
 5220  0 
 5221  0 
 5222  1 
 5223  0 
 5224  0 
 5225  0 
 5226  0 
 5227  0 
 5228  0 
 5229  0 
 5230  0 
 5231  1 
 5232  0 
 5233  0 
 5234  0 
 5235  0 
 5236  0 
 5237  1 
 5238  0 
 5239  0 
 5240  0 
 5241  0 
 5242  0 
 5243  0 
 5244  0 
 5245  0 
 5246  0 
 5247  0 
 5248  0 
 5249  1 
 5250  0 
 5251  0 
 5252  0 
 5253  1 
 5254  2 
 5255  0 
 5256  0 
 5257  0 
 5258  0 
 5259  0 
 5260  0 
 5261  0 
 5262  0 
 5263  0 
 5264  0 
 5265  0 
 5266  0 
 5267  0 
 5268  0 
 5269  0 
 5270  1 
 5271  0 
 5272  1 
 5273  0 
 5274  0 
 5275  0 
 5276  0 
 5277  0 
 5278  0 
 5279  0 
 5280  1 
 5281  0 
 5282  0 
 5283  0 
 5284  0 
 5285  0 
 5286  0 
 5287  0 
 5288  1 
 5289  0 
 5290  1 
 5291  0 
 5292  0 
 5293  1 
 5294  0 
 5295  1 
 5296  0 
 5297  0 
 5298  1 
 5299  3 
 5300  1 
 5301  1 
 5302  0 
 5303  0 
 5304  0 
 5305  0 
 5306  1 
 5307  1 
 5308  0 
 5309  2 
 5310  0 
 5311  0 
 5312  0 
 5313  1 
 5314  0 
 5315  1 
 5316  0 
 5317  0 
 5318  0 
 5319  0 
 5320  0 
 5321  0 
 5322  0 
 5323  0 
 5324  0 
 5325  0 
 5326  0 
 5327  1 
 5328  0 
 5329  0 
 5330  0 
 5331  0 
 5332  0 
 5333  0 
 5334  0 
 5335  1 
 5336  2 
 5337  0 
 5338  2 
 5339  0 
 5340  1 
 5341  0 
 5342  1 
 5343  0 
 5344  0 
 5345  0 
 5346  0 
 5347  0 
 5348  1 
 5349  1 
 5350  0 
 5351  0 
 5352  0 
 5353  1 
 5354  0 
 5355  1 
 5356  0 
 5357  0 
 5358  0 
 5359  0 
 5360  1 
 5361  0 
 5362  0 
 5363  0 
 5364  0 
 5365  1 
 5366  2 
 5367  0 
 5368  0 
 5369  2 
 5370  1 
 5371  0 
 5372  1 
 5373  1 
 5374  0 
 5375  1 
 5376  0 
 5377  0 
 5378  0 
 5379  0 
 5380  1 
 5381  1 
 5382  0 
 5383  0 
 5384  0 
 5385  1 
 5386  2 
 5387  1 
 5388  0 
 5389  0 
 5390  0 
 5391  1 
 5392  0 
 5393  1 
 5394  0 
 5395  1 
 5396  0 
 5397  0 
 5398  0 
 5399  0 
 5400  2 
 5401  0 
 5402  1 
 5403  0 
 5404  0 
 5405  0 
 5406  0 
 5407  0 
 5408  1 
 5409  0 
 5410  2 
 5411  1 
 5412  1 
 5413  0 
 5414  1 
 5415  1 
 5416  3 
 5417  0 
 5418  1 
 5419  0 
 5420  0 
 5421  0 
 5422  1 
 5423  1 
 5424  0 
 5425  0 
 5426  0 
 5427  0 
 5428  0 
 5429  0 
 5430  0 
 5431  0 
 5432  0 
 5433  1 
 5434  1 
 5435  0 
 5436  0 
 5437  2 
 5438  0 
 5439  1 
 5440  1 
 5441  0 
 5442  0 
 5443  0 
 5444  2 
 5445  1 
 5446  1 
 5447  1 
 5448  0 
 5449  0 
 5450  0 
 5451  0 
 5452  0 
 5453  0 
 5454  2 
 5455  1 
 5456  0 
 5457  1 
 5458  1 
 5459  0 
 5460  1 
 5461  0 
 5462  0 
 5463  0 
 5464  0 
 5465  1 
 5466  0 
 5467  0 
 5468  0 
 5469  1 
 5470  1 
 5471  1 
 5472  0 
 5473  0 
 5474  1 
 5475  0 
 5476  0 
 5477  1 
 5478  1 
 5479  0 
 5480  2 
 5481  0 
 5482  0 
 5483  0 
 5484  2 
 5485  0 
 5486  0 
 5487  0 
 5488  2 
 5489  0 
 5490  1 
 5491  0 
 5492  0 
 5493  0 
 5494  0 
 5495  1 
 5496  0 
 5497  0 
 5498  0 
 5499  0 
 5500  1 
 5501  0 
 5502  0 
 5503  0 
 5504  0 
 5505  0 
 5506  0 
 5507  0 
 5508  0 
 5509  0 
 5510  0 
 5511  1 
 5512  0 
 5513  0 
 5514  0 
 5515  0 
 5516  0 
 5517  0 
 5518  0 
 5519  0 
 5520  0 
 5521  0 
 5522  0 
 5523  0 
 5524  0 
 5525  0 
 5526  0 
 5527  0 
 5528  0 
 5529  0 
 5530  0 
 5531  0 
 5532  0 
 5533  0 
 5534  0 
 5535  0 
 5536  0 
 5537  0 
 5538  0 
 5539  0 
 5540  0 
 5541  0 
 5542  0 
 5543  1 
 5544  0 
 5545  0 
 5546  0 
 5547  0 
 5548  0 
 5549  0 
 5550  1 
 5551  0 
 5552  0 
 5553  1 
 5554  0 
 5555  0 
 5556  0 
 5557  0 
 5558  0 
 5559  0 
 5560  0 
 5561  1 
 5562  0 
 5563  0 
 5564  0 
 5565  0 
 5566  0 
 5567  1 
 5568  0 
 5569  0 
 5570  0 
 5571  0 
 5572  0 
 5573  0 
 5574  0 
 5575  0 
 5576  0 
 5577  1 
 5578  0 
 5579  0 
 5580  0 
 5581  0 
 5582  0 
 5583  1 
 5584  0 
 5585  0 
 5586  0 
 5587  0 
 5588  0 
 5589  0 
 5590  1 
 5591  0 
 5592  0 
 5593  1 
 5594  0 
 5595  0 
 5596  0 
 5597  0 
 5598  0 
 5599  1 
 5600  1 
 5601  0 
 5602  0 
 5603  0 
 5604  0 
 5605  0 
 5606  0 
 5607  0 
 5608  0 
 5609  0 
 5610  2 
 5611  0 
 5612  0 
 5613  1 
 5614  0 
 5615  0 
 5616  0 
 5617  0 
 5618  0 
 5619  0 
 5620  0 
 5621  0 
 5622  0 
 5623  0 
 5624  1 
 5625  0 
 5626  0 
 5627  1 
 5628  0 
 5629  0 
 5630  0 
 5631  0 
 5632  1 
 5633  0 
 5634  0 
 5635  1 
 5636  0 
 5637  0 
 5638  0 
 5639  0 
 5640  0 
 5641  1 
 5642  0 
 5643  0 
 5644  0 
 5645  0 
 5646  1 
 5647  0 
 5648  0 
 5649  0 
 5650  0 
 5651  0 
 5652  0 
 5653  0 
 5654  0 
 5655  0 
 5656  1 
 5657  1 
 5658  0 
 5659  0 
 5660  0 
 5661  0 
 5662  0 
 5663  0 
 5664  0 
 5665  0 
 5666  0 
 5667  0 
 5668  1 
 5669  0 
 5670  0 
 5671  0 
 5672  0 
 5673  1 
 5674  0 
 5675  0 
 5676  0 
 5677  0 
 5678  0 
 5679  0 
 5680  0 
 5681  0 
 5682  0 
 5683  0 
 5684  0 
 5685  0 
 5686  0 
 5687  0 
 5688  0 
 5689  0 
 5690  0 
 5691  0 
 5692  0 
 5693  1 
 5694  0 
 5695  0 
 5696  0 
 5697  0 
 5698  0 
 5699  0 
 5700  0 
 5701  0 
 5702  0 
 5703  0 
 5704  0 
 5705  0 
 5706  0 
 5707  0 
 5708  0 
 5709  0 
 5710  0 
 5711  0 
 5712  0 
 5713  0 
 5714  0 
 5715  0 
 5716  0 
 5717  0 
 5718  0 
 5719  0 
 5720  0 
 5721  0 
 5722  0 
 5723  0 
 5724  0 
 5725  0 
 5726  0 
 5727  0 
 5728  0 
 5729  1 
 5730  0 
 5731  0 
 5732  0 
 5733  0 
 5734  0 
 5735  0 
 5736  0 
 5737  0 
 5738  0 
 5739  0 
 5740  0 
 5741  0 
 5742  0 
 5743  0 
 5744  1 
 5745  0 
 5746  0 
 5747  0 
 5748  0 
 5749  1 
 5750  0 
 5751  0 
 5752  0 
 5753  0 
 5754  0 
 5755  0 
 5756  0 
 5757  0 
 5758  0 
 5759  0 
 5760  0 
 5761  0 
 5762  0 
 5763  0 
 5764  1 
 5765  0 
 5766  0 
 5767  0 
 5768  0 
 5769  0 
 5770  0 
 5771  0 
 5772  0 
 5773  0 
 5774  0 
 5775  1 
 5776  0 
 5777  0 
 5778  0 
 5779  0 
 5780  0 
 5781  0 
 5782  0 
 5783  0 
 5784  1 
 5785  0 
 5786  0 
 5787  0 
 5788  0 
 5789  0 
 5790  0 
 5791  1 
 5792  0 
 5793  0 
 5794  2 
 5795  0 
 5796  0 
 5797  0 
 5798  0 
 5799  0 
 5800  0 
 5801  0 
 5802  0 
 5803  0 
 5804  0 
 5805  0 
 5806  0 
 5807  0 
 5808  0 
 5809  0 
 5810  0 
 5811  0 
 5812  0 
 5813  0 
 5814  0 
 5815  0 
 5816  0 
 5817  0 
 5818  0 
 5819  0 
 5820  0 
 5821  0 
 5822  0 
 5823  0 
 5824  1 
 5825  0 
 5826  0 
 5827  0 
 5828  0 
 5829  0 
 5830  0 
 5831  0 
 5832  0 
 5833  0 
 5834  0 
 5835  1 
 5836  0 
 5837  0 
 5838  0 
 5839  0 
 5840  0 
 5841  0 
 5842  0 
 5843  0 
 5844  0 
 5845  0 
 5846  0 
 5847  0 
 5848  0 
 5849  0 
 5850  0 
 5851  0 
 5852  0 
 5853  0 
 5854  0 
 5855  1 
 5856  0 
 5857  0 
 5858  0 
 5859  0 
 5860  0 
 5861  0 
 5862  0 
 5863  3 
 5864  0 
 5865  0 
 5866  0 
 5867  0 
 5868  0 
 5869  1 
 5870  0 
 5871  1 
 5872  0 
 5873  1 
 5874  0 
 5875  0 
 5876  0 
 5877  0 
 5878  0 
 5879  0 
 5880  0 
 5881  0 
 5882  0 
 5883  0 
 5884  0 
 5885  1 
 5886  0 
 5887  1 
 5888  0 
 5889  0 
 5890  0 
 5891  0 
 5892  1 
 5893  0 
 5894  0 
 5895  0 
 5896  0 
 5897  0 
 5898  0 
 5899  0 
 5900  0 
 5901  0 
 5902  0 
 5903  0 
 5904  0 
 5905  1 
 5906  1 
 5907  0 
 5908  0 
 5909  1 
 5910  0 
 5911  0 
 5912  0 
 5913  0 
 5914  0 
 5915  0 
 5916  0 
 5917  0 
 5918  0 
 5919  0 
 5920  0 
 5921  0 
 5922  0 
 5923  0 
 5924  0 
 5925  0 
 5926  0 
 5927  0 
 5928  0 
 5929  0 
 5930  0 
 5931  0 
 5932  0 
 5933  0 
 5934  0 
 5935  0 
 5936  1 
 5937  0 
 5938  0 
 5939  0 
 5940  0 
 5941  0 
 5942  0 
 5943  0 
 5944  0 
 5945  0 
 5946  0 
 5947  0 
 5948  0 
 5949  0 
 5950  1 
 5951  0 
 5952  0 
 5953  0 
 5954  0 
 5955  0 
 5956  0 
 5957  0 
 5958  1 
 5959  0 
 5960  0 
 5961  0 
 5962  0 
 5963  0 
 5964  0 
 5965  0 
 5966  0 
 5967  0 
 5968  0 
 5969  0 
 5970  0 
 5971  0 
 5972  0 
 5973  0 
 5974  0 
 5975  0 
 5976  0 
 5977  0 
 5978  0 
 5979  0 
 5980  0 
 5981  0 
 5982  0 
 5983  0 
 5984  0 
 5985  1 
 5986  0 
 5987  0 
 5988  0 
 5989  0 
 5990  1 
 5991  0 
 5992  0 
 5993  0 
 5994  0 
 5995  0 
 5996  1 
 5997  0 
 5998  0 
 5999  0 
 6000  1 
 6001  0 
 6002  0 
 6003  0 
 6004  0 
 6005  0 
 6006  0 
 6007  0 
 6008  1 
 6009  0 
 6010  0 
 6011  0 
 6012  1 
 6013  1 
 6014  0 
 6015  0 
 6016  0 
 6017  0 
 6018  0 
 6019  0 
 6020  0 
 6021  0 
 6022  0 
 6023  0 
 6024  0 
 6025  0 
 6026  0 
 6027  0 
 6028  0 
 6029  0 
 6030  0 
 6031  0 
 6032  0 
 6033  0 
 6034  0 
 6035  0 
 6036  0 
 6037  0 
 6038  0 
 6039  0 
 6040  0 
 6041  0 
 6042  0 
 6043  0 
 6044  0 
 6045  1 
 6046  0 
 6047  0 
 6048  0 
 6049  1 
 6050  0 
 6051  0 
 6052  1 
 6053  0 
 6054  0 
 6055  0 
 6056  0 
 6057  0 
 6058  0 
 6059  0 
 6060  0 
 6061  0 
 6062  0 
 6063  0 
 6064  0 
 6065  1 
 6066  0 
 6067  0 
 6068  0 
 6069  0 
 6070  0 
 6071  0 
 6072  0 
 6073  0 
 6074  0 
 6075  0 
 6076  0 
 6077  0 
 6078  0 
 6079  0 
 6080  0 
 6081  0 
 6082  0 
 6083  0 
 6084  0 
 6085  1 
 6086  0 
 6087  1 
 6088  0 
 6089  0 
 6090  0 
 6091  2 
 6092  0 
 6093  0 
 6094  1 
 6095  0 
 6096  0 
 6097  0 
 6098  1 
 6099  0 
 6100  0 
 6101  1 
 6102  0 
 6103  0 
 6104  0 
 6105  0 
 6106  0 
 6107  0 
 6108  0 
 6109  0 
 6110  0 
 6111  0 
 6112  0 
 6113  0 
 6114  0 
 6115  0 
 6116  0 
 6117  0 
 6118  0 
 6119  0 
 6120  0 
 6121  0 
 6122  1 
 6123  0 
 6124  0 
 6125  0 
 6126  0 
 6127  0 
 6128  0 
 6129  0 
 6130  0 
 6131  0 
 6132  0 
 6133  0 
 6134  0 
 6135  0 
 6136  0 
 6137  0 
 6138  0 
 6139  0 
 6140  0 
 6141  0 
 6142  0 
 6143  0 
 6144  0 
 6145  0 
 6146  1 
 6147  0 
 6148  0 
 6149  0 
 6150  0 
 6151  0 
 6152  0 
 6153  0 
 6154  0 
 6155  0 
 6156  0 
 6157  0 
 6158  0 
 6159  1 
 6160  0 
 6161  1 
 6162  0 
 6163  0 
 6164  0 
 6165  0 
 6166  0 
 6167  0 
 6168  0 
 6169  0 
 6170  0 
 6171  0 
 6172  0 
 6173  0 
 6174  0 
 6175  0 
 6176  0 
 6177  0 
 6178  0 
 6179  0 
 6180  0 
 6181  0 
 6182  0 
 6183  0 
 6184  0 
 6185  0 
 6186  0 
 6187  0 
 6188  0 
 6189  0 
 6190  0 
 6191  0 
 6192  0 
 6193  1 
 6194  0 
 6195  0 
 6196  0 
 6197  1 
 6198  0 
 6199  0 
 6200  0 
 6201  0 
 6202  0 
 6203  0 
 6204  0 
 6205  0 
 6206  0 
 6207  0 
 6208  0 
 6209  1 
 6210  0 
 6211  0 
 6212  0 
 6213  1 
 6214  0 
 6215  0 
 6216  0 
 6217  0 
 6218  0 
 6219  0 
 6220  0 
 6221  0 
 6222  0 
 6223  0 
 6224  1 
 6225  0 
 6226  0 
 6227  0 
 6228  0 
 6229  0 
 6230  2 
 6231  0 
 6232  1 
 6233  1 
 6234  0 
 6235  0 
 6236  0 
 6237  0 
 6238  0 
 6239  0 
 6240  0 
 6241  0 
 6242  0 
 6243  0 
 6244  0 
 6245  0 
 6246  0 
 6247  0 
 6248  0 
 6249  0 
 6250  2 
 6251  0 
 6252  0 
 6253  0 
 6254  0 
 6255  0 
 6256  0 
 6257  0 
 6258  0 
 6259  0 
 6260  0 
 6261  0 
 6262  0 
 6263  0 
 6264  0 
 6265  0 
 6266  0 
 6267  0 
 6268  0 
 6269  0 
 6270  0 
 6271  0 
 6272  0 
 6273  0 
 6274  0 
 6275  0 
 6276  0 
 6277  0 
 6278  0 
 6279  0 
 6280  0 
 6281  1 
 6282  0 
 6283  0 
 6284  0 
 6285  0 
 6286  0 
 6287  0 
 6288  0 
 6289  0 
 6290  1 
 6291  1 
 6292  0 
 6293  0 
 6294  0 
 6295  0 
 6296  0 
 6297  0 
 6298  0 
 6299  1 
 6300  0 
 6301  0 
 6302  0 
 6303  0 
 6304  0 
 6305  0 
 6306  0 
 6307  0 
 6308  0 
 6309  0 
 6310  0 
 6311  0 
 6312  1 
 6313  0 
 6314  0 
 6315  0 
 6316  1 
 6317  0 
 6318  0 
 6319  0 
 6320  0 
 6321  1 
 6322  0 
 6323  1 
 6324  0 
 6325  0 
 6326  0 
 6327  0 
 6328  1 
 6329  0 
 6330  0 
 6331  0 
 6332  0 
 6333  0 
 6334  0 
 6335  0 
 6336  0 
 6337  0 
 6338  0 
 6339  0 
 6340  0 
 6341  0 
 6342  0 
 6343  0 
 6344  1 
 6345  0 
 6346  0 
 6347  0 
 6348  1 
 6349  0 
 6350  0 
 6351  0 
 6352  0 
 6353  0 
 6354  0 
 6355  0 
 6356  0 
 6357  0 
 6358  1 
 6359  0 
 6360  0 
 6361  0 
 6362  0 
 6363  0 
 6364  0 
 6365  0 
 6366  0 
 6367  0 
 6368  0 
 6369  0 
 6370  0 
 6371  0 
 6372  1 
 6373  0 
 6374  0 
 6375  0 
 6376  1 
 6377  0 
 6378  0 
 6379  0 
 6380  0 
 6381  0 
 6382  0 
 6383  0 
 6384  0 
 6385  0 
 6386  0 
 6387  0 
 6388  0 
 6389  0 
 6390  0 
 6391  0 
 6392  1 
 6393  0 
 6394  0 
 6395  0 
 6396  0 
 6397  0 
 6398  0 
 6399  0 
 6400  0 
 6401  0 
 6402  0 
 6403  0 
 6404  1 
 6405  0 
 6406  0 
 6407  0 
 6408  1 
 6409  0 
 6410  0 
 6411  0 
 6412  0 
 6413  1 
 6414  0 
 6415  0 
 6416  0 
 6417  0 
 6418  0 
 6419  0 
 6420  0 
 6421  0 
 6422  0 
 6423  0 
 6424  1 
 6425  1 
 6426  0 
 6427  2 
 6428  0 
 6429  1 
 6430  1 
 6431  0 
 6432  1 
 6433  0 
 6434  0 
 6435  1 
 6436  0 
 6437  0 
 6438  0 
 6439  0 
 6440  0 
 6441  0 
 6442  1 
 6443  0 
 6444  0 
 6445  1 
 6446  0 
 6447  0 
 6448  0 
 6449  0 
 6450  1 
 6451  1 
 6452  0 
 6453  0 
 6454  0 
 6455  0 
 6456  0 
 6457  0 
 6458  0 
 6459  0 
 6460  0 
 6461  1 
 6462  0 
 6463  0 
 6464  0 
 6465  1 
 6466  0 
 6467  0 
 6468  0 
 6469  0 
 6470  0 
 6471  0 
 6472  0 
 6473  0 
 6474  0 
 6475  0 
 6476  0 
 6477  0 
 6478  0 
 6479  0 
 6480  0 
 6481  0 
 6482  0 
 6483  0 
 6484  0 
 6485  0 
 6486  0 
 6487  0 
 6488  0 
 6489  0 
 6490  0 
 6491  0 
 6492  0 
 6493  0 
 6494  0 
 6495  0 
 6496  0 
 6497  0 
 6498  0 
 6499  0 
 6500  0 
 6501  1 
 6502  2 
 6503  0 
 6504  0 
 6505  0 
 6506  0 
 6507  0 
 6508  0 
 6509  1 
 6510  0 
 6511  0 
 6512  0 
 6513  0 
 6514  0 
 6515  0 
 6516  1 
 6517  0 
 6518  0 
 6519  0 
 6520  1 
 6521  0 
 6522  0 
 6523  0 
 6524  0 
 6525  0 
 6526  0 
 6527  0 
 6528  0 
 6529  0 
 6530  0 
 6531  0 
 6532  0 
 6533  0 
 6534  0 
 6535  0 
 6536  0 
 6537  0 
 6538  1 
 6539  0 
 6540  0 
 6541  1 
 6542  0 
 6543  0 
 6544  0 
 6545  0 
 6546  0 
 6547  1 
 6548  0 
 6549  0 
 6550  0 
 6551  1 
 6552  0 
 6553  0 
 6554  1 
 6555  0 
 6556  1 
 6557  0 
 6558  0 
 6559  1 
 6560  0 
 6561  0 
 6562  0 
 6563  0 
 6564  1 
 6565  0 
 6566  0 
 6567  0 
 6568  1 
 6569  1 
 6570  0 
 6571  0 
 6572  0 
 6573  0 
 6574  0 
 6575  0 
 6576  0 
 6577  2 
 6578  0 
 6579  0 
 6580  0 
 6581  0 
 6582  0 
 6583  0 
 6584  0 
 6585  1 
 6586  1 
 6587  0 
 6588  0 
 6589  0 
 6590  0 
 6591  0 
 6592  1 
 6593  0 
 6594  0 
 6595  1 
 6596  0 
 6597  0 
 6598  0 
 6599  0 
 6600  1 
 6601  0 
 6602  0 
 6603  0 
 6604  0 
 6605  0 
 6606  0 
 6607  0 
 6608  2 
 6609  0 
 6610  0 
 6611  0 
 6612  1 
 6613  0 
 6614  0 
 6615  0 
 6616  0 
 6617  0 
 6618  0 
 6619  1 
 6620  0 
 6621  0 
 6622  0 
 6623  0 
 6624  0 
 6625  0 
 6626  0 
 6627  0 
 6628  0 
 6629  0 
 6630  0 
 6631  0 
 6632  0 
 6633  0 
 6634  0 
 6635  0 
 6636  0 
 6637  1 
 6638  0 
 6639  0 
 6640  0 
 6641  0 
 6642  1 
 6643  1 
 6644  1 
 6645  0 
 6646  0 
 6647  2 
 6648  1 
 6649  0 
 6650  0 
 6651  0 
 6652  0 
 6653  0 
 6654  0 
 6655  1 
 6656  0 
 6657  0 
 6658  0 
 6659  0 
 6660  0 
 6661  0 
 6662  2 
 6663  0 
 6664  0 
 6665  0 
 6666  0 
 6667  0 
 6668  1 
 6669  1 
 6670  0 
 6671  0 
 6672  0 
 6673  0 
 6674  0 
 6675  1 
 6676  0 
 6677  1 
 6678  0 
 6679  1 
 6680  0 
 6681  0 
 6682  0 
 6683  0 
 6684  0 
 6685  1 
 6686  0 
 6687  1 
 6688  2 
 6689  1 
 6690  0 
 6691  0 
 6692  0 
 6693  0 
 6694  0 
 6695  0 
 6696  1 
 6697  0 
 6698  1 
 6699  1 
 6700  0 
 6701  1 
 6702  0 
 6703  0 
 6704  0 
 6705  0 
 6706  0 
 6707  0 
 6708  0 
 6709  0 
 6710  0 
 6711  0 
 6712  0 
 6713  0 
 6714  0 
 6715  0 
 6716  0 
 6717  0 
 6718  0 
 6719  0 
 6720  0 
 6721  1 
 6722  0 
 6723  0 
 6724  0 
 6725  0 
 6726  0 
 6727  0 
 6728  0 
 6729  0 
 6730  0 
 6731  0 
 6732  0 
 6733  0 
 6734  0 
 6735  0 
 6736  0 
 6737  0 
 6738  0 
 6739  0 
 6740  0 
 6741  0 
 6742  0 
 6743  0 
 6744  0 
 6745  0 
 6746  0 
 6747  0 
 6748  0 
 6749  0 
 6750  0 
 6751  0 
 6752  0 
 6753  1 
 6754  0 
 6755  0 
 6756  0 
 6757  0 
 6758  0 
 6759  0 
 6760  0 
 6761  0 
 6762  0 
 6763  0 
 6764  0 
 6765  0 
 6766  1 
 6767  0 
 6768  1 
 6769  0 
 6770  0 
 6771  0 
 6772  0 
 6773  0 
 6774  1 
 6775  0 
 6776  0 
 6777  0 
 6778  0 
 6779  0 
 6780  0 
 6781  0 
 6782  0 
 6783  0 
 6784  0 
 6785  0 
 6786  0 
 6787  0 
 6788  0 
 6789  0 
 6790  0 
 6791  0 
 6792  0 
 6793  1 
 6794  0 
 6795  0 
 6796  0 
 6797  1 
 6798  0 
 6799  0 
 6800  0 
 6801  0 
 6802  0 
 6803  0 
 6804  0 
 6805  0 
 6806  0 
 6807  1 
 6808  0 
 6809  0 
 6810  1 
 6811  1 
 6812  0 
 6813  0 
 6814  0 
 6815  0 
 6816  0 
 6817  1 
 6818  0 
 6819  0 
 6820  0 
 6821  0 
 6822  0 
 6823  0 
 6824  0 
 6825  1 
 6826  1 
 6827  0 
 6828  0 
 6829  0 
 6830  0 
 6831  0 
 6832  0 
 6833  0 
 6834  0 
 6835  1 
 6836  0 
 6837  0 
 6838  0 
 6839  0 
 6840  1 
 6841  0 
 6842  0 
 6843  0 
 6844  0 
 6845  0 
 6846  0 
 6847  0 
 6848  1 
 6849  0 
 6850  0 
 6851  0 
 6852  0 
 6853  1 
 6854  0 
 6855  0 
 6856  0 
 6857  0 
 6858  0 
 6859  0 
 6860  1 
 6861  0 
 6862  0 
 6863  0 
 6864  0 
 6865  0 
 6866  0 
 6867  0 
 6868  0 
 6869  0 
 6870  0 
 6871  0 
 6872  0 
 6873  0 
 6874  1 
 6875  1 
 6876  2 
 6877  1 
 6878  0 
 6879  1 
 6880  0 
 6881  0 
 6882  0 
 6883  0 
 6884  0 
 6885  0 
 6886  1 
 6887  0 
 6888  0 
 6889  0 
 6890  0 
 6891  0 
 6892  0 
 6893  0 
 6894  0 
 6895  1 
 6896  2 
 6897  1 
 6898  0 
 6899  0 
 6900  0 
 6901  0 
 6902  0 
 6903  1 
 6904  0 
 6905  1 
 6906  0 
 6907  0 
 6908  0 
 6909  1 
 6910  0 
 6911  0 
 6912  0 
 6913  0 
 6914  0 
 6915  0 
 6916  0 
 6917  0 
 6918  0 
 6919  0 
 6920  0 
 6921  1 
 6922  0 
 6923  0 
 6924  2 
 6925  1 
 6926  0 
 6927  0 
 6928  0 
 6929  0 
 6930  0 
 6931  0 
 6932  0 
 6933  0 
 6934  1 
 6935  0 
 6936  0 
 6937  0 
 6938  0 
 6939  0 
 6940  0 
 6941  0 
 6942  0 
 6943  0 
 6944  0 
 6945  0 
 6946  0 
 6947  0 
 6948  0 
 6949  0 
 6950  0 
 6951  0 
 6952  1 
 6953  0 
 6954  0 
 6955  0 
 6956  0 
 6957  0 
 6958  1 
 6959  0 
 6960  0 
 6961  0 
 6962  0 
 6963  0 
 6964  0 
 6965  0 
 6966  0 
 6967  0 
 6968  1 
 6969  0 
 6970  0 
 6971  0 
 6972  1 
 6973  0 
 6974  0 
 6975  0 
 6976  0 
 6977  0 
 6978  0 
 6979  0 
 6980  2 
 6981  0 
 6982  0 
 6983  0 
 6984  0 
 6985  0 
 6986  1 
 6987  0 
 6988  0 
 6989  0 
 6990  0 
 6991  0 
 6992  0 
 6993  0 
 6994  0 
 6995  0 
 6996  0 
 6997  2 
 6998  0 
 6999  0 
 7000  1 
 7001  0 
 7002  0 
 7003  0 
 7004  0 
 7005  0 
 7006  0 
 7007  0 
 7008  2 
 7009  0 
 7010  0 
 7011  1 
 7012  0 
 7013  0 
 7014  0 
 7015  0 
 7016  1 
 7017  0 
 7018  0 
 7019  0 
 7020  0 
 7021  2 
 7022  2 
 7023  0 
 7024  0 
 7025  1 
 7026  1 
 7027  1 
 7028  1 
 7029  0 
 7030  0 
 7031  1 
 7032  1 
 7033  0 
 7034  0 
 7035  0 
 7036  0 
 7037  1 
 7038  1 
 7039  0 
 7040  0 
 7041  0 
 7042  0 
 7043  2 
 7044  0 
 7045  1 
 7046  0 
 7047  0 
 7048  1 
 7049  0 
 7050  0 
 7051  0 
 7052  1 
 7053  0 
 7054  0 
 7055  0 
 7056  0 
 7057  0 
 7058  2 
 7059  1 
 7060  1 
 7061  2 
 7062  0 
 7063  0 
 7064  0 
 7065  1 
 7066  0 
 7067  0 
 7068  1 
 7069  0 
 7070  1 
 7071  0 
 7072  1 
 7073  0 
 7074  1 
 7075  0 
 7076  1 
 7077  0 
 7078  1 
 7079  0 
 7080  0 
 7081  1 
 7082  0 
 7083  1 
 7084  0 
 7085  1 
 7086  1 
 7087  0 
 7088  2 
 7089  0 
 7090  0 
 7091  0 
 7092  1 
 7093  0 
 7094  0 
 7095  1 
 7096  0 
 7097  0 
 7098  1 
 7099  0 
 7100  0 
 7101  0 
 7102  0 
 7103  0 
 7104  1 
 7105  0 
 7106  1 
 7107  1 
 7108  1 
 7109  0 
 7110  0 
 7111  0 
 7112  0 
 7113  0 
 7114  2 
 7115  0 
 7116  1 
 7117  1 
 7118  1 
 7119  1 
 7120  0 
 7121  0 
 7122  1 
 7123  1 
 7124  0 
 7125  0 
 7126  1 
 7127  0 
 7128  0 
 7129  0 
 7130  0 
 7131  1 
 7132  0 
 7133  0 
 7134  0 
 7135  0 
 7136  0 
 7137  0 
 7138  0 
 7139  1 
 7140  0 
 7141  0 
 7142  0 
 7143  0 
 7144  0 
 7145  1 
 7146  0 
 7147  1 
 7148  0 
 7149  0 
 7150  1 
 7151  0 
 7152  0 
 7153  0 
 7154  0 
 7155  0 
 7156  0 
 7157  0 
 7158  0 
 7159  0 
 7160  0 
 7161  0 
 7162  1 
 7163  0 
 7164  0 
 7165  0 
 7166  0 
 7167  0 
 7168  0 
 7169  0 
 7170  0 
 7171  0 
 7172  0 
 7173  0 
 7174  0 
 7175  0 
 7176  0 
 7177  0 
 7178  0 
 7179  0 
 7180  0 
 7181  0 
 7182  0 
 7183  0 
 7184  0 
 7185  1 
 7186  0 
 7187  0 
 7188  0 
 7189  0 
 7190  0 
 7191  0 
 7192  0 
 7193  0 
 7194  0 
 7195  0 
 7196  0 
 7197  0 
 7198  0 
 7199  0 
 7200  0 
 7201  0 
 7202  1 
 7203  0 
 7204  0 
 7205  0 
 7206  0 
 7207  0 
 7208  0 
 7209  0 
 7210  0 
 7211  0 
 7212  0 
 7213  0 
 7214  0 
 7215  0 
 7216  0 
 7217  0 
 7218  0 
 7219  0 
 7220  0 
 7221  0 
 7222  0 
 7223  0 
 7224  0 
 7225  0 
 7226  0 
 7227  0 
 7228  0 
 7229  0 
 7230  0 
 7231  0 
 7232  0 
 7233  0 
 7234  0 
 7235  0 
 7236  0 
 7237  0 
 7238  0 
 7239  0 
 7240  0 
 7241  0 
 7242  0 
 7243  0 
 7244  0 
 7245  0 
 7246  0 
 7247  0 
 7248  0 
 7249  0 
 7250  0 
 7251  0 
 7252  0 
 7253  0 
 7254  0 
 7255  0 
 7256  0 
 7257  0 
 7258  0 
 7259  0 
 7260  0 
 7261  0 
 7262  0 
 7263  0 
 7264  0 
 7265  0 
 7266  0 
 7267  0 
 7268  0 
 7269  0 
 7270  0 
 7271  0 
 7272  0 
 7273  0 
 7274  0 
 7275  0 
 7276  0 
 7277  0 
 7278  0 
 7279  1 
 7280  0 
 7281  0 
 7282  0 
 7283  0 
 7284  0 
 7285  0 
 7286  0 
 7287  0 
 7288  0 
 7289  0 
 7290  0 
 7291  0 
 7292  0 
 7293  0 
 7294  0 
 7295  0 
 7296  0 
 7297  0 
 7298  0 
 7299  0 
 7300  0 
 7301  0 
 7302  0 
 7303  0 
 7304  0 
 7305  0 
 7306  0 
 7307  0 
 7308  0 
 7309  0 
 7310  0 
 7311  0 
 7312  0 
 7313  0 
 7314  0 
 7315  0 
 7316  0 
 7317  0 
 7318  0 
 7319  0 
 7320  0 
 7321  0 
 7322  0 
 7323  0 
 7324  0 
 7325  0 
 7326  0 
 7327  0 
 7328  0 
 7329  0 
 7330  0 
 7331  0 
 7332  0 
 7333  0 
 7334  0 
 7335  0 
 7336  0 
 7337  0 
 7338  0 
 7339  0 
 7340  0 
 7341  0 
 7342  0 
 7343  0 
 7344  0 
 7345  0 
 7346  0 
 7347  0 
 7348  0 
 7349  0 
 7350  0 
 7351  0 
 7352  0 
 7353  0 
 7354  0 
 7355  0 
 7356  0 
 7357  0 
 7358  0 
 7359  0 
 7360  0 
 7361  0 
 7362  0 
 7363  0 
 7364  0 
 7365  0 
 7366  0 
 7367  0 
 7368  0 
 7369  0 
 7370  0 
 7371  0 
 7372  0 
 7373  0 
 7374  0 
 7375  0 
 7376  0 
 7377  0 
 7378  0 
 7379  0 
 7380  0 
 7381  0 
 7382  0 
 7383  0 
 7384  0 
 7385  0 
 7386  0 
 7387  0 
 7388  0 
 7389  0 
 7390  0 
 7391  0 
 7392  0 
 7393  0 
 7394  0 
 7395  0 
 7396  0 
 7397  0 
 7398  0 
 7399  0 
 7400  0 
 7401  0 
 7402  0 
 7403  0 
 7404  0 
 7405  0 
 7406  0 
 7407  0 
 7408  0 
 7409  0 
 7410  0 
 7411  0 
 7412  0 
 7413  0 
 7414  0 
 7415  0 
 7416  0 
 7417  0 
 7418  0 
 7419  0 
 7420  0 
 7421  0 
 7422  0 
 7423  0 
 7424  0 
 7425  0 
 7426  0 
 7427  0 
 7428  0 
 7429  0 
 7430  0 
 7431  0 
 7432  0 
 7433  0 
 7434  0 
 7435  0 
 7436  0 
 7437  0 
 7438  0 
 7439  0 
 7440  0 
 7441  0 
 7442  0 
 7443  0 
 7444  0 
 7445  0 
 7446  0 
 7447  0 
 7448  0 
 7449  0 
 7450  0 
 7451  0 
 7452  0 
 7453  0 
 7454  0 
 7455  0 
 7456  0 
 7457  0 
 7458  0 
 7459  0 
 7460  0 
 7461  0 
 7462  0 
 7463  0 
 7464  0 
 7465  0 
 7466  0 
 7467  0 
 7468  0 
 7469  0 
 7470  0 
 7471  0 
 7472  0 
 7473  0 
 7474  0 
 7475  0 
 7476  0 
 7477  0 
 7478  0 
 7479  0 
 7480  0 
 7481  0 
 7482  0 
 7483  0 
 7484  0 
 7485  0 
 7486  0 
 7487  0 
 7488  0 
 7489  0 
 7490  0 
 7491  0 
 7492  0 
 7493  0 
 7494  0 
 7495  0 
 7496  0 
 7497  0 
 7498  0 
 7499  0 
 7500  0 
 7501  0 
 7502  0 
 7503  0 
 7504  0 
 7505  0 
 7506  0 
 7507  0 
 7508  0 
 7509  0 
 7510  0 
 7511  0 
 7512  0 
 7513  0 
 7514  0 
 7515  0 
 7516  0 
 7517  0 
 7518  0 
 7519  0 
 7520  0 
 7521  0 
 7522  0 
 7523  0 
 7524  0 
 7525  0 
 7526  0 
 7527  0 
 7528  0 
 7529  0 
 7530  0 
 7531  0 
 7532  0 
 7533  0 
 7534  0 
 7535  0 
 7536  0 
 7537  0 
 7538  0 
 7539  0 
 7540  0 
 7541  0 
 7542  0 
 7543  0 
 7544  0 
 7545  0 
 7546  0 
 7547  0 
 7548  0 
 7549  0 
 7550  0 
 7551  0 
 7552  0 
 7553  0 
 7554  0 
 7555  0 
 7556  0 
 7557  0 
 7558  0 
 7559  0 
 7560  0 
 7561  0 
 7562  0 
 7563  0 
 7564  0 
 7565  0 
 7566  0 
 7567  0 
 7568  0 
 7569  0 
 7570  0 
 7571  0 
 7572  0 
 7573  0 
 7574  0 
 7575  0 
 7576  0 
 7577  0 
 7578  0 
 7579  0 
 7580  0 
 7581  0 
 7582  0 
 7583  0 
 7584  0 
 7585  0 
 7586  0 
 7587  0 
 7588  0 
 7589  0 
 7590  0 
 7591  0 
 7592  0 
 7593  0 
 7594  0 
 7595  0 
 7596  0 
 7597  0 
 7598  0 
 7599  0 
 7600  0 
 7601  0 
 7602  0 
 7603  0 
 7604  0 
 7605  0 
 7606  0 
 7607  0 
 7608  0 
 7609  0 
 7610  0 
 7611  0 
 7612  0 
 7613  0 
 7614  0 
 7615  0 
 7616  0 
 7617  0 
 7618  0 
 7619  0 
 7620  0 
 7621  0 
 7622  0 
 7623  0 
 7624  0 
 7625  0 
 7626  0 
 7627  0 
 7628  0 
 7629  0 
 7630  0 
 7631  0 
 7632  0 
 7633  0 
 7634  0 
 7635  0 
 7636  0 
 7637  0 
 7638  0 
 7639  0 
 7640  0 
 7641  0 
 7642  0 
 7643  0 
 7644  0 
 7645  0 
 7646  0 
 7647  0 
 7648  0 
 7649  0 
 7650  0 
 7651  0 
 7652  0 
 7653  0 
 7654  0 
 7655  0 
 7656  0 
 7657  0 
 7658  0 
 7659  0 
 7660  0 
 7661  0 
 7662  0 
 7663  0 
 7664  0 
 7665  0 
 7666  0 
 7667  0 
 7668  0 
 7669  0 
 7670  0 
 7671  0 
 7672  0 
 7673  0 
 7674  0 
 7675  0 
 7676  0 
 7677  0 
 7678  0 
 7679  0 
 7680  0 
 7681  0 
 7682  0 
 7683  0 
 7684  0 
 7685  0 
 7686  0 
 7687  0 
 7688  0 
 7689  0 
 7690  0 
 7691  0 
 7692  0 
 7693  0 
 7694  0 
 7695  0 
 7696  0 
 7697  0 
 7698  0 
 7699  0 
 7700  0 
 7701  0 
 7702  0 
 7703  0 
 7704  0 
 7705  0 
 7706  0 
 7707  0 
 7708  0 
 7709  0 
 7710  0 
 7711  0 
 7712  0 
 7713  0 
 7714  0 
 7715  0 
 7716  0 
 7717  0 
 7718  0 
 7719  0 
 7720  0 
 7721  0 
 7722  0 
 7723  0 
 7724  0 
 7725  0 
 7726  0 
 7727  0 
 7728  0 
 7729  0 
 7730  0 
 7731  0 
 7732  0 
 7733  0 
 7734  0 
 7735  0 
 7736  0 
 7737  0 
 7738  0 
 7739  0 
 7740  0 
 7741  0 
 7742  0 
 7743  0 
 7744  0 
 7745  0 
 7746  0 
 7747  0 
 7748  0 
 7749  0 
 7750  0 
 7751  0 
 7752  0 
 7753  0 
 7754  0 
 7755  0 
 7756  0 
 7757  0 
 7758  0 
 7759  0 
 7760  0 
 7761  0 
 7762  0 
 7763  0 
 7764  0 
 7765  0 
 7766  0 
 7767  0 
 7768  0 
 7769  0 
 7770  0 
 7771  0 
 7772  0 
 7773  0 
 7774  0 
 7775  0 
 7776  0 
 7777  0 
 7778  0 
 7779  0 
 7780  0 
 7781  0 
 7782  0 
 7783  0 
 7784  0 
 7785  0 
 7786  0 
 7787  0 
 7788  0 
 7789  0 
 7790  0 
 7791  0 
 7792  0 
 7793  0 
 7794  0 
 7795  0 
 7796  0 
 7797  0 
 7798  0 
 7799  0 
 7800  0 
 7801  0 
 7802  0 
 7803  0 
 7804  0 
 7805  0 
 7806  0 
 7807  0 
 7808  0 
 7809  0 
 7810  0 
 7811  0 
 7812  0 
 7813  0 
 7814  0 
 7815  0 
 7816  0 
 7817  0 
 7818  0 
 7819  0 
 7820  0 
 7821  0 
 7822  0 
 7823  0 
 7824  0 
 7825  0 
 7826  0 
 7827  0 
 7828  0 
 7829  0 
 7830  0 
 7831  0 
 7832  0 
 7833  0 
 7834  0 
 7835  0 
 7836  0 
 7837  0 
 7838  0 
 7839  0 
 7840  0 
 7841  0 
 7842  0 
 7843  0 
 7844  0 
 7845  0 
 7846  0 
 7847  0 
 7848  0 
 7849  0 
 7850  0 
 7851  0 
 7852  0 
 7853  0 
 7854  0 
 7855  0 
 7856  0 
 7857  0 
 7858  0 
 7859  0 
 7860  0 
 7861  0 
 7862  0 
 7863  0 
 7864  0 
 7865  0 
 7866  0 
 7867  0 
 7868  0 
 7869  0 
 7870  0 
 7871  0 
 7872  0 
 7873  0 
 7874  0 
 7875  0 
 7876  0 
 7877  0 
 7878  0 
 7879  0 
 7880  0 
 7881  0 
 7882  0 
 7883  0 
 7884  0 
 7885  0 
 7886  0 
 7887  0 
 7888  0 
 7889  0 
 7890  0 
 7891  0 
 7892  0 
 7893  0 
 7894  0 
 7895  0 
 7896  0 
 7897  0 
 7898  0 
 7899  0 
 7900  0 
 7901  0 
 7902  0 
 7903  0 
 7904  0 
 7905  0 
 7906  0 
 7907  0 
 7908  0 
 7909  0 
 7910  0 
 7911  0 
 7912  0 
 7913  0 
 7914  0 
 7915  0 
 7916  0 
 7917  0 
 7918  0 
 7919  0 
 7920  0 
 7921  0 
 7922  0 
 7923  0 
 7924  0 
 7925  0 
 7926  0 
 7927  0 
 7928  0 
 7929  0 
 7930  0 
 7931  0 
 7932  0 
 7933  0 
 7934  0 
 7935  0 
 7936  0 
 7937  0 
 7938  0 
 7939  0 
 7940  0 
 7941  0 
 7942  0 
 7943  0 
 7944  0 
 7945  0 
 7946  0 
 7947  0 
 7948  0 
 7949  0 
 7950  0 
 7951  0 
 7952  0 
 7953  0 
 7954  0 
 7955  0 
 7956  0 
 7957  0 
 7958  0 
 7959  0 
 7960  0 
 7961  0 
 7962  0 
 7963  0 
 7964  0 
 7965  0 
 7966  0 
 7967  0 
 7968  0 
 7969  0 
 7970  0 
 7971  0 
 7972  0 
 7973  0 
 7974  0 
 7975  0 
 7976  0 
 7977  0 
 7978  0 
 7979  0 
 7980  0 
 7981  0 
 7982  0 
 7983  0 
 7984  0 
 7985  0 
 7986  0 
 7987  0 
 7988  0 
 7989  0 
 7990  0 
 7991  0 
 7992  0 
 7993  0 
 7994  0 
 7995  0 
 7996  0 
 7997  0 
 7998  0 
 7999  0 
 8000  0 
 8001  0 
 8002  0 
 8003  0 
 8004  0 
 8005  0 
 8006  0 
 8007  0 
 8008  0 
 8009  0 
 8010  0 
 8011  0 
 8012  0 
 8013  0 
 8014  0 
 8015  0 
 8016  0 
 8017  0 
 8018  0 
 8019  0 
 8020  0 
 8021  0 
 8022  0 
 8023  0 
 8024  0 
 8025  0 
 8026  0 
 8027  0 
 8028  0 
 8029  0 
 8030  0 
 8031  0 
 8032  0 
 8033  0 
 8034  0 
 8035  0 
 8036  0 
 8037  0 
 8038  0 
 8039  0 
 8040  0 
 8041  0 
 8042  0 
 8043  0 
 8044  0 
 8045  0 
 8046  0 
 8047  0 
 8048  0 
 8049  0 
 8050  0 
 8051  0 
 8052  0 
 8053  0 
 8054  0 
 8055  0 
 8056  0 
 8057  0 
 8058  0 
 8059  0 
 8060  0 
 8061  0 
 8062  0 
 8063  0 
 8064  0 
 8065  0 
 8066  0 
 8067  0 
 8068  0 
 8069  0 
 8070  0 
 8071  0 
 8072  0 
 8073  0 
 8074  0 
 8075  0 
 8076  0 
 8077  0 
 8078  0 
 8079  0 
 8080  0 
 8081  0 
 8082  0 
 8083  0 
 8084  0 
 8085  0 
 8086  0 
 8087  0 
 8088  0 
 8089  0 
 8090  0 
 8091  0 
 8092  0 
 8093  0 
 8094  0 
 8095  0 
 8096  0 
 8097  0 
 8098  0 
 8099  0 
 8100  0 
 8101  0 
 8102  0 
 8103  0 
 8104  0 
 8105  0 
 8106  0 
 8107  0 
 8108  0 
 8109  0 
 8110  0 
 8111  0 
 8112  0 
 8113  0 
 8114  0 
 8115  0 
 8116  0 
 8117  0 
 8118  0 
 8119  0 
 8120  0 
 8121  0 
 8122  0 
 8123  0 
 8124  0 
 8125  0 
 8126  0 
 8127  0 
 8128  0 
 8129  0 
 8130  0 
 8131  0 
 8132  0 
 8133  0 
 8134  0 
 8135  0 
 8136  0 
 8137  0 
 8138  0 
 8139  0 
 8140  0 
 8141  0 
 8142  0 
 8143  0 
 8144  0 
 8145  0 
 8146  0 
 8147  0 
 8148  0 
 8149  0 
 8150  0 
 8151  0 
 8152  0 
 8153  0 
 8154  0 
 8155  0 
 8156  0 
 8157  0 
 8158  0 
 8159  0 
 8160  0 
 8161  0 
 8162  0 
 8163  0 
 8164  0 
 8165  0 
 8166  0 
 8167  0 
 8168  0 
 8169  0 
 8170  0 
 8171  0 
 8172  0 
 8173  0 
 8174  0 
 8175  0 
 8176  0 
 8177  0 
 8178  0 
 8179  0 
 8180  0 
 8181  0 
 8182  0 
 8183  0 
 8184  0 
 8185  0 
 8186  0 
 8187  0 
 8188  0 
 8189  0 
 8190  0 
 8191  0 
