 0  921 
 1  950 
 2  0 
 3  0 
 4  0 
 5  0 
 6  0 
 7  0 
 8  0 
 9  0 
 10  0 
 11  0 
 12  0 
 13  0 
 14  0 
 15  0 
 16  0 
 17  0 
 18  0 
 19  0 
 20  0 
 21  0 
 22  0 
 23  0 
 24  0 
 25  0 
 26  0 
 27  0 
 28  0 
 29  0 
 30  0 
 31  0 
 32  0 
 33  0 
 34  0 
 35  0 
 36  0 
 37  0 
 38  0 
 39  0 
 40  0 
 41  0 
 42  0 
 43  0 
 44  0 
 45  0 
 46  0 
 47  0 
 48  0 
 49  0 
 50  0 
 51  0 
 52  0 
 53  0 
 54  0 
 55  0 
 56  0 
 57  0 
 58  0 
 59  0 
 60  0 
 61  0 
 62  0 
 63  0 
 64  0 
 65  0 
 66  0 
 67  0 
 68  0 
 69  0 
 70  0 
 71  0 
 72  0 
 73  0 
 74  0 
 75  0 
 76  0 
 77  0 
 78  0 
 79  0 
 80  0 
 81  0 
 82  0 
 83  0 
 84  0 
 85  0 
 86  0 
 87  0 
 88  0 
 89  0 
 90  0 
 91  0 
 92  0 
 93  0 
 94  0 
 95  0 
 96  0 
 97  0 
 98  0 
 99  0 
 100  0 
 101  0 
 102  0 
 103  0 
 104  0 
 105  0 
 106  0 
 107  0 
 108  0 
 109  0 
 110  0 
 111  0 
 112  0 
 113  0 
 114  0 
 115  0 
 116  0 
 117  0 
 118  0 
 119  0 
 120  0 
 121  0 
 122  0 
 123  0 
 124  0 
 125  0 
 126  0 
 127  0 
 128  0 
 129  0 
 130  0 
 131  0 
 132  0 
 133  0 
 134  0 
 135  0 
 136  0 
 137  0 
 138  0 
 139  0 
 140  0 
 141  0 
 142  0 
 143  0 
 144  0 
 145  0 
 146  0 
 147  0 
 148  0 
 149  0 
 150  0 
 151  0 
 152  0 
 153  0 
 154  0 
 155  0 
 156  0 
 157  0 
 158  0 
 159  0 
 160  0 
 161  0 
 162  0 
 163  0 
 164  0 
 165  0 
 166  0 
 167  0 
 168  0 
 169  0 
 170  0 
 171  0 
 172  0 
 173  0 
 174  0 
 175  0 
 176  0 
 177  0 
 178  0 
 179  0 
 180  0 
 181  0 
 182  0 
 183  0 
 184  0 
 185  0 
 186  0 
 187  0 
 188  0 
 189  0 
 190  0 
 191  0 
 192  0 
 193  0 
 194  0 
 195  0 
 196  0 
 197  0 
 198  0 
 199  0 
 200  0 
 201  0 
 202  0 
 203  0 
 204  0 
 205  0 
 206  0 
 207  0 
 208  0 
 209  0 
 210  0 
 211  0 
 212  0 
 213  0 
 214  0 
 215  0 
 216  0 
 217  0 
 218  0 
 219  0 
 220  0 
 221  0 
 222  0 
 223  0 
 224  0 
 225  0 
 226  0 
 227  0 
 228  0 
 229  0 
 230  0 
 231  0 
 232  0 
 233  0 
 234  0 
 235  0 
 236  0 
 237  0 
 238  0 
 239  0 
 240  0 
 241  0 
 242  0 
 243  0 
 244  0 
 245  1 
 246  2 
 247  2 
 248  7 
 249  7 
 250  20 
 251  18 
 252  466 
 253  818 
 254  864 
 255  851 
 256  917 
 257  837 
 258  910 
 259  931 
 260  909 
 261  908 
 262  882 
 263  944 
 264  875 
 265  909 
 266  951 
 267  933 
 268  921 
 269  957 
 270  943 
 271  978 
 272  977 
 273  998 
 274  977 
 275  1007 
 276  1027 
 277  1015 
 278  1037 
 279  1069 
 280  1007 
 281  1035 
 282  1068 
 283  1034 
 284  1077 
 285  1076 
 286  1057 
 287  1156 
 288  1100 
 289  1100 
 290  1114 
 291  1122 
 292  1116 
 293  1133 
 294  1211 
 295  1122 
 296  1190 
 297  1177 
 298  1187 
 299  1183 
 300  1175 
 301  1218 
 302  1206 
 303  1232 
 304  1238 
 305  1267 
 306  1305 
 307  1270 
 308  1276 
 309  1303 
 310  1339 
 311  1196 
 312  1263 
 313  1335 
 314  1319 
 315  1306 
 316  1253 
 317  1308 
 318  1348 
 319  1335 
 320  1325 
 321  1361 
 322  1345 
 323  1353 
 324  1392 
 325  1327 
 326  1389 
 327  1347 
 328  1376 
 329  1393 
 330  1442 
 331  1368 
 332  1352 
 333  1388 
 334  1417 
 335  1331 
 336  1389 
 337  1495 
 338  1444 
 339  1446 
 340  1437 
 341  1403 
 342  1411 
 343  1464 
 344  1454 
 345  1445 
 346  1555 
 347  1401 
 348  1419 
 349  1480 
 350  1522 
 351  1425 
 352  1458 
 353  1434 
 354  1432 
 355  1396 
 356  1450 
 357  1417 
 358  1374 
 359  1442 
 360  1423 
 361  1411 
 362  1476 
 363  1434 
 364  1442 
 365  1405 
 366  1361 
 367  1379 
 368  1374 
 369  1389 
 370  1372 
 371  1374 
 372  1431 
 373  1373 
 374  1331 
 375  1383 
 376  1248 
 377  1303 
 378  1349 
 379  1291 
 380  1330 
 381  1333 
 382  1263 
 383  1345 
 384  1212 
 385  1290 
 386  1262 
 387  1206 
 388  1312 
 389  1237 
 390  1219 
 391  1186 
 392  1147 
 393  1180 
 394  1118 
 395  1143 
 396  1122 
 397  1182 
 398  1111 
 399  1144 
 400  1078 
 401  1072 
 402  1011 
 403  1076 
 404  1049 
 405  1077 
 406  1020 
 407  997 
 408  929 
 409  931 
 410  922 
 411  924 
 412  875 
 413  830 
 414  814 
 415  857 
 416  821 
 417  812 
 418  777 
 419  799 
 420  747 
 421  736 
 422  748 
 423  719 
 424  704 
 425  658 
 426  653 
 427  667 
 428  575 
 429  583 
 430  566 
 431  560 
 432  538 
 433  513 
 434  518 
 435  491 
 436  472 
 437  430 
 438  454 
 439  448 
 440  457 
 441  408 
 442  386 
 443  367 
 444  347 
 445  346 
 446  332 
 447  301 
 448  307 
 449  291 
 450  260 
 451  280 
 452  265 
 453  264 
 454  229 
 455  231 
 456  229 
 457  201 
 458  223 
 459  207 
 460  212 
 461  201 
 462  191 
 463  193 
 464  174 
 465  152 
 466  176 
 467  157 
 468  168 
 469  139 
 470  136 
 471  150 
 472  146 
 473  141 
 474  151 
 475  147 
 476  181 
 477  145 
 478  117 
 479  152 
 480  141 
 481  134 
 482  120 
 483  136 
 484  125 
 485  132 
 486  140 
 487  113 
 488  135 
 489  129 
 490  115 
 491  114 
 492  134 
 493  112 
 494  128 
 495  129 
 496  118 
 497  135 
 498  145 
 499  110 
 500  142 
 501  114 
 502  111 
 503  119 
 504  98 
 505  117 
 506  117 
 507  116 
 508  120 
 509  136 
 510  119 
 511  115 
 512  110 
 513  121 
 514  120 
 515  122 
 516  109 
 517  97 
 518  117 
 519  107 
 520  110 
 521  130 
 522  107 
 523  109 
 524  116 
 525  107 
 526  109 
 527  139 
 528  121 
 529  124 
 530  98 
 531  121 
 532  114 
 533  99 
 534  102 
 535  115 
 536  144 
 537  87 
 538  104 
 539  95 
 540  111 
 541  118 
 542  106 
 543  117 
 544  134 
 545  107 
 546  114 
 547  124 
 548  105 
 549  87 
 550  111 
 551  121 
 552  115 
 553  91 
 554  116 
 555  97 
 556  97 
 557  90 
 558  89 
 559  100 
 560  120 
 561  95 
 562  104 
 563  104 
 564  95 
 565  95 
 566  84 
 567  104 
 568  115 
 569  117 
 570  92 
 571  101 
 572  82 
 573  93 
 574  84 
 575  102 
 576  99 
 577  109 
 578  92 
 579  91 
 580  99 
 581  106 
 582  85 
 583  84 
 584  78 
 585  90 
 586  90 
 587  100 
 588  77 
 589  87 
 590  96 
 591  97 
 592  89 
 593  83 
 594  92 
 595  103 
 596  100 
 597  87 
 598  95 
 599  80 
 600  72 
 601  77 
 602  81 
 603  73 
 604  92 
 605  87 
 606  78 
 607  99 
 608  90 
 609  76 
 610  93 
 611  93 
 612  67 
 613  73 
 614  82 
 615  92 
 616  87 
 617  79 
 618  85 
 619  75 
 620  84 
 621  75 
 622  65 
 623  88 
 624  83 
 625  89 
 626  91 
 627  90 
 628  73 
 629  92 
 630  87 
 631  84 
 632  69 
 633  73 
 634  83 
 635  81 
 636  75 
 637  70 
 638  67 
 639  90 
 640  75 
 641  72 
 642  89 
 643  75 
 644  61 
 645  86 
 646  72 
 647  66 
 648  73 
 649  81 
 650  68 
 651  80 
 652  70 
 653  81 
 654  74 
 655  70 
 656  71 
 657  77 
 658  66 
 659  59 
 660  57 
 661  83 
 662  59 
 663  69 
 664  68 
 665  70 
 666  90 
 667  47 
 668  75 
 669  65 
 670  62 
 671  65 
 672  72 
 673  65 
 674  64 
 675  58 
 676  55 
 677  66 
 678  69 
 679  61 
 680  66 
 681  51 
 682  56 
 683  53 
 684  78 
 685  70 
 686  48 
 687  69 
 688  62 
 689  62 
 690  57 
 691  60 
 692  58 
 693  64 
 694  62 
 695  59 
 696  53 
 697  61 
 698  59 
 699  66 
 700  49 
 701  63 
 702  70 
 703  60 
 704  56 
 705  58 
 706  68 
 707  61 
 708  55 
 709  60 
 710  52 
 711  69 
 712  62 
 713  49 
 714  52 
 715  64 
 716  72 
 717  54 
 718  55 
 719  46 
 720  62 
 721  56 
 722  42 
 723  44 
 724  50 
 725  53 
 726  58 
 727  55 
 728  41 
 729  46 
 730  57 
 731  53 
 732  63 
 733  62 
 734  41 
 735  62 
 736  49 
 737  51 
 738  57 
 739  45 
 740  62 
 741  51 
 742  53 
 743  56 
 744  50 
 745  51 
 746  60 
 747  47 
 748  38 
 749  54 
 750  48 
 751  44 
 752  42 
 753  51 
 754  45 
 755  57 
 756  45 
 757  48 
 758  64 
 759  69 
 760  46 
 761  50 
 762  49 
 763  47 
 764  50 
 765  56 
 766  46 
 767  42 
 768  54 
 769  50 
 770  57 
 771  42 
 772  38 
 773  62 
 774  51 
 775  35 
 776  39 
 777  50 
 778  44 
 779  60 
 780  41 
 781  36 
 782  45 
 783  55 
 784  51 
 785  51 
 786  52 
 787  58 
 788  54 
 789  48 
 790  47 
 791  47 
 792  58 
 793  53 
 794  47 
 795  58 
 796  42 
 797  44 
 798  49 
 799  47 
 800  44 
 801  33 
 802  52 
 803  44 
 804  63 
 805  48 
 806  46 
 807  46 
 808  44 
 809  51 
 810  45 
 811  53 
 812  43 
 813  46 
 814  51 
 815  39 
 816  38 
 817  39 
 818  51 
 819  38 
 820  42 
 821  43 
 822  34 
 823  34 
 824  48 
 825  42 
 826  47 
 827  51 
 828  43 
 829  50 
 830  49 
 831  49 
 832  51 
 833  41 
 834  36 
 835  44 
 836  55 
 837  49 
 838  41 
 839  54 
 840  51 
 841  39 
 842  51 
 843  51 
 844  43 
 845  51 
 846  50 
 847  37 
 848  48 
 849  47 
 850  40 
 851  60 
 852  37 
 853  53 
 854  48 
 855  40 
 856  45 
 857  49 
 858  43 
 859  36 
 860  48 
 861  46 
 862  48 
 863  42 
 864  49 
 865  48 
 866  45 
 867  49 
 868  41 
 869  49 
 870  51 
 871  28 
 872  43 
 873  48 
 874  55 
 875  56 
 876  34 
 877  32 
 878  39 
 879  45 
 880  45 
 881  53 
 882  41 
 883  43 
 884  36 
 885  53 
 886  44 
 887  39 
 888  47 
 889  40 
 890  55 
 891  44 
 892  46 
 893  31 
 894  43 
 895  54 
 896  30 
 897  33 
 898  30 
 899  35 
 900  38 
 901  45 
 902  42 
 903  58 
 904  42 
 905  46 
 906  39 
 907  37 
 908  40 
 909  37 
 910  39 
 911  43 
 912  40 
 913  36 
 914  45 
 915  35 
 916  53 
 917  52 
 918  49 
 919  37 
 920  27 
 921  39 
 922  39 
 923  40 
 924  34 
 925  38 
 926  33 
 927  36 
 928  46 
 929  39 
 930  38 
 931  37 
 932  42 
 933  48 
 934  41 
 935  30 
 936  38 
 937  40 
 938  45 
 939  25 
 940  44 
 941  32 
 942  36 
 943  45 
 944  43 
 945  32 
 946  40 
 947  37 
 948  37 
 949  47 
 950  31 
 951  40 
 952  40 
 953  36 
 954  38 
 955  29 
 956  31 
 957  38 
 958  38 
 959  46 
 960  45 
 961  37 
 962  52 
 963  36 
 964  32 
 965  39 
 966  42 
 967  43 
 968  48 
 969  31 
 970  36 
 971  45 
 972  42 
 973  45 
 974  33 
 975  37 
 976  31 
 977  31 
 978  44 
 979  40 
 980  34 
 981  40 
 982  38 
 983  46 
 984  41 
 985  34 
 986  45 
 987  38 
 988  28 
 989  35 
 990  29 
 991  42 
 992  46 
 993  30 
 994  43 
 995  27 
 996  44 
 997  29 
 998  41 
 999  36 
 1000  42 
 1001  40 
 1002  28 
 1003  40 
 1004  35 
 1005  36 
 1006  40 
 1007  31 
 1008  30 
 1009  29 
 1010  37 
 1011  43 
 1012  45 
 1013  46 
 1014  36 
 1015  44 
 1016  35 
 1017  27 
 1018  41 
 1019  36 
 1020  39 
 1021  41 
 1022  42 
 1023  40 
 1024  37 
 1025  39 
 1026  49 
 1027  32 
 1028  29 
 1029  43 
 1030  37 
 1031  60 
 1032  41 
 1033  27 
 1034  38 
 1035  38 
 1036  28 
 1037  23 
 1038  32 
 1039  44 
 1040  44 
 1041  37 
 1042  34 
 1043  35 
 1044  41 
 1045  42 
 1046  39 
 1047  35 
 1048  40 
 1049  46 
 1050  32 
 1051  33 
 1052  38 
 1053  38 
 1054  30 
 1055  30 
 1056  39 
 1057  35 
 1058  35 
 1059  35 
 1060  36 
 1061  45 
 1062  31 
 1063  41 
 1064  39 
 1065  36 
 1066  35 
 1067  38 
 1068  35 
 1069  34 
 1070  37 
 1071  39 
 1072  42 
 1073  32 
 1074  35 
 1075  29 
 1076  41 
 1077  39 
 1078  26 
 1079  41 
 1080  40 
 1081  29 
 1082  28 
 1083  40 
 1084  42 
 1085  38 
 1086  37 
 1087  42 
 1088  30 
 1089  26 
 1090  48 
 1091  41 
 1092  26 
 1093  31 
 1094  46 
 1095  33 
 1096  28 
 1097  40 
 1098  30 
 1099  43 
 1100  35 
 1101  38 
 1102  32 
 1103  47 
 1104  42 
 1105  41 
 1106  40 
 1107  35 
 1108  35 
 1109  38 
 1110  39 
 1111  34 
 1112  40 
 1113  40 
 1114  36 
 1115  27 
 1116  40 
 1117  35 
 1118  37 
 1119  29 
 1120  36 
 1121  33 
 1122  53 
 1123  34 
 1124  43 
 1125  41 
 1126  42 
 1127  28 
 1128  47 
 1129  41 
 1130  40 
 1131  52 
 1132  34 
 1133  36 
 1134  32 
 1135  37 
 1136  32 
 1137  41 
 1138  33 
 1139  41 
 1140  36 
 1141  26 
 1142  23 
 1143  36 
 1144  35 
 1145  36 
 1146  39 
 1147  43 
 1148  36 
 1149  26 
 1150  37 
 1151  35 
 1152  42 
 1153  41 
 1154  35 
 1155  32 
 1156  27 
 1157  38 
 1158  30 
 1159  46 
 1160  31 
 1161  34 
 1162  46 
 1163  50 
 1164  24 
 1165  32 
 1166  29 
 1167  39 
 1168  28 
 1169  37 
 1170  26 
 1171  34 
 1172  37 
 1173  35 
 1174  44 
 1175  25 
 1176  23 
 1177  26 
 1178  36 
 1179  34 
 1180  35 
 1181  35 
 1182  33 
 1183  23 
 1184  32 
 1185  28 
 1186  24 
 1187  34 
 1188  41 
 1189  50 
 1190  27 
 1191  26 
 1192  32 
 1193  24 
 1194  27 
 1195  23 
 1196  38 
 1197  29 
 1198  27 
 1199  40 
 1200  40 
 1201  41 
 1202  31 
 1203  35 
 1204  38 
 1205  40 
 1206  34 
 1207  38 
 1208  34 
 1209  37 
 1210  33 
 1211  34 
 1212  26 
 1213  37 
 1214  47 
 1215  33 
 1216  35 
 1217  33 
 1218  38 
 1219  37 
 1220  36 
 1221  34 
 1222  22 
 1223  35 
 1224  43 
 1225  40 
 1226  37 
 1227  33 
 1228  32 
 1229  24 
 1230  24 
 1231  31 
 1232  40 
 1233  36 
 1234  30 
 1235  40 
 1236  32 
 1237  33 
 1238  23 
 1239  26 
 1240  31 
 1241  29 
 1242  27 
 1243  29 
 1244  32 
 1245  33 
 1246  34 
 1247  28 
 1248  37 
 1249  35 
 1250  34 
 1251  34 
 1252  33 
 1253  26 
 1254  29 
 1255  37 
 1256  26 
 1257  27 
 1258  31 
 1259  30 
 1260  30 
 1261  36 
 1262  32 
 1263  24 
 1264  31 
 1265  30 
 1266  31 
 1267  35 
 1268  25 
 1269  30 
 1270  37 
 1271  29 
 1272  34 
 1273  37 
 1274  34 
 1275  29 
 1276  33 
 1277  27 
 1278  24 
 1279  36 
 1280  27 
 1281  41 
 1282  32 
 1283  38 
 1284  38 
 1285  33 
 1286  29 
 1287  41 
 1288  30 
 1289  36 
 1290  27 
 1291  36 
 1292  28 
 1293  36 
 1294  37 
 1295  43 
 1296  37 
 1297  33 
 1298  30 
 1299  34 
 1300  25 
 1301  31 
 1302  36 
 1303  35 
 1304  28 
 1305  32 
 1306  33 
 1307  29 
 1308  31 
 1309  21 
 1310  40 
 1311  37 
 1312  31 
 1313  30 
 1314  28 
 1315  40 
 1316  25 
 1317  34 
 1318  30 
 1319  37 
 1320  35 
 1321  36 
 1322  30 
 1323  26 
 1324  25 
 1325  32 
 1326  27 
 1327  23 
 1328  25 
 1329  37 
 1330  32 
 1331  35 
 1332  31 
 1333  28 
 1334  37 
 1335  32 
 1336  34 
 1337  26 
 1338  32 
 1339  38 
 1340  39 
 1341  24 
 1342  34 
 1343  41 
 1344  34 
 1345  34 
 1346  28 
 1347  34 
 1348  41 
 1349  30 
 1350  37 
 1351  31 
 1352  43 
 1353  30 
 1354  32 
 1355  33 
 1356  24 
 1357  37 
 1358  27 
 1359  30 
 1360  34 
 1361  29 
 1362  39 
 1363  28 
 1364  34 
 1365  42 
 1366  37 
 1367  40 
 1368  32 
 1369  25 
 1370  41 
 1371  48 
 1372  35 
 1373  38 
 1374  39 
 1375  40 
 1376  45 
 1377  37 
 1378  35 
 1379  50 
 1380  40 
 1381  42 
 1382  35 
 1383  38 
 1384  36 
 1385  39 
 1386  31 
 1387  41 
 1388  37 
 1389  62 
 1390  47 
 1391  43 
 1392  50 
 1393  43 
 1394  39 
 1395  28 
 1396  41 
 1397  40 
 1398  34 
 1399  44 
 1400  57 
 1401  47 
 1402  47 
 1403  42 
 1404  48 
 1405  55 
 1406  55 
 1407  56 
 1408  43 
 1409  53 
 1410  49 
 1411  56 
 1412  47 
 1413  59 
 1414  52 
 1415  55 
 1416  80 
 1417  64 
 1418  70 
 1419  61 
 1420  82 
 1421  73 
 1422  75 
 1423  81 
 1424  77 
 1425  76 
 1426  76 
 1427  78 
 1428  94 
 1429  80 
 1430  95 
 1431  89 
 1432  84 
 1433  102 
 1434  97 
 1435  108 
 1436  115 
 1437  109 
 1438  125 
 1439  101 
 1440  118 
 1441  130 
 1442  139 
 1443  138 
 1444  131 
 1445  145 
 1446  160 
 1447  185 
 1448  173 
 1449  180 
 1450  173 
 1451  185 
 1452  201 
 1453  210 
 1454  227 
 1455  211 
 1456  218 
 1457  225 
 1458  245 
 1459  277 
 1460  262 
 1461  253 
 1462  274 
 1463  313 
 1464  298 
 1465  305 
 1466  342 
 1467  323 
 1468  349 
 1469  345 
 1470  370 
 1471  444 
 1472  377 
 1473  409 
 1474  425 
 1475  446 
 1476  434 
 1477  415 
 1478  430 
 1479  452 
 1480  507 
 1481  501 
 1482  501 
 1483  553 
 1484  539 
 1485  522 
 1486  542 
 1487  579 
 1488  572 
 1489  557 
 1490  596 
 1491  605 
 1492  615 
 1493  629 
 1494  642 
 1495  655 
 1496  609 
 1497  662 
 1498  660 
 1499  696 
 1500  666 
 1501  643 
 1502  638 
 1503  676 
 1504  693 
 1505  639 
 1506  665 
 1507  683 
 1508  659 
 1509  682 
 1510  673 
 1511  661 
 1512  673 
 1513  686 
 1514  702 
 1515  691 
 1516  706 
 1517  694 
 1518  648 
 1519  695 
 1520  691 
 1521  666 
 1522  619 
 1523  597 
 1524  609 
 1525  612 
 1526  655 
 1527  609 
 1528  632 
 1529  612 
 1530  564 
 1531  591 
 1532  613 
 1533  580 
 1534  568 
 1535  531 
 1536  545 
 1537  566 
 1538  489 
 1539  503 
 1540  515 
 1541  498 
 1542  480 
 1543  445 
 1544  448 
 1545  458 
 1546  387 
 1547  424 
 1548  376 
 1549  386 
 1550  335 
 1551  366 
 1552  354 
 1553  334 
 1554  312 
 1555  293 
 1556  310 
 1557  279 
 1558  274 
 1559  257 
 1560  255 
 1561  232 
 1562  239 
 1563  239 
 1564  225 
 1565  235 
 1566  175 
 1567  172 
 1568  179 
 1569  176 
 1570  168 
 1571  159 
 1572  143 
 1573  152 
 1574  122 
 1575  120 
 1576  126 
 1577  104 
 1578  100 
 1579  94 
 1580  112 
 1581  97 
 1582  80 
 1583  102 
 1584  65 
 1585  74 
 1586  76 
 1587  59 
 1588  67 
 1589  65 
 1590  70 
 1591  55 
 1592  64 
 1593  43 
 1594  57 
 1595  43 
 1596  51 
 1597  41 
 1598  36 
 1599  46 
 1600  41 
 1601  33 
 1602  33 
 1603  35 
 1604  34 
 1605  40 
 1606  35 
 1607  35 
 1608  23 
 1609  33 
 1610  38 
 1611  35 
 1612  26 
 1613  49 
 1614  35 
 1615  38 
 1616  38 
 1617  20 
 1618  26 
 1619  26 
 1620  29 
 1621  35 
 1622  18 
 1623  23 
 1624  38 
 1625  34 
 1626  37 
 1627  36 
 1628  29 
 1629  13 
 1630  19 
 1631  33 
 1632  25 
 1633  25 
 1634  28 
 1635  19 
 1636  20 
 1637  19 
 1638  25 
 1639  20 
 1640  19 
 1641  31 
 1642  19 
 1643  19 
 1644  17 
 1645  22 
 1646  28 
 1647  25 
 1648  21 
 1649  21 
 1650  26 
 1651  23 
 1652  20 
 1653  28 
 1654  31 
 1655  19 
 1656  21 
 1657  27 
 1658  22 
 1659  14 
 1660  20 
 1661  19 
 1662  19 
 1663  22 
 1664  27 
 1665  32 
 1666  25 
 1667  29 
 1668  20 
 1669  20 
 1670  34 
 1671  20 
 1672  20 
 1673  32 
 1674  31 
 1675  26 
 1676  21 
 1677  24 
 1678  25 
 1679  36 
 1680  21 
 1681  21 
 1682  27 
 1683  24 
 1684  11 
 1685  19 
 1686  20 
 1687  19 
 1688  27 
 1689  16 
 1690  24 
 1691  32 
 1692  28 
 1693  32 
 1694  27 
 1695  20 
 1696  24 
 1697  29 
 1698  28 
 1699  23 
 1700  23 
 1701  21 
 1702  22 
 1703  28 
 1704  14 
 1705  23 
 1706  25 
 1707  20 
 1708  28 
 1709  20 
 1710  32 
 1711  18 
 1712  32 
 1713  28 
 1714  25 
 1715  20 
 1716  19 
 1717  28 
 1718  25 
 1719  29 
 1720  28 
 1721  24 
 1722  22 
 1723  21 
 1724  16 
 1725  26 
 1726  22 
 1727  28 
 1728  23 
 1729  29 
 1730  25 
 1731  20 
 1732  17 
 1733  32 
 1734  25 
 1735  25 
 1736  25 
 1737  29 
 1738  29 
 1739  15 
 1740  19 
 1741  19 
 1742  27 
 1743  23 
 1744  20 
 1745  25 
 1746  17 
 1747  25 
 1748  19 
 1749  23 
 1750  32 
 1751  22 
 1752  18 
 1753  15 
 1754  26 
 1755  20 
 1756  19 
 1757  20 
 1758  29 
 1759  22 
 1760  17 
 1761  32 
 1762  19 
 1763  14 
 1764  25 
 1765  22 
 1766  30 
 1767  26 
 1768  17 
 1769  24 
 1770  23 
 1771  25 
 1772  21 
 1773  15 
 1774  25 
 1775  21 
 1776  17 
 1777  24 
 1778  26 
 1779  22 
 1780  30 
 1781  16 
 1782  27 
 1783  18 
 1784  30 
 1785  19 
 1786  13 
 1787  13 
 1788  17 
 1789  23 
 1790  17 
 1791  18 
 1792  13 
 1793  24 
 1794  25 
 1795  22 
 1796  22 
 1797  21 
 1798  22 
 1799  18 
 1800  24 
 1801  20 
 1802  18 
 1803  22 
 1804  24 
 1805  20 
 1806  20 
 1807  22 
 1808  15 
 1809  16 
 1810  19 
 1811  26 
 1812  26 
 1813  15 
 1814  16 
 1815  16 
 1816  25 
 1817  17 
 1818  24 
 1819  19 
 1820  23 
 1821  19 
 1822  27 
 1823  21 
 1824  19 
 1825  23 
 1826  24 
 1827  22 
 1828  14 
 1829  27 
 1830  20 
 1831  20 
 1832  24 
 1833  17 
 1834  27 
 1835  15 
 1836  21 
 1837  19 
 1838  14 
 1839  22 
 1840  17 
 1841  22 
 1842  23 
 1843  22 
 1844  17 
 1845  23 
 1846  21 
 1847  25 
 1848  17 
 1849  16 
 1850  24 
 1851  23 
 1852  19 
 1853  12 
 1854  20 
 1855  27 
 1856  18 
 1857  27 
 1858  19 
 1859  21 
 1860  29 
 1861  24 
 1862  29 
 1863  19 
 1864  24 
 1865  24 
 1866  25 
 1867  16 
 1868  17 
 1869  28 
 1870  21 
 1871  20 
 1872  25 
 1873  24 
 1874  17 
 1875  22 
 1876  25 
 1877  18 
 1878  31 
 1879  25 
 1880  24 
 1881  25 
 1882  19 
 1883  24 
 1884  13 
 1885  19 
 1886  19 
 1887  14 
 1888  23 
 1889  23 
 1890  18 
 1891  17 
 1892  17 
 1893  26 
 1894  18 
 1895  20 
 1896  17 
 1897  22 
 1898  22 
 1899  26 
 1900  18 
 1901  27 
 1902  20 
 1903  16 
 1904  27 
 1905  19 
 1906  22 
 1907  24 
 1908  18 
 1909  22 
 1910  23 
 1911  13 
 1912  15 
 1913  14 
 1914  21 
 1915  22 
 1916  26 
 1917  24 
 1918  25 
 1919  14 
 1920  30 
 1921  18 
 1922  14 
 1923  18 
 1924  21 
 1925  18 
 1926  13 
 1927  30 
 1928  21 
 1929  20 
 1930  26 
 1931  20 
 1932  20 
 1933  22 
 1934  14 
 1935  27 
 1936  21 
 1937  26 
 1938  16 
 1939  21 
 1940  16 
 1941  24 
 1942  16 
 1943  22 
 1944  14 
 1945  16 
 1946  22 
 1947  14 
 1948  27 
 1949  23 
 1950  22 
 1951  21 
 1952  18 
 1953  21 
 1954  13 
 1955  20 
 1956  23 
 1957  14 
 1958  23 
 1959  25 
 1960  26 
 1961  13 
 1962  27 
 1963  15 
 1964  24 
 1965  19 
 1966  19 
 1967  20 
 1968  18 
 1969  18 
 1970  19 
 1971  15 
 1972  24 
 1973  26 
 1974  24 
 1975  27 
 1976  25 
 1977  18 
 1978  17 
 1979  20 
 1980  22 
 1981  19 
 1982  17 
 1983  17 
 1984  13 
 1985  24 
 1986  17 
 1987  23 
 1988  21 
 1989  32 
 1990  23 
 1991  18 
 1992  25 
 1993  18 
 1994  27 
 1995  26 
 1996  16 
 1997  22 
 1998  26 
 1999  21 
 2000  17 
 2001  17 
 2002  33 
 2003  12 
 2004  16 
 2005  15 
 2006  27 
 2007  18 
 2008  18 
 2009  25 
 2010  19 
 2011  21 
 2012  20 
 2013  16 
 2014  24 
 2015  23 
 2016  16 
 2017  26 
 2018  22 
 2019  15 
 2020  18 
 2021  27 
 2022  19 
 2023  22 
 2024  29 
 2025  17 
 2026  26 
 2027  20 
 2028  23 
 2029  19 
 2030  27 
 2031  19 
 2032  20 
 2033  27 
 2034  20 
 2035  19 
 2036  27 
 2037  26 
 2038  22 
 2039  20 
 2040  23 
 2041  17 
 2042  28 
 2043  17 
 2044  29 
 2045  21 
 2046  20 
 2047  23 
 2048  27 
 2049  14 
 2050  19 
 2051  33 
 2052  20 
 2053  21 
 2054  14 
 2055  24 
 2056  24 
 2057  22 
 2058  18 
 2059  22 
 2060  20 
 2061  26 
 2062  15 
 2063  24 
 2064  34 
 2065  19 
 2066  22 
 2067  19 
 2068  25 
 2069  25 
 2070  25 
 2071  14 
 2072  31 
 2073  27 
 2074  17 
 2075  19 
 2076  24 
 2077  26 
 2078  15 
 2079  15 
 2080  22 
 2081  22 
 2082  17 
 2083  23 
 2084  27 
 2085  16 
 2086  16 
 2087  11 
 2088  23 
 2089  12 
 2090  22 
 2091  18 
 2092  10 
 2093  24 
 2094  14 
 2095  23 
 2096  21 
 2097  10 
 2098  16 
 2099  23 
 2100  12 
 2101  17 
 2102  16 
 2103  18 
 2104  16 
 2105  21 
 2106  13 
 2107  20 
 2108  20 
 2109  19 
 2110  23 
 2111  19 
 2112  25 
 2113  23 
 2114  23 
 2115  21 
 2116  16 
 2117  23 
 2118  27 
 2119  18 
 2120  17 
 2121  26 
 2122  18 
 2123  18 
 2124  17 
 2125  13 
 2126  12 
 2127  23 
 2128  15 
 2129  17 
 2130  28 
 2131  27 
 2132  17 
 2133  22 
 2134  28 
 2135  17 
 2136  21 
 2137  23 
 2138  17 
 2139  24 
 2140  30 
 2141  17 
 2142  25 
 2143  18 
 2144  17 
 2145  18 
 2146  19 
 2147  24 
 2148  28 
 2149  26 
 2150  10 
 2151  13 
 2152  18 
 2153  18 
 2154  11 
 2155  19 
 2156  14 
 2157  23 
 2158  13 
 2159  20 
 2160  17 
 2161  19 
 2162  24 
 2163  9 
 2164  28 
 2165  19 
 2166  14 
 2167  18 
 2168  20 
 2169  18 
 2170  21 
 2171  24 
 2172  22 
 2173  15 
 2174  19 
 2175  22 
 2176  20 
 2177  22 
 2178  20 
 2179  15 
 2180  21 
 2181  22 
 2182  16 
 2183  11 
 2184  19 
 2185  10 
 2186  29 
 2187  18 
 2188  24 
 2189  25 
 2190  20 
 2191  17 
 2192  12 
 2193  17 
 2194  12 
 2195  20 
 2196  21 
 2197  16 
 2198  17 
 2199  18 
 2200  22 
 2201  15 
 2202  21 
 2203  15 
 2204  21 
 2205  15 
 2206  19 
 2207  17 
 2208  18 
 2209  22 
 2210  15 
 2211  20 
 2212  17 
 2213  20 
 2214  15 
 2215  25 
 2216  20 
 2217  10 
 2218  17 
 2219  16 
 2220  23 
 2221  17 
 2222  18 
 2223  24 
 2224  18 
 2225  25 
 2226  15 
 2227  21 
 2228  14 
 2229  21 
 2230  13 
 2231  17 
 2232  25 
 2233  16 
 2234  29 
 2235  14 
 2236  20 
 2237  13 
 2238  20 
 2239  15 
 2240  16 
 2241  20 
 2242  25 
 2243  20 
 2244  17 
 2245  14 
 2246  24 
 2247  25 
 2248  18 
 2249  13 
 2250  18 
 2251  18 
 2252  22 
 2253  16 
 2254  17 
 2255  24 
 2256  15 
 2257  21 
 2258  20 
 2259  16 
 2260  18 
 2261  17 
 2262  24 
 2263  16 
 2264  24 
 2265  21 
 2266  21 
 2267  27 
 2268  17 
 2269  24 
 2270  24 
 2271  18 
 2272  22 
 2273  15 
 2274  22 
 2275  21 
 2276  16 
 2277  22 
 2278  16 
 2279  20 
 2280  19 
 2281  19 
 2282  20 
 2283  16 
 2284  14 
 2285  29 
 2286  23 
 2287  18 
 2288  23 
 2289  21 
 2290  17 
 2291  26 
 2292  19 
 2293  12 
 2294  25 
 2295  23 
 2296  19 
 2297  13 
 2298  21 
 2299  26 
 2300  23 
 2301  14 
 2302  21 
 2303  16 
 2304  20 
 2305  20 
 2306  12 
 2307  22 
 2308  22 
 2309  22 
 2310  21 
 2311  20 
 2312  14 
 2313  22 
 2314  22 
 2315  21 
 2316  28 
 2317  16 
 2318  26 
 2319  21 
 2320  15 
 2321  14 
 2322  26 
 2323  25 
 2324  20 
 2325  20 
 2326  15 
 2327  28 
 2328  12 
 2329  21 
 2330  22 
 2331  24 
 2332  18 
 2333  23 
 2334  15 
 2335  16 
 2336  23 
 2337  19 
 2338  23 
 2339  21 
 2340  16 
 2341  19 
 2342  16 
 2343  19 
 2344  24 
 2345  25 
 2346  24 
 2347  15 
 2348  25 
 2349  22 
 2350  19 
 2351  25 
 2352  17 
 2353  20 
 2354  18 
 2355  23 
 2356  14 
 2357  20 
 2358  27 
 2359  13 
 2360  18 
 2361  15 
 2362  24 
 2363  24 
 2364  14 
 2365  12 
 2366  13 
 2367  18 
 2368  17 
 2369  21 
 2370  14 
 2371  15 
 2372  18 
 2373  24 
 2374  26 
 2375  18 
 2376  15 
 2377  25 
 2378  16 
 2379  17 
 2380  13 
 2381  18 
 2382  23 
 2383  17 
 2384  19 
 2385  23 
 2386  15 
 2387  18 
 2388  19 
 2389  19 
 2390  26 
 2391  17 
 2392  17 
 2393  19 
 2394  21 
 2395  25 
 2396  24 
 2397  16 
 2398  19 
 2399  14 
 2400  17 
 2401  20 
 2402  22 
 2403  18 
 2404  26 
 2405  20 
 2406  18 
 2407  19 
 2408  26 
 2409  12 
 2410  23 
 2411  15 
 2412  26 
 2413  21 
 2414  16 
 2415  14 
 2416  29 
 2417  17 
 2418  12 
 2419  19 
 2420  18 
 2421  23 
 2422  13 
 2423  15 
 2424  22 
 2425  20 
 2426  16 
 2427  20 
 2428  19 
 2429  22 
 2430  24 
 2431  23 
 2432  22 
 2433  17 
 2434  25 
 2435  25 
 2436  14 
 2437  14 
 2438  26 
 2439  22 
 2440  13 
 2441  16 
 2442  16 
 2443  21 
 2444  17 
 2445  14 
 2446  18 
 2447  15 
 2448  16 
 2449  19 
 2450  21 
 2451  21 
 2452  15 
 2453  15 
 2454  21 
 2455  23 
 2456  27 
 2457  21 
 2458  26 
 2459  22 
 2460  18 
 2461  16 
 2462  20 
 2463  15 
 2464  21 
 2465  17 
 2466  19 
 2467  20 
 2468  22 
 2469  17 
 2470  21 
 2471  7 
 2472  15 
 2473  25 
 2474  17 
 2475  30 
 2476  23 
 2477  18 
 2478  13 
 2479  22 
 2480  17 
 2481  15 
 2482  15 
 2483  21 
 2484  25 
 2485  7 
 2486  15 
 2487  29 
 2488  22 
 2489  22 
 2490  16 
 2491  16 
 2492  22 
 2493  24 
 2494  19 
 2495  25 
 2496  21 
 2497  24 
 2498  17 
 2499  20 
 2500  22 
 2501  18 
 2502  18 
 2503  19 
 2504  15 
 2505  24 
 2506  19 
 2507  30 
 2508  20 
 2509  18 
 2510  19 
 2511  16 
 2512  12 
 2513  27 
 2514  14 
 2515  19 
 2516  28 
 2517  16 
 2518  13 
 2519  22 
 2520  19 
 2521  20 
 2522  18 
 2523  18 
 2524  21 
 2525  21 
 2526  24 
 2527  18 
 2528  18 
 2529  25 
 2530  21 
 2531  20 
 2532  21 
 2533  17 
 2534  16 
 2535  25 
 2536  17 
 2537  24 
 2538  18 
 2539  14 
 2540  17 
 2541  14 
 2542  18 
 2543  18 
 2544  23 
 2545  22 
 2546  22 
 2547  20 
 2548  17 
 2549  18 
 2550  14 
 2551  22 
 2552  17 
 2553  28 
 2554  23 
 2555  26 
 2556  22 
 2557  19 
 2558  17 
 2559  20 
 2560  24 
 2561  16 
 2562  24 
 2563  18 
 2564  19 
 2565  19 
 2566  15 
 2567  24 
 2568  20 
 2569  19 
 2570  19 
 2571  23 
 2572  19 
 2573  23 
 2574  21 
 2575  17 
 2576  25 
 2577  19 
 2578  22 
 2579  26 
 2580  25 
 2581  28 
 2582  20 
 2583  22 
 2584  16 
 2585  20 
 2586  22 
 2587  24 
 2588  26 
 2589  21 
 2590  22 
 2591  16 
 2592  20 
 2593  23 
 2594  20 
 2595  17 
 2596  19 
 2597  17 
 2598  23 
 2599  21 
 2600  19 
 2601  24 
 2602  27 
 2603  12 
 2604  13 
 2605  21 
 2606  25 
 2607  27 
 2608  20 
 2609  19 
 2610  22 
 2611  19 
 2612  17 
 2613  23 
 2614  23 
 2615  22 
 2616  11 
 2617  19 
 2618  26 
 2619  17 
 2620  19 
 2621  17 
 2622  17 
 2623  20 
 2624  18 
 2625  25 
 2626  23 
 2627  18 
 2628  17 
 2629  13 
 2630  20 
 2631  22 
 2632  17 
 2633  24 
 2634  17 
 2635  24 
 2636  15 
 2637  17 
 2638  24 
 2639  17 
 2640  15 
 2641  27 
 2642  16 
 2643  21 
 2644  18 
 2645  14 
 2646  20 
 2647  18 
 2648  21 
 2649  26 
 2650  16 
 2651  12 
 2652  24 
 2653  22 
 2654  22 
 2655  15 
 2656  23 
 2657  22 
 2658  16 
 2659  29 
 2660  25 
 2661  25 
 2662  29 
 2663  30 
 2664  23 
 2665  25 
 2666  18 
 2667  13 
 2668  20 
 2669  14 
 2670  24 
 2671  29 
 2672  18 
 2673  24 
 2674  20 
 2675  27 
 2676  22 
 2677  17 
 2678  21 
 2679  26 
 2680  19 
 2681  19 
 2682  22 
 2683  24 
 2684  19 
 2685  15 
 2686  24 
 2687  20 
 2688  25 
 2689  15 
 2690  24 
 2691  18 
 2692  11 
 2693  33 
 2694  19 
 2695  23 
 2696  24 
 2697  17 
 2698  26 
 2699  20 
 2700  27 
 2701  25 
 2702  14 
 2703  21 
 2704  29 
 2705  19 
 2706  20 
 2707  23 
 2708  20 
 2709  24 
 2710  20 
 2711  16 
 2712  30 
 2713  21 
 2714  27 
 2715  26 
 2716  21 
 2717  16 
 2718  25 
 2719  25 
 2720  20 
 2721  21 
 2722  20 
 2723  20 
 2724  12 
 2725  22 
 2726  21 
 2727  21 
 2728  20 
 2729  19 
 2730  29 
 2731  26 
 2732  18 
 2733  21 
 2734  26 
 2735  25 
 2736  25 
 2737  22 
 2738  29 
 2739  25 
 2740  26 
 2741  23 
 2742  10 
 2743  27 
 2744  22 
 2745  18 
 2746  18 
 2747  21 
 2748  26 
 2749  20 
 2750  22 
 2751  22 
 2752  24 
 2753  24 
 2754  18 
 2755  26 
 2756  24 
 2757  24 
 2758  21 
 2759  23 
 2760  20 
 2761  24 
 2762  25 
 2763  22 
 2764  23 
 2765  13 
 2766  21 
 2767  23 
 2768  21 
 2769  17 
 2770  26 
 2771  18 
 2772  24 
 2773  24 
 2774  22 
 2775  22 
 2776  32 
 2777  27 
 2778  23 
 2779  24 
 2780  12 
 2781  26 
 2782  18 
 2783  22 
 2784  23 
 2785  29 
 2786  30 
 2787  14 
 2788  18 
 2789  20 
 2790  31 
 2791  31 
 2792  21 
 2793  29 
 2794  21 
 2795  20 
 2796  28 
 2797  32 
 2798  22 
 2799  18 
 2800  19 
 2801  22 
 2802  18 
 2803  15 
 2804  25 
 2805  19 
 2806  17 
 2807  17 
 2808  19 
 2809  20 
 2810  32 
 2811  20 
 2812  22 
 2813  22 
 2814  19 
 2815  31 
 2816  30 
 2817  25 
 2818  28 
 2819  25 
 2820  21 
 2821  24 
 2822  24 
 2823  26 
 2824  23 
 2825  31 
 2826  19 
 2827  23 
 2828  24 
 2829  20 
 2830  30 
 2831  23 
 2832  22 
 2833  27 
 2834  21 
 2835  25 
 2836  19 
 2837  24 
 2838  16 
 2839  16 
 2840  27 
 2841  29 
 2842  23 
 2843  24 
 2844  20 
 2845  17 
 2846  23 
 2847  23 
 2848  33 
 2849  20 
 2850  19 
 2851  28 
 2852  24 
 2853  25 
 2854  27 
 2855  24 
 2856  16 
 2857  29 
 2858  29 
 2859  24 
 2860  25 
 2861  28 
 2862  37 
 2863  38 
 2864  22 
 2865  31 
 2866  31 
 2867  33 
 2868  36 
 2869  39 
 2870  26 
 2871  34 
 2872  23 
 2873  31 
 2874  36 
 2875  51 
 2876  27 
 2877  34 
 2878  44 
 2879  32 
 2880  29 
 2881  38 
 2882  37 
 2883  35 
 2884  31 
 2885  43 
 2886  37 
 2887  33 
 2888  35 
 2889  35 
 2890  32 
 2891  37 
 2892  41 
 2893  35 
 2894  48 
 2895  44 
 2896  46 
 2897  38 
 2898  49 
 2899  60 
 2900  50 
 2901  55 
 2902  56 
 2903  57 
 2904  46 
 2905  49 
 2906  57 
 2907  62 
 2908  45 
 2909  64 
 2910  71 
 2911  48 
 2912  48 
 2913  66 
 2914  60 
 2915  67 
 2916  72 
 2917  79 
 2918  73 
 2919  73 
 2920  63 
 2921  84 
 2922  80 
 2923  79 
 2924  93 
 2925  82 
 2926  80 
 2927  64 
 2928  75 
 2929  92 
 2930  100 
 2931  76 
 2932  89 
 2933  89 
 2934  91 
 2935  91 
 2936  95 
 2937  86 
 2938  103 
 2939  117 
 2940  98 
 2941  109 
 2942  118 
 2943  123 
 2944  120 
 2945  104 
 2946  116 
 2947  121 
 2948  121 
 2949  136 
 2950  125 
 2951  143 
 2952  127 
 2953  126 
 2954  113 
 2955  146 
 2956  126 
 2957  145 
 2958  140 
 2959  130 
 2960  126 
 2961  123 
 2962  139 
 2963  161 
 2964  117 
 2965  148 
 2966  142 
 2967  161 
 2968  157 
 2969  172 
 2970  191 
 2971  165 
 2972  171 
 2973  147 
 2974  145 
 2975  141 
 2976  155 
 2977  165 
 2978  162 
 2979  152 
 2980  152 
 2981  138 
 2982  131 
 2983  123 
 2984  128 
 2985  123 
 2986  108 
 2987  135 
 2988  124 
 2989  103 
 2990  129 
 2991  122 
 2992  113 
 2993  99 
 2994  113 
 2995  104 
 2996  110 
 2997  75 
 2998  78 
 2999  76 
 3000  85 
 3001  78 
 3002  77 
 3003  89 
 3004  81 
 3005  68 
 3006  69 
 3007  80 
 3008  75 
 3009  69 
 3010  75 
 3011  64 
 3012  77 
 3013  68 
 3014  88 
 3015  60 
 3016  79 
 3017  80 
 3018  82 
 3019  88 
 3020  94 
 3021  100 
 3022  108 
 3023  120 
 3024  112 
 3025  126 
 3026  134 
 3027  111 
 3028  109 
 3029  124 
 3030  134 
 3031  143 
 3032  141 
 3033  157 
 3034  160 
 3035  168 
 3036  184 
 3037  159 
 3038  175 
 3039  193 
 3040  183 
 3041  191 
 3042  210 
 3043  241 
 3044  251 
 3045  248 
 3046  269 
 3047  302 
 3048  280 
 3049  299 
 3050  305 
 3051  300 
 3052  327 
 3053  349 
 3054  418 
 3055  387 
 3056  418 
 3057  429 
 3058  457 
 3059  526 
 3060  537 
 3061  539 
 3062  564 
 3063  568 
 3064  630 
 3065  716 
 3066  722 
 3067  751 
 3068  746 
 3069  843 
 3070  857 
 3071  902 
 3072  1024 
 3073  1060 
 3074  1121 
 3075  1265 
 3076  1305 
 3077  1433 
 3078  1456 
 3079  1613 
 3080  1736 
 3081  1829 
 3082  2025 
 3083  2015 
 3084  2209 
 3085  2331 
 3086  2614 
 3087  2632 
 3088  2797 
 3089  3127 
 3090  3219 
 3091  3321 
 3092  3581 
 3093  3747 
 3094  3997 
 3095  4360 
 3096  4279 
 3097  4490 
 3098  4677 
 3099  4905 
 3100  4948 
 3101  5205 
 3102  5255 
 3103  5244 
 3104  5334 
 3105  5285 
 3106  5372 
 3107  5344 
 3108  5240 
 3109  5105 
 3110  4986 
 3111  4874 
 3112  4629 
 3113  4593 
 3114  4532 
 3115  4289 
 3116  4128 
 3117  3921 
 3118  3646 
 3119  3430 
 3120  3208 
 3121  3064 
 3122  2921 
 3123  2667 
 3124  2522 
 3125  2313 
 3126  2201 
 3127  2000 
 3128  1934 
 3129  1725 
 3130  1747 
 3131  1585 
 3132  1536 
 3133  1484 
 3134  1455 
 3135  1380 
 3136  1322 
 3137  1292 
 3138  1368 
 3139  1323 
 3140  1378 
 3141  1287 
 3142  1359 
 3143  1387 
 3144  1324 
 3145  1398 
 3146  1415 
 3147  1437 
 3148  1523 
 3149  1505 
 3150  1574 
 3151  1577 
 3152  1703 
 3153  1683 
 3154  1688 
 3155  1772 
 3156  1851 
 3157  1932 
 3158  1920 
 3159  2054 
 3160  2071 
 3161  2087 
 3162  2192 
 3163  2324 
 3164  2374 
 3165  2447 
 3166  2557 
 3167  2653 
 3168  2777 
 3169  2783 
 3170  2926 
 3171  3081 
 3172  3210 
 3173  3329 
 3174  3390 
 3175  3556 
 3176  3607 
 3177  3805 
 3178  3902 
 3179  4118 
 3180  4169 
 3181  4176 
 3182  4396 
 3183  4494 
 3184  4713 
 3185  4806 
 3186  4871 
 3187  5083 
 3188  5177 
 3189  5223 
 3190  5217 
 3191  5534 
 3192  5588 
 3193  5628 
 3194  5802 
 3195  5718 
 3196  5824 
 3197  5946 
 3198  5895 
 3199  5859 
 3200  5837 
 3201  5699 
 3202  5732 
 3203  5846 
 3204  5837 
 3205  5602 
 3206  5560 
 3207  5384 
 3208  5281 
 3209  5129 
 3210  5148 
 3211  4872 
 3212  4634 
 3213  4752 
 3214  4470 
 3215  4249 
 3216  4019 
 3217  3745 
 3218  3701 
 3219  3390 
 3220  3217 
 3221  2985 
 3222  2896 
 3223  2738 
 3224  2509 
 3225  2429 
 3226  2197 
 3227  1994 
 3228  1846 
 3229  1668 
 3230  1635 
 3231  1545 
 3232  1479 
 3233  1381 
 3234  1322 
 3235  1245 
 3236  1172 
 3237  1078 
 3238  1096 
 3239  1016 
 3240  984 
 3241  952 
 3242  937 
 3243  968 
 3244  879 
 3245  914 
 3246  882 
 3247  824 
 3248  850 
 3249  851 
 3250  829 
 3251  776 
 3252  745 
 3253  699 
 3254  711 
 3255  737 
 3256  665 
 3257  629 
 3258  552 
 3259  526 
 3260  476 
 3261  456 
 3262  456 
 3263  399 
 3264  374 
 3265  327 
 3266  340 
 3267  306 
 3268  297 
 3269  252 
 3270  244 
 3271  204 
 3272  194 
 3273  193 
 3274  166 
 3275  144 
 3276  126 
 3277  122 
 3278  98 
 3279  93 
 3280  78 
 3281  76 
 3282  60 
 3283  59 
 3284  47 
 3285  43 
 3286  45 
 3287  47 
 3288  32 
 3289  22 
 3290  42 
 3291  28 
 3292  21 
 3293  21 
 3294  15 
 3295  19 
 3296  17 
 3297  16 
 3298  13 
 3299  15 
 3300  10 
 3301  18 
 3302  12 
 3303  10 
 3304  10 
 3305  14 
 3306  8 
 3307  5 
 3308  11 
 3309  14 
 3310  11 
 3311  8 
 3312  4 
 3313  9 
 3314  6 
 3315  7 
 3316  10 
 3317  16 
 3318  5 
 3319  5 
 3320  3 
 3321  8 
 3322  7 
 3323  9 
 3324  7 
 3325  10 
 3326  4 
 3327  11 
 3328  7 
 3329  9 
 3330  12 
 3331  6 
 3332  9 
 3333  11 
 3334  6 
 3335  8 
 3336  9 
 3337  9 
 3338  9 
 3339  8 
 3340  7 
 3341  6 
 3342  10 
 3343  10 
 3344  5 
 3345  9 
 3346  7 
 3347  4 
 3348  5 
 3349  4 
 3350  5 
 3351  11 
 3352  4 
 3353  3 
 3354  4 
 3355  4 
 3356  6 
 3357  5 
 3358  4 
 3359  4 
 3360  11 
 3361  3 
 3362  11 
 3363  7 
 3364  3 
 3365  6 
 3366  3 
 3367  7 
 3368  5 
 3369  5 
 3370  5 
 3371  8 
 3372  8 
 3373  5 
 3374  7 
 3375  6 
 3376  4 
 3377  8 
 3378  7 
 3379  10 
 3380  6 
 3381  7 
 3382  4 
 3383  8 
 3384  10 
 3385  10 
 3386  4 
 3387  2 
 3388  2 
 3389  5 
 3390  7 
 3391  7 
 3392  4 
 3393  6 
 3394  6 
 3395  3 
 3396  10 
 3397  7 
 3398  6 
 3399  3 
 3400  3 
 3401  5 
 3402  1 
 3403  7 
 3404  7 
 3405  9 
 3406  7 
 3407  6 
 3408  4 
 3409  4 
 3410  3 
 3411  8 
 3412  7 
 3413  2 
 3414  7 
 3415  7 
 3416  4 
 3417  11 
 3418  4 
 3419  5 
 3420  3 
 3421  3 
 3422  6 
 3423  10 
 3424  5 
 3425  6 
 3426  6 
 3427  7 
 3428  4 
 3429  5 
 3430  4 
 3431  3 
 3432  8 
 3433  9 
 3434  2 
 3435  6 
 3436  2 
 3437  2 
 3438  7 
 3439  4 
 3440  8 
 3441  4 
 3442  8 
 3443  3 
 3444  7 
 3445  2 
 3446  5 
 3447  5 
 3448  8 
 3449  5 
 3450  4 
 3451  4 
 3452  6 
 3453  2 
 3454  14 
 3455  4 
 3456  1 
 3457  3 
 3458  1 
 3459  6 
 3460  5 
 3461  3 
 3462  2 
 3463  5 
 3464  3 
 3465  1 
 3466  9 
 3467  5 
 3468  2 
 3469  5 
 3470  2 
 3471  2 
 3472  4 
 3473  2 
 3474  3 
 3475  5 
 3476  5 
 3477  7 
 3478  3 
 3479  5 
 3480  2 
 3481  3 
 3482  5 
 3483  5 
 3484  3 
 3485  4 
 3486  3 
 3487  2 
 3488  6 
 3489  4 
 3490  0 
 3491  1 
 3492  2 
 3493  4 
 3494  3 
 3495  3 
 3496  4 
 3497  4 
 3498  3 
 3499  4 
 3500  6 
 3501  4 
 3502  1 
 3503  5 
 3504  3 
 3505  3 
 3506  1 
 3507  2 
 3508  2 
 3509  6 
 3510  4 
 3511  1 
 3512  5 
 3513  2 
 3514  1 
 3515  4 
 3516  6 
 3517  3 
 3518  1 
 3519  2 
 3520  7 
 3521  0 
 3522  3 
 3523  5 
 3524  1 
 3525  3 
 3526  0 
 3527  4 
 3528  3 
 3529  5 
 3530  7 
 3531  4 
 3532  5 
 3533  3 
 3534  2 
 3535  1 
 3536  1 
 3537  7 
 3538  3 
 3539  3 
 3540  2 
 3541  8 
 3542  3 
 3543  4 
 3544  2 
 3545  3 
 3546  3 
 3547  3 
 3548  0 
 3549  4 
 3550  5 
 3551  0 
 3552  2 
 3553  2 
 3554  4 
 3555  4 
 3556  5 
 3557  5 
 3558  0 
 3559  0 
 3560  5 
 3561  5 
 3562  2 
 3563  3 
 3564  1 
 3565  2 
 3566  3 
 3567  5 
 3568  2 
 3569  1 
 3570  1 
 3571  3 
 3572  3 
 3573  3 
 3574  3 
 3575  0 
 3576  1 
 3577  1 
 3578  2 
 3579  0 
 3580  1 
 3581  2 
 3582  1 
 3583  4 
 3584  4 
 3585  2 
 3586  2 
 3587  1 
 3588  2 
 3589  1 
 3590  4 
 3591  2 
 3592  1 
 3593  1 
 3594  0 
 3595  1 
 3596  0 
 3597  1 
 3598  4 
 3599  2 
 3600  2 
 3601  3 
 3602  0 
 3603  1 
 3604  3 
 3605  2 
 3606  2 
 3607  4 
 3608  2 
 3609  1 
 3610  5 
 3611  3 
 3612  4 
 3613  3 
 3614  0 
 3615  1 
 3616  1 
 3617  1 
 3618  0 
 3619  1 
 3620  4 
 3621  2 
 3622  1 
 3623  2 
 3624  0 
 3625  2 
 3626  1 
 3627  2 
 3628  2 
 3629  1 
 3630  4 
 3631  1 
 3632  0 
 3633  3 
 3634  3 
 3635  1 
 3636  1 
 3637  2 
 3638  1 
 3639  1 
 3640  2 
 3641  2 
 3642  1 
 3643  2 
 3644  1 
 3645  2 
 3646  1 
 3647  2 
 3648  0 
 3649  3 
 3650  4 
 3651  2 
 3652  2 
 3653  3 
 3654  2 
 3655  8 
 3656  5 
 3657  2 
 3658  3 
 3659  0 
 3660  3 
 3661  1 
 3662  1 
 3663  0 
 3664  5 
 3665  2 
 3666  0 
 3667  1 
 3668  3 
 3669  1 
 3670  2 
 3671  2 
 3672  0 
 3673  6 
 3674  2 
 3675  1 
 3676  1 
 3677  1 
 3678  3 
 3679  2 
 3680  1 
 3681  2 
 3682  1 
 3683  2 
 3684  2 
 3685  1 
 3686  0 
 3687  0 
 3688  0 
 3689  1 
 3690  0 
 3691  0 
 3692  1 
 3693  1 
 3694  2 
 3695  1 
 3696  2 
 3697  3 
 3698  1 
 3699  0 
 3700  2 
 3701  1 
 3702  1 
 3703  0 
 3704  0 
 3705  2 
 3706  2 
 3707  1 
 3708  0 
 3709  3 
 3710  2 
 3711  2 
 3712  1 
 3713  2 
 3714  1 
 3715  2 
 3716  0 
 3717  3 
 3718  1 
 3719  0 
 3720  0 
 3721  2 
 3722  2 
 3723  0 
 3724  4 
 3725  3 
 3726  5 
 3727  1 
 3728  3 
 3729  1 
 3730  1 
 3731  3 
 3732  2 
 3733  2 
 3734  0 
 3735  0 
 3736  5 
 3737  0 
 3738  0 
 3739  1 
 3740  3 
 3741  2 
 3742  2 
 3743  2 
 3744  1 
 3745  2 
 3746  1 
 3747  0 
 3748  3 
 3749  3 
 3750  4 
 3751  0 
 3752  0 
 3753  1 
 3754  3 
 3755  2 
 3756  1 
 3757  2 
 3758  1 
 3759  1 
 3760  3 
 3761  2 
 3762  2 
 3763  1 
 3764  2 
 3765  0 
 3766  1 
 3767  4 
 3768  0 
 3769  1 
 3770  2 
 3771  1 
 3772  2 
 3773  1 
 3774  0 
 3775  3 
 3776  3 
 3777  3 
 3778  1 
 3779  1 
 3780  0 
 3781  4 
 3782  2 
 3783  3 
 3784  0 
 3785  0 
 3786  2 
 3787  2 
 3788  2 
 3789  0 
 3790  3 
 3791  6 
 3792  1 
 3793  0 
 3794  1 
 3795  1 
 3796  1 
 3797  0 
 3798  1 
 3799  2 
 3800  3 
 3801  2 
 3802  2 
 3803  3 
 3804  0 
 3805  1 
 3806  1 
 3807  0 
 3808  0 
 3809  1 
 3810  1 
 3811  0 
 3812  0 
 3813  2 
 3814  3 
 3815  0 
 3816  1 
 3817  2 
 3818  2 
 3819  0 
 3820  0 
 3821  1 
 3822  0 
 3823  2 
 3824  2 
 3825  0 
 3826  1 
 3827  1 
 3828  1 
 3829  1 
 3830  1 
 3831  2 
 3832  1 
 3833  1 
 3834  0 
 3835  3 
 3836  0 
 3837  0 
 3838  2 
 3839  0 
 3840  1 
 3841  3 
 3842  1 
 3843  2 
 3844  3 
 3845  1 
 3846  0 
 3847  0 
 3848  3 
 3849  2 
 3850  0 
 3851  3 
 3852  1 
 3853  4 
 3854  2 
 3855  2 
 3856  2 
 3857  1 
 3858  3 
 3859  1 
 3860  1 
 3861  2 
 3862  0 
 3863  1 
 3864  2 
 3865  1 
 3866  2 
 3867  0 
 3868  0 
 3869  1 
 3870  2 
 3871  1 
 3872  2 
 3873  0 
 3874  0 
 3875  2 
 3876  1 
 3877  2 
 3878  3 
 3879  1 
 3880  2 
 3881  1 
 3882  1 
 3883  3 
 3884  0 
 3885  3 
 3886  0 
 3887  3 
 3888  3 
 3889  0 
 3890  0 
 3891  0 
 3892  2 
 3893  2 
 3894  2 
 3895  1 
 3896  1 
 3897  1 
 3898  3 
 3899  3 
 3900  2 
 3901  4 
 3902  1 
 3903  0 
 3904  1 
 3905  2 
 3906  0 
 3907  2 
 3908  0 
 3909  0 
 3910  2 
 3911  0 
 3912  0 
 3913  1 
 3914  1 
 3915  1 
 3916  1 
 3917  1 
 3918  1 
 3919  1 
 3920  3 
 3921  2 
 3922  2 
 3923  2 
 3924  1 
 3925  1 
 3926  1 
 3927  0 
 3928  0 
 3929  1 
 3930  2 
 3931  2 
 3932  1 
 3933  1 
 3934  0 
 3935  2 
 3936  1 
 3937  2 
 3938  3 
 3939  1 
 3940  0 
 3941  3 
 3942  0 
 3943  1 
 3944  2 
 3945  0 
 3946  1 
 3947  1 
 3948  1 
 3949  0 
 3950  1 
 3951  0 
 3952  4 
 3953  2 
 3954  1 
 3955  2 
 3956  2 
 3957  1 
 3958  2 
 3959  1 
 3960  0 
 3961  0 
 3962  0 
 3963  2 
 3964  1 
 3965  0 
 3966  0 
 3967  1 
 3968  2 
 3969  0 
 3970  1 
 3971  1 
 3972  3 
 3973  2 
 3974  1 
 3975  2 
 3976  1 
 3977  3 
 3978  2 
 3979  1 
 3980  2 
 3981  2 
 3982  3 
 3983  1 
 3984  0 
 3985  3 
 3986  1 
 3987  1 
 3988  1 
 3989  1 
 3990  1 
 3991  0 
 3992  1 
 3993  4 
 3994  2 
 3995  1 
 3996  0 
 3997  3 
 3998  0 
 3999  0 
 4000  0 
 4001  2 
 4002  0 
 4003  1 
 4004  3 
 4005  2 
 4006  3 
 4007  2 
 4008  0 
 4009  1 
 4010  0 
 4011  0 
 4012  0 
 4013  0 
 4014  1 
 4015  2 
 4016  1 
 4017  1 
 4018  1 
 4019  1 
 4020  1 
 4021  1 
 4022  0 
 4023  0 
 4024  2 
 4025  1 
 4026  1 
 4027  2 
 4028  0 
 4029  0 
 4030  0 
 4031  0 
 4032  1 
 4033  1 
 4034  0 
 4035  0 
 4036  1 
 4037  2 
 4038  2 
 4039  1 
 4040  0 
 4041  2 
 4042  0 
 4043  3 
 4044  4 
 4045  0 
 4046  0 
 4047  0 
 4048  0 
 4049  3 
 4050  0 
 4051  0 
 4052  1 
 4053  2 
 4054  0 
 4055  3 
 4056  0 
 4057  2 
 4058  2 
 4059  2 
 4060  0 
 4061  1 
 4062  1 
 4063  0 
 4064  0 
 4065  1 
 4066  1 
 4067  2 
 4068  0 
 4069  1 
 4070  0 
 4071  2 
 4072  1 
 4073  3 
 4074  0 
 4075  0 
 4076  0 
 4077  1 
 4078  0 
 4079  1 
 4080  2 
 4081  0 
 4082  2 
 4083  1 
 4084  0 
 4085  0 
 4086  1 
 4087  2 
 4088  2 
 4089  2 
 4090  0 
 4091  3 
 4092  2 
 4093  2 
 4094  3 
 4095  0 
 4096  1 
 4097  1 
 4098  0 
 4099  0 
 4100  1 
 4101  1 
 4102  1 
 4103  2 
 4104  1 
 4105  0 
 4106  1 
 4107  1 
 4108  0 
 4109  1 
 4110  0 
 4111  1 
 4112  0 
 4113  2 
 4114  0 
 4115  0 
 4116  1 
 4117  2 
 4118  1 
 4119  0 
 4120  2 
 4121  2 
 4122  2 
 4123  2 
 4124  1 
 4125  1 
 4126  1 
 4127  2 
 4128  2 
 4129  2 
 4130  3 
 4131  0 
 4132  1 
 4133  0 
 4134  0 
 4135  1 
 4136  1 
 4137  0 
 4138  0 
 4139  3 
 4140  1 
 4141  1 
 4142  2 
 4143  0 
 4144  2 
 4145  1 
 4146  0 
 4147  1 
 4148  0 
 4149  1 
 4150  0 
 4151  3 
 4152  2 
 4153  0 
 4154  2 
 4155  1 
 4156  2 
 4157  0 
 4158  0 
 4159  1 
 4160  0 
 4161  0 
 4162  0 
 4163  6 
 4164  2 
 4165  1 
 4166  0 
 4167  0 
 4168  0 
 4169  2 
 4170  1 
 4171  1 
 4172  1 
 4173  1 
 4174  0 
 4175  0 
 4176  2 
 4177  0 
 4178  0 
 4179  0 
 4180  1 
 4181  0 
 4182  1 
 4183  0 
 4184  4 
 4185  2 
 4186  2 
 4187  2 
 4188  2 
 4189  0 
 4190  4 
 4191  0 
 4192  4 
 4193  1 
 4194  2 
 4195  0 
 4196  0 
 4197  3 
 4198  3 
 4199  1 
 4200  2 
 4201  2 
 4202  0 
 4203  0 
 4204  0 
 4205  3 
 4206  1 
 4207  0 
 4208  1 
 4209  2 
 4210  1 
 4211  0 
 4212  3 
 4213  0 
 4214  0 
 4215  0 
 4216  1 
 4217  1 
 4218  2 
 4219  1 
 4220  0 
 4221  1 
 4222  0 
 4223  1 
 4224  1 
 4225  0 
 4226  3 
 4227  2 
 4228  0 
 4229  0 
 4230  1 
 4231  1 
 4232  2 
 4233  2 
 4234  0 
 4235  1 
 4236  2 
 4237  2 
 4238  4 
 4239  0 
 4240  1 
 4241  0 
 4242  0 
 4243  4 
 4244  4 
 4245  1 
 4246  1 
 4247  1 
 4248  1 
 4249  0 
 4250  0 
 4251  2 
 4252  0 
 4253  1 
 4254  0 
 4255  2 
 4256  2 
 4257  2 
 4258  1 
 4259  5 
 4260  0 
 4261  0 
 4262  1 
 4263  1 
 4264  4 
 4265  0 
 4266  3 
 4267  0 
 4268  0 
 4269  1 
 4270  1 
 4271  0 
 4272  2 
 4273  0 
 4274  2 
 4275  1 
 4276  0 
 4277  0 
 4278  1 
 4279  1 
 4280  2 
 4281  0 
 4282  1 
 4283  0 
 4284  0 
 4285  1 
 4286  0 
 4287  1 
 4288  1 
 4289  3 
 4290  0 
 4291  0 
 4292  1 
 4293  0 
 4294  1 
 4295  0 
 4296  0 
 4297  2 
 4298  0 
 4299  1 
 4300  0 
 4301  0 
 4302  4 
 4303  1 
 4304  2 
 4305  3 
 4306  1 
 4307  1 
 4308  2 
 4309  2 
 4310  1 
 4311  1 
 4312  0 
 4313  0 
 4314  0 
 4315  2 
 4316  1 
 4317  2 
 4318  4 
 4319  1 
 4320  1 
 4321  2 
 4322  4 
 4323  0 
 4324  1 
 4325  0 
 4326  3 
 4327  1 
 4328  1 
 4329  0 
 4330  0 
 4331  2 
 4332  6 
 4333  0 
 4334  0 
 4335  1 
 4336  4 
 4337  3 
 4338  2 
 4339  0 
 4340  2 
 4341  1 
 4342  0 
 4343  0 
 4344  0 
 4345  1 
 4346  0 
 4347  0 
 4348  1 
 4349  2 
 4350  2 
 4351  0 
 4352  2 
 4353  2 
 4354  0 
 4355  0 
 4356  1 
 4357  1 
 4358  1 
 4359  1 
 4360  2 
 4361  1 
 4362  1 
 4363  1 
 4364  1 
 4365  2 
 4366  1 
 4367  1 
 4368  3 
 4369  0 
 4370  1 
 4371  0 
 4372  2 
 4373  0 
 4374  2 
 4375  2 
 4376  5 
 4377  0 
 4378  0 
 4379  2 
 4380  0 
 4381  1 
 4382  0 
 4383  1 
 4384  2 
 4385  1 
 4386  1 
 4387  0 
 4388  1 
 4389  0 
 4390  1 
 4391  3 
 4392  0 
 4393  1 
 4394  0 
 4395  0 
 4396  0 
 4397  2 
 4398  1 
 4399  0 
 4400  0 
 4401  0 
 4402  1 
 4403  1 
 4404  0 
 4405  1 
 4406  1 
 4407  4 
 4408  1 
 4409  1 
 4410  2 
 4411  3 
 4412  0 
 4413  1 
 4414  0 
 4415  2 
 4416  2 
 4417  1 
 4418  1 
 4419  2 
 4420  0 
 4421  3 
 4422  3 
 4423  0 
 4424  1 
 4425  2 
 4426  0 
 4427  1 
 4428  1 
 4429  1 
 4430  1 
 4431  1 
 4432  2 
 4433  1 
 4434  2 
 4435  1 
 4436  1 
 4437  2 
 4438  1 
 4439  0 
 4440  1 
 4441  2 
 4442  2 
 4443  0 
 4444  0 
 4445  1 
 4446  3 
 4447  3 
 4448  0 
 4449  0 
 4450  0 
 4451  2 
 4452  2 
 4453  1 
 4454  3 
 4455  0 
 4456  0 
 4457  0 
 4458  0 
 4459  1 
 4460  1 
 4461  0 
 4462  2 
 4463  1 
 4464  1 
 4465  1 
 4466  4 
 4467  2 
 4468  0 
 4469  1 
 4470  1 
 4471  1 
 4472  0 
 4473  2 
 4474  2 
 4475  0 
 4476  1 
 4477  2 
 4478  2 
 4479  2 
 4480  0 
 4481  1 
 4482  1 
 4483  1 
 4484  1 
 4485  4 
 4486  0 
 4487  0 
 4488  2 
 4489  3 
 4490  2 
 4491  1 
 4492  1 
 4493  1 
 4494  0 
 4495  0 
 4496  1 
 4497  2 
 4498  2 
 4499  1 
 4500  0 
 4501  1 
 4502  0 
 4503  1 
 4504  2 
 4505  1 
 4506  0 
 4507  3 
 4508  2 
 4509  2 
 4510  0 
 4511  2 
 4512  1 
 4513  2 
 4514  0 
 4515  1 
 4516  0 
 4517  2 
 4518  0 
 4519  0 
 4520  2 
 4521  0 
 4522  3 
 4523  0 
 4524  3 
 4525  2 
 4526  0 
 4527  1 
 4528  1 
 4529  2 
 4530  0 
 4531  2 
 4532  2 
 4533  0 
 4534  3 
 4535  0 
 4536  2 
 4537  1 
 4538  0 
 4539  3 
 4540  0 
 4541  1 
 4542  1 
 4543  4 
 4544  1 
 4545  2 
 4546  1 
 4547  1 
 4548  1 
 4549  0 
 4550  3 
 4551  1 
 4552  1 
 4553  0 
 4554  1 
 4555  0 
 4556  1 
 4557  2 
 4558  2 
 4559  1 
 4560  3 
 4561  0 
 4562  1 
 4563  4 
 4564  3 
 4565  0 
 4566  0 
 4567  1 
 4568  0 
 4569  1 
 4570  0 
 4571  2 
 4572  1 
 4573  3 
 4574  1 
 4575  1 
 4576  1 
 4577  1 
 4578  0 
 4579  1 
 4580  0 
 4581  1 
 4582  1 
 4583  5 
 4584  0 
 4585  1 
 4586  3 
 4587  3 
 4588  1 
 4589  2 
 4590  0 
 4591  1 
 4592  1 
 4593  1 
 4594  1 
 4595  0 
 4596  1 
 4597  3 
 4598  1 
 4599  1 
 4600  3 
 4601  1 
 4602  0 
 4603  2 
 4604  1 
 4605  1 
 4606  0 
 4607  1 
 4608  1 
 4609  1 
 4610  2 
 4611  0 
 4612  0 
 4613  0 
 4614  1 
 4615  0 
 4616  0 
 4617  0 
 4618  1 
 4619  0 
 4620  0 
 4621  1 
 4622  0 
 4623  1 
 4624  1 
 4625  0 
 4626  1 
 4627  2 
 4628  1 
 4629  0 
 4630  2 
 4631  1 
 4632  1 
 4633  1 
 4634  1 
 4635  1 
 4636  0 
 4637  0 
 4638  1 
 4639  0 
 4640  3 
 4641  1 
 4642  2 
 4643  0 
 4644  0 
 4645  0 
 4646  1 
 4647  0 
 4648  1 
 4649  1 
 4650  0 
 4651  0 
 4652  3 
 4653  0 
 4654  0 
 4655  1 
 4656  1 
 4657  0 
 4658  0 
 4659  1 
 4660  0 
 4661  3 
 4662  2 
 4663  0 
 4664  0 
 4665  2 
 4666  0 
 4667  1 
 4668  0 
 4669  1 
 4670  0 
 4671  1 
 4672  0 
 4673  2 
 4674  2 
 4675  1 
 4676  0 
 4677  0 
 4678  3 
 4679  1 
 4680  0 
 4681  1 
 4682  1 
 4683  1 
 4684  1 
 4685  2 
 4686  0 
 4687  1 
 4688  0 
 4689  1 
 4690  1 
 4691  1 
 4692  0 
 4693  2 
 4694  0 
 4695  0 
 4696  0 
 4697  2 
 4698  0 
 4699  0 
 4700  1 
 4701  2 
 4702  1 
 4703  0 
 4704  0 
 4705  2 
 4706  1 
 4707  0 
 4708  3 
 4709  1 
 4710  1 
 4711  0 
 4712  0 
 4713  0 
 4714  0 
 4715  1 
 4716  0 
 4717  0 
 4718  0 
 4719  0 
 4720  0 
 4721  0 
 4722  0 
 4723  0 
 4724  2 
 4725  0 
 4726  1 
 4727  1 
 4728  1 
 4729  0 
 4730  1 
 4731  0 
 4732  1 
 4733  0 
 4734  0 
 4735  2 
 4736  1 
 4737  0 
 4738  1 
 4739  1 
 4740  2 
 4741  2 
 4742  2 
 4743  2 
 4744  1 
 4745  0 
 4746  1 
 4747  0 
 4748  0 
 4749  2 
 4750  1 
 4751  3 
 4752  1 
 4753  0 
 4754  0 
 4755  1 
 4756  0 
 4757  1 
 4758  0 
 4759  1 
 4760  0 
 4761  0 
 4762  0 
 4763  1 
 4764  0 
 4765  1 
 4766  0 
 4767  0 
 4768  1 
 4769  0 
 4770  1 
 4771  0 
 4772  2 
 4773  1 
 4774  1 
 4775  0 
 4776  0 
 4777  4 
 4778  1 
 4779  0 
 4780  1 
 4781  0 
 4782  0 
 4783  0 
 4784  0 
 4785  2 
 4786  1 
 4787  1 
 4788  0 
 4789  0 
 4790  0 
 4791  1 
 4792  0 
 4793  1 
 4794  0 
 4795  0 
 4796  1 
 4797  0 
 4798  0 
 4799  0 
 4800  0 
 4801  1 
 4802  2 
 4803  0 
 4804  0 
 4805  0 
 4806  0 
 4807  2 
 4808  1 
 4809  1 
 4810  0 
 4811  1 
 4812  0 
 4813  0 
 4814  2 
 4815  2 
 4816  1 
 4817  2 
 4818  1 
 4819  0 
 4820  1 
 4821  0 
 4822  1 
 4823  0 
 4824  1 
 4825  0 
 4826  0 
 4827  0 
 4828  1 
 4829  0 
 4830  1 
 4831  0 
 4832  2 
 4833  0 
 4834  1 
 4835  1 
 4836  0 
 4837  1 
 4838  1 
 4839  3 
 4840  1 
 4841  1 
 4842  0 
 4843  2 
 4844  0 
 4845  3 
 4846  1 
 4847  0 
 4848  1 
 4849  0 
 4850  1 
 4851  0 
 4852  0 
 4853  0 
 4854  1 
 4855  0 
 4856  0 
 4857  0 
 4858  1 
 4859  0 
 4860  1 
 4861  0 
 4862  1 
 4863  1 
 4864  0 
 4865  3 
 4866  0 
 4867  0 
 4868  1 
 4869  0 
 4870  1 
 4871  1 
 4872  0 
 4873  0 
 4874  2 
 4875  1 
 4876  1 
 4877  3 
 4878  1 
 4879  0 
 4880  0 
 4881  0 
 4882  0 
 4883  1 
 4884  0 
 4885  0 
 4886  2 
 4887  2 
 4888  0 
 4889  0 
 4890  1 
 4891  0 
 4892  2 
 4893  1 
 4894  0 
 4895  2 
 4896  0 
 4897  0 
 4898  1 
 4899  0 
 4900  1 
 4901  0 
 4902  0 
 4903  1 
 4904  2 
 4905  1 
 4906  0 
 4907  3 
 4908  0 
 4909  1 
 4910  1 
 4911  1 
 4912  1 
 4913  1 
 4914  0 
 4915  2 
 4916  1 
 4917  1 
 4918  1 
 4919  0 
 4920  2 
 4921  1 
 4922  0 
 4923  0 
 4924  0 
 4925  0 
 4926  2 
 4927  0 
 4928  0 
 4929  2 
 4930  0 
 4931  1 
 4932  0 
 4933  1 
 4934  1 
 4935  0 
 4936  0 
 4937  1 
 4938  0 
 4939  2 
 4940  0 
 4941  0 
 4942  1 
 4943  2 
 4944  1 
 4945  1 
 4946  1 
 4947  3 
 4948  0 
 4949  2 
 4950  0 
 4951  0 
 4952  0 
 4953  2 
 4954  2 
 4955  0 
 4956  0 
 4957  1 
 4958  0 
 4959  0 
 4960  2 
 4961  0 
 4962  0 
 4963  0 
 4964  0 
 4965  1 
 4966  0 
 4967  0 
 4968  0 
 4969  1 
 4970  0 
 4971  1 
 4972  2 
 4973  0 
 4974  0 
 4975  1 
 4976  1 
 4977  0 
 4978  1 
 4979  2 
 4980  1 
 4981  0 
 4982  1 
 4983  0 
 4984  0 
 4985  1 
 4986  0 
 4987  0 
 4988  0 
 4989  0 
 4990  1 
 4991  1 
 4992  0 
 4993  0 
 4994  2 
 4995  2 
 4996  1 
 4997  2 
 4998  0 
 4999  0 
 5000  0 
 5001  0 
 5002  2 
 5003  0 
 5004  1 
 5005  0 
 5006  1 
 5007  0 
 5008  1 
 5009  0 
 5010  0 
 5011  0 
 5012  0 
 5013  1 
 5014  1 
 5015  3 
 5016  0 
 5017  3 
 5018  0 
 5019  0 
 5020  0 
 5021  1 
 5022  2 
 5023  1 
 5024  2 
 5025  1 
 5026  1 
 5027  0 
 5028  0 
 5029  0 
 5030  0 
 5031  0 
 5032  0 
 5033  2 
 5034  1 
 5035  0 
 5036  0 
 5037  0 
 5038  0 
 5039  1 
 5040  0 
 5041  2 
 5042  4 
 5043  0 
 5044  1 
 5045  0 
 5046  1 
 5047  0 
 5048  1 
 5049  0 
 5050  1 
 5051  1 
 5052  0 
 5053  0 
 5054  0 
 5055  0 
 5056  3 
 5057  1 
 5058  1 
 5059  2 
 5060  1 
 5061  1 
 5062  1 
 5063  1 
 5064  2 
 5065  0 
 5066  0 
 5067  1 
 5068  0 
 5069  1 
 5070  0 
 5071  0 
 5072  0 
 5073  0 
 5074  0 
 5075  2 
 5076  1 
 5077  0 
 5078  0 
 5079  0 
 5080  0 
 5081  0 
 5082  0 
 5083  1 
 5084  2 
 5085  0 
 5086  0 
 5087  0 
 5088  0 
 5089  1 
 5090  1 
 5091  0 
 5092  0 
 5093  2 
 5094  0 
 5095  3 
 5096  1 
 5097  2 
 5098  3 
 5099  2 
 5100  1 
 5101  0 
 5102  0 
 5103  0 
 5104  0 
 5105  0 
 5106  3 
 5107  1 
 5108  1 
 5109  1 
 5110  0 
 5111  0 
 5112  2 
 5113  1 
 5114  0 
 5115  0 
 5116  0 
 5117  1 
 5118  1 
 5119  1 
 5120  0 
 5121  2 
 5122  1 
 5123  1 
 5124  0 
 5125  0 
 5126  0 
 5127  0 
 5128  0 
 5129  1 
 5130  1 
 5131  0 
 5132  2 
 5133  0 
 5134  2 
 5135  0 
 5136  0 
 5137  0 
 5138  0 
 5139  0 
 5140  0 
 5141  3 
 5142  1 
 5143  0 
 5144  1 
 5145  0 
 5146  0 
 5147  0 
 5148  0 
 5149  0 
 5150  1 
 5151  0 
 5152  5 
 5153  1 
 5154  0 
 5155  0 
 5156  2 
 5157  0 
 5158  1 
 5159  0 
 5160  1 
 5161  1 
 5162  0 
 5163  1 
 5164  0 
 5165  2 
 5166  0 
 5167  0 
 5168  0 
 5169  1 
 5170  0 
 5171  0 
 5172  1 
 5173  2 
 5174  1 
 5175  0 
 5176  1 
 5177  1 
 5178  0 
 5179  1 
 5180  1 
 5181  1 
 5182  2 
 5183  3 
 5184  0 
 5185  0 
 5186  1 
 5187  0 
 5188  0 
 5189  0 
 5190  1 
 5191  1 
 5192  2 
 5193  1 
 5194  0 
 5195  1 
 5196  1 
 5197  0 
 5198  0 
 5199  1 
 5200  2 
 5201  3 
 5202  0 
 5203  1 
 5204  2 
 5205  1 
 5206  0 
 5207  2 
 5208  0 
 5209  0 
 5210  0 
 5211  1 
 5212  1 
 5213  0 
 5214  1 
 5215  1 
 5216  0 
 5217  1 
 5218  0 
 5219  0 
 5220  0 
 5221  1 
 5222  0 
 5223  1 
 5224  1 
 5225  1 
 5226  1 
 5227  0 
 5228  0 
 5229  0 
 5230  1 
 5231  1 
 5232  1 
 5233  0 
 5234  1 
 5235  0 
 5236  2 
 5237  0 
 5238  0 
 5239  0 
 5240  0 
 5241  1 
 5242  0 
 5243  1 
 5244  1 
 5245  2 
 5246  0 
 5247  1 
 5248  0 
 5249  2 
 5250  2 
 5251  1 
 5252  0 
 5253  1 
 5254  1 
 5255  0 
 5256  0 
 5257  1 
 5258  1 
 5259  1 
 5260  0 
 5261  1 
 5262  3 
 5263  0 
 5264  1 
 5265  1 
 5266  0 
 5267  1 
 5268  1 
 5269  2 
 5270  1 
 5271  1 
 5272  0 
 5273  3 
 5274  0 
 5275  0 
 5276  1 
 5277  0 
 5278  0 
 5279  1 
 5280  1 
 5281  1 
 5282  0 
 5283  1 
 5284  0 
 5285  0 
 5286  0 
 5287  2 
 5288  1 
 5289  1 
 5290  0 
 5291  1 
 5292  1 
 5293  0 
 5294  0 
 5295  1 
 5296  0 
 5297  0 
 5298  0 
 5299  0 
 5300  0 
 5301  2 
 5302  1 
 5303  1 
 5304  1 
 5305  0 
 5306  0 
 5307  1 
 5308  0 
 5309  1 
 5310  0 
 5311  0 
 5312  1 
 5313  0 
 5314  1 
 5315  1 
 5316  0 
 5317  1 
 5318  0 
 5319  1 
 5320  2 
 5321  1 
 5322  0 
 5323  1 
 5324  0 
 5325  1 
 5326  1 
 5327  0 
 5328  0 
 5329  0 
 5330  1 
 5331  1 
 5332  0 
 5333  1 
 5334  2 
 5335  0 
 5336  1 
 5337  1 
 5338  1 
 5339  0 
 5340  1 
 5341  0 
 5342  0 
 5343  2 
 5344  0 
 5345  1 
 5346  2 
 5347  1 
 5348  0 
 5349  2 
 5350  0 
 5351  1 
 5352  3 
 5353  0 
 5354  1 
 5355  0 
 5356  0 
 5357  1 
 5358  1 
 5359  1 
 5360  4 
 5361  2 
 5362  0 
 5363  2 
 5364  2 
 5365  0 
 5366  0 
 5367  0 
 5368  0 
 5369  0 
 5370  0 
 5371  1 
 5372  1 
 5373  1 
 5374  1 
 5375  0 
 5376  0 
 5377  0 
 5378  1 
 5379  0 
 5380  0 
 5381  0 
 5382  0 
 5383  1 
 5384  0 
 5385  0 
 5386  0 
 5387  0 
 5388  0 
 5389  1 
 5390  2 
 5391  0 
 5392  0 
 5393  1 
 5394  0 
 5395  0 
 5396  1 
 5397  1 
 5398  1 
 5399  0 
 5400  2 
 5401  1 
 5402  0 
 5403  1 
 5404  1 
 5405  1 
 5406  1 
 5407  1 
 5408  1 
 5409  0 
 5410  1 
 5411  2 
 5412  0 
 5413  0 
 5414  1 
 5415  1 
 5416  2 
 5417  0 
 5418  0 
 5419  1 
 5420  2 
 5421  0 
 5422  3 
 5423  0 
 5424  2 
 5425  1 
 5426  1 
 5427  0 
 5428  0 
 5429  1 
 5430  1 
 5431  1 
 5432  0 
 5433  1 
 5434  0 
 5435  0 
 5436  0 
 5437  0 
 5438  2 
 5439  1 
 5440  1 
 5441  0 
 5442  1 
 5443  1 
 5444  0 
 5445  1 
 5446  1 
 5447  0 
 5448  2 
 5449  0 
 5450  1 
 5451  1 
 5452  1 
 5453  0 
 5454  2 
 5455  0 
 5456  1 
 5457  1 
 5458  2 
 5459  1 
 5460  1 
 5461  1 
 5462  0 
 5463  0 
 5464  0 
 5465  1 
 5466  0 
 5467  1 
 5468  1 
 5469  0 
 5470  3 
 5471  1 
 5472  1 
 5473  1 
 5474  0 
 5475  0 
 5476  3 
 5477  1 
 5478  0 
 5479  0 
 5480  1 
 5481  1 
 5482  2 
 5483  0 
 5484  0 
 5485  2 
 5486  0 
 5487  0 
 5488  4 
 5489  1 
 5490  0 
 5491  0 
 5492  0 
 5493  1 
 5494  1 
 5495  0 
 5496  1 
 5497  0 
 5498  0 
 5499  0 
 5500  0 
 5501  0 
 5502  2 
 5503  0 
 5504  0 
 5505  1 
 5506  1 
 5507  1 
 5508  0 
 5509  2 
 5510  0 
 5511  0 
 5512  2 
 5513  3 
 5514  0 
 5515  0 
 5516  1 
 5517  0 
 5518  2 
 5519  4 
 5520  0 
 5521  1 
 5522  0 
 5523  0 
 5524  0 
 5525  1 
 5526  0 
 5527  0 
 5528  2 
 5529  1 
 5530  0 
 5531  0 
 5532  0 
 5533  1 
 5534  0 
 5535  0 
 5536  1 
 5537  0 
 5538  1 
 5539  0 
 5540  4 
 5541  2 
 5542  0 
 5543  0 
 5544  4 
 5545  1 
 5546  0 
 5547  3 
 5548  2 
 5549  1 
 5550  1 
 5551  1 
 5552  1 
 5553  0 
 5554  0 
 5555  0 
 5556  0 
 5557  1 
 5558  0 
 5559  0 
 5560  0 
 5561  0 
 5562  0 
 5563  1 
 5564  0 
 5565  0 
 5566  0 
 5567  0 
 5568  2 
 5569  0 
 5570  1 
 5571  1 
 5572  1 
 5573  0 
 5574  0 
 5575  1 
 5576  0 
 5577  0 
 5578  1 
 5579  1 
 5580  0 
 5581  0 
 5582  0 
 5583  0 
 5584  0 
 5585  3 
 5586  1 
 5587  2 
 5588  1 
 5589  0 
 5590  1 
 5591  2 
 5592  0 
 5593  1 
 5594  2 
 5595  1 
 5596  1 
 5597  0 
 5598  0 
 5599  1 
 5600  0 
 5601  0 
 5602  0 
 5603  2 
 5604  0 
 5605  0 
 5606  0 
 5607  1 
 5608  1 
 5609  1 
 5610  3 
 5611  1 
 5612  2 
 5613  1 
 5614  2 
 5615  0 
 5616  0 
 5617  1 
 5618  0 
 5619  0 
 5620  1 
 5621  1 
 5622  1 
 5623  1 
 5624  0 
 5625  0 
 5626  0 
 5627  2 
 5628  1 
 5629  3 
 5630  1 
 5631  0 
 5632  1 
 5633  1 
 5634  0 
 5635  0 
 5636  0 
 5637  1 
 5638  1 
 5639  0 
 5640  2 
 5641  0 
 5642  2 
 5643  1 
 5644  0 
 5645  3 
 5646  0 
 5647  0 
 5648  1 
 5649  0 
 5650  1 
 5651  1 
 5652  0 
 5653  0 
 5654  3 
 5655  0 
 5656  1 
 5657  1 
 5658  1 
 5659  0 
 5660  2 
 5661  0 
 5662  2 
 5663  1 
 5664  2 
 5665  1 
 5666  1 
 5667  0 
 5668  1 
 5669  2 
 5670  1 
 5671  2 
 5672  2 
 5673  1 
 5674  1 
 5675  0 
 5676  4 
 5677  1 
 5678  0 
 5679  0 
 5680  2 
 5681  0 
 5682  1 
 5683  1 
 5684  0 
 5685  4 
 5686  1 
 5687  2 
 5688  1 
 5689  2 
 5690  2 
 5691  0 
 5692  0 
 5693  1 
 5694  2 
 5695  1 
 5696  0 
 5697  2 
 5698  2 
 5699  2 
 5700  2 
 5701  0 
 5702  2 
 5703  1 
 5704  0 
 5705  0 
 5706  0 
 5707  0 
 5708  1 
 5709  2 
 5710  0 
 5711  0 
 5712  1 
 5713  1 
 5714  0 
 5715  1 
 5716  0 
 5717  1 
 5718  2 
 5719  0 
 5720  0 
 5721  1 
 5722  1 
 5723  1 
 5724  0 
 5725  1 
 5726  0 
 5727  0 
 5728  0 
 5729  0 
 5730  0 
 5731  0 
 5732  1 
 5733  0 
 5734  1 
 5735  1 
 5736  4 
 5737  2 
 5738  1 
 5739  1 
 5740  0 
 5741  1 
 5742  0 
 5743  1 
 5744  2 
 5745  1 
 5746  0 
 5747  1 
 5748  2 
 5749  1 
 5750  1 
 5751  1 
 5752  0 
 5753  0 
 5754  1 
 5755  1 
 5756  0 
 5757  1 
 5758  1 
 5759  0 
 5760  0 
 5761  1 
 5762  1 
 5763  2 
 5764  1 
 5765  1 
 5766  1 
 5767  0 
 5768  1 
 5769  4 
 5770  1 
 5771  1 
 5772  0 
 5773  0 
 5774  1 
 5775  0 
 5776  3 
 5777  1 
 5778  3 
 5779  1 
 5780  2 
 5781  2 
 5782  1 
 5783  1 
 5784  0 
 5785  0 
 5786  0 
 5787  2 
 5788  0 
 5789  1 
 5790  0 
 5791  0 
 5792  2 
 5793  1 
 5794  0 
 5795  1 
 5796  3 
 5797  0 
 5798  0 
 5799  1 
 5800  0 
 5801  1 
 5802  1 
 5803  1 
 5804  1 
 5805  0 
 5806  2 
 5807  1 
 5808  0 
 5809  3 
 5810  0 
 5811  2 
 5812  0 
 5813  2 
 5814  2 
 5815  4 
 5816  1 
 5817  4 
 5818  0 
 5819  2 
 5820  1 
 5821  2 
 5822  1 
 5823  0 
 5824  0 
 5825  2 
 5826  1 
 5827  1 
 5828  2 
 5829  0 
 5830  5 
 5831  1 
 5832  1 
 5833  1 
 5834  0 
 5835  0 
 5836  1 
 5837  3 
 5838  1 
 5839  0 
 5840  0 
 5841  0 
 5842  1 
 5843  1 
 5844  0 
 5845  4 
 5846  1 
 5847  1 
 5848  0 
 5849  2 
 5850  0 
 5851  2 
 5852  0 
 5853  0 
 5854  0 
 5855  1 
 5856  0 
 5857  3 
 5858  3 
 5859  0 
 5860  0 
 5861  1 
 5862  3 
 5863  2 
 5864  0 
 5865  0 
 5866  1 
 5867  3 
 5868  1 
 5869  2 
 5870  2 
 5871  1 
 5872  1 
 5873  0 
 5874  1 
 5875  0 
 5876  0 
 5877  1 
 5878  2 
 5879  3 
 5880  0 
 5881  0 
 5882  0 
 5883  2 
 5884  1 
 5885  4 
 5886  0 
 5887  1 
 5888  0 
 5889  1 
 5890  1 
 5891  2 
 5892  0 
 5893  2 
 5894  2 
 5895  0 
 5896  3 
 5897  2 
 5898  1 
 5899  1 
 5900  0 
 5901  3 
 5902  3 
 5903  2 
 5904  1 
 5905  3 
 5906  1 
 5907  2 
 5908  1 
 5909  2 
 5910  1 
 5911  1 
 5912  2 
 5913  0 
 5914  0 
 5915  0 
 5916  1 
 5917  2 
 5918  2 
 5919  2 
 5920  1 
 5921  3 
 5922  1 
 5923  0 
 5924  1 
 5925  1 
 5926  0 
 5927  0 
 5928  0 
 5929  1 
 5930  3 
 5931  3 
 5932  0 
 5933  3 
 5934  2 
 5935  1 
 5936  1 
 5937  0 
 5938  0 
 5939  1 
 5940  0 
 5941  1 
 5942  1 
 5943  1 
 5944  1 
 5945  3 
 5946  2 
 5947  1 
 5948  1 
 5949  0 
 5950  1 
 5951  4 
 5952  0 
 5953  1 
 5954  4 
 5955  1 
 5956  2 
 5957  0 
 5958  2 
 5959  0 
 5960  0 
 5961  0 
 5962  1 
 5963  3 
 5964  1 
 5965  4 
 5966  1 
 5967  2 
 5968  1 
 5969  3 
 5970  2 
 5971  0 
 5972  0 
 5973  2 
 5974  3 
 5975  1 
 5976  2 
 5977  2 
 5978  2 
 5979  0 
 5980  1 
 5981  2 
 5982  2 
 5983  2 
 5984  3 
 5985  3 
 5986  2 
 5987  1 
 5988  3 
 5989  2 
 5990  3 
 5991  0 
 5992  1 
 5993  2 
 5994  1 
 5995  2 
 5996  3 
 5997  3 
 5998  0 
 5999  2 
 6000  6 
 6001  3 
 6002  2 
 6003  5 
 6004  2 
 6005  1 
 6006  2 
 6007  2 
 6008  4 
 6009  1 
 6010  1 
 6011  1 
 6012  3 
 6013  3 
 6014  1 
 6015  2 
 6016  1 
 6017  1 
 6018  1 
 6019  1 
 6020  3 
 6021  2 
 6022  3 
 6023  2 
 6024  2 
 6025  0 
 6026  1 
 6027  4 
 6028  5 
 6029  1 
 6030  2 
 6031  3 
 6032  5 
 6033  0 
 6034  1 
 6035  1 
 6036  0 
 6037  0 
 6038  3 
 6039  1 
 6040  4 
 6041  3 
 6042  3 
 6043  2 
 6044  1 
 6045  2 
 6046  1 
 6047  2 
 6048  4 
 6049  1 
 6050  2 
 6051  4 
 6052  2 
 6053  0 
 6054  0 
 6055  1 
 6056  1 
 6057  2 
 6058  2 
 6059  1 
 6060  1 
 6061  2 
 6062  1 
 6063  2 
 6064  2 
 6065  1 
 6066  1 
 6067  5 
 6068  2 
 6069  3 
 6070  3 
 6071  1 
 6072  4 
 6073  1 
 6074  1 
 6075  0 
 6076  2 
 6077  3 
 6078  1 
 6079  2 
 6080  4 
 6081  0 
 6082  1 
 6083  1 
 6084  4 
 6085  3 
 6086  1 
 6087  0 
 6088  2 
 6089  4 
 6090  2 
 6091  4 
 6092  1 
 6093  3 
 6094  5 
 6095  1 
 6096  1 
 6097  4 
 6098  3 
 6099  0 
 6100  2 
 6101  0 
 6102  2 
 6103  0 
 6104  2 
 6105  3 
 6106  1 
 6107  2 
 6108  2 
 6109  4 
 6110  2 
 6111  3 
 6112  2 
 6113  2 
 6114  2 
 6115  4 
 6116  3 
 6117  4 
 6118  1 
 6119  5 
 6120  3 
 6121  1 
 6122  2 
 6123  2 
 6124  4 
 6125  2 
 6126  4 
 6127  1 
 6128  0 
 6129  0 
 6130  3 
 6131  1 
 6132  2 
 6133  2 
 6134  1 
 6135  0 
 6136  1 
 6137  5 
 6138  2 
 6139  2 
 6140  6 
 6141  1 
 6142  5 
 6143  6 
 6144  2 
 6145  0 
 6146  2 
 6147  1 
 6148  1 
 6149  4 
 6150  2 
 6151  1 
 6152  1 
 6153  1 
 6154  1 
 6155  3 
 6156  1 
 6157  1 
 6158  3 
 6159  1 
 6160  1 
 6161  3 
 6162  1 
 6163  0 
 6164  2 
 6165  3 
 6166  0 
 6167  4 
 6168  2 
 6169  1 
 6170  3 
 6171  3 
 6172  3 
 6173  3 
 6174  1 
 6175  1 
 6176  2 
 6177  1 
 6178  6 
 6179  2 
 6180  3 
 6181  2 
 6182  1 
 6183  1 
 6184  2 
 6185  1 
 6186  2 
 6187  4 
 6188  1 
 6189  0 
 6190  2 
 6191  2 
 6192  2 
 6193  3 
 6194  2 
 6195  5 
 6196  3 
 6197  0 
 6198  0 
 6199  1 
 6200  3 
 6201  0 
 6202  3 
 6203  1 
 6204  3 
 6205  2 
 6206  3 
 6207  1 
 6208  5 
 6209  1 
 6210  2 
 6211  1 
 6212  2 
 6213  3 
 6214  3 
 6215  0 
 6216  1 
 6217  4 
 6218  3 
 6219  4 
 6220  0 
 6221  1 
 6222  1 
 6223  2 
 6224  2 
 6225  5 
 6226  4 
 6227  0 
 6228  1 
 6229  7 
 6230  3 
 6231  4 
 6232  3 
 6233  2 
 6234  0 
 6235  1 
 6236  0 
 6237  3 
 6238  2 
 6239  1 
 6240  0 
 6241  0 
 6242  4 
 6243  2 
 6244  2 
 6245  1 
 6246  2 
 6247  1 
 6248  1 
 6249  1 
 6250  3 
 6251  1 
 6252  2 
 6253  2 
 6254  1 
 6255  1 
 6256  0 
 6257  0 
 6258  0 
 6259  1 
 6260  2 
 6261  3 
 6262  1 
 6263  3 
 6264  3 
 6265  2 
 6266  0 
 6267  2 
 6268  3 
 6269  0 
 6270  0 
 6271  2 
 6272  1 
 6273  0 
 6274  1 
 6275  3 
 6276  1 
 6277  1 
 6278  1 
 6279  0 
 6280  0 
 6281  2 
 6282  4 
 6283  0 
 6284  1 
 6285  1 
 6286  1 
 6287  1 
 6288  0 
 6289  0 
 6290  0 
 6291  1 
 6292  1 
 6293  1 
 6294  0 
 6295  0 
 6296  1 
 6297  1 
 6298  2 
 6299  1 
 6300  2 
 6301  0 
 6302  2 
 6303  0 
 6304  0 
 6305  0 
 6306  1 
 6307  0 
 6308  0 
 6309  1 
 6310  2 
 6311  2 
 6312  0 
 6313  0 
 6314  1 
 6315  0 
 6316  2 
 6317  1 
 6318  2 
 6319  0 
 6320  0 
 6321  2 
 6322  1 
 6323  0 
 6324  0 
 6325  2 
 6326  0 
 6327  1 
 6328  1 
 6329  0 
 6330  2 
 6331  0 
 6332  0 
 6333  1 
 6334  2 
 6335  0 
 6336  0 
 6337  0 
 6338  0 
 6339  0 
 6340  0 
 6341  0 
 6342  1 
 6343  0 
 6344  1 
 6345  0 
 6346  0 
 6347  0 
 6348  1 
 6349  1 
 6350  0 
 6351  0 
 6352  0 
 6353  0 
 6354  0 
 6355  0 
 6356  1 
 6357  0 
 6358  0 
 6359  0 
 6360  0 
 6361  0 
 6362  0 
 6363  0 
 6364  0 
 6365  0 
 6366  0 
 6367  0 
 6368  0 
 6369  0 
 6370  1 
 6371  0 
 6372  0 
 6373  1 
 6374  0 
 6375  0 
 6376  0 
 6377  0 
 6378  0 
 6379  0 
 6380  0 
 6381  0 
 6382  0 
 6383  0 
 6384  0 
 6385  0 
 6386  0 
 6387  0 
 6388  0 
 6389  0 
 6390  0 
 6391  0 
 6392  0 
 6393  0 
 6394  0 
 6395  0 
 6396  0 
 6397  0 
 6398  0 
 6399  0 
 6400  0 
 6401  0 
 6402  0 
 6403  0 
 6404  0 
 6405  0 
 6406  0 
 6407  0 
 6408  0 
 6409  0 
 6410  0 
 6411  0 
 6412  0 
 6413  0 
 6414  0 
 6415  0 
 6416  0 
 6417  0 
 6418  0 
 6419  0 
 6420  0 
 6421  0 
 6422  0 
 6423  0 
 6424  0 
 6425  0 
 6426  0 
 6427  0 
 6428  0 
 6429  0 
 6430  0 
 6431  0 
 6432  0 
 6433  0 
 6434  0 
 6435  0 
 6436  0 
 6437  0 
 6438  0 
 6439  0 
 6440  0 
 6441  0 
 6442  0 
 6443  1 
 6444  0 
 6445  0 
 6446  0 
 6447  0 
 6448  0 
 6449  0 
 6450  0 
 6451  0 
 6452  0 
 6453  0 
 6454  0 
 6455  0 
 6456  0 
 6457  0 
 6458  0 
 6459  0 
 6460  0 
 6461  0 
 6462  1 
 6463  0 
 6464  0 
 6465  0 
 6466  0 
 6467  0 
 6468  0 
 6469  0 
 6470  0 
 6471  0 
 6472  0 
 6473  0 
 6474  0 
 6475  0 
 6476  0 
 6477  0 
 6478  0 
 6479  0 
 6480  0 
 6481  0 
 6482  0 
 6483  0 
 6484  0 
 6485  0 
 6486  0 
 6487  0 
 6488  0 
 6489  0 
 6490  0 
 6491  0 
 6492  0 
 6493  0 
 6494  0 
 6495  0 
 6496  0 
 6497  0 
 6498  0 
 6499  0 
 6500  0 
 6501  0 
 6502  0 
 6503  0 
 6504  0 
 6505  0 
 6506  0 
 6507  0 
 6508  0 
 6509  0 
 6510  0 
 6511  0 
 6512  0 
 6513  0 
 6514  0 
 6515  0 
 6516  0 
 6517  0 
 6518  0 
 6519  0 
 6520  0 
 6521  0 
 6522  0 
 6523  0 
 6524  0 
 6525  0 
 6526  0 
 6527  0 
 6528  0 
 6529  0 
 6530  0 
 6531  0 
 6532  0 
 6533  0 
 6534  0 
 6535  0 
 6536  0 
 6537  0 
 6538  0 
 6539  0 
 6540  0 
 6541  0 
 6542  0 
 6543  0 
 6544  0 
 6545  0 
 6546  0 
 6547  0 
 6548  0 
 6549  0 
 6550  0 
 6551  0 
 6552  0 
 6553  0 
 6554  0 
 6555  0 
 6556  0 
 6557  0 
 6558  0 
 6559  0 
 6560  0 
 6561  0 
 6562  0 
 6563  0 
 6564  1 
 6565  0 
 6566  0 
 6567  0 
 6568  0 
 6569  0 
 6570  0 
 6571  0 
 6572  0 
 6573  0 
 6574  0 
 6575  0 
 6576  0 
 6577  0 
 6578  0 
 6579  0 
 6580  0 
 6581  0 
 6582  0 
 6583  0 
 6584  0 
 6585  0 
 6586  0 
 6587  0 
 6588  0 
 6589  0 
 6590  0 
 6591  0 
 6592  0 
 6593  0 
 6594  0 
 6595  0 
 6596  0 
 6597  0 
 6598  0 
 6599  0 
 6600  0 
 6601  0 
 6602  0 
 6603  0 
 6604  0 
 6605  0 
 6606  0 
 6607  0 
 6608  0 
 6609  0 
 6610  0 
 6611  0 
 6612  0 
 6613  0 
 6614  0 
 6615  0 
 6616  0 
 6617  0 
 6618  0 
 6619  0 
 6620  0 
 6621  0 
 6622  0 
 6623  0 
 6624  0 
 6625  0 
 6626  0 
 6627  0 
 6628  0 
 6629  0 
 6630  0 
 6631  0 
 6632  0 
 6633  0 
 6634  0 
 6635  0 
 6636  0 
 6637  0 
 6638  0 
 6639  0 
 6640  0 
 6641  0 
 6642  0 
 6643  0 
 6644  0 
 6645  0 
 6646  0 
 6647  0 
 6648  0 
 6649  0 
 6650  0 
 6651  0 
 6652  0 
 6653  0 
 6654  0 
 6655  0 
 6656  0 
 6657  0 
 6658  0 
 6659  0 
 6660  0 
 6661  0 
 6662  0 
 6663  0 
 6664  0 
 6665  0 
 6666  0 
 6667  0 
 6668  0 
 6669  0 
 6670  0 
 6671  0 
 6672  0 
 6673  0 
 6674  0 
 6675  0 
 6676  0 
 6677  0 
 6678  0 
 6679  0 
 6680  0 
 6681  0 
 6682  0 
 6683  0 
 6684  0 
 6685  0 
 6686  0 
 6687  0 
 6688  0 
 6689  0 
 6690  0 
 6691  0 
 6692  0 
 6693  0 
 6694  0 
 6695  0 
 6696  0 
 6697  0 
 6698  0 
 6699  0 
 6700  0 
 6701  0 
 6702  0 
 6703  0 
 6704  0 
 6705  0 
 6706  0 
 6707  0 
 6708  0 
 6709  0 
 6710  0 
 6711  0 
 6712  0 
 6713  0 
 6714  0 
 6715  0 
 6716  0 
 6717  0 
 6718  0 
 6719  0 
 6720  0 
 6721  0 
 6722  0 
 6723  0 
 6724  0 
 6725  0 
 6726  0 
 6727  0 
 6728  0 
 6729  0 
 6730  0 
 6731  0 
 6732  0 
 6733  0 
 6734  0 
 6735  0 
 6736  0 
 6737  0 
 6738  0 
 6739  0 
 6740  0 
 6741  0 
 6742  0 
 6743  0 
 6744  0 
 6745  0 
 6746  0 
 6747  0 
 6748  0 
 6749  0 
 6750  0 
 6751  0 
 6752  0 
 6753  0 
 6754  0 
 6755  0 
 6756  0 
 6757  0 
 6758  0 
 6759  0 
 6760  0 
 6761  0 
 6762  0 
 6763  0 
 6764  0 
 6765  0 
 6766  0 
 6767  0 
 6768  0 
 6769  0 
 6770  0 
 6771  0 
 6772  0 
 6773  0 
 6774  0 
 6775  0 
 6776  0 
 6777  0 
 6778  0 
 6779  0 
 6780  0 
 6781  0 
 6782  0 
 6783  0 
 6784  0 
 6785  0 
 6786  0 
 6787  0 
 6788  0 
 6789  0 
 6790  0 
 6791  0 
 6792  0 
 6793  0 
 6794  0 
 6795  0 
 6796  0 
 6797  0 
 6798  0 
 6799  0 
 6800  0 
 6801  0 
 6802  0 
 6803  0 
 6804  0 
 6805  0 
 6806  0 
 6807  0 
 6808  0 
 6809  0 
 6810  0 
 6811  0 
 6812  0 
 6813  0 
 6814  0 
 6815  0 
 6816  1 
 6817  0 
 6818  0 
 6819  0 
 6820  0 
 6821  0 
 6822  0 
 6823  0 
 6824  0 
 6825  0 
 6826  0 
 6827  0 
 6828  0 
 6829  0 
 6830  0 
 6831  0 
 6832  0 
 6833  0 
 6834  0 
 6835  0 
 6836  0 
 6837  0 
 6838  0 
 6839  0 
 6840  0 
 6841  0 
 6842  0 
 6843  0 
 6844  0 
 6845  0 
 6846  0 
 6847  0 
 6848  0 
 6849  0 
 6850  0 
 6851  0 
 6852  0 
 6853  0 
 6854  0 
 6855  0 
 6856  0 
 6857  1 
 6858  0 
 6859  0 
 6860  0 
 6861  0 
 6862  0 
 6863  0 
 6864  0 
 6865  0 
 6866  0 
 6867  0 
 6868  0 
 6869  0 
 6870  0 
 6871  0 
 6872  0 
 6873  0 
 6874  0 
 6875  0 
 6876  0 
 6877  0 
 6878  0 
 6879  0 
 6880  0 
 6881  0 
 6882  0 
 6883  0 
 6884  0 
 6885  0 
 6886  0 
 6887  0 
 6888  0 
 6889  0 
 6890  0 
 6891  0 
 6892  0 
 6893  0 
 6894  0 
 6895  0 
 6896  0 
 6897  0 
 6898  0 
 6899  0 
 6900  0 
 6901  0 
 6902  0 
 6903  0 
 6904  0 
 6905  0 
 6906  0 
 6907  0 
 6908  0 
 6909  0 
 6910  0 
 6911  0 
 6912  0 
 6913  0 
 6914  0 
 6915  0 
 6916  0 
 6917  0 
 6918  0 
 6919  0 
 6920  0 
 6921  0 
 6922  0 
 6923  0 
 6924  0 
 6925  0 
 6926  0 
 6927  0 
 6928  0 
 6929  0 
 6930  0 
 6931  0 
 6932  0 
 6933  0 
 6934  0 
 6935  0 
 6936  0 
 6937  0 
 6938  0 
 6939  0 
 6940  0 
 6941  0 
 6942  0 
 6943  0 
 6944  0 
 6945  0 
 6946  0 
 6947  0 
 6948  0 
 6949  0 
 6950  0 
 6951  0 
 6952  0 
 6953  0 
 6954  0 
 6955  0 
 6956  0 
 6957  0 
 6958  0 
 6959  0 
 6960  0 
 6961  0 
 6962  0 
 6963  0 
 6964  0 
 6965  0 
 6966  0 
 6967  0 
 6968  0 
 6969  0 
 6970  0 
 6971  0 
 6972  0 
 6973  0 
 6974  0 
 6975  0 
 6976  0 
 6977  0 
 6978  0 
 6979  0 
 6980  0 
 6981  0 
 6982  0 
 6983  0 
 6984  0 
 6985  0 
 6986  0 
 6987  0 
 6988  0 
 6989  0 
 6990  0 
 6991  0 
 6992  0 
 6993  0 
 6994  0 
 6995  0 
 6996  0 
 6997  0 
 6998  0 
 6999  0 
 7000  0 
 7001  0 
 7002  0 
 7003  0 
 7004  0 
 7005  0 
 7006  0 
 7007  0 
 7008  0 
 7009  0 
 7010  0 
 7011  0 
 7012  0 
 7013  0 
 7014  0 
 7015  0 
 7016  0 
 7017  0 
 7018  0 
 7019  0 
 7020  0 
 7021  0 
 7022  0 
 7023  0 
 7024  0 
 7025  0 
 7026  0 
 7027  0 
 7028  0 
 7029  0 
 7030  0 
 7031  0 
 7032  0 
 7033  0 
 7034  0 
 7035  0 
 7036  0 
 7037  0 
 7038  0 
 7039  0 
 7040  0 
 7041  0 
 7042  0 
 7043  0 
 7044  0 
 7045  0 
 7046  0 
 7047  0 
 7048  0 
 7049  0 
 7050  0 
 7051  0 
 7052  0 
 7053  0 
 7054  0 
 7055  0 
 7056  0 
 7057  0 
 7058  0 
 7059  0 
 7060  0 
 7061  0 
 7062  0 
 7063  0 
 7064  0 
 7065  0 
 7066  0 
 7067  0 
 7068  0 
 7069  0 
 7070  0 
 7071  0 
 7072  0 
 7073  0 
 7074  0 
 7075  0 
 7076  0 
 7077  0 
 7078  0 
 7079  0 
 7080  0 
 7081  0 
 7082  0 
 7083  0 
 7084  0 
 7085  0 
 7086  0 
 7087  0 
 7088  0 
 7089  0 
 7090  0 
 7091  0 
 7092  0 
 7093  0 
 7094  0 
 7095  0 
 7096  0 
 7097  0 
 7098  0 
 7099  0 
 7100  0 
 7101  0 
 7102  0 
 7103  0 
 7104  0 
 7105  0 
 7106  0 
 7107  0 
 7108  0 
 7109  0 
 7110  0 
 7111  0 
 7112  0 
 7113  0 
 7114  0 
 7115  0 
 7116  0 
 7117  0 
 7118  0 
 7119  0 
 7120  0 
 7121  0 
 7122  0 
 7123  0 
 7124  0 
 7125  0 
 7126  0 
 7127  0 
 7128  0 
 7129  1 
 7130  0 
 7131  0 
 7132  0 
 7133  0 
 7134  0 
 7135  0 
 7136  0 
 7137  0 
 7138  0 
 7139  0 
 7140  0 
 7141  0 
 7142  0 
 7143  0 
 7144  0 
 7145  0 
 7146  0 
 7147  0 
 7148  0 
 7149  0 
 7150  0 
 7151  0 
 7152  0 
 7153  0 
 7154  0 
 7155  0 
 7156  0 
 7157  0 
 7158  0 
 7159  0 
 7160  0 
 7161  0 
 7162  0 
 7163  0 
 7164  0 
 7165  0 
 7166  0 
 7167  0 
 7168  0 
 7169  0 
 7170  0 
 7171  0 
 7172  0 
 7173  0 
 7174  0 
 7175  0 
 7176  0 
 7177  0 
 7178  0 
 7179  0 
 7180  0 
 7181  0 
 7182  0 
 7183  0 
 7184  0 
 7185  0 
 7186  0 
 7187  0 
 7188  0 
 7189  0 
 7190  0 
 7191  0 
 7192  0 
 7193  0 
 7194  0 
 7195  0 
 7196  0 
 7197  0 
 7198  0 
 7199  0 
 7200  0 
 7201  0 
 7202  0 
 7203  0 
 7204  0 
 7205  0 
 7206  0 
 7207  0 
 7208  0 
 7209  0 
 7210  0 
 7211  0 
 7212  0 
 7213  0 
 7214  0 
 7215  0 
 7216  0 
 7217  0 
 7218  0 
 7219  0 
 7220  0 
 7221  0 
 7222  0 
 7223  0 
 7224  0 
 7225  0 
 7226  0 
 7227  0 
 7228  0 
 7229  0 
 7230  0 
 7231  0 
 7232  0 
 7233  0 
 7234  0 
 7235  0 
 7236  0 
 7237  0 
 7238  0 
 7239  0 
 7240  0 
 7241  0 
 7242  0 
 7243  0 
 7244  0 
 7245  0 
 7246  0 
 7247  0 
 7248  0 
 7249  0 
 7250  0 
 7251  0 
 7252  0 
 7253  0 
 7254  0 
 7255  0 
 7256  0 
 7257  0 
 7258  0 
 7259  0 
 7260  0 
 7261  0 
 7262  0 
 7263  0 
 7264  0 
 7265  0 
 7266  0 
 7267  0 
 7268  0 
 7269  0 
 7270  0 
 7271  0 
 7272  0 
 7273  0 
 7274  0 
 7275  0 
 7276  0 
 7277  0 
 7278  0 
 7279  0 
 7280  0 
 7281  0 
 7282  0 
 7283  0 
 7284  0 
 7285  0 
 7286  0 
 7287  0 
 7288  0 
 7289  0 
 7290  0 
 7291  0 
 7292  0 
 7293  0 
 7294  0 
 7295  0 
 7296  0 
 7297  0 
 7298  0 
 7299  0 
 7300  0 
 7301  0 
 7302  0 
 7303  0 
 7304  0 
 7305  0 
 7306  0 
 7307  0 
 7308  0 
 7309  0 
 7310  0 
 7311  0 
 7312  0 
 7313  0 
 7314  0 
 7315  0 
 7316  0 
 7317  0 
 7318  0 
 7319  0 
 7320  0 
 7321  0 
 7322  0 
 7323  0 
 7324  0 
 7325  0 
 7326  0 
 7327  0 
 7328  0 
 7329  0 
 7330  0 
 7331  0 
 7332  0 
 7333  0 
 7334  0 
 7335  0 
 7336  0 
 7337  0 
 7338  0 
 7339  0 
 7340  0 
 7341  0 
 7342  0 
 7343  0 
 7344  0 
 7345  0 
 7346  0 
 7347  0 
 7348  0 
 7349  0 
 7350  1 
 7351  0 
 7352  0 
 7353  0 
 7354  0 
 7355  0 
 7356  0 
 7357  0 
 7358  0 
 7359  0 
 7360  0 
 7361  0 
 7362  0 
 7363  0 
 7364  0 
 7365  0 
 7366  0 
 7367  0 
 7368  0 
 7369  0 
 7370  0 
 7371  0 
 7372  1 
 7373  0 
 7374  0 
 7375  0 
 7376  0 
 7377  0 
 7378  0 
 7379  0 
 7380  0 
 7381  0 
 7382  0 
 7383  0 
 7384  0 
 7385  0 
 7386  0 
 7387  0 
 7388  0 
 7389  0 
 7390  1 
 7391  0 
 7392  0 
 7393  0 
 7394  0 
 7395  0 
 7396  0 
 7397  1 
 7398  0 
 7399  0 
 7400  0 
 7401  0 
 7402  0 
 7403  0 
 7404  0 
 7405  0 
 7406  0 
 7407  0 
 7408  0 
 7409  0 
 7410  0 
 7411  0 
 7412  0 
 7413  1 
 7414  2 
 7415  0 
 7416  0 
 7417  0 
 7418  0 
 7419  0 
 7420  0 
 7421  0 
 7422  0 
 7423  0 
 7424  0 
 7425  0 
 7426  0 
 7427  0 
 7428  0 
 7429  1 
 7430  0 
 7431  0 
 7432  0 
 7433  0 
 7434  1 
 7435  0 
 7436  0 
 7437  0 
 7438  0 
 7439  0 
 7440  1 
 7441  0 
 7442  0 
 7443  0 
 7444  0 
 7445  0 
 7446  0 
 7447  0 
 7448  0 
 7449  0 
 7450  0 
 7451  1 
 7452  0 
 7453  1 
 7454  0 
 7455  0 
 7456  0 
 7457  0 
 7458  0 
 7459  0 
 7460  0 
 7461  0 
 7462  0 
 7463  0 
 7464  0 
 7465  0 
 7466  1 
 7467  1 
 7468  1 
 7469  0 
 7470  0 
 7471  0 
 7472  0 
 7473  0 
 7474  0 
 7475  0 
 7476  1 
 7477  0 
 7478  0 
 7479  0 
 7480  0 
 7481  0 
 7482  1 
 7483  0 
 7484  0 
 7485  0 
 7486  0 
 7487  0 
 7488  0 
 7489  0 
 7490  0 
 7491  0 
 7492  0 
 7493  0 
 7494  0 
 7495  0 
 7496  0 
 7497  0 
 7498  0 
 7499  0 
 7500  0 
 7501  0 
 7502  0 
 7503  1 
 7504  0 
 7505  0 
 7506  0 
 7507  1 
 7508  0 
 7509  0 
 7510  2 
 7511  0 
 7512  0 
 7513  0 
 7514  0 
 7515  1 
 7516  0 
 7517  0 
 7518  1 
 7519  1 
 7520  2 
 7521  1 
 7522  1 
 7523  1 
 7524  0 
 7525  0 
 7526  0 
 7527  1 
 7528  0 
 7529  2 
 7530  0 
 7531  0 
 7532  0 
 7533  0 
 7534  0 
 7535  0 
 7536  0 
 7537  0 
 7538  1 
 7539  0 
 7540  0 
 7541  2 
 7542  0 
 7543  0 
 7544  0 
 7545  0 
 7546  0 
 7547  0 
 7548  0 
 7549  0 
 7550  1 
 7551  0 
 7552  0 
 7553  1 
 7554  1 
 7555  0 
 7556  1 
 7557  0 
 7558  1 
 7559  0 
 7560  0 
 7561  0 
 7562  0 
 7563  0 
 7564  1 
 7565  1 
 7566  3 
 7567  2 
 7568  1 
 7569  1 
 7570  0 
 7571  0 
 7572  1 
 7573  3 
 7574  2 
 7575  1 
 7576  2 
 7577  2 
 7578  1 
 7579  0 
 7580  0 
 7581  1 
 7582  4 
 7583  0 
 7584  1 
 7585  1 
 7586  0 
 7587  0 
 7588  1 
 7589  0 
 7590  3 
 7591  1 
 7592  2 
 7593  1 
 7594  1 
 7595  0 
 7596  1 
 7597  0 
 7598  0 
 7599  1 
 7600  1 
 7601  1 
 7602  0 
 7603  0 
 7604  1 
 7605  1 
 7606  2 
 7607  1 
 7608  1 
 7609  0 
 7610  0 
 7611  0 
 7612  0 
 7613  0 
 7614  1 
 7615  2 
 7616  0 
 7617  1 
 7618  0 
 7619  1 
 7620  0 
 7621  0 
 7622  0 
 7623  2 
 7624  2 
 7625  1 
 7626  0 
 7627  1 
 7628  0 
 7629  1 
 7630  1 
 7631  1 
 7632  0 
 7633  2 
 7634  1 
 7635  0 
 7636  1 
 7637  0 
 7638  1 
 7639  0 
 7640  2 
 7641  2 
 7642  0 
 7643  0 
 7644  0 
 7645  1 
 7646  1 
 7647  1 
 7648  2 
 7649  1 
 7650  1 
 7651  0 
 7652  0 
 7653  1 
 7654  2 
 7655  0 
 7656  0 
 7657  0 
 7658  1 
 7659  0 
 7660  0 
 7661  0 
 7662  0 
 7663  0 
 7664  1 
 7665  1 
 7666  0 
 7667  0 
 7668  0 
 7669  1 
 7670  0 
 7671  0 
 7672  0 
 7673  1 
 7674  0 
 7675  0 
 7676  0 
 7677  0 
 7678  1 
 7679  0 
 7680  0 
 7681  0 
 7682  0 
 7683  1 
 7684  0 
 7685  0 
 7686  0 
 7687  1 
 7688  1 
 7689  1 
 7690  0 
 7691  0 
 7692  0 
 7693  0 
 7694  0 
 7695  0 
 7696  0 
 7697  1 
 7698  1 
 7699  0 
 7700  2 
 7701  0 
 7702  0 
 7703  0 
 7704  0 
 7705  0 
 7706  0 
 7707  0 
 7708  0 
 7709  0 
 7710  0 
 7711  0 
 7712  0 
 7713  0 
 7714  0 
 7715  0 
 7716  0 
 7717  0 
 7718  0 
 7719  0 
 7720  0 
 7721  0 
 7722  0 
 7723  0 
 7724  0 
 7725  0 
 7726  0 
 7727  0 
 7728  0 
 7729  0 
 7730  0 
 7731  0 
 7732  0 
 7733  0 
 7734  0 
 7735  0 
 7736  0 
 7737  0 
 7738  0 
 7739  0 
 7740  0 
 7741  0 
 7742  0 
 7743  0 
 7744  0 
 7745  0 
 7746  0 
 7747  0 
 7748  0 
 7749  0 
 7750  0 
 7751  0 
 7752  0 
 7753  0 
 7754  0 
 7755  0 
 7756  0 
 7757  0 
 7758  0 
 7759  0 
 7760  0 
 7761  0 
 7762  0 
 7763  0 
 7764  0 
 7765  0 
 7766  0 
 7767  0 
 7768  0 
 7769  0 
 7770  0 
 7771  0 
 7772  0 
 7773  0 
 7774  0 
 7775  0 
 7776  0 
 7777  0 
 7778  0 
 7779  0 
 7780  0 
 7781  0 
 7782  0 
 7783  0 
 7784  0 
 7785  0 
 7786  0 
 7787  0 
 7788  0 
 7789  0 
 7790  0 
 7791  0 
 7792  0 
 7793  0 
 7794  0 
 7795  0 
 7796  0 
 7797  0 
 7798  0 
 7799  0 
 7800  0 
 7801  0 
 7802  0 
 7803  0 
 7804  0 
 7805  0 
 7806  0 
 7807  0 
 7808  0 
 7809  0 
 7810  0 
 7811  0 
 7812  0 
 7813  0 
 7814  0 
 7815  0 
 7816  0 
 7817  0 
 7818  0 
 7819  0 
 7820  0 
 7821  0 
 7822  0 
 7823  0 
 7824  0 
 7825  0 
 7826  0 
 7827  0 
 7828  0 
 7829  0 
 7830  0 
 7831  0 
 7832  0 
 7833  0 
 7834  0 
 7835  0 
 7836  0 
 7837  0 
 7838  0 
 7839  0 
 7840  0 
 7841  0 
 7842  0 
 7843  0 
 7844  0 
 7845  0 
 7846  0 
 7847  0 
 7848  0 
 7849  0 
 7850  0 
 7851  0 
 7852  0 
 7853  0 
 7854  0 
 7855  0 
 7856  0 
 7857  0 
 7858  0 
 7859  0 
 7860  0 
 7861  0 
 7862  0 
 7863  0 
 7864  0 
 7865  0 
 7866  0 
 7867  0 
 7868  0 
 7869  0 
 7870  0 
 7871  0 
 7872  0 
 7873  0 
 7874  0 
 7875  0 
 7876  0 
 7877  0 
 7878  0 
 7879  0 
 7880  0 
 7881  0 
 7882  0 
 7883  0 
 7884  0 
 7885  0 
 7886  0 
 7887  0 
 7888  0 
 7889  0 
 7890  0 
 7891  0 
 7892  0 
 7893  0 
 7894  0 
 7895  0 
 7896  0 
 7897  0 
 7898  0 
 7899  0 
 7900  0 
 7901  0 
 7902  0 
 7903  0 
 7904  0 
 7905  0 
 7906  0 
 7907  0 
 7908  0 
 7909  0 
 7910  0 
 7911  0 
 7912  0 
 7913  0 
 7914  0 
 7915  0 
 7916  0 
 7917  0 
 7918  0 
 7919  0 
 7920  0 
 7921  0 
 7922  0 
 7923  0 
 7924  0 
 7925  0 
 7926  0 
 7927  0 
 7928  0 
 7929  0 
 7930  0 
 7931  0 
 7932  0 
 7933  0 
 7934  0 
 7935  0 
 7936  0 
 7937  0 
 7938  0 
 7939  0 
 7940  0 
 7941  0 
 7942  0 
 7943  0 
 7944  0 
 7945  0 
 7946  0 
 7947  0 
 7948  0 
 7949  0 
 7950  0 
 7951  0 
 7952  0 
 7953  0 
 7954  0 
 7955  0 
 7956  0 
 7957  0 
 7958  0 
 7959  0 
 7960  0 
 7961  0 
 7962  0 
 7963  0 
 7964  0 
 7965  0 
 7966  0 
 7967  0 
 7968  0 
 7969  0 
 7970  0 
 7971  0 
 7972  0 
 7973  0 
 7974  0 
 7975  0 
 7976  0 
 7977  0 
 7978  0 
 7979  0 
 7980  0 
 7981  1 
 7982  0 
 7983  0 
 7984  0 
 7985  0 
 7986  0 
 7987  0 
 7988  0 
 7989  0 
 7990  0 
 7991  0 
 7992  0 
 7993  0 
 7994  0 
 7995  0 
 7996  0 
 7997  0 
 7998  0 
 7999  0 
 8000  0 
 8001  0 
 8002  0 
 8003  0 
 8004  0 
 8005  0 
 8006  0 
 8007  0 
 8008  0 
 8009  0 
 8010  0 
 8011  0 
 8012  0 
 8013  0 
 8014  0 
 8015  0 
 8016  0 
 8017  0 
 8018  0 
 8019  0 
 8020  0 
 8021  0 
 8022  0 
 8023  0 
 8024  0 
 8025  0 
 8026  0 
 8027  0 
 8028  0 
 8029  0 
 8030  0 
 8031  0 
 8032  0 
 8033  0 
 8034  0 
 8035  0 
 8036  0 
 8037  0 
 8038  0 
 8039  0 
 8040  0 
 8041  0 
 8042  0 
 8043  0 
 8044  0 
 8045  0 
 8046  0 
 8047  0 
 8048  0 
 8049  0 
 8050  0 
 8051  0 
 8052  0 
 8053  0 
 8054  0 
 8055  0 
 8056  0 
 8057  0 
 8058  0 
 8059  0 
 8060  0 
 8061  0 
 8062  0 
 8063  0 
 8064  0 
 8065  0 
 8066  0 
 8067  0 
 8068  0 
 8069  0 
 8070  0 
 8071  0 
 8072  0 
 8073  0 
 8074  0 
 8075  0 
 8076  0 
 8077  0 
 8078  0 
 8079  0 
 8080  0 
 8081  0 
 8082  0 
 8083  0 
 8084  0 
 8085  0 
 8086  0 
 8087  0 
 8088  0 
 8089  0 
 8090  0 
 8091  0 
 8092  0 
 8093  0 
 8094  0 
 8095  0 
 8096  0 
 8097  0 
 8098  0 
 8099  0 
 8100  0 
 8101  0 
 8102  0 
 8103  0 
 8104  0 
 8105  0 
 8106  0 
 8107  0 
 8108  0 
 8109  0 
 8110  0 
 8111  0 
 8112  0 
 8113  0 
 8114  0 
 8115  0 
 8116  0 
 8117  0 
 8118  0 
 8119  0 
 8120  0 
 8121  0 
 8122  0 
 8123  0 
 8124  0 
 8125  0 
 8126  0 
 8127  0 
 8128  0 
 8129  0 
 8130  0 
 8131  1 
 8132  0 
 8133  0 
 8134  0 
 8135  0 
 8136  0 
 8137  0 
 8138  0 
 8139  0 
 8140  0 
 8141  1 
 8142  0 
 8143  0 
 8144  0 
 8145  0 
 8146  0 
 8147  0 
 8148  0 
 8149  0 
 8150  0 
 8151  0 
 8152  0 
 8153  0 
 8154  0 
 8155  0 
 8156  0 
 8157  0 
 8158  0 
 8159  0 
 8160  0 
 8161  0 
 8162  0 
 8163  0 
 8164  0 
 8165  0 
 8166  0 
 8167  0 
 8168  0 
 8169  0 
 8170  0 
 8171  0 
 8172  0 
 8173  0 
 8174  0 
 8175  0 
 8176  0 
 8177  0 
 8178  0 
 8179  0 
 8180  0 
 8181  0 
 8182  0 
 8183  0 
 8184  0 
 8185  0 
 8186  0 
 8187  0 
 8188  0 
 8189  0 
 8190  0 
 8191  0 
