 0  2376 
 1  2388 
 2  0 
 3  0 
 4  0 
 5  0 
 6  0 
 7  0 
 8  0 
 9  0 
 10  0 
 11  0 
 12  0 
 13  0 
 14  0 
 15  0 
 16  0 
 17  0 
 18  0 
 19  0 
 20  0 
 21  0 
 22  0 
 23  0 
 24  0 
 25  0 
 26  0 
 27  0 
 28  0 
 29  0 
 30  0 
 31  0 
 32  0 
 33  0 
 34  0 
 35  0 
 36  0 
 37  0 
 38  0 
 39  0 
 40  0 
 41  0 
 42  0 
 43  0 
 44  0 
 45  0 
 46  0 
 47  0 
 48  0 
 49  0 
 50  0 
 51  0 
 52  0 
 53  0 
 54  0 
 55  0 
 56  0 
 57  0 
 58  0 
 59  0 
 60  0 
 61  0 
 62  0 
 63  0 
 64  0 
 65  0 
 66  0 
 67  0 
 68  0 
 69  0 
 70  0 
 71  0 
 72  0 
 73  0 
 74  0 
 75  0 
 76  0 
 77  0 
 78  0 
 79  0 
 80  0 
 81  0 
 82  0 
 83  0 
 84  0 
 85  0 
 86  0 
 87  0 
 88  0 
 89  0 
 90  0 
 91  0 
 92  0 
 93  0 
 94  0 
 95  0 
 96  0 
 97  0 
 98  0 
 99  0 
 100  0 
 101  0 
 102  0 
 103  0 
 104  0 
 105  0 
 106  0 
 107  0 
 108  0 
 109  0 
 110  0 
 111  0 
 112  0 
 113  0 
 114  0 
 115  0 
 116  0 
 117  0 
 118  0 
 119  0 
 120  0 
 121  0 
 122  0 
 123  0 
 124  0 
 125  0 
 126  0 
 127  0 
 128  0 
 129  0 
 130  0 
 131  0 
 132  0 
 133  0 
 134  0 
 135  0 
 136  0 
 137  0 
 138  0 
 139  0 
 140  0 
 141  0 
 142  0 
 143  0 
 144  0 
 145  0 
 146  0 
 147  0 
 148  0 
 149  0 
 150  0 
 151  0 
 152  0 
 153  0 
 154  0 
 155  0 
 156  0 
 157  0 
 158  0 
 159  0 
 160  0 
 161  0 
 162  0 
 163  0 
 164  0 
 165  0 
 166  0 
 167  0 
 168  0 
 169  0 
 170  0 
 171  0 
 172  0 
 173  0 
 174  0 
 175  0 
 176  0 
 177  0 
 178  0 
 179  0 
 180  0 
 181  0 
 182  0 
 183  0 
 184  0 
 185  0 
 186  0 
 187  0 
 188  0 
 189  0 
 190  0 
 191  0 
 192  0 
 193  0 
 194  0 
 195  0 
 196  0 
 197  0 
 198  0 
 199  0 
 200  0 
 201  0 
 202  0 
 203  0 
 204  0 
 205  0 
 206  0 
 207  0 
 208  0 
 209  0 
 210  0 
 211  0 
 212  0 
 213  0 
 214  0 
 215  0 
 216  0 
 217  0 
 218  0 
 219  0 
 220  0 
 221  0 
 222  0 
 223  0 
 224  0 
 225  0 
 226  0 
 227  0 
 228  0 
 229  0 
 230  0 
 231  0 
 232  0 
 233  0 
 234  0 
 235  0 
 236  0 
 237  0 
 238  0 
 239  0 
 240  0 
 241  0 
 242  0 
 243  0 
 244  0 
 245  0 
 246  0 
 247  0 
 248  1 
 249  1 
 250  0 
 251  2 
 252  268 
 253  604 
 254  586 
 255  610 
 256  626 
 257  645 
 258  638 
 259  641 
 260  635 
 261  628 
 262  676 
 263  614 
 264  655 
 265  628 
 266  674 
 267  689 
 268  645 
 269  650 
 270  652 
 271  699 
 272  643 
 273  698 
 274  667 
 275  687 
 276  677 
 277  672 
 278  712 
 279  723 
 280  652 
 281  700 
 282  674 
 283  673 
 284  717 
 285  698 
 286  690 
 287  668 
 288  720 
 289  740 
 290  690 
 291  695 
 292  695 
 293  741 
 294  723 
 295  689 
 296  692 
 297  714 
 298  725 
 299  742 
 300  729 
 301  733 
 302  722 
 303  704 
 304  695 
 305  721 
 306  715 
 307  748 
 308  715 
 309  739 
 310  777 
 311  732 
 312  773 
 313  723 
 314  741 
 315  728 
 316  733 
 317  735 
 318  768 
 319  778 
 320  782 
 321  770 
 322  786 
 323  784 
 324  811 
 325  742 
 326  767 
 327  803 
 328  759 
 329  773 
 330  781 
 331  817 
 332  764 
 333  806 
 334  829 
 335  774 
 336  757 
 337  736 
 338  765 
 339  791 
 340  760 
 341  798 
 342  763 
 343  738 
 344  718 
 345  716 
 346  803 
 347  792 
 348  800 
 349  759 
 350  763 
 351  734 
 352  696 
 353  742 
 354  763 
 355  719 
 356  740 
 357  681 
 358  692 
 359  716 
 360  700 
 361  704 
 362  680 
 363  680 
 364  628 
 365  656 
 366  678 
 367  642 
 368  649 
 369  628 
 370  634 
 371  581 
 372  629 
 373  598 
 374  593 
 375  605 
 376  591 
 377  596 
 378  585 
 379  583 
 380  493 
 381  525 
 382  545 
 383  528 
 384  562 
 385  523 
 386  520 
 387  508 
 388  473 
 389  509 
 390  455 
 391  421 
 392  505 
 393  446 
 394  444 
 395  437 
 396  405 
 397  403 
 398  377 
 399  399 
 400  369 
 401  390 
 402  394 
 403  382 
 404  341 
 405  326 
 406  313 
 407  338 
 408  330 
 409  304 
 410  306 
 411  286 
 412  294 
 413  281 
 414  292 
 415  282 
 416  225 
 417  234 
 418  233 
 419  217 
 420  242 
 421  198 
 422  198 
 423  233 
 424  192 
 425  181 
 426  194 
 427  194 
 428  174 
 429  196 
 430  157 
 431  158 
 432  180 
 433  158 
 434  159 
 435  156 
 436  147 
 437  143 
 438  133 
 439  138 
 440  161 
 441  123 
 442  143 
 443  122 
 444  149 
 445  121 
 446  117 
 447  139 
 448  130 
 449  104 
 450  115 
 451  103 
 452  106 
 453  90 
 454  112 
 455  110 
 456  90 
 457  102 
 458  109 
 459  105 
 460  96 
 461  98 
 462  96 
 463  98 
 464  111 
 465  74 
 466  89 
 467  102 
 468  98 
 469  91 
 470  71 
 471  93 
 472  87 
 473  91 
 474  82 
 475  92 
 476  90 
 477  74 
 478  86 
 479  93 
 480  93 
 481  87 
 482  96 
 483  94 
 484  83 
 485  89 
 486  99 
 487  91 
 488  86 
 489  81 
 490  106 
 491  80 
 492  86 
 493  95 
 494  80 
 495  99 
 496  83 
 497  85 
 498  73 
 499  75 
 500  82 
 501  92 
 502  84 
 503  80 
 504  86 
 505  75 
 506  62 
 507  71 
 508  76 
 509  81 
 510  87 
 511  82 
 512  85 
 513  67 
 514  83 
 515  64 
 516  77 
 517  80 
 518  77 
 519  73 
 520  72 
 521  84 
 522  68 
 523  72 
 524  68 
 525  64 
 526  90 
 527  65 
 528  70 
 529  71 
 530  75 
 531  61 
 532  66 
 533  71 
 534  81 
 535  77 
 536  75 
 537  69 
 538  80 
 539  76 
 540  55 
 541  66 
 542  68 
 543  57 
 544  67 
 545  68 
 546  64 
 547  74 
 548  60 
 549  77 
 550  57 
 551  78 
 552  63 
 553  70 
 554  73 
 555  76 
 556  56 
 557  67 
 558  57 
 559  61 
 560  73 
 561  62 
 562  65 
 563  46 
 564  64 
 565  62 
 566  65 
 567  56 
 568  84 
 569  65 
 570  60 
 571  69 
 572  67 
 573  51 
 574  61 
 575  73 
 576  45 
 577  72 
 578  69 
 579  45 
 580  60 
 581  58 
 582  57 
 583  47 
 584  71 
 585  63 
 586  70 
 587  61 
 588  56 
 589  58 
 590  47 
 591  48 
 592  60 
 593  60 
 594  56 
 595  53 
 596  60 
 597  62 
 598  52 
 599  72 
 600  55 
 601  37 
 602  45 
 603  60 
 604  56 
 605  64 
 606  40 
 607  50 
 608  59 
 609  52 
 610  43 
 611  57 
 612  49 
 613  43 
 614  52 
 615  43 
 616  32 
 617  42 
 618  40 
 619  39 
 620  36 
 621  33 
 622  54 
 623  42 
 624  39 
 625  40 
 626  43 
 627  40 
 628  42 
 629  37 
 630  39 
 631  44 
 632  43 
 633  41 
 634  39 
 635  40 
 636  37 
 637  43 
 638  36 
 639  45 
 640  34 
 641  49 
 642  36 
 643  32 
 644  30 
 645  33 
 646  41 
 647  41 
 648  25 
 649  28 
 650  30 
 651  28 
 652  26 
 653  42 
 654  35 
 655  37 
 656  29 
 657  33 
 658  29 
 659  34 
 660  34 
 661  23 
 662  40 
 663  20 
 664  20 
 665  43 
 666  28 
 667  30 
 668  31 
 669  35 
 670  30 
 671  34 
 672  30 
 673  19 
 674  28 
 675  33 
 676  27 
 677  33 
 678  25 
 679  36 
 680  36 
 681  28 
 682  25 
 683  35 
 684  29 
 685  32 
 686  26 
 687  31 
 688  25 
 689  30 
 690  29 
 691  34 
 692  26 
 693  26 
 694  19 
 695  27 
 696  20 
 697  29 
 698  26 
 699  24 
 700  24 
 701  27 
 702  22 
 703  29 
 704  38 
 705  27 
 706  27 
 707  22 
 708  29 
 709  24 
 710  19 
 711  20 
 712  19 
 713  26 
 714  22 
 715  29 
 716  20 
 717  23 
 718  27 
 719  28 
 720  25 
 721  24 
 722  23 
 723  27 
 724  21 
 725  28 
 726  28 
 727  30 
 728  31 
 729  21 
 730  21 
 731  31 
 732  31 
 733  24 
 734  35 
 735  22 
 736  31 
 737  25 
 738  30 
 739  24 
 740  32 
 741  28 
 742  20 
 743  30 
 744  29 
 745  13 
 746  21 
 747  26 
 748  26 
 749  29 
 750  27 
 751  21 
 752  20 
 753  24 
 754  21 
 755  18 
 756  27 
 757  21 
 758  24 
 759  29 
 760  25 
 761  26 
 762  21 
 763  22 
 764  23 
 765  26 
 766  29 
 767  28 
 768  21 
 769  31 
 770  32 
 771  34 
 772  24 
 773  24 
 774  19 
 775  24 
 776  28 
 777  21 
 778  26 
 779  13 
 780  20 
 781  17 
 782  17 
 783  21 
 784  27 
 785  21 
 786  22 
 787  18 
 788  21 
 789  22 
 790  25 
 791  18 
 792  20 
 793  15 
 794  15 
 795  23 
 796  21 
 797  17 
 798  25 
 799  17 
 800  23 
 801  14 
 802  17 
 803  28 
 804  20 
 805  23 
 806  14 
 807  16 
 808  22 
 809  15 
 810  28 
 811  25 
 812  21 
 813  24 
 814  29 
 815  22 
 816  25 
 817  21 
 818  28 
 819  24 
 820  23 
 821  15 
 822  21 
 823  26 
 824  26 
 825  25 
 826  13 
 827  27 
 828  15 
 829  21 
 830  13 
 831  20 
 832  20 
 833  22 
 834  26 
 835  20 
 836  22 
 837  18 
 838  15 
 839  22 
 840  18 
 841  21 
 842  22 
 843  22 
 844  21 
 845  21 
 846  15 
 847  23 
 848  24 
 849  19 
 850  14 
 851  20 
 852  21 
 853  21 
 854  15 
 855  19 
 856  15 
 857  13 
 858  18 
 859  13 
 860  19 
 861  15 
 862  22 
 863  26 
 864  23 
 865  22 
 866  26 
 867  23 
 868  24 
 869  32 
 870  14 
 871  23 
 872  22 
 873  22 
 874  12 
 875  26 
 876  14 
 877  17 
 878  25 
 879  22 
 880  20 
 881  20 
 882  12 
 883  23 
 884  20 
 885  23 
 886  20 
 887  22 
 888  30 
 889  16 
 890  16 
 891  24 
 892  25 
 893  23 
 894  23 
 895  22 
 896  25 
 897  20 
 898  17 
 899  18 
 900  16 
 901  26 
 902  16 
 903  16 
 904  13 
 905  23 
 906  14 
 907  20 
 908  14 
 909  14 
 910  17 
 911  14 
 912  22 
 913  20 
 914  17 
 915  21 
 916  21 
 917  18 
 918  18 
 919  18 
 920  21 
 921  18 
 922  14 
 923  24 
 924  27 
 925  30 
 926  20 
 927  17 
 928  17 
 929  17 
 930  19 
 931  23 
 932  6 
 933  14 
 934  15 
 935  10 
 936  18 
 937  20 
 938  21 
 939  20 
 940  18 
 941  24 
 942  16 
 943  24 
 944  23 
 945  13 
 946  26 
 947  23 
 948  18 
 949  24 
 950  15 
 951  14 
 952  17 
 953  17 
 954  20 
 955  21 
 956  16 
 957  16 
 958  18 
 959  9 
 960  9 
 961  13 
 962  24 
 963  19 
 964  16 
 965  17 
 966  11 
 967  17 
 968  17 
 969  20 
 970  20 
 971  18 
 972  18 
 973  25 
 974  13 
 975  17 
 976  20 
 977  17 
 978  12 
 979  23 
 980  17 
 981  20 
 982  16 
 983  22 
 984  19 
 985  16 
 986  21 
 987  14 
 988  14 
 989  17 
 990  16 
 991  13 
 992  15 
 993  14 
 994  18 
 995  13 
 996  14 
 997  16 
 998  11 
 999  19 
 1000  14 
 1001  15 
 1002  11 
 1003  20 
 1004  17 
 1005  18 
 1006  21 
 1007  19 
 1008  16 
 1009  19 
 1010  10 
 1011  14 
 1012  26 
 1013  18 
 1014  12 
 1015  26 
 1016  9 
 1017  18 
 1018  19 
 1019  13 
 1020  21 
 1021  22 
 1022  11 
 1023  13 
 1024  16 
 1025  24 
 1026  15 
 1027  26 
 1028  11 
 1029  15 
 1030  12 
 1031  19 
 1032  18 
 1033  18 
 1034  16 
 1035  22 
 1036  16 
 1037  12 
 1038  16 
 1039  20 
 1040  13 
 1041  23 
 1042  14 
 1043  20 
 1044  19 
 1045  15 
 1046  11 
 1047  14 
 1048  17 
 1049  14 
 1050  14 
 1051  20 
 1052  15 
 1053  13 
 1054  11 
 1055  13 
 1056  16 
 1057  16 
 1058  18 
 1059  13 
 1060  18 
 1061  14 
 1062  15 
 1063  15 
 1064  14 
 1065  20 
 1066  13 
 1067  16 
 1068  21 
 1069  16 
 1070  18 
 1071  20 
 1072  16 
 1073  15 
 1074  25 
 1075  16 
 1076  14 
 1077  14 
 1078  26 
 1079  13 
 1080  21 
 1081  12 
 1082  20 
 1083  14 
 1084  18 
 1085  24 
 1086  10 
 1087  20 
 1088  19 
 1089  13 
 1090  8 
 1091  20 
 1092  18 
 1093  26 
 1094  19 
 1095  19 
 1096  13 
 1097  17 
 1098  19 
 1099  25 
 1100  17 
 1101  19 
 1102  17 
 1103  16 
 1104  20 
 1105  16 
 1106  14 
 1107  13 
 1108  15 
 1109  18 
 1110  15 
 1111  16 
 1112  14 
 1113  11 
 1114  18 
 1115  24 
 1116  11 
 1117  13 
 1118  21 
 1119  11 
 1120  15 
 1121  13 
 1122  16 
 1123  20 
 1124  15 
 1125  19 
 1126  18 
 1127  20 
 1128  9 
 1129  18 
 1130  24 
 1131  16 
 1132  10 
 1133  16 
 1134  13 
 1135  22 
 1136  15 
 1137  15 
 1138  18 
 1139  13 
 1140  18 
 1141  15 
 1142  10 
 1143  14 
 1144  14 
 1145  15 
 1146  24 
 1147  23 
 1148  14 
 1149  25 
 1150  9 
 1151  20 
 1152  17 
 1153  10 
 1154  20 
 1155  12 
 1156  10 
 1157  16 
 1158  14 
 1159  8 
 1160  25 
 1161  14 
 1162  15 
 1163  17 
 1164  12 
 1165  14 
 1166  14 
 1167  9 
 1168  15 
 1169  20 
 1170  15 
 1171  6 
 1172  18 
 1173  16 
 1174  18 
 1175  20 
 1176  14 
 1177  11 
 1178  17 
 1179  19 
 1180  18 
 1181  19 
 1182  17 
 1183  13 
 1184  10 
 1185  18 
 1186  16 
 1187  10 
 1188  22 
 1189  19 
 1190  23 
 1191  13 
 1192  14 
 1193  23 
 1194  16 
 1195  18 
 1196  10 
 1197  15 
 1198  14 
 1199  11 
 1200  17 
 1201  15 
 1202  16 
 1203  10 
 1204  15 
 1205  18 
 1206  11 
 1207  11 
 1208  9 
 1209  11 
 1210  15 
 1211  15 
 1212  19 
 1213  20 
 1214  11 
 1215  17 
 1216  19 
 1217  22 
 1218  16 
 1219  16 
 1220  17 
 1221  12 
 1222  20 
 1223  21 
 1224  16 
 1225  25 
 1226  11 
 1227  15 
 1228  15 
 1229  16 
 1230  18 
 1231  24 
 1232  22 
 1233  16 
 1234  16 
 1235  16 
 1236  24 
 1237  15 
 1238  12 
 1239  9 
 1240  15 
 1241  10 
 1242  17 
 1243  15 
 1244  20 
 1245  23 
 1246  16 
 1247  25 
 1248  26 
 1249  16 
 1250  18 
 1251  11 
 1252  20 
 1253  21 
 1254  23 
 1255  19 
 1256  28 
 1257  13 
 1258  16 
 1259  19 
 1260  17 
 1261  20 
 1262  26 
 1263  21 
 1264  16 
 1265  33 
 1266  14 
 1267  15 
 1268  13 
 1269  20 
 1270  22 
 1271  27 
 1272  19 
 1273  22 
 1274  15 
 1275  21 
 1276  25 
 1277  24 
 1278  24 
 1279  18 
 1280  17 
 1281  15 
 1282  14 
 1283  26 
 1284  21 
 1285  27 
 1286  24 
 1287  28 
 1288  31 
 1289  23 
 1290  28 
 1291  22 
 1292  24 
 1293  19 
 1294  31 
 1295  31 
 1296  29 
 1297  33 
 1298  32 
 1299  27 
 1300  30 
 1301  26 
 1302  27 
 1303  31 
 1304  26 
 1305  37 
 1306  28 
 1307  24 
 1308  42 
 1309  34 
 1310  43 
 1311  33 
 1312  32 
 1313  38 
 1314  38 
 1315  48 
 1316  49 
 1317  40 
 1318  54 
 1319  56 
 1320  48 
 1321  44 
 1322  71 
 1323  66 
 1324  47 
 1325  51 
 1326  60 
 1327  77 
 1328  69 
 1329  68 
 1330  75 
 1331  61 
 1332  72 
 1333  61 
 1334  88 
 1335  73 
 1336  93 
 1337  92 
 1338  99 
 1339  81 
 1340  97 
 1341  107 
 1342  100 
 1343  112 
 1344  135 
 1345  113 
 1346  124 
 1347  137 
 1348  135 
 1349  161 
 1350  149 
 1351  164 
 1352  170 
 1353  160 
 1354  190 
 1355  179 
 1356  192 
 1357  224 
 1358  231 
 1359  205 
 1360  234 
 1361  241 
 1362  224 
 1363  237 
 1364  223 
 1365  268 
 1366  249 
 1367  285 
 1368  292 
 1369  279 
 1370  270 
 1371  275 
 1372  308 
 1373  311 
 1374  325 
 1375  307 
 1376  331 
 1377  340 
 1378  328 
 1379  326 
 1380  368 
 1381  342 
 1382  365 
 1383  348 
 1384  374 
 1385  361 
 1386  360 
 1387  369 
 1388  380 
 1389  366 
 1390  389 
 1391  401 
 1392  421 
 1393  397 
 1394  408 
 1395  366 
 1396  373 
 1397  415 
 1398  374 
 1399  395 
 1400  415 
 1401  423 
 1402  399 
 1403  413 
 1404  404 
 1405  393 
 1406  388 
 1407  425 
 1408  376 
 1409  402 
 1410  404 
 1411  367 
 1412  386 
 1413  352 
 1414  345 
 1415  368 
 1416  401 
 1417  346 
 1418  351 
 1419  364 
 1420  374 
 1421  385 
 1422  354 
 1423  360 
 1424  353 
 1425  341 
 1426  324 
 1427  326 
 1428  341 
 1429  312 
 1430  325 
 1431  317 
 1432  303 
 1433  288 
 1434  283 
 1435  267 
 1436  270 
 1437  291 
 1438  283 
 1439  275 
 1440  257 
 1441  254 
 1442  239 
 1443  262 
 1444  234 
 1445  226 
 1446  235 
 1447  214 
 1448  220 
 1449  200 
 1450  181 
 1451  192 
 1452  183 
 1453  171 
 1454  173 
 1455  178 
 1456  152 
 1457  152 
 1458  145 
 1459  138 
 1460  122 
 1461  126 
 1462  111 
 1463  121 
 1464  99 
 1465  105 
 1466  87 
 1467  85 
 1468  90 
 1469  81 
 1470  85 
 1471  68 
 1472  61 
 1473  59 
 1474  58 
 1475  58 
 1476  57 
 1477  47 
 1478  47 
 1479  61 
 1480  28 
 1481  45 
 1482  31 
 1483  32 
 1484  49 
 1485  37 
 1486  27 
 1487  39 
 1488  26 
 1489  26 
 1490  43 
 1491  24 
 1492  31 
 1493  26 
 1494  24 
 1495  20 
 1496  29 
 1497  21 
 1498  28 
 1499  20 
 1500  22 
 1501  16 
 1502  22 
 1503  16 
 1504  11 
 1505  10 
 1506  7 
 1507  18 
 1508  6 
 1509  20 
 1510  14 
 1511  15 
 1512  15 
 1513  13 
 1514  14 
 1515  12 
 1516  9 
 1517  10 
 1518  7 
 1519  14 
 1520  15 
 1521  17 
 1522  10 
 1523  12 
 1524  14 
 1525  13 
 1526  12 
 1527  9 
 1528  17 
 1529  10 
 1530  14 
 1531  13 
 1532  13 
 1533  17 
 1534  12 
 1535  16 
 1536  12 
 1537  8 
 1538  12 
 1539  14 
 1540  13 
 1541  13 
 1542  13 
 1543  16 
 1544  11 
 1545  17 
 1546  10 
 1547  11 
 1548  11 
 1549  7 
 1550  9 
 1551  14 
 1552  12 
 1553  11 
 1554  8 
 1555  14 
 1556  8 
 1557  10 
 1558  12 
 1559  8 
 1560  13 
 1561  12 
 1562  12 
 1563  10 
 1564  15 
 1565  13 
 1566  9 
 1567  11 
 1568  11 
 1569  10 
 1570  7 
 1571  5 
 1572  13 
 1573  10 
 1574  10 
 1575  11 
 1576  9 
 1577  12 
 1578  9 
 1579  11 
 1580  11 
 1581  5 
 1582  14 
 1583  16 
 1584  2 
 1585  10 
 1586  9 
 1587  9 
 1588  8 
 1589  5 
 1590  9 
 1591  7 
 1592  10 
 1593  6 
 1594  15 
 1595  19 
 1596  12 
 1597  8 
 1598  10 
 1599  6 
 1600  7 
 1601  11 
 1602  15 
 1603  13 
 1604  15 
 1605  12 
 1606  6 
 1607  8 
 1608  7 
 1609  7 
 1610  9 
 1611  8 
 1612  9 
 1613  7 
 1614  10 
 1615  12 
 1616  6 
 1617  13 
 1618  3 
 1619  8 
 1620  7 
 1621  9 
 1622  9 
 1623  8 
 1624  8 
 1625  7 
 1626  12 
 1627  8 
 1628  4 
 1629  7 
 1630  8 
 1631  5 
 1632  12 
 1633  12 
 1634  16 
 1635  7 
 1636  10 
 1637  12 
 1638  14 
 1639  7 
 1640  13 
 1641  8 
 1642  13 
 1643  10 
 1644  5 
 1645  10 
 1646  17 
 1647  4 
 1648  9 
 1649  10 
 1650  6 
 1651  9 
 1652  11 
 1653  10 
 1654  9 
 1655  8 
 1656  8 
 1657  8 
 1658  7 
 1659  12 
 1660  3 
 1661  10 
 1662  8 
 1663  5 
 1664  5 
 1665  8 
 1666  4 
 1667  4 
 1668  3 
 1669  11 
 1670  6 
 1671  7 
 1672  7 
 1673  6 
 1674  12 
 1675  11 
 1676  15 
 1677  9 
 1678  3 
 1679  7 
 1680  12 
 1681  4 
 1682  4 
 1683  6 
 1684  10 
 1685  9 
 1686  8 
 1687  6 
 1688  7 
 1689  9 
 1690  5 
 1691  6 
 1692  1 
 1693  6 
 1694  5 
 1695  3 
 1696  9 
 1697  3 
 1698  8 
 1699  9 
 1700  4 
 1701  11 
 1702  5 
 1703  14 
 1704  5 
 1705  8 
 1706  3 
 1707  12 
 1708  2 
 1709  5 
 1710  8 
 1711  7 
 1712  8 
 1713  4 
 1714  3 
 1715  6 
 1716  7 
 1717  2 
 1718  8 
 1719  10 
 1720  7 
 1721  6 
 1722  9 
 1723  11 
 1724  10 
 1725  8 
 1726  9 
 1727  10 
 1728  9 
 1729  6 
 1730  10 
 1731  3 
 1732  7 
 1733  6 
 1734  6 
 1735  5 
 1736  13 
 1737  5 
 1738  16 
 1739  7 
 1740  10 
 1741  11 
 1742  6 
 1743  11 
 1744  4 
 1745  7 
 1746  5 
 1747  7 
 1748  7 
 1749  5 
 1750  13 
 1751  10 
 1752  8 
 1753  8 
 1754  9 
 1755  16 
 1756  7 
 1757  6 
 1758  6 
 1759  5 
 1760  7 
 1761  11 
 1762  11 
 1763  6 
 1764  10 
 1765  4 
 1766  9 
 1767  7 
 1768  5 
 1769  12 
 1770  10 
 1771  7 
 1772  7 
 1773  7 
 1774  5 
 1775  10 
 1776  3 
 1777  10 
 1778  9 
 1779  11 
 1780  8 
 1781  6 
 1782  10 
 1783  8 
 1784  11 
 1785  9 
 1786  8 
 1787  8 
 1788  7 
 1789  6 
 1790  11 
 1791  11 
 1792  9 
 1793  2 
 1794  2 
 1795  6 
 1796  6 
 1797  11 
 1798  4 
 1799  5 
 1800  8 
 1801  10 
 1802  10 
 1803  7 
 1804  6 
 1805  6 
 1806  2 
 1807  6 
 1808  9 
 1809  11 
 1810  6 
 1811  11 
 1812  13 
 1813  9 
 1814  8 
 1815  6 
 1816  7 
 1817  6 
 1818  15 
 1819  11 
 1820  10 
 1821  7 
 1822  10 
 1823  7 
 1824  10 
 1825  3 
 1826  3 
 1827  3 
 1828  4 
 1829  3 
 1830  4 
 1831  7 
 1832  10 
 1833  7 
 1834  6 
 1835  5 
 1836  5 
 1837  6 
 1838  4 
 1839  6 
 1840  4 
 1841  6 
 1842  12 
 1843  10 
 1844  9 
 1845  11 
 1846  8 
 1847  7 
 1848  9 
 1849  10 
 1850  8 
 1851  5 
 1852  5 
 1853  6 
 1854  12 
 1855  10 
 1856  12 
 1857  3 
 1858  9 
 1859  10 
 1860  6 
 1861  12 
 1862  5 
 1863  11 
 1864  5 
 1865  10 
 1866  7 
 1867  9 
 1868  10 
 1869  11 
 1870  3 
 1871  6 
 1872  7 
 1873  3 
 1874  6 
 1875  9 
 1876  4 
 1877  9 
 1878  2 
 1879  5 
 1880  8 
 1881  5 
 1882  10 
 1883  8 
 1884  11 
 1885  10 
 1886  11 
 1887  8 
 1888  6 
 1889  9 
 1890  10 
 1891  8 
 1892  4 
 1893  7 
 1894  5 
 1895  5 
 1896  5 
 1897  12 
 1898  11 
 1899  9 
 1900  9 
 1901  4 
 1902  4 
 1903  9 
 1904  6 
 1905  9 
 1906  10 
 1907  5 
 1908  9 
 1909  7 
 1910  5 
 1911  10 
 1912  11 
 1913  7 
 1914  5 
 1915  13 
 1916  3 
 1917  5 
 1918  6 
 1919  5 
 1920  8 
 1921  3 
 1922  6 
 1923  12 
 1924  8 
 1925  9 
 1926  5 
 1927  7 
 1928  6 
 1929  10 
 1930  12 
 1931  13 
 1932  7 
 1933  9 
 1934  4 
 1935  7 
 1936  7 
 1937  9 
 1938  3 
 1939  4 
 1940  6 
 1941  6 
 1942  6 
 1943  9 
 1944  7 
 1945  5 
 1946  7 
 1947  6 
 1948  4 
 1949  6 
 1950  9 
 1951  9 
 1952  4 
 1953  7 
 1954  8 
 1955  8 
 1956  4 
 1957  8 
 1958  5 
 1959  3 
 1960  6 
 1961  7 
 1962  12 
 1963  3 
 1964  6 
 1965  10 
 1966  5 
 1967  2 
 1968  6 
 1969  6 
 1970  5 
 1971  3 
 1972  5 
 1973  8 
 1974  6 
 1975  6 
 1976  6 
 1977  3 
 1978  4 
 1979  8 
 1980  8 
 1981  1 
 1982  3 
 1983  7 
 1984  7 
 1985  6 
 1986  6 
 1987  5 
 1988  8 
 1989  7 
 1990  9 
 1991  11 
 1992  8 
 1993  5 
 1994  3 
 1995  9 
 1996  6 
 1997  5 
 1998  7 
 1999  9 
 2000  9 
 2001  4 
 2002  15 
 2003  6 
 2004  7 
 2005  5 
 2006  4 
 2007  5 
 2008  6 
 2009  12 
 2010  10 
 2011  9 
 2012  7 
 2013  2 
 2014  5 
 2015  6 
 2016  5 
 2017  6 
 2018  6 
 2019  4 
 2020  6 
 2021  7 
 2022  10 
 2023  10 
 2024  10 
 2025  6 
 2026  7 
 2027  7 
 2028  4 
 2029  3 
 2030  6 
 2031  4 
 2032  9 
 2033  2 
 2034  6 
 2035  11 
 2036  10 
 2037  9 
 2038  4 
 2039  7 
 2040  7 
 2041  2 
 2042  5 
 2043  7 
 2044  8 
 2045  10 
 2046  9 
 2047  8 
 2048  3 
 2049  12 
 2050  3 
 2051  2 
 2052  4 
 2053  7 
 2054  11 
 2055  7 
 2056  2 
 2057  4 
 2058  9 
 2059  6 
 2060  4 
 2061  10 
 2062  9 
 2063  6 
 2064  6 
 2065  3 
 2066  9 
 2067  6 
 2068  8 
 2069  3 
 2070  11 
 2071  3 
 2072  9 
 2073  2 
 2074  7 
 2075  2 
 2076  2 
 2077  9 
 2078  5 
 2079  3 
 2080  9 
 2081  8 
 2082  6 
 2083  3 
 2084  6 
 2085  10 
 2086  7 
 2087  11 
 2088  7 
 2089  4 
 2090  4 
 2091  4 
 2092  6 
 2093  7 
 2094  7 
 2095  5 
 2096  6 
 2097  4 
 2098  8 
 2099  4 
 2100  4 
 2101  8 
 2102  6 
 2103  3 
 2104  6 
 2105  5 
 2106  6 
 2107  6 
 2108  5 
 2109  9 
 2110  7 
 2111  8 
 2112  7 
 2113  7 
 2114  6 
 2115  6 
 2116  6 
 2117  4 
 2118  6 
 2119  4 
 2120  5 
 2121  5 
 2122  8 
 2123  3 
 2124  4 
 2125  7 
 2126  14 
 2127  4 
 2128  6 
 2129  9 
 2130  5 
 2131  4 
 2132  5 
 2133  4 
 2134  4 
 2135  6 
 2136  9 
 2137  4 
 2138  9 
 2139  4 
 2140  6 
 2141  9 
 2142  6 
 2143  6 
 2144  5 
 2145  7 
 2146  8 
 2147  4 
 2148  12 
 2149  5 
 2150  5 
 2151  7 
 2152  8 
 2153  9 
 2154  10 
 2155  5 
 2156  4 
 2157  5 
 2158  3 
 2159  4 
 2160  8 
 2161  4 
 2162  5 
 2163  5 
 2164  6 
 2165  5 
 2166  2 
 2167  10 
 2168  6 
 2169  6 
 2170  5 
 2171  5 
 2172  4 
 2173  9 
 2174  8 
 2175  4 
 2176  5 
 2177  8 
 2178  7 
 2179  8 
 2180  3 
 2181  6 
 2182  4 
 2183  5 
 2184  4 
 2185  7 
 2186  3 
 2187  12 
 2188  4 
 2189  5 
 2190  6 
 2191  4 
 2192  9 
 2193  3 
 2194  3 
 2195  4 
 2196  13 
 2197  6 
 2198  6 
 2199  8 
 2200  4 
 2201  9 
 2202  5 
 2203  6 
 2204  4 
 2205  5 
 2206  5 
 2207  7 
 2208  2 
 2209  7 
 2210  6 
 2211  6 
 2212  7 
 2213  8 
 2214  4 
 2215  4 
 2216  8 
 2217  6 
 2218  9 
 2219  7 
 2220  3 
 2221  6 
 2222  6 
 2223  9 
 2224  8 
 2225  6 
 2226  6 
 2227  4 
 2228  2 
 2229  6 
 2230  4 
 2231  2 
 2232  6 
 2233  5 
 2234  6 
 2235  5 
 2236  4 
 2237  5 
 2238  7 
 2239  7 
 2240  3 
 2241  4 
 2242  7 
 2243  1 
 2244  6 
 2245  5 
 2246  7 
 2247  6 
 2248  4 
 2249  5 
 2250  10 
 2251  6 
 2252  5 
 2253  5 
 2254  6 
 2255  4 
 2256  3 
 2257  6 
 2258  6 
 2259  3 
 2260  5 
 2261  4 
 2262  4 
 2263  8 
 2264  5 
 2265  1 
 2266  4 
 2267  3 
 2268  3 
 2269  4 
 2270  5 
 2271  10 
 2272  8 
 2273  5 
 2274  3 
 2275  10 
 2276  5 
 2277  3 
 2278  5 
 2279  5 
 2280  5 
 2281  6 
 2282  4 
 2283  3 
 2284  10 
 2285  7 
 2286  3 
 2287  6 
 2288  4 
 2289  4 
 2290  3 
 2291  7 
 2292  8 
 2293  5 
 2294  4 
 2295  5 
 2296  6 
 2297  5 
 2298  2 
 2299  6 
 2300  11 
 2301  3 
 2302  7 
 2303  5 
 2304  11 
 2305  3 
 2306  5 
 2307  4 
 2308  4 
 2309  8 
 2310  5 
 2311  4 
 2312  6 
 2313  4 
 2314  5 
 2315  5 
 2316  9 
 2317  5 
 2318  3 
 2319  7 
 2320  4 
 2321  3 
 2322  7 
 2323  3 
 2324  8 
 2325  3 
 2326  6 
 2327  5 
 2328  6 
 2329  7 
 2330  4 
 2331  6 
 2332  4 
 2333  8 
 2334  6 
 2335  1 
 2336  2 
 2337  6 
 2338  2 
 2339  6 
 2340  4 
 2341  6 
 2342  4 
 2343  3 
 2344  9 
 2345  3 
 2346  6 
 2347  5 
 2348  6 
 2349  3 
 2350  4 
 2351  3 
 2352  6 
 2353  3 
 2354  3 
 2355  5 
 2356  6 
 2357  6 
 2358  2 
 2359  2 
 2360  11 
 2361  8 
 2362  5 
 2363  2 
 2364  7 
 2365  6 
 2366  3 
 2367  2 
 2368  4 
 2369  8 
 2370  9 
 2371  7 
 2372  6 
 2373  7 
 2374  5 
 2375  8 
 2376  4 
 2377  6 
 2378  2 
 2379  3 
 2380  5 
 2381  6 
 2382  7 
 2383  3 
 2384  3 
 2385  6 
 2386  8 
 2387  7 
 2388  3 
 2389  6 
 2390  8 
 2391  2 
 2392  4 
 2393  7 
 2394  4 
 2395  5 
 2396  6 
 2397  3 
 2398  10 
 2399  3 
 2400  4 
 2401  7 
 2402  4 
 2403  1 
 2404  7 
 2405  3 
 2406  6 
 2407  3 
 2408  7 
 2409  4 
 2410  6 
 2411  3 
 2412  3 
 2413  4 
 2414  5 
 2415  7 
 2416  12 
 2417  4 
 2418  9 
 2419  3 
 2420  3 
 2421  2 
 2422  1 
 2423  5 
 2424  8 
 2425  3 
 2426  6 
 2427  4 
 2428  3 
 2429  3 
 2430  6 
 2431  8 
 2432  7 
 2433  0 
 2434  10 
 2435  6 
 2436  8 
 2437  13 
 2438  6 
 2439  4 
 2440  4 
 2441  4 
 2442  4 
 2443  2 
 2444  6 
 2445  4 
 2446  7 
 2447  4 
 2448  5 
 2449  5 
 2450  6 
 2451  9 
 2452  2 
 2453  6 
 2454  3 
 2455  10 
 2456  5 
 2457  4 
 2458  3 
 2459  7 
 2460  1 
 2461  10 
 2462  6 
 2463  7 
 2464  2 
 2465  2 
 2466  4 
 2467  4 
 2468  3 
 2469  5 
 2470  3 
 2471  5 
 2472  5 
 2473  5 
 2474  6 
 2475  7 
 2476  4 
 2477  5 
 2478  12 
 2479  3 
 2480  4 
 2481  5 
 2482  6 
 2483  4 
 2484  6 
 2485  5 
 2486  4 
 2487  10 
 2488  3 
 2489  2 
 2490  7 
 2491  4 
 2492  4 
 2493  4 
 2494  6 
 2495  5 
 2496  2 
 2497  5 
 2498  4 
 2499  5 
 2500  5 
 2501  6 
 2502  6 
 2503  6 
 2504  3 
 2505  2 
 2506  8 
 2507  2 
 2508  7 
 2509  7 
 2510  2 
 2511  3 
 2512  5 
 2513  6 
 2514  5 
 2515  0 
 2516  4 
 2517  9 
 2518  6 
 2519  9 
 2520  5 
 2521  4 
 2522  2 
 2523  3 
 2524  2 
 2525  0 
 2526  4 
 2527  7 
 2528  6 
 2529  5 
 2530  9 
 2531  8 
 2532  8 
 2533  3 
 2534  8 
 2535  5 
 2536  9 
 2537  2 
 2538  7 
 2539  5 
 2540  7 
 2541  4 
 2542  9 
 2543  5 
 2544  8 
 2545  4 
 2546  3 
 2547  2 
 2548  5 
 2549  5 
 2550  3 
 2551  3 
 2552  7 
 2553  6 
 2554  4 
 2555  4 
 2556  4 
 2557  6 
 2558  5 
 2559  4 
 2560  5 
 2561  6 
 2562  2 
 2563  7 
 2564  3 
 2565  5 
 2566  6 
 2567  3 
 2568  6 
 2569  9 
 2570  4 
 2571  7 
 2572  2 
 2573  7 
 2574  5 
 2575  4 
 2576  6 
 2577  5 
 2578  6 
 2579  7 
 2580  4 
 2581  4 
 2582  4 
 2583  4 
 2584  5 
 2585  5 
 2586  2 
 2587  3 
 2588  2 
 2589  5 
 2590  5 
 2591  5 
 2592  2 
 2593  13 
 2594  4 
 2595  6 
 2596  5 
 2597  2 
 2598  3 
 2599  1 
 2600  3 
 2601  7 
 2602  4 
 2603  4 
 2604  7 
 2605  2 
 2606  4 
 2607  6 
 2608  4 
 2609  3 
 2610  4 
 2611  5 
 2612  4 
 2613  4 
 2614  6 
 2615  2 
 2616  5 
 2617  2 
 2618  5 
 2619  3 
 2620  9 
 2621  4 
 2622  4 
 2623  4 
 2624  3 
 2625  4 
 2626  11 
 2627  5 
 2628  3 
 2629  4 
 2630  6 
 2631  3 
 2632  5 
 2633  3 
 2634  5 
 2635  3 
 2636  1 
 2637  5 
 2638  1 
 2639  3 
 2640  4 
 2641  4 
 2642  4 
 2643  1 
 2644  4 
 2645  2 
 2646  9 
 2647  3 
 2648  4 
 2649  6 
 2650  4 
 2651  9 
 2652  5 
 2653  5 
 2654  4 
 2655  8 
 2656  8 
 2657  7 
 2658  5 
 2659  5 
 2660  7 
 2661  4 
 2662  6 
 2663  2 
 2664  8 
 2665  10 
 2666  3 
 2667  5 
 2668  5 
 2669  2 
 2670  6 
 2671  3 
 2672  3 
 2673  3 
 2674  5 
 2675  3 
 2676  2 
 2677  2 
 2678  6 
 2679  5 
 2680  3 
 2681  4 
 2682  4 
 2683  3 
 2684  12 
 2685  0 
 2686  5 
 2687  4 
 2688  7 
 2689  5 
 2690  10 
 2691  6 
 2692  2 
 2693  2 
 2694  4 
 2695  4 
 2696  4 
 2697  4 
 2698  4 
 2699  4 
 2700  3 
 2701  5 
 2702  5 
 2703  10 
 2704  6 
 2705  3 
 2706  5 
 2707  7 
 2708  3 
 2709  2 
 2710  7 
 2711  1 
 2712  2 
 2713  5 
 2714  4 
 2715  6 
 2716  1 
 2717  1 
 2718  5 
 2719  7 
 2720  5 
 2721  6 
 2722  6 
 2723  2 
 2724  5 
 2725  4 
 2726  3 
 2727  2 
 2728  2 
 2729  2 
 2730  2 
 2731  2 
 2732  6 
 2733  2 
 2734  4 
 2735  7 
 2736  5 
 2737  7 
 2738  5 
 2739  6 
 2740  5 
 2741  5 
 2742  5 
 2743  7 
 2744  3 
 2745  3 
 2746  2 
 2747  7 
 2748  6 
 2749  4 
 2750  6 
 2751  8 
 2752  3 
 2753  7 
 2754  4 
 2755  4 
 2756  5 
 2757  4 
 2758  7 
 2759  2 
 2760  5 
 2761  4 
 2762  3 
 2763  0 
 2764  4 
 2765  3 
 2766  4 
 2767  5 
 2768  2 
 2769  7 
 2770  4 
 2771  4 
 2772  7 
 2773  7 
 2774  2 
 2775  6 
 2776  6 
 2777  3 
 2778  4 
 2779  6 
 2780  2 
 2781  3 
 2782  5 
 2783  4 
 2784  3 
 2785  6 
 2786  6 
 2787  4 
 2788  4 
 2789  5 
 2790  3 
 2791  5 
 2792  3 
 2793  9 
 2794  5 
 2795  3 
 2796  2 
 2797  5 
 2798  6 
 2799  4 
 2800  6 
 2801  5 
 2802  4 
 2803  5 
 2804  5 
 2805  5 
 2806  2 
 2807  3 
 2808  3 
 2809  3 
 2810  4 
 2811  4 
 2812  6 
 2813  3 
 2814  2 
 2815  8 
 2816  7 
 2817  3 
 2818  4 
 2819  5 
 2820  2 
 2821  1 
 2822  5 
 2823  2 
 2824  4 
 2825  7 
 2826  7 
 2827  3 
 2828  2 
 2829  4 
 2830  3 
 2831  7 
 2832  3 
 2833  3 
 2834  5 
 2835  4 
 2836  5 
 2837  5 
 2838  4 
 2839  5 
 2840  3 
 2841  4 
 2842  2 
 2843  6 
 2844  4 
 2845  2 
 2846  5 
 2847  3 
 2848  3 
 2849  5 
 2850  2 
 2851  1 
 2852  6 
 2853  5 
 2854  1 
 2855  4 
 2856  7 
 2857  4 
 2858  3 
 2859  6 
 2860  5 
 2861  5 
 2862  8 
 2863  5 
 2864  5 
 2865  5 
 2866  3 
 2867  1 
 2868  7 
 2869  6 
 2870  2 
 2871  3 
 2872  6 
 2873  8 
 2874  7 
 2875  2 
 2876  3 
 2877  5 
 2878  6 
 2879  2 
 2880  4 
 2881  3 
 2882  5 
 2883  4 
 2884  5 
 2885  5 
 2886  5 
 2887  2 
 2888  5 
 2889  4 
 2890  8 
 2891  9 
 2892  0 
 2893  5 
 2894  4 
 2895  2 
 2896  2 
 2897  2 
 2898  2 
 2899  3 
 2900  4 
 2901  7 
 2902  3 
 2903  7 
 2904  4 
 2905  4 
 2906  4 
 2907  2 
 2908  8 
 2909  3 
 2910  2 
 2911  2 
 2912  6 
 2913  4 
 2914  6 
 2915  2 
 2916  4 
 2917  8 
 2918  9 
 2919  5 
 2920  3 
 2921  5 
 2922  5 
 2923  5 
 2924  2 
 2925  9 
 2926  3 
 2927  4 
 2928  4 
 2929  4 
 2930  4 
 2931  2 
 2932  2 
 2933  8 
 2934  3 
 2935  3 
 2936  8 
 2937  7 
 2938  3 
 2939  3 
 2940  2 
 2941  4 
 2942  9 
 2943  2 
 2944  6 
 2945  5 
 2946  2 
 2947  5 
 2948  2 
 2949  6 
 2950  7 
 2951  4 
 2952  3 
 2953  3 
 2954  4 
 2955  3 
 2956  5 
 2957  7 
 2958  4 
 2959  4 
 2960  6 
 2961  6 
 2962  6 
 2963  5 
 2964  5 
 2965  3 
 2966  2 
 2967  5 
 2968  3 
 2969  6 
 2970  3 
 2971  9 
 2972  1 
 2973  6 
 2974  2 
 2975  7 
 2976  1 
 2977  4 
 2978  6 
 2979  4 
 2980  0 
 2981  1 
 2982  3 
 2983  3 
 2984  4 
 2985  5 
 2986  7 
 2987  0 
 2988  3 
 2989  1 
 2990  6 
 2991  4 
 2992  4 
 2993  8 
 2994  2 
 2995  5 
 2996  4 
 2997  3 
 2998  8 
 2999  5 
 3000  4 
 3001  4 
 3002  2 
 3003  3 
 3004  0 
 3005  4 
 3006  7 
 3007  6 
 3008  3 
 3009  2 
 3010  3 
 3011  10 
 3012  4 
 3013  3 
 3014  5 
 3015  2 
 3016  6 
 3017  6 
 3018  6 
 3019  5 
 3020  3 
 3021  6 
 3022  1 
 3023  4 
 3024  4 
 3025  3 
 3026  5 
 3027  5 
 3028  2 
 3029  5 
 3030  4 
 3031  6 
 3032  7 
 3033  3 
 3034  7 
 3035  4 
 3036  2 
 3037  0 
 3038  5 
 3039  7 
 3040  2 
 3041  4 
 3042  5 
 3043  4 
 3044  4 
 3045  4 
 3046  1 
 3047  5 
 3048  6 
 3049  4 
 3050  2 
 3051  4 
 3052  4 
 3053  3 
 3054  2 
 3055  0 
 3056  3 
 3057  3 
 3058  1 
 3059  7 
 3060  4 
 3061  4 
 3062  4 
 3063  4 
 3064  5 
 3065  1 
 3066  3 
 3067  7 
 3068  5 
 3069  2 
 3070  1 
 3071  5 
 3072  7 
 3073  2 
 3074  4 
 3075  5 
 3076  2 
 3077  3 
 3078  5 
 3079  4 
 3080  1 
 3081  10 
 3082  3 
 3083  9 
 3084  8 
 3085  4 
 3086  4 
 3087  4 
 3088  9 
 3089  1 
 3090  6 
 3091  7 
 3092  5 
 3093  7 
 3094  4 
 3095  3 
 3096  4 
 3097  5 
 3098  3 
 3099  3 
 3100  1 
 3101  3 
 3102  6 
 3103  2 
 3104  4 
 3105  4 
 3106  6 
 3107  2 
 3108  7 
 3109  1 
 3110  6 
 3111  2 
 3112  3 
 3113  3 
 3114  8 
 3115  6 
 3116  6 
 3117  4 
 3118  3 
 3119  3 
 3120  4 
 3121  3 
 3122  3 
 3123  4 
 3124  2 
 3125  4 
 3126  1 
 3127  5 
 3128  6 
 3129  2 
 3130  9 
 3131  5 
 3132  5 
 3133  5 
 3134  6 
 3135  3 
 3136  2 
 3137  5 
 3138  2 
 3139  3 
 3140  4 
 3141  1 
 3142  6 
 3143  3 
 3144  5 
 3145  5 
 3146  4 
 3147  3 
 3148  5 
 3149  3 
 3150  3 
 3151  3 
 3152  7 
 3153  2 
 3154  3 
 3155  6 
 3156  2 
 3157  8 
 3158  3 
 3159  3 
 3160  8 
 3161  4 
 3162  5 
 3163  5 
 3164  4 
 3165  4 
 3166  4 
 3167  7 
 3168  4 
 3169  6 
 3170  5 
 3171  6 
 3172  10 
 3173  2 
 3174  2 
 3175  3 
 3176  1 
 3177  4 
 3178  5 
 3179  2 
 3180  2 
 3181  3 
 3182  3 
 3183  4 
 3184  5 
 3185  5 
 3186  3 
 3187  3 
 3188  6 
 3189  8 
 3190  4 
 3191  4 
 3192  4 
 3193  5 
 3194  4 
 3195  4 
 3196  0 
 3197  6 
 3198  3 
 3199  2 
 3200  5 
 3201  7 
 3202  4 
 3203  1 
 3204  4 
 3205  2 
 3206  5 
 3207  3 
 3208  7 
 3209  5 
 3210  3 
 3211  7 
 3212  2 
 3213  1 
 3214  4 
 3215  3 
 3216  4 
 3217  4 
 3218  6 
 3219  3 
 3220  2 
 3221  1 
 3222  6 
 3223  9 
 3224  8 
 3225  3 
 3226  7 
 3227  5 
 3228  9 
 3229  2 
 3230  1 
 3231  1 
 3232  3 
 3233  4 
 3234  7 
 3235  4 
 3236  6 
 3237  4 
 3238  3 
 3239  2 
 3240  6 
 3241  3 
 3242  2 
 3243  8 
 3244  6 
 3245  6 
 3246  3 
 3247  3 
 3248  5 
 3249  5 
 3250  3 
 3251  4 
 3252  4 
 3253  3 
 3254  3 
 3255  8 
 3256  2 
 3257  7 
 3258  6 
 3259  4 
 3260  7 
 3261  5 
 3262  4 
 3263  2 
 3264  6 
 3265  7 
 3266  2 
 3267  6 
 3268  1 
 3269  7 
 3270  4 
 3271  2 
 3272  5 
 3273  5 
 3274  3 
 3275  6 
 3276  3 
 3277  2 
 3278  3 
 3279  8 
 3280  9 
 3281  4 
 3282  9 
 3283  3 
 3284  3 
 3285  1 
 3286  6 
 3287  4 
 3288  1 
 3289  3 
 3290  4 
 3291  7 
 3292  3 
 3293  5 
 3294  0 
 3295  2 
 3296  8 
 3297  6 
 3298  5 
 3299  6 
 3300  4 
 3301  4 
 3302  4 
 3303  4 
 3304  3 
 3305  4 
 3306  1 
 3307  3 
 3308  7 
 3309  4 
 3310  1 
 3311  7 
 3312  2 
 3313  3 
 3314  7 
 3315  0 
 3316  5 
 3317  1 
 3318  2 
 3319  4 
 3320  3 
 3321  5 
 3322  4 
 3323  5 
 3324  6 
 3325  3 
 3326  4 
 3327  4 
 3328  6 
 3329  1 
 3330  3 
 3331  3 
 3332  4 
 3333  4 
 3334  2 
 3335  5 
 3336  2 
 3337  9 
 3338  6 
 3339  5 
 3340  3 
 3341  5 
 3342  6 
 3343  4 
 3344  7 
 3345  1 
 3346  1 
 3347  1 
 3348  5 
 3349  1 
 3350  10 
 3351  4 
 3352  6 
 3353  1 
 3354  3 
 3355  2 
 3356  9 
 3357  9 
 3358  4 
 3359  7 
 3360  5 
 3361  6 
 3362  7 
 3363  4 
 3364  6 
 3365  4 
 3366  9 
 3367  6 
 3368  6 
 3369  7 
 3370  5 
 3371  2 
 3372  4 
 3373  2 
 3374  1 
 3375  3 
 3376  11 
 3377  4 
 3378  4 
 3379  3 
 3380  3 
 3381  4 
 3382  3 
 3383  8 
 3384  1 
 3385  3 
 3386  7 
 3387  4 
 3388  3 
 3389  3 
 3390  4 
 3391  1 
 3392  10 
 3393  5 
 3394  6 
 3395  10 
 3396  1 
 3397  7 
 3398  3 
 3399  4 
 3400  9 
 3401  3 
 3402  1 
 3403  6 
 3404  9 
 3405  7 
 3406  7 
 3407  4 
 3408  5 
 3409  4 
 3410  4 
 3411  8 
 3412  9 
 3413  3 
 3414  5 
 3415  4 
 3416  6 
 3417  7 
 3418  6 
 3419  5 
 3420  9 
 3421  6 
 3422  9 
 3423  12 
 3424  14 
 3425  7 
 3426  6 
 3427  7 
 3428  7 
 3429  12 
 3430  9 
 3431  11 
 3432  8 
 3433  18 
 3434  8 
 3435  4 
 3436  10 
 3437  12 
 3438  14 
 3439  11 
 3440  14 
 3441  6 
 3442  16 
 3443  19 
 3444  8 
 3445  7 
 3446  8 
 3447  15 
 3448  12 
 3449  8 
 3450  13 
 3451  10 
 3452  11 
 3453  16 
 3454  10 
 3455  11 
 3456  11 
 3457  13 
 3458  6 
 3459  14 
 3460  8 
 3461  12 
 3462  12 
 3463  12 
 3464  8 
 3465  9 
 3466  5 
 3467  20 
 3468  12 
 3469  9 
 3470  7 
 3471  6 
 3472  12 
 3473  5 
 3474  6 
 3475  10 
 3476  8 
 3477  7 
 3478  6 
 3479  2 
 3480  5 
 3481  5 
 3482  5 
 3483  3 
 3484  7 
 3485  7 
 3486  6 
 3487  6 
 3488  5 
 3489  4 
 3490  6 
 3491  7 
 3492  6 
 3493  3 
 3494  3 
 3495  3 
 3496  4 
 3497  5 
 3498  8 
 3499  5 
 3500  2 
 3501  6 
 3502  2 
 3503  3 
 3504  4 
 3505  3 
 3506  7 
 3507  2 
 3508  8 
 3509  6 
 3510  4 
 3511  6 
 3512  2 
 3513  4 
 3514  4 
 3515  2 
 3516  4 
 3517  6 
 3518  2 
 3519  2 
 3520  6 
 3521  4 
 3522  5 
 3523  5 
 3524  5 
 3525  5 
 3526  2 
 3527  5 
 3528  2 
 3529  2 
 3530  2 
 3531  4 
 3532  7 
 3533  4 
 3534  4 
 3535  6 
 3536  9 
 3537  0 
 3538  7 
 3539  5 
 3540  4 
 3541  5 
 3542  4 
 3543  4 
 3544  3 
 3545  3 
 3546  6 
 3547  4 
 3548  5 
 3549  4 
 3550  6 
 3551  7 
 3552  6 
 3553  4 
 3554  6 
 3555  5 
 3556  6 
 3557  8 
 3558  6 
 3559  4 
 3560  4 
 3561  3 
 3562  4 
 3563  2 
 3564  5 
 3565  6 
 3566  4 
 3567  7 
 3568  6 
 3569  1 
 3570  3 
 3571  9 
 3572  4 
 3573  3 
 3574  5 
 3575  9 
 3576  0 
 3577  8 
 3578  6 
 3579  2 
 3580  2 
 3581  3 
 3582  3 
 3583  5 
 3584  3 
 3585  2 
 3586  3 
 3587  7 
 3588  3 
 3589  11 
 3590  5 
 3591  3 
 3592  5 
 3593  2 
 3594  5 
 3595  5 
 3596  7 
 3597  5 
 3598  5 
 3599  4 
 3600  8 
 3601  5 
 3602  9 
 3603  4 
 3604  2 
 3605  7 
 3606  5 
 3607  4 
 3608  6 
 3609  4 
 3610  2 
 3611  4 
 3612  4 
 3613  5 
 3614  1 
 3615  5 
 3616  4 
 3617  6 
 3618  4 
 3619  8 
 3620  4 
 3621  9 
 3622  2 
 3623  2 
 3624  6 
 3625  4 
 3626  6 
 3627  2 
 3628  2 
 3629  3 
 3630  7 
 3631  6 
 3632  8 
 3633  1 
 3634  6 
 3635  5 
 3636  5 
 3637  1 
 3638  2 
 3639  5 
 3640  4 
 3641  4 
 3642  3 
 3643  6 
 3644  7 
 3645  6 
 3646  3 
 3647  2 
 3648  7 
 3649  7 
 3650  5 
 3651  4 
 3652  3 
 3653  5 
 3654  5 
 3655  5 
 3656  3 
 3657  3 
 3658  3 
 3659  4 
 3660  3 
 3661  3 
 3662  2 
 3663  2 
 3664  9 
 3665  2 
 3666  6 
 3667  4 
 3668  4 
 3669  3 
 3670  9 
 3671  6 
 3672  6 
 3673  6 
 3674  4 
 3675  6 
 3676  4 
 3677  6 
 3678  5 
 3679  1 
 3680  10 
 3681  7 
 3682  7 
 3683  2 
 3684  9 
 3685  5 
 3686  2 
 3687  6 
 3688  3 
 3689  1 
 3690  4 
 3691  9 
 3692  4 
 3693  7 
 3694  4 
 3695  6 
 3696  9 
 3697  4 
 3698  7 
 3699  3 
 3700  2 
 3701  1 
 3702  9 
 3703  6 
 3704  3 
 3705  4 
 3706  4 
 3707  4 
 3708  6 
 3709  5 
 3710  4 
 3711  3 
 3712  4 
 3713  4 
 3714  4 
 3715  3 
 3716  4 
 3717  5 
 3718  3 
 3719  6 
 3720  6 
 3721  5 
 3722  3 
 3723  1 
 3724  4 
 3725  6 
 3726  4 
 3727  3 
 3728  7 
 3729  3 
 3730  6 
 3731  4 
 3732  5 
 3733  3 
 3734  2 
 3735  4 
 3736  7 
 3737  5 
 3738  7 
 3739  7 
 3740  3 
 3741  7 
 3742  0 
 3743  6 
 3744  8 
 3745  4 
 3746  3 
 3747  5 
 3748  6 
 3749  4 
 3750  4 
 3751  3 
 3752  6 
 3753  8 
 3754  2 
 3755  3 
 3756  7 
 3757  4 
 3758  5 
 3759  4 
 3760  8 
 3761  6 
 3762  7 
 3763  4 
 3764  4 
 3765  4 
 3766  6 
 3767  3 
 3768  2 
 3769  4 
 3770  7 
 3771  3 
 3772  5 
 3773  4 
 3774  5 
 3775  3 
 3776  4 
 3777  7 
 3778  2 
 3779  3 
 3780  1 
 3781  7 
 3782  8 
 3783  6 
 3784  3 
 3785  5 
 3786  4 
 3787  1 
 3788  3 
 3789  7 
 3790  5 
 3791  5 
 3792  5 
 3793  11 
 3794  6 
 3795  3 
 3796  7 
 3797  8 
 3798  6 
 3799  4 
 3800  4 
 3801  1 
 3802  5 
 3803  6 
 3804  4 
 3805  10 
 3806  4 
 3807  8 
 3808  4 
 3809  5 
 3810  6 
 3811  4 
 3812  1 
 3813  2 
 3814  4 
 3815  3 
 3816  5 
 3817  2 
 3818  4 
 3819  4 
 3820  4 
 3821  11 
 3822  4 
 3823  6 
 3824  2 
 3825  4 
 3826  5 
 3827  8 
 3828  5 
 3829  5 
 3830  5 
 3831  3 
 3832  6 
 3833  4 
 3834  2 
 3835  4 
 3836  5 
 3837  3 
 3838  2 
 3839  5 
 3840  5 
 3841  4 
 3842  5 
 3843  5 
 3844  2 
 3845  6 
 3846  2 
 3847  3 
 3848  2 
 3849  4 
 3850  6 
 3851  3 
 3852  6 
 3853  6 
 3854  4 
 3855  6 
 3856  6 
 3857  2 
 3858  5 
 3859  3 
 3860  4 
 3861  0 
 3862  3 
 3863  3 
 3864  6 
 3865  3 
 3866  2 
 3867  6 
 3868  3 
 3869  4 
 3870  4 
 3871  5 
 3872  4 
 3873  4 
 3874  2 
 3875  5 
 3876  1 
 3877  10 
 3878  3 
 3879  5 
 3880  5 
 3881  4 
 3882  3 
 3883  3 
 3884  5 
 3885  5 
 3886  3 
 3887  1 
 3888  4 
 3889  7 
 3890  2 
 3891  3 
 3892  6 
 3893  4 
 3894  4 
 3895  3 
 3896  8 
 3897  1 
 3898  4 
 3899  3 
 3900  2 
 3901  6 
 3902  5 
 3903  4 
 3904  4 
 3905  6 
 3906  1 
 3907  7 
 3908  6 
 3909  7 
 3910  1 
 3911  3 
 3912  6 
 3913  2 
 3914  8 
 3915  3 
 3916  3 
 3917  2 
 3918  7 
 3919  6 
 3920  5 
 3921  7 
 3922  1 
 3923  3 
 3924  1 
 3925  7 
 3926  7 
 3927  6 
 3928  9 
 3929  7 
 3930  3 
 3931  3 
 3932  4 
 3933  6 
 3934  3 
 3935  2 
 3936  6 
 3937  6 
 3938  7 
 3939  4 
 3940  5 
 3941  4 
 3942  7 
 3943  5 
 3944  2 
 3945  6 
 3946  3 
 3947  3 
 3948  4 
 3949  3 
 3950  7 
 3951  6 
 3952  3 
 3953  9 
 3954  8 
 3955  7 
 3956  9 
 3957  1 
 3958  5 
 3959  8 
 3960  5 
 3961  5 
 3962  5 
 3963  4 
 3964  3 
 3965  5 
 3966  2 
 3967  4 
 3968  3 
 3969  3 
 3970  6 
 3971  5 
 3972  10 
 3973  5 
 3974  5 
 3975  10 
 3976  2 
 3977  4 
 3978  4 
 3979  5 
 3980  9 
 3981  4 
 3982  3 
 3983  1 
 3984  6 
 3985  2 
 3986  0 
 3987  2 
 3988  2 
 3989  2 
 3990  1 
 3991  3 
 3992  7 
 3993  4 
 3994  9 
 3995  5 
 3996  8 
 3997  6 
 3998  6 
 3999  6 
 4000  9 
 4001  6 
 4002  2 
 4003  7 
 4004  4 
 4005  6 
 4006  5 
 4007  10 
 4008  6 
 4009  6 
 4010  7 
 4011  4 
 4012  7 
 4013  7 
 4014  8 
 4015  5 
 4016  6 
 4017  4 
 4018  4 
 4019  4 
 4020  7 
 4021  3 
 4022  4 
 4023  5 
 4024  4 
 4025  6 
 4026  3 
 4027  6 
 4028  5 
 4029  5 
 4030  1 
 4031  8 
 4032  6 
 4033  4 
 4034  2 
 4035  7 
 4036  7 
 4037  6 
 4038  3 
 4039  7 
 4040  5 
 4041  2 
 4042  4 
 4043  4 
 4044  6 
 4045  8 
 4046  4 
 4047  4 
 4048  6 
 4049  2 
 4050  8 
 4051  5 
 4052  2 
 4053  7 
 4054  4 
 4055  5 
 4056  9 
 4057  5 
 4058  5 
 4059  5 
 4060  6 
 4061  2 
 4062  8 
 4063  4 
 4064  3 
 4065  6 
 4066  3 
 4067  4 
 4068  4 
 4069  5 
 4070  5 
 4071  9 
 4072  3 
 4073  4 
 4074  6 
 4075  4 
 4076  2 
 4077  8 
 4078  7 
 4079  6 
 4080  6 
 4081  8 
 4082  9 
 4083  7 
 4084  4 
 4085  5 
 4086  5 
 4087  2 
 4088  13 
 4089  6 
 4090  7 
 4091  3 
 4092  14 
 4093  2 
 4094  6 
 4095  4 
 4096  3 
 4097  2 
 4098  4 
 4099  3 
 4100  7 
 4101  4 
 4102  3 
 4103  5 
 4104  7 
 4105  5 
 4106  6 
 4107  7 
 4108  4 
 4109  3 
 4110  7 
 4111  6 
 4112  3 
 4113  5 
 4114  7 
 4115  4 
 4116  7 
 4117  5 
 4118  11 
 4119  8 
 4120  6 
 4121  7 
 4122  4 
 4123  4 
 4124  4 
 4125  3 
 4126  12 
 4127  9 
 4128  8 
 4129  9 
 4130  6 
 4131  4 
 4132  7 
 4133  7 
 4134  4 
 4135  4 
 4136  9 
 4137  2 
 4138  4 
 4139  5 
 4140  7 
 4141  7 
 4142  4 
 4143  5 
 4144  7 
 4145  5 
 4146  0 
 4147  6 
 4148  4 
 4149  9 
 4150  6 
 4151  1 
 4152  9 
 4153  6 
 4154  3 
 4155  4 
 4156  6 
 4157  9 
 4158  4 
 4159  2 
 4160  4 
 4161  3 
 4162  4 
 4163  5 
 4164  2 
 4165  3 
 4166  8 
 4167  4 
 4168  5 
 4169  4 
 4170  6 
 4171  7 
 4172  7 
 4173  4 
 4174  7 
 4175  3 
 4176  3 
 4177  5 
 4178  8 
 4179  8 
 4180  1 
 4181  6 
 4182  3 
 4183  0 
 4184  8 
 4185  4 
 4186  5 
 4187  4 
 4188  3 
 4189  10 
 4190  8 
 4191  6 
 4192  3 
 4193  5 
 4194  6 
 4195  5 
 4196  7 
 4197  7 
 4198  8 
 4199  4 
 4200  4 
 4201  7 
 4202  6 
 4203  4 
 4204  9 
 4205  5 
 4206  4 
 4207  7 
 4208  9 
 4209  4 
 4210  10 
 4211  7 
 4212  9 
 4213  4 
 4214  15 
 4215  16 
 4216  9 
 4217  9 
 4218  11 
 4219  15 
 4220  19 
 4221  13 
 4222  11 
 4223  19 
 4224  18 
 4225  15 
 4226  20 
 4227  14 
 4228  18 
 4229  18 
 4230  23 
 4231  19 
 4232  22 
 4233  19 
 4234  21 
 4235  16 
 4236  23 
 4237  26 
 4238  32 
 4239  36 
 4240  17 
 4241  20 
 4242  23 
 4243  19 
 4244  27 
 4245  24 
 4246  19 
 4247  17 
 4248  24 
 4249  21 
 4250  19 
 4251  19 
 4252  23 
 4253  22 
 4254  18 
 4255  24 
 4256  13 
 4257  15 
 4258  14 
 4259  21 
 4260  22 
 4261  14 
 4262  13 
 4263  13 
 4264  11 
 4265  10 
 4266  10 
 4267  11 
 4268  16 
 4269  10 
 4270  12 
 4271  10 
 4272  7 
 4273  10 
 4274  8 
 4275  13 
 4276  7 
 4277  8 
 4278  7 
 4279  4 
 4280  9 
 4281  9 
 4282  5 
 4283  10 
 4284  7 
 4285  7 
 4286  6 
 4287  10 
 4288  6 
 4289  13 
 4290  7 
 4291  12 
 4292  17 
 4293  15 
 4294  15 
 4295  8 
 4296  10 
 4297  17 
 4298  11 
 4299  19 
 4300  15 
 4301  11 
 4302  18 
 4303  22 
 4304  17 
 4305  25 
 4306  29 
 4307  35 
 4308  24 
 4309  39 
 4310  33 
 4311  33 
 4312  32 
 4313  33 
 4314  60 
 4315  35 
 4316  49 
 4317  61 
 4318  54 
 4319  50 
 4320  65 
 4321  81 
 4322  96 
 4323  95 
 4324  90 
 4325  76 
 4326  93 
 4327  94 
 4328  107 
 4329  115 
 4330  114 
 4331  128 
 4332  123 
 4333  123 
 4334  146 
 4335  147 
 4336  148 
 4337  137 
 4338  150 
 4339  129 
 4340  133 
 4341  152 
 4342  144 
 4343  137 
 4344  141 
 4345  141 
 4346  141 
 4347  141 
 4348  109 
 4349  140 
 4350  138 
 4351  121 
 4352  132 
 4353  105 
 4354  105 
 4355  93 
 4356  101 
 4357  100 
 4358  99 
 4359  75 
 4360  70 
 4361  68 
 4362  58 
 4363  54 
 4364  63 
 4365  51 
 4366  53 
 4367  43 
 4368  30 
 4369  28 
 4370  46 
 4371  32 
 4372  30 
 4373  20 
 4374  31 
 4375  19 
 4376  27 
 4377  22 
 4378  12 
 4379  15 
 4380  6 
 4381  8 
 4382  8 
 4383  9 
 4384  8 
 4385  6 
 4386  9 
 4387  6 
 4388  10 
 4389  11 
 4390  5 
 4391  9 
 4392  8 
 4393  5 
 4394  5 
 4395  8 
 4396  8 
 4397  11 
 4398  7 
 4399  8 
 4400  7 
 4401  4 
 4402  5 
 4403  9 
 4404  11 
 4405  9 
 4406  3 
 4407  6 
 4408  3 
 4409  6 
 4410  8 
 4411  6 
 4412  4 
 4413  4 
 4414  10 
 4415  9 
 4416  4 
 4417  8 
 4418  10 
 4419  3 
 4420  3 
 4421  5 
 4422  5 
 4423  9 
 4424  4 
 4425  5 
 4426  8 
 4427  5 
 4428  3 
 4429  6 
 4430  5 
 4431  6 
 4432  10 
 4433  7 
 4434  7 
 4435  10 
 4436  4 
 4437  9 
 4438  7 
 4439  5 
 4440  5 
 4441  8 
 4442  6 
 4443  6 
 4444  6 
 4445  9 
 4446  3 
 4447  11 
 4448  5 
 4449  7 
 4450  9 
 4451  10 
 4452  7 
 4453  11 
 4454  10 
 4455  13 
 4456  11 
 4457  9 
 4458  4 
 4459  8 
 4460  6 
 4461  1 
 4462  7 
 4463  10 
 4464  5 
 4465  8 
 4466  4 
 4467  4 
 4468  7 
 4469  8 
 4470  4 
 4471  5 
 4472  5 
 4473  9 
 4474  3 
 4475  5 
 4476  6 
 4477  11 
 4478  5 
 4479  5 
 4480  6 
 4481  5 
 4482  10 
 4483  9 
 4484  5 
 4485  12 
 4486  2 
 4487  4 
 4488  5 
 4489  4 
 4490  10 
 4491  5 
 4492  12 
 4493  11 
 4494  12 
 4495  9 
 4496  10 
 4497  7 
 4498  7 
 4499  7 
 4500  5 
 4501  10 
 4502  7 
 4503  8 
 4504  12 
 4505  7 
 4506  4 
 4507  14 
 4508  7 
 4509  8 
 4510  6 
 4511  6 
 4512  5 
 4513  13 
 4514  13 
 4515  10 
 4516  8 
 4517  12 
 4518  11 
 4519  9 
 4520  11 
 4521  10 
 4522  13 
 4523  9 
 4524  13 
 4525  12 
 4526  14 
 4527  10 
 4528  5 
 4529  12 
 4530  14 
 4531  11 
 4532  15 
 4533  19 
 4534  11 
 4535  15 
 4536  11 
 4537  14 
 4538  18 
 4539  22 
 4540  16 
 4541  18 
 4542  14 
 4543  21 
 4544  20 
 4545  23 
 4546  17 
 4547  21 
 4548  25 
 4549  28 
 4550  26 
 4551  20 
 4552  43 
 4553  24 
 4554  41 
 4555  33 
 4556  39 
 4557  46 
 4558  37 
 4559  56 
 4560  56 
 4561  58 
 4562  75 
 4563  80 
 4564  94 
 4565  111 
 4566  108 
 4567  117 
 4568  117 
 4569  130 
 4570  127 
 4571  165 
 4572  176 
 4573  174 
 4574  186 
 4575  255 
 4576  267 
 4577  266 
 4578  296 
 4579  314 
 4580  356 
 4581  356 
 4582  441 
 4583  453 
 4584  522 
 4585  531 
 4586  572 
 4587  644 
 4588  729 
 4589  775 
 4590  878 
 4591  943 
 4592  1058 
 4593  1173 
 4594  1276 
 4595  1381 
 4596  1471 
 4597  1602 
 4598  1677 
 4599  1826 
 4600  1897 
 4601  2015 
 4602  2084 
 4603  2136 
 4604  2211 
 4605  2256 
 4606  2301 
 4607  2362 
 4608  2449 
 4609  2293 
 4610  2204 
 4611  2299 
 4612  2195 
 4613  2122 
 4614  2002 
 4615  1922 
 4616  1837 
 4617  1749 
 4618  1616 
 4619  1471 
 4620  1290 
 4621  1278 
 4622  1082 
 4623  1096 
 4624  853 
 4625  851 
 4626  687 
 4627  625 
 4628  501 
 4629  504 
 4630  408 
 4631  372 
 4632  297 
 4633  239 
 4634  225 
 4635  169 
 4636  151 
 4637  144 
 4638  107 
 4639  99 
 4640  94 
 4641  72 
 4642  64 
 4643  55 
 4644  52 
 4645  35 
 4646  40 
 4647  42 
 4648  32 
 4649  26 
 4650  26 
 4651  28 
 4652  26 
 4653  23 
 4654  15 
 4655  20 
 4656  23 
 4657  19 
 4658  22 
 4659  18 
 4660  18 
 4661  15 
 4662  17 
 4663  24 
 4664  12 
 4665  17 
 4666  16 
 4667  18 
 4668  21 
 4669  9 
 4670  25 
 4671  19 
 4672  18 
 4673  24 
 4674  20 
 4675  16 
 4676  25 
 4677  24 
 4678  34 
 4679  35 
 4680  34 
 4681  29 
 4682  38 
 4683  32 
 4684  50 
 4685  45 
 4686  56 
 4687  43 
 4688  48 
 4689  72 
 4690  72 
 4691  70 
 4692  77 
 4693  80 
 4694  78 
 4695  81 
 4696  85 
 4697  89 
 4698  75 
 4699  88 
 4700  90 
 4701  88 
 4702  77 
 4703  85 
 4704  101 
 4705  78 
 4706  63 
 4707  71 
 4708  69 
 4709  70 
 4710  68 
 4711  52 
 4712  59 
 4713  32 
 4714  45 
 4715  21 
 4716  39 
 4717  27 
 4718  29 
 4719  29 
 4720  15 
 4721  21 
 4722  11 
 4723  21 
 4724  11 
 4725  15 
 4726  8 
 4727  10 
 4728  4 
 4729  7 
 4730  9 
 4731  10 
 4732  9 
 4733  5 
 4734  10 
 4735  6 
 4736  5 
 4737  6 
 4738  9 
 4739  4 
 4740  3 
 4741  9 
 4742  7 
 4743  6 
 4744  5 
 4745  8 
 4746  4 
 4747  10 
 4748  3 
 4749  8 
 4750  5 
 4751  4 
 4752  8 
 4753  5 
 4754  4 
 4755  4 
 4756  6 
 4757  6 
 4758  11 
 4759  5 
 4760  5 
 4761  6 
 4762  7 
 4763  8 
 4764  10 
 4765  6 
 4766  14 
 4767  12 
 4768  14 
 4769  11 
 4770  9 
 4771  14 
 4772  14 
 4773  9 
 4774  11 
 4775  15 
 4776  17 
 4777  14 
 4778  19 
 4779  14 
 4780  16 
 4781  25 
 4782  15 
 4783  21 
 4784  23 
 4785  17 
 4786  15 
 4787  19 
 4788  26 
 4789  32 
 4790  38 
 4791  42 
 4792  45 
 4793  52 
 4794  50 
 4795  66 
 4796  66 
 4797  71 
 4798  78 
 4799  84 
 4800  75 
 4801  98 
 4802  120 
 4803  121 
 4804  155 
 4805  155 
 4806  183 
 4807  195 
 4808  213 
 4809  218 
 4810  284 
 4811  302 
 4812  335 
 4813  332 
 4814  366 
 4815  397 
 4816  475 
 4817  494 
 4818  521 
 4819  610 
 4820  643 
 4821  717 
 4822  727 
 4823  804 
 4824  830 
 4825  939 
 4826  973 
 4827  963 
 4828  1084 
 4829  1141 
 4830  1158 
 4831  1165 
 4832  1310 
 4833  1310 
 4834  1363 
 4835  1422 
 4836  1542 
 4837  1442 
 4838  1497 
 4839  1561 
 4840  1593 
 4841  1616 
 4842  1575 
 4843  1583 
 4844  1674 
 4845  1525 
 4846  1569 
 4847  1557 
 4848  1552 
 4849  1410 
 4850  1419 
 4851  1355 
 4852  1292 
 4853  1202 
 4854  1066 
 4855  1087 
 4856  977 
 4857  901 
 4858  837 
 4859  793 
 4860  740 
 4861  689 
 4862  631 
 4863  519 
 4864  506 
 4865  448 
 4866  400 
 4867  337 
 4868  277 
 4869  245 
 4870  239 
 4871  199 
 4872  159 
 4873  161 
 4874  119 
 4875  115 
 4876  110 
 4877  74 
 4878  86 
 4879  66 
 4880  57 
 4881  48 
 4882  36 
 4883  27 
 4884  26 
 4885  29 
 4886  30 
 4887  37 
 4888  30 
 4889  26 
 4890  34 
 4891  27 
 4892  23 
 4893  30 
 4894  28 
 4895  45 
 4896  48 
 4897  42 
 4898  43 
 4899  38 
 4900  51 
 4901  81 
 4902  66 
 4903  88 
 4904  76 
 4905  114 
 4906  96 
 4907  110 
 4908  114 
 4909  137 
 4910  132 
 4911  134 
 4912  141 
 4913  151 
 4914  146 
 4915  138 
 4916  175 
 4917  164 
 4918  149 
 4919  166 
 4920  154 
 4921  134 
 4922  142 
 4923  127 
 4924  128 
 4925  113 
 4926  112 
 4927  92 
 4928  95 
 4929  91 
 4930  77 
 4931  72 
 4932  58 
 4933  45 
 4934  50 
 4935  55 
 4936  35 
 4937  43 
 4938  35 
 4939  35 
 4940  25 
 4941  26 
 4942  20 
 4943  21 
 4944  25 
 4945  21 
 4946  17 
 4947  22 
 4948  29 
 4949  18 
 4950  26 
 4951  26 
 4952  20 
 4953  26 
 4954  18 
 4955  19 
 4956  29 
 4957  29 
 4958  21 
 4959  13 
 4960  17 
 4961  19 
 4962  19 
 4963  16 
 4964  24 
 4965  15 
 4966  14 
 4967  12 
 4968  11 
 4969  11 
 4970  6 
 4971  10 
 4972  9 
 4973  6 
 4974  7 
 4975  12 
 4976  8 
 4977  8 
 4978  6 
 4979  5 
 4980  4 
 4981  3 
 4982  3 
 4983  1 
 4984  2 
 4985  1 
 4986  5 
 4987  1 
 4988  0 
 4989  2 
 4990  4 
 4991  0 
 4992  1 
 4993  0 
 4994  0 
 4995  0 
 4996  0 
 4997  0 
 4998  1 
 4999  0 
 5000  0 
 5001  0 
 5002  1 
 5003  2 
 5004  0 
 5005  0 
 5006  0 
 5007  0 
 5008  0 
 5009  0 
 5010  0 
 5011  0 
 5012  0 
 5013  2 
 5014  0 
 5015  0 
 5016  0 
 5017  1 
 5018  0 
 5019  1 
 5020  0 
 5021  0 
 5022  0 
 5023  2 
 5024  0 
 5025  0 
 5026  0 
 5027  2 
 5028  0 
 5029  0 
 5030  0 
 5031  0 
 5032  0 
 5033  0 
 5034  1 
 5035  0 
 5036  1 
 5037  0 
 5038  1 
 5039  0 
 5040  0 
 5041  0 
 5042  0 
 5043  0 
 5044  0 
 5045  0 
 5046  0 
 5047  0 
 5048  0 
 5049  1 
 5050  0 
 5051  0 
 5052  0 
 5053  1 
 5054  0 
 5055  0 
 5056  0 
 5057  0 
 5058  0 
 5059  0 
 5060  0 
 5061  0 
 5062  0 
 5063  0 
 5064  1 
 5065  1 
 5066  0 
 5067  0 
 5068  0 
 5069  0 
 5070  0 
 5071  0 
 5072  0 
 5073  0 
 5074  0 
 5075  0 
 5076  0 
 5077  0 
 5078  1 
 5079  0 
 5080  0 
 5081  0 
 5082  0 
 5083  0 
 5084  1 
 5085  0 
 5086  0 
 5087  0 
 5088  0 
 5089  0 
 5090  0 
 5091  0 
 5092  0 
 5093  0 
 5094  0 
 5095  0 
 5096  0 
 5097  1 
 5098  0 
 5099  0 
 5100  0 
 5101  0 
 5102  0 
 5103  0 
 5104  0 
 5105  0 
 5106  0 
 5107  0 
 5108  0 
 5109  1 
 5110  1 
 5111  0 
 5112  0 
 5113  0 
 5114  0 
 5115  0 
 5116  0 
 5117  0 
 5118  0 
 5119  0 
 5120  0 
 5121  0 
 5122  0 
 5123  0 
 5124  1 
 5125  0 
 5126  1 
 5127  0 
 5128  1 
 5129  0 
 5130  0 
 5131  0 
 5132  1 
 5133  0 
 5134  0 
 5135  0 
 5136  0 
 5137  1 
 5138  0 
 5139  1 
 5140  0 
 5141  0 
 5142  0 
 5143  0 
 5144  0 
 5145  0 
 5146  0 
 5147  0 
 5148  0 
 5149  0 
 5150  0 
 5151  0 
 5152  0 
 5153  0 
 5154  0 
 5155  0 
 5156  0 
 5157  0 
 5158  0 
 5159  0 
 5160  0 
 5161  0 
 5162  0 
 5163  0 
 5164  0 
 5165  0 
 5166  0 
 5167  0 
 5168  0 
 5169  0 
 5170  1 
 5171  0 
 5172  0 
 5173  0 
 5174  2 
 5175  0 
 5176  0 
 5177  0 
 5178  0 
 5179  0 
 5180  1 
 5181  0 
 5182  0 
 5183  0 
 5184  0 
 5185  0 
 5186  0 
 5187  0 
 5188  0 
 5189  1 
 5190  0 
 5191  1 
 5192  1 
 5193  0 
 5194  0 
 5195  0 
 5196  0 
 5197  0 
 5198  0 
 5199  0 
 5200  0 
 5201  0 
 5202  0 
 5203  0 
 5204  0 
 5205  0 
 5206  0 
 5207  0 
 5208  1 
 5209  0 
 5210  0 
 5211  0 
 5212  0 
 5213  0 
 5214  0 
 5215  0 
 5216  0 
 5217  0 
 5218  0 
 5219  0 
 5220  0 
 5221  0 
 5222  0 
 5223  0 
 5224  0 
 5225  0 
 5226  0 
 5227  0 
 5228  1 
 5229  0 
 5230  0 
 5231  0 
 5232  0 
 5233  0 
 5234  0 
 5235  0 
 5236  0 
 5237  0 
 5238  0 
 5239  0 
 5240  0 
 5241  0 
 5242  0 
 5243  0 
 5244  0 
 5245  0 
 5246  0 
 5247  0 
 5248  0 
 5249  0 
 5250  0 
 5251  0 
 5252  0 
 5253  0 
 5254  0 
 5255  0 
 5256  0 
 5257  0 
 5258  0 
 5259  0 
 5260  0 
 5261  0 
 5262  0 
 5263  0 
 5264  0 
 5265  0 
 5266  0 
 5267  0 
 5268  0 
 5269  0 
 5270  0 
 5271  0 
 5272  0 
 5273  0 
 5274  0 
 5275  0 
 5276  0 
 5277  0 
 5278  0 
 5279  0 
 5280  0 
 5281  0 
 5282  0 
 5283  0 
 5284  0 
 5285  0 
 5286  0 
 5287  1 
 5288  0 
 5289  0 
 5290  1 
 5291  0 
 5292  0 
 5293  0 
 5294  0 
 5295  0 
 5296  0 
 5297  0 
 5298  0 
 5299  0 
 5300  0 
 5301  0 
 5302  0 
 5303  0 
 5304  0 
 5305  0 
 5306  0 
 5307  0 
 5308  0 
 5309  0 
 5310  0 
 5311  0 
 5312  0 
 5313  0 
 5314  0 
 5315  0 
 5316  0 
 5317  0 
 5318  0 
 5319  0 
 5320  1 
 5321  0 
 5322  0 
 5323  0 
 5324  0 
 5325  0 
 5326  0 
 5327  0 
 5328  0 
 5329  0 
 5330  0 
 5331  0 
 5332  0 
 5333  0 
 5334  0 
 5335  0 
 5336  0 
 5337  1 
 5338  0 
 5339  1 
 5340  0 
 5341  0 
 5342  0 
 5343  0 
 5344  0 
 5345  0 
 5346  0 
 5347  0 
 5348  0 
 5349  0 
 5350  0 
 5351  0 
 5352  0 
 5353  0 
 5354  0 
 5355  0 
 5356  0 
 5357  0 
 5358  0 
 5359  0 
 5360  0 
 5361  0 
 5362  0 
 5363  0 
 5364  0 
 5365  0 
 5366  0 
 5367  0 
 5368  0 
 5369  0 
 5370  0 
 5371  0 
 5372  0 
 5373  0 
 5374  0 
 5375  0 
 5376  0 
 5377  0 
 5378  0 
 5379  0 
 5380  0 
 5381  0 
 5382  1 
 5383  0 
 5384  0 
 5385  0 
 5386  0 
 5387  0 
 5388  0 
 5389  0 
 5390  0 
 5391  0 
 5392  0 
 5393  0 
 5394  0 
 5395  0 
 5396  0 
 5397  1 
 5398  0 
 5399  0 
 5400  0 
 5401  0 
 5402  0 
 5403  0 
 5404  0 
 5405  0 
 5406  0 
 5407  0 
 5408  0 
 5409  0 
 5410  0 
 5411  0 
 5412  0 
 5413  0 
 5414  0 
 5415  0 
 5416  0 
 5417  0 
 5418  0 
 5419  0 
 5420  0 
 5421  0 
 5422  0 
 5423  0 
 5424  0 
 5425  0 
 5426  0 
 5427  0 
 5428  0 
 5429  0 
 5430  0 
 5431  0 
 5432  0 
 5433  0 
 5434  0 
 5435  0 
 5436  0 
 5437  0 
 5438  0 
 5439  0 
 5440  0 
 5441  0 
 5442  0 
 5443  0 
 5444  0 
 5445  0 
 5446  0 
 5447  0 
 5448  0 
 5449  0 
 5450  0 
 5451  0 
 5452  0 
 5453  0 
 5454  0 
 5455  0 
 5456  0 
 5457  0 
 5458  1 
 5459  0 
 5460  0 
 5461  0 
 5462  0 
 5463  0 
 5464  1 
 5465  0 
 5466  0 
 5467  0 
 5468  0 
 5469  0 
 5470  0 
 5471  0 
 5472  0 
 5473  1 
 5474  0 
 5475  0 
 5476  0 
 5477  0 
 5478  0 
 5479  0 
 5480  0 
 5481  0 
 5482  0 
 5483  0 
 5484  0 
 5485  0 
 5486  0 
 5487  0 
 5488  0 
 5489  0 
 5490  0 
 5491  0 
 5492  0 
 5493  0 
 5494  1 
 5495  0 
 5496  0 
 5497  0 
 5498  0 
 5499  0 
 5500  0 
 5501  0 
 5502  0 
 5503  0 
 5504  2 
 5505  0 
 5506  0 
 5507  0 
 5508  0 
 5509  0 
 5510  0 
 5511  0 
 5512  0 
 5513  0 
 5514  0 
 5515  0 
 5516  0 
 5517  0 
 5518  0 
 5519  0 
 5520  0 
 5521  0 
 5522  0 
 5523  0 
 5524  0 
 5525  0 
 5526  0 
 5527  0 
 5528  0 
 5529  0 
 5530  0 
 5531  0 
 5532  1 
 5533  0 
 5534  1 
 5535  0 
 5536  0 
 5537  0 
 5538  0 
 5539  0 
 5540  0 
 5541  0 
 5542  0 
 5543  0 
 5544  1 
 5545  0 
 5546  0 
 5547  0 
 5548  0 
 5549  0 
 5550  0 
 5551  0 
 5552  0 
 5553  0 
 5554  0 
 5555  0 
 5556  0 
 5557  0 
 5558  0 
 5559  1 
 5560  0 
 5561  0 
 5562  1 
 5563  0 
 5564  0 
 5565  0 
 5566  0 
 5567  0 
 5568  0 
 5569  0 
 5570  0 
 5571  0 
 5572  0 
 5573  0 
 5574  0 
 5575  0 
 5576  0 
 5577  0 
 5578  0 
 5579  0 
 5580  0 
 5581  0 
 5582  0 
 5583  0 
 5584  1 
 5585  0 
 5586  0 
 5587  2 
 5588  1 
 5589  1 
 5590  0 
 5591  0 
 5592  0 
 5593  0 
 5594  0 
 5595  0 
 5596  0 
 5597  0 
 5598  0 
 5599  0 
 5600  0 
 5601  0 
 5602  0 
 5603  0 
 5604  0 
 5605  0 
 5606  0 
 5607  0 
 5608  0 
 5609  0 
 5610  0 
 5611  1 
 5612  0 
 5613  0 
 5614  0 
 5615  0 
 5616  0 
 5617  0 
 5618  0 
 5619  0 
 5620  0 
 5621  0 
 5622  0 
 5623  0 
 5624  0 
 5625  0 
 5626  0 
 5627  0 
 5628  0 
 5629  0 
 5630  0 
 5631  0 
 5632  0 
 5633  0 
 5634  0 
 5635  0 
 5636  0 
 5637  0 
 5638  0 
 5639  0 
 5640  0 
 5641  0 
 5642  0 
 5643  0 
 5644  0 
 5645  0 
 5646  0 
 5647  0 
 5648  0 
 5649  0 
 5650  0 
 5651  0 
 5652  0 
 5653  0 
 5654  0 
 5655  0 
 5656  0 
 5657  0 
 5658  0 
 5659  0 
 5660  0 
 5661  1 
 5662  0 
 5663  1 
 5664  0 
 5665  0 
 5666  0 
 5667  0 
 5668  0 
 5669  0 
 5670  0 
 5671  0 
 5672  0 
 5673  0 
 5674  0 
 5675  0 
 5676  0 
 5677  0 
 5678  0 
 5679  0 
 5680  0 
 5681  0 
 5682  0 
 5683  0 
 5684  0 
 5685  0 
 5686  0 
 5687  0 
 5688  0 
 5689  0 
 5690  0 
 5691  0 
 5692  0 
 5693  0 
 5694  0 
 5695  0 
 5696  0 
 5697  0 
 5698  0 
 5699  0 
 5700  0 
 5701  0 
 5702  0 
 5703  0 
 5704  0 
 5705  0 
 5706  0 
 5707  1 
 5708  0 
 5709  0 
 5710  0 
 5711  0 
 5712  0 
 5713  0 
 5714  0 
 5715  0 
 5716  0 
 5717  0 
 5718  0 
 5719  1 
 5720  0 
 5721  0 
 5722  0 
 5723  0 
 5724  0 
 5725  1 
 5726  0 
 5727  0 
 5728  0 
 5729  0 
 5730  0 
 5731  0 
 5732  0 
 5733  0 
 5734  0 
 5735  0 
 5736  0 
 5737  0 
 5738  0 
 5739  0 
 5740  0 
 5741  0 
 5742  0 
 5743  0 
 5744  0 
 5745  0 
 5746  0 
 5747  0 
 5748  0 
 5749  0 
 5750  0 
 5751  0 
 5752  0 
 5753  0 
 5754  0 
 5755  0 
 5756  0 
 5757  0 
 5758  0 
 5759  0 
 5760  0 
 5761  0 
 5762  0 
 5763  0 
 5764  0 
 5765  0 
 5766  0 
 5767  0 
 5768  0 
 5769  0 
 5770  1 
 5771  0 
 5772  0 
 5773  0 
 5774  0 
 5775  0 
 5776  1 
 5777  1 
 5778  0 
 5779  0 
 5780  0 
 5781  0 
 5782  0 
 5783  0 
 5784  0 
 5785  0 
 5786  0 
 5787  0 
 5788  0 
 5789  0 
 5790  0 
 5791  0 
 5792  0 
 5793  0 
 5794  0 
 5795  0 
 5796  0 
 5797  0 
 5798  0 
 5799  0 
 5800  0 
 5801  0 
 5802  0 
 5803  0 
 5804  0 
 5805  0 
 5806  0 
 5807  0 
 5808  0 
 5809  0 
 5810  0 
 5811  1 
 5812  0 
 5813  0 
 5814  0 
 5815  0 
 5816  0 
 5817  0 
 5818  0 
 5819  0 
 5820  0 
 5821  0 
 5822  0 
 5823  0 
 5824  0 
 5825  0 
 5826  1 
 5827  0 
 5828  0 
 5829  0 
 5830  0 
 5831  0 
 5832  0 
 5833  0 
 5834  0 
 5835  0 
 5836  0 
 5837  0 
 5838  0 
 5839  0 
 5840  0 
 5841  0 
 5842  0 
 5843  0 
 5844  0 
 5845  0 
 5846  0 
 5847  0 
 5848  0 
 5849  0 
 5850  0 
 5851  0 
 5852  0 
 5853  0 
 5854  0 
 5855  0 
 5856  0 
 5857  0 
 5858  0 
 5859  0 
 5860  1 
 5861  0 
 5862  0 
 5863  0 
 5864  0 
 5865  0 
 5866  0 
 5867  0 
 5868  0 
 5869  0 
 5870  1 
 5871  0 
 5872  0 
 5873  0 
 5874  0 
 5875  0 
 5876  0 
 5877  0 
 5878  0 
 5879  0 
 5880  0 
 5881  0 
 5882  0 
 5883  0 
 5884  0 
 5885  0 
 5886  0 
 5887  0 
 5888  1 
 5889  0 
 5890  0 
 5891  0 
 5892  0 
 5893  0 
 5894  0 
 5895  0 
 5896  0 
 5897  0 
 5898  0 
 5899  0 
 5900  1 
 5901  0 
 5902  0 
 5903  0 
 5904  0 
 5905  0 
 5906  0 
 5907  0 
 5908  0 
 5909  0 
 5910  0 
 5911  0 
 5912  0 
 5913  0 
 5914  0 
 5915  0 
 5916  0 
 5917  0 
 5918  0 
 5919  0 
 5920  0 
 5921  0 
 5922  0 
 5923  0 
 5924  0 
 5925  0 
 5926  0 
 5927  0 
 5928  0 
 5929  0 
 5930  0 
 5931  0 
 5932  0 
 5933  0 
 5934  0 
 5935  1 
 5936  0 
 5937  0 
 5938  0 
 5939  0 
 5940  0 
 5941  0 
 5942  0 
 5943  0 
 5944  0 
 5945  0 
 5946  0 
 5947  0 
 5948  0 
 5949  0 
 5950  0 
 5951  0 
 5952  0 
 5953  0 
 5954  0 
 5955  0 
 5956  0 
 5957  0 
 5958  0 
 5959  0 
 5960  0 
 5961  0 
 5962  0 
 5963  0 
 5964  0 
 5965  0 
 5966  0 
 5967  0 
 5968  0 
 5969  0 
 5970  0 
 5971  0 
 5972  0 
 5973  0 
 5974  0 
 5975  0 
 5976  0 
 5977  0 
 5978  0 
 5979  0 
 5980  0 
 5981  0 
 5982  0 
 5983  0 
 5984  0 
 5985  0 
 5986  0 
 5987  0 
 5988  0 
 5989  0 
 5990  0 
 5991  0 
 5992  0 
 5993  0 
 5994  0 
 5995  0 
 5996  0 
 5997  0 
 5998  0 
 5999  0 
 6000  0 
 6001  0 
 6002  0 
 6003  0 
 6004  0 
 6005  0 
 6006  0 
 6007  0 
 6008  0 
 6009  0 
 6010  0 
 6011  0 
 6012  0 
 6013  0 
 6014  0 
 6015  0 
 6016  0 
 6017  0 
 6018  0 
 6019  0 
 6020  0 
 6021  0 
 6022  0 
 6023  0 
 6024  0 
 6025  0 
 6026  0 
 6027  0 
 6028  0 
 6029  0 
 6030  0 
 6031  0 
 6032  0 
 6033  0 
 6034  0 
 6035  0 
 6036  0 
 6037  0 
 6038  0 
 6039  0 
 6040  0 
 6041  0 
 6042  0 
 6043  0 
 6044  0 
 6045  0 
 6046  0 
 6047  1 
 6048  0 
 6049  0 
 6050  0 
 6051  0 
 6052  0 
 6053  0 
 6054  0 
 6055  0 
 6056  0 
 6057  0 
 6058  0 
 6059  0 
 6060  0 
 6061  0 
 6062  0 
 6063  0 
 6064  0 
 6065  0 
 6066  0 
 6067  0 
 6068  0 
 6069  0 
 6070  0 
 6071  0 
 6072  0 
 6073  0 
 6074  0 
 6075  0 
 6076  0 
 6077  0 
 6078  0 
 6079  0 
 6080  0 
 6081  0 
 6082  0 
 6083  0 
 6084  0 
 6085  0 
 6086  0 
 6087  0 
 6088  0 
 6089  0 
 6090  0 
 6091  0 
 6092  0 
 6093  0 
 6094  0 
 6095  1 
 6096  0 
 6097  0 
 6098  1 
 6099  0 
 6100  0 
 6101  0 
 6102  0 
 6103  0 
 6104  0 
 6105  0 
 6106  0 
 6107  0 
 6108  1 
 6109  0 
 6110  0 
 6111  0 
 6112  0 
 6113  0 
 6114  0 
 6115  0 
 6116  0 
 6117  0 
 6118  0 
 6119  0 
 6120  0 
 6121  0 
 6122  0 
 6123  0 
 6124  0 
 6125  0 
 6126  0 
 6127  0 
 6128  0 
 6129  0 
 6130  0 
 6131  0 
 6132  0 
 6133  0 
 6134  0 
 6135  0 
 6136  0 
 6137  0 
 6138  0 
 6139  0 
 6140  0 
 6141  0 
 6142  0 
 6143  0 
 6144  0 
 6145  0 
 6146  0 
 6147  0 
 6148  0 
 6149  0 
 6150  0 
 6151  0 
 6152  0 
 6153  0 
 6154  0 
 6155  0 
 6156  0 
 6157  0 
 6158  0 
 6159  0 
 6160  0 
 6161  0 
 6162  0 
 6163  0 
 6164  0 
 6165  0 
 6166  0 
 6167  0 
 6168  0 
 6169  0 
 6170  0 
 6171  0 
 6172  0 
 6173  0 
 6174  0 
 6175  0 
 6176  0 
 6177  0 
 6178  0 
 6179  0 
 6180  0 
 6181  0 
 6182  0 
 6183  0 
 6184  0 
 6185  0 
 6186  0 
 6187  0 
 6188  0 
 6189  0 
 6190  0 
 6191  0 
 6192  0 
 6193  0 
 6194  0 
 6195  0 
 6196  0 
 6197  0 
 6198  0 
 6199  0 
 6200  0 
 6201  0 
 6202  0 
 6203  0 
 6204  0 
 6205  0 
 6206  0 
 6207  0 
 6208  0 
 6209  0 
 6210  0 
 6211  1 
 6212  0 
 6213  0 
 6214  0 
 6215  0 
 6216  0 
 6217  0 
 6218  0 
 6219  0 
 6220  0 
 6221  0 
 6222  0 
 6223  0 
 6224  0 
 6225  0 
 6226  0 
 6227  0 
 6228  0 
 6229  0 
 6230  0 
 6231  0 
 6232  0 
 6233  0 
 6234  0 
 6235  0 
 6236  0 
 6237  0 
 6238  0 
 6239  0 
 6240  0 
 6241  0 
 6242  0 
 6243  0 
 6244  0 
 6245  0 
 6246  0 
 6247  0 
 6248  0 
 6249  0 
 6250  0 
 6251  0 
 6252  0 
 6253  0 
 6254  0 
 6255  0 
 6256  0 
 6257  0 
 6258  0 
 6259  0 
 6260  0 
 6261  0 
 6262  0 
 6263  0 
 6264  0 
 6265  0 
 6266  0 
 6267  0 
 6268  0 
 6269  0 
 6270  0 
 6271  0 
 6272  0 
 6273  0 
 6274  0 
 6275  0 
 6276  0 
 6277  0 
 6278  0 
 6279  0 
 6280  0 
 6281  0 
 6282  0 
 6283  0 
 6284  0 
 6285  0 
 6286  0 
 6287  0 
 6288  0 
 6289  0 
 6290  0 
 6291  0 
 6292  0 
 6293  0 
 6294  0 
 6295  0 
 6296  0 
 6297  0 
 6298  0 
 6299  0 
 6300  0 
 6301  0 
 6302  0 
 6303  0 
 6304  0 
 6305  0 
 6306  0 
 6307  0 
 6308  0 
 6309  0 
 6310  0 
 6311  0 
 6312  0 
 6313  0 
 6314  0 
 6315  0 
 6316  0 
 6317  0 
 6318  0 
 6319  0 
 6320  0 
 6321  0 
 6322  0 
 6323  0 
 6324  0 
 6325  0 
 6326  0 
 6327  0 
 6328  0 
 6329  0 
 6330  0 
 6331  0 
 6332  0 
 6333  0 
 6334  0 
 6335  0 
 6336  0 
 6337  0 
 6338  0 
 6339  0 
 6340  0 
 6341  0 
 6342  0 
 6343  0 
 6344  0 
 6345  0 
 6346  0 
 6347  0 
 6348  0 
 6349  0 
 6350  0 
 6351  0 
 6352  0 
 6353  0 
 6354  0 
 6355  0 
 6356  0 
 6357  0 
 6358  0 
 6359  0 
 6360  0 
 6361  0 
 6362  0 
 6363  0 
 6364  0 
 6365  0 
 6366  0 
 6367  0 
 6368  0 
 6369  0 
 6370  0 
 6371  0 
 6372  0 
 6373  0 
 6374  0 
 6375  0 
 6376  0 
 6377  0 
 6378  0 
 6379  0 
 6380  0 
 6381  0 
 6382  0 
 6383  0 
 6384  0 
 6385  0 
 6386  0 
 6387  0 
 6388  0 
 6389  0 
 6390  0 
 6391  0 
 6392  0 
 6393  0 
 6394  1 
 6395  1 
 6396  0 
 6397  0 
 6398  0 
 6399  0 
 6400  0 
 6401  0 
 6402  0 
 6403  0 
 6404  0 
 6405  0 
 6406  0 
 6407  0 
 6408  0 
 6409  0 
 6410  0 
 6411  0 
 6412  0 
 6413  0 
 6414  0 
 6415  0 
 6416  0 
 6417  0 
 6418  0 
 6419  0 
 6420  0 
 6421  0 
 6422  0 
 6423  0 
 6424  0 
 6425  0 
 6426  0 
 6427  0 
 6428  0 
 6429  0 
 6430  0 
 6431  1 
 6432  0 
 6433  0 
 6434  0 
 6435  1 
 6436  0 
 6437  0 
 6438  0 
 6439  0 
 6440  0 
 6441  0 
 6442  0 
 6443  0 
 6444  0 
 6445  1 
 6446  0 
 6447  0 
 6448  1 
 6449  0 
 6450  1 
 6451  0 
 6452  0 
 6453  1 
 6454  1 
 6455  0 
 6456  1 
 6457  0 
 6458  1 
 6459  0 
 6460  0 
 6461  0 
 6462  1 
 6463  0 
 6464  0 
 6465  1 
 6466  0 
 6467  0 
 6468  2 
 6469  0 
 6470  0 
 6471  0 
 6472  1 
 6473  0 
 6474  1 
 6475  0 
 6476  0 
 6477  0 
 6478  0 
 6479  0 
 6480  0 
 6481  0 
 6482  0 
 6483  0 
 6484  0 
 6485  1 
 6486  1 
 6487  0 
 6488  0 
 6489  0 
 6490  0 
 6491  0 
 6492  0 
 6493  0 
 6494  0 
 6495  0 
 6496  0 
 6497  1 
 6498  1 
 6499  0 
 6500  0 
 6501  0 
 6502  0 
 6503  0 
 6504  0 
 6505  1 
 6506  0 
 6507  0 
 6508  0 
 6509  0 
 6510  0 
 6511  0 
 6512  0 
 6513  0 
 6514  0 
 6515  0 
 6516  0 
 6517  0 
 6518  0 
 6519  0 
 6520  0 
 6521  2 
 6522  0 
 6523  0 
 6524  0 
 6525  1 
 6526  0 
 6527  0 
 6528  0 
 6529  0 
 6530  1 
 6531  1 
 6532  1 
 6533  0 
 6534  1 
 6535  1 
 6536  1 
 6537  0 
 6538  1 
 6539  1 
 6540  0 
 6541  0 
 6542  0 
 6543  0 
 6544  1 
 6545  0 
 6546  0 
 6547  0 
 6548  0 
 6549  0 
 6550  0 
 6551  0 
 6552  0 
 6553  0 
 6554  0 
 6555  1 
 6556  0 
 6557  0 
 6558  2 
 6559  1 
 6560  0 
 6561  1 
 6562  0 
 6563  0 
 6564  1 
 6565  0 
 6566  0 
 6567  0 
 6568  0 
 6569  0 
 6570  0 
 6571  1 
 6572  0 
 6573  0 
 6574  1 
 6575  0 
 6576  0 
 6577  0 
 6578  0 
 6579  0 
 6580  0 
 6581  1 
 6582  0 
 6583  1 
 6584  1 
 6585  1 
 6586  1 
 6587  1 
 6588  0 
 6589  1 
 6590  1 
 6591  1 
 6592  1 
 6593  0 
 6594  0 
 6595  1 
 6596  0 
 6597  1 
 6598  0 
 6599  0 
 6600  0 
 6601  1 
 6602  0 
 6603  0 
 6604  0 
 6605  0 
 6606  1 
 6607  0 
 6608  0 
 6609  0 
 6610  0 
 6611  0 
 6612  0 
 6613  0 
 6614  1 
 6615  0 
 6616  0 
 6617  0 
 6618  0 
 6619  0 
 6620  0 
 6621  0 
 6622  0 
 6623  1 
 6624  0 
 6625  0 
 6626  0 
 6627  0 
 6628  0 
 6629  1 
 6630  0 
 6631  0 
 6632  0 
 6633  0 
 6634  0 
 6635  0 
 6636  0 
 6637  0 
 6638  0 
 6639  1 
 6640  0 
 6641  0 
 6642  0 
 6643  0 
 6644  0 
 6645  0 
 6646  0 
 6647  0 
 6648  0 
 6649  0 
 6650  0 
 6651  0 
 6652  0 
 6653  0 
 6654  0 
 6655  0 
 6656  0 
 6657  0 
 6658  0 
 6659  1 
 6660  0 
 6661  0 
 6662  0 
 6663  0 
 6664  0 
 6665  0 
 6666  0 
 6667  0 
 6668  0 
 6669  0 
 6670  0 
 6671  0 
 6672  0 
 6673  0 
 6674  0 
 6675  0 
 6676  0 
 6677  0 
 6678  0 
 6679  0 
 6680  0 
 6681  0 
 6682  0 
 6683  0 
 6684  0 
 6685  0 
 6686  0 
 6687  0 
 6688  0 
 6689  0 
 6690  0 
 6691  0 
 6692  0 
 6693  0 
 6694  0 
 6695  0 
 6696  0 
 6697  0 
 6698  0 
 6699  0 
 6700  0 
 6701  0 
 6702  0 
 6703  0 
 6704  0 
 6705  0 
 6706  0 
 6707  0 
 6708  0 
 6709  0 
 6710  0 
 6711  0 
 6712  0 
 6713  0 
 6714  0 
 6715  0 
 6716  0 
 6717  0 
 6718  0 
 6719  0 
 6720  0 
 6721  0 
 6722  0 
 6723  0 
 6724  0 
 6725  0 
 6726  0 
 6727  0 
 6728  0 
 6729  0 
 6730  0 
 6731  0 
 6732  0 
 6733  0 
 6734  0 
 6735  0 
 6736  0 
 6737  0 
 6738  0 
 6739  0 
 6740  0 
 6741  0 
 6742  0 
 6743  0 
 6744  0 
 6745  0 
 6746  0 
 6747  1 
 6748  0 
 6749  0 
 6750  0 
 6751  0 
 6752  0 
 6753  0 
 6754  0 
 6755  0 
 6756  1 
 6757  0 
 6758  0 
 6759  0 
 6760  0 
 6761  0 
 6762  0 
 6763  0 
 6764  0 
 6765  0 
 6766  1 
 6767  0 
 6768  0 
 6769  0 
 6770  0 
 6771  1 
 6772  0 
 6773  0 
 6774  0 
 6775  0 
 6776  0 
 6777  0 
 6778  0 
 6779  0 
 6780  0 
 6781  0 
 6782  0 
 6783  0 
 6784  0 
 6785  0 
 6786  0 
 6787  0 
 6788  0 
 6789  0 
 6790  0 
 6791  0 
 6792  0 
 6793  0 
 6794  0 
 6795  0 
 6796  0 
 6797  0 
 6798  0 
 6799  0 
 6800  0 
 6801  0 
 6802  0 
 6803  0 
 6804  0 
 6805  0 
 6806  0 
 6807  0 
 6808  0 
 6809  0 
 6810  0 
 6811  0 
 6812  0 
 6813  0 
 6814  0 
 6815  0 
 6816  0 
 6817  0 
 6818  0 
 6819  0 
 6820  0 
 6821  0 
 6822  0 
 6823  0 
 6824  1 
 6825  0 
 6826  0 
 6827  0 
 6828  0 
 6829  0 
 6830  0 
 6831  0 
 6832  0 
 6833  0 
 6834  0 
 6835  0 
 6836  0 
 6837  0 
 6838  0 
 6839  0 
 6840  0 
 6841  0 
 6842  0 
 6843  0 
 6844  0 
 6845  0 
 6846  0 
 6847  0 
 6848  0 
 6849  0 
 6850  0 
 6851  0 
 6852  0 
 6853  0 
 6854  0 
 6855  0 
 6856  0 
 6857  0 
 6858  0 
 6859  0 
 6860  0 
 6861  0 
 6862  0 
 6863  0 
 6864  0 
 6865  0 
 6866  0 
 6867  0 
 6868  0 
 6869  0 
 6870  0 
 6871  0 
 6872  0 
 6873  0 
 6874  0 
 6875  0 
 6876  0 
 6877  0 
 6878  0 
 6879  0 
 6880  0 
 6881  0 
 6882  0 
 6883  0 
 6884  0 
 6885  0 
 6886  0 
 6887  0 
 6888  0 
 6889  0 
 6890  0 
 6891  0 
 6892  0 
 6893  0 
 6894  0 
 6895  0 
 6896  0 
 6897  0 
 6898  0 
 6899  0 
 6900  0 
 6901  0 
 6902  0 
 6903  0 
 6904  0 
 6905  0 
 6906  0 
 6907  0 
 6908  0 
 6909  0 
 6910  0 
 6911  0 
 6912  0 
 6913  0 
 6914  0 
 6915  0 
 6916  0 
 6917  0 
 6918  0 
 6919  0 
 6920  0 
 6921  0 
 6922  0 
 6923  0 
 6924  0 
 6925  0 
 6926  0 
 6927  0 
 6928  0 
 6929  0 
 6930  0 
 6931  0 
 6932  0 
 6933  0 
 6934  0 
 6935  0 
 6936  0 
 6937  0 
 6938  0 
 6939  0 
 6940  0 
 6941  0 
 6942  0 
 6943  0 
 6944  0 
 6945  0 
 6946  0 
 6947  0 
 6948  0 
 6949  0 
 6950  0 
 6951  0 
 6952  0 
 6953  0 
 6954  0 
 6955  0 
 6956  0 
 6957  0 
 6958  0 
 6959  0 
 6960  0 
 6961  0 
 6962  0 
 6963  0 
 6964  0 
 6965  0 
 6966  0 
 6967  0 
 6968  0 
 6969  0 
 6970  0 
 6971  0 
 6972  0 
 6973  0 
 6974  0 
 6975  0 
 6976  0 
 6977  0 
 6978  0 
 6979  0 
 6980  0 
 6981  0 
 6982  0 
 6983  0 
 6984  0 
 6985  0 
 6986  0 
 6987  0 
 6988  0 
 6989  0 
 6990  0 
 6991  0 
 6992  0 
 6993  0 
 6994  0 
 6995  0 
 6996  0 
 6997  0 
 6998  0 
 6999  0 
 7000  0 
 7001  0 
 7002  0 
 7003  0 
 7004  0 
 7005  0 
 7006  0 
 7007  0 
 7008  0 
 7009  0 
 7010  0 
 7011  0 
 7012  0 
 7013  0 
 7014  0 
 7015  0 
 7016  0 
 7017  0 
 7018  0 
 7019  0 
 7020  0 
 7021  0 
 7022  0 
 7023  0 
 7024  0 
 7025  0 
 7026  0 
 7027  0 
 7028  0 
 7029  0 
 7030  0 
 7031  0 
 7032  0 
 7033  0 
 7034  0 
 7035  0 
 7036  0 
 7037  0 
 7038  0 
 7039  0 
 7040  0 
 7041  0 
 7042  0 
 7043  0 
 7044  0 
 7045  0 
 7046  0 
 7047  0 
 7048  0 
 7049  0 
 7050  0 
 7051  0 
 7052  0 
 7053  0 
 7054  0 
 7055  0 
 7056  0 
 7057  0 
 7058  0 
 7059  0 
 7060  0 
 7061  0 
 7062  0 
 7063  0 
 7064  0 
 7065  0 
 7066  0 
 7067  0 
 7068  0 
 7069  0 
 7070  0 
 7071  0 
 7072  0 
 7073  0 
 7074  0 
 7075  0 
 7076  0 
 7077  0 
 7078  0 
 7079  0 
 7080  0 
 7081  0 
 7082  1 
 7083  0 
 7084  0 
 7085  0 
 7086  0 
 7087  0 
 7088  0 
 7089  0 
 7090  0 
 7091  0 
 7092  0 
 7093  0 
 7094  0 
 7095  0 
 7096  0 
 7097  0 
 7098  0 
 7099  0 
 7100  0 
 7101  0 
 7102  0 
 7103  0 
 7104  0 
 7105  0 
 7106  0 
 7107  0 
 7108  0 
 7109  0 
 7110  0 
 7111  0 
 7112  0 
 7113  0 
 7114  0 
 7115  0 
 7116  0 
 7117  0 
 7118  0 
 7119  0 
 7120  0 
 7121  0 
 7122  0 
 7123  0 
 7124  0 
 7125  0 
 7126  0 
 7127  0 
 7128  0 
 7129  0 
 7130  0 
 7131  0 
 7132  0 
 7133  0 
 7134  0 
 7135  0 
 7136  0 
 7137  0 
 7138  0 
 7139  0 
 7140  0 
 7141  0 
 7142  0 
 7143  0 
 7144  0 
 7145  0 
 7146  0 
 7147  0 
 7148  0 
 7149  0 
 7150  0 
 7151  0 
 7152  0 
 7153  0 
 7154  0 
 7155  0 
 7156  0 
 7157  0 
 7158  0 
 7159  0 
 7160  0 
 7161  0 
 7162  0 
 7163  0 
 7164  0 
 7165  0 
 7166  0 
 7167  0 
 7168  0 
 7169  0 
 7170  0 
 7171  0 
 7172  0 
 7173  0 
 7174  0 
 7175  0 
 7176  0 
 7177  0 
 7178  0 
 7179  0 
 7180  0 
 7181  0 
 7182  0 
 7183  0 
 7184  0 
 7185  0 
 7186  0 
 7187  0 
 7188  0 
 7189  0 
 7190  0 
 7191  0 
 7192  0 
 7193  0 
 7194  0 
 7195  0 
 7196  0 
 7197  0 
 7198  0 
 7199  0 
 7200  0 
 7201  0 
 7202  0 
 7203  0 
 7204  0 
 7205  0 
 7206  0 
 7207  0 
 7208  0 
 7209  0 
 7210  0 
 7211  0 
 7212  0 
 7213  0 
 7214  0 
 7215  0 
 7216  0 
 7217  0 
 7218  0 
 7219  0 
 7220  0 
 7221  0 
 7222  0 
 7223  0 
 7224  0 
 7225  0 
 7226  0 
 7227  0 
 7228  0 
 7229  0 
 7230  0 
 7231  0 
 7232  0 
 7233  0 
 7234  0 
 7235  0 
 7236  0 
 7237  0 
 7238  0 
 7239  0 
 7240  0 
 7241  0 
 7242  0 
 7243  0 
 7244  0 
 7245  0 
 7246  0 
 7247  0 
 7248  0 
 7249  0 
 7250  0 
 7251  0 
 7252  0 
 7253  0 
 7254  0 
 7255  0 
 7256  0 
 7257  0 
 7258  0 
 7259  0 
 7260  0 
 7261  0 
 7262  0 
 7263  0 
 7264  0 
 7265  0 
 7266  0 
 7267  0 
 7268  0 
 7269  0 
 7270  0 
 7271  0 
 7272  0 
 7273  0 
 7274  0 
 7275  0 
 7276  0 
 7277  0 
 7278  0 
 7279  0 
 7280  0 
 7281  0 
 7282  0 
 7283  0 
 7284  0 
 7285  0 
 7286  0 
 7287  0 
 7288  0 
 7289  0 
 7290  0 
 7291  0 
 7292  0 
 7293  0 
 7294  0 
 7295  0 
 7296  0 
 7297  0 
 7298  0 
 7299  0 
 7300  0 
 7301  0 
 7302  0 
 7303  0 
 7304  0 
 7305  0 
 7306  0 
 7307  0 
 7308  0 
 7309  0 
 7310  0 
 7311  0 
 7312  0 
 7313  0 
 7314  0 
 7315  0 
 7316  0 
 7317  0 
 7318  0 
 7319  0 
 7320  0 
 7321  0 
 7322  0 
 7323  0 
 7324  0 
 7325  0 
 7326  0 
 7327  0 
 7328  0 
 7329  0 
 7330  0 
 7331  0 
 7332  0 
 7333  0 
 7334  0 
 7335  0 
 7336  0 
 7337  0 
 7338  0 
 7339  0 
 7340  0 
 7341  0 
 7342  0 
 7343  0 
 7344  0 
 7345  0 
 7346  0 
 7347  0 
 7348  0 
 7349  0 
 7350  0 
 7351  0 
 7352  0 
 7353  0 
 7354  0 
 7355  0 
 7356  0 
 7357  0 
 7358  0 
 7359  0 
 7360  0 
 7361  0 
 7362  0 
 7363  0 
 7364  0 
 7365  0 
 7366  0 
 7367  0 
 7368  0 
 7369  0 
 7370  0 
 7371  0 
 7372  0 
 7373  0 
 7374  0 
 7375  0 
 7376  0 
 7377  0 
 7378  0 
 7379  0 
 7380  0 
 7381  0 
 7382  0 
 7383  0 
 7384  0 
 7385  0 
 7386  0 
 7387  0 
 7388  0 
 7389  0 
 7390  0 
 7391  0 
 7392  0 
 7393  0 
 7394  0 
 7395  0 
 7396  0 
 7397  0 
 7398  0 
 7399  0 
 7400  0 
 7401  0 
 7402  0 
 7403  0 
 7404  0 
 7405  0 
 7406  0 
 7407  0 
 7408  0 
 7409  0 
 7410  0 
 7411  0 
 7412  0 
 7413  0 
 7414  0 
 7415  0 
 7416  0 
 7417  0 
 7418  0 
 7419  0 
 7420  0 
 7421  0 
 7422  0 
 7423  0 
 7424  0 
 7425  0 
 7426  0 
 7427  0 
 7428  0 
 7429  0 
 7430  0 
 7431  0 
 7432  0 
 7433  1 
 7434  0 
 7435  0 
 7436  0 
 7437  0 
 7438  0 
 7439  0 
 7440  0 
 7441  0 
 7442  0 
 7443  0 
 7444  0 
 7445  0 
 7446  0 
 7447  0 
 7448  0 
 7449  0 
 7450  0 
 7451  0 
 7452  0 
 7453  0 
 7454  0 
 7455  0 
 7456  0 
 7457  0 
 7458  0 
 7459  0 
 7460  0 
 7461  0 
 7462  0 
 7463  0 
 7464  0 
 7465  0 
 7466  0 
 7467  0 
 7468  0 
 7469  0 
 7470  0 
 7471  0 
 7472  0 
 7473  0 
 7474  0 
 7475  0 
 7476  0 
 7477  0 
 7478  0 
 7479  0 
 7480  0 
 7481  0 
 7482  0 
 7483  0 
 7484  0 
 7485  0 
 7486  0 
 7487  0 
 7488  0 
 7489  0 
 7490  0 
 7491  0 
 7492  0 
 7493  0 
 7494  0 
 7495  0 
 7496  0 
 7497  0 
 7498  0 
 7499  0 
 7500  0 
 7501  0 
 7502  0 
 7503  0 
 7504  0 
 7505  0 
 7506  0 
 7507  0 
 7508  0 
 7509  1 
 7510  0 
 7511  0 
 7512  0 
 7513  0 
 7514  0 
 7515  0 
 7516  0 
 7517  0 
 7518  0 
 7519  0 
 7520  0 
 7521  0 
 7522  0 
 7523  0 
 7524  0 
 7525  0 
 7526  0 
 7527  0 
 7528  0 
 7529  0 
 7530  0 
 7531  0 
 7532  0 
 7533  0 
 7534  0 
 7535  0 
 7536  0 
 7537  0 
 7538  0 
 7539  0 
 7540  0 
 7541  0 
 7542  0 
 7543  0 
 7544  0 
 7545  0 
 7546  0 
 7547  0 
 7548  0 
 7549  0 
 7550  0 
 7551  0 
 7552  0 
 7553  0 
 7554  0 
 7555  0 
 7556  0 
 7557  0 
 7558  0 
 7559  0 
 7560  0 
 7561  0 
 7562  0 
 7563  0 
 7564  0 
 7565  0 
 7566  0 
 7567  0 
 7568  0 
 7569  0 
 7570  0 
 7571  0 
 7572  0 
 7573  1 
 7574  0 
 7575  0 
 7576  0 
 7577  0 
 7578  0 
 7579  1 
 7580  0 
 7581  0 
 7582  0 
 7583  0 
 7584  0 
 7585  0 
 7586  0 
 7587  0 
 7588  0 
 7589  0 
 7590  0 
 7591  0 
 7592  0 
 7593  0 
 7594  0 
 7595  0 
 7596  0 
 7597  0 
 7598  1 
 7599  0 
 7600  0 
 7601  0 
 7602  0 
 7603  0 
 7604  0 
 7605  0 
 7606  0 
 7607  0 
 7608  0 
 7609  0 
 7610  0 
 7611  0 
 7612  0 
 7613  0 
 7614  0 
 7615  0 
 7616  0 
 7617  0 
 7618  0 
 7619  0 
 7620  0 
 7621  0 
 7622  0 
 7623  0 
 7624  0 
 7625  0 
 7626  0 
 7627  0 
 7628  0 
 7629  0 
 7630  0 
 7631  0 
 7632  0 
 7633  0 
 7634  0 
 7635  0 
 7636  0 
 7637  0 
 7638  0 
 7639  0 
 7640  0 
 7641  0 
 7642  0 
 7643  0 
 7644  0 
 7645  0 
 7646  0 
 7647  0 
 7648  0 
 7649  0 
 7650  1 
 7651  0 
 7652  0 
 7653  0 
 7654  0 
 7655  0 
 7656  0 
 7657  0 
 7658  0 
 7659  0 
 7660  0 
 7661  0 
 7662  0 
 7663  0 
 7664  0 
 7665  0 
 7666  0 
 7667  0 
 7668  1 
 7669  0 
 7670  0 
 7671  0 
 7672  0 
 7673  0 
 7674  0 
 7675  0 
 7676  0 
 7677  0 
 7678  0 
 7679  0 
 7680  0 
 7681  0 
 7682  0 
 7683  0 
 7684  0 
 7685  0 
 7686  0 
 7687  0 
 7688  0 
 7689  0 
 7690  0 
 7691  0 
 7692  0 
 7693  0 
 7694  0 
 7695  0 
 7696  0 
 7697  0 
 7698  0 
 7699  0 
 7700  0 
 7701  0 
 7702  0 
 7703  0 
 7704  0 
 7705  0 
 7706  0 
 7707  0 
 7708  0 
 7709  0 
 7710  0 
 7711  0 
 7712  0 
 7713  0 
 7714  0 
 7715  0 
 7716  0 
 7717  0 
 7718  0 
 7719  0 
 7720  0 
 7721  0 
 7722  1 
 7723  0 
 7724  0 
 7725  0 
 7726  0 
 7727  0 
 7728  0 
 7729  0 
 7730  0 
 7731  0 
 7732  0 
 7733  0 
 7734  0 
 7735  0 
 7736  0 
 7737  0 
 7738  0 
 7739  0 
 7740  0 
 7741  0 
 7742  0 
 7743  0 
 7744  0 
 7745  0 
 7746  0 
 7747  0 
 7748  0 
 7749  0 
 7750  0 
 7751  0 
 7752  0 
 7753  0 
 7754  0 
 7755  0 
 7756  0 
 7757  0 
 7758  0 
 7759  0 
 7760  0 
 7761  0 
 7762  0 
 7763  0 
 7764  0 
 7765  0 
 7766  0 
 7767  0 
 7768  0 
 7769  0 
 7770  0 
 7771  0 
 7772  0 
 7773  0 
 7774  0 
 7775  0 
 7776  0 
 7777  0 
 7778  0 
 7779  0 
 7780  0 
 7781  0 
 7782  0 
 7783  0 
 7784  0 
 7785  0 
 7786  0 
 7787  0 
 7788  0 
 7789  0 
 7790  0 
 7791  0 
 7792  0 
 7793  0 
 7794  0 
 7795  0 
 7796  0 
 7797  0 
 7798  0 
 7799  0 
 7800  0 
 7801  0 
 7802  0 
 7803  0 
 7804  0 
 7805  0 
 7806  0 
 7807  0 
 7808  0 
 7809  0 
 7810  0 
 7811  0 
 7812  0 
 7813  0 
 7814  0 
 7815  0 
 7816  0 
 7817  0 
 7818  0 
 7819  0 
 7820  1 
 7821  0 
 7822  0 
 7823  0 
 7824  0 
 7825  0 
 7826  0 
 7827  0 
 7828  0 
 7829  0 
 7830  0 
 7831  0 
 7832  0 
 7833  0 
 7834  0 
 7835  0 
 7836  0 
 7837  0 
 7838  0 
 7839  0 
 7840  0 
 7841  0 
 7842  0 
 7843  0 
 7844  0 
 7845  0 
 7846  0 
 7847  0 
 7848  0 
 7849  0 
 7850  0 
 7851  0 
 7852  0 
 7853  0 
 7854  0 
 7855  0 
 7856  0 
 7857  0 
 7858  0 
 7859  0 
 7860  0 
 7861  0 
 7862  0 
 7863  0 
 7864  0 
 7865  0 
 7866  0 
 7867  0 
 7868  0 
 7869  0 
 7870  0 
 7871  0 
 7872  0 
 7873  0 
 7874  0 
 7875  0 
 7876  0 
 7877  0 
 7878  0 
 7879  0 
 7880  0 
 7881  0 
 7882  0 
 7883  0 
 7884  0 
 7885  0 
 7886  0 
 7887  0 
 7888  0 
 7889  0 
 7890  0 
 7891  0 
 7892  0 
 7893  0 
 7894  0 
 7895  0 
 7896  0 
 7897  0 
 7898  0 
 7899  0 
 7900  0 
 7901  0 
 7902  0 
 7903  0 
 7904  0 
 7905  0 
 7906  0 
 7907  0 
 7908  0 
 7909  0 
 7910  0 
 7911  0 
 7912  0 
 7913  0 
 7914  0 
 7915  0 
 7916  0 
 7917  0 
 7918  0 
 7919  0 
 7920  0 
 7921  0 
 7922  0 
 7923  0 
 7924  0 
 7925  0 
 7926  0 
 7927  0 
 7928  0 
 7929  0 
 7930  0 
 7931  0 
 7932  0 
 7933  0 
 7934  0 
 7935  0 
 7936  0 
 7937  0 
 7938  0 
 7939  0 
 7940  0 
 7941  0 
 7942  0 
 7943  0 
 7944  0 
 7945  0 
 7946  0 
 7947  0 
 7948  0 
 7949  0 
 7950  0 
 7951  0 
 7952  0 
 7953  0 
 7954  0 
 7955  0 
 7956  0 
 7957  0 
 7958  0 
 7959  0 
 7960  0 
 7961  0 
 7962  0 
 7963  0 
 7964  0 
 7965  0 
 7966  0 
 7967  0 
 7968  0 
 7969  0 
 7970  0 
 7971  0 
 7972  0 
 7973  0 
 7974  0 
 7975  0 
 7976  0 
 7977  0 
 7978  0 
 7979  0 
 7980  0 
 7981  0 
 7982  0 
 7983  0 
 7984  0 
 7985  0 
 7986  0 
 7987  0 
 7988  0 
 7989  0 
 7990  0 
 7991  0 
 7992  0 
 7993  0 
 7994  0 
 7995  0 
 7996  0 
 7997  0 
 7998  0 
 7999  0 
 8000  0 
 8001  0 
 8002  0 
 8003  0 
 8004  0 
 8005  0 
 8006  0 
 8007  0 
 8008  0 
 8009  0 
 8010  0 
 8011  0 
 8012  0 
 8013  0 
 8014  0 
 8015  0 
 8016  0 
 8017  0 
 8018  0 
 8019  0 
 8020  0 
 8021  0 
 8022  0 
 8023  0 
 8024  0 
 8025  0 
 8026  0 
 8027  0 
 8028  0 
 8029  0 
 8030  0 
 8031  0 
 8032  0 
 8033  0 
 8034  0 
 8035  0 
 8036  0 
 8037  0 
 8038  0 
 8039  0 
 8040  0 
 8041  0 
 8042  0 
 8043  0 
 8044  0 
 8045  1 
 8046  0 
 8047  0 
 8048  0 
 8049  0 
 8050  0 
 8051  0 
 8052  0 
 8053  0 
 8054  0 
 8055  0 
 8056  0 
 8057  0 
 8058  0 
 8059  0 
 8060  0 
 8061  0 
 8062  0 
 8063  0 
 8064  0 
 8065  0 
 8066  0 
 8067  0 
 8068  0 
 8069  0 
 8070  0 
 8071  0 
 8072  1 
 8073  1 
 8074  0 
 8075  0 
 8076  0 
 8077  0 
 8078  0 
 8079  0 
 8080  0 
 8081  0 
 8082  0 
 8083  0 
 8084  0 
 8085  0 
 8086  0 
 8087  0 
 8088  0 
 8089  0 
 8090  0 
 8091  0 
 8092  1 
 8093  0 
 8094  0 
 8095  0 
 8096  0 
 8097  0 
 8098  0 
 8099  0 
 8100  0 
 8101  0 
 8102  0 
 8103  0 
 8104  0 
 8105  0 
 8106  0 
 8107  0 
 8108  0 
 8109  0 
 8110  0 
 8111  0 
 8112  0 
 8113  0 
 8114  0 
 8115  0 
 8116  0 
 8117  0 
 8118  0 
 8119  0 
 8120  0 
 8121  0 
 8122  0 
 8123  0 
 8124  0 
 8125  0 
 8126  0 
 8127  0 
 8128  0 
 8129  0 
 8130  0 
 8131  0 
 8132  0 
 8133  0 
 8134  0 
 8135  0 
 8136  0 
 8137  0 
 8138  0 
 8139  0 
 8140  0 
 8141  0 
 8142  0 
 8143  0 
 8144  0 
 8145  0 
 8146  0 
 8147  0 
 8148  0 
 8149  0 
 8150  0 
 8151  1 
 8152  0 
 8153  0 
 8154  0 
 8155  1 
 8156  0 
 8157  0 
 8158  0 
 8159  0 
 8160  0 
 8161  0 
 8162  0 
 8163  0 
 8164  0 
 8165  0 
 8166  0 
 8167  0 
 8168  0 
 8169  1 
 8170  0 
 8171  0 
 8172  0 
 8173  0 
 8174  0 
 8175  0 
 8176  0 
 8177  0 
 8178  0 
 8179  0 
 8180  0 
 8181  0 
 8182  0 
 8183  0 
 8184  0 
 8185  0 
 8186  0 
 8187  0 
 8188  0 
 8189  0 
 8190  0 
 8191  0 
