 0  940 
 1  957 
 2  0 
 3  0 
 4  0 
 5  0 
 6  0 
 7  0 
 8  0 
 9  0 
 10  0 
 11  0 
 12  0 
 13  0 
 14  0 
 15  0 
 16  0 
 17  0 
 18  0 
 19  0 
 20  0 
 21  0 
 22  0 
 23  0 
 24  0 
 25  0 
 26  0 
 27  0 
 28  0 
 29  0 
 30  0 
 31  0 
 32  0 
 33  0 
 34  0 
 35  0 
 36  0 
 37  0 
 38  0 
 39  0 
 40  0 
 41  0 
 42  0 
 43  0 
 44  0 
 45  0 
 46  0 
 47  0 
 48  0 
 49  0 
 50  0 
 51  0 
 52  0 
 53  0 
 54  0 
 55  0 
 56  0 
 57  0 
 58  0 
 59  0 
 60  0 
 61  0 
 62  0 
 63  0 
 64  0 
 65  0 
 66  0 
 67  0 
 68  0 
 69  0 
 70  0 
 71  0 
 72  0 
 73  0 
 74  0 
 75  0 
 76  0 
 77  0 
 78  0 
 79  0 
 80  0 
 81  0 
 82  0 
 83  0 
 84  0 
 85  0 
 86  0 
 87  0 
 88  0 
 89  0 
 90  0 
 91  0 
 92  0 
 93  0 
 94  0 
 95  0 
 96  0 
 97  0 
 98  0 
 99  0 
 100  0 
 101  0 
 102  0 
 103  0 
 104  0 
 105  0 
 106  0 
 107  0 
 108  0 
 109  0 
 110  0 
 111  0 
 112  0 
 113  0 
 114  0 
 115  0 
 116  0 
 117  0 
 118  0 
 119  0 
 120  0 
 121  0 
 122  0 
 123  0 
 124  0 
 125  0 
 126  0 
 127  0 
 128  0 
 129  0 
 130  0 
 131  0 
 132  0 
 133  0 
 134  0 
 135  0 
 136  0 
 137  0 
 138  0 
 139  0 
 140  0 
 141  0 
 142  0 
 143  0 
 144  0 
 145  0 
 146  0 
 147  0 
 148  0 
 149  0 
 150  0 
 151  0 
 152  0 
 153  0 
 154  0 
 155  0 
 156  0 
 157  0 
 158  0 
 159  0 
 160  0 
 161  0 
 162  0 
 163  0 
 164  0 
 165  0 
 166  0 
 167  0 
 168  0 
 169  0 
 170  0 
 171  0 
 172  0 
 173  0 
 174  0 
 175  0 
 176  0 
 177  0 
 178  0 
 179  0 
 180  0 
 181  0 
 182  0 
 183  0 
 184  0 
 185  0 
 186  0 
 187  0 
 188  0 
 189  0 
 190  0 
 191  0 
 192  0 
 193  0 
 194  0 
 195  0 
 196  0 
 197  0 
 198  0 
 199  0 
 200  0 
 201  0 
 202  0 
 203  0 
 204  0 
 205  0 
 206  0 
 207  0 
 208  0 
 209  0 
 210  0 
 211  0 
 212  0 
 213  0 
 214  0 
 215  0 
 216  0 
 217  0 
 218  0 
 219  0 
 220  0 
 221  0 
 222  0 
 223  0 
 224  0 
 225  0 
 226  0 
 227  0 
 228  0 
 229  0 
 230  0 
 231  0 
 232  0 
 233  0 
 234  0 
 235  0 
 236  0 
 237  0 
 238  0 
 239  0 
 240  0 
 241  0 
 242  0 
 243  0 
 244  0 
 245  3 
 246  1 
 247  6 
 248  6 
 249  16 
 250  20 
 251  36 
 252  973 
 253  1743 
 254  1604 
 255  1656 
 256  1568 
 257  1560 
 258  1615 
 259  1560 
 260  1611 
 261  1593 
 262  1494 
 263  1458 
 264  1521 
 265  1430 
 266  1421 
 267  1405 
 268  1392 
 269  1382 
 270  1393 
 271  1331 
 272  1310 
 273  1236 
 274  1258 
 275  1175 
 276  1152 
 277  1132 
 278  1132 
 279  1073 
 280  1126 
 281  1037 
 282  968 
 283  987 
 284  962 
 285  938 
 286  904 
 287  821 
 288  859 
 289  830 
 290  720 
 291  792 
 292  749 
 293  713 
 294  692 
 295  622 
 296  643 
 297  644 
 298  578 
 299  575 
 300  547 
 301  486 
 302  483 
 303  486 
 304  473 
 305  424 
 306  432 
 307  402 
 308  364 
 309  352 
 310  349 
 311  331 
 312  352 
 313  342 
 314  296 
 315  307 
 316  292 
 317  310 
 318  282 
 319  289 
 320  271 
 321  263 
 322  291 
 323  270 
 324  251 
 325  246 
 326  203 
 327  221 
 328  196 
 329  239 
 330  212 
 331  189 
 332  198 
 333  190 
 334  191 
 335  174 
 336  184 
 337  165 
 338  190 
 339  175 
 340  174 
 341  172 
 342  173 
 343  175 
 344  176 
 345  169 
 346  141 
 347  145 
 348  165 
 349  146 
 350  167 
 351  167 
 352  175 
 353  124 
 354  138 
 355  152 
 356  173 
 357  150 
 358  142 
 359  136 
 360  137 
 361  126 
 362  132 
 363  155 
 364  125 
 365  145 
 366  135 
 367  151 
 368  143 
 369  156 
 370  120 
 371  115 
 372  129 
 373  140 
 374  131 
 375  137 
 376  113 
 377  90 
 378  133 
 379  117 
 380  139 
 381  126 
 382  141 
 383  137 
 384  113 
 385  119 
 386  110 
 387  127 
 388  100 
 389  108 
 390  94 
 391  103 
 392  96 
 393  107 
 394  116 
 395  108 
 396  119 
 397  110 
 398  86 
 399  100 
 400  84 
 401  98 
 402  97 
 403  102 
 404  102 
 405  114 
 406  110 
 407  106 
 408  96 
 409  117 
 410  102 
 411  109 
 412  91 
 413  105 
 414  107 
 415  98 
 416  106 
 417  97 
 418  102 
 419  79 
 420  91 
 421  85 
 422  105 
 423  89 
 424  87 
 425  92 
 426  96 
 427  82 
 428  87 
 429  83 
 430  80 
 431  95 
 432  94 
 433  96 
 434  87 
 435  90 
 436  94 
 437  94 
 438  83 
 439  75 
 440  76 
 441  64 
 442  69 
 443  80 
 444  86 
 445  72 
 446  95 
 447  92 
 448  76 
 449  61 
 450  76 
 451  75 
 452  77 
 453  74 
 454  76 
 455  79 
 456  73 
 457  66 
 458  72 
 459  80 
 460  68 
 461  63 
 462  76 
 463  71 
 464  88 
 465  55 
 466  76 
 467  60 
 468  70 
 469  74 
 470  70 
 471  66 
 472  76 
 473  60 
 474  66 
 475  63 
 476  72 
 477  61 
 478  70 
 479  67 
 480  63 
 481  73 
 482  75 
 483  63 
 484  53 
 485  69 
 486  72 
 487  58 
 488  61 
 489  52 
 490  65 
 491  72 
 492  59 
 493  62 
 494  58 
 495  67 
 496  73 
 497  64 
 498  62 
 499  68 
 500  69 
 501  66 
 502  67 
 503  59 
 504  74 
 505  69 
 506  74 
 507  65 
 508  68 
 509  66 
 510  64 
 511  57 
 512  52 
 513  47 
 514  70 
 515  56 
 516  57 
 517  63 
 518  61 
 519  53 
 520  45 
 521  57 
 522  67 
 523  69 
 524  61 
 525  59 
 526  65 
 527  60 
 528  45 
 529  71 
 530  60 
 531  47 
 532  61 
 533  52 
 534  52 
 535  59 
 536  60 
 537  56 
 538  50 
 539  52 
 540  69 
 541  70 
 542  64 
 543  76 
 544  49 
 545  57 
 546  63 
 547  55 
 548  55 
 549  61 
 550  62 
 551  82 
 552  62 
 553  54 
 554  69 
 555  59 
 556  62 
 557  57 
 558  47 
 559  62 
 560  64 
 561  70 
 562  52 
 563  60 
 564  59 
 565  61 
 566  63 
 567  61 
 568  50 
 569  57 
 570  52 
 571  73 
 572  48 
 573  63 
 574  67 
 575  50 
 576  71 
 577  68 
 578  55 
 579  58 
 580  68 
 581  54 
 582  60 
 583  62 
 584  60 
 585  52 
 586  58 
 587  45 
 588  42 
 589  42 
 590  61 
 591  51 
 592  57 
 593  46 
 594  58 
 595  51 
 596  71 
 597  46 
 598  46 
 599  58 
 600  56 
 601  55 
 602  50 
 603  57 
 604  66 
 605  49 
 606  53 
 607  62 
 608  60 
 609  54 
 610  46 
 611  47 
 612  50 
 613  57 
 614  66 
 615  56 
 616  63 
 617  63 
 618  51 
 619  52 
 620  38 
 621  47 
 622  51 
 623  55 
 624  53 
 625  61 
 626  43 
 627  49 
 628  50 
 629  53 
 630  62 
 631  53 
 632  49 
 633  49 
 634  39 
 635  40 
 636  47 
 637  43 
 638  49 
 639  41 
 640  56 
 641  59 
 642  55 
 643  56 
 644  59 
 645  47 
 646  67 
 647  56 
 648  57 
 649  52 
 650  57 
 651  43 
 652  54 
 653  48 
 654  57 
 655  54 
 656  54 
 657  51 
 658  50 
 659  48 
 660  54 
 661  59 
 662  58 
 663  42 
 664  41 
 665  57 
 666  61 
 667  54 
 668  66 
 669  52 
 670  54 
 671  48 
 672  50 
 673  58 
 674  50 
 675  62 
 676  66 
 677  43 
 678  61 
 679  50 
 680  50 
 681  45 
 682  44 
 683  47 
 684  48 
 685  44 
 686  56 
 687  47 
 688  49 
 689  43 
 690  51 
 691  61 
 692  40 
 693  68 
 694  45 
 695  46 
 696  52 
 697  48 
 698  49 
 699  46 
 700  46 
 701  40 
 702  52 
 703  49 
 704  56 
 705  55 
 706  63 
 707  46 
 708  43 
 709  60 
 710  53 
 711  44 
 712  47 
 713  57 
 714  44 
 715  68 
 716  50 
 717  50 
 718  46 
 719  53 
 720  42 
 721  53 
 722  49 
 723  44 
 724  55 
 725  50 
 726  52 
 727  60 
 728  44 
 729  57 
 730  58 
 731  50 
 732  53 
 733  44 
 734  51 
 735  43 
 736  49 
 737  69 
 738  50 
 739  43 
 740  52 
 741  64 
 742  49 
 743  56 
 744  40 
 745  51 
 746  50 
 747  60 
 748  41 
 749  42 
 750  53 
 751  60 
 752  55 
 753  45 
 754  51 
 755  43 
 756  45 
 757  41 
 758  52 
 759  47 
 760  42 
 761  57 
 762  40 
 763  51 
 764  57 
 765  44 
 766  48 
 767  50 
 768  51 
 769  47 
 770  39 
 771  48 
 772  48 
 773  42 
 774  46 
 775  46 
 776  47 
 777  50 
 778  54 
 779  56 
 780  43 
 781  46 
 782  50 
 783  45 
 784  53 
 785  50 
 786  44 
 787  56 
 788  44 
 789  50 
 790  54 
 791  57 
 792  39 
 793  59 
 794  51 
 795  47 
 796  46 
 797  57 
 798  56 
 799  49 
 800  61 
 801  51 
 802  53 
 803  51 
 804  46 
 805  42 
 806  55 
 807  45 
 808  52 
 809  48 
 810  66 
 811  73 
 812  48 
 813  49 
 814  54 
 815  59 
 816  59 
 817  57 
 818  59 
 819  51 
 820  60 
 821  54 
 822  56 
 823  51 
 824  50 
 825  41 
 826  54 
 827  53 
 828  70 
 829  66 
 830  67 
 831  50 
 832  55 
 833  61 
 834  57 
 835  53 
 836  58 
 837  48 
 838  58 
 839  49 
 840  63 
 841  69 
 842  72 
 843  64 
 844  62 
 845  55 
 846  61 
 847  61 
 848  80 
 849  66 
 850  56 
 851  80 
 852  54 
 853  73 
 854  78 
 855  67 
 856  59 
 857  73 
 858  80 
 859  74 
 860  70 
 861  94 
 862  70 
 863  78 
 864  69 
 865  85 
 866  79 
 867  87 
 868  84 
 869  76 
 870  77 
 871  98 
 872  91 
 873  88 
 874  87 
 875  90 
 876  98 
 877  113 
 878  83 
 879  93 
 880  97 
 881  93 
 882  92 
 883  128 
 884  104 
 885  113 
 886  127 
 887  124 
 888  136 
 889  134 
 890  127 
 891  166 
 892  161 
 893  133 
 894  145 
 895  144 
 896  183 
 897  155 
 898  170 
 899  187 
 900  174 
 901  197 
 902  214 
 903  181 
 904  226 
 905  218 
 906  248 
 907  245 
 908  209 
 909  224 
 910  228 
 911  300 
 912  268 
 913  291 
 914  260 
 915  315 
 916  282 
 917  340 
 918  328 
 919  347 
 920  374 
 921  349 
 922  365 
 923  370 
 924  355 
 925  392 
 926  390 
 927  396 
 928  432 
 929  407 
 930  471 
 931  451 
 932  477 
 933  434 
 934  464 
 935  484 
 936  497 
 937  520 
 938  515 
 939  476 
 940  514 
 941  528 
 942  532 
 943  550 
 944  586 
 945  517 
 946  544 
 947  581 
 948  588 
 949  597 
 950  569 
 951  599 
 952  566 
 953  584 
 954  610 
 955  600 
 956  542 
 957  580 
 958  569 
 959  532 
 960  569 
 961  599 
 962  575 
 963  577 
 964  574 
 965  578 
 966  556 
 967  537 
 968  514 
 969  537 
 970  540 
 971  486 
 972  554 
 973  508 
 974  533 
 975  484 
 976  501 
 977  505 
 978  476 
 979  434 
 980  436 
 981  461 
 982  416 
 983  448 
 984  469 
 985  459 
 986  408 
 987  407 
 988  377 
 989  358 
 990  375 
 991  325 
 992  394 
 993  338 
 994  314 
 995  283 
 996  309 
 997  275 
 998  286 
 999  279 
 1000  271 
 1001  229 
 1002  271 
 1003  207 
 1004  179 
 1005  216 
 1006  192 
 1007  174 
 1008  182 
 1009  185 
 1010  173 
 1011  136 
 1012  145 
 1013  158 
 1014  137 
 1015  122 
 1016  140 
 1017  123 
 1018  110 
 1019  99 
 1020  97 
 1021  106 
 1022  104 
 1023  100 
 1024  99 
 1025  82 
 1026  79 
 1027  89 
 1028  76 
 1029  85 
 1030  62 
 1031  69 
 1032  52 
 1033  55 
 1034  61 
 1035  61 
 1036  60 
 1037  62 
 1038  55 
 1039  45 
 1040  50 
 1041  62 
 1042  33 
 1043  41 
 1044  42 
 1045  44 
 1046  39 
 1047  42 
 1048  44 
 1049  42 
 1050  41 
 1051  40 
 1052  48 
 1053  49 
 1054  47 
 1055  44 
 1056  41 
 1057  48 
 1058  56 
 1059  40 
 1060  37 
 1061  28 
 1062  54 
 1063  53 
 1064  40 
 1065  43 
 1066  37 
 1067  34 
 1068  43 
 1069  38 
 1070  43 
 1071  43 
 1072  46 
 1073  34 
 1074  27 
 1075  39 
 1076  45 
 1077  46 
 1078  41 
 1079  42 
 1080  30 
 1081  37 
 1082  40 
 1083  45 
 1084  30 
 1085  41 
 1086  38 
 1087  34 
 1088  47 
 1089  33 
 1090  22 
 1091  33 
 1092  35 
 1093  48 
 1094  28 
 1095  38 
 1096  30 
 1097  43 
 1098  32 
 1099  33 
 1100  31 
 1101  31 
 1102  38 
 1103  43 
 1104  42 
 1105  31 
 1106  33 
 1107  45 
 1108  55 
 1109  29 
 1110  41 
 1111  35 
 1112  39 
 1113  42 
 1114  24 
 1115  39 
 1116  35 
 1117  39 
 1118  37 
 1119  42 
 1120  33 
 1121  46 
 1122  44 
 1123  38 
 1124  34 
 1125  32 
 1126  42 
 1127  44 
 1128  36 
 1129  48 
 1130  49 
 1131  27 
 1132  44 
 1133  41 
 1134  36 
 1135  43 
 1136  44 
 1137  47 
 1138  28 
 1139  37 
 1140  45 
 1141  41 
 1142  32 
 1143  27 
 1144  24 
 1145  34 
 1146  37 
 1147  31 
 1148  26 
 1149  32 
 1150  23 
 1151  33 
 1152  33 
 1153  25 
 1154  30 
 1155  16 
 1156  25 
 1157  34 
 1158  37 
 1159  35 
 1160  42 
 1161  33 
 1162  33 
 1163  41 
 1164  42 
 1165  29 
 1166  32 
 1167  35 
 1168  32 
 1169  37 
 1170  39 
 1171  39 
 1172  32 
 1173  37 
 1174  37 
 1175  28 
 1176  25 
 1177  43 
 1178  40 
 1179  46 
 1180  34 
 1181  34 
 1182  39 
 1183  33 
 1184  31 
 1185  37 
 1186  37 
 1187  30 
 1188  36 
 1189  35 
 1190  32 
 1191  23 
 1192  32 
 1193  30 
 1194  39 
 1195  34 
 1196  38 
 1197  37 
 1198  35 
 1199  31 
 1200  34 
 1201  34 
 1202  29 
 1203  28 
 1204  37 
 1205  32 
 1206  31 
 1207  35 
 1208  35 
 1209  37 
 1210  35 
 1211  37 
 1212  34 
 1213  29 
 1214  38 
 1215  35 
 1216  34 
 1217  27 
 1218  36 
 1219  30 
 1220  33 
 1221  27 
 1222  34 
 1223  19 
 1224  32 
 1225  37 
 1226  39 
 1227  24 
 1228  30 
 1229  39 
 1230  38 
 1231  35 
 1232  33 
 1233  34 
 1234  33 
 1235  33 
 1236  38 
 1237  27 
 1238  33 
 1239  25 
 1240  32 
 1241  39 
 1242  26 
 1243  23 
 1244  25 
 1245  37 
 1246  37 
 1247  24 
 1248  35 
 1249  42 
 1250  26 
 1251  33 
 1252  35 
 1253  24 
 1254  26 
 1255  31 
 1256  41 
 1257  38 
 1258  28 
 1259  38 
 1260  45 
 1261  34 
 1262  30 
 1263  27 
 1264  35 
 1265  31 
 1266  37 
 1267  34 
 1268  32 
 1269  39 
 1270  34 
 1271  35 
 1272  41 
 1273  29 
 1274  30 
 1275  35 
 1276  25 
 1277  42 
 1278  39 
 1279  33 
 1280  31 
 1281  35 
 1282  30 
 1283  36 
 1284  32 
 1285  31 
 1286  32 
 1287  30 
 1288  36 
 1289  30 
 1290  30 
 1291  31 
 1292  16 
 1293  20 
 1294  47 
 1295  32 
 1296  28 
 1297  33 
 1298  34 
 1299  32 
 1300  28 
 1301  26 
 1302  37 
 1303  33 
 1304  34 
 1305  28 
 1306  33 
 1307  38 
 1308  27 
 1309  30 
 1310  36 
 1311  41 
 1312  29 
 1313  27 
 1314  29 
 1315  37 
 1316  41 
 1317  23 
 1318  34 
 1319  35 
 1320  42 
 1321  37 
 1322  27 
 1323  27 
 1324  39 
 1325  32 
 1326  32 
 1327  33 
 1328  40 
 1329  30 
 1330  33 
 1331  44 
 1332  35 
 1333  26 
 1334  35 
 1335  28 
 1336  30 
 1337  33 
 1338  26 
 1339  34 
 1340  20 
 1341  34 
 1342  32 
 1343  29 
 1344  39 
 1345  26 
 1346  29 
 1347  33 
 1348  35 
 1349  28 
 1350  34 
 1351  30 
 1352  22 
 1353  23 
 1354  34 
 1355  30 
 1356  39 
 1357  24 
 1358  34 
 1359  31 
 1360  25 
 1361  32 
 1362  31 
 1363  33 
 1364  36 
 1365  36 
 1366  32 
 1367  34 
 1368  36 
 1369  33 
 1370  34 
 1371  28 
 1372  35 
 1373  31 
 1374  30 
 1375  27 
 1376  30 
 1377  23 
 1378  35 
 1379  25 
 1380  32 
 1381  36 
 1382  41 
 1383  48 
 1384  28 
 1385  30 
 1386  24 
 1387  31 
 1388  29 
 1389  28 
 1390  37 
 1391  35 
 1392  25 
 1393  40 
 1394  28 
 1395  20 
 1396  21 
 1397  31 
 1398  30 
 1399  35 
 1400  29 
 1401  28 
 1402  37 
 1403  31 
 1404  26 
 1405  42 
 1406  27 
 1407  23 
 1408  35 
 1409  31 
 1410  22 
 1411  19 
 1412  29 
 1413  33 
 1414  40 
 1415  25 
 1416  29 
 1417  30 
 1418  31 
 1419  27 
 1420  31 
 1421  28 
 1422  19 
 1423  34 
 1424  36 
 1425  27 
 1426  25 
 1427  31 
 1428  33 
 1429  29 
 1430  25 
 1431  33 
 1432  30 
 1433  21 
 1434  30 
 1435  31 
 1436  37 
 1437  36 
 1438  31 
 1439  34 
 1440  25 
 1441  26 
 1442  25 
 1443  28 
 1444  36 
 1445  29 
 1446  35 
 1447  22 
 1448  31 
 1449  27 
 1450  23 
 1451  25 
 1452  25 
 1453  25 
 1454  31 
 1455  41 
 1456  28 
 1457  20 
 1458  25 
 1459  33 
 1460  25 
 1461  31 
 1462  27 
 1463  28 
 1464  30 
 1465  21 
 1466  24 
 1467  25 
 1468  24 
 1469  26 
 1470  27 
 1471  26 
 1472  23 
 1473  33 
 1474  26 
 1475  30 
 1476  35 
 1477  29 
 1478  30 
 1479  33 
 1480  24 
 1481  31 
 1482  19 
 1483  24 
 1484  31 
 1485  25 
 1486  27 
 1487  28 
 1488  29 
 1489  26 
 1490  34 
 1491  29 
 1492  29 
 1493  22 
 1494  41 
 1495  33 
 1496  28 
 1497  28 
 1498  37 
 1499  31 
 1500  29 
 1501  30 
 1502  21 
 1503  33 
 1504  22 
 1505  27 
 1506  39 
 1507  32 
 1508  34 
 1509  29 
 1510  25 
 1511  33 
 1512  25 
 1513  36 
 1514  21 
 1515  26 
 1516  31 
 1517  37 
 1518  23 
 1519  26 
 1520  15 
 1521  32 
 1522  23 
 1523  25 
 1524  27 
 1525  25 
 1526  28 
 1527  28 
 1528  28 
 1529  27 
 1530  34 
 1531  36 
 1532  36 
 1533  35 
 1534  37 
 1535  27 
 1536  36 
 1537  27 
 1538  33 
 1539  29 
 1540  35 
 1541  26 
 1542  26 
 1543  31 
 1544  20 
 1545  26 
 1546  23 
 1547  26 
 1548  22 
 1549  31 
 1550  27 
 1551  28 
 1552  32 
 1553  27 
 1554  29 
 1555  40 
 1556  28 
 1557  27 
 1558  31 
 1559  29 
 1560  33 
 1561  20 
 1562  25 
 1563  20 
 1564  31 
 1565  25 
 1566  28 
 1567  14 
 1568  31 
 1569  32 
 1570  29 
 1571  35 
 1572  34 
 1573  29 
 1574  29 
 1575  36 
 1576  31 
 1577  15 
 1578  28 
 1579  25 
 1580  22 
 1581  21 
 1582  29 
 1583  30 
 1584  25 
 1585  19 
 1586  22 
 1587  38 
 1588  25 
 1589  29 
 1590  24 
 1591  29 
 1592  29 
 1593  28 
 1594  25 
 1595  27 
 1596  24 
 1597  20 
 1598  21 
 1599  21 
 1600  17 
 1601  25 
 1602  25 
 1603  23 
 1604  28 
 1605  19 
 1606  36 
 1607  30 
 1608  29 
 1609  34 
 1610  35 
 1611  26 
 1612  30 
 1613  20 
 1614  27 
 1615  32 
 1616  30 
 1617  22 
 1618  25 
 1619  22 
 1620  24 
 1621  28 
 1622  25 
 1623  30 
 1624  26 
 1625  32 
 1626  18 
 1627  27 
 1628  26 
 1629  28 
 1630  26 
 1631  33 
 1632  23 
 1633  21 
 1634  27 
 1635  33 
 1636  28 
 1637  30 
 1638  26 
 1639  28 
 1640  22 
 1641  29 
 1642  23 
 1643  35 
 1644  31 
 1645  25 
 1646  28 
 1647  25 
 1648  33 
 1649  34 
 1650  35 
 1651  31 
 1652  25 
 1653  22 
 1654  24 
 1655  28 
 1656  24 
 1657  26 
 1658  34 
 1659  24 
 1660  32 
 1661  19 
 1662  29 
 1663  23 
 1664  27 
 1665  23 
 1666  23 
 1667  25 
 1668  22 
 1669  20 
 1670  23 
 1671  32 
 1672  30 
 1673  18 
 1674  32 
 1675  31 
 1676  35 
 1677  21 
 1678  21 
 1679  16 
 1680  33 
 1681  28 
 1682  28 
 1683  24 
 1684  17 
 1685  27 
 1686  23 
 1687  31 
 1688  26 
 1689  28 
 1690  23 
 1691  24 
 1692  18 
 1693  32 
 1694  31 
 1695  28 
 1696  23 
 1697  22 
 1698  37 
 1699  28 
 1700  31 
 1701  24 
 1702  31 
 1703  29 
 1704  24 
 1705  31 
 1706  27 
 1707  28 
 1708  28 
 1709  23 
 1710  25 
 1711  30 
 1712  26 
 1713  31 
 1714  31 
 1715  33 
 1716  28 
 1717  23 
 1718  28 
 1719  19 
 1720  27 
 1721  27 
 1722  26 
 1723  21 
 1724  22 
 1725  19 
 1726  36 
 1727  29 
 1728  39 
 1729  34 
 1730  23 
 1731  24 
 1732  23 
 1733  18 
 1734  21 
 1735  26 
 1736  23 
 1737  26 
 1738  37 
 1739  22 
 1740  29 
 1741  19 
 1742  20 
 1743  30 
 1744  32 
 1745  22 
 1746  24 
 1747  25 
 1748  23 
 1749  27 
 1750  21 
 1751  22 
 1752  25 
 1753  37 
 1754  24 
 1755  22 
 1756  18 
 1757  32 
 1758  36 
 1759  38 
 1760  30 
 1761  27 
 1762  28 
 1763  24 
 1764  12 
 1765  19 
 1766  25 
 1767  21 
 1768  27 
 1769  27 
 1770  31 
 1771  31 
 1772  30 
 1773  27 
 1774  24 
 1775  19 
 1776  24 
 1777  20 
 1778  29 
 1779  22 
 1780  24 
 1781  25 
 1782  22 
 1783  27 
 1784  28 
 1785  18 
 1786  25 
 1787  22 
 1788  31 
 1789  36 
 1790  25 
 1791  33 
 1792  27 
 1793  34 
 1794  29 
 1795  16 
 1796  28 
 1797  19 
 1798  27 
 1799  33 
 1800  30 
 1801  26 
 1802  28 
 1803  25 
 1804  17 
 1805  26 
 1806  22 
 1807  24 
 1808  25 
 1809  30 
 1810  18 
 1811  25 
 1812  22 
 1813  20 
 1814  25 
 1815  22 
 1816  21 
 1817  29 
 1818  28 
 1819  16 
 1820  28 
 1821  21 
 1822  23 
 1823  26 
 1824  29 
 1825  24 
 1826  20 
 1827  29 
 1828  30 
 1829  17 
 1830  26 
 1831  25 
 1832  28 
 1833  16 
 1834  29 
 1835  22 
 1836  25 
 1837  28 
 1838  30 
 1839  23 
 1840  20 
 1841  27 
 1842  24 
 1843  37 
 1844  26 
 1845  20 
 1846  32 
 1847  26 
 1848  19 
 1849  26 
 1850  34 
 1851  23 
 1852  20 
 1853  20 
 1854  26 
 1855  30 
 1856  26 
 1857  25 
 1858  21 
 1859  21 
 1860  27 
 1861  24 
 1862  29 
 1863  24 
 1864  28 
 1865  23 
 1866  27 
 1867  26 
 1868  24 
 1869  29 
 1870  23 
 1871  25 
 1872  28 
 1873  31 
 1874  25 
 1875  22 
 1876  21 
 1877  27 
 1878  20 
 1879  28 
 1880  23 
 1881  15 
 1882  27 
 1883  24 
 1884  30 
 1885  24 
 1886  30 
 1887  18 
 1888  21 
 1889  24 
 1890  31 
 1891  26 
 1892  21 
 1893  20 
 1894  30 
 1895  17 
 1896  25 
 1897  26 
 1898  17 
 1899  27 
 1900  29 
 1901  20 
 1902  21 
 1903  20 
 1904  26 
 1905  17 
 1906  20 
 1907  30 
 1908  25 
 1909  32 
 1910  33 
 1911  22 
 1912  17 
 1913  23 
 1914  29 
 1915  20 
 1916  26 
 1917  36 
 1918  12 
 1919  22 
 1920  23 
 1921  24 
 1922  26 
 1923  24 
 1924  26 
 1925  25 
 1926  28 
 1927  19 
 1928  30 
 1929  28 
 1930  25 
 1931  21 
 1932  31 
 1933  20 
 1934  31 
 1935  28 
 1936  24 
 1937  16 
 1938  20 
 1939  16 
 1940  26 
 1941  27 
 1942  16 
 1943  27 
 1944  24 
 1945  23 
 1946  27 
 1947  31 
 1948  36 
 1949  29 
 1950  27 
 1951  22 
 1952  33 
 1953  24 
 1954  30 
 1955  20 
 1956  17 
 1957  28 
 1958  28 
 1959  34 
 1960  29 
 1961  38 
 1962  12 
 1963  16 
 1964  22 
 1965  16 
 1966  28 
 1967  21 
 1968  31 
 1969  14 
 1970  14 
 1971  33 
 1972  19 
 1973  28 
 1974  32 
 1975  17 
 1976  21 
 1977  21 
 1978  20 
 1979  23 
 1980  24 
 1981  23 
 1982  26 
 1983  15 
 1984  27 
 1985  21 
 1986  26 
 1987  17 
 1988  25 
 1989  21 
 1990  27 
 1991  24 
 1992  16 
 1993  28 
 1994  20 
 1995  23 
 1996  33 
 1997  27 
 1998  22 
 1999  22 
 2000  26 
 2001  24 
 2002  18 
 2003  29 
 2004  26 
 2005  28 
 2006  22 
 2007  19 
 2008  27 
 2009  29 
 2010  24 
 2011  22 
 2012  29 
 2013  24 
 2014  16 
 2015  17 
 2016  23 
 2017  21 
 2018  18 
 2019  25 
 2020  31 
 2021  20 
 2022  22 
 2023  13 
 2024  21 
 2025  24 
 2026  28 
 2027  13 
 2028  25 
 2029  25 
 2030  30 
 2031  20 
 2032  28 
 2033  26 
 2034  15 
 2035  31 
 2036  24 
 2037  22 
 2038  16 
 2039  24 
 2040  24 
 2041  24 
 2042  17 
 2043  20 
 2044  16 
 2045  31 
 2046  20 
 2047  27 
 2048  23 
 2049  32 
 2050  21 
 2051  21 
 2052  18 
 2053  26 
 2054  25 
 2055  17 
 2056  16 
 2057  24 
 2058  21 
 2059  18 
 2060  19 
 2061  33 
 2062  26 
 2063  29 
 2064  16 
 2065  21 
 2066  17 
 2067  30 
 2068  26 
 2069  26 
 2070  23 
 2071  17 
 2072  19 
 2073  18 
 2074  28 
 2075  20 
 2076  24 
 2077  20 
 2078  25 
 2079  17 
 2080  27 
 2081  20 
 2082  25 
 2083  28 
 2084  22 
 2085  18 
 2086  29 
 2087  14 
 2088  26 
 2089  17 
 2090  30 
 2091  16 
 2092  21 
 2093  21 
 2094  20 
 2095  21 
 2096  17 
 2097  18 
 2098  14 
 2099  20 
 2100  21 
 2101  18 
 2102  21 
 2103  27 
 2104  29 
 2105  21 
 2106  20 
 2107  19 
 2108  28 
 2109  19 
 2110  26 
 2111  25 
 2112  31 
 2113  22 
 2114  22 
 2115  29 
 2116  23 
 2117  20 
 2118  18 
 2119  16 
 2120  27 
 2121  21 
 2122  21 
 2123  33 
 2124  22 
 2125  24 
 2126  17 
 2127  31 
 2128  21 
 2129  19 
 2130  27 
 2131  30 
 2132  30 
 2133  20 
 2134  29 
 2135  31 
 2136  20 
 2137  26 
 2138  27 
 2139  24 
 2140  17 
 2141  25 
 2142  28 
 2143  20 
 2144  18 
 2145  20 
 2146  18 
 2147  29 
 2148  25 
 2149  22 
 2150  21 
 2151  27 
 2152  20 
 2153  32 
 2154  14 
 2155  17 
 2156  23 
 2157  16 
 2158  21 
 2159  22 
 2160  26 
 2161  23 
 2162  26 
 2163  22 
 2164  24 
 2165  22 
 2166  21 
 2167  20 
 2168  15 
 2169  23 
 2170  28 
 2171  21 
 2172  26 
 2173  27 
 2174  14 
 2175  24 
 2176  20 
 2177  28 
 2178  26 
 2179  16 
 2180  18 
 2181  20 
 2182  17 
 2183  19 
 2184  21 
 2185  21 
 2186  15 
 2187  27 
 2188  22 
 2189  24 
 2190  18 
 2191  16 
 2192  18 
 2193  27 
 2194  23 
 2195  23 
 2196  14 
 2197  24 
 2198  21 
 2199  27 
 2200  14 
 2201  14 
 2202  24 
 2203  23 
 2204  18 
 2205  21 
 2206  26 
 2207  17 
 2208  22 
 2209  20 
 2210  33 
 2211  20 
 2212  20 
 2213  24 
 2214  16 
 2215  25 
 2216  11 
 2217  26 
 2218  28 
 2219  20 
 2220  30 
 2221  19 
 2222  23 
 2223  25 
 2224  17 
 2225  22 
 2226  13 
 2227  21 
 2228  23 
 2229  26 
 2230  15 
 2231  20 
 2232  15 
 2233  19 
 2234  21 
 2235  23 
 2236  28 
 2237  16 
 2238  28 
 2239  26 
 2240  18 
 2241  19 
 2242  28 
 2243  13 
 2244  19 
 2245  26 
 2246  25 
 2247  29 
 2248  15 
 2249  22 
 2250  16 
 2251  21 
 2252  28 
 2253  25 
 2254  13 
 2255  28 
 2256  16 
 2257  21 
 2258  18 
 2259  17 
 2260  17 
 2261  10 
 2262  28 
 2263  15 
 2264  14 
 2265  23 
 2266  10 
 2267  24 
 2268  19 
 2269  21 
 2270  22 
 2271  27 
 2272  30 
 2273  20 
 2274  16 
 2275  24 
 2276  22 
 2277  24 
 2278  16 
 2279  22 
 2280  27 
 2281  30 
 2282  17 
 2283  14 
 2284  26 
 2285  24 
 2286  22 
 2287  31 
 2288  23 
 2289  28 
 2290  21 
 2291  27 
 2292  33 
 2293  23 
 2294  19 
 2295  25 
 2296  29 
 2297  24 
 2298  19 
 2299  27 
 2300  24 
 2301  15 
 2302  20 
 2303  14 
 2304  24 
 2305  17 
 2306  21 
 2307  28 
 2308  23 
 2309  16 
 2310  28 
 2311  24 
 2312  17 
 2313  17 
 2314  29 
 2315  24 
 2316  13 
 2317  20 
 2318  20 
 2319  18 
 2320  16 
 2321  19 
 2322  30 
 2323  20 
 2324  29 
 2325  16 
 2326  26 
 2327  19 
 2328  24 
 2329  22 
 2330  19 
 2331  15 
 2332  21 
 2333  29 
 2334  17 
 2335  31 
 2336  21 
 2337  18 
 2338  15 
 2339  16 
 2340  21 
 2341  24 
 2342  27 
 2343  31 
 2344  24 
 2345  27 
 2346  18 
 2347  24 
 2348  12 
 2349  37 
 2350  14 
 2351  22 
 2352  21 
 2353  16 
 2354  18 
 2355  13 
 2356  19 
 2357  21 
 2358  23 
 2359  19 
 2360  16 
 2361  18 
 2362  21 
 2363  23 
 2364  26 
 2365  10 
 2366  25 
 2367  21 
 2368  21 
 2369  14 
 2370  25 
 2371  24 
 2372  19 
 2373  20 
 2374  22 
 2375  23 
 2376  17 
 2377  27 
 2378  22 
 2379  16 
 2380  22 
 2381  15 
 2382  22 
 2383  25 
 2384  29 
 2385  23 
 2386  21 
 2387  16 
 2388  26 
 2389  17 
 2390  28 
 2391  24 
 2392  23 
 2393  24 
 2394  17 
 2395  18 
 2396  20 
 2397  20 
 2398  16 
 2399  31 
 2400  21 
 2401  18 
 2402  29 
 2403  15 
 2404  20 
 2405  16 
 2406  21 
 2407  23 
 2408  22 
 2409  22 
 2410  23 
 2411  18 
 2412  20 
 2413  20 
 2414  31 
 2415  20 
 2416  19 
 2417  18 
 2418  21 
 2419  24 
 2420  24 
 2421  21 
 2422  23 
 2423  30 
 2424  25 
 2425  25 
 2426  22 
 2427  19 
 2428  14 
 2429  21 
 2430  19 
 2431  18 
 2432  21 
 2433  15 
 2434  20 
 2435  23 
 2436  15 
 2437  27 
 2438  23 
 2439  26 
 2440  23 
 2441  24 
 2442  27 
 2443  17 
 2444  12 
 2445  24 
 2446  25 
 2447  22 
 2448  24 
 2449  25 
 2450  21 
 2451  26 
 2452  30 
 2453  19 
 2454  23 
 2455  23 
 2456  21 
 2457  27 
 2458  17 
 2459  16 
 2460  23 
 2461  14 
 2462  17 
 2463  25 
 2464  25 
 2465  13 
 2466  23 
 2467  21 
 2468  16 
 2469  32 
 2470  15 
 2471  20 
 2472  18 
 2473  18 
 2474  18 
 2475  22 
 2476  23 
 2477  23 
 2478  17 
 2479  14 
 2480  24 
 2481  14 
 2482  20 
 2483  24 
 2484  24 
 2485  23 
 2486  25 
 2487  22 
 2488  16 
 2489  22 
 2490  20 
 2491  22 
 2492  23 
 2493  17 
 2494  28 
 2495  17 
 2496  26 
 2497  28 
 2498  18 
 2499  22 
 2500  24 
 2501  24 
 2502  19 
 2503  21 
 2504  18 
 2505  12 
 2506  26 
 2507  25 
 2508  17 
 2509  13 
 2510  26 
 2511  25 
 2512  18 
 2513  17 
 2514  27 
 2515  24 
 2516  15 
 2517  23 
 2518  24 
 2519  18 
 2520  19 
 2521  27 
 2522  18 
 2523  26 
 2524  21 
 2525  18 
 2526  16 
 2527  31 
 2528  24 
 2529  16 
 2530  26 
 2531  13 
 2532  24 
 2533  20 
 2534  16 
 2535  18 
 2536  25 
 2537  22 
 2538  32 
 2539  23 
 2540  22 
 2541  24 
 2542  18 
 2543  21 
 2544  21 
 2545  15 
 2546  16 
 2547  20 
 2548  18 
 2549  14 
 2550  18 
 2551  20 
 2552  28 
 2553  30 
 2554  17 
 2555  17 
 2556  16 
 2557  16 
 2558  20 
 2559  24 
 2560  25 
 2561  22 
 2562  16 
 2563  20 
 2564  22 
 2565  24 
 2566  18 
 2567  17 
 2568  16 
 2569  17 
 2570  22 
 2571  15 
 2572  19 
 2573  22 
 2574  23 
 2575  21 
 2576  27 
 2577  17 
 2578  24 
 2579  21 
 2580  14 
 2581  24 
 2582  19 
 2583  21 
 2584  13 
 2585  23 
 2586  23 
 2587  20 
 2588  17 
 2589  14 
 2590  25 
 2591  18 
 2592  14 
 2593  20 
 2594  20 
 2595  22 
 2596  13 
 2597  13 
 2598  19 
 2599  22 
 2600  20 
 2601  15 
 2602  19 
 2603  29 
 2604  24 
 2605  22 
 2606  10 
 2607  21 
 2608  24 
 2609  26 
 2610  19 
 2611  24 
 2612  14 
 2613  13 
 2614  20 
 2615  18 
 2616  24 
 2617  21 
 2618  19 
 2619  20 
 2620  24 
 2621  15 
 2622  22 
 2623  23 
 2624  30 
 2625  20 
 2626  21 
 2627  14 
 2628  13 
 2629  29 
 2630  20 
 2631  15 
 2632  20 
 2633  11 
 2634  22 
 2635  20 
 2636  12 
 2637  19 
 2638  21 
 2639  31 
 2640  17 
 2641  29 
 2642  20 
 2643  18 
 2644  11 
 2645  15 
 2646  24 
 2647  27 
 2648  20 
 2649  14 
 2650  22 
 2651  19 
 2652  12 
 2653  17 
 2654  28 
 2655  16 
 2656  16 
 2657  28 
 2658  13 
 2659  20 
 2660  19 
 2661  15 
 2662  20 
 2663  15 
 2664  16 
 2665  17 
 2666  15 
 2667  22 
 2668  13 
 2669  25 
 2670  26 
 2671  18 
 2672  25 
 2673  20 
 2674  23 
 2675  19 
 2676  24 
 2677  15 
 2678  23 
 2679  14 
 2680  17 
 2681  19 
 2682  18 
 2683  25 
 2684  25 
 2685  22 
 2686  15 
 2687  14 
 2688  24 
 2689  19 
 2690  21 
 2691  19 
 2692  19 
 2693  22 
 2694  15 
 2695  15 
 2696  19 
 2697  20 
 2698  17 
 2699  25 
 2700  25 
 2701  21 
 2702  29 
 2703  22 
 2704  17 
 2705  28 
 2706  13 
 2707  18 
 2708  22 
 2709  19 
 2710  22 
 2711  20 
 2712  17 
 2713  21 
 2714  18 
 2715  25 
 2716  25 
 2717  23 
 2718  16 
 2719  16 
 2720  16 
 2721  26 
 2722  15 
 2723  17 
 2724  25 
 2725  15 
 2726  22 
 2727  23 
 2728  24 
 2729  23 
 2730  23 
 2731  18 
 2732  26 
 2733  31 
 2734  26 
 2735  26 
 2736  27 
 2737  16 
 2738  19 
 2739  17 
 2740  19 
 2741  20 
 2742  14 
 2743  26 
 2744  27 
 2745  26 
 2746  32 
 2747  19 
 2748  29 
 2749  29 
 2750  28 
 2751  25 
 2752  29 
 2753  22 
 2754  31 
 2755  27 
 2756  33 
 2757  31 
 2758  20 
 2759  27 
 2760  27 
 2761  27 
 2762  27 
 2763  33 
 2764  44 
 2765  38 
 2766  30 
 2767  29 
 2768  28 
 2769  38 
 2770  41 
 2771  31 
 2772  33 
 2773  36 
 2774  37 
 2775  39 
 2776  43 
 2777  38 
 2778  28 
 2779  34 
 2780  40 
 2781  39 
 2782  40 
 2783  46 
 2784  46 
 2785  44 
 2786  52 
 2787  37 
 2788  48 
 2789  38 
 2790  55 
 2791  40 
 2792  45 
 2793  44 
 2794  43 
 2795  52 
 2796  48 
 2797  43 
 2798  61 
 2799  41 
 2800  50 
 2801  49 
 2802  37 
 2803  56 
 2804  37 
 2805  62 
 2806  54 
 2807  52 
 2808  59 
 2809  44 
 2810  49 
 2811  61 
 2812  47 
 2813  61 
 2814  54 
 2815  58 
 2816  59 
 2817  62 
 2818  61 
 2819  48 
 2820  81 
 2821  70 
 2822  75 
 2823  60 
 2824  81 
 2825  67 
 2826  72 
 2827  84 
 2828  81 
 2829  83 
 2830  91 
 2831  77 
 2832  94 
 2833  89 
 2834  88 
 2835  108 
 2836  83 
 2837  92 
 2838  93 
 2839  87 
 2840  87 
 2841  103 
 2842  101 
 2843  100 
 2844  113 
 2845  128 
 2846  113 
 2847  103 
 2848  90 
 2849  108 
 2850  106 
 2851  123 
 2852  109 
 2853  101 
 2854  101 
 2855  99 
 2856  95 
 2857  106 
 2858  107 
 2859  94 
 2860  95 
 2861  96 
 2862  91 
 2863  94 
 2864  100 
 2865  86 
 2866  71 
 2867  82 
 2868  79 
 2869  84 
 2870  69 
 2871  72 
 2872  52 
 2873  56 
 2874  52 
 2875  59 
 2876  51 
 2877  58 
 2878  42 
 2879  52 
 2880  35 
 2881  45 
 2882  46 
 2883  34 
 2884  29 
 2885  40 
 2886  36 
 2887  33 
 2888  31 
 2889  19 
 2890  27 
 2891  37 
 2892  29 
 2893  23 
 2894  24 
 2895  18 
 2896  25 
 2897  27 
 2898  35 
 2899  28 
 2900  26 
 2901  28 
 2902  19 
 2903  22 
 2904  23 
 2905  28 
 2906  32 
 2907  33 
 2908  25 
 2909  26 
 2910  31 
 2911  28 
 2912  33 
 2913  22 
 2914  30 
 2915  28 
 2916  19 
 2917  23 
 2918  30 
 2919  25 
 2920  29 
 2921  34 
 2922  23 
 2923  38 
 2924  35 
 2925  33 
 2926  39 
 2927  26 
 2928  29 
 2929  34 
 2930  35 
 2931  35 
 2932  49 
 2933  41 
 2934  37 
 2935  42 
 2936  34 
 2937  32 
 2938  39 
 2939  54 
 2940  59 
 2941  45 
 2942  57 
 2943  46 
 2944  54 
 2945  54 
 2946  47 
 2947  61 
 2948  57 
 2949  59 
 2950  54 
 2951  69 
 2952  60 
 2953  58 
 2954  63 
 2955  66 
 2956  87 
 2957  74 
 2958  85 
 2959  88 
 2960  80 
 2961  104 
 2962  118 
 2963  105 
 2964  96 
 2965  128 
 2966  123 
 2967  113 
 2968  120 
 2969  151 
 2970  129 
 2971  141 
 2972  147 
 2973  182 
 2974  175 
 2975  171 
 2976  191 
 2977  229 
 2978  194 
 2979  214 
 2980  210 
 2981  206 
 2982  232 
 2983  276 
 2984  264 
 2985  311 
 2986  314 
 2987  342 
 2988  387 
 2989  334 
 2990  373 
 2991  397 
 2992  444 
 2993  406 
 2994  477 
 2995  489 
 2996  560 
 2997  589 
 2998  573 
 2999  604 
 3000  627 
 3001  714 
 3002  747 
 3003  817 
 3004  853 
 3005  941 
 3006  1030 
 3007  1023 
 3008  1132 
 3009  1206 
 3010  1347 
 3011  1463 
 3012  1510 
 3013  1635 
 3014  1688 
 3015  1805 
 3016  2020 
 3017  2157 
 3018  2371 
 3019  2514 
 3020  2636 
 3021  2893 
 3022  3203 
 3023  3284 
 3024  3451 
 3025  3561 
 3026  3782 
 3027  3969 
 3028  4083 
 3029  4154 
 3030  4157 
 3031  4402 
 3032  4312 
 3033  4435 
 3034  4431 
 3035  4396 
 3036  4303 
 3037  4085 
 3038  4015 
 3039  3894 
 3040  3648 
 3041  3445 
 3042  3332 
 3043  3133 
 3044  2823 
 3045  2662 
 3046  2542 
 3047  2260 
 3048  2003 
 3049  1894 
 3050  1691 
 3051  1475 
 3052  1331 
 3053  1171 
 3054  1070 
 3055  884 
 3056  797 
 3057  687 
 3058  562 
 3059  582 
 3060  421 
 3061  405 
 3062  357 
 3063  349 
 3064  297 
 3065  267 
 3066  237 
 3067  240 
 3068  230 
 3069  217 
 3070  209 
 3071  204 
 3072  211 
 3073  204 
 3074  222 
 3075  251 
 3076  228 
 3077  237 
 3078  230 
 3079  280 
 3080  245 
 3081  254 
 3082  282 
 3083  295 
 3084  276 
 3085  279 
 3086  348 
 3087  310 
 3088  350 
 3089  339 
 3090  315 
 3091  340 
 3092  342 
 3093  348 
 3094  402 
 3095  351 
 3096  357 
 3097  354 
 3098  350 
 3099  356 
 3100  373 
 3101  352 
 3102  377 
 3103  375 
 3104  327 
 3105  341 
 3106  363 
 3107  387 
 3108  379 
 3109  376 
 3110  379 
 3111  385 
 3112  424 
 3113  406 
 3114  430 
 3115  444 
 3116  415 
 3117  442 
 3118  465 
 3119  477 
 3120  505 
 3121  490 
 3122  558 
 3123  572 
 3124  541 
 3125  595 
 3126  664 
 3127  650 
 3128  683 
 3129  754 
 3130  767 
 3131  788 
 3132  863 
 3133  938 
 3134  931 
 3135  939 
 3136  1060 
 3137  1087 
 3138  1122 
 3139  1171 
 3140  1231 
 3141  1237 
 3142  1324 
 3143  1329 
 3144  1426 
 3145  1509 
 3146  1514 
 3147  1601 
 3148  1715 
 3149  1659 
 3150  1821 
 3151  1905 
 3152  1897 
 3153  2034 
 3154  2053 
 3155  2109 
 3156  2179 
 3157  2254 
 3158  2368 
 3159  2429 
 3160  2502 
 3161  2590 
 3162  2713 
 3163  2779 
 3164  2754 
 3165  2835 
 3166  2818 
 3167  2952 
 3168  2824 
 3169  3016 
 3170  3032 
 3171  3079 
 3172  3089 
 3173  3107 
 3174  3047 
 3175  3000 
 3176  3082 
 3177  3149 
 3178  2970 
 3179  2847 
 3180  2779 
 3181  2799 
 3182  2844 
 3183  2510 
 3184  2563 
 3185  2529 
 3186  2444 
 3187  2319 
 3188  2217 
 3189  2031 
 3190  1985 
 3191  1853 
 3192  1760 
 3193  1691 
 3194  1492 
 3195  1440 
 3196  1253 
 3197  1202 
 3198  1098 
 3199  1022 
 3200  884 
 3201  818 
 3202  727 
 3203  671 
 3204  579 
 3205  547 
 3206  459 
 3207  413 
 3208  392 
 3209  355 
 3210  329 
 3211  291 
 3212  291 
 3213  276 
 3214  273 
 3215  267 
 3216  263 
 3217  248 
 3218  267 
 3219  264 
 3220  281 
 3221  321 
 3222  327 
 3223  305 
 3224  350 
 3225  340 
 3226  381 
 3227  363 
 3228  400 
 3229  401 
 3230  399 
 3231  397 
 3232  398 
 3233  400 
 3234  427 
 3235  393 
 3236  385 
 3237  384 
 3238  333 
 3239  361 
 3240  309 
 3241  304 
 3242  277 
 3243  277 
 3244  271 
 3245  273 
 3246  247 
 3247  208 
 3248  210 
 3249  153 
 3250  161 
 3251  131 
 3252  134 
 3253  125 
 3254  127 
 3255  125 
 3256  101 
 3257  102 
 3258  82 
 3259  86 
 3260  78 
 3261  61 
 3262  75 
 3263  75 
 3264  53 
 3265  62 
 3266  70 
 3267  62 
 3268  35 
 3269  40 
 3270  39 
 3271  31 
 3272  31 
 3273  35 
 3274  32 
 3275  19 
 3276  24 
 3277  27 
 3278  27 
 3279  22 
 3280  19 
 3281  13 
 3282  10 
 3283  18 
 3284  9 
 3285  11 
 3286  5 
 3287  5 
 3288  7 
 3289  9 
 3290  5 
 3291  5 
 3292  1 
 3293  4 
 3294  3 
 3295  4 
 3296  1 
 3297  3 
 3298  4 
 3299  2 
 3300  1 
 3301  2 
 3302  1 
 3303  4 
 3304  2 
 3305  5 
 3306  2 
 3307  3 
 3308  4 
 3309  2 
 3310  3 
 3311  2 
 3312  1 
 3313  3 
 3314  3 
 3315  1 
 3316  4 
 3317  3 
 3318  4 
 3319  3 
 3320  4 
 3321  3 
 3322  0 
 3323  3 
 3324  1 
 3325  1 
 3326  2 
 3327  2 
 3328  1 
 3329  4 
 3330  1 
 3331  7 
 3332  1 
 3333  2 
 3334  0 
 3335  2 
 3336  0 
 3337  4 
 3338  8 
 3339  4 
 3340  3 
 3341  1 
 3342  6 
 3343  2 
 3344  2 
 3345  2 
 3346  1 
 3347  2 
 3348  0 
 3349  2 
 3350  2 
 3351  1 
 3352  1 
 3353  2 
 3354  4 
 3355  0 
 3356  2 
 3357  6 
 3358  1 
 3359  1 
 3360  1 
 3361  0 
 3362  2 
 3363  2 
 3364  0 
 3365  1 
 3366  3 
 3367  3 
 3368  2 
 3369  3 
 3370  2 
 3371  2 
 3372  1 
 3373  0 
 3374  2 
 3375  3 
 3376  2 
 3377  0 
 3378  0 
 3379  3 
 3380  3 
 3381  1 
 3382  4 
 3383  1 
 3384  2 
 3385  0 
 3386  1 
 3387  3 
 3388  1 
 3389  0 
 3390  1 
 3391  0 
 3392  1 
 3393  1 
 3394  0 
 3395  3 
 3396  1 
 3397  1 
 3398  2 
 3399  0 
 3400  0 
 3401  1 
 3402  0 
 3403  0 
 3404  2 
 3405  2 
 3406  1 
 3407  1 
 3408  2 
 3409  2 
 3410  0 
 3411  2 
 3412  0 
 3413  0 
 3414  0 
 3415  2 
 3416  1 
 3417  1 
 3418  1 
 3419  3 
 3420  6 
 3421  0 
 3422  2 
 3423  1 
 3424  0 
 3425  1 
 3426  0 
 3427  0 
 3428  0 
 3429  1 
 3430  1 
 3431  0 
 3432  5 
 3433  1 
 3434  0 
 3435  3 
 3436  0 
 3437  1 
 3438  2 
 3439  2 
 3440  2 
 3441  2 
 3442  0 
 3443  1 
 3444  0 
 3445  0 
 3446  1 
 3447  4 
 3448  0 
 3449  0 
 3450  0 
 3451  1 
 3452  3 
 3453  2 
 3454  2 
 3455  2 
 3456  0 
 3457  1 
 3458  0 
 3459  3 
 3460  1 
 3461  0 
 3462  1 
 3463  0 
 3464  2 
 3465  1 
 3466  0 
 3467  1 
 3468  0 
 3469  2 
 3470  2 
 3471  2 
 3472  1 
 3473  0 
 3474  1 
 3475  1 
 3476  3 
 3477  1 
 3478  1 
 3479  1 
 3480  0 
 3481  0 
 3482  1 
 3483  0 
 3484  1 
 3485  1 
 3486  1 
 3487  2 
 3488  1 
 3489  0 
 3490  0 
 3491  1 
 3492  0 
 3493  1 
 3494  0 
 3495  1 
 3496  2 
 3497  1 
 3498  0 
 3499  0 
 3500  2 
 3501  0 
 3502  1 
 3503  0 
 3504  0 
 3505  0 
 3506  0 
 3507  1 
 3508  0 
 3509  0 
 3510  2 
 3511  0 
 3512  1 
 3513  1 
 3514  1 
 3515  1 
 3516  1 
 3517  2 
 3518  1 
 3519  1 
 3520  0 
 3521  1 
 3522  0 
 3523  0 
 3524  1 
 3525  2 
 3526  0 
 3527  0 
 3528  1 
 3529  0 
 3530  0 
 3531  1 
 3532  0 
 3533  1 
 3534  2 
 3535  0 
 3536  0 
 3537  1 
 3538  1 
 3539  3 
 3540  2 
 3541  0 
 3542  2 
 3543  3 
 3544  1 
 3545  1 
 3546  1 
 3547  1 
 3548  1 
 3549  0 
 3550  0 
 3551  0 
 3552  2 
 3553  0 
 3554  1 
 3555  1 
 3556  0 
 3557  1 
 3558  0 
 3559  0 
 3560  0 
 3561  2 
 3562  2 
 3563  1 
 3564  2 
 3565  2 
 3566  0 
 3567  0 
 3568  0 
 3569  0 
 3570  2 
 3571  2 
 3572  1 
 3573  0 
 3574  1 
 3575  0 
 3576  0 
 3577  1 
 3578  0 
 3579  0 
 3580  0 
 3581  1 
 3582  0 
 3583  0 
 3584  1 
 3585  2 
 3586  0 
 3587  1 
 3588  1 
 3589  0 
 3590  0 
 3591  2 
 3592  0 
 3593  1 
 3594  0 
 3595  0 
 3596  1 
 3597  1 
 3598  0 
 3599  1 
 3600  0 
 3601  0 
 3602  0 
 3603  2 
 3604  2 
 3605  2 
 3606  0 
 3607  1 
 3608  0 
 3609  0 
 3610  0 
 3611  0 
 3612  1 
 3613  1 
 3614  0 
 3615  0 
 3616  1 
 3617  1 
 3618  0 
 3619  0 
 3620  1 
 3621  0 
 3622  0 
 3623  3 
 3624  1 
 3625  1 
 3626  0 
 3627  2 
 3628  1 
 3629  1 
 3630  0 
 3631  0 
 3632  0 
 3633  1 
 3634  0 
 3635  2 
 3636  1 
 3637  0 
 3638  1 
 3639  1 
 3640  2 
 3641  0 
 3642  0 
 3643  0 
 3644  1 
 3645  0 
 3646  0 
 3647  0 
 3648  0 
 3649  1 
 3650  1 
 3651  0 
 3652  1 
 3653  1 
 3654  0 
 3655  2 
 3656  0 
 3657  0 
 3658  1 
 3659  1 
 3660  1 
 3661  1 
 3662  0 
 3663  0 
 3664  0 
 3665  0 
 3666  1 
 3667  1 
 3668  1 
 3669  2 
 3670  2 
 3671  1 
 3672  0 
 3673  0 
 3674  1 
 3675  0 
 3676  2 
 3677  1 
 3678  0 
 3679  0 
 3680  2 
 3681  0 
 3682  2 
 3683  3 
 3684  0 
 3685  1 
 3686  0 
 3687  1 
 3688  0 
 3689  1 
 3690  0 
 3691  1 
 3692  0 
 3693  0 
 3694  1 
 3695  2 
 3696  1 
 3697  1 
 3698  0 
 3699  1 
 3700  0 
 3701  2 
 3702  1 
 3703  1 
 3704  2 
 3705  1 
 3706  0 
 3707  1 
 3708  2 
 3709  1 
 3710  0 
 3711  2 
 3712  0 
 3713  1 
 3714  0 
 3715  1 
 3716  1 
 3717  1 
 3718  0 
 3719  1 
 3720  0 
 3721  0 
 3722  0 
 3723  1 
 3724  1 
 3725  1 
 3726  0 
 3727  0 
 3728  2 
 3729  0 
 3730  0 
 3731  1 
 3732  1 
 3733  0 
 3734  3 
 3735  1 
 3736  1 
 3737  0 
 3738  0 
 3739  0 
 3740  0 
 3741  0 
 3742  1 
 3743  1 
 3744  1 
 3745  1 
 3746  0 
 3747  1 
 3748  1 
 3749  1 
 3750  0 
 3751  0 
 3752  1 
 3753  4 
 3754  2 
 3755  0 
 3756  1 
 3757  1 
 3758  0 
 3759  2 
 3760  0 
 3761  0 
 3762  0 
 3763  1 
 3764  0 
 3765  1 
 3766  2 
 3767  0 
 3768  0 
 3769  0 
 3770  0 
 3771  0 
 3772  0 
 3773  0 
 3774  0 
 3775  0 
 3776  0 
 3777  0 
 3778  0 
 3779  1 
 3780  0 
 3781  1 
 3782  1 
 3783  0 
 3784  1 
 3785  0 
 3786  2 
 3787  0 
 3788  1 
 3789  0 
 3790  0 
 3791  1 
 3792  1 
 3793  1 
 3794  2 
 3795  1 
 3796  0 
 3797  0 
 3798  0 
 3799  0 
 3800  0 
 3801  1 
 3802  0 
 3803  0 
 3804  0 
 3805  2 
 3806  0 
 3807  0 
 3808  2 
 3809  3 
 3810  0 
 3811  1 
 3812  0 
 3813  1 
 3814  0 
 3815  1 
 3816  0 
 3817  0 
 3818  1 
 3819  0 
 3820  2 
 3821  1 
 3822  1 
 3823  1 
 3824  1 
 3825  0 
 3826  2 
 3827  0 
 3828  0 
 3829  0 
 3830  0 
 3831  0 
 3832  0 
 3833  0 
 3834  1 
 3835  1 
 3836  0 
 3837  0 
 3838  0 
 3839  0 
 3840  0 
 3841  2 
 3842  0 
 3843  2 
 3844  0 
 3845  0 
 3846  0 
 3847  0 
 3848  3 
 3849  0 
 3850  0 
 3851  0 
 3852  2 
 3853  0 
 3854  1 
 3855  1 
 3856  0 
 3857  0 
 3858  1 
 3859  1 
 3860  0 
 3861  1 
 3862  1 
 3863  0 
 3864  0 
 3865  2 
 3866  0 
 3867  0 
 3868  0 
 3869  0 
 3870  0 
 3871  0 
 3872  1 
 3873  3 
 3874  0 
 3875  0 
 3876  1 
 3877  1 
 3878  0 
 3879  1 
 3880  1 
 3881  2 
 3882  0 
 3883  0 
 3884  0 
 3885  1 
 3886  1 
 3887  1 
 3888  0 
 3889  0 
 3890  2 
 3891  0 
 3892  0 
 3893  1 
 3894  1 
 3895  0 
 3896  0 
 3897  3 
 3898  2 
 3899  1 
 3900  1 
 3901  0 
 3902  2 
 3903  0 
 3904  1 
 3905  2 
 3906  0 
 3907  1 
 3908  0 
 3909  1 
 3910  2 
 3911  1 
 3912  2 
 3913  0 
 3914  1 
 3915  1 
 3916  1 
 3917  0 
 3918  1 
 3919  0 
 3920  1 
 3921  0 
 3922  1 
 3923  1 
 3924  0 
 3925  0 
 3926  1 
 3927  0 
 3928  1 
 3929  0 
 3930  1 
 3931  3 
 3932  0 
 3933  1 
 3934  0 
 3935  1 
 3936  0 
 3937  2 
 3938  0 
 3939  0 
 3940  1 
 3941  0 
 3942  0 
 3943  1 
 3944  0 
 3945  3 
 3946  0 
 3947  1 
 3948  2 
 3949  1 
 3950  0 
 3951  0 
 3952  0 
 3953  1 
 3954  0 
 3955  0 
 3956  2 
 3957  0 
 3958  1 
 3959  1 
 3960  0 
 3961  1 
 3962  1 
 3963  1 
 3964  1 
 3965  1 
 3966  1 
 3967  0 
 3968  1 
 3969  1 
 3970  0 
 3971  1 
 3972  0 
 3973  1 
 3974  0 
 3975  0 
 3976  2 
 3977  1 
 3978  3 
 3979  0 
 3980  1 
 3981  0 
 3982  0 
 3983  0 
 3984  0 
 3985  2 
 3986  2 
 3987  0 
 3988  0 
 3989  0 
 3990  0 
 3991  1 
 3992  0 
 3993  0 
 3994  0 
 3995  0 
 3996  0 
 3997  0 
 3998  0 
 3999  0 
 4000  0 
 4001  1 
 4002  0 
 4003  1 
 4004  1 
 4005  1 
 4006  0 
 4007  0 
 4008  0 
 4009  0 
 4010  1 
 4011  0 
 4012  0 
 4013  1 
 4014  1 
 4015  0 
 4016  0 
 4017  1 
 4018  1 
 4019  0 
 4020  0 
 4021  1 
 4022  0 
 4023  0 
 4024  0 
 4025  0 
 4026  1 
 4027  1 
 4028  0 
 4029  3 
 4030  1 
 4031  0 
 4032  0 
 4033  0 
 4034  1 
 4035  0 
 4036  0 
 4037  0 
 4038  0 
 4039  0 
 4040  1 
 4041  1 
 4042  1 
 4043  2 
 4044  0 
 4045  0 
 4046  1 
 4047  1 
 4048  0 
 4049  0 
 4050  1 
 4051  0 
 4052  0 
 4053  1 
 4054  2 
 4055  1 
 4056  1 
 4057  0 
 4058  0 
 4059  1 
 4060  0 
 4061  1 
 4062  0 
 4063  1 
 4064  0 
 4065  1 
 4066  0 
 4067  0 
 4068  0 
 4069  0 
 4070  2 
 4071  0 
 4072  1 
 4073  1 
 4074  0 
 4075  0 
 4076  1 
 4077  1 
 4078  0 
 4079  0 
 4080  0 
 4081  0 
 4082  0 
 4083  0 
 4084  1 
 4085  0 
 4086  0 
 4087  0 
 4088  0 
 4089  1 
 4090  0 
 4091  0 
 4092  0 
 4093  1 
 4094  1 
 4095  0 
 4096  0 
 4097  1 
 4098  1 
 4099  0 
 4100  0 
 4101  1 
 4102  0 
 4103  0 
 4104  1 
 4105  1 
 4106  0 
 4107  0 
 4108  1 
 4109  0 
 4110  0 
 4111  0 
 4112  0 
 4113  0 
 4114  0 
 4115  0 
 4116  0 
 4117  0 
 4118  1 
 4119  0 
 4120  0 
 4121  1 
 4122  0 
 4123  1 
 4124  1 
 4125  0 
 4126  0 
 4127  1 
 4128  0 
 4129  0 
 4130  0 
 4131  0 
 4132  1 
 4133  2 
 4134  1 
 4135  0 
 4136  0 
 4137  0 
 4138  1 
 4139  1 
 4140  0 
 4141  0 
 4142  0 
 4143  0 
 4144  0 
 4145  0 
 4146  0 
 4147  0 
 4148  0 
 4149  1 
 4150  0 
 4151  1 
 4152  1 
 4153  0 
 4154  0 
 4155  0 
 4156  0 
 4157  0 
 4158  0 
 4159  0 
 4160  2 
 4161  1 
 4162  1 
 4163  1 
 4164  0 
 4165  1 
 4166  0 
 4167  0 
 4168  0 
 4169  0 
 4170  0 
 4171  0 
 4172  1 
 4173  0 
 4174  0 
 4175  0 
 4176  0 
 4177  1 
 4178  2 
 4179  0 
 4180  0 
 4181  1 
 4182  0 
 4183  0 
 4184  1 
 4185  0 
 4186  0 
 4187  1 
 4188  1 
 4189  0 
 4190  1 
 4191  1 
 4192  0 
 4193  0 
 4194  0 
 4195  0 
 4196  1 
 4197  0 
 4198  0 
 4199  0 
 4200  0 
 4201  0 
 4202  0 
 4203  0 
 4204  0 
 4205  0 
 4206  0 
 4207  0 
 4208  0 
 4209  1 
 4210  0 
 4211  0 
 4212  0 
 4213  0 
 4214  0 
 4215  0 
 4216  0 
 4217  2 
 4218  0 
 4219  0 
 4220  0 
 4221  0 
 4222  0 
 4223  0 
 4224  1 
 4225  1 
 4226  0 
 4227  0 
 4228  0 
 4229  0 
 4230  0 
 4231  0 
 4232  0 
 4233  0 
 4234  0 
 4235  0 
 4236  0 
 4237  0 
 4238  0 
 4239  0 
 4240  1 
 4241  1 
 4242  0 
 4243  0 
 4244  3 
 4245  0 
 4246  0 
 4247  0 
 4248  0 
 4249  0 
 4250  1 
 4251  2 
 4252  0 
 4253  0 
 4254  0 
 4255  0 
 4256  0 
 4257  0 
 4258  0 
 4259  1 
 4260  0 
 4261  0 
 4262  1 
 4263  2 
 4264  1 
 4265  1 
 4266  0 
 4267  0 
 4268  0 
 4269  0 
 4270  0 
 4271  1 
 4272  0 
 4273  0 
 4274  0 
 4275  0 
 4276  0 
 4277  0 
 4278  1 
 4279  1 
 4280  0 
 4281  0 
 4282  0 
 4283  2 
 4284  1 
 4285  0 
 4286  0 
 4287  0 
 4288  0 
 4289  0 
 4290  1 
 4291  0 
 4292  1 
 4293  0 
 4294  1 
 4295  1 
 4296  1 
 4297  0 
 4298  0 
 4299  0 
 4300  0 
 4301  0 
 4302  0 
 4303  3 
 4304  0 
 4305  1 
 4306  1 
 4307  1 
 4308  1 
 4309  0 
 4310  0 
 4311  0 
 4312  0 
 4313  0 
 4314  0 
 4315  1 
 4316  0 
 4317  0 
 4318  0 
 4319  0 
 4320  0 
 4321  0 
 4322  0 
 4323  0 
 4324  1 
 4325  0 
 4326  0 
 4327  2 
 4328  0 
 4329  0 
 4330  1 
 4331  0 
 4332  0 
 4333  1 
 4334  0 
 4335  0 
 4336  1 
 4337  0 
 4338  0 
 4339  0 
 4340  1 
 4341  0 
 4342  2 
 4343  0 
 4344  1 
 4345  0 
 4346  0 
 4347  0 
 4348  0 
 4349  1 
 4350  0 
 4351  0 
 4352  0 
 4353  0 
 4354  0 
 4355  0 
 4356  0 
 4357  0 
 4358  1 
 4359  1 
 4360  0 
 4361  0 
 4362  0 
 4363  0 
 4364  0 
 4365  1 
 4366  0 
 4367  1 
 4368  0 
 4369  1 
 4370  1 
 4371  0 
 4372  0 
 4373  3 
 4374  0 
 4375  0 
 4376  0 
 4377  0 
 4378  0 
 4379  1 
 4380  1 
 4381  0 
 4382  0 
 4383  0 
 4384  0 
 4385  0 
 4386  0 
 4387  0 
 4388  0 
 4389  0 
 4390  2 
 4391  1 
 4392  0 
 4393  1 
 4394  0 
 4395  0 
 4396  0 
 4397  2 
 4398  0 
 4399  0 
 4400  0 
 4401  0 
 4402  0 
 4403  1 
 4404  0 
 4405  0 
 4406  1 
 4407  0 
 4408  0 
 4409  0 
 4410  0 
 4411  0 
 4412  0 
 4413  1 
 4414  0 
 4415  0 
 4416  0 
 4417  1 
 4418  0 
 4419  0 
 4420  0 
 4421  1 
 4422  1 
 4423  0 
 4424  0 
 4425  0 
 4426  0 
 4427  1 
 4428  1 
 4429  1 
 4430  0 
 4431  0 
 4432  0 
 4433  1 
 4434  0 
 4435  0 
 4436  0 
 4437  0 
 4438  0 
 4439  0 
 4440  0 
 4441  1 
 4442  0 
 4443  0 
 4444  0 
 4445  0 
 4446  0 
 4447  0 
 4448  0 
 4449  0 
 4450  0 
 4451  0 
 4452  1 
 4453  0 
 4454  2 
 4455  1 
 4456  0 
 4457  0 
 4458  0 
 4459  0 
 4460  0 
 4461  1 
 4462  0 
 4463  0 
 4464  0 
 4465  0 
 4466  0 
 4467  0 
 4468  0 
 4469  1 
 4470  0 
 4471  0 
 4472  1 
 4473  0 
 4474  0 
 4475  1 
 4476  0 
 4477  0 
 4478  0 
 4479  0 
 4480  0 
 4481  0 
 4482  0 
 4483  1 
 4484  0 
 4485  0 
 4486  0 
 4487  0 
 4488  0 
 4489  0 
 4490  1 
 4491  0 
 4492  0 
 4493  2 
 4494  0 
 4495  0 
 4496  1 
 4497  1 
 4498  1 
 4499  1 
 4500  0 
 4501  1 
 4502  0 
 4503  0 
 4504  0 
 4505  1 
 4506  0 
 4507  1 
 4508  0 
 4509  0 
 4510  0 
 4511  0 
 4512  0 
 4513  1 
 4514  0 
 4515  0 
 4516  0 
 4517  1 
 4518  0 
 4519  0 
 4520  1 
 4521  0 
 4522  0 
 4523  0 
 4524  1 
 4525  0 
 4526  1 
 4527  0 
 4528  0 
 4529  0 
 4530  0 
 4531  1 
 4532  1 
 4533  0 
 4534  2 
 4535  1 
 4536  0 
 4537  0 
 4538  1 
 4539  0 
 4540  1 
 4541  0 
 4542  0 
 4543  0 
 4544  0 
 4545  2 
 4546  0 
 4547  0 
 4548  0 
 4549  0 
 4550  0 
 4551  1 
 4552  0 
 4553  0 
 4554  0 
 4555  0 
 4556  0 
 4557  1 
 4558  0 
 4559  0 
 4560  0 
 4561  1 
 4562  0 
 4563  0 
 4564  0 
 4565  1 
 4566  0 
 4567  1 
 4568  1 
 4569  0 
 4570  0 
 4571  0 
 4572  0 
 4573  0 
 4574  3 
 4575  0 
 4576  0 
 4577  0 
 4578  0 
 4579  0 
 4580  0 
 4581  2 
 4582  0 
 4583  0 
 4584  2 
 4585  0 
 4586  0 
 4587  0 
 4588  0 
 4589  0 
 4590  1 
 4591  0 
 4592  0 
 4593  1 
 4594  0 
 4595  0 
 4596  0 
 4597  0 
 4598  0 
 4599  0 
 4600  0 
 4601  1 
 4602  0 
 4603  0 
 4604  1 
 4605  0 
 4606  0 
 4607  0 
 4608  1 
 4609  1 
 4610  0 
 4611  0 
 4612  0 
 4613  1 
 4614  0 
 4615  0 
 4616  0 
 4617  0 
 4618  0 
 4619  0 
 4620  0 
 4621  0 
 4622  1 
 4623  0 
 4624  2 
 4625  0 
 4626  0 
 4627  0 
 4628  0 
 4629  0 
 4630  0 
 4631  0 
 4632  0 
 4633  0 
 4634  1 
 4635  1 
 4636  1 
 4637  0 
 4638  0 
 4639  0 
 4640  0 
 4641  0 
 4642  0 
 4643  0 
 4644  0 
 4645  1 
 4646  0 
 4647  0 
 4648  0 
 4649  0 
 4650  0 
 4651  0 
 4652  0 
 4653  1 
 4654  1 
 4655  1 
 4656  0 
 4657  1 
 4658  0 
 4659  0 
 4660  0 
 4661  0 
 4662  0 
 4663  0 
 4664  0 
 4665  0 
 4666  0 
 4667  1 
 4668  1 
 4669  0 
 4670  1 
 4671  0 
 4672  2 
 4673  0 
 4674  0 
 4675  0 
 4676  0 
 4677  0 
 4678  1 
 4679  0 
 4680  0 
 4681  0 
 4682  0 
 4683  0 
 4684  1 
 4685  0 
 4686  1 
 4687  0 
 4688  0 
 4689  0 
 4690  1 
 4691  0 
 4692  0 
 4693  0 
 4694  0 
 4695  1 
 4696  0 
 4697  0 
 4698  0 
 4699  1 
 4700  0 
 4701  0 
 4702  0 
 4703  0 
 4704  2 
 4705  0 
 4706  0 
 4707  0 
 4708  0 
 4709  0 
 4710  0 
 4711  0 
 4712  0 
 4713  0 
 4714  1 
 4715  0 
 4716  0 
 4717  1 
 4718  0 
 4719  0 
 4720  0 
 4721  0 
 4722  0 
 4723  0 
 4724  0 
 4725  0 
 4726  0 
 4727  1 
 4728  1 
 4729  1 
 4730  0 
 4731  1 
 4732  0 
 4733  1 
 4734  1 
 4735  0 
 4736  0 
 4737  0 
 4738  0 
 4739  1 
 4740  0 
 4741  0 
 4742  0 
 4743  0 
 4744  0 
 4745  0 
 4746  0 
 4747  0 
 4748  0 
 4749  0 
 4750  1 
 4751  0 
 4752  0 
 4753  0 
 4754  0 
 4755  0 
 4756  0 
 4757  0 
 4758  0 
 4759  1 
 4760  0 
 4761  1 
 4762  1 
 4763  1 
 4764  0 
 4765  0 
 4766  0 
 4767  0 
 4768  1 
 4769  0 
 4770  0 
 4771  0 
 4772  0 
 4773  0 
 4774  1 
 4775  0 
 4776  0 
 4777  0 
 4778  0 
 4779  0 
 4780  0 
 4781  0 
 4782  0 
 4783  0 
 4784  1 
 4785  0 
 4786  0 
 4787  0 
 4788  0 
 4789  0 
 4790  0 
 4791  0 
 4792  1 
 4793  1 
 4794  1 
 4795  0 
 4796  0 
 4797  0 
 4798  1 
 4799  0 
 4800  0 
 4801  1 
 4802  0 
 4803  0 
 4804  0 
 4805  0 
 4806  0 
 4807  0 
 4808  0 
 4809  0 
 4810  0 
 4811  0 
 4812  0 
 4813  0 
 4814  0 
 4815  0 
 4816  0 
 4817  0 
 4818  0 
 4819  0 
 4820  0 
 4821  1 
 4822  0 
 4823  0 
 4824  0 
 4825  0 
 4826  0 
 4827  0 
 4828  1 
 4829  1 
 4830  0 
 4831  0 
 4832  0 
 4833  1 
 4834  0 
 4835  0 
 4836  0 
 4837  2 
 4838  0 
 4839  0 
 4840  0 
 4841  1 
 4842  0 
 4843  0 
 4844  1 
 4845  0 
 4846  0 
 4847  0 
 4848  1 
 4849  0 
 4850  0 
 4851  0 
 4852  0 
 4853  0 
 4854  0 
 4855  0 
 4856  0 
 4857  0 
 4858  0 
 4859  0 
 4860  1 
 4861  0 
 4862  0 
 4863  0 
 4864  0 
 4865  0 
 4866  0 
 4867  0 
 4868  0 
 4869  0 
 4870  0 
 4871  1 
 4872  1 
 4873  5 
 4874  0 
 4875  1 
 4876  3 
 4877  0 
 4878  0 
 4879  0 
 4880  0 
 4881  1 
 4882  0 
 4883  0 
 4884  0 
 4885  0 
 4886  1 
 4887  0 
 4888  1 
 4889  0 
 4890  0 
 4891  0 
 4892  0 
 4893  0 
 4894  0 
 4895  1 
 4896  1 
 4897  0 
 4898  0 
 4899  0 
 4900  2 
 4901  0 
 4902  0 
 4903  0 
 4904  0 
 4905  0 
 4906  1 
 4907  0 
 4908  0 
 4909  0 
 4910  0 
 4911  0 
 4912  0 
 4913  0 
 4914  0 
 4915  2 
 4916  0 
 4917  0 
 4918  0 
 4919  1 
 4920  0 
 4921  0 
 4922  0 
 4923  1 
 4924  1 
 4925  1 
 4926  0 
 4927  0 
 4928  0 
 4929  0 
 4930  1 
 4931  0 
 4932  0 
 4933  0 
 4934  1 
 4935  0 
 4936  0 
 4937  1 
 4938  0 
 4939  1 
 4940  0 
 4941  3 
 4942  1 
 4943  0 
 4944  0 
 4945  1 
 4946  0 
 4947  0 
 4948  0 
 4949  0 
 4950  1 
 4951  0 
 4952  0 
 4953  0 
 4954  1 
 4955  0 
 4956  0 
 4957  0 
 4958  0 
 4959  0 
 4960  1 
 4961  0 
 4962  1 
 4963  0 
 4964  0 
 4965  0 
 4966  0 
 4967  0 
 4968  3 
 4969  0 
 4970  1 
 4971  0 
 4972  1 
 4973  1 
 4974  1 
 4975  0 
 4976  0 
 4977  0 
 4978  0 
 4979  0 
 4980  0 
 4981  0 
 4982  0 
 4983  1 
 4984  1 
 4985  0 
 4986  0 
 4987  0 
 4988  0 
 4989  0 
 4990  0 
 4991  0 
 4992  0 
 4993  0 
 4994  0 
 4995  0 
 4996  0 
 4997  0 
 4998  0 
 4999  2 
 5000  0 
 5001  0 
 5002  0 
 5003  0 
 5004  1 
 5005  0 
 5006  0 
 5007  0 
 5008  0 
 5009  0 
 5010  0 
 5011  0 
 5012  1 
 5013  0 
 5014  0 
 5015  1 
 5016  0 
 5017  0 
 5018  0 
 5019  1 
 5020  0 
 5021  1 
 5022  1 
 5023  1 
 5024  0 
 5025  0 
 5026  1 
 5027  0 
 5028  1 
 5029  0 
 5030  1 
 5031  0 
 5032  0 
 5033  1 
 5034  0 
 5035  1 
 5036  0 
 5037  0 
 5038  0 
 5039  0 
 5040  2 
 5041  0 
 5042  1 
 5043  0 
 5044  0 
 5045  0 
 5046  0 
 5047  0 
 5048  0 
 5049  0 
 5050  1 
 5051  0 
 5052  0 
 5053  0 
 5054  0 
 5055  0 
 5056  1 
 5057  0 
 5058  0 
 5059  0 
 5060  0 
 5061  0 
 5062  3 
 5063  0 
 5064  1 
 5065  0 
 5066  0 
 5067  0 
 5068  1 
 5069  0 
 5070  0 
 5071  0 
 5072  0 
 5073  0 
 5074  0 
 5075  1 
 5076  1 
 5077  0 
 5078  0 
 5079  0 
 5080  0 
 5081  0 
 5082  0 
 5083  0 
 5084  0 
 5085  1 
 5086  0 
 5087  0 
 5088  0 
 5089  0 
 5090  0 
 5091  0 
 5092  0 
 5093  0 
 5094  0 
 5095  0 
 5096  0 
 5097  1 
 5098  0 
 5099  0 
 5100  0 
 5101  0 
 5102  0 
 5103  0 
 5104  0 
 5105  1 
 5106  0 
 5107  1 
 5108  1 
 5109  0 
 5110  0 
 5111  0 
 5112  0 
 5113  0 
 5114  0 
 5115  0 
 5116  0 
 5117  1 
 5118  0 
 5119  0 
 5120  0 
 5121  0 
 5122  0 
 5123  1 
 5124  0 
 5125  2 
 5126  0 
 5127  1 
 5128  0 
 5129  0 
 5130  0 
 5131  0 
 5132  2 
 5133  0 
 5134  0 
 5135  0 
 5136  0 
 5137  0 
 5138  0 
 5139  0 
 5140  1 
 5141  0 
 5142  1 
 5143  0 
 5144  1 
 5145  0 
 5146  0 
 5147  0 
 5148  0 
 5149  0 
 5150  0 
 5151  0 
 5152  0 
 5153  0 
 5154  1 
 5155  1 
 5156  1 
 5157  1 
 5158  0 
 5159  1 
 5160  0 
 5161  1 
 5162  0 
 5163  0 
 5164  0 
 5165  0 
 5166  0 
 5167  1 
 5168  0 
 5169  0 
 5170  0 
 5171  0 
 5172  1 
 5173  0 
 5174  0 
 5175  0 
 5176  0 
 5177  0 
 5178  0 
 5179  0 
 5180  0 
 5181  0 
 5182  0 
 5183  0 
 5184  0 
 5185  0 
 5186  0 
 5187  0 
 5188  0 
 5189  1 
 5190  0 
 5191  1 
 5192  0 
 5193  1 
 5194  1 
 5195  0 
 5196  0 
 5197  0 
 5198  0 
 5199  1 
 5200  0 
 5201  0 
 5202  1 
 5203  0 
 5204  0 
 5205  1 
 5206  0 
 5207  0 
 5208  0 
 5209  1 
 5210  2 
 5211  0 
 5212  0 
 5213  0 
 5214  1 
 5215  0 
 5216  0 
 5217  1 
 5218  0 
 5219  0 
 5220  0 
 5221  0 
 5222  0 
 5223  0 
 5224  0 
 5225  0 
 5226  0 
 5227  1 
 5228  0 
 5229  0 
 5230  2 
 5231  1 
 5232  0 
 5233  0 
 5234  0 
 5235  0 
 5236  0 
 5237  0 
 5238  0 
 5239  1 
 5240  0 
 5241  0 
 5242  0 
 5243  0 
 5244  0 
 5245  0 
 5246  0 
 5247  1 
 5248  1 
 5249  0 
 5250  1 
 5251  1 
 5252  1 
 5253  0 
 5254  1 
 5255  0 
 5256  0 
 5257  0 
 5258  0 
 5259  0 
 5260  1 
 5261  0 
 5262  0 
 5263  0 
 5264  0 
 5265  0 
 5266  0 
 5267  0 
 5268  0 
 5269  1 
 5270  0 
 5271  1 
 5272  0 
 5273  0 
 5274  2 
 5275  0 
 5276  0 
 5277  0 
 5278  0 
 5279  0 
 5280  0 
 5281  1 
 5282  0 
 5283  0 
 5284  2 
 5285  0 
 5286  0 
 5287  1 
 5288  1 
 5289  0 
 5290  0 
 5291  0 
 5292  0 
 5293  0 
 5294  0 
 5295  1 
 5296  0 
 5297  0 
 5298  0 
 5299  1 
 5300  0 
 5301  0 
 5302  1 
 5303  0 
 5304  0 
 5305  0 
 5306  1 
 5307  0 
 5308  0 
 5309  0 
 5310  0 
 5311  0 
 5312  2 
 5313  0 
 5314  0 
 5315  0 
 5316  0 
 5317  0 
 5318  0 
 5319  1 
 5320  0 
 5321  0 
 5322  0 
 5323  0 
 5324  0 
 5325  0 
 5326  1 
 5327  0 
 5328  1 
 5329  0 
 5330  0 
 5331  0 
 5332  0 
 5333  0 
 5334  1 
 5335  0 
 5336  0 
 5337  0 
 5338  0 
 5339  1 
 5340  0 
 5341  0 
 5342  0 
 5343  1 
 5344  4 
 5345  0 
 5346  0 
 5347  0 
 5348  0 
 5349  0 
 5350  0 
 5351  0 
 5352  0 
 5353  0 
 5354  0 
 5355  0 
 5356  0 
 5357  0 
 5358  0 
 5359  0 
 5360  2 
 5361  0 
 5362  1 
 5363  1 
 5364  0 
 5365  0 
 5366  1 
 5367  0 
 5368  0 
 5369  1 
 5370  0 
 5371  2 
 5372  0 
 5373  0 
 5374  0 
 5375  0 
 5376  1 
 5377  1 
 5378  0 
 5379  0 
 5380  1 
 5381  0 
 5382  1 
 5383  0 
 5384  0 
 5385  0 
 5386  1 
 5387  0 
 5388  0 
 5389  0 
 5390  0 
 5391  0 
 5392  0 
 5393  1 
 5394  0 
 5395  0 
 5396  1 
 5397  1 
 5398  0 
 5399  0 
 5400  0 
 5401  0 
 5402  0 
 5403  0 
 5404  0 
 5405  1 
 5406  1 
 5407  0 
 5408  0 
 5409  0 
 5410  0 
 5411  0 
 5412  1 
 5413  0 
 5414  2 
 5415  0 
 5416  0 
 5417  2 
 5418  1 
 5419  1 
 5420  0 
 5421  1 
 5422  2 
 5423  1 
 5424  2 
 5425  2 
 5426  0 
 5427  0 
 5428  0 
 5429  1 
 5430  0 
 5431  0 
 5432  0 
 5433  0 
 5434  0 
 5435  0 
 5436  0 
 5437  0 
 5438  0 
 5439  1 
 5440  1 
 5441  0 
 5442  0 
 5443  0 
 5444  0 
 5445  0 
 5446  0 
 5447  2 
 5448  0 
 5449  0 
 5450  0 
 5451  0 
 5452  2 
 5453  0 
 5454  0 
 5455  0 
 5456  0 
 5457  0 
 5458  0 
 5459  1 
 5460  1 
 5461  1 
 5462  0 
 5463  0 
 5464  0 
 5465  0 
 5466  0 
 5467  2 
 5468  0 
 5469  2 
 5470  2 
 5471  1 
 5472  0 
 5473  0 
 5474  0 
 5475  0 
 5476  0 
 5477  0 
 5478  1 
 5479  0 
 5480  0 
 5481  0 
 5482  0 
 5483  0 
 5484  0 
 5485  0 
 5486  2 
 5487  2 
 5488  1 
 5489  1 
 5490  1 
 5491  0 
 5492  0 
 5493  0 
 5494  1 
 5495  0 
 5496  0 
 5497  2 
 5498  1 
 5499  0 
 5500  0 
 5501  1 
 5502  4 
 5503  0 
 5504  1 
 5505  0 
 5506  1 
 5507  1 
 5508  0 
 5509  0 
 5510  2 
 5511  1 
 5512  0 
 5513  0 
 5514  1 
 5515  1 
 5516  0 
 5517  0 
 5518  1 
 5519  0 
 5520  1 
 5521  0 
 5522  0 
 5523  1 
 5524  0 
 5525  0 
 5526  0 
 5527  1 
 5528  1 
 5529  0 
 5530  0 
 5531  0 
 5532  2 
 5533  2 
 5534  0 
 5535  0 
 5536  0 
 5537  0 
 5538  0 
 5539  0 
 5540  1 
 5541  1 
 5542  0 
 5543  0 
 5544  0 
 5545  0 
 5546  1 
 5547  0 
 5548  2 
 5549  1 
 5550  1 
 5551  0 
 5552  1 
 5553  0 
 5554  1 
 5555  0 
 5556  0 
 5557  0 
 5558  0 
 5559  0 
 5560  1 
 5561  2 
 5562  2 
 5563  0 
 5564  3 
 5565  0 
 5566  0 
 5567  0 
 5568  2 
 5569  1 
 5570  0 
 5571  0 
 5572  1 
 5573  0 
 5574  3 
 5575  1 
 5576  0 
 5577  0 
 5578  1 
 5579  0 
 5580  0 
 5581  2 
 5582  0 
 5583  0 
 5584  1 
 5585  1 
 5586  2 
 5587  1 
 5588  0 
 5589  0 
 5590  4 
 5591  2 
 5592  0 
 5593  0 
 5594  2 
 5595  0 
 5596  1 
 5597  2 
 5598  1 
 5599  0 
 5600  0 
 5601  3 
 5602  1 
 5603  0 
 5604  1 
 5605  0 
 5606  0 
 5607  1 
 5608  0 
 5609  0 
 5610  0 
 5611  1 
 5612  3 
 5613  1 
 5614  1 
 5615  1 
 5616  1 
 5617  0 
 5618  0 
 5619  0 
 5620  0 
 5621  1 
 5622  0 
 5623  0 
 5624  1 
 5625  0 
 5626  0 
 5627  0 
 5628  0 
 5629  1 
 5630  0 
 5631  0 
 5632  0 
 5633  0 
 5634  5 
 5635  0 
 5636  0 
 5637  1 
 5638  1 
 5639  0 
 5640  1 
 5641  0 
 5642  0 
 5643  0 
 5644  1 
 5645  0 
 5646  0 
 5647  0 
 5648  1 
 5649  1 
 5650  1 
 5651  1 
 5652  2 
 5653  1 
 5654  1 
 5655  0 
 5656  1 
 5657  1 
 5658  2 
 5659  0 
 5660  3 
 5661  1 
 5662  2 
 5663  0 
 5664  1 
 5665  0 
 5666  0 
 5667  0 
 5668  2 
 5669  1 
 5670  3 
 5671  0 
 5672  1 
 5673  4 
 5674  0 
 5675  1 
 5676  0 
 5677  1 
 5678  0 
 5679  1 
 5680  0 
 5681  1 
 5682  1 
 5683  0 
 5684  0 
 5685  0 
 5686  0 
 5687  0 
 5688  0 
 5689  0 
 5690  0 
 5691  2 
 5692  1 
 5693  2 
 5694  0 
 5695  1 
 5696  0 
 5697  0 
 5698  1 
 5699  0 
 5700  1 
 5701  0 
 5702  0 
 5703  1 
 5704  1 
 5705  0 
 5706  0 
 5707  1 
 5708  0 
 5709  0 
 5710  1 
 5711  1 
 5712  0 
 5713  1 
 5714  0 
 5715  1 
 5716  1 
 5717  0 
 5718  0 
 5719  0 
 5720  0 
 5721  0 
 5722  0 
 5723  0 
 5724  2 
 5725  0 
 5726  1 
 5727  0 
 5728  1 
 5729  0 
 5730  0 
 5731  0 
 5732  1 
 5733  0 
 5734  0 
 5735  1 
 5736  0 
 5737  0 
 5738  1 
 5739  0 
 5740  1 
 5741  0 
 5742  0 
 5743  1 
 5744  1 
 5745  0 
 5746  1 
 5747  0 
 5748  0 
 5749  0 
 5750  0 
 5751  0 
 5752  0 
 5753  0 
 5754  0 
 5755  0 
 5756  0 
 5757  0 
 5758  1 
 5759  1 
 5760  0 
 5761  1 
 5762  0 
 5763  0 
 5764  2 
 5765  0 
 5766  0 
 5767  0 
 5768  1 
 5769  0 
 5770  1 
 5771  1 
 5772  0 
 5773  1 
 5774  1 
 5775  2 
 5776  1 
 5777  0 
 5778  0 
 5779  2 
 5780  0 
 5781  1 
 5782  0 
 5783  1 
 5784  0 
 5785  0 
 5786  0 
 5787  1 
 5788  1 
 5789  1 
 5790  0 
 5791  0 
 5792  0 
 5793  0 
 5794  0 
 5795  0 
 5796  0 
 5797  0 
 5798  1 
 5799  0 
 5800  2 
 5801  0 
 5802  0 
 5803  1 
 5804  1 
 5805  2 
 5806  1 
 5807  1 
 5808  0 
 5809  0 
 5810  0 
 5811  0 
 5812  0 
 5813  0 
 5814  1 
 5815  0 
 5816  1 
 5817  0 
 5818  1 
 5819  1 
 5820  0 
 5821  0 
 5822  0 
 5823  0 
 5824  0 
 5825  0 
 5826  1 
 5827  1 
 5828  0 
 5829  0 
 5830  1 
 5831  3 
 5832  0 
 5833  1 
 5834  0 
 5835  1 
 5836  1 
 5837  0 
 5838  0 
 5839  1 
 5840  1 
 5841  0 
 5842  2 
 5843  0 
 5844  0 
 5845  0 
 5846  1 
 5847  0 
 5848  0 
 5849  0 
 5850  0 
 5851  0 
 5852  0 
 5853  1 
 5854  0 
 5855  0 
 5856  0 
 5857  1 
 5858  0 
 5859  0 
 5860  1 
 5861  0 
 5862  1 
 5863  1 
 5864  0 
 5865  0 
 5866  0 
 5867  0 
 5868  1 
 5869  0 
 5870  0 
 5871  0 
 5872  0 
 5873  0 
 5874  0 
 5875  2 
 5876  0 
 5877  1 
 5878  0 
 5879  1 
 5880  1 
 5881  0 
 5882  0 
 5883  0 
 5884  0 
 5885  0 
 5886  1 
 5887  0 
 5888  1 
 5889  1 
 5890  1 
 5891  2 
 5892  1 
 5893  0 
 5894  0 
 5895  0 
 5896  1 
 5897  1 
 5898  1 
 5899  0 
 5900  2 
 5901  2 
 5902  1 
 5903  0 
 5904  0 
 5905  2 
 5906  0 
 5907  1 
 5908  1 
 5909  0 
 5910  1 
 5911  0 
 5912  1 
 5913  2 
 5914  1 
 5915  0 
 5916  2 
 5917  0 
 5918  1 
 5919  0 
 5920  2 
 5921  0 
 5922  1 
 5923  0 
 5924  0 
 5925  0 
 5926  1 
 5927  0 
 5928  0 
 5929  1 
 5930  0 
 5931  1 
 5932  0 
 5933  0 
 5934  1 
 5935  0 
 5936  0 
 5937  1 
 5938  2 
 5939  0 
 5940  0 
 5941  1 
 5942  1 
 5943  0 
 5944  0 
 5945  0 
 5946  0 
 5947  0 
 5948  0 
 5949  0 
 5950  0 
 5951  3 
 5952  1 
 5953  0 
 5954  1 
 5955  1 
 5956  0 
 5957  0 
 5958  1 
 5959  2 
 5960  2 
 5961  1 
 5962  2 
 5963  1 
 5964  0 
 5965  0 
 5966  1 
 5967  1 
 5968  1 
 5969  0 
 5970  0 
 5971  0 
 5972  0 
 5973  2 
 5974  1 
 5975  1 
 5976  1 
 5977  0 
 5978  3 
 5979  0 
 5980  1 
 5981  0 
 5982  1 
 5983  1 
 5984  1 
 5985  0 
 5986  0 
 5987  0 
 5988  0 
 5989  1 
 5990  1 
 5991  0 
 5992  1 
 5993  2 
 5994  0 
 5995  0 
 5996  0 
 5997  2 
 5998  0 
 5999  0 
 6000  0 
 6001  3 
 6002  1 
 6003  1 
 6004  0 
 6005  0 
 6006  1 
 6007  0 
 6008  1 
 6009  0 
 6010  1 
 6011  2 
 6012  0 
 6013  0 
 6014  1 
 6015  0 
 6016  0 
 6017  0 
 6018  0 
 6019  0 
 6020  1 
 6021  0 
 6022  3 
 6023  0 
 6024  2 
 6025  1 
 6026  0 
 6027  0 
 6028  0 
 6029  0 
 6030  0 
 6031  0 
 6032  2 
 6033  0 
 6034  0 
 6035  0 
 6036  0 
 6037  0 
 6038  1 
 6039  0 
 6040  0 
 6041  1 
 6042  1 
 6043  0 
 6044  0 
 6045  1 
 6046  0 
 6047  1 
 6048  0 
 6049  1 
 6050  0 
 6051  0 
 6052  0 
 6053  0 
 6054  0 
 6055  0 
 6056  0 
 6057  1 
 6058  0 
 6059  0 
 6060  0 
 6061  0 
 6062  1 
 6063  1 
 6064  0 
 6065  1 
 6066  0 
 6067  0 
 6068  0 
 6069  2 
 6070  0 
 6071  0 
 6072  0 
 6073  0 
 6074  0 
 6075  1 
 6076  0 
 6077  0 
 6078  0 
 6079  0 
 6080  1 
 6081  0 
 6082  0 
 6083  0 
 6084  0 
 6085  0 
 6086  0 
 6087  1 
 6088  0 
 6089  2 
 6090  2 
 6091  0 
 6092  1 
 6093  2 
 6094  0 
 6095  1 
 6096  0 
 6097  1 
 6098  0 
 6099  0 
 6100  1 
 6101  0 
 6102  0 
 6103  2 
 6104  0 
 6105  1 
 6106  1 
 6107  2 
 6108  0 
 6109  1 
 6110  0 
 6111  0 
 6112  1 
 6113  0 
 6114  0 
 6115  1 
 6116  0 
 6117  0 
 6118  0 
 6119  1 
 6120  0 
 6121  0 
 6122  0 
 6123  3 
 6124  1 
 6125  0 
 6126  1 
 6127  0 
 6128  2 
 6129  0 
 6130  0 
 6131  0 
 6132  0 
 6133  1 
 6134  0 
 6135  0 
 6136  0 
 6137  0 
 6138  1 
 6139  0 
 6140  0 
 6141  0 
 6142  0 
 6143  0 
 6144  0 
 6145  0 
 6146  1 
 6147  1 
 6148  0 
 6149  0 
 6150  1 
 6151  0 
 6152  0 
 6153  0 
 6154  0 
 6155  0 
 6156  0 
 6157  1 
 6158  0 
 6159  0 
 6160  0 
 6161  0 
 6162  1 
 6163  1 
 6164  0 
 6165  0 
 6166  1 
 6167  0 
 6168  1 
 6169  0 
 6170  1 
 6171  0 
 6172  0 
 6173  2 
 6174  1 
 6175  1 
 6176  0 
 6177  0 
 6178  0 
 6179  1 
 6180  0 
 6181  1 
 6182  1 
 6183  0 
 6184  0 
 6185  0 
 6186  0 
 6187  1 
 6188  0 
 6189  0 
 6190  0 
 6191  0 
 6192  1 
 6193  0 
 6194  0 
 6195  0 
 6196  1 
 6197  0 
 6198  0 
 6199  0 
 6200  0 
 6201  0 
 6202  0 
 6203  0 
 6204  0 
 6205  0 
 6206  0 
 6207  1 
 6208  0 
 6209  1 
 6210  0 
 6211  1 
 6212  0 
 6213  0 
 6214  0 
 6215  0 
 6216  0 
 6217  1 
 6218  0 
 6219  2 
 6220  0 
 6221  1 
 6222  1 
 6223  1 
 6224  0 
 6225  0 
 6226  0 
 6227  0 
 6228  0 
 6229  0 
 6230  1 
 6231  0 
 6232  1 
 6233  0 
 6234  1 
 6235  1 
 6236  0 
 6237  1 
 6238  0 
 6239  0 
 6240  0 
 6241  1 
 6242  0 
 6243  1 
 6244  0 
 6245  0 
 6246  1 
 6247  0 
 6248  0 
 6249  0 
 6250  0 
 6251  0 
 6252  0 
 6253  1 
 6254  0 
 6255  0 
 6256  0 
 6257  0 
 6258  0 
 6259  0 
 6260  1 
 6261  0 
 6262  1 
 6263  0 
 6264  0 
 6265  0 
 6266  0 
 6267  0 
 6268  1 
 6269  0 
 6270  0 
 6271  0 
 6272  0 
 6273  0 
 6274  0 
 6275  1 
 6276  0 
 6277  0 
 6278  0 
 6279  0 
 6280  0 
 6281  0 
 6282  0 
 6283  0 
 6284  0 
 6285  0 
 6286  0 
 6287  1 
 6288  0 
 6289  1 
 6290  0 
 6291  0 
 6292  0 
 6293  0 
 6294  0 
 6295  1 
 6296  0 
 6297  0 
 6298  0 
 6299  0 
 6300  0 
 6301  0 
 6302  0 
 6303  0 
 6304  0 
 6305  0 
 6306  0 
 6307  0 
 6308  0 
 6309  0 
 6310  0 
 6311  0 
 6312  0 
 6313  0 
 6314  0 
 6315  0 
 6316  0 
 6317  0 
 6318  0 
 6319  0 
 6320  0 
 6321  0 
 6322  0 
 6323  0 
 6324  0 
 6325  0 
 6326  0 
 6327  0 
 6328  1 
 6329  0 
 6330  0 
 6331  0 
 6332  0 
 6333  0 
 6334  0 
 6335  0 
 6336  0 
 6337  0 
 6338  0 
 6339  0 
 6340  0 
 6341  0 
 6342  0 
 6343  0 
 6344  0 
 6345  0 
 6346  0 
 6347  0 
 6348  0 
 6349  0 
 6350  0 
 6351  0 
 6352  0 
 6353  0 
 6354  0 
 6355  0 
 6356  0 
 6357  0 
 6358  0 
 6359  0 
 6360  0 
 6361  0 
 6362  0 
 6363  0 
 6364  0 
 6365  0 
 6366  0 
 6367  0 
 6368  0 
 6369  0 
 6370  0 
 6371  0 
 6372  0 
 6373  0 
 6374  0 
 6375  0 
 6376  0 
 6377  0 
 6378  0 
 6379  0 
 6380  0 
 6381  0 
 6382  0 
 6383  0 
 6384  0 
 6385  0 
 6386  0 
 6387  0 
 6388  0 
 6389  0 
 6390  0 
 6391  0 
 6392  0 
 6393  0 
 6394  0 
 6395  0 
 6396  0 
 6397  0 
 6398  0 
 6399  0 
 6400  0 
 6401  0 
 6402  0 
 6403  0 
 6404  0 
 6405  0 
 6406  0 
 6407  0 
 6408  0 
 6409  0 
 6410  0 
 6411  0 
 6412  0 
 6413  0 
 6414  0 
 6415  0 
 6416  0 
 6417  0 
 6418  0 
 6419  0 
 6420  0 
 6421  0 
 6422  0 
 6423  0 
 6424  0 
 6425  0 
 6426  0 
 6427  0 
 6428  0 
 6429  0 
 6430  0 
 6431  0 
 6432  0 
 6433  0 
 6434  0 
 6435  0 
 6436  0 
 6437  0 
 6438  0 
 6439  0 
 6440  0 
 6441  0 
 6442  0 
 6443  0 
 6444  0 
 6445  0 
 6446  0 
 6447  0 
 6448  0 
 6449  0 
 6450  0 
 6451  0 
 6452  0 
 6453  0 
 6454  0 
 6455  0 
 6456  0 
 6457  0 
 6458  0 
 6459  0 
 6460  0 
 6461  0 
 6462  0 
 6463  0 
 6464  0 
 6465  0 
 6466  0 
 6467  0 
 6468  0 
 6469  0 
 6470  0 
 6471  0 
 6472  0 
 6473  0 
 6474  0 
 6475  0 
 6476  0 
 6477  0 
 6478  0 
 6479  1 
 6480  0 
 6481  0 
 6482  0 
 6483  0 
 6484  0 
 6485  0 
 6486  0 
 6487  0 
 6488  0 
 6489  0 
 6490  0 
 6491  0 
 6492  0 
 6493  0 
 6494  0 
 6495  0 
 6496  0 
 6497  0 
 6498  0 
 6499  0 
 6500  0 
 6501  0 
 6502  0 
 6503  0 
 6504  0 
 6505  0 
 6506  0 
 6507  0 
 6508  0 
 6509  0 
 6510  0 
 6511  0 
 6512  0 
 6513  0 
 6514  0 
 6515  0 
 6516  0 
 6517  0 
 6518  0 
 6519  0 
 6520  0 
 6521  0 
 6522  0 
 6523  0 
 6524  0 
 6525  0 
 6526  0 
 6527  0 
 6528  0 
 6529  0 
 6530  0 
 6531  0 
 6532  0 
 6533  0 
 6534  0 
 6535  0 
 6536  0 
 6537  0 
 6538  0 
 6539  0 
 6540  0 
 6541  0 
 6542  0 
 6543  0 
 6544  0 
 6545  0 
 6546  0 
 6547  0 
 6548  0 
 6549  0 
 6550  0 
 6551  0 
 6552  0 
 6553  0 
 6554  0 
 6555  0 
 6556  0 
 6557  0 
 6558  0 
 6559  0 
 6560  0 
 6561  0 
 6562  0 
 6563  0 
 6564  0 
 6565  0 
 6566  0 
 6567  0 
 6568  0 
 6569  0 
 6570  0 
 6571  0 
 6572  0 
 6573  0 
 6574  0 
 6575  0 
 6576  0 
 6577  0 
 6578  0 
 6579  0 
 6580  0 
 6581  0 
 6582  0 
 6583  0 
 6584  0 
 6585  0 
 6586  0 
 6587  0 
 6588  0 
 6589  0 
 6590  0 
 6591  0 
 6592  0 
 6593  0 
 6594  0 
 6595  0 
 6596  0 
 6597  0 
 6598  0 
 6599  0 
 6600  0 
 6601  0 
 6602  0 
 6603  0 
 6604  0 
 6605  0 
 6606  0 
 6607  0 
 6608  0 
 6609  0 
 6610  0 
 6611  0 
 6612  0 
 6613  0 
 6614  0 
 6615  0 
 6616  0 
 6617  0 
 6618  0 
 6619  0 
 6620  0 
 6621  0 
 6622  0 
 6623  0 
 6624  0 
 6625  0 
 6626  0 
 6627  0 
 6628  0 
 6629  0 
 6630  0 
 6631  0 
 6632  0 
 6633  0 
 6634  0 
 6635  0 
 6636  0 
 6637  0 
 6638  0 
 6639  0 
 6640  0 
 6641  0 
 6642  0 
 6643  0 
 6644  0 
 6645  0 
 6646  0 
 6647  0 
 6648  0 
 6649  0 
 6650  0 
 6651  0 
 6652  0 
 6653  0 
 6654  0 
 6655  0 
 6656  0 
 6657  0 
 6658  0 
 6659  0 
 6660  0 
 6661  0 
 6662  0 
 6663  0 
 6664  0 
 6665  0 
 6666  0 
 6667  0 
 6668  0 
 6669  0 
 6670  0 
 6671  0 
 6672  0 
 6673  0 
 6674  0 
 6675  0 
 6676  0 
 6677  0 
 6678  0 
 6679  0 
 6680  0 
 6681  0 
 6682  0 
 6683  0 
 6684  0 
 6685  0 
 6686  0 
 6687  0 
 6688  0 
 6689  0 
 6690  0 
 6691  0 
 6692  0 
 6693  0 
 6694  0 
 6695  0 
 6696  0 
 6697  0 
 6698  0 
 6699  0 
 6700  0 
 6701  0 
 6702  0 
 6703  0 
 6704  0 
 6705  0 
 6706  0 
 6707  0 
 6708  0 
 6709  0 
 6710  0 
 6711  0 
 6712  0 
 6713  0 
 6714  0 
 6715  0 
 6716  0 
 6717  0 
 6718  0 
 6719  0 
 6720  0 
 6721  0 
 6722  0 
 6723  0 
 6724  0 
 6725  0 
 6726  0 
 6727  0 
 6728  0 
 6729  0 
 6730  0 
 6731  0 
 6732  0 
 6733  0 
 6734  0 
 6735  0 
 6736  0 
 6737  0 
 6738  0 
 6739  0 
 6740  0 
 6741  0 
 6742  0 
 6743  0 
 6744  0 
 6745  0 
 6746  0 
 6747  0 
 6748  0 
 6749  0 
 6750  0 
 6751  0 
 6752  0 
 6753  0 
 6754  0 
 6755  0 
 6756  0 
 6757  0 
 6758  0 
 6759  0 
 6760  0 
 6761  0 
 6762  0 
 6763  0 
 6764  0 
 6765  0 
 6766  0 
 6767  0 
 6768  0 
 6769  0 
 6770  0 
 6771  0 
 6772  0 
 6773  0 
 6774  0 
 6775  0 
 6776  0 
 6777  0 
 6778  0 
 6779  0 
 6780  0 
 6781  0 
 6782  0 
 6783  0 
 6784  0 
 6785  0 
 6786  0 
 6787  0 
 6788  0 
 6789  0 
 6790  0 
 6791  0 
 6792  0 
 6793  0 
 6794  0 
 6795  0 
 6796  0 
 6797  0 
 6798  0 
 6799  0 
 6800  0 
 6801  0 
 6802  0 
 6803  0 
 6804  0 
 6805  0 
 6806  0 
 6807  0 
 6808  0 
 6809  0 
 6810  0 
 6811  0 
 6812  0 
 6813  0 
 6814  0 
 6815  0 
 6816  0 
 6817  0 
 6818  0 
 6819  0 
 6820  0 
 6821  0 
 6822  0 
 6823  0 
 6824  0 
 6825  0 
 6826  0 
 6827  0 
 6828  0 
 6829  0 
 6830  0 
 6831  0 
 6832  0 
 6833  0 
 6834  0 
 6835  0 
 6836  0 
 6837  0 
 6838  0 
 6839  0 
 6840  0 
 6841  0 
 6842  0 
 6843  0 
 6844  0 
 6845  0 
 6846  0 
 6847  0 
 6848  0 
 6849  0 
 6850  0 
 6851  0 
 6852  0 
 6853  0 
 6854  0 
 6855  0 
 6856  0 
 6857  0 
 6858  0 
 6859  0 
 6860  0 
 6861  0 
 6862  0 
 6863  0 
 6864  0 
 6865  0 
 6866  0 
 6867  0 
 6868  0 
 6869  0 
 6870  0 
 6871  0 
 6872  0 
 6873  0 
 6874  0 
 6875  0 
 6876  0 
 6877  0 
 6878  0 
 6879  0 
 6880  0 
 6881  0 
 6882  0 
 6883  0 
 6884  0 
 6885  0 
 6886  0 
 6887  0 
 6888  0 
 6889  0 
 6890  0 
 6891  0 
 6892  0 
 6893  0 
 6894  0 
 6895  0 
 6896  0 
 6897  0 
 6898  0 
 6899  0 
 6900  0 
 6901  0 
 6902  0 
 6903  0 
 6904  0 
 6905  0 
 6906  0 
 6907  0 
 6908  0 
 6909  0 
 6910  0 
 6911  0 
 6912  0 
 6913  0 
 6914  0 
 6915  0 
 6916  0 
 6917  0 
 6918  0 
 6919  0 
 6920  0 
 6921  0 
 6922  0 
 6923  0 
 6924  0 
 6925  0 
 6926  0 
 6927  0 
 6928  0 
 6929  0 
 6930  0 
 6931  0 
 6932  0 
 6933  0 
 6934  0 
 6935  0 
 6936  0 
 6937  0 
 6938  0 
 6939  0 
 6940  0 
 6941  0 
 6942  0 
 6943  0 
 6944  0 
 6945  0 
 6946  0 
 6947  0 
 6948  0 
 6949  0 
 6950  0 
 6951  0 
 6952  0 
 6953  0 
 6954  0 
 6955  0 
 6956  0 
 6957  0 
 6958  0 
 6959  0 
 6960  0 
 6961  0 
 6962  0 
 6963  0 
 6964  0 
 6965  0 
 6966  0 
 6967  0 
 6968  0 
 6969  0 
 6970  0 
 6971  0 
 6972  0 
 6973  1 
 6974  0 
 6975  0 
 6976  0 
 6977  0 
 6978  0 
 6979  1 
 6980  0 
 6981  0 
 6982  0 
 6983  0 
 6984  0 
 6985  0 
 6986  0 
 6987  0 
 6988  0 
 6989  0 
 6990  0 
 6991  0 
 6992  1 
 6993  0 
 6994  0 
 6995  0 
 6996  0 
 6997  0 
 6998  0 
 6999  0 
 7000  1 
 7001  0 
 7002  0 
 7003  0 
 7004  0 
 7005  0 
 7006  0 
 7007  0 
 7008  0 
 7009  0 
 7010  0 
 7011  0 
 7012  0 
 7013  0 
 7014  0 
 7015  0 
 7016  0 
 7017  0 
 7018  0 
 7019  0 
 7020  0 
 7021  0 
 7022  0 
 7023  0 
 7024  0 
 7025  0 
 7026  0 
 7027  0 
 7028  0 
 7029  0 
 7030  0 
 7031  0 
 7032  0 
 7033  0 
 7034  0 
 7035  0 
 7036  0 
 7037  0 
 7038  0 
 7039  0 
 7040  0 
 7041  0 
 7042  0 
 7043  0 
 7044  0 
 7045  0 
 7046  0 
 7047  0 
 7048  0 
 7049  0 
 7050  0 
 7051  1 
 7052  1 
 7053  0 
 7054  0 
 7055  0 
 7056  0 
 7057  0 
 7058  0 
 7059  0 
 7060  0 
 7061  0 
 7062  0 
 7063  1 
 7064  0 
 7065  1 
 7066  0 
 7067  0 
 7068  0 
 7069  0 
 7070  0 
 7071  0 
 7072  1 
 7073  0 
 7074  0 
 7075  0 
 7076  0 
 7077  0 
 7078  0 
 7079  1 
 7080  0 
 7081  1 
 7082  0 
 7083  1 
 7084  0 
 7085  0 
 7086  1 
 7087  1 
 7088  0 
 7089  0 
 7090  0 
 7091  1 
 7092  1 
 7093  0 
 7094  0 
 7095  0 
 7096  0 
 7097  0 
 7098  0 
 7099  0 
 7100  0 
 7101  0 
 7102  0 
 7103  0 
 7104  0 
 7105  0 
 7106  0 
 7107  1 
 7108  1 
 7109  0 
 7110  0 
 7111  0 
 7112  0 
 7113  0 
 7114  0 
 7115  2 
 7116  0 
 7117  0 
 7118  0 
 7119  0 
 7120  0 
 7121  1 
 7122  0 
 7123  2 
 7124  0 
 7125  1 
 7126  0 
 7127  0 
 7128  0 
 7129  0 
 7130  1 
 7131  0 
 7132  0 
 7133  0 
 7134  1 
 7135  0 
 7136  0 
 7137  0 
 7138  1 
 7139  1 
 7140  0 
 7141  1 
 7142  1 
 7143  0 
 7144  0 
 7145  1 
 7146  0 
 7147  0 
 7148  0 
 7149  0 
 7150  0 
 7151  0 
 7152  2 
 7153  1 
 7154  1 
 7155  0 
 7156  0 
 7157  0 
 7158  2 
 7159  1 
 7160  1 
 7161  0 
 7162  2 
 7163  0 
 7164  0 
 7165  0 
 7166  1 
 7167  0 
 7168  0 
 7169  0 
 7170  1 
 7171  0 
 7172  1 
 7173  0 
 7174  0 
 7175  0 
 7176  0 
 7177  2 
 7178  2 
 7179  1 
 7180  1 
 7181  0 
 7182  2 
 7183  0 
 7184  0 
 7185  1 
 7186  2 
 7187  2 
 7188  0 
 7189  2 
 7190  2 
 7191  1 
 7192  1 
 7193  0 
 7194  1 
 7195  2 
 7196  1 
 7197  1 
 7198  3 
 7199  0 
 7200  0 
 7201  0 
 7202  1 
 7203  0 
 7204  0 
 7205  0 
 7206  2 
 7207  0 
 7208  0 
 7209  1 
 7210  0 
 7211  1 
 7212  1 
 7213  1 
 7214  0 
 7215  1 
 7216  0 
 7217  0 
 7218  0 
 7219  1 
 7220  0 
 7221  1 
 7222  0 
 7223  1 
 7224  0 
 7225  0 
 7226  1 
 7227  0 
 7228  1 
 7229  1 
 7230  3 
 7231  1 
 7232  0 
 7233  0 
 7234  0 
 7235  3 
 7236  0 
 7237  1 
 7238  2 
 7239  0 
 7240  0 
 7241  0 
 7242  4 
 7243  0 
 7244  1 
 7245  0 
 7246  1 
 7247  1 
 7248  0 
 7249  1 
 7250  0 
 7251  0 
 7252  0 
 7253  0 
 7254  0 
 7255  1 
 7256  2 
 7257  0 
 7258  0 
 7259  0 
 7260  0 
 7261  1 
 7262  1 
 7263  0 
 7264  1 
 7265  1 
 7266  0 
 7267  1 
 7268  2 
 7269  0 
 7270  0 
 7271  1 
 7272  0 
 7273  0 
 7274  0 
 7275  0 
 7276  0 
 7277  1 
 7278  0 
 7279  0 
 7280  0 
 7281  0 
 7282  0 
 7283  1 
 7284  0 
 7285  0 
 7286  0 
 7287  0 
 7288  1 
 7289  0 
 7290  0 
 7291  0 
 7292  1 
 7293  1 
 7294  0 
 7295  0 
 7296  0 
 7297  0 
 7298  0 
 7299  0 
 7300  0 
 7301  1 
 7302  0 
 7303  0 
 7304  0 
 7305  0 
 7306  0 
 7307  0 
 7308  1 
 7309  0 
 7310  0 
 7311  0 
 7312  0 
 7313  0 
 7314  0 
 7315  0 
 7316  0 
 7317  0 
 7318  0 
 7319  0 
 7320  0 
 7321  0 
 7322  0 
 7323  0 
 7324  0 
 7325  0 
 7326  0 
 7327  0 
 7328  0 
 7329  0 
 7330  0 
 7331  0 
 7332  0 
 7333  0 
 7334  0 
 7335  0 
 7336  0 
 7337  0 
 7338  0 
 7339  0 
 7340  0 
 7341  0 
 7342  0 
 7343  0 
 7344  0 
 7345  0 
 7346  0 
 7347  0 
 7348  0 
 7349  0 
 7350  0 
 7351  0 
 7352  0 
 7353  0 
 7354  0 
 7355  0 
 7356  0 
 7357  0 
 7358  0 
 7359  0 
 7360  0 
 7361  0 
 7362  0 
 7363  0 
 7364  0 
 7365  0 
 7366  0 
 7367  0 
 7368  0 
 7369  0 
 7370  0 
 7371  0 
 7372  0 
 7373  0 
 7374  0 
 7375  0 
 7376  1 
 7377  0 
 7378  0 
 7379  0 
 7380  0 
 7381  0 
 7382  0 
 7383  0 
 7384  0 
 7385  0 
 7386  0 
 7387  0 
 7388  0 
 7389  0 
 7390  0 
 7391  0 
 7392  0 
 7393  0 
 7394  0 
 7395  0 
 7396  0 
 7397  0 
 7398  0 
 7399  0 
 7400  0 
 7401  0 
 7402  0 
 7403  0 
 7404  0 
 7405  0 
 7406  0 
 7407  0 
 7408  0 
 7409  0 
 7410  0 
 7411  0 
 7412  0 
 7413  0 
 7414  0 
 7415  0 
 7416  0 
 7417  0 
 7418  0 
 7419  0 
 7420  0 
 7421  0 
 7422  0 
 7423  0 
 7424  0 
 7425  0 
 7426  0 
 7427  0 
 7428  0 
 7429  0 
 7430  0 
 7431  0 
 7432  0 
 7433  0 
 7434  0 
 7435  0 
 7436  0 
 7437  0 
 7438  0 
 7439  0 
 7440  0 
 7441  0 
 7442  0 
 7443  0 
 7444  0 
 7445  0 
 7446  0 
 7447  0 
 7448  0 
 7449  0 
 7450  0 
 7451  0 
 7452  0 
 7453  0 
 7454  0 
 7455  0 
 7456  0 
 7457  0 
 7458  0 
 7459  0 
 7460  0 
 7461  0 
 7462  0 
 7463  0 
 7464  0 
 7465  0 
 7466  0 
 7467  0 
 7468  0 
 7469  0 
 7470  0 
 7471  0 
 7472  0 
 7473  0 
 7474  0 
 7475  0 
 7476  0 
 7477  0 
 7478  0 
 7479  0 
 7480  0 
 7481  0 
 7482  0 
 7483  0 
 7484  0 
 7485  0 
 7486  0 
 7487  0 
 7488  0 
 7489  0 
 7490  0 
 7491  0 
 7492  0 
 7493  0 
 7494  0 
 7495  0 
 7496  0 
 7497  0 
 7498  0 
 7499  0 
 7500  0 
 7501  0 
 7502  0 
 7503  0 
 7504  0 
 7505  0 
 7506  0 
 7507  0 
 7508  0 
 7509  0 
 7510  0 
 7511  0 
 7512  0 
 7513  0 
 7514  0 
 7515  0 
 7516  0 
 7517  0 
 7518  0 
 7519  0 
 7520  0 
 7521  0 
 7522  0 
 7523  0 
 7524  0 
 7525  0 
 7526  0 
 7527  0 
 7528  0 
 7529  0 
 7530  0 
 7531  0 
 7532  0 
 7533  0 
 7534  0 
 7535  0 
 7536  0 
 7537  0 
 7538  0 
 7539  0 
 7540  0 
 7541  0 
 7542  0 
 7543  0 
 7544  0 
 7545  0 
 7546  0 
 7547  0 
 7548  0 
 7549  0 
 7550  0 
 7551  0 
 7552  0 
 7553  0 
 7554  0 
 7555  0 
 7556  0 
 7557  0 
 7558  0 
 7559  0 
 7560  0 
 7561  0 
 7562  0 
 7563  0 
 7564  0 
 7565  0 
 7566  0 
 7567  0 
 7568  0 
 7569  0 
 7570  0 
 7571  0 
 7572  0 
 7573  0 
 7574  0 
 7575  0 
 7576  0 
 7577  1 
 7578  0 
 7579  0 
 7580  0 
 7581  0 
 7582  0 
 7583  0 
 7584  0 
 7585  0 
 7586  0 
 7587  0 
 7588  0 
 7589  0 
 7590  0 
 7591  0 
 7592  0 
 7593  0 
 7594  0 
 7595  0 
 7596  0 
 7597  0 
 7598  0 
 7599  0 
 7600  0 
 7601  0 
 7602  0 
 7603  0 
 7604  0 
 7605  0 
 7606  0 
 7607  0 
 7608  0 
 7609  0 
 7610  0 
 7611  0 
 7612  0 
 7613  0 
 7614  0 
 7615  0 
 7616  0 
 7617  0 
 7618  0 
 7619  0 
 7620  0 
 7621  0 
 7622  0 
 7623  0 
 7624  0 
 7625  0 
 7626  0 
 7627  0 
 7628  0 
 7629  0 
 7630  0 
 7631  0 
 7632  0 
 7633  0 
 7634  0 
 7635  0 
 7636  0 
 7637  0 
 7638  0 
 7639  0 
 7640  0 
 7641  0 
 7642  0 
 7643  0 
 7644  0 
 7645  0 
 7646  0 
 7647  0 
 7648  0 
 7649  0 
 7650  0 
 7651  0 
 7652  0 
 7653  0 
 7654  0 
 7655  0 
 7656  0 
 7657  0 
 7658  0 
 7659  0 
 7660  0 
 7661  0 
 7662  0 
 7663  0 
 7664  0 
 7665  0 
 7666  0 
 7667  0 
 7668  0 
 7669  0 
 7670  0 
 7671  0 
 7672  0 
 7673  0 
 7674  0 
 7675  0 
 7676  0 
 7677  0 
 7678  0 
 7679  0 
 7680  0 
 7681  0 
 7682  0 
 7683  0 
 7684  0 
 7685  0 
 7686  0 
 7687  0 
 7688  0 
 7689  0 
 7690  0 
 7691  0 
 7692  0 
 7693  0 
 7694  0 
 7695  0 
 7696  0 
 7697  0 
 7698  0 
 7699  0 
 7700  0 
 7701  0 
 7702  0 
 7703  0 
 7704  0 
 7705  0 
 7706  0 
 7707  0 
 7708  0 
 7709  0 
 7710  0 
 7711  0 
 7712  0 
 7713  0 
 7714  0 
 7715  0 
 7716  0 
 7717  0 
 7718  0 
 7719  0 
 7720  0 
 7721  0 
 7722  0 
 7723  0 
 7724  0 
 7725  0 
 7726  0 
 7727  0 
 7728  0 
 7729  0 
 7730  0 
 7731  0 
 7732  0 
 7733  0 
 7734  0 
 7735  0 
 7736  0 
 7737  0 
 7738  0 
 7739  0 
 7740  0 
 7741  0 
 7742  0 
 7743  0 
 7744  0 
 7745  0 
 7746  0 
 7747  0 
 7748  0 
 7749  0 
 7750  0 
 7751  0 
 7752  0 
 7753  0 
 7754  0 
 7755  0 
 7756  0 
 7757  0 
 7758  0 
 7759  0 
 7760  0 
 7761  0 
 7762  0 
 7763  0 
 7764  0 
 7765  0 
 7766  0 
 7767  0 
 7768  0 
 7769  0 
 7770  0 
 7771  0 
 7772  0 
 7773  0 
 7774  0 
 7775  0 
 7776  0 
 7777  0 
 7778  0 
 7779  0 
 7780  0 
 7781  0 
 7782  0 
 7783  0 
 7784  0 
 7785  0 
 7786  0 
 7787  0 
 7788  0 
 7789  0 
 7790  0 
 7791  0 
 7792  0 
 7793  0 
 7794  0 
 7795  0 
 7796  0 
 7797  0 
 7798  0 
 7799  0 
 7800  0 
 7801  0 
 7802  0 
 7803  0 
 7804  0 
 7805  0 
 7806  0 
 7807  0 
 7808  0 
 7809  0 
 7810  0 
 7811  0 
 7812  0 
 7813  0 
 7814  0 
 7815  0 
 7816  0 
 7817  0 
 7818  0 
 7819  0 
 7820  0 
 7821  0 
 7822  0 
 7823  0 
 7824  0 
 7825  0 
 7826  0 
 7827  0 
 7828  0 
 7829  0 
 7830  0 
 7831  0 
 7832  0 
 7833  0 
 7834  0 
 7835  0 
 7836  0 
 7837  0 
 7838  0 
 7839  0 
 7840  0 
 7841  0 
 7842  0 
 7843  0 
 7844  0 
 7845  0 
 7846  0 
 7847  0 
 7848  0 
 7849  0 
 7850  0 
 7851  0 
 7852  0 
 7853  0 
 7854  0 
 7855  0 
 7856  0 
 7857  0 
 7858  0 
 7859  0 
 7860  0 
 7861  0 
 7862  0 
 7863  0 
 7864  0 
 7865  0 
 7866  0 
 7867  0 
 7868  0 
 7869  0 
 7870  0 
 7871  0 
 7872  0 
 7873  0 
 7874  0 
 7875  0 
 7876  0 
 7877  0 
 7878  0 
 7879  0 
 7880  0 
 7881  0 
 7882  0 
 7883  0 
 7884  0 
 7885  0 
 7886  0 
 7887  0 
 7888  0 
 7889  0 
 7890  0 
 7891  0 
 7892  0 
 7893  0 
 7894  0 
 7895  0 
 7896  0 
 7897  0 
 7898  0 
 7899  0 
 7900  0 
 7901  0 
 7902  0 
 7903  0 
 7904  0 
 7905  0 
 7906  0 
 7907  0 
 7908  0 
 7909  0 
 7910  0 
 7911  0 
 7912  0 
 7913  0 
 7914  0 
 7915  0 
 7916  0 
 7917  0 
 7918  0 
 7919  0 
 7920  0 
 7921  0 
 7922  0 
 7923  0 
 7924  0 
 7925  0 
 7926  0 
 7927  0 
 7928  0 
 7929  0 
 7930  0 
 7931  0 
 7932  0 
 7933  0 
 7934  0 
 7935  0 
 7936  0 
 7937  0 
 7938  0 
 7939  0 
 7940  0 
 7941  0 
 7942  0 
 7943  0 
 7944  0 
 7945  0 
 7946  0 
 7947  0 
 7948  0 
 7949  0 
 7950  0 
 7951  0 
 7952  0 
 7953  0 
 7954  0 
 7955  0 
 7956  0 
 7957  0 
 7958  0 
 7959  0 
 7960  0 
 7961  0 
 7962  0 
 7963  0 
 7964  0 
 7965  0 
 7966  0 
 7967  0 
 7968  0 
 7969  0 
 7970  0 
 7971  0 
 7972  0 
 7973  0 
 7974  0 
 7975  0 
 7976  0 
 7977  0 
 7978  0 
 7979  0 
 7980  0 
 7981  0 
 7982  0 
 7983  0 
 7984  0 
 7985  0 
 7986  0 
 7987  0 
 7988  0 
 7989  0 
 7990  0 
 7991  0 
 7992  0 
 7993  0 
 7994  0 
 7995  0 
 7996  0 
 7997  0 
 7998  0 
 7999  0 
 8000  0 
 8001  0 
 8002  0 
 8003  0 
 8004  0 
 8005  0 
 8006  0 
 8007  0 
 8008  0 
 8009  0 
 8010  0 
 8011  0 
 8012  0 
 8013  0 
 8014  0 
 8015  0 
 8016  0 
 8017  0 
 8018  0 
 8019  0 
 8020  0 
 8021  0 
 8022  0 
 8023  0 
 8024  0 
 8025  0 
 8026  0 
 8027  0 
 8028  0 
 8029  0 
 8030  0 
 8031  0 
 8032  0 
 8033  0 
 8034  0 
 8035  0 
 8036  0 
 8037  0 
 8038  0 
 8039  0 
 8040  0 
 8041  0 
 8042  0 
 8043  0 
 8044  0 
 8045  0 
 8046  0 
 8047  0 
 8048  0 
 8049  0 
 8050  0 
 8051  0 
 8052  0 
 8053  0 
 8054  0 
 8055  0 
 8056  0 
 8057  0 
 8058  0 
 8059  0 
 8060  0 
 8061  0 
 8062  0 
 8063  0 
 8064  0 
 8065  0 
 8066  0 
 8067  0 
 8068  0 
 8069  0 
 8070  0 
 8071  0 
 8072  0 
 8073  0 
 8074  0 
 8075  0 
 8076  0 
 8077  0 
 8078  0 
 8079  0 
 8080  0 
 8081  0 
 8082  0 
 8083  0 
 8084  0 
 8085  0 
 8086  0 
 8087  0 
 8088  0 
 8089  0 
 8090  0 
 8091  0 
 8092  0 
 8093  0 
 8094  0 
 8095  0 
 8096  0 
 8097  0 
 8098  0 
 8099  0 
 8100  0 
 8101  0 
 8102  0 
 8103  0 
 8104  0 
 8105  0 
 8106  0 
 8107  0 
 8108  0 
 8109  0 
 8110  0 
 8111  0 
 8112  0 
 8113  0 
 8114  0 
 8115  0 
 8116  0 
 8117  0 
 8118  0 
 8119  0 
 8120  0 
 8121  0 
 8122  0 
 8123  0 
 8124  0 
 8125  0 
 8126  0 
 8127  0 
 8128  0 
 8129  0 
 8130  0 
 8131  0 
 8132  0 
 8133  0 
 8134  0 
 8135  0 
 8136  0 
 8137  0 
 8138  0 
 8139  0 
 8140  0 
 8141  0 
 8142  0 
 8143  0 
 8144  0 
 8145  0 
 8146  0 
 8147  0 
 8148  0 
 8149  0 
 8150  0 
 8151  0 
 8152  0 
 8153  0 
 8154  0 
 8155  0 
 8156  0 
 8157  0 
 8158  0 
 8159  0 
 8160  0 
 8161  0 
 8162  0 
 8163  0 
 8164  0 
 8165  0 
 8166  0 
 8167  0 
 8168  0 
 8169  0 
 8170  0 
 8171  0 
 8172  0 
 8173  0 
 8174  0 
 8175  0 
 8176  0 
 8177  0 
 8178  0 
 8179  0 
 8180  0 
 8181  0 
 8182  0 
 8183  0 
 8184  0 
 8185  0 
 8186  0 
 8187  0 
 8188  0 
 8189  0 
 8190  0 
 8191  0 
