 0  613 
 1  632 
 2  0 
 3  0 
 4  0 
 5  0 
 6  0 
 7  0 
 8  0 
 9  0 
 10  0 
 11  0 
 12  0 
 13  0 
 14  0 
 15  0 
 16  0 
 17  0 
 18  0 
 19  0 
 20  0 
 21  0 
 22  0 
 23  0 
 24  0 
 25  0 
 26  0 
 27  0 
 28  0 
 29  0 
 30  0 
 31  0 
 32  0 
 33  0 
 34  0 
 35  0 
 36  0 
 37  0 
 38  0 
 39  0 
 40  0 
 41  0 
 42  0 
 43  0 
 44  0 
 45  0 
 46  0 
 47  0 
 48  0 
 49  0 
 50  0 
 51  0 
 52  0 
 53  0 
 54  0 
 55  0 
 56  0 
 57  0 
 58  0 
 59  0 
 60  0 
 61  0 
 62  0 
 63  0 
 64  0 
 65  0 
 66  0 
 67  0 
 68  0 
 69  0 
 70  0 
 71  0 
 72  0 
 73  0 
 74  0 
 75  0 
 76  0 
 77  0 
 78  0 
 79  0 
 80  0 
 81  0 
 82  0 
 83  0 
 84  0 
 85  0 
 86  0 
 87  0 
 88  0 
 89  0 
 90  0 
 91  0 
 92  0 
 93  0 
 94  0 
 95  0 
 96  0 
 97  0 
 98  0 
 99  0 
 100  0 
 101  0 
 102  0 
 103  0 
 104  0 
 105  0 
 106  0 
 107  0 
 108  0 
 109  0 
 110  0 
 111  0 
 112  0 
 113  0 
 114  0 
 115  0 
 116  0 
 117  0 
 118  0 
 119  0 
 120  0 
 121  0 
 122  0 
 123  0 
 124  0 
 125  0 
 126  0 
 127  0 
 128  0 
 129  0 
 130  0 
 131  0 
 132  0 
 133  0 
 134  0 
 135  0 
 136  0 
 137  0 
 138  0 
 139  0 
 140  0 
 141  0 
 142  0 
 143  0 
 144  0 
 145  0 
 146  0 
 147  0 
 148  0 
 149  0 
 150  0 
 151  0 
 152  0 
 153  0 
 154  0 
 155  0 
 156  0 
 157  0 
 158  0 
 159  0 
 160  0 
 161  0 
 162  0 
 163  0 
 164  0 
 165  0 
 166  0 
 167  0 
 168  0 
 169  0 
 170  0 
 171  0 
 172  0 
 173  0 
 174  0 
 175  0 
 176  0 
 177  0 
 178  0 
 179  0 
 180  0 
 181  0 
 182  0 
 183  0 
 184  0 
 185  0 
 186  0 
 187  0 
 188  0 
 189  0 
 190  0 
 191  0 
 192  0 
 193  0 
 194  0 
 195  0 
 196  0 
 197  0 
 198  0 
 199  0 
 200  0 
 201  0 
 202  0 
 203  0 
 204  0 
 205  0 
 206  0 
 207  0 
 208  0 
 209  0 
 210  0 
 211  0 
 212  0 
 213  0 
 214  0 
 215  0 
 216  0 
 217  0 
 218  0 
 219  0 
 220  0 
 221  0 
 222  0 
 223  0 
 224  0 
 225  0 
 226  0 
 227  0 
 228  0 
 229  0 
 230  0 
 231  0 
 232  0 
 233  0 
 234  0 
 235  0 
 236  0 
 237  0 
 238  0 
 239  0 
 240  0 
 241  0 
 242  0 
 243  0 
 244  0 
 245  2 
 246  3 
 247  6 
 248  8 
 249  20 
 250  39 
 251  65 
 252  1163 
 253  1967 
 254  1931 
 255  1961 
 256  1957 
 257  1964 
 258  2105 
 259  1965 
 260  2007 
 261  1970 
 262  1948 
 263  1938 
 264  1949 
 265  1869 
 266  1836 
 267  1885 
 268  1968 
 269  1877 
 270  1861 
 271  1850 
 272  1849 
 273  1822 
 274  1814 
 275  1827 
 276  1728 
 277  1822 
 278  1726 
 279  1680 
 280  1652 
 281  1677 
 282  1675 
 283  1644 
 284  1690 
 285  1669 
 286  1520 
 287  1567 
 288  1559 
 289  1520 
 290  1511 
 291  1416 
 292  1507 
 293  1472 
 294  1423 
 295  1367 
 296  1359 
 297  1346 
 298  1311 
 299  1265 
 300  1220 
 301  1195 
 302  1203 
 303  1180 
 304  1083 
 305  1064 
 306  1096 
 307  1047 
 308  1014 
 309  1063 
 310  948 
 311  1000 
 312  915 
 313  892 
 314  826 
 315  918 
 316  827 
 317  837 
 318  780 
 319  801 
 320  721 
 321  728 
 322  671 
 323  700 
 324  633 
 325  657 
 326  564 
 327  581 
 328  552 
 329  545 
 330  518 
 331  536 
 332  506 
 333  499 
 334  452 
 335  444 
 336  428 
 337  416 
 338  421 
 339  407 
 340  390 
 341  379 
 342  382 
 343  380 
 344  353 
 345  356 
 346  330 
 347  361 
 348  294 
 349  347 
 350  287 
 351  281 
 352  316 
 353  313 
 354  286 
 355  276 
 356  274 
 357  236 
 358  273 
 359  266 
 360  242 
 361  273 
 362  240 
 363  229 
 364  255 
 365  234 
 366  217 
 367  225 
 368  239 
 369  228 
 370  234 
 371  221 
 372  235 
 373  241 
 374  206 
 375  183 
 376  202 
 377  193 
 378  199 
 379  191 
 380  206 
 381  191 
 382  182 
 383  232 
 384  198 
 385  195 
 386  202 
 387  194 
 388  203 
 389  176 
 390  170 
 391  199 
 392  165 
 393  149 
 394  182 
 395  204 
 396  158 
 397  173 
 398  149 
 399  174 
 400  167 
 401  145 
 402  143 
 403  155 
 404  193 
 405  173 
 406  173 
 407  158 
 408  167 
 409  151 
 410  138 
 411  161 
 412  149 
 413  158 
 414  142 
 415  146 
 416  174 
 417  148 
 418  146 
 419  142 
 420  147 
 421  142 
 422  165 
 423  156 
 424  135 
 425  157 
 426  144 
 427  151 
 428  171 
 429  144 
 430  142 
 431  139 
 432  155 
 433  152 
 434  136 
 435  121 
 436  136 
 437  129 
 438  162 
 439  148 
 440  146 
 441  134 
 442  120 
 443  142 
 444  129 
 445  156 
 446  146 
 447  142 
 448  129 
 449  167 
 450  143 
 451  138 
 452  125 
 453  120 
 454  131 
 455  113 
 456  129 
 457  128 
 458  118 
 459  129 
 460  126 
 461  108 
 462  130 
 463  122 
 464  118 
 465  114 
 466  121 
 467  136 
 468  115 
 469  126 
 470  132 
 471  109 
 472  94 
 473  116 
 474  99 
 475  101 
 476  105 
 477  85 
 478  121 
 479  94 
 480  109 
 481  96 
 482  100 
 483  97 
 484  90 
 485  100 
 486  98 
 487  99 
 488  90 
 489  97 
 490  88 
 491  89 
 492  98 
 493  82 
 494  98 
 495  91 
 496  86 
 497  66 
 498  96 
 499  80 
 500  89 
 501  95 
 502  81 
 503  74 
 504  84 
 505  74 
 506  84 
 507  88 
 508  73 
 509  90 
 510  88 
 511  75 
 512  78 
 513  65 
 514  88 
 515  89 
 516  63 
 517  82 
 518  70 
 519  64 
 520  73 
 521  69 
 522  66 
 523  74 
 524  74 
 525  61 
 526  69 
 527  61 
 528  78 
 529  69 
 530  59 
 531  84 
 532  88 
 533  73 
 534  77 
 535  61 
 536  72 
 537  81 
 538  69 
 539  70 
 540  58 
 541  77 
 542  60 
 543  57 
 544  71 
 545  75 
 546  66 
 547  75 
 548  67 
 549  70 
 550  63 
 551  53 
 552  70 
 553  82 
 554  53 
 555  74 
 556  80 
 557  74 
 558  57 
 559  68 
 560  63 
 561  56 
 562  46 
 563  54 
 564  74 
 565  47 
 566  66 
 567  75 
 568  66 
 569  66 
 570  66 
 571  68 
 572  61 
 573  73 
 574  65 
 575  59 
 576  54 
 577  56 
 578  60 
 579  52 
 580  63 
 581  56 
 582  69 
 583  59 
 584  59 
 585  55 
 586  63 
 587  67 
 588  73 
 589  68 
 590  75 
 591  70 
 592  57 
 593  60 
 594  53 
 595  66 
 596  72 
 597  59 
 598  76 
 599  78 
 600  58 
 601  60 
 602  63 
 603  57 
 604  62 
 605  80 
 606  56 
 607  57 
 608  63 
 609  61 
 610  71 
 611  66 
 612  54 
 613  53 
 614  61 
 615  69 
 616  39 
 617  57 
 618  62 
 619  61 
 620  61 
 621  74 
 622  70 
 623  49 
 624  69 
 625  55 
 626  56 
 627  56 
 628  59 
 629  65 
 630  59 
 631  50 
 632  68 
 633  55 
 634  55 
 635  57 
 636  63 
 637  58 
 638  53 
 639  52 
 640  60 
 641  43 
 642  65 
 643  67 
 644  49 
 645  47 
 646  60 
 647  64 
 648  53 
 649  52 
 650  69 
 651  47 
 652  58 
 653  40 
 654  60 
 655  51 
 656  55 
 657  57 
 658  65 
 659  58 
 660  54 
 661  58 
 662  57 
 663  54 
 664  51 
 665  63 
 666  63 
 667  55 
 668  59 
 669  54 
 670  55 
 671  67 
 672  47 
 673  58 
 674  47 
 675  51 
 676  57 
 677  54 
 678  72 
 679  57 
 680  57 
 681  62 
 682  58 
 683  61 
 684  62 
 685  46 
 686  57 
 687  60 
 688  53 
 689  58 
 690  82 
 691  57 
 692  38 
 693  50 
 694  59 
 695  49 
 696  57 
 697  43 
 698  50 
 699  46 
 700  46 
 701  67 
 702  55 
 703  53 
 704  54 
 705  54 
 706  48 
 707  56 
 708  59 
 709  61 
 710  55 
 711  61 
 712  52 
 713  52 
 714  61 
 715  55 
 716  51 
 717  61 
 718  48 
 719  46 
 720  59 
 721  56 
 722  47 
 723  46 
 724  49 
 725  58 
 726  58 
 727  54 
 728  45 
 729  57 
 730  57 
 731  51 
 732  59 
 733  53 
 734  43 
 735  52 
 736  52 
 737  59 
 738  60 
 739  70 
 740  60 
 741  50 
 742  46 
 743  56 
 744  56 
 745  62 
 746  54 
 747  38 
 748  52 
 749  44 
 750  56 
 751  54 
 752  50 
 753  49 
 754  61 
 755  47 
 756  58 
 757  61 
 758  46 
 759  54 
 760  67 
 761  58 
 762  66 
 763  56 
 764  38 
 765  59 
 766  55 
 767  57 
 768  50 
 769  51 
 770  55 
 771  34 
 772  48 
 773  43 
 774  45 
 775  41 
 776  51 
 777  49 
 778  61 
 779  49 
 780  52 
 781  53 
 782  47 
 783  49 
 784  48 
 785  45 
 786  50 
 787  42 
 788  58 
 789  69 
 790  57 
 791  39 
 792  39 
 793  37 
 794  46 
 795  46 
 796  59 
 797  54 
 798  54 
 799  49 
 800  47 
 801  60 
 802  44 
 803  62 
 804  43 
 805  51 
 806  51 
 807  60 
 808  44 
 809  44 
 810  42 
 811  51 
 812  50 
 813  41 
 814  52 
 815  53 
 816  63 
 817  40 
 818  55 
 819  39 
 820  48 
 821  63 
 822  45 
 823  33 
 824  56 
 825  52 
 826  52 
 827  52 
 828  50 
 829  53 
 830  42 
 831  46 
 832  46 
 833  46 
 834  36 
 835  48 
 836  53 
 837  58 
 838  52 
 839  44 
 840  52 
 841  55 
 842  57 
 843  50 
 844  54 
 845  59 
 846  37 
 847  51 
 848  52 
 849  56 
 850  49 
 851  66 
 852  43 
 853  52 
 854  42 
 855  55 
 856  55 
 857  56 
 858  43 
 859  56 
 860  55 
 861  56 
 862  48 
 863  39 
 864  46 
 865  42 
 866  42 
 867  56 
 868  48 
 869  65 
 870  52 
 871  51 
 872  47 
 873  67 
 874  43 
 875  45 
 876  58 
 877  50 
 878  48 
 879  37 
 880  48 
 881  59 
 882  48 
 883  57 
 884  51 
 885  41 
 886  45 
 887  60 
 888  67 
 889  58 
 890  50 
 891  65 
 892  45 
 893  42 
 894  49 
 895  48 
 896  45 
 897  48 
 898  57 
 899  52 
 900  57 
 901  52 
 902  45 
 903  53 
 904  47 
 905  45 
 906  57 
 907  48 
 908  49 
 909  48 
 910  48 
 911  47 
 912  52 
 913  60 
 914  50 
 915  50 
 916  52 
 917  61 
 918  49 
 919  51 
 920  55 
 921  51 
 922  54 
 923  48 
 924  57 
 925  52 
 926  59 
 927  41 
 928  57 
 929  57 
 930  52 
 931  41 
 932  54 
 933  52 
 934  53 
 935  46 
 936  56 
 937  61 
 938  63 
 939  58 
 940  62 
 941  46 
 942  45 
 943  48 
 944  58 
 945  62 
 946  60 
 947  40 
 948  55 
 949  57 
 950  63 
 951  66 
 952  81 
 953  61 
 954  60 
 955  69 
 956  48 
 957  73 
 958  64 
 959  66 
 960  59 
 961  68 
 962  63 
 963  67 
 964  80 
 965  73 
 966  80 
 967  61 
 968  64 
 969  76 
 970  63 
 971  75 
 972  66 
 973  77 
 974  92 
 975  82 
 976  70 
 977  87 
 978  84 
 979  85 
 980  83 
 981  88 
 982  109 
 983  123 
 984  116 
 985  102 
 986  95 
 987  100 
 988  93 
 989  95 
 990  101 
 991  107 
 992  93 
 993  133 
 994  135 
 995  147 
 996  106 
 997  128 
 998  139 
 999  140 
 1000  146 
 1001  141 
 1002  171 
 1003  170 
 1004  164 
 1005  184 
 1006  198 
 1007  177 
 1008  206 
 1009  204 
 1010  210 
 1011  216 
 1012  213 
 1013  164 
 1014  229 
 1015  244 
 1016  268 
 1017  263 
 1018  269 
 1019  256 
 1020  268 
 1021  281 
 1022  308 
 1023  269 
 1024  330 
 1025  348 
 1026  321 
 1027  310 
 1028  344 
 1029  333 
 1030  376 
 1031  330 
 1032  350 
 1033  381 
 1034  380 
 1035  392 
 1036  414 
 1037  391 
 1038  413 
 1039  422 
 1040  444 
 1041  410 
 1042  442 
 1043  442 
 1044  419 
 1045  449 
 1046  487 
 1047  476 
 1048  491 
 1049  471 
 1050  502 
 1051  469 
 1052  471 
 1053  467 
 1054  509 
 1055  541 
 1056  529 
 1057  511 
 1058  512 
 1059  518 
 1060  522 
 1061  489 
 1062  487 
 1063  480 
 1064  482 
 1065  541 
 1066  551 
 1067  494 
 1068  504 
 1069  517 
 1070  480 
 1071  496 
 1072  475 
 1073  495 
 1074  503 
 1075  477 
 1076  481 
 1077  473 
 1078  415 
 1079  431 
 1080  437 
 1081  444 
 1082  421 
 1083  426 
 1084  429 
 1085  410 
 1086  387 
 1087  362 
 1088  406 
 1089  380 
 1090  399 
 1091  359 
 1092  356 
 1093  330 
 1094  303 
 1095  330 
 1096  326 
 1097  333 
 1098  302 
 1099  276 
 1100  285 
 1101  292 
 1102  262 
 1103  286 
 1104  260 
 1105  216 
 1106  220 
 1107  222 
 1108  231 
 1109  221 
 1110  221 
 1111  200 
 1112  197 
 1113  191 
 1114  172 
 1115  170 
 1116  171 
 1117  147 
 1118  155 
 1119  131 
 1120  177 
 1121  147 
 1122  133 
 1123  146 
 1124  113 
 1125  121 
 1126  113 
 1127  96 
 1128  112 
 1129  101 
 1130  96 
 1131  106 
 1132  98 
 1133  84 
 1134  64 
 1135  73 
 1136  101 
 1137  77 
 1138  83 
 1139  75 
 1140  70 
 1141  79 
 1142  62 
 1143  65 
 1144  64 
 1145  50 
 1146  58 
 1147  59 
 1148  61 
 1149  63 
 1150  46 
 1151  56 
 1152  63 
 1153  41 
 1154  48 
 1155  43 
 1156  45 
 1157  43 
 1158  49 
 1159  45 
 1160  45 
 1161  45 
 1162  49 
 1163  39 
 1164  44 
 1165  44 
 1166  35 
 1167  57 
 1168  37 
 1169  48 
 1170  38 
 1171  33 
 1172  29 
 1173  47 
 1174  46 
 1175  31 
 1176  36 
 1177  42 
 1178  45 
 1179  31 
 1180  29 
 1181  30 
 1182  37 
 1183  47 
 1184  42 
 1185  42 
 1186  30 
 1187  29 
 1188  43 
 1189  35 
 1190  32 
 1191  42 
 1192  41 
 1193  30 
 1194  42 
 1195  33 
 1196  30 
 1197  35 
 1198  56 
 1199  38 
 1200  38 
 1201  41 
 1202  38 
 1203  37 
 1204  49 
 1205  39 
 1206  33 
 1207  33 
 1208  33 
 1209  43 
 1210  36 
 1211  35 
 1212  29 
 1213  33 
 1214  40 
 1215  34 
 1216  34 
 1217  32 
 1218  36 
 1219  40 
 1220  54 
 1221  34 
 1222  33 
 1223  41 
 1224  26 
 1225  45 
 1226  36 
 1227  34 
 1228  32 
 1229  36 
 1230  31 
 1231  37 
 1232  46 
 1233  47 
 1234  39 
 1235  39 
 1236  33 
 1237  43 
 1238  35 
 1239  41 
 1240  35 
 1241  33 
 1242  38 
 1243  40 
 1244  34 
 1245  27 
 1246  34 
 1247  36 
 1248  29 
 1249  33 
 1250  32 
 1251  33 
 1252  33 
 1253  43 
 1254  38 
 1255  31 
 1256  25 
 1257  39 
 1258  30 
 1259  33 
 1260  37 
 1261  40 
 1262  38 
 1263  31 
 1264  37 
 1265  44 
 1266  37 
 1267  36 
 1268  39 
 1269  30 
 1270  42 
 1271  26 
 1272  49 
 1273  29 
 1274  38 
 1275  32 
 1276  34 
 1277  38 
 1278  32 
 1279  36 
 1280  32 
 1281  33 
 1282  44 
 1283  37 
 1284  38 
 1285  28 
 1286  26 
 1287  38 
 1288  32 
 1289  36 
 1290  35 
 1291  35 
 1292  30 
 1293  42 
 1294  34 
 1295  39 
 1296  32 
 1297  50 
 1298  34 
 1299  38 
 1300  33 
 1301  30 
 1302  41 
 1303  44 
 1304  38 
 1305  45 
 1306  25 
 1307  22 
 1308  38 
 1309  32 
 1310  31 
 1311  35 
 1312  33 
 1313  40 
 1314  33 
 1315  29 
 1316  37 
 1317  29 
 1318  17 
 1319  25 
 1320  30 
 1321  37 
 1322  31 
 1323  29 
 1324  30 
 1325  24 
 1326  47 
 1327  25 
 1328  41 
 1329  29 
 1330  26 
 1331  34 
 1332  29 
 1333  29 
 1334  33 
 1335  40 
 1336  26 
 1337  27 
 1338  28 
 1339  25 
 1340  37 
 1341  22 
 1342  24 
 1343  21 
 1344  36 
 1345  24 
 1346  29 
 1347  36 
 1348  28 
 1349  34 
 1350  27 
 1351  20 
 1352  39 
 1353  28 
 1354  41 
 1355  30 
 1356  27 
 1357  29 
 1358  20 
 1359  43 
 1360  42 
 1361  34 
 1362  27 
 1363  39 
 1364  23 
 1365  27 
 1366  48 
 1367  25 
 1368  25 
 1369  31 
 1370  28 
 1371  29 
 1372  39 
 1373  38 
 1374  29 
 1375  40 
 1376  39 
 1377  26 
 1378  24 
 1379  35 
 1380  26 
 1381  29 
 1382  17 
 1383  36 
 1384  22 
 1385  20 
 1386  32 
 1387  39 
 1388  33 
 1389  34 
 1390  28 
 1391  37 
 1392  28 
 1393  16 
 1394  31 
 1395  36 
 1396  37 
 1397  32 
 1398  31 
 1399  42 
 1400  34 
 1401  27 
 1402  26 
 1403  35 
 1404  24 
 1405  35 
 1406  29 
 1407  31 
 1408  43 
 1409  38 
 1410  34 
 1411  30 
 1412  34 
 1413  27 
 1414  28 
 1415  30 
 1416  19 
 1417  35 
 1418  34 
 1419  32 
 1420  36 
 1421  36 
 1422  29 
 1423  36 
 1424  43 
 1425  19 
 1426  26 
 1427  30 
 1428  30 
 1429  26 
 1430  32 
 1431  28 
 1432  34 
 1433  29 
 1434  25 
 1435  39 
 1436  27 
 1437  29 
 1438  30 
 1439  29 
 1440  25 
 1441  31 
 1442  24 
 1443  28 
 1444  19 
 1445  28 
 1446  33 
 1447  21 
 1448  39 
 1449  32 
 1450  28 
 1451  31 
 1452  25 
 1453  33 
 1454  30 
 1455  19 
 1456  26 
 1457  20 
 1458  32 
 1459  20 
 1460  33 
 1461  28 
 1462  26 
 1463  32 
 1464  31 
 1465  29 
 1466  22 
 1467  22 
 1468  21 
 1469  24 
 1470  32 
 1471  32 
 1472  23 
 1473  25 
 1474  25 
 1475  26 
 1476  27 
 1477  33 
 1478  30 
 1479  30 
 1480  29 
 1481  27 
 1482  26 
 1483  23 
 1484  29 
 1485  35 
 1486  29 
 1487  24 
 1488  21 
 1489  21 
 1490  25 
 1491  33 
 1492  29 
 1493  37 
 1494  28 
 1495  19 
 1496  25 
 1497  27 
 1498  30 
 1499  19 
 1500  26 
 1501  31 
 1502  28 
 1503  26 
 1504  29 
 1505  26 
 1506  22 
 1507  18 
 1508  30 
 1509  33 
 1510  28 
 1511  29 
 1512  27 
 1513  25 
 1514  32 
 1515  22 
 1516  24 
 1517  29 
 1518  25 
 1519  28 
 1520  24 
 1521  32 
 1522  32 
 1523  19 
 1524  26 
 1525  27 
 1526  29 
 1527  24 
 1528  14 
 1529  33 
 1530  24 
 1531  27 
 1532  26 
 1533  38 
 1534  17 
 1535  22 
 1536  33 
 1537  30 
 1538  32 
 1539  29 
 1540  23 
 1541  28 
 1542  24 
 1543  33 
 1544  36 
 1545  22 
 1546  44 
 1547  27 
 1548  26 
 1549  25 
 1550  29 
 1551  26 
 1552  29 
 1553  25 
 1554  30 
 1555  45 
 1556  29 
 1557  31 
 1558  25 
 1559  32 
 1560  24 
 1561  22 
 1562  36 
 1563  25 
 1564  28 
 1565  31 
 1566  31 
 1567  25 
 1568  33 
 1569  22 
 1570  25 
 1571  28 
 1572  35 
 1573  26 
 1574  26 
 1575  25 
 1576  25 
 1577  35 
 1578  31 
 1579  30 
 1580  30 
 1581  29 
 1582  26 
 1583  38 
 1584  32 
 1585  23 
 1586  32 
 1587  25 
 1588  34 
 1589  25 
 1590  32 
 1591  24 
 1592  31 
 1593  27 
 1594  38 
 1595  29 
 1596  28 
 1597  29 
 1598  30 
 1599  22 
 1600  29 
 1601  14 
 1602  25 
 1603  25 
 1604  22 
 1605  23 
 1606  25 
 1607  20 
 1608  25 
 1609  27 
 1610  24 
 1611  34 
 1612  18 
 1613  32 
 1614  25 
 1615  28 
 1616  28 
 1617  23 
 1618  28 
 1619  30 
 1620  22 
 1621  29 
 1622  32 
 1623  27 
 1624  28 
 1625  21 
 1626  31 
 1627  25 
 1628  19 
 1629  34 
 1630  20 
 1631  29 
 1632  21 
 1633  30 
 1634  32 
 1635  32 
 1636  23 
 1637  29 
 1638  28 
 1639  22 
 1640  33 
 1641  29 
 1642  33 
 1643  14 
 1644  33 
 1645  19 
 1646  21 
 1647  18 
 1648  26 
 1649  29 
 1650  27 
 1651  19 
 1652  22 
 1653  25 
 1654  32 
 1655  30 
 1656  26 
 1657  22 
 1658  26 
 1659  32 
 1660  25 
 1661  29 
 1662  18 
 1663  9 
 1664  23 
 1665  27 
 1666  33 
 1667  27 
 1668  38 
 1669  36 
 1670  32 
 1671  19 
 1672  23 
 1673  28 
 1674  19 
 1675  26 
 1676  22 
 1677  25 
 1678  23 
 1679  24 
 1680  20 
 1681  22 
 1682  38 
 1683  21 
 1684  28 
 1685  26 
 1686  25 
 1687  28 
 1688  17 
 1689  17 
 1690  20 
 1691  28 
 1692  20 
 1693  16 
 1694  23 
 1695  23 
 1696  31 
 1697  17 
 1698  23 
 1699  21 
 1700  32 
 1701  29 
 1702  27 
 1703  32 
 1704  26 
 1705  24 
 1706  30 
 1707  20 
 1708  43 
 1709  24 
 1710  34 
 1711  22 
 1712  24 
 1713  22 
 1714  30 
 1715  20 
 1716  21 
 1717  24 
 1718  21 
 1719  16 
 1720  28 
 1721  21 
 1722  13 
 1723  22 
 1724  17 
 1725  19 
 1726  18 
 1727  30 
 1728  18 
 1729  20 
 1730  19 
 1731  21 
 1732  28 
 1733  19 
 1734  22 
 1735  30 
 1736  28 
 1737  22 
 1738  24 
 1739  31 
 1740  23 
 1741  27 
 1742  25 
 1743  27 
 1744  19 
 1745  18 
 1746  22 
 1747  32 
 1748  31 
 1749  16 
 1750  18 
 1751  18 
 1752  19 
 1753  23 
 1754  19 
 1755  22 
 1756  24 
 1757  27 
 1758  21 
 1759  28 
 1760  18 
 1761  22 
 1762  26 
 1763  24 
 1764  16 
 1765  23 
 1766  24 
 1767  27 
 1768  21 
 1769  15 
 1770  24 
 1771  34 
 1772  24 
 1773  27 
 1774  19 
 1775  26 
 1776  23 
 1777  17 
 1778  19 
 1779  18 
 1780  29 
 1781  22 
 1782  25 
 1783  23 
 1784  24 
 1785  26 
 1786  20 
 1787  22 
 1788  21 
 1789  25 
 1790  27 
 1791  24 
 1792  30 
 1793  25 
 1794  21 
 1795  24 
 1796  17 
 1797  21 
 1798  23 
 1799  25 
 1800  17 
 1801  19 
 1802  24 
 1803  19 
 1804  26 
 1805  19 
 1806  16 
 1807  28 
 1808  19 
 1809  29 
 1810  14 
 1811  30 
 1812  24 
 1813  14 
 1814  29 
 1815  27 
 1816  30 
 1817  23 
 1818  29 
 1819  17 
 1820  22 
 1821  23 
 1822  18 
 1823  15 
 1824  23 
 1825  15 
 1826  21 
 1827  35 
 1828  18 
 1829  27 
 1830  16 
 1831  12 
 1832  15 
 1833  24 
 1834  23 
 1835  17 
 1836  21 
 1837  31 
 1838  30 
 1839  19 
 1840  22 
 1841  27 
 1842  28 
 1843  24 
 1844  15 
 1845  23 
 1846  15 
 1847  19 
 1848  21 
 1849  25 
 1850  28 
 1851  22 
 1852  27 
 1853  20 
 1854  19 
 1855  27 
 1856  25 
 1857  19 
 1858  25 
 1859  23 
 1860  30 
 1861  20 
 1862  15 
 1863  25 
 1864  20 
 1865  21 
 1866  16 
 1867  23 
 1868  18 
 1869  19 
 1870  27 
 1871  11 
 1872  30 
 1873  31 
 1874  29 
 1875  25 
 1876  22 
 1877  21 
 1878  29 
 1879  17 
 1880  22 
 1881  19 
 1882  23 
 1883  21 
 1884  22 
 1885  20 
 1886  15 
 1887  26 
 1888  17 
 1889  24 
 1890  28 
 1891  19 
 1892  22 
 1893  25 
 1894  20 
 1895  23 
 1896  22 
 1897  24 
 1898  23 
 1899  15 
 1900  18 
 1901  22 
 1902  22 
 1903  16 
 1904  17 
 1905  17 
 1906  16 
 1907  18 
 1908  30 
 1909  16 
 1910  22 
 1911  20 
 1912  23 
 1913  25 
 1914  14 
 1915  25 
 1916  16 
 1917  20 
 1918  24 
 1919  27 
 1920  27 
 1921  22 
 1922  22 
 1923  19 
 1924  23 
 1925  23 
 1926  32 
 1927  19 
 1928  22 
 1929  20 
 1930  24 
 1931  22 
 1932  17 
 1933  22 
 1934  19 
 1935  19 
 1936  20 
 1937  25 
 1938  21 
 1939  15 
 1940  18 
 1941  28 
 1942  19 
 1943  16 
 1944  24 
 1945  25 
 1946  17 
 1947  21 
 1948  23 
 1949  19 
 1950  24 
 1951  20 
 1952  17 
 1953  18 
 1954  17 
 1955  19 
 1956  18 
 1957  22 
 1958  24 
 1959  24 
 1960  18 
 1961  21 
 1962  19 
 1963  22 
 1964  24 
 1965  29 
 1966  24 
 1967  24 
 1968  17 
 1969  27 
 1970  21 
 1971  19 
 1972  27 
 1973  23 
 1974  21 
 1975  17 
 1976  21 
 1977  16 
 1978  35 
 1979  15 
 1980  21 
 1981  25 
 1982  24 
 1983  20 
 1984  16 
 1985  21 
 1986  22 
 1987  27 
 1988  23 
 1989  30 
 1990  14 
 1991  20 
 1992  22 
 1993  12 
 1994  20 
 1995  23 
 1996  21 
 1997  21 
 1998  18 
 1999  19 
 2000  14 
 2001  23 
 2002  21 
 2003  24 
 2004  20 
 2005  22 
 2006  15 
 2007  20 
 2008  27 
 2009  24 
 2010  24 
 2011  26 
 2012  20 
 2013  23 
 2014  19 
 2015  12 
 2016  18 
 2017  21 
 2018  15 
 2019  17 
 2020  25 
 2021  22 
 2022  24 
 2023  19 
 2024  13 
 2025  19 
 2026  26 
 2027  12 
 2028  15 
 2029  27 
 2030  24 
 2031  16 
 2032  15 
 2033  20 
 2034  22 
 2035  16 
 2036  23 
 2037  16 
 2038  21 
 2039  19 
 2040  22 
 2041  19 
 2042  17 
 2043  14 
 2044  11 
 2045  18 
 2046  24 
 2047  14 
 2048  14 
 2049  17 
 2050  13 
 2051  26 
 2052  15 
 2053  16 
 2054  17 
 2055  15 
 2056  16 
 2057  16 
 2058  18 
 2059  19 
 2060  20 
 2061  16 
 2062  27 
 2063  16 
 2064  16 
 2065  16 
 2066  19 
 2067  24 
 2068  19 
 2069  25 
 2070  17 
 2071  17 
 2072  17 
 2073  8 
 2074  22 
 2075  20 
 2076  19 
 2077  19 
 2078  17 
 2079  16 
 2080  25 
 2081  15 
 2082  19 
 2083  18 
 2084  20 
 2085  15 
 2086  22 
 2087  22 
 2088  23 
 2089  19 
 2090  19 
 2091  12 
 2092  21 
 2093  19 
 2094  19 
 2095  20 
 2096  16 
 2097  28 
 2098  18 
 2099  16 
 2100  22 
 2101  15 
 2102  22 
 2103  23 
 2104  17 
 2105  20 
 2106  20 
 2107  22 
 2108  20 
 2109  18 
 2110  20 
 2111  12 
 2112  18 
 2113  22 
 2114  26 
 2115  15 
 2116  19 
 2117  17 
 2118  19 
 2119  18 
 2120  13 
 2121  23 
 2122  18 
 2123  24 
 2124  26 
 2125  19 
 2126  28 
 2127  19 
 2128  20 
 2129  19 
 2130  21 
 2131  19 
 2132  21 
 2133  21 
 2134  17 
 2135  22 
 2136  27 
 2137  18 
 2138  17 
 2139  18 
 2140  24 
 2141  20 
 2142  19 
 2143  14 
 2144  14 
 2145  16 
 2146  18 
 2147  13 
 2148  12 
 2149  27 
 2150  14 
 2151  16 
 2152  22 
 2153  16 
 2154  20 
 2155  22 
 2156  21 
 2157  21 
 2158  13 
 2159  15 
 2160  21 
 2161  24 
 2162  25 
 2163  15 
 2164  11 
 2165  15 
 2166  24 
 2167  18 
 2168  17 
 2169  19 
 2170  16 
 2171  24 
 2172  17 
 2173  16 
 2174  14 
 2175  18 
 2176  12 
 2177  25 
 2178  15 
 2179  15 
 2180  17 
 2181  21 
 2182  19 
 2183  17 
 2184  26 
 2185  15 
 2186  20 
 2187  13 
 2188  24 
 2189  12 
 2190  17 
 2191  24 
 2192  22 
 2193  13 
 2194  22 
 2195  18 
 2196  15 
 2197  19 
 2198  13 
 2199  16 
 2200  10 
 2201  20 
 2202  19 
 2203  15 
 2204  18 
 2205  22 
 2206  19 
 2207  15 
 2208  15 
 2209  20 
 2210  22 
 2211  13 
 2212  14 
 2213  14 
 2214  18 
 2215  18 
 2216  16 
 2217  16 
 2218  23 
 2219  23 
 2220  19 
 2221  22 
 2222  23 
 2223  17 
 2224  24 
 2225  22 
 2226  14 
 2227  17 
 2228  24 
 2229  14 
 2230  16 
 2231  18 
 2232  15 
 2233  21 
 2234  19 
 2235  19 
 2236  13 
 2237  23 
 2238  15 
 2239  27 
 2240  23 
 2241  16 
 2242  22 
 2243  15 
 2244  11 
 2245  21 
 2246  20 
 2247  20 
 2248  14 
 2249  18 
 2250  16 
 2251  15 
 2252  24 
 2253  26 
 2254  25 
 2255  19 
 2256  26 
 2257  14 
 2258  20 
 2259  19 
 2260  15 
 2261  17 
 2262  22 
 2263  18 
 2264  19 
 2265  24 
 2266  22 
 2267  27 
 2268  23 
 2269  17 
 2270  19 
 2271  23 
 2272  15 
 2273  12 
 2274  23 
 2275  25 
 2276  26 
 2277  25 
 2278  16 
 2279  19 
 2280  23 
 2281  19 
 2282  28 
 2283  16 
 2284  23 
 2285  31 
 2286  22 
 2287  25 
 2288  24 
 2289  16 
 2290  20 
 2291  24 
 2292  28 
 2293  21 
 2294  20 
 2295  25 
 2296  21 
 2297  24 
 2298  18 
 2299  19 
 2300  20 
 2301  26 
 2302  16 
 2303  23 
 2304  22 
 2305  16 
 2306  25 
 2307  27 
 2308  17 
 2309  32 
 2310  15 
 2311  18 
 2312  25 
 2313  21 
 2314  16 
 2315  28 
 2316  28 
 2317  27 
 2318  20 
 2319  23 
 2320  16 
 2321  20 
 2322  19 
 2323  18 
 2324  17 
 2325  22 
 2326  15 
 2327  19 
 2328  15 
 2329  23 
 2330  21 
 2331  23 
 2332  16 
 2333  20 
 2334  17 
 2335  16 
 2336  23 
 2337  18 
 2338  16 
 2339  11 
 2340  13 
 2341  14 
 2342  13 
 2343  20 
 2344  18 
 2345  15 
 2346  18 
 2347  18 
 2348  11 
 2349  13 
 2350  22 
 2351  17 
 2352  23 
 2353  17 
 2354  22 
 2355  14 
 2356  10 
 2357  19 
 2358  16 
 2359  13 
 2360  12 
 2361  13 
 2362  17 
 2363  14 
 2364  16 
 2365  15 
 2366  18 
 2367  13 
 2368  25 
 2369  17 
 2370  16 
 2371  14 
 2372  23 
 2373  18 
 2374  16 
 2375  21 
 2376  18 
 2377  17 
 2378  17 
 2379  16 
 2380  16 
 2381  13 
 2382  15 
 2383  12 
 2384  17 
 2385  14 
 2386  14 
 2387  23 
 2388  17 
 2389  16 
 2390  11 
 2391  20 
 2392  12 
 2393  13 
 2394  19 
 2395  17 
 2396  25 
 2397  15 
 2398  19 
 2399  14 
 2400  21 
 2401  14 
 2402  23 
 2403  14 
 2404  15 
 2405  17 
 2406  21 
 2407  17 
 2408  14 
 2409  17 
 2410  26 
 2411  15 
 2412  13 
 2413  18 
 2414  12 
 2415  19 
 2416  12 
 2417  20 
 2418  14 
 2419  14 
 2420  10 
 2421  20 
 2422  22 
 2423  21 
 2424  27 
 2425  19 
 2426  18 
 2427  15 
 2428  18 
 2429  25 
 2430  23 
 2431  13 
 2432  19 
 2433  15 
 2434  19 
 2435  15 
 2436  22 
 2437  19 
 2438  12 
 2439  23 
 2440  17 
 2441  12 
 2442  13 
 2443  14 
 2444  18 
 2445  18 
 2446  18 
 2447  13 
 2448  19 
 2449  19 
 2450  11 
 2451  16 
 2452  12 
 2453  18 
 2454  16 
 2455  15 
 2456  20 
 2457  18 
 2458  10 
 2459  19 
 2460  22 
 2461  22 
 2462  22 
 2463  14 
 2464  21 
 2465  13 
 2466  15 
 2467  15 
 2468  12 
 2469  14 
 2470  22 
 2471  14 
 2472  19 
 2473  26 
 2474  21 
 2475  15 
 2476  19 
 2477  19 
 2478  17 
 2479  16 
 2480  15 
 2481  18 
 2482  13 
 2483  12 
 2484  17 
 2485  11 
 2486  15 
 2487  15 
 2488  25 
 2489  12 
 2490  11 
 2491  19 
 2492  24 
 2493  27 
 2494  21 
 2495  21 
 2496  13 
 2497  8 
 2498  22 
 2499  20 
 2500  13 
 2501  11 
 2502  12 
 2503  21 
 2504  20 
 2505  15 
 2506  13 
 2507  11 
 2508  15 
 2509  17 
 2510  16 
 2511  20 
 2512  16 
 2513  22 
 2514  15 
 2515  24 
 2516  21 
 2517  10 
 2518  17 
 2519  8 
 2520  19 
 2521  20 
 2522  13 
 2523  20 
 2524  14 
 2525  17 
 2526  20 
 2527  17 
 2528  16 
 2529  18 
 2530  12 
 2531  19 
 2532  14 
 2533  16 
 2534  17 
 2535  16 
 2536  13 
 2537  16 
 2538  21 
 2539  22 
 2540  18 
 2541  19 
 2542  16 
 2543  16 
 2544  23 
 2545  8 
 2546  22 
 2547  20 
 2548  17 
 2549  18 
 2550  14 
 2551  16 
 2552  16 
 2553  10 
 2554  23 
 2555  17 
 2556  17 
 2557  22 
 2558  17 
 2559  16 
 2560  13 
 2561  18 
 2562  22 
 2563  10 
 2564  22 
 2565  15 
 2566  22 
 2567  16 
 2568  21 
 2569  15 
 2570  14 
 2571  13 
 2572  17 
 2573  9 
 2574  25 
 2575  21 
 2576  17 
 2577  16 
 2578  15 
 2579  17 
 2580  14 
 2581  10 
 2582  13 
 2583  14 
 2584  14 
 2585  20 
 2586  12 
 2587  8 
 2588  19 
 2589  17 
 2590  20 
 2591  22 
 2592  15 
 2593  15 
 2594  11 
 2595  18 
 2596  15 
 2597  11 
 2598  14 
 2599  10 
 2600  15 
 2601  16 
 2602  9 
 2603  16 
 2604  17 
 2605  13 
 2606  17 
 2607  21 
 2608  15 
 2609  22 
 2610  11 
 2611  17 
 2612  14 
 2613  13 
 2614  22 
 2615  11 
 2616  16 
 2617  21 
 2618  16 
 2619  26 
 2620  10 
 2621  14 
 2622  13 
 2623  20 
 2624  21 
 2625  17 
 2626  11 
 2627  19 
 2628  17 
 2629  15 
 2630  15 
 2631  24 
 2632  17 
 2633  18 
 2634  16 
 2635  14 
 2636  14 
 2637  10 
 2638  13 
 2639  22 
 2640  15 
 2641  18 
 2642  19 
 2643  14 
 2644  14 
 2645  11 
 2646  17 
 2647  13 
 2648  16 
 2649  13 
 2650  16 
 2651  17 
 2652  14 
 2653  18 
 2654  8 
 2655  15 
 2656  20 
 2657  14 
 2658  10 
 2659  17 
 2660  21 
 2661  18 
 2662  16 
 2663  17 
 2664  9 
 2665  25 
 2666  13 
 2667  14 
 2668  14 
 2669  18 
 2670  12 
 2671  22 
 2672  10 
 2673  16 
 2674  14 
 2675  12 
 2676  20 
 2677  20 
 2678  16 
 2679  14 
 2680  18 
 2681  15 
 2682  27 
 2683  22 
 2684  12 
 2685  15 
 2686  16 
 2687  9 
 2688  19 
 2689  22 
 2690  14 
 2691  18 
 2692  21 
 2693  15 
 2694  23 
 2695  17 
 2696  9 
 2697  9 
 2698  11 
 2699  19 
 2700  4 
 2701  19 
 2702  23 
 2703  12 
 2704  16 
 2705  10 
 2706  18 
 2707  17 
 2708  17 
 2709  17 
 2710  12 
 2711  12 
 2712  12 
 2713  14 
 2714  18 
 2715  21 
 2716  17 
 2717  18 
 2718  14 
 2719  15 
 2720  13 
 2721  15 
 2722  8 
 2723  13 
 2724  19 
 2725  11 
 2726  14 
 2727  23 
 2728  22 
 2729  15 
 2730  15 
 2731  18 
 2732  17 
 2733  11 
 2734  14 
 2735  14 
 2736  11 
 2737  13 
 2738  12 
 2739  14 
 2740  14 
 2741  17 
 2742  20 
 2743  27 
 2744  17 
 2745  19 
 2746  12 
 2747  23 
 2748  16 
 2749  17 
 2750  19 
 2751  15 
 2752  15 
 2753  17 
 2754  20 
 2755  10 
 2756  19 
 2757  21 
 2758  11 
 2759  25 
 2760  19 
 2761  19 
 2762  17 
 2763  12 
 2764  22 
 2765  13 
 2766  15 
 2767  11 
 2768  25 
 2769  10 
 2770  17 
 2771  18 
 2772  22 
 2773  19 
 2774  17 
 2775  15 
 2776  18 
 2777  21 
 2778  24 
 2779  13 
 2780  12 
 2781  24 
 2782  16 
 2783  22 
 2784  22 
 2785  12 
 2786  20 
 2787  16 
 2788  17 
 2789  22 
 2790  15 
 2791  16 
 2792  20 
 2793  18 
 2794  18 
 2795  18 
 2796  11 
 2797  18 
 2798  13 
 2799  25 
 2800  18 
 2801  14 
 2802  13 
 2803  23 
 2804  21 
 2805  15 
 2806  19 
 2807  11 
 2808  13 
 2809  18 
 2810  19 
 2811  15 
 2812  17 
 2813  13 
 2814  14 
 2815  24 
 2816  21 
 2817  18 
 2818  16 
 2819  7 
 2820  15 
 2821  14 
 2822  17 
 2823  17 
 2824  15 
 2825  16 
 2826  18 
 2827  15 
 2828  20 
 2829  12 
 2830  17 
 2831  13 
 2832  16 
 2833  14 
 2834  14 
 2835  14 
 2836  24 
 2837  17 
 2838  14 
 2839  18 
 2840  19 
 2841  13 
 2842  12 
 2843  23 
 2844  18 
 2845  17 
 2846  17 
 2847  14 
 2848  8 
 2849  19 
 2850  8 
 2851  18 
 2852  17 
 2853  18 
 2854  11 
 2855  16 
 2856  17 
 2857  18 
 2858  8 
 2859  5 
 2860  10 
 2861  20 
 2862  13 
 2863  18 
 2864  13 
 2865  15 
 2866  11 
 2867  19 
 2868  13 
 2869  11 
 2870  9 
 2871  10 
 2872  19 
 2873  12 
 2874  20 
 2875  18 
 2876  26 
 2877  18 
 2878  17 
 2879  17 
 2880  15 
 2881  14 
 2882  17 
 2883  11 
 2884  19 
 2885  17 
 2886  13 
 2887  20 
 2888  17 
 2889  13 
 2890  17 
 2891  12 
 2892  18 
 2893  14 
 2894  19 
 2895  13 
 2896  14 
 2897  21 
 2898  16 
 2899  17 
 2900  24 
 2901  17 
 2902  15 
 2903  21 
 2904  17 
 2905  11 
 2906  13 
 2907  13 
 2908  16 
 2909  15 
 2910  15 
 2911  13 
 2912  16 
 2913  23 
 2914  8 
 2915  12 
 2916  12 
 2917  14 
 2918  13 
 2919  22 
 2920  15 
 2921  16 
 2922  14 
 2923  13 
 2924  11 
 2925  10 
 2926  13 
 2927  11 
 2928  13 
 2929  15 
 2930  21 
 2931  12 
 2932  16 
 2933  12 
 2934  19 
 2935  12 
 2936  23 
 2937  16 
 2938  17 
 2939  16 
 2940  18 
 2941  12 
 2942  12 
 2943  9 
 2944  17 
 2945  16 
 2946  18 
 2947  20 
 2948  13 
 2949  22 
 2950  19 
 2951  20 
 2952  15 
 2953  19 
 2954  11 
 2955  18 
 2956  15 
 2957  12 
 2958  6 
 2959  13 
 2960  18 
 2961  13 
 2962  10 
 2963  16 
 2964  12 
 2965  11 
 2966  20 
 2967  12 
 2968  9 
 2969  14 
 2970  8 
 2971  14 
 2972  19 
 2973  14 
 2974  11 
 2975  11 
 2976  10 
 2977  10 
 2978  23 
 2979  15 
 2980  6 
 2981  26 
 2982  17 
 2983  12 
 2984  18 
 2985  17 
 2986  13 
 2987  13 
 2988  15 
 2989  18 
 2990  16 
 2991  22 
 2992  13 
 2993  25 
 2994  17 
 2995  15 
 2996  18 
 2997  12 
 2998  14 
 2999  17 
 3000  12 
 3001  10 
 3002  20 
 3003  20 
 3004  15 
 3005  12 
 3006  19 
 3007  14 
 3008  17 
 3009  16 
 3010  21 
 3011  15 
 3012  12 
 3013  12 
 3014  16 
 3015  16 
 3016  18 
 3017  6 
 3018  17 
 3019  17 
 3020  21 
 3021  11 
 3022  14 
 3023  17 
 3024  18 
 3025  21 
 3026  11 
 3027  17 
 3028  12 
 3029  18 
 3030  18 
 3031  11 
 3032  22 
 3033  14 
 3034  15 
 3035  18 
 3036  18 
 3037  14 
 3038  15 
 3039  15 
 3040  14 
 3041  14 
 3042  25 
 3043  13 
 3044  16 
 3045  16 
 3046  16 
 3047  19 
 3048  18 
 3049  18 
 3050  13 
 3051  17 
 3052  18 
 3053  14 
 3054  17 
 3055  11 
 3056  17 
 3057  13 
 3058  14 
 3059  24 
 3060  15 
 3061  17 
 3062  28 
 3063  20 
 3064  20 
 3065  17 
 3066  19 
 3067  15 
 3068  13 
 3069  21 
 3070  23 
 3071  17 
 3072  22 
 3073  33 
 3074  17 
 3075  20 
 3076  24 
 3077  21 
 3078  17 
 3079  23 
 3080  28 
 3081  28 
 3082  15 
 3083  25 
 3084  37 
 3085  27 
 3086  24 
 3087  25 
 3088  19 
 3089  28 
 3090  33 
 3091  20 
 3092  22 
 3093  31 
 3094  36 
 3095  31 
 3096  36 
 3097  23 
 3098  34 
 3099  34 
 3100  33 
 3101  39 
 3102  27 
 3103  37 
 3104  28 
 3105  31 
 3106  37 
 3107  40 
 3108  39 
 3109  43 
 3110  33 
 3111  29 
 3112  37 
 3113  46 
 3114  44 
 3115  41 
 3116  48 
 3117  42 
 3118  49 
 3119  59 
 3120  48 
 3121  46 
 3122  48 
 3123  44 
 3124  48 
 3125  48 
 3126  57 
 3127  39 
 3128  46 
 3129  51 
 3130  47 
 3131  41 
 3132  50 
 3133  45 
 3134  52 
 3135  50 
 3136  57 
 3137  59 
 3138  59 
 3139  49 
 3140  73 
 3141  58 
 3142  55 
 3143  55 
 3144  59 
 3145  64 
 3146  58 
 3147  52 
 3148  72 
 3149  62 
 3150  47 
 3151  83 
 3152  60 
 3153  89 
 3154  82 
 3155  91 
 3156  90 
 3157  112 
 3158  75 
 3159  90 
 3160  87 
 3161  76 
 3162  105 
 3163  110 
 3164  106 
 3165  102 
 3166  114 
 3167  117 
 3168  103 
 3169  114 
 3170  135 
 3171  150 
 3172  155 
 3173  141 
 3174  158 
 3175  160 
 3176  157 
 3177  187 
 3178  177 
 3179  175 
 3180  175 
 3181  183 
 3182  185 
 3183  185 
 3184  201 
 3185  213 
 3186  201 
 3187  200 
 3188  208 
 3189  196 
 3190  201 
 3191  212 
 3192  219 
 3193  207 
 3194  177 
 3195  201 
 3196  189 
 3197  199 
 3198  188 
 3199  173 
 3200  207 
 3201  170 
 3202  188 
 3203  196 
 3204  197 
 3205  181 
 3206  167 
 3207  175 
 3208  155 
 3209  159 
 3210  144 
 3211  140 
 3212  143 
 3213  133 
 3214  129 
 3215  119 
 3216  108 
 3217  119 
 3218  112 
 3219  96 
 3220  87 
 3221  75 
 3222  82 
 3223  75 
 3224  67 
 3225  63 
 3226  59 
 3227  58 
 3228  47 
 3229  31 
 3230  46 
 3231  31 
 3232  43 
 3233  30 
 3234  32 
 3235  34 
 3236  31 
 3237  31 
 3238  36 
 3239  22 
 3240  36 
 3241  33 
 3242  31 
 3243  23 
 3244  20 
 3245  28 
 3246  23 
 3247  21 
 3248  30 
 3249  18 
 3250  22 
 3251  21 
 3252  25 
 3253  14 
 3254  14 
 3255  30 
 3256  24 
 3257  28 
 3258  29 
 3259  18 
 3260  25 
 3261  22 
 3262  12 
 3263  25 
 3264  24 
 3265  23 
 3266  31 
 3267  17 
 3268  31 
 3269  26 
 3270  26 
 3271  28 
 3272  21 
 3273  28 
 3274  21 
 3275  24 
 3276  30 
 3277  16 
 3278  17 
 3279  22 
 3280  32 
 3281  24 
 3282  19 
 3283  33 
 3284  24 
 3285  33 
 3286  28 
 3287  31 
 3288  33 
 3289  22 
 3290  36 
 3291  31 
 3292  37 
 3293  34 
 3294  24 
 3295  36 
 3296  37 
 3297  39 
 3298  39 
 3299  36 
 3300  45 
 3301  42 
 3302  35 
 3303  42 
 3304  42 
 3305  45 
 3306  44 
 3307  47 
 3308  54 
 3309  54 
 3310  64 
 3311  58 
 3312  60 
 3313  48 
 3314  65 
 3315  68 
 3316  70 
 3317  54 
 3318  75 
 3319  73 
 3320  92 
 3321  74 
 3322  83 
 3323  105 
 3324  121 
 3325  112 
 3326  115 
 3327  96 
 3328  119 
 3329  121 
 3330  147 
 3331  148 
 3332  149 
 3333  165 
 3334  170 
 3335  181 
 3336  201 
 3337  205 
 3338  230 
 3339  222 
 3340  237 
 3341  271 
 3342  255 
 3343  281 
 3344  361 
 3345  294 
 3346  355 
 3347  376 
 3348  358 
 3349  387 
 3350  436 
 3351  467 
 3352  481 
 3353  511 
 3354  557 
 3355  555 
 3356  624 
 3357  664 
 3358  703 
 3359  766 
 3360  802 
 3361  832 
 3362  960 
 3363  1016 
 3364  1014 
 3365  1158 
 3366  1211 
 3367  1355 
 3368  1425 
 3369  1488 
 3370  1598 
 3371  1763 
 3372  1820 
 3373  1980 
 3374  2137 
 3375  2193 
 3376  2527 
 3377  2488 
 3378  2726 
 3379  2889 
 3380  2995 
 3381  3181 
 3382  3375 
 3383  3287 
 3384  3589 
 3385  3656 
 3386  3674 
 3387  3883 
 3388  4011 
 3389  4143 
 3390  4249 
 3391  4212 
 3392  4247 
 3393  4265 
 3394  4334 
 3395  4228 
 3396  4061 
 3397  4126 
 3398  4134 
 3399  3815 
 3400  3944 
 3401  3771 
 3402  3700 
 3403  3470 
 3404  3250 
 3405  3048 
 3406  3019 
 3407  2751 
 3408  2591 
 3409  2453 
 3410  2344 
 3411  2076 
 3412  2028 
 3413  1785 
 3414  1669 
 3415  1494 
 3416  1329 
 3417  1215 
 3418  1076 
 3419  994 
 3420  917 
 3421  785 
 3422  694 
 3423  671 
 3424  612 
 3425  517 
 3426  474 
 3427  449 
 3428  344 
 3429  377 
 3430  291 
 3431  288 
 3432  253 
 3433  251 
 3434  221 
 3435  181 
 3436  191 
 3437  174 
 3438  150 
 3439  193 
 3440  162 
 3441  162 
 3442  167 
 3443  163 
 3444  159 
 3445  156 
 3446  178 
 3447  168 
 3448  149 
 3449  176 
 3450  165 
 3451  180 
 3452  186 
 3453  187 
 3454  160 
 3455  209 
 3456  200 
 3457  216 
 3458  186 
 3459  188 
 3460  216 
 3461  216 
 3462  196 
 3463  196 
 3464  212 
 3465  201 
 3466  168 
 3467  205 
 3468  204 
 3469  211 
 3470  180 
 3471  143 
 3472  188 
 3473  171 
 3474  187 
 3475  188 
 3476  167 
 3477  193 
 3478  157 
 3479  160 
 3480  145 
 3481  179 
 3482  188 
 3483  129 
 3484  134 
 3485  177 
 3486  164 
 3487  172 
 3488  183 
 3489  189 
 3490  179 
 3491  196 
 3492  231 
 3493  223 
 3494  202 
 3495  212 
 3496  252 
 3497  261 
 3498  260 
 3499  284 
 3500  294 
 3501  308 
 3502  315 
 3503  334 
 3504  327 
 3505  366 
 3506  376 
 3507  382 
 3508  410 
 3509  427 
 3510  483 
 3511  427 
 3512  479 
 3513  486 
 3514  546 
 3515  583 
 3516  600 
 3517  661 
 3518  593 
 3519  724 
 3520  723 
 3521  757 
 3522  809 
 3523  849 
 3524  871 
 3525  923 
 3526  993 
 3527  964 
 3528  1031 
 3529  1103 
 3530  1251 
 3531  1291 
 3532  1280 
 3533  1353 
 3534  1343 
 3535  1461 
 3536  1496 
 3537  1536 
 3538  1625 
 3539  1605 
 3540  1710 
 3541  1806 
 3542  1840 
 3543  1933 
 3544  1863 
 3545  2029 
 3546  2027 
 3547  1929 
 3548  2073 
 3549  2108 
 3550  2176 
 3551  2247 
 3552  2277 
 3553  2144 
 3554  2206 
 3555  2237 
 3556  2282 
 3557  2229 
 3558  2196 
 3559  2159 
 3560  2199 
 3561  2217 
 3562  2107 
 3563  2112 
 3564  2050 
 3565  1996 
 3566  1870 
 3567  1869 
 3568  1796 
 3569  1687 
 3570  1699 
 3571  1548 
 3572  1523 
 3573  1476 
 3574  1396 
 3575  1300 
 3576  1280 
 3577  1146 
 3578  1093 
 3579  968 
 3580  922 
 3581  918 
 3582  797 
 3583  778 
 3584  703 
 3585  613 
 3586  577 
 3587  509 
 3588  508 
 3589  459 
 3590  420 
 3591  387 
 3592  406 
 3593  311 
 3594  278 
 3595  301 
 3596  300 
 3597  229 
 3598  283 
 3599  254 
 3600  239 
 3601  240 
 3602  247 
 3603  232 
 3604  225 
 3605  227 
 3606  220 
 3607  227 
 3608  256 
 3609  243 
 3610  250 
 3611  251 
 3612  254 
 3613  288 
 3614  292 
 3615  278 
 3616  291 
 3617  269 
 3618  275 
 3619  280 
 3620  276 
 3621  258 
 3622  275 
 3623  284 
 3624  263 
 3625  257 
 3626  220 
 3627  229 
 3628  229 
 3629  218 
 3630  181 
 3631  176 
 3632  175 
 3633  176 
 3634  154 
 3635  160 
 3636  146 
 3637  142 
 3638  116 
 3639  113 
 3640  122 
 3641  114 
 3642  107 
 3643  96 
 3644  81 
 3645  73 
 3646  85 
 3647  77 
 3648  65 
 3649  61 
 3650  62 
 3651  43 
 3652  60 
 3653  38 
 3654  51 
 3655  50 
 3656  31 
 3657  57 
 3658  44 
 3659  46 
 3660  37 
 3661  32 
 3662  20 
 3663  21 
 3664  29 
 3665  27 
 3666  25 
 3667  26 
 3668  17 
 3669  14 
 3670  10 
 3671  12 
 3672  16 
 3673  25 
 3674  16 
 3675  11 
 3676  10 
 3677  7 
 3678  10 
 3679  12 
 3680  12 
 3681  9 
 3682  5 
 3683  8 
 3684  5 
 3685  4 
 3686  7 
 3687  7 
 3688  4 
 3689  3 
 3690  4 
 3691  5 
 3692  2 
 3693  8 
 3694  3 
 3695  1 
 3696  5 
 3697  5 
 3698  3 
 3699  3 
 3700  5 
 3701  0 
 3702  5 
 3703  3 
 3704  4 
 3705  3 
 3706  4 
 3707  7 
 3708  3 
 3709  3 
 3710  4 
 3711  6 
 3712  3 
 3713  4 
 3714  4 
 3715  2 
 3716  4 
 3717  3 
 3718  3 
 3719  5 
 3720  3 
 3721  2 
 3722  1 
 3723  3 
 3724  1 
 3725  5 
 3726  0 
 3727  4 
 3728  2 
 3729  2 
 3730  2 
 3731  5 
 3732  3 
 3733  3 
 3734  8 
 3735  0 
 3736  0 
 3737  2 
 3738  1 
 3739  1 
 3740  1 
 3741  6 
 3742  2 
 3743  3 
 3744  0 
 3745  4 
 3746  2 
 3747  5 
 3748  0 
 3749  2 
 3750  1 
 3751  1 
 3752  4 
 3753  1 
 3754  1 
 3755  1 
 3756  3 
 3757  4 
 3758  2 
 3759  4 
 3760  2 
 3761  0 
 3762  3 
 3763  1 
 3764  3 
 3765  1 
 3766  1 
 3767  6 
 3768  3 
 3769  1 
 3770  1 
 3771  1 
 3772  3 
 3773  4 
 3774  2 
 3775  2 
 3776  4 
 3777  1 
 3778  1 
 3779  0 
 3780  2 
 3781  2 
 3782  3 
 3783  6 
 3784  0 
 3785  1 
 3786  1 
 3787  1 
 3788  0 
 3789  1 
 3790  2 
 3791  1 
 3792  5 
 3793  2 
 3794  2 
 3795  2 
 3796  0 
 3797  2 
 3798  1 
 3799  0 
 3800  4 
 3801  2 
 3802  5 
 3803  2 
 3804  8 
 3805  0 
 3806  1 
 3807  0 
 3808  1 
 3809  2 
 3810  2 
 3811  2 
 3812  1 
 3813  2 
 3814  4 
 3815  2 
 3816  0 
 3817  0 
 3818  2 
 3819  0 
 3820  3 
 3821  0 
 3822  1 
 3823  0 
 3824  3 
 3825  2 
 3826  0 
 3827  1 
 3828  2 
 3829  1 
 3830  0 
 3831  0 
 3832  2 
 3833  0 
 3834  1 
 3835  1 
 3836  3 
 3837  3 
 3838  5 
 3839  1 
 3840  1 
 3841  0 
 3842  2 
 3843  2 
 3844  0 
 3845  1 
 3846  1 
 3847  1 
 3848  2 
 3849  1 
 3850  1 
 3851  1 
 3852  1 
 3853  3 
 3854  2 
 3855  1 
 3856  1 
 3857  1 
 3858  0 
 3859  1 
 3860  1 
 3861  2 
 3862  0 
 3863  1 
 3864  1 
 3865  2 
 3866  0 
 3867  1 
 3868  0 
 3869  1 
 3870  0 
 3871  0 
 3872  1 
 3873  2 
 3874  0 
 3875  0 
 3876  2 
 3877  0 
 3878  0 
 3879  0 
 3880  1 
 3881  1 
 3882  0 
 3883  2 
 3884  1 
 3885  1 
 3886  0 
 3887  0 
 3888  1 
 3889  1 
 3890  2 
 3891  0 
 3892  0 
 3893  0 
 3894  1 
 3895  1 
 3896  0 
 3897  1 
 3898  1 
 3899  0 
 3900  2 
 3901  1 
 3902  2 
 3903  5 
 3904  1 
 3905  0 
 3906  1 
 3907  2 
 3908  1 
 3909  0 
 3910  4 
 3911  0 
 3912  0 
 3913  2 
 3914  1 
 3915  2 
 3916  0 
 3917  1 
 3918  3 
 3919  2 
 3920  1 
 3921  2 
 3922  1 
 3923  1 
 3924  0 
 3925  1 
 3926  2 
 3927  0 
 3928  1 
 3929  2 
 3930  2 
 3931  1 
 3932  2 
 3933  0 
 3934  2 
 3935  0 
 3936  1 
 3937  0 
 3938  1 
 3939  1 
 3940  2 
 3941  3 
 3942  0 
 3943  1 
 3944  2 
 3945  4 
 3946  1 
 3947  2 
 3948  1 
 3949  0 
 3950  0 
 3951  1 
 3952  1 
 3953  2 
 3954  1 
 3955  1 
 3956  1 
 3957  0 
 3958  0 
 3959  3 
 3960  3 
 3961  1 
 3962  1 
 3963  2 
 3964  2 
 3965  3 
 3966  1 
 3967  0 
 3968  1 
 3969  1 
 3970  0 
 3971  3 
 3972  0 
 3973  2 
 3974  2 
 3975  3 
 3976  1 
 3977  0 
 3978  3 
 3979  0 
 3980  1 
 3981  1 
 3982  1 
 3983  2 
 3984  3 
 3985  0 
 3986  1 
 3987  0 
 3988  1 
 3989  2 
 3990  2 
 3991  1 
 3992  1 
 3993  0 
 3994  1 
 3995  0 
 3996  2 
 3997  1 
 3998  1 
 3999  0 
 4000  2 
 4001  2 
 4002  1 
 4003  0 
 4004  1 
 4005  1 
 4006  0 
 4007  0 
 4008  2 
 4009  1 
 4010  2 
 4011  0 
 4012  0 
 4013  2 
 4014  2 
 4015  0 
 4016  1 
 4017  2 
 4018  2 
 4019  0 
 4020  0 
 4021  1 
 4022  1 
 4023  1 
 4024  2 
 4025  0 
 4026  1 
 4027  2 
 4028  2 
 4029  0 
 4030  2 
 4031  1 
 4032  1 
 4033  0 
 4034  1 
 4035  1 
 4036  3 
 4037  0 
 4038  1 
 4039  0 
 4040  1 
 4041  0 
 4042  0 
 4043  3 
 4044  1 
 4045  0 
 4046  2 
 4047  1 
 4048  2 
 4049  4 
 4050  1 
 4051  0 
 4052  2 
 4053  1 
 4054  1 
 4055  3 
 4056  1 
 4057  1 
 4058  0 
 4059  1 
 4060  1 
 4061  0 
 4062  0 
 4063  1 
 4064  3 
 4065  0 
 4066  0 
 4067  2 
 4068  0 
 4069  0 
 4070  0 
 4071  1 
 4072  1 
 4073  0 
 4074  0 
 4075  1 
 4076  0 
 4077  0 
 4078  0 
 4079  0 
 4080  2 
 4081  1 
 4082  1 
 4083  0 
 4084  1 
 4085  1 
 4086  0 
 4087  0 
 4088  0 
 4089  0 
 4090  1 
 4091  1 
 4092  1 
 4093  0 
 4094  0 
 4095  1 
 4096  1 
 4097  0 
 4098  1 
 4099  2 
 4100  2 
 4101  0 
 4102  1 
 4103  4 
 4104  0 
 4105  1 
 4106  1 
 4107  1 
 4108  2 
 4109  1 
 4110  0 
 4111  1 
 4112  2 
 4113  1 
 4114  0 
 4115  2 
 4116  1 
 4117  0 
 4118  1 
 4119  1 
 4120  1 
 4121  0 
 4122  0 
 4123  2 
 4124  0 
 4125  2 
 4126  1 
 4127  0 
 4128  1 
 4129  0 
 4130  2 
 4131  2 
 4132  0 
 4133  1 
 4134  1 
 4135  2 
 4136  1 
 4137  0 
 4138  0 
 4139  2 
 4140  0 
 4141  1 
 4142  3 
 4143  0 
 4144  1 
 4145  0 
 4146  0 
 4147  0 
 4148  0 
 4149  0 
 4150  1 
 4151  3 
 4152  0 
 4153  0 
 4154  1 
 4155  1 
 4156  0 
 4157  2 
 4158  1 
 4159  2 
 4160  2 
 4161  2 
 4162  1 
 4163  0 
 4164  2 
 4165  0 
 4166  3 
 4167  2 
 4168  0 
 4169  0 
 4170  1 
 4171  1 
 4172  2 
 4173  0 
 4174  0 
 4175  0 
 4176  2 
 4177  0 
 4178  0 
 4179  1 
 4180  0 
 4181  1 
 4182  1 
 4183  1 
 4184  1 
 4185  2 
 4186  0 
 4187  4 
 4188  0 
 4189  0 
 4190  0 
 4191  1 
 4192  3 
 4193  0 
 4194  1 
 4195  0 
 4196  1 
 4197  1 
 4198  0 
 4199  1 
 4200  0 
 4201  1 
 4202  1 
 4203  0 
 4204  0 
 4205  1 
 4206  0 
 4207  0 
 4208  3 
 4209  0 
 4210  2 
 4211  0 
 4212  1 
 4213  0 
 4214  0 
 4215  3 
 4216  0 
 4217  1 
 4218  2 
 4219  2 
 4220  0 
 4221  0 
 4222  1 
 4223  0 
 4224  1 
 4225  1 
 4226  1 
 4227  1 
 4228  1 
 4229  0 
 4230  1 
 4231  0 
 4232  1 
 4233  0 
 4234  2 
 4235  1 
 4236  1 
 4237  1 
 4238  0 
 4239  1 
 4240  2 
 4241  0 
 4242  2 
 4243  0 
 4244  2 
 4245  3 
 4246  2 
 4247  0 
 4248  3 
 4249  0 
 4250  1 
 4251  0 
 4252  1 
 4253  1 
 4254  1 
 4255  2 
 4256  0 
 4257  0 
 4258  0 
 4259  2 
 4260  2 
 4261  1 
 4262  4 
 4263  0 
 4264  2 
 4265  1 
 4266  2 
 4267  0 
 4268  2 
 4269  1 
 4270  4 
 4271  0 
 4272  2 
 4273  1 
 4274  1 
 4275  2 
 4276  1 
 4277  0 
 4278  2 
 4279  2 
 4280  0 
 4281  1 
 4282  4 
 4283  0 
 4284  1 
 4285  0 
 4286  1 
 4287  2 
 4288  0 
 4289  2 
 4290  2 
 4291  2 
 4292  1 
 4293  2 
 4294  2 
 4295  1 
 4296  0 
 4297  1 
 4298  1 
 4299  1 
 4300  1 
 4301  1 
 4302  1 
 4303  1 
 4304  1 
 4305  1 
 4306  1 
 4307  1 
 4308  1 
 4309  0 
 4310  1 
 4311  2 
 4312  0 
 4313  1 
 4314  2 
 4315  0 
 4316  1 
 4317  2 
 4318  0 
 4319  0 
 4320  1 
 4321  1 
 4322  0 
 4323  2 
 4324  1 
 4325  1 
 4326  1 
 4327  0 
 4328  1 
 4329  2 
 4330  1 
 4331  1 
 4332  1 
 4333  1 
 4334  1 
 4335  1 
 4336  0 
 4337  0 
 4338  0 
 4339  0 
 4340  1 
 4341  1 
 4342  0 
 4343  0 
 4344  0 
 4345  1 
 4346  2 
 4347  1 
 4348  2 
 4349  2 
 4350  1 
 4351  2 
 4352  0 
 4353  0 
 4354  0 
 4355  2 
 4356  0 
 4357  2 
 4358  1 
 4359  2 
 4360  2 
 4361  3 
 4362  1 
 4363  1 
 4364  0 
 4365  3 
 4366  1 
 4367  1 
 4368  1 
 4369  1 
 4370  1 
 4371  0 
 4372  0 
 4373  1 
 4374  2 
 4375  1 
 4376  1 
 4377  1 
 4378  0 
 4379  1 
 4380  0 
 4381  1 
 4382  0 
 4383  3 
 4384  0 
 4385  0 
 4386  0 
 4387  0 
 4388  0 
 4389  3 
 4390  2 
 4391  0 
 4392  1 
 4393  0 
 4394  2 
 4395  1 
 4396  0 
 4397  1 
 4398  0 
 4399  0 
 4400  1 
 4401  1 
 4402  1 
 4403  1 
 4404  0 
 4405  2 
 4406  1 
 4407  1 
 4408  2 
 4409  1 
 4410  0 
 4411  2 
 4412  1 
 4413  0 
 4414  3 
 4415  1 
 4416  0 
 4417  1 
 4418  2 
 4419  0 
 4420  0 
 4421  1 
 4422  0 
 4423  1 
 4424  2 
 4425  1 
 4426  0 
 4427  0 
 4428  2 
 4429  2 
 4430  2 
 4431  0 
 4432  0 
 4433  0 
 4434  0 
 4435  0 
 4436  1 
 4437  1 
 4438  0 
 4439  0 
 4440  2 
 4441  0 
 4442  1 
 4443  0 
 4444  0 
 4445  0 
 4446  0 
 4447  0 
 4448  2 
 4449  2 
 4450  1 
 4451  1 
 4452  0 
 4453  1 
 4454  1 
 4455  1 
 4456  0 
 4457  2 
 4458  1 
 4459  0 
 4460  0 
 4461  0 
 4462  0 
 4463  2 
 4464  2 
 4465  1 
 4466  0 
 4467  2 
 4468  2 
 4469  0 
 4470  0 
 4471  0 
 4472  1 
 4473  4 
 4474  1 
 4475  0 
 4476  3 
 4477  0 
 4478  1 
 4479  1 
 4480  1 
 4481  2 
 4482  1 
 4483  1 
 4484  0 
 4485  1 
 4486  1 
 4487  0 
 4488  0 
 4489  0 
 4490  0 
 4491  0 
 4492  3 
 4493  0 
 4494  0 
 4495  1 
 4496  1 
 4497  1 
 4498  2 
 4499  0 
 4500  1 
 4501  2 
 4502  0 
 4503  0 
 4504  0 
 4505  1 
 4506  0 
 4507  0 
 4508  0 
 4509  1 
 4510  1 
 4511  1 
 4512  2 
 4513  1 
 4514  0 
 4515  0 
 4516  2 
 4517  0 
 4518  0 
 4519  2 
 4520  0 
 4521  1 
 4522  1 
 4523  0 
 4524  0 
 4525  1 
 4526  0 
 4527  2 
 4528  0 
 4529  0 
 4530  1 
 4531  1 
 4532  0 
 4533  1 
 4534  0 
 4535  0 
 4536  0 
 4537  0 
 4538  0 
 4539  3 
 4540  0 
 4541  0 
 4542  1 
 4543  1 
 4544  1 
 4545  1 
 4546  0 
 4547  1 
 4548  2 
 4549  1 
 4550  0 
 4551  1 
 4552  1 
 4553  0 
 4554  0 
 4555  1 
 4556  0 
 4557  1 
 4558  1 
 4559  0 
 4560  0 
 4561  0 
 4562  1 
 4563  0 
 4564  0 
 4565  1 
 4566  1 
 4567  0 
 4568  0 
 4569  1 
 4570  0 
 4571  1 
 4572  0 
 4573  0 
 4574  1 
 4575  2 
 4576  0 
 4577  0 
 4578  0 
 4579  0 
 4580  0 
 4581  1 
 4582  0 
 4583  1 
 4584  1 
 4585  0 
 4586  0 
 4587  1 
 4588  3 
 4589  1 
 4590  0 
 4591  0 
 4592  0 
 4593  1 
 4594  0 
 4595  1 
 4596  1 
 4597  1 
 4598  0 
 4599  0 
 4600  1 
 4601  1 
 4602  0 
 4603  1 
 4604  0 
 4605  2 
 4606  0 
 4607  0 
 4608  0 
 4609  0 
 4610  1 
 4611  0 
 4612  1 
 4613  2 
 4614  0 
 4615  1 
 4616  1 
 4617  1 
 4618  0 
 4619  0 
 4620  0 
 4621  0 
 4622  0 
 4623  2 
 4624  0 
 4625  0 
 4626  0 
 4627  0 
 4628  1 
 4629  1 
 4630  1 
 4631  1 
 4632  0 
 4633  0 
 4634  1 
 4635  0 
 4636  0 
 4637  1 
 4638  0 
 4639  0 
 4640  0 
 4641  0 
 4642  1 
 4643  1 
 4644  0 
 4645  3 
 4646  1 
 4647  1 
 4648  0 
 4649  1 
 4650  1 
 4651  1 
 4652  2 
 4653  0 
 4654  0 
 4655  0 
 4656  1 
 4657  1 
 4658  0 
 4659  0 
 4660  1 
 4661  0 
 4662  0 
 4663  1 
 4664  0 
 4665  0 
 4666  0 
 4667  1 
 4668  0 
 4669  1 
 4670  0 
 4671  1 
 4672  0 
 4673  1 
 4674  2 
 4675  1 
 4676  0 
 4677  2 
 4678  0 
 4679  0 
 4680  0 
 4681  2 
 4682  0 
 4683  1 
 4684  1 
 4685  0 
 4686  1 
 4687  2 
 4688  0 
 4689  1 
 4690  1 
 4691  0 
 4692  0 
 4693  0 
 4694  0 
 4695  0 
 4696  0 
 4697  0 
 4698  1 
 4699  0 
 4700  0 
 4701  0 
 4702  0 
 4703  1 
 4704  1 
 4705  0 
 4706  2 
 4707  0 
 4708  0 
 4709  0 
 4710  1 
 4711  1 
 4712  0 
 4713  1 
 4714  0 
 4715  0 
 4716  1 
 4717  0 
 4718  0 
 4719  1 
 4720  1 
 4721  0 
 4722  1 
 4723  0 
 4724  0 
 4725  1 
 4726  0 
 4727  0 
 4728  1 
 4729  1 
 4730  0 
 4731  0 
 4732  0 
 4733  0 
 4734  1 
 4735  1 
 4736  0 
 4737  1 
 4738  1 
 4739  0 
 4740  1 
 4741  0 
 4742  1 
 4743  0 
 4744  0 
 4745  0 
 4746  1 
 4747  0 
 4748  0 
 4749  0 
 4750  0 
 4751  1 
 4752  0 
 4753  0 
 4754  0 
 4755  0 
 4756  1 
 4757  2 
 4758  1 
 4759  0 
 4760  1 
 4761  1 
 4762  1 
 4763  1 
 4764  1 
 4765  0 
 4766  2 
 4767  0 
 4768  1 
 4769  0 
 4770  0 
 4771  0 
 4772  0 
 4773  1 
 4774  0 
 4775  0 
 4776  3 
 4777  0 
 4778  0 
 4779  0 
 4780  0 
 4781  1 
 4782  0 
 4783  0 
 4784  0 
 4785  0 
 4786  0 
 4787  0 
 4788  0 
 4789  2 
 4790  0 
 4791  0 
 4792  0 
 4793  0 
 4794  0 
 4795  0 
 4796  0 
 4797  0 
 4798  1 
 4799  1 
 4800  0 
 4801  0 
 4802  1 
 4803  1 
 4804  0 
 4805  0 
 4806  0 
 4807  0 
 4808  0 
 4809  0 
 4810  0 
 4811  0 
 4812  0 
 4813  0 
 4814  0 
 4815  0 
 4816  1 
 4817  1 
 4818  0 
 4819  1 
 4820  1 
 4821  0 
 4822  1 
 4823  0 
 4824  1 
 4825  2 
 4826  2 
 4827  0 
 4828  0 
 4829  0 
 4830  0 
 4831  0 
 4832  1 
 4833  0 
 4834  0 
 4835  0 
 4836  0 
 4837  0 
 4838  0 
 4839  0 
 4840  2 
 4841  1 
 4842  0 
 4843  0 
 4844  0 
 4845  3 
 4846  0 
 4847  1 
 4848  0 
 4849  0 
 4850  0 
 4851  0 
 4852  0 
 4853  0 
 4854  0 
 4855  0 
 4856  2 
 4857  2 
 4858  0 
 4859  0 
 4860  0 
 4861  1 
 4862  1 
 4863  0 
 4864  2 
 4865  0 
 4866  1 
 4867  2 
 4868  1 
 4869  1 
 4870  0 
 4871  0 
 4872  0 
 4873  0 
 4874  1 
 4875  0 
 4876  0 
 4877  0 
 4878  2 
 4879  0 
 4880  0 
 4881  0 
 4882  1 
 4883  0 
 4884  1 
 4885  0 
 4886  0 
 4887  0 
 4888  1 
 4889  0 
 4890  0 
 4891  0 
 4892  1 
 4893  0 
 4894  0 
 4895  0 
 4896  0 
 4897  0 
 4898  1 
 4899  0 
 4900  0 
 4901  0 
 4902  0 
 4903  1 
 4904  0 
 4905  0 
 4906  0 
 4907  2 
 4908  0 
 4909  1 
 4910  0 
 4911  1 
 4912  0 
 4913  0 
 4914  1 
 4915  0 
 4916  0 
 4917  0 
 4918  1 
 4919  0 
 4920  0 
 4921  0 
 4922  0 
 4923  0 
 4924  0 
 4925  0 
 4926  1 
 4927  1 
 4928  0 
 4929  0 
 4930  0 
 4931  0 
 4932  0 
 4933  1 
 4934  0 
 4935  0 
 4936  0 
 4937  1 
 4938  0 
 4939  0 
 4940  0 
 4941  0 
 4942  0 
 4943  0 
 4944  0 
 4945  0 
 4946  0 
 4947  0 
 4948  0 
 4949  0 
 4950  2 
 4951  0 
 4952  1 
 4953  0 
 4954  0 
 4955  0 
 4956  2 
 4957  0 
 4958  0 
 4959  0 
 4960  0 
 4961  0 
 4962  0 
 4963  0 
 4964  2 
 4965  0 
 4966  0 
 4967  0 
 4968  1 
 4969  0 
 4970  1 
 4971  0 
 4972  0 
 4973  0 
 4974  2 
 4975  0 
 4976  1 
 4977  0 
 4978  1 
 4979  0 
 4980  1 
 4981  0 
 4982  0 
 4983  0 
 4984  1 
 4985  0 
 4986  0 
 4987  0 
 4988  0 
 4989  0 
 4990  0 
 4991  0 
 4992  1 
 4993  1 
 4994  0 
 4995  0 
 4996  1 
 4997  0 
 4998  0 
 4999  0 
 5000  0 
 5001  2 
 5002  0 
 5003  0 
 5004  0 
 5005  1 
 5006  2 
 5007  0 
 5008  1 
 5009  0 
 5010  0 
 5011  1 
 5012  1 
 5013  1 
 5014  0 
 5015  1 
 5016  0 
 5017  0 
 5018  0 
 5019  1 
 5020  0 
 5021  0 
 5022  0 
 5023  2 
 5024  0 
 5025  0 
 5026  0 
 5027  0 
 5028  0 
 5029  0 
 5030  0 
 5031  1 
 5032  2 
 5033  0 
 5034  0 
 5035  0 
 5036  0 
 5037  0 
 5038  0 
 5039  1 
 5040  0 
 5041  1 
 5042  1 
 5043  0 
 5044  0 
 5045  0 
 5046  0 
 5047  0 
 5048  0 
 5049  0 
 5050  0 
 5051  0 
 5052  0 
 5053  0 
 5054  0 
 5055  0 
 5056  0 
 5057  0 
 5058  0 
 5059  0 
 5060  1 
 5061  0 
 5062  1 
 5063  0 
 5064  0 
 5065  0 
 5066  1 
 5067  1 
 5068  0 
 5069  1 
 5070  1 
 5071  0 
 5072  0 
 5073  0 
 5074  1 
 5075  0 
 5076  0 
 5077  0 
 5078  2 
 5079  1 
 5080  0 
 5081  0 
 5082  1 
 5083  0 
 5084  1 
 5085  0 
 5086  0 
 5087  0 
 5088  0 
 5089  0 
 5090  1 
 5091  0 
 5092  0 
 5093  1 
 5094  0 
 5095  0 
 5096  1 
 5097  0 
 5098  0 
 5099  1 
 5100  0 
 5101  0 
 5102  1 
 5103  0 
 5104  0 
 5105  0 
 5106  1 
 5107  0 
 5108  0 
 5109  1 
 5110  0 
 5111  0 
 5112  0 
 5113  0 
 5114  0 
 5115  2 
 5116  0 
 5117  0 
 5118  0 
 5119  0 
 5120  1 
 5121  0 
 5122  0 
 5123  0 
 5124  0 
 5125  2 
 5126  0 
 5127  0 
 5128  1 
 5129  2 
 5130  0 
 5131  0 
 5132  0 
 5133  1 
 5134  0 
 5135  0 
 5136  0 
 5137  0 
 5138  0 
 5139  0 
 5140  0 
 5141  1 
 5142  0 
 5143  0 
 5144  1 
 5145  1 
 5146  0 
 5147  0 
 5148  1 
 5149  0 
 5150  1 
 5151  0 
 5152  0 
 5153  1 
 5154  1 
 5155  0 
 5156  0 
 5157  0 
 5158  0 
 5159  0 
 5160  0 
 5161  0 
 5162  0 
 5163  0 
 5164  1 
 5165  0 
 5166  0 
 5167  0 
 5168  0 
 5169  0 
 5170  0 
 5171  1 
 5172  0 
 5173  1 
 5174  0 
 5175  1 
 5176  0 
 5177  0 
 5178  0 
 5179  0 
 5180  1 
 5181  0 
 5182  0 
 5183  0 
 5184  1 
 5185  0 
 5186  0 
 5187  1 
 5188  0 
 5189  1 
 5190  0 
 5191  0 
 5192  0 
 5193  0 
 5194  0 
 5195  1 
 5196  0 
 5197  0 
 5198  0 
 5199  0 
 5200  0 
 5201  0 
 5202  0 
 5203  1 
 5204  1 
 5205  0 
 5206  0 
 5207  1 
 5208  1 
 5209  1 
 5210  0 
 5211  0 
 5212  0 
 5213  0 
 5214  1 
 5215  0 
 5216  0 
 5217  1 
 5218  0 
 5219  0 
 5220  0 
 5221  1 
 5222  1 
 5223  0 
 5224  1 
 5225  1 
 5226  0 
 5227  0 
 5228  0 
 5229  2 
 5230  0 
 5231  1 
 5232  1 
 5233  1 
 5234  1 
 5235  1 
 5236  0 
 5237  0 
 5238  1 
 5239  2 
 5240  0 
 5241  0 
 5242  0 
 5243  0 
 5244  0 
 5245  0 
 5246  1 
 5247  0 
 5248  0 
 5249  0 
 5250  0 
 5251  0 
 5252  1 
 5253  1 
 5254  0 
 5255  0 
 5256  1 
 5257  0 
 5258  1 
 5259  0 
 5260  1 
 5261  0 
 5262  0 
 5263  0 
 5264  0 
 5265  1 
 5266  0 
 5267  0 
 5268  1 
 5269  0 
 5270  1 
 5271  0 
 5272  0 
 5273  0 
 5274  0 
 5275  1 
 5276  0 
 5277  0 
 5278  0 
 5279  0 
 5280  0 
 5281  0 
 5282  0 
 5283  1 
 5284  0 
 5285  0 
 5286  1 
 5287  1 
 5288  2 
 5289  0 
 5290  1 
 5291  0 
 5292  1 
 5293  1 
 5294  0 
 5295  1 
 5296  0 
 5297  0 
 5298  1 
 5299  0 
 5300  1 
 5301  3 
 5302  1 
 5303  0 
 5304  0 
 5305  0 
 5306  0 
 5307  0 
 5308  0 
 5309  0 
 5310  0 
 5311  0 
 5312  1 
 5313  1 
 5314  1 
 5315  0 
 5316  0 
 5317  0 
 5318  0 
 5319  1 
 5320  0 
 5321  0 
 5322  1 
 5323  2 
 5324  0 
 5325  0 
 5326  0 
 5327  2 
 5328  2 
 5329  0 
 5330  1 
 5331  0 
 5332  0 
 5333  0 
 5334  0 
 5335  1 
 5336  0 
 5337  0 
 5338  0 
 5339  0 
 5340  2 
 5341  0 
 5342  0 
 5343  1 
 5344  0 
 5345  1 
 5346  0 
 5347  0 
 5348  0 
 5349  2 
 5350  0 
 5351  0 
 5352  0 
 5353  1 
 5354  0 
 5355  0 
 5356  0 
 5357  0 
 5358  0 
 5359  1 
 5360  0 
 5361  0 
 5362  0 
 5363  1 
 5364  0 
 5365  0 
 5366  0 
 5367  0 
 5368  0 
 5369  0 
 5370  0 
 5371  0 
 5372  1 
 5373  0 
 5374  0 
 5375  0 
 5376  0 
 5377  0 
 5378  0 
 5379  0 
 5380  0 
 5381  0 
 5382  0 
 5383  1 
 5384  0 
 5385  0 
 5386  0 
 5387  0 
 5388  0 
 5389  1 
 5390  0 
 5391  1 
 5392  1 
 5393  0 
 5394  0 
 5395  1 
 5396  0 
 5397  0 
 5398  1 
 5399  0 
 5400  0 
 5401  0 
 5402  1 
 5403  0 
 5404  0 
 5405  1 
 5406  0 
 5407  0 
 5408  0 
 5409  0 
 5410  0 
 5411  0 
 5412  0 
 5413  1 
 5414  0 
 5415  0 
 5416  0 
 5417  0 
 5418  1 
 5419  0 
 5420  2 
 5421  1 
 5422  1 
 5423  0 
 5424  1 
 5425  0 
 5426  0 
 5427  2 
 5428  1 
 5429  1 
 5430  0 
 5431  0 
 5432  0 
 5433  0 
 5434  1 
 5435  1 
 5436  0 
 5437  0 
 5438  0 
 5439  0 
 5440  0 
 5441  0 
 5442  0 
 5443  0 
 5444  0 
 5445  0 
 5446  0 
 5447  0 
 5448  0 
 5449  0 
 5450  0 
 5451  0 
 5452  1 
 5453  0 
 5454  0 
 5455  0 
 5456  0 
 5457  0 
 5458  1 
 5459  1 
 5460  0 
 5461  0 
 5462  2 
 5463  1 
 5464  1 
 5465  1 
 5466  0 
 5467  1 
 5468  0 
 5469  0 
 5470  0 
 5471  1 
 5472  0 
 5473  0 
 5474  1 
 5475  0 
 5476  1 
 5477  0 
 5478  0 
 5479  0 
 5480  0 
 5481  0 
 5482  0 
 5483  0 
 5484  1 
 5485  0 
 5486  0 
 5487  1 
 5488  0 
 5489  0 
 5490  1 
 5491  1 
 5492  0 
 5493  1 
 5494  0 
 5495  1 
 5496  0 
 5497  0 
 5498  2 
 5499  0 
 5500  0 
 5501  0 
 5502  0 
 5503  0 
 5504  1 
 5505  0 
 5506  0 
 5507  0 
 5508  1 
 5509  0 
 5510  0 
 5511  0 
 5512  1 
 5513  1 
 5514  0 
 5515  0 
 5516  1 
 5517  0 
 5518  0 
 5519  0 
 5520  0 
 5521  0 
 5522  0 
 5523  0 
 5524  0 
 5525  1 
 5526  0 
 5527  0 
 5528  0 
 5529  1 
 5530  0 
 5531  1 
 5532  0 
 5533  1 
 5534  0 
 5535  1 
 5536  0 
 5537  1 
 5538  1 
 5539  1 
 5540  1 
 5541  1 
 5542  0 
 5543  0 
 5544  1 
 5545  0 
 5546  1 
 5547  0 
 5548  0 
 5549  2 
 5550  1 
 5551  0 
 5552  0 
 5553  0 
 5554  1 
 5555  0 
 5556  0 
 5557  0 
 5558  1 
 5559  2 
 5560  2 
 5561  0 
 5562  0 
 5563  0 
 5564  0 
 5565  1 
 5566  0 
 5567  1 
 5568  1 
 5569  0 
 5570  0 
 5571  0 
 5572  0 
 5573  1 
 5574  0 
 5575  1 
 5576  1 
 5577  0 
 5578  1 
 5579  2 
 5580  0 
 5581  1 
 5582  0 
 5583  1 
 5584  0 
 5585  1 
 5586  0 
 5587  3 
 5588  0 
 5589  0 
 5590  0 
 5591  0 
 5592  0 
 5593  1 
 5594  0 
 5595  1 
 5596  0 
 5597  1 
 5598  0 
 5599  1 
 5600  0 
 5601  0 
 5602  2 
 5603  1 
 5604  0 
 5605  0 
 5606  0 
 5607  0 
 5608  0 
 5609  0 
 5610  0 
 5611  0 
 5612  0 
 5613  0 
 5614  0 
 5615  1 
 5616  0 
 5617  2 
 5618  1 
 5619  0 
 5620  1 
 5621  0 
 5622  0 
 5623  0 
 5624  0 
 5625  0 
 5626  1 
 5627  0 
 5628  0 
 5629  0 
 5630  0 
 5631  1 
 5632  0 
 5633  0 
 5634  0 
 5635  0 
 5636  0 
 5637  0 
 5638  0 
 5639  0 
 5640  1 
 5641  1 
 5642  0 
 5643  0 
 5644  0 
 5645  0 
 5646  1 
 5647  0 
 5648  0 
 5649  0 
 5650  1 
 5651  1 
 5652  3 
 5653  0 
 5654  0 
 5655  2 
 5656  1 
 5657  0 
 5658  0 
 5659  1 
 5660  2 
 5661  1 
 5662  0 
 5663  0 
 5664  1 
 5665  0 
 5666  0 
 5667  0 
 5668  0 
 5669  1 
 5670  0 
 5671  0 
 5672  0 
 5673  0 
 5674  0 
 5675  1 
 5676  0 
 5677  0 
 5678  2 
 5679  0 
 5680  0 
 5681  0 
 5682  1 
 5683  0 
 5684  0 
 5685  0 
 5686  0 
 5687  0 
 5688  0 
 5689  0 
 5690  1 
 5691  1 
 5692  1 
 5693  0 
 5694  1 
 5695  0 
 5696  0 
 5697  0 
 5698  0 
 5699  0 
 5700  0 
 5701  0 
 5702  0 
 5703  0 
 5704  1 
 5705  1 
 5706  2 
 5707  0 
 5708  1 
 5709  0 
 5710  0 
 5711  0 
 5712  2 
 5713  2 
 5714  0 
 5715  0 
 5716  2 
 5717  1 
 5718  1 
 5719  1 
 5720  1 
 5721  1 
 5722  1 
 5723  1 
 5724  1 
 5725  0 
 5726  0 
 5727  2 
 5728  0 
 5729  0 
 5730  0 
 5731  0 
 5732  0 
 5733  1 
 5734  0 
 5735  0 
 5736  1 
 5737  0 
 5738  1 
 5739  1 
 5740  0 
 5741  0 
 5742  1 
 5743  1 
 5744  0 
 5745  3 
 5746  0 
 5747  1 
 5748  1 
 5749  0 
 5750  2 
 5751  0 
 5752  0 
 5753  2 
 5754  1 
 5755  1 
 5756  1 
 5757  0 
 5758  2 
 5759  0 
 5760  1 
 5761  0 
 5762  0 
 5763  1 
 5764  2 
 5765  0 
 5766  1 
 5767  0 
 5768  0 
 5769  2 
 5770  1 
 5771  0 
 5772  0 
 5773  3 
 5774  0 
 5775  1 
 5776  1 
 5777  0 
 5778  0 
 5779  2 
 5780  0 
 5781  0 
 5782  1 
 5783  0 
 5784  0 
 5785  1 
 5786  0 
 5787  1 
 5788  0 
 5789  0 
 5790  1 
 5791  1 
 5792  1 
 5793  2 
 5794  0 
 5795  1 
 5796  0 
 5797  0 
 5798  0 
 5799  0 
 5800  0 
 5801  2 
 5802  1 
 5803  0 
 5804  1 
 5805  2 
 5806  0 
 5807  0 
 5808  0 
 5809  0 
 5810  3 
 5811  1 
 5812  0 
 5813  0 
 5814  0 
 5815  0 
 5816  0 
 5817  0 
 5818  1 
 5819  1 
 5820  1 
 5821  1 
 5822  2 
 5823  0 
 5824  1 
 5825  1 
 5826  0 
 5827  0 
 5828  0 
 5829  1 
 5830  1 
 5831  0 
 5832  0 
 5833  1 
 5834  1 
 5835  0 
 5836  0 
 5837  1 
 5838  0 
 5839  0 
 5840  0 
 5841  0 
 5842  2 
 5843  0 
 5844  2 
 5845  2 
 5846  0 
 5847  1 
 5848  0 
 5849  0 
 5850  1 
 5851  0 
 5852  1 
 5853  4 
 5854  1 
 5855  1 
 5856  1 
 5857  2 
 5858  1 
 5859  1 
 5860  0 
 5861  0 
 5862  0 
 5863  0 
 5864  1 
 5865  1 
 5866  0 
 5867  0 
 5868  1 
 5869  0 
 5870  1 
 5871  2 
 5872  1 
 5873  1 
 5874  2 
 5875  0 
 5876  0 
 5877  1 
 5878  0 
 5879  0 
 5880  1 
 5881  1 
 5882  0 
 5883  1 
 5884  1 
 5885  0 
 5886  0 
 5887  1 
 5888  1 
 5889  1 
 5890  1 
 5891  2 
 5892  0 
 5893  2 
 5894  1 
 5895  0 
 5896  0 
 5897  2 
 5898  0 
 5899  0 
 5900  2 
 5901  0 
 5902  0 
 5903  1 
 5904  1 
 5905  0 
 5906  1 
 5907  1 
 5908  0 
 5909  0 
 5910  0 
 5911  2 
 5912  1 
 5913  0 
 5914  2 
 5915  1 
 5916  0 
 5917  0 
 5918  0 
 5919  0 
 5920  0 
 5921  0 
 5922  1 
 5923  1 
 5924  0 
 5925  0 
 5926  0 
 5927  0 
 5928  0 
 5929  1 
 5930  0 
 5931  0 
 5932  0 
 5933  1 
 5934  0 
 5935  0 
 5936  0 
 5937  1 
 5938  0 
 5939  1 
 5940  0 
 5941  1 
 5942  0 
 5943  1 
 5944  0 
 5945  0 
 5946  0 
 5947  0 
 5948  3 
 5949  0 
 5950  0 
 5951  0 
 5952  0 
 5953  0 
 5954  0 
 5955  0 
 5956  0 
 5957  0 
 5958  1 
 5959  0 
 5960  0 
 5961  0 
 5962  0 
 5963  0 
 5964  0 
 5965  2 
 5966  0 
 5967  0 
 5968  0 
 5969  0 
 5970  1 
 5971  0 
 5972  0 
 5973  0 
 5974  2 
 5975  0 
 5976  0 
 5977  0 
 5978  1 
 5979  0 
 5980  0 
 5981  0 
 5982  0 
 5983  1 
 5984  0 
 5985  0 
 5986  0 
 5987  0 
 5988  1 
 5989  0 
 5990  0 
 5991  0 
 5992  0 
 5993  0 
 5994  0 
 5995  0 
 5996  0 
 5997  0 
 5998  0 
 5999  1 
 6000  1 
 6001  1 
 6002  0 
 6003  0 
 6004  1 
 6005  0 
 6006  0 
 6007  0 
 6008  0 
 6009  1 
 6010  1 
 6011  0 
 6012  1 
 6013  0 
 6014  4 
 6015  0 
 6016  0 
 6017  1 
 6018  1 
 6019  1 
 6020  0 
 6021  1 
 6022  0 
 6023  1 
 6024  0 
 6025  0 
 6026  0 
 6027  2 
 6028  0 
 6029  1 
 6030  1 
 6031  0 
 6032  2 
 6033  1 
 6034  1 
 6035  0 
 6036  0 
 6037  0 
 6038  1 
 6039  0 
 6040  0 
 6041  0 
 6042  0 
 6043  0 
 6044  0 
 6045  0 
 6046  0 
 6047  1 
 6048  1 
 6049  2 
 6050  0 
 6051  1 
 6052  0 
 6053  1 
 6054  0 
 6055  0 
 6056  0 
 6057  0 
 6058  3 
 6059  0 
 6060  1 
 6061  0 
 6062  0 
 6063  0 
 6064  0 
 6065  1 
 6066  0 
 6067  0 
 6068  1 
 6069  0 
 6070  0 
 6071  1 
 6072  0 
 6073  0 
 6074  1 
 6075  0 
 6076  0 
 6077  0 
 6078  0 
 6079  0 
 6080  0 
 6081  3 
 6082  0 
 6083  0 
 6084  1 
 6085  2 
 6086  0 
 6087  2 
 6088  1 
 6089  0 
 6090  1 
 6091  0 
 6092  0 
 6093  0 
 6094  0 
 6095  0 
 6096  1 
 6097  2 
 6098  0 
 6099  0 
 6100  0 
 6101  0 
 6102  0 
 6103  0 
 6104  0 
 6105  0 
 6106  0 
 6107  0 
 6108  0 
 6109  0 
 6110  1 
 6111  0 
 6112  0 
 6113  1 
 6114  0 
 6115  0 
 6116  1 
 6117  0 
 6118  1 
 6119  0 
 6120  1 
 6121  1 
 6122  2 
 6123  0 
 6124  0 
 6125  0 
 6126  0 
 6127  0 
 6128  0 
 6129  1 
 6130  0 
 6131  0 
 6132  0 
 6133  2 
 6134  0 
 6135  0 
 6136  1 
 6137  0 
 6138  0 
 6139  1 
 6140  0 
 6141  0 
 6142  0 
 6143  0 
 6144  0 
 6145  2 
 6146  1 
 6147  0 
 6148  1 
 6149  0 
 6150  1 
 6151  1 
 6152  0 
 6153  1 
 6154  0 
 6155  0 
 6156  1 
 6157  0 
 6158  1 
 6159  1 
 6160  0 
 6161  0 
 6162  0 
 6163  0 
 6164  0 
 6165  0 
 6166  0 
 6167  2 
 6168  1 
 6169  0 
 6170  1 
 6171  1 
 6172  0 
 6173  1 
 6174  0 
 6175  0 
 6176  0 
 6177  1 
 6178  0 
 6179  0 
 6180  0 
 6181  0 
 6182  0 
 6183  1 
 6184  0 
 6185  0 
 6186  0 
 6187  0 
 6188  0 
 6189  0 
 6190  0 
 6191  1 
 6192  0 
 6193  0 
 6194  0 
 6195  1 
 6196  0 
 6197  0 
 6198  0 
 6199  0 
 6200  0 
 6201  0 
 6202  0 
 6203  1 
 6204  1 
 6205  0 
 6206  1 
 6207  0 
 6208  0 
 6209  1 
 6210  0 
 6211  0 
 6212  0 
 6213  0 
 6214  0 
 6215  0 
 6216  0 
 6217  0 
 6218  1 
 6219  0 
 6220  1 
 6221  0 
 6222  1 
 6223  0 
 6224  1 
 6225  0 
 6226  0 
 6227  0 
 6228  1 
 6229  0 
 6230  1 
 6231  1 
 6232  0 
 6233  0 
 6234  0 
 6235  0 
 6236  0 
 6237  1 
 6238  0 
 6239  1 
 6240  0 
 6241  0 
 6242  0 
 6243  0 
 6244  0 
 6245  2 
 6246  0 
 6247  0 
 6248  0 
 6249  1 
 6250  0 
 6251  1 
 6252  1 
 6253  1 
 6254  2 
 6255  0 
 6256  1 
 6257  0 
 6258  0 
 6259  1 
 6260  0 
 6261  1 
 6262  1 
 6263  0 
 6264  0 
 6265  1 
 6266  1 
 6267  0 
 6268  1 
 6269  0 
 6270  0 
 6271  0 
 6272  1 
 6273  0 
 6274  0 
 6275  0 
 6276  0 
 6277  0 
 6278  0 
 6279  0 
 6280  0 
 6281  0 
 6282  0 
 6283  0 
 6284  0 
 6285  0 
 6286  0 
 6287  0 
 6288  0 
 6289  0 
 6290  1 
 6291  0 
 6292  1 
 6293  0 
 6294  1 
 6295  0 
 6296  0 
 6297  0 
 6298  1 
 6299  0 
 6300  0 
 6301  2 
 6302  2 
 6303  0 
 6304  0 
 6305  0 
 6306  0 
 6307  0 
 6308  0 
 6309  0 
 6310  0 
 6311  0 
 6312  0 
 6313  0 
 6314  0 
 6315  0 
 6316  0 
 6317  0 
 6318  0 
 6319  0 
 6320  0 
 6321  2 
 6322  0 
 6323  0 
 6324  0 
 6325  0 
 6326  0 
 6327  0 
 6328  1 
 6329  2 
 6330  1 
 6331  1 
 6332  0 
 6333  1 
 6334  1 
 6335  1 
 6336  1 
 6337  1 
 6338  1 
 6339  0 
 6340  1 
 6341  0 
 6342  0 
 6343  0 
 6344  1 
 6345  0 
 6346  0 
 6347  0 
 6348  0 
 6349  0 
 6350  0 
 6351  0 
 6352  0 
 6353  0 
 6354  0 
 6355  0 
 6356  0 
 6357  0 
 6358  0 
 6359  0 
 6360  1 
 6361  1 
 6362  1 
 6363  3 
 6364  0 
 6365  0 
 6366  0 
 6367  0 
 6368  0 
 6369  0 
 6370  1 
 6371  0 
 6372  0 
 6373  0 
 6374  1 
 6375  1 
 6376  1 
 6377  0 
 6378  0 
 6379  1 
 6380  0 
 6381  0 
 6382  0 
 6383  2 
 6384  1 
 6385  1 
 6386  0 
 6387  0 
 6388  1 
 6389  0 
 6390  2 
 6391  0 
 6392  0 
 6393  0 
 6394  1 
 6395  1 
 6396  0 
 6397  0 
 6398  0 
 6399  1 
 6400  0 
 6401  0 
 6402  0 
 6403  1 
 6404  1 
 6405  0 
 6406  2 
 6407  0 
 6408  0 
 6409  1 
 6410  1 
 6411  0 
 6412  1 
 6413  0 
 6414  0 
 6415  0 
 6416  0 
 6417  1 
 6418  0 
 6419  0 
 6420  2 
 6421  1 
 6422  0 
 6423  1 
 6424  1 
 6425  0 
 6426  0 
 6427  2 
 6428  2 
 6429  0 
 6430  0 
 6431  1 
 6432  0 
 6433  0 
 6434  1 
 6435  1 
 6436  0 
 6437  1 
 6438  0 
 6439  2 
 6440  0 
 6441  0 
 6442  0 
 6443  0 
 6444  1 
 6445  0 
 6446  0 
 6447  0 
 6448  0 
 6449  2 
 6450  0 
 6451  0 
 6452  0 
 6453  1 
 6454  0 
 6455  1 
 6456  0 
 6457  0 
 6458  0 
 6459  0 
 6460  0 
 6461  0 
 6462  0 
 6463  0 
 6464  1 
 6465  1 
 6466  2 
 6467  0 
 6468  0 
 6469  0 
 6470  1 
 6471  1 
 6472  1 
 6473  0 
 6474  0 
 6475  0 
 6476  0 
 6477  0 
 6478  0 
 6479  0 
 6480  0 
 6481  0 
 6482  0 
 6483  2 
 6484  1 
 6485  2 
 6486  0 
 6487  0 
 6488  2 
 6489  1 
 6490  1 
 6491  0 
 6492  2 
 6493  0 
 6494  0 
 6495  0 
 6496  1 
 6497  0 
 6498  0 
 6499  0 
 6500  0 
 6501  0 
 6502  2 
 6503  0 
 6504  0 
 6505  0 
 6506  2 
 6507  0 
 6508  0 
 6509  1 
 6510  0 
 6511  0 
 6512  0 
 6513  0 
 6514  1 
 6515  2 
 6516  0 
 6517  1 
 6518  0 
 6519  0 
 6520  0 
 6521  1 
 6522  0 
 6523  1 
 6524  1 
 6525  0 
 6526  1 
 6527  0 
 6528  0 
 6529  0 
 6530  0 
 6531  4 
 6532  0 
 6533  0 
 6534  0 
 6535  2 
 6536  1 
 6537  1 
 6538  1 
 6539  1 
 6540  0 
 6541  0 
 6542  0 
 6543  0 
 6544  0 
 6545  1 
 6546  0 
 6547  0 
 6548  1 
 6549  1 
 6550  0 
 6551  0 
 6552  0 
 6553  0 
 6554  0 
 6555  0 
 6556  1 
 6557  0 
 6558  0 
 6559  0 
 6560  0 
 6561  0 
 6562  0 
 6563  0 
 6564  0 
 6565  0 
 6566  0 
 6567  0 
 6568  0 
 6569  0 
 6570  0 
 6571  2 
 6572  0 
 6573  3 
 6574  2 
 6575  1 
 6576  0 
 6577  0 
 6578  1 
 6579  0 
 6580  1 
 6581  0 
 6582  1 
 6583  0 
 6584  1 
 6585  0 
 6586  1 
 6587  0 
 6588  0 
 6589  0 
 6590  1 
 6591  0 
 6592  2 
 6593  1 
 6594  0 
 6595  0 
 6596  1 
 6597  1 
 6598  2 
 6599  0 
 6600  0 
 6601  1 
 6602  0 
 6603  0 
 6604  1 
 6605  0 
 6606  1 
 6607  0 
 6608  1 
 6609  0 
 6610  1 
 6611  0 
 6612  0 
 6613  0 
 6614  1 
 6615  1 
 6616  1 
 6617  0 
 6618  0 
 6619  1 
 6620  1 
 6621  0 
 6622  0 
 6623  1 
 6624  2 
 6625  0 
 6626  0 
 6627  0 
 6628  0 
 6629  0 
 6630  0 
 6631  4 
 6632  0 
 6633  1 
 6634  0 
 6635  1 
 6636  1 
 6637  2 
 6638  0 
 6639  1 
 6640  1 
 6641  1 
 6642  0 
 6643  1 
 6644  1 
 6645  0 
 6646  0 
 6647  1 
 6648  0 
 6649  0 
 6650  2 
 6651  0 
 6652  1 
 6653  0 
 6654  0 
 6655  1 
 6656  0 
 6657  0 
 6658  1 
 6659  0 
 6660  0 
 6661  0 
 6662  1 
 6663  1 
 6664  0 
 6665  0 
 6666  3 
 6667  2 
 6668  0 
 6669  1 
 6670  1 
 6671  2 
 6672  0 
 6673  0 
 6674  3 
 6675  1 
 6676  0 
 6677  1 
 6678  2 
 6679  1 
 6680  0 
 6681  1 
 6682  1 
 6683  1 
 6684  1 
 6685  0 
 6686  0 
 6687  1 
 6688  1 
 6689  2 
 6690  1 
 6691  1 
 6692  2 
 6693  2 
 6694  0 
 6695  0 
 6696  2 
 6697  1 
 6698  3 
 6699  1 
 6700  2 
 6701  2 
 6702  3 
 6703  0 
 6704  2 
 6705  0 
 6706  0 
 6707  2 
 6708  0 
 6709  0 
 6710  0 
 6711  0 
 6712  0 
 6713  0 
 6714  1 
 6715  1 
 6716  0 
 6717  0 
 6718  1 
 6719  3 
 6720  1 
 6721  0 
 6722  1 
 6723  0 
 6724  2 
 6725  0 
 6726  0 
 6727  0 
 6728  1 
 6729  2 
 6730  0 
 6731  0 
 6732  1 
 6733  1 
 6734  1 
 6735  0 
 6736  0 
 6737  1 
 6738  0 
 6739  1 
 6740  1 
 6741  1 
 6742  1 
 6743  0 
 6744  1 
 6745  0 
 6746  0 
 6747  0 
 6748  0 
 6749  1 
 6750  0 
 6751  1 
 6752  0 
 6753  0 
 6754  2 
 6755  1 
 6756  3 
 6757  0 
 6758  0 
 6759  1 
 6760  0 
 6761  1 
 6762  0 
 6763  1 
 6764  1 
 6765  1 
 6766  1 
 6767  0 
 6768  0 
 6769  2 
 6770  0 
 6771  0 
 6772  1 
 6773  0 
 6774  0 
 6775  0 
 6776  0 
 6777  0 
 6778  0 
 6779  1 
 6780  1 
 6781  1 
 6782  0 
 6783  1 
 6784  2 
 6785  0 
 6786  1 
 6787  1 
 6788  0 
 6789  2 
 6790  1 
 6791  4 
 6792  2 
 6793  0 
 6794  0 
 6795  1 
 6796  1 
 6797  0 
 6798  0 
 6799  1 
 6800  0 
 6801  1 
 6802  0 
 6803  1 
 6804  0 
 6805  0 
 6806  3 
 6807  2 
 6808  0 
 6809  0 
 6810  3 
 6811  0 
 6812  3 
 6813  1 
 6814  0 
 6815  0 
 6816  0 
 6817  0 
 6818  1 
 6819  1 
 6820  3 
 6821  0 
 6822  1 
 6823  0 
 6824  1 
 6825  1 
 6826  2 
 6827  2 
 6828  1 
 6829  0 
 6830  0 
 6831  1 
 6832  0 
 6833  2 
 6834  1 
 6835  2 
 6836  0 
 6837  1 
 6838  2 
 6839  0 
 6840  0 
 6841  0 
 6842  2 
 6843  1 
 6844  0 
 6845  0 
 6846  0 
 6847  3 
 6848  1 
 6849  0 
 6850  1 
 6851  1 
 6852  2 
 6853  0 
 6854  0 
 6855  0 
 6856  0 
 6857  1 
 6858  0 
 6859  1 
 6860  1 
 6861  1 
 6862  1 
 6863  1 
 6864  4 
 6865  0 
 6866  2 
 6867  1 
 6868  0 
 6869  2 
 6870  0 
 6871  1 
 6872  1 
 6873  1 
 6874  0 
 6875  0 
 6876  0 
 6877  0 
 6878  0 
 6879  1 
 6880  0 
 6881  1 
 6882  0 
 6883  1 
 6884  0 
 6885  1 
 6886  0 
 6887  0 
 6888  3 
 6889  1 
 6890  0 
 6891  0 
 6892  1 
 6893  0 
 6894  0 
 6895  0 
 6896  1 
 6897  0 
 6898  0 
 6899  0 
 6900  0 
 6901  0 
 6902  0 
 6903  2 
 6904  1 
 6905  0 
 6906  0 
 6907  1 
 6908  0 
 6909  0 
 6910  0 
 6911  0 
 6912  0 
 6913  0 
 6914  0 
 6915  0 
 6916  0 
 6917  0 
 6918  0 
 6919  0 
 6920  0 
 6921  1 
 6922  1 
 6923  0 
 6924  1 
 6925  0 
 6926  0 
 6927  0 
 6928  0 
 6929  0 
 6930  1 
 6931  1 
 6932  0 
 6933  0 
 6934  1 
 6935  0 
 6936  0 
 6937  0 
 6938  0 
 6939  0 
 6940  0 
 6941  0 
 6942  0 
 6943  0 
 6944  0 
 6945  0 
 6946  0 
 6947  0 
 6948  1 
 6949  1 
 6950  0 
 6951  1 
 6952  0 
 6953  0 
 6954  0 
 6955  0 
 6956  0 
 6957  0 
 6958  0 
 6959  0 
 6960  0 
 6961  1 
 6962  0 
 6963  1 
 6964  0 
 6965  0 
 6966  1 
 6967  1 
 6968  0 
 6969  0 
 6970  0 
 6971  0 
 6972  0 
 6973  0 
 6974  1 
 6975  0 
 6976  1 
 6977  0 
 6978  0 
 6979  1 
 6980  0 
 6981  0 
 6982  1 
 6983  0 
 6984  0 
 6985  0 
 6986  0 
 6987  0 
 6988  1 
 6989  0 
 6990  0 
 6991  0 
 6992  0 
 6993  0 
 6994  0 
 6995  0 
 6996  1 
 6997  0 
 6998  0 
 6999  0 
 7000  2 
 7001  0 
 7002  0 
 7003  0 
 7004  0 
 7005  1 
 7006  0 
 7007  0 
 7008  0 
 7009  1 
 7010  0 
 7011  1 
 7012  0 
 7013  0 
 7014  0 
 7015  0 
 7016  0 
 7017  0 
 7018  2 
 7019  0 
 7020  0 
 7021  1 
 7022  0 
 7023  0 
 7024  1 
 7025  0 
 7026  0 
 7027  0 
 7028  0 
 7029  0 
 7030  0 
 7031  1 
 7032  0 
 7033  0 
 7034  0 
 7035  2 
 7036  0 
 7037  0 
 7038  0 
 7039  0 
 7040  1 
 7041  0 
 7042  0 
 7043  0 
 7044  0 
 7045  0 
 7046  0 
 7047  0 
 7048  0 
 7049  0 
 7050  0 
 7051  0 
 7052  0 
 7053  0 
 7054  0 
 7055  0 
 7056  0 
 7057  0 
 7058  0 
 7059  0 
 7060  0 
 7061  0 
 7062  0 
 7063  0 
 7064  0 
 7065  1 
 7066  0 
 7067  0 
 7068  0 
 7069  0 
 7070  1 
 7071  1 
 7072  0 
 7073  0 
 7074  0 
 7075  0 
 7076  0 
 7077  0 
 7078  0 
 7079  0 
 7080  0 
 7081  0 
 7082  0 
 7083  0 
 7084  0 
 7085  0 
 7086  0 
 7087  0 
 7088  0 
 7089  0 
 7090  0 
 7091  0 
 7092  0 
 7093  0 
 7094  0 
 7095  0 
 7096  0 
 7097  0 
 7098  0 
 7099  0 
 7100  0 
 7101  0 
 7102  0 
 7103  0 
 7104  0 
 7105  0 
 7106  0 
 7107  0 
 7108  0 
 7109  0 
 7110  0 
 7111  0 
 7112  0 
 7113  0 
 7114  0 
 7115  0 
 7116  0 
 7117  0 
 7118  0 
 7119  0 
 7120  0 
 7121  0 
 7122  0 
 7123  0 
 7124  0 
 7125  0 
 7126  0 
 7127  0 
 7128  0 
 7129  0 
 7130  0 
 7131  0 
 7132  0 
 7133  0 
 7134  0 
 7135  0 
 7136  0 
 7137  0 
 7138  0 
 7139  0 
 7140  0 
 7141  0 
 7142  0 
 7143  0 
 7144  0 
 7145  0 
 7146  0 
 7147  0 
 7148  0 
 7149  0 
 7150  0 
 7151  0 
 7152  0 
 7153  0 
 7154  0 
 7155  0 
 7156  0 
 7157  0 
 7158  0 
 7159  0 
 7160  0 
 7161  0 
 7162  0 
 7163  0 
 7164  1 
 7165  0 
 7166  0 
 7167  0 
 7168  0 
 7169  0 
 7170  0 
 7171  0 
 7172  0 
 7173  0 
 7174  0 
 7175  0 
 7176  0 
 7177  0 
 7178  0 
 7179  0 
 7180  0 
 7181  0 
 7182  0 
 7183  0 
 7184  0 
 7185  0 
 7186  0 
 7187  0 
 7188  0 
 7189  0 
 7190  0 
 7191  0 
 7192  0 
 7193  0 
 7194  0 
 7195  0 
 7196  0 
 7197  0 
 7198  0 
 7199  0 
 7200  0 
 7201  0 
 7202  0 
 7203  0 
 7204  0 
 7205  0 
 7206  0 
 7207  0 
 7208  0 
 7209  0 
 7210  0 
 7211  0 
 7212  0 
 7213  0 
 7214  0 
 7215  0 
 7216  0 
 7217  0 
 7218  0 
 7219  0 
 7220  0 
 7221  0 
 7222  0 
 7223  0 
 7224  0 
 7225  0 
 7226  0 
 7227  0 
 7228  0 
 7229  0 
 7230  0 
 7231  0 
 7232  0 
 7233  0 
 7234  0 
 7235  0 
 7236  0 
 7237  0 
 7238  0 
 7239  0 
 7240  0 
 7241  0 
 7242  0 
 7243  0 
 7244  0 
 7245  0 
 7246  0 
 7247  0 
 7248  0 
 7249  0 
 7250  0 
 7251  0 
 7252  0 
 7253  0 
 7254  0 
 7255  0 
 7256  0 
 7257  0 
 7258  0 
 7259  1 
 7260  0 
 7261  0 
 7262  0 
 7263  0 
 7264  0 
 7265  0 
 7266  0 
 7267  0 
 7268  0 
 7269  0 
 7270  0 
 7271  0 
 7272  0 
 7273  0 
 7274  0 
 7275  0 
 7276  0 
 7277  0 
 7278  0 
 7279  0 
 7280  0 
 7281  0 
 7282  0 
 7283  0 
 7284  0 
 7285  0 
 7286  0 
 7287  0 
 7288  0 
 7289  0 
 7290  0 
 7291  0 
 7292  0 
 7293  0 
 7294  0 
 7295  0 
 7296  0 
 7297  0 
 7298  0 
 7299  0 
 7300  0 
 7301  0 
 7302  0 
 7303  0 
 7304  0 
 7305  0 
 7306  0 
 7307  0 
 7308  0 
 7309  0 
 7310  0 
 7311  0 
 7312  0 
 7313  0 
 7314  1 
 7315  0 
 7316  0 
 7317  0 
 7318  0 
 7319  0 
 7320  0 
 7321  0 
 7322  1 
 7323  0 
 7324  0 
 7325  0 
 7326  0 
 7327  0 
 7328  0 
 7329  0 
 7330  0 
 7331  0 
 7332  0 
 7333  0 
 7334  0 
 7335  0 
 7336  0 
 7337  0 
 7338  0 
 7339  0 
 7340  0 
 7341  0 
 7342  0 
 7343  0 
 7344  0 
 7345  0 
 7346  0 
 7347  0 
 7348  0 
 7349  0 
 7350  0 
 7351  0 
 7352  0 
 7353  0 
 7354  0 
 7355  0 
 7356  0 
 7357  0 
 7358  1 
 7359  1 
 7360  0 
 7361  0 
 7362  0 
 7363  1 
 7364  0 
 7365  0 
 7366  0 
 7367  0 
 7368  0 
 7369  0 
 7370  0 
 7371  0 
 7372  0 
 7373  0 
 7374  0 
 7375  1 
 7376  1 
 7377  0 
 7378  0 
 7379  0 
 7380  1 
 7381  0 
 7382  2 
 7383  0 
 7384  0 
 7385  0 
 7386  0 
 7387  0 
 7388  1 
 7389  0 
 7390  0 
 7391  0 
 7392  0 
 7393  0 
 7394  0 
 7395  1 
 7396  0 
 7397  0 
 7398  0 
 7399  2 
 7400  0 
 7401  0 
 7402  0 
 7403  1 
 7404  0 
 7405  0 
 7406  1 
 7407  0 
 7408  1 
 7409  0 
 7410  1 
 7411  0 
 7412  0 
 7413  0 
 7414  0 
 7415  0 
 7416  2 
 7417  0 
 7418  1 
 7419  0 
 7420  0 
 7421  0 
 7422  0 
 7423  0 
 7424  1 
 7425  0 
 7426  1 
 7427  1 
 7428  2 
 7429  1 
 7430  1 
 7431  0 
 7432  1 
 7433  2 
 7434  2 
 7435  2 
 7436  0 
 7437  0 
 7438  1 
 7439  0 
 7440  2 
 7441  0 
 7442  0 
 7443  0 
 7444  1 
 7445  1 
 7446  1 
 7447  0 
 7448  1 
 7449  0 
 7450  0 
 7451  1 
 7452  0 
 7453  1 
 7454  2 
 7455  1 
 7456  2 
 7457  1 
 7458  0 
 7459  1 
 7460  0 
 7461  0 
 7462  1 
 7463  2 
 7464  1 
 7465  0 
 7466  0 
 7467  1 
 7468  1 
 7469  2 
 7470  0 
 7471  1 
 7472  1 
 7473  1 
 7474  0 
 7475  0 
 7476  1 
 7477  0 
 7478  0 
 7479  0 
 7480  1 
 7481  1 
 7482  0 
 7483  0 
 7484  0 
 7485  1 
 7486  2 
 7487  2 
 7488  1 
 7489  0 
 7490  1 
 7491  0 
 7492  1 
 7493  1 
 7494  1 
 7495  0 
 7496  1 
 7497  2 
 7498  3 
 7499  3 
 7500  0 
 7501  2 
 7502  0 
 7503  0 
 7504  1 
 7505  0 
 7506  1 
 7507  0 
 7508  2 
 7509  1 
 7510  1 
 7511  2 
 7512  1 
 7513  1 
 7514  1 
 7515  0 
 7516  1 
 7517  0 
 7518  0 
 7519  0 
 7520  0 
 7521  0 
 7522  0 
 7523  0 
 7524  0 
 7525  0 
 7526  0 
 7527  2 
 7528  0 
 7529  0 
 7530  1 
 7531  0 
 7532  0 
 7533  0 
 7534  0 
 7535  0 
 7536  0 
 7537  0 
 7538  0 
 7539  0 
 7540  0 
 7541  0 
 7542  0 
 7543  1 
 7544  0 
 7545  1 
 7546  0 
 7547  0 
 7548  0 
 7549  2 
 7550  1 
 7551  0 
 7552  0 
 7553  0 
 7554  0 
 7555  0 
 7556  2 
 7557  0 
 7558  0 
 7559  0 
 7560  0 
 7561  0 
 7562  0 
 7563  0 
 7564  0 
 7565  0 
 7566  0 
 7567  0 
 7568  0 
 7569  0 
 7570  0 
 7571  0 
 7572  0 
 7573  1 
 7574  0 
 7575  0 
 7576  0 
 7577  0 
 7578  0 
 7579  0 
 7580  0 
 7581  0 
 7582  0 
 7583  0 
 7584  0 
 7585  0 
 7586  0 
 7587  0 
 7588  0 
 7589  0 
 7590  0 
 7591  0 
 7592  0 
 7593  0 
 7594  0 
 7595  0 
 7596  0 
 7597  0 
 7598  0 
 7599  0 
 7600  0 
 7601  0 
 7602  0 
 7603  0 
 7604  0 
 7605  0 
 7606  0 
 7607  0 
 7608  0 
 7609  0 
 7610  0 
 7611  0 
 7612  0 
 7613  0 
 7614  0 
 7615  0 
 7616  0 
 7617  0 
 7618  0 
 7619  0 
 7620  0 
 7621  0 
 7622  0 
 7623  0 
 7624  0 
 7625  0 
 7626  0 
 7627  0 
 7628  0 
 7629  0 
 7630  0 
 7631  0 
 7632  0 
 7633  0 
 7634  0 
 7635  0 
 7636  0 
 7637  0 
 7638  0 
 7639  0 
 7640  0 
 7641  0 
 7642  0 
 7643  0 
 7644  0 
 7645  0 
 7646  0 
 7647  0 
 7648  0 
 7649  0 
 7650  0 
 7651  0 
 7652  0 
 7653  0 
 7654  0 
 7655  0 
 7656  0 
 7657  0 
 7658  0 
 7659  0 
 7660  0 
 7661  0 
 7662  0 
 7663  0 
 7664  0 
 7665  0 
 7666  0 
 7667  0 
 7668  0 
 7669  0 
 7670  0 
 7671  0 
 7672  0 
 7673  0 
 7674  0 
 7675  0 
 7676  0 
 7677  0 
 7678  0 
 7679  0 
 7680  0 
 7681  0 
 7682  0 
 7683  0 
 7684  0 
 7685  0 
 7686  0 
 7687  0 
 7688  0 
 7689  0 
 7690  0 
 7691  0 
 7692  0 
 7693  0 
 7694  0 
 7695  0 
 7696  0 
 7697  0 
 7698  0 
 7699  0 
 7700  0 
 7701  0 
 7702  0 
 7703  0 
 7704  0 
 7705  0 
 7706  0 
 7707  0 
 7708  0 
 7709  0 
 7710  0 
 7711  0 
 7712  0 
 7713  0 
 7714  0 
 7715  0 
 7716  0 
 7717  0 
 7718  0 
 7719  0 
 7720  0 
 7721  0 
 7722  0 
 7723  0 
 7724  0 
 7725  0 
 7726  0 
 7727  0 
 7728  0 
 7729  0 
 7730  0 
 7731  0 
 7732  0 
 7733  0 
 7734  0 
 7735  0 
 7736  0 
 7737  0 
 7738  0 
 7739  0 
 7740  0 
 7741  0 
 7742  0 
 7743  0 
 7744  0 
 7745  0 
 7746  0 
 7747  0 
 7748  0 
 7749  0 
 7750  0 
 7751  0 
 7752  0 
 7753  0 
 7754  0 
 7755  0 
 7756  0 
 7757  0 
 7758  0 
 7759  0 
 7760  0 
 7761  0 
 7762  0 
 7763  0 
 7764  0 
 7765  0 
 7766  0 
 7767  0 
 7768  0 
 7769  0 
 7770  0 
 7771  0 
 7772  0 
 7773  0 
 7774  0 
 7775  0 
 7776  0 
 7777  0 
 7778  0 
 7779  0 
 7780  0 
 7781  0 
 7782  0 
 7783  0 
 7784  0 
 7785  0 
 7786  0 
 7787  0 
 7788  0 
 7789  0 
 7790  0 
 7791  0 
 7792  0 
 7793  0 
 7794  0 
 7795  0 
 7796  0 
 7797  0 
 7798  0 
 7799  0 
 7800  0 
 7801  0 
 7802  0 
 7803  0 
 7804  0 
 7805  0 
 7806  0 
 7807  0 
 7808  0 
 7809  0 
 7810  0 
 7811  0 
 7812  0 
 7813  0 
 7814  0 
 7815  0 
 7816  0 
 7817  0 
 7818  0 
 7819  0 
 7820  0 
 7821  0 
 7822  0 
 7823  0 
 7824  0 
 7825  0 
 7826  0 
 7827  0 
 7828  0 
 7829  0 
 7830  0 
 7831  0 
 7832  0 
 7833  0 
 7834  0 
 7835  0 
 7836  0 
 7837  0 
 7838  0 
 7839  0 
 7840  0 
 7841  0 
 7842  0 
 7843  0 
 7844  0 
 7845  0 
 7846  0 
 7847  0 
 7848  0 
 7849  0 
 7850  0 
 7851  0 
 7852  0 
 7853  0 
 7854  0 
 7855  0 
 7856  0 
 7857  0 
 7858  0 
 7859  0 
 7860  0 
 7861  0 
 7862  0 
 7863  0 
 7864  0 
 7865  0 
 7866  0 
 7867  0 
 7868  0 
 7869  0 
 7870  0 
 7871  0 
 7872  0 
 7873  0 
 7874  0 
 7875  0 
 7876  0 
 7877  0 
 7878  0 
 7879  0 
 7880  0 
 7881  0 
 7882  0 
 7883  0 
 7884  0 
 7885  0 
 7886  0 
 7887  0 
 7888  0 
 7889  0 
 7890  0 
 7891  0 
 7892  0 
 7893  0 
 7894  0 
 7895  0 
 7896  0 
 7897  0 
 7898  0 
 7899  0 
 7900  0 
 7901  0 
 7902  0 
 7903  1 
 7904  0 
 7905  0 
 7906  0 
 7907  0 
 7908  0 
 7909  0 
 7910  0 
 7911  0 
 7912  0 
 7913  0 
 7914  0 
 7915  0 
 7916  0 
 7917  0 
 7918  0 
 7919  0 
 7920  0 
 7921  0 
 7922  0 
 7923  0 
 7924  0 
 7925  0 
 7926  0 
 7927  0 
 7928  0 
 7929  0 
 7930  0 
 7931  0 
 7932  0 
 7933  0 
 7934  0 
 7935  0 
 7936  0 
 7937  0 
 7938  0 
 7939  0 
 7940  0 
 7941  0 
 7942  0 
 7943  0 
 7944  0 
 7945  0 
 7946  0 
 7947  0 
 7948  0 
 7949  0 
 7950  0 
 7951  0 
 7952  0 
 7953  0 
 7954  0 
 7955  0 
 7956  0 
 7957  0 
 7958  0 
 7959  0 
 7960  0 
 7961  0 
 7962  0 
 7963  0 
 7964  0 
 7965  0 
 7966  0 
 7967  0 
 7968  0 
 7969  0 
 7970  0 
 7971  0 
 7972  0 
 7973  0 
 7974  0 
 7975  0 
 7976  0 
 7977  0 
 7978  0 
 7979  0 
 7980  0 
 7981  0 
 7982  0 
 7983  0 
 7984  0 
 7985  0 
 7986  0 
 7987  0 
 7988  0 
 7989  0 
 7990  0 
 7991  0 
 7992  0 
 7993  0 
 7994  0 
 7995  0 
 7996  0 
 7997  0 
 7998  0 
 7999  0 
 8000  0 
 8001  0 
 8002  0 
 8003  0 
 8004  0 
 8005  0 
 8006  0 
 8007  0 
 8008  0 
 8009  0 
 8010  0 
 8011  0 
 8012  0 
 8013  0 
 8014  0 
 8015  0 
 8016  0 
 8017  0 
 8018  0 
 8019  0 
 8020  0 
 8021  0 
 8022  0 
 8023  0 
 8024  0 
 8025  0 
 8026  0 
 8027  0 
 8028  0 
 8029  0 
 8030  0 
 8031  0 
 8032  0 
 8033  0 
 8034  0 
 8035  0 
 8036  0 
 8037  0 
 8038  0 
 8039  0 
 8040  0 
 8041  0 
 8042  0 
 8043  0 
 8044  0 
 8045  0 
 8046  0 
 8047  0 
 8048  0 
 8049  0 
 8050  0 
 8051  0 
 8052  0 
 8053  0 
 8054  0 
 8055  0 
 8056  0 
 8057  0 
 8058  0 
 8059  0 
 8060  0 
 8061  0 
 8062  0 
 8063  0 
 8064  0 
 8065  0 
 8066  0 
 8067  0 
 8068  0 
 8069  0 
 8070  0 
 8071  0 
 8072  0 
 8073  0 
 8074  0 
 8075  0 
 8076  0 
 8077  0 
 8078  0 
 8079  0 
 8080  0 
 8081  0 
 8082  0 
 8083  0 
 8084  0 
 8085  0 
 8086  0 
 8087  0 
 8088  0 
 8089  0 
 8090  0 
 8091  0 
 8092  0 
 8093  0 
 8094  0 
 8095  0 
 8096  0 
 8097  0 
 8098  0 
 8099  0 
 8100  0 
 8101  0 
 8102  0 
 8103  0 
 8104  0 
 8105  0 
 8106  0 
 8107  0 
 8108  0 
 8109  0 
 8110  0 
 8111  0 
 8112  0 
 8113  0 
 8114  0 
 8115  0 
 8116  0 
 8117  0 
 8118  0 
 8119  0 
 8120  0 
 8121  0 
 8122  0 
 8123  0 
 8124  0 
 8125  0 
 8126  0 
 8127  0 
 8128  0 
 8129  0 
 8130  0 
 8131  0 
 8132  0 
 8133  0 
 8134  0 
 8135  0 
 8136  0 
 8137  0 
 8138  0 
 8139  0 
 8140  0 
 8141  0 
 8142  0 
 8143  0 
 8144  0 
 8145  0 
 8146  0 
 8147  0 
 8148  0 
 8149  0 
 8150  0 
 8151  0 
 8152  0 
 8153  0 
 8154  0 
 8155  0 
 8156  0 
 8157  0 
 8158  0 
 8159  0 
 8160  0 
 8161  0 
 8162  0 
 8163  0 
 8164  0 
 8165  0 
 8166  0 
 8167  0 
 8168  0 
 8169  0 
 8170  0 
 8171  0 
 8172  0 
 8173  0 
 8174  0 
 8175  0 
 8176  0 
 8177  0 
 8178  0 
 8179  0 
 8180  0 
 8181  0 
 8182  0 
 8183  0 
 8184  0 
 8185  0 
 8186  0 
 8187  0 
 8188  0 
 8189  0 
 8190  0 
 8191  0 
