 0  924 
 1  935 
 2  0 
 3  0 
 4  0 
 5  0 
 6  0 
 7  0 
 8  0 
 9  0 
 10  0 
 11  0 
 12  0 
 13  0 
 14  0 
 15  0 
 16  0 
 17  0 
 18  0 
 19  0 
 20  0 
 21  0 
 22  0 
 23  0 
 24  0 
 25  0 
 26  0 
 27  0 
 28  0 
 29  0 
 30  0 
 31  0 
 32  0 
 33  0 
 34  0 
 35  0 
 36  0 
 37  0 
 38  0 
 39  0 
 40  0 
 41  0 
 42  0 
 43  0 
 44  0 
 45  0 
 46  0 
 47  0 
 48  0 
 49  0 
 50  0 
 51  0 
 52  0 
 53  0 
 54  0 
 55  0 
 56  0 
 57  0 
 58  0 
 59  0 
 60  0 
 61  0 
 62  0 
 63  0 
 64  0 
 65  0 
 66  0 
 67  0 
 68  0 
 69  0 
 70  0 
 71  0 
 72  0 
 73  0 
 74  0 
 75  0 
 76  0 
 77  0 
 78  0 
 79  0 
 80  0 
 81  0 
 82  0 
 83  0 
 84  0 
 85  0 
 86  0 
 87  0 
 88  0 
 89  0 
 90  0 
 91  0 
 92  0 
 93  0 
 94  0 
 95  0 
 96  0 
 97  0 
 98  0 
 99  0 
 100  0 
 101  0 
 102  0 
 103  0 
 104  0 
 105  0 
 106  0 
 107  0 
 108  0 
 109  0 
 110  0 
 111  0 
 112  0 
 113  0 
 114  0 
 115  0 
 116  0 
 117  0 
 118  0 
 119  0 
 120  0 
 121  0 
 122  0 
 123  0 
 124  0 
 125  0 
 126  0 
 127  0 
 128  0 
 129  0 
 130  0 
 131  0 
 132  0 
 133  0 
 134  0 
 135  0 
 136  0 
 137  0 
 138  0 
 139  0 
 140  0 
 141  0 
 142  0 
 143  0 
 144  0 
 145  0 
 146  0 
 147  0 
 148  0 
 149  0 
 150  0 
 151  0 
 152  0 
 153  0 
 154  0 
 155  0 
 156  0 
 157  0 
 158  0 
 159  0 
 160  0 
 161  0 
 162  0 
 163  0 
 164  0 
 165  0 
 166  0 
 167  0 
 168  0 
 169  0 
 170  0 
 171  0 
 172  0 
 173  0 
 174  0 
 175  0 
 176  0 
 177  0 
 178  0 
 179  0 
 180  0 
 181  0 
 182  0 
 183  0 
 184  0 
 185  0 
 186  0 
 187  0 
 188  0 
 189  0 
 190  0 
 191  0 
 192  0 
 193  0 
 194  0 
 195  0 
 196  0 
 197  0 
 198  0 
 199  0 
 200  0 
 201  0 
 202  0 
 203  0 
 204  0 
 205  0 
 206  0 
 207  0 
 208  0 
 209  0 
 210  0 
 211  0 
 212  0 
 213  0 
 214  0 
 215  0 
 216  0 
 217  0 
 218  0 
 219  0 
 220  0 
 221  0 
 222  0 
 223  0 
 224  0 
 225  0 
 226  0 
 227  0 
 228  0 
 229  0 
 230  0 
 231  0 
 232  0 
 233  0 
 234  0 
 235  0 
 236  0 
 237  0 
 238  0 
 239  0 
 240  0 
 241  0 
 242  0 
 243  0 
 244  0 
 245  0 
 246  0 
 247  0 
 248  1 
 249  0 
 250  1 
 251  0 
 252  123 
 253  190 
 254  197 
 255  178 
 256  165 
 257  204 
 258  160 
 259  150 
 260  158 
 261  169 
 262  155 
 263  148 
 264  168 
 265  169 
 266  132 
 267  149 
 268  156 
 269  130 
 270  126 
 271  154 
 272  162 
 273  138 
 274  121 
 275  141 
 276  131 
 277  127 
 278  128 
 279  114 
 280  112 
 281  126 
 282  110 
 283  132 
 284  116 
 285  120 
 286  96 
 287  121 
 288  123 
 289  129 
 290  129 
 291  113 
 292  104 
 293  126 
 294  113 
 295  110 
 296  85 
 297  86 
 298  118 
 299  108 
 300  89 
 301  107 
 302  101 
 303  97 
 304  108 
 305  89 
 306  84 
 307  105 
 308  102 
 309  77 
 310  108 
 311  100 
 312  86 
 313  106 
 314  103 
 315  101 
 316  117 
 317  106 
 318  110 
 319  89 
 320  95 
 321  93 
 322  92 
 323  105 
 324  94 
 325  103 
 326  101 
 327  104 
 328  95 
 329  90 
 330  104 
 331  82 
 332  83 
 333  82 
 334  112 
 335  98 
 336  101 
 337  81 
 338  80 
 339  100 
 340  96 
 341  104 
 342  102 
 343  95 
 344  83 
 345  80 
 346  95 
 347  89 
 348  83 
 349  92 
 350  67 
 351  96 
 352  94 
 353  91 
 354  83 
 355  82 
 356  93 
 357  99 
 358  103 
 359  81 
 360  78 
 361  83 
 362  88 
 363  85 
 364  73 
 365  100 
 366  79 
 367  86 
 368  87 
 369  87 
 370  84 
 371  99 
 372  90 
 373  85 
 374  100 
 375  91 
 376  91 
 377  117 
 378  89 
 379  103 
 380  78 
 381  89 
 382  88 
 383  85 
 384  70 
 385  80 
 386  82 
 387  91 
 388  84 
 389  110 
 390  83 
 391  97 
 392  97 
 393  87 
 394  100 
 395  75 
 396  91 
 397  87 
 398  92 
 399  96 
 400  100 
 401  88 
 402  93 
 403  94 
 404  102 
 405  81 
 406  95 
 407  104 
 408  96 
 409  96 
 410  98 
 411  96 
 412  92 
 413  96 
 414  93 
 415  89 
 416  102 
 417  109 
 418  123 
 419  105 
 420  107 
 421  109 
 422  107 
 423  114 
 424  110 
 425  106 
 426  106 
 427  104 
 428  88 
 429  119 
 430  106 
 431  110 
 432  123 
 433  129 
 434  120 
 435  128 
 436  116 
 437  142 
 438  134 
 439  128 
 440  155 
 441  139 
 442  111 
 443  136 
 444  122 
 445  137 
 446  140 
 447  139 
 448  171 
 449  159 
 450  190 
 451  152 
 452  146 
 453  196 
 454  166 
 455  159 
 456  152 
 457  189 
 458  186 
 459  186 
 460  170 
 461  205 
 462  196 
 463  226 
 464  212 
 465  242 
 466  238 
 467  237 
 468  223 
 469  265 
 470  255 
 471  261 
 472  262 
 473  294 
 474  285 
 475  272 
 476  285 
 477  275 
 478  272 
 479  307 
 480  313 
 481  341 
 482  328 
 483  319 
 484  334 
 485  317 
 486  394 
 487  381 
 488  354 
 489  372 
 490  335 
 491  404 
 492  389 
 493  422 
 494  444 
 495  372 
 496  432 
 497  414 
 498  442 
 499  444 
 500  443 
 501  450 
 502  433 
 503  450 
 504  463 
 505  480 
 506  493 
 507  470 
 508  454 
 509  450 
 510  476 
 511  413 
 512  448 
 513  475 
 514  448 
 515  465 
 516  461 
 517  466 
 518  429 
 519  444 
 520  439 
 521  441 
 522  410 
 523  396 
 524  417 
 525  400 
 526  390 
 527  386 
 528  393 
 529  404 
 530  343 
 531  399 
 532  354 
 533  317 
 534  337 
 535  331 
 536  307 
 537  310 
 538  305 
 539  296 
 540  282 
 541  281 
 542  265 
 543  294 
 544  256 
 545  214 
 546  223 
 547  204 
 548  202 
 549  205 
 550  198 
 551  167 
 552  183 
 553  164 
 554  162 
 555  194 
 556  172 
 557  141 
 558  157 
 559  115 
 560  138 
 561  128 
 562  120 
 563  103 
 564  106 
 565  124 
 566  98 
 567  113 
 568  98 
 569  92 
 570  99 
 571  94 
 572  82 
 573  75 
 574  78 
 575  72 
 576  65 
 577  76 
 578  78 
 579  79 
 580  82 
 581  88 
 582  85 
 583  70 
 584  64 
 585  55 
 586  77 
 587  68 
 588  65 
 589  70 
 590  70 
 591  56 
 592  50 
 593  54 
 594  68 
 595  63 
 596  63 
 597  50 
 598  53 
 599  49 
 600  65 
 601  58 
 602  65 
 603  52 
 604  50 
 605  49 
 606  55 
 607  56 
 608  62 
 609  43 
 610  54 
 611  53 
 612  54 
 613  58 
 614  48 
 615  51 
 616  52 
 617  55 
 618  65 
 619  49 
 620  43 
 621  46 
 622  61 
 623  56 
 624  58 
 625  51 
 626  44 
 627  58 
 628  55 
 629  48 
 630  64 
 631  54 
 632  42 
 633  51 
 634  67 
 635  61 
 636  55 
 637  55 
 638  53 
 639  47 
 640  56 
 641  58 
 642  54 
 643  50 
 644  57 
 645  54 
 646  57 
 647  55 
 648  42 
 649  47 
 650  41 
 651  55 
 652  44 
 653  54 
 654  53 
 655  39 
 656  53 
 657  52 
 658  51 
 659  43 
 660  46 
 661  50 
 662  43 
 663  34 
 664  48 
 665  54 
 666  56 
 667  60 
 668  51 
 669  60 
 670  39 
 671  57 
 672  38 
 673  60 
 674  49 
 675  47 
 676  52 
 677  50 
 678  48 
 679  53 
 680  43 
 681  42 
 682  51 
 683  47 
 684  42 
 685  53 
 686  41 
 687  53 
 688  45 
 689  47 
 690  52 
 691  45 
 692  44 
 693  52 
 694  45 
 695  40 
 696  48 
 697  46 
 698  39 
 699  53 
 700  52 
 701  49 
 702  43 
 703  39 
 704  33 
 705  31 
 706  40 
 707  39 
 708  49 
 709  56 
 710  51 
 711  31 
 712  48 
 713  38 
 714  42 
 715  41 
 716  40 
 717  37 
 718  55 
 719  41 
 720  54 
 721  41 
 722  34 
 723  52 
 724  32 
 725  38 
 726  40 
 727  40 
 728  52 
 729  57 
 730  50 
 731  34 
 732  38 
 733  39 
 734  39 
 735  43 
 736  55 
 737  56 
 738  53 
 739  38 
 740  48 
 741  43 
 742  36 
 743  41 
 744  37 
 745  43 
 746  43 
 747  43 
 748  37 
 749  41 
 750  43 
 751  55 
 752  45 
 753  35 
 754  39 
 755  41 
 756  38 
 757  24 
 758  43 
 759  52 
 760  38 
 761  42 
 762  52 
 763  59 
 764  45 
 765  46 
 766  42 
 767  40 
 768  39 
 769  41 
 770  26 
 771  36 
 772  32 
 773  41 
 774  36 
 775  42 
 776  42 
 777  40 
 778  46 
 779  36 
 780  48 
 781  39 
 782  32 
 783  29 
 784  37 
 785  35 
 786  52 
 787  40 
 788  46 
 789  52 
 790  45 
 791  45 
 792  41 
 793  31 
 794  39 
 795  45 
 796  42 
 797  37 
 798  38 
 799  42 
 800  41 
 801  37 
 802  40 
 803  47 
 804  44 
 805  39 
 806  51 
 807  32 
 808  39 
 809  43 
 810  30 
 811  46 
 812  34 
 813  41 
 814  38 
 815  36 
 816  33 
 817  41 
 818  39 
 819  39 
 820  39 
 821  46 
 822  43 
 823  34 
 824  35 
 825  35 
 826  37 
 827  48 
 828  49 
 829  43 
 830  36 
 831  43 
 832  24 
 833  43 
 834  40 
 835  33 
 836  39 
 837  47 
 838  41 
 839  38 
 840  26 
 841  49 
 842  40 
 843  48 
 844  31 
 845  33 
 846  30 
 847  33 
 848  33 
 849  40 
 850  27 
 851  32 
 852  43 
 853  44 
 854  42 
 855  40 
 856  37 
 857  36 
 858  31 
 859  44 
 860  42 
 861  43 
 862  28 
 863  38 
 864  39 
 865  40 
 866  47 
 867  51 
 868  33 
 869  33 
 870  31 
 871  30 
 872  31 
 873  29 
 874  31 
 875  35 
 876  32 
 877  42 
 878  32 
 879  36 
 880  49 
 881  40 
 882  37 
 883  45 
 884  40 
 885  53 
 886  36 
 887  38 
 888  44 
 889  45 
 890  39 
 891  56 
 892  39 
 893  40 
 894  49 
 895  45 
 896  33 
 897  41 
 898  55 
 899  37 
 900  37 
 901  44 
 902  38 
 903  36 
 904  34 
 905  33 
 906  30 
 907  38 
 908  30 
 909  40 
 910  46 
 911  25 
 912  33 
 913  50 
 914  42 
 915  43 
 916  23 
 917  38 
 918  49 
 919  48 
 920  33 
 921  40 
 922  39 
 923  39 
 924  27 
 925  32 
 926  41 
 927  37 
 928  37 
 929  35 
 930  52 
 931  45 
 932  35 
 933  33 
 934  39 
 935  29 
 936  33 
 937  31 
 938  41 
 939  34 
 940  38 
 941  31 
 942  33 
 943  33 
 944  28 
 945  38 
 946  42 
 947  36 
 948  22 
 949  28 
 950  33 
 951  33 
 952  28 
 953  30 
 954  33 
 955  41 
 956  41 
 957  41 
 958  39 
 959  44 
 960  32 
 961  31 
 962  36 
 963  38 
 964  36 
 965  35 
 966  45 
 967  27 
 968  29 
 969  32 
 970  46 
 971  33 
 972  37 
 973  31 
 974  36 
 975  26 
 976  20 
 977  32 
 978  40 
 979  35 
 980  30 
 981  37 
 982  40 
 983  35 
 984  34 
 985  29 
 986  26 
 987  29 
 988  31 
 989  28 
 990  40 
 991  35 
 992  35 
 993  32 
 994  32 
 995  27 
 996  38 
 997  33 
 998  26 
 999  44 
 1000  32 
 1001  26 
 1002  34 
 1003  43 
 1004  34 
 1005  42 
 1006  26 
 1007  37 
 1008  29 
 1009  35 
 1010  40 
 1011  29 
 1012  37 
 1013  38 
 1014  42 
 1015  32 
 1016  36 
 1017  26 
 1018  35 
 1019  35 
 1020  29 
 1021  31 
 1022  32 
 1023  46 
 1024  35 
 1025  32 
 1026  30 
 1027  38 
 1028  40 
 1029  32 
 1030  31 
 1031  40 
 1032  31 
 1033  38 
 1034  26 
 1035  35 
 1036  32 
 1037  28 
 1038  35 
 1039  25 
 1040  32 
 1041  41 
 1042  32 
 1043  26 
 1044  34 
 1045  33 
 1046  34 
 1047  39 
 1048  38 
 1049  24 
 1050  29 
 1051  34 
 1052  30 
 1053  28 
 1054  40 
 1055  32 
 1056  30 
 1057  40 
 1058  33 
 1059  35 
 1060  36 
 1061  28 
 1062  38 
 1063  35 
 1064  25 
 1065  40 
 1066  50 
 1067  38 
 1068  44 
 1069  34 
 1070  37 
 1071  40 
 1072  37 
 1073  34 
 1074  30 
 1075  31 
 1076  33 
 1077  36 
 1078  34 
 1079  45 
 1080  39 
 1081  23 
 1082  40 
 1083  30 
 1084  34 
 1085  37 
 1086  31 
 1087  36 
 1088  33 
 1089  39 
 1090  25 
 1091  25 
 1092  38 
 1093  47 
 1094  35 
 1095  38 
 1096  32 
 1097  35 
 1098  31 
 1099  38 
 1100  28 
 1101  34 
 1102  25 
 1103  16 
 1104  30 
 1105  22 
 1106  31 
 1107  40 
 1108  37 
 1109  40 
 1110  30 
 1111  43 
 1112  28 
 1113  35 
 1114  26 
 1115  35 
 1116  35 
 1117  34 
 1118  27 
 1119  28 
 1120  38 
 1121  35 
 1122  43 
 1123  34 
 1124  37 
 1125  28 
 1126  33 
 1127  29 
 1128  30 
 1129  33 
 1130  23 
 1131  28 
 1132  30 
 1133  33 
 1134  32 
 1135  38 
 1136  42 
 1137  30 
 1138  30 
 1139  32 
 1140  27 
 1141  37 
 1142  30 
 1143  36 
 1144  33 
 1145  26 
 1146  38 
 1147  24 
 1148  23 
 1149  35 
 1150  22 
 1151  35 
 1152  34 
 1153  29 
 1154  27 
 1155  32 
 1156  32 
 1157  37 
 1158  23 
 1159  29 
 1160  32 
 1161  20 
 1162  40 
 1163  23 
 1164  34 
 1165  31 
 1166  30 
 1167  34 
 1168  35 
 1169  21 
 1170  28 
 1171  40 
 1172  35 
 1173  35 
 1174  34 
 1175  21 
 1176  28 
 1177  30 
 1178  26 
 1179  30 
 1180  32 
 1181  29 
 1182  36 
 1183  21 
 1184  18 
 1185  30 
 1186  24 
 1187  31 
 1188  31 
 1189  23 
 1190  41 
 1191  23 
 1192  29 
 1193  29 
 1194  20 
 1195  19 
 1196  37 
 1197  30 
 1198  28 
 1199  23 
 1200  38 
 1201  26 
 1202  29 
 1203  25 
 1204  34 
 1205  29 
 1206  31 
 1207  37 
 1208  25 
 1209  25 
 1210  36 
 1211  31 
 1212  34 
 1213  29 
 1214  27 
 1215  20 
 1216  46 
 1217  28 
 1218  28 
 1219  41 
 1220  28 
 1221  25 
 1222  25 
 1223  23 
 1224  29 
 1225  27 
 1226  29 
 1227  30 
 1228  36 
 1229  25 
 1230  38 
 1231  34 
 1232  28 
 1233  30 
 1234  26 
 1235  33 
 1236  36 
 1237  29 
 1238  33 
 1239  34 
 1240  24 
 1241  25 
 1242  36 
 1243  32 
 1244  32 
 1245  25 
 1246  31 
 1247  35 
 1248  39 
 1249  32 
 1250  24 
 1251  34 
 1252  27 
 1253  41 
 1254  24 
 1255  35 
 1256  18 
 1257  28 
 1258  34 
 1259  30 
 1260  25 
 1261  17 
 1262  31 
 1263  31 
 1264  31 
 1265  28 
 1266  25 
 1267  32 
 1268  26 
 1269  32 
 1270  26 
 1271  31 
 1272  26 
 1273  20 
 1274  36 
 1275  21 
 1276  25 
 1277  25 
 1278  21 
 1279  32 
 1280  31 
 1281  28 
 1282  27 
 1283  38 
 1284  24 
 1285  25 
 1286  34 
 1287  35 
 1288  31 
 1289  36 
 1290  29 
 1291  24 
 1292  27 
 1293  34 
 1294  27 
 1295  27 
 1296  31 
 1297  34 
 1298  34 
 1299  33 
 1300  36 
 1301  25 
 1302  32 
 1303  29 
 1304  26 
 1305  31 
 1306  36 
 1307  30 
 1308  37 
 1309  33 
 1310  23 
 1311  34 
 1312  37 
 1313  25 
 1314  32 
 1315  33 
 1316  21 
 1317  27 
 1318  27 
 1319  33 
 1320  33 
 1321  23 
 1322  27 
 1323  33 
 1324  33 
 1325  23 
 1326  25 
 1327  32 
 1328  35 
 1329  34 
 1330  34 
 1331  26 
 1332  35 
 1333  26 
 1334  41 
 1335  26 
 1336  26 
 1337  31 
 1338  30 
 1339  24 
 1340  29 
 1341  34 
 1342  25 
 1343  29 
 1344  19 
 1345  27 
 1346  30 
 1347  30 
 1348  26 
 1349  34 
 1350  24 
 1351  33 
 1352  31 
 1353  29 
 1354  38 
 1355  34 
 1356  23 
 1357  35 
 1358  23 
 1359  26 
 1360  23 
 1361  35 
 1362  16 
 1363  32 
 1364  37 
 1365  30 
 1366  25 
 1367  27 
 1368  19 
 1369  25 
 1370  30 
 1371  31 
 1372  18 
 1373  24 
 1374  29 
 1375  28 
 1376  27 
 1377  26 
 1378  30 
 1379  26 
 1380  27 
 1381  32 
 1382  28 
 1383  25 
 1384  28 
 1385  41 
 1386  36 
 1387  21 
 1388  31 
 1389  26 
 1390  34 
 1391  26 
 1392  23 
 1393  33 
 1394  29 
 1395  20 
 1396  24 
 1397  32 
 1398  22 
 1399  30 
 1400  30 
 1401  17 
 1402  32 
 1403  29 
 1404  30 
 1405  30 
 1406  34 
 1407  13 
 1408  30 
 1409  25 
 1410  28 
 1411  22 
 1412  21 
 1413  21 
 1414  24 
 1415  23 
 1416  24 
 1417  31 
 1418  30 
 1419  24 
 1420  26 
 1421  29 
 1422  26 
 1423  29 
 1424  20 
 1425  39 
 1426  24 
 1427  26 
 1428  30 
 1429  24 
 1430  29 
 1431  32 
 1432  17 
 1433  23 
 1434  25 
 1435  30 
 1436  23 
 1437  25 
 1438  25 
 1439  17 
 1440  25 
 1441  21 
 1442  24 
 1443  25 
 1444  34 
 1445  34 
 1446  29 
 1447  25 
 1448  26 
 1449  23 
 1450  29 
 1451  17 
 1452  31 
 1453  13 
 1454  27 
 1455  27 
 1456  13 
 1457  29 
 1458  30 
 1459  29 
 1460  34 
 1461  26 
 1462  29 
 1463  24 
 1464  15 
 1465  29 
 1466  26 
 1467  24 
 1468  23 
 1469  15 
 1470  15 
 1471  27 
 1472  23 
 1473  28 
 1474  24 
 1475  25 
 1476  24 
 1477  23 
 1478  21 
 1479  21 
 1480  28 
 1481  29 
 1482  26 
 1483  29 
 1484  28 
 1485  24 
 1486  26 
 1487  37 
 1488  21 
 1489  26 
 1490  24 
 1491  20 
 1492  35 
 1493  29 
 1494  31 
 1495  22 
 1496  30 
 1497  28 
 1498  31 
 1499  30 
 1500  21 
 1501  22 
 1502  22 
 1503  28 
 1504  25 
 1505  24 
 1506  23 
 1507  25 
 1508  25 
 1509  38 
 1510  20 
 1511  26 
 1512  32 
 1513  22 
 1514  29 
 1515  25 
 1516  26 
 1517  20 
 1518  22 
 1519  24 
 1520  29 
 1521  22 
 1522  28 
 1523  29 
 1524  20 
 1525  27 
 1526  28 
 1527  18 
 1528  29 
 1529  27 
 1530  27 
 1531  29 
 1532  24 
 1533  26 
 1534  23 
 1535  24 
 1536  34 
 1537  27 
 1538  21 
 1539  24 
 1540  30 
 1541  25 
 1542  23 
 1543  25 
 1544  20 
 1545  29 
 1546  33 
 1547  21 
 1548  21 
 1549  23 
 1550  16 
 1551  26 
 1552  18 
 1553  19 
 1554  23 
 1555  38 
 1556  29 
 1557  26 
 1558  27 
 1559  26 
 1560  22 
 1561  31 
 1562  24 
 1563  16 
 1564  31 
 1565  25 
 1566  29 
 1567  18 
 1568  23 
 1569  27 
 1570  21 
 1571  22 
 1572  21 
 1573  32 
 1574  26 
 1575  27 
 1576  18 
 1577  26 
 1578  19 
 1579  24 
 1580  30 
 1581  20 
 1582  17 
 1583  25 
 1584  17 
 1585  25 
 1586  26 
 1587  32 
 1588  27 
 1589  26 
 1590  16 
 1591  21 
 1592  25 
 1593  19 
 1594  23 
 1595  19 
 1596  15 
 1597  18 
 1598  20 
 1599  21 
 1600  16 
 1601  23 
 1602  34 
 1603  21 
 1604  33 
 1605  16 
 1606  24 
 1607  28 
 1608  25 
 1609  31 
 1610  19 
 1611  19 
 1612  32 
 1613  26 
 1614  28 
 1615  26 
 1616  26 
 1617  30 
 1618  14 
 1619  24 
 1620  21 
 1621  36 
 1622  32 
 1623  24 
 1624  21 
 1625  15 
 1626  30 
 1627  26 
 1628  21 
 1629  28 
 1630  25 
 1631  21 
 1632  28 
 1633  24 
 1634  20 
 1635  25 
 1636  31 
 1637  23 
 1638  17 
 1639  27 
 1640  24 
 1641  17 
 1642  26 
 1643  19 
 1644  32 
 1645  31 
 1646  26 
 1647  22 
 1648  17 
 1649  23 
 1650  28 
 1651  28 
 1652  21 
 1653  33 
 1654  29 
 1655  26 
 1656  25 
 1657  27 
 1658  28 
 1659  29 
 1660  22 
 1661  23 
 1662  28 
 1663  18 
 1664  22 
 1665  25 
 1666  24 
 1667  26 
 1668  25 
 1669  22 
 1670  23 
 1671  22 
 1672  17 
 1673  21 
 1674  25 
 1675  19 
 1676  19 
 1677  29 
 1678  22 
 1679  19 
 1680  28 
 1681  19 
 1682  17 
 1683  30 
 1684  40 
 1685  30 
 1686  20 
 1687  27 
 1688  26 
 1689  23 
 1690  20 
 1691  28 
 1692  30 
 1693  22 
 1694  24 
 1695  18 
 1696  23 
 1697  23 
 1698  16 
 1699  24 
 1700  25 
 1701  21 
 1702  25 
 1703  28 
 1704  20 
 1705  23 
 1706  25 
 1707  16 
 1708  25 
 1709  24 
 1710  13 
 1711  26 
 1712  25 
 1713  22 
 1714  20 
 1715  18 
 1716  19 
 1717  21 
 1718  15 
 1719  22 
 1720  39 
 1721  23 
 1722  17 
 1723  25 
 1724  23 
 1725  24 
 1726  20 
 1727  21 
 1728  27 
 1729  22 
 1730  19 
 1731  13 
 1732  18 
 1733  22 
 1734  21 
 1735  20 
 1736  19 
 1737  30 
 1738  24 
 1739  23 
 1740  18 
 1741  22 
 1742  20 
 1743  25 
 1744  22 
 1745  20 
 1746  26 
 1747  25 
 1748  19 
 1749  17 
 1750  14 
 1751  25 
 1752  16 
 1753  27 
 1754  19 
 1755  23 
 1756  29 
 1757  17 
 1758  22 
 1759  24 
 1760  15 
 1761  25 
 1762  22 
 1763  21 
 1764  17 
 1765  23 
 1766  28 
 1767  25 
 1768  28 
 1769  22 
 1770  24 
 1771  24 
 1772  22 
 1773  20 
 1774  15 
 1775  23 
 1776  21 
 1777  17 
 1778  16 
 1779  19 
 1780  34 
 1781  24 
 1782  30 
 1783  17 
 1784  21 
 1785  21 
 1786  20 
 1787  23 
 1788  22 
 1789  24 
 1790  24 
 1791  22 
 1792  26 
 1793  23 
 1794  18 
 1795  24 
 1796  19 
 1797  34 
 1798  19 
 1799  26 
 1800  26 
 1801  19 
 1802  35 
 1803  28 
 1804  16 
 1805  21 
 1806  22 
 1807  19 
 1808  20 
 1809  13 
 1810  31 
 1811  27 
 1812  19 
 1813  22 
 1814  18 
 1815  25 
 1816  17 
 1817  26 
 1818  18 
 1819  18 
 1820  25 
 1821  27 
 1822  28 
 1823  29 
 1824  27 
 1825  37 
 1826  22 
 1827  22 
 1828  19 
 1829  26 
 1830  25 
 1831  29 
 1832  25 
 1833  25 
 1834  20 
 1835  24 
 1836  25 
 1837  20 
 1838  22 
 1839  16 
 1840  23 
 1841  32 
 1842  25 
 1843  27 
 1844  30 
 1845  35 
 1846  19 
 1847  28 
 1848  30 
 1849  32 
 1850  30 
 1851  26 
 1852  28 
 1853  31 
 1854  21 
 1855  30 
 1856  27 
 1857  24 
 1858  31 
 1859  21 
 1860  29 
 1861  27 
 1862  26 
 1863  19 
 1864  27 
 1865  22 
 1866  26 
 1867  24 
 1868  18 
 1869  26 
 1870  26 
 1871  18 
 1872  19 
 1873  24 
 1874  20 
 1875  21 
 1876  14 
 1877  20 
 1878  19 
 1879  13 
 1880  17 
 1881  20 
 1882  11 
 1883  19 
 1884  16 
 1885  23 
 1886  26 
 1887  23 
 1888  15 
 1889  13 
 1890  32 
 1891  15 
 1892  19 
 1893  27 
 1894  21 
 1895  20 
 1896  24 
 1897  15 
 1898  31 
 1899  25 
 1900  20 
 1901  25 
 1902  15 
 1903  21 
 1904  24 
 1905  25 
 1906  18 
 1907  17 
 1908  20 
 1909  17 
 1910  29 
 1911  25 
 1912  21 
 1913  19 
 1914  21 
 1915  21 
 1916  23 
 1917  18 
 1918  17 
 1919  23 
 1920  28 
 1921  25 
 1922  17 
 1923  27 
 1924  24 
 1925  20 
 1926  20 
 1927  29 
 1928  25 
 1929  20 
 1930  15 
 1931  18 
 1932  22 
 1933  25 
 1934  18 
 1935  19 
 1936  22 
 1937  26 
 1938  25 
 1939  13 
 1940  31 
 1941  19 
 1942  18 
 1943  27 
 1944  17 
 1945  25 
 1946  14 
 1947  17 
 1948  23 
 1949  22 
 1950  13 
 1951  19 
 1952  14 
 1953  24 
 1954  20 
 1955  29 
 1956  34 
 1957  15 
 1958  23 
 1959  19 
 1960  18 
 1961  25 
 1962  24 
 1963  20 
 1964  10 
 1965  20 
 1966  13 
 1967  32 
 1968  19 
 1969  19 
 1970  15 
 1971  19 
 1972  17 
 1973  25 
 1974  22 
 1975  13 
 1976  25 
 1977  19 
 1978  13 
 1979  28 
 1980  17 
 1981  22 
 1982  24 
 1983  23 
 1984  16 
 1985  17 
 1986  17 
 1987  22 
 1988  20 
 1989  19 
 1990  17 
 1991  22 
 1992  17 
 1993  31 
 1994  22 
 1995  16 
 1996  29 
 1997  18 
 1998  20 
 1999  19 
 2000  22 
 2001  19 
 2002  15 
 2003  23 
 2004  22 
 2005  22 
 2006  14 
 2007  20 
 2008  17 
 2009  20 
 2010  26 
 2011  19 
 2012  21 
 2013  19 
 2014  20 
 2015  20 
 2016  23 
 2017  24 
 2018  29 
 2019  19 
 2020  27 
 2021  21 
 2022  27 
 2023  24 
 2024  17 
 2025  24 
 2026  13 
 2027  26 
 2028  28 
 2029  27 
 2030  18 
 2031  18 
 2032  33 
 2033  16 
 2034  23 
 2035  28 
 2036  20 
 2037  15 
 2038  27 
 2039  16 
 2040  18 
 2041  17 
 2042  24 
 2043  26 
 2044  17 
 2045  28 
 2046  26 
 2047  14 
 2048  20 
 2049  24 
 2050  28 
 2051  20 
 2052  23 
 2053  17 
 2054  30 
 2055  19 
 2056  20 
 2057  16 
 2058  22 
 2059  14 
 2060  22 
 2061  15 
 2062  25 
 2063  19 
 2064  22 
 2065  25 
 2066  15 
 2067  17 
 2068  20 
 2069  17 
 2070  22 
 2071  27 
 2072  24 
 2073  11 
 2074  22 
 2075  22 
 2076  22 
 2077  17 
 2078  24 
 2079  14 
 2080  16 
 2081  14 
 2082  22 
 2083  14 
 2084  12 
 2085  18 
 2086  24 
 2087  14 
 2088  21 
 2089  18 
 2090  23 
 2091  22 
 2092  20 
 2093  19 
 2094  19 
 2095  32 
 2096  17 
 2097  18 
 2098  21 
 2099  16 
 2100  17 
 2101  26 
 2102  21 
 2103  12 
 2104  20 
 2105  21 
 2106  19 
 2107  27 
 2108  21 
 2109  18 
 2110  18 
 2111  21 
 2112  21 
 2113  23 
 2114  11 
 2115  24 
 2116  18 
 2117  19 
 2118  25 
 2119  19 
 2120  24 
 2121  22 
 2122  13 
 2123  16 
 2124  22 
 2125  17 
 2126  19 
 2127  13 
 2128  17 
 2129  14 
 2130  23 
 2131  14 
 2132  27 
 2133  19 
 2134  20 
 2135  21 
 2136  23 
 2137  21 
 2138  22 
 2139  20 
 2140  21 
 2141  14 
 2142  19 
 2143  17 
 2144  22 
 2145  15 
 2146  21 
 2147  19 
 2148  17 
 2149  16 
 2150  23 
 2151  17 
 2152  16 
 2153  15 
 2154  13 
 2155  17 
 2156  30 
 2157  16 
 2158  18 
 2159  17 
 2160  16 
 2161  15 
 2162  25 
 2163  27 
 2164  25 
 2165  21 
 2166  12 
 2167  16 
 2168  19 
 2169  14 
 2170  21 
 2171  15 
 2172  22 
 2173  20 
 2174  13 
 2175  29 
 2176  23 
 2177  17 
 2178  20 
 2179  22 
 2180  10 
 2181  19 
 2182  15 
 2183  14 
 2184  22 
 2185  21 
 2186  18 
 2187  18 
 2188  18 
 2189  16 
 2190  14 
 2191  26 
 2192  18 
 2193  17 
 2194  22 
 2195  20 
 2196  22 
 2197  19 
 2198  15 
 2199  28 
 2200  19 
 2201  15 
 2202  24 
 2203  16 
 2204  9 
 2205  28 
 2206  15 
 2207  12 
 2208  19 
 2209  17 
 2210  26 
 2211  15 
 2212  10 
 2213  19 
 2214  22 
 2215  18 
 2216  18 
 2217  19 
 2218  22 
 2219  19 
 2220  19 
 2221  13 
 2222  20 
 2223  25 
 2224  18 
 2225  25 
 2226  17 
 2227  22 
 2228  12 
 2229  11 
 2230  15 
 2231  28 
 2232  21 
 2233  16 
 2234  19 
 2235  14 
 2236  19 
 2237  23 
 2238  19 
 2239  18 
 2240  22 
 2241  18 
 2242  29 
 2243  23 
 2244  18 
 2245  17 
 2246  17 
 2247  18 
 2248  18 
 2249  17 
 2250  20 
 2251  19 
 2252  15 
 2253  19 
 2254  13 
 2255  22 
 2256  14 
 2257  18 
 2258  18 
 2259  14 
 2260  22 
 2261  21 
 2262  18 
 2263  12 
 2264  29 
 2265  18 
 2266  17 
 2267  21 
 2268  14 
 2269  26 
 2270  19 
 2271  20 
 2272  22 
 2273  23 
 2274  18 
 2275  20 
 2276  12 
 2277  21 
 2278  20 
 2279  12 
 2280  12 
 2281  19 
 2282  23 
 2283  12 
 2284  12 
 2285  23 
 2286  11 
 2287  16 
 2288  22 
 2289  22 
 2290  11 
 2291  18 
 2292  16 
 2293  28 
 2294  12 
 2295  18 
 2296  17 
 2297  20 
 2298  16 
 2299  17 
 2300  13 
 2301  19 
 2302  26 
 2303  15 
 2304  21 
 2305  24 
 2306  18 
 2307  19 
 2308  20 
 2309  21 
 2310  22 
 2311  18 
 2312  17 
 2313  18 
 2314  23 
 2315  16 
 2316  26 
 2317  16 
 2318  16 
 2319  17 
 2320  25 
 2321  18 
 2322  17 
 2323  17 
 2324  23 
 2325  13 
 2326  16 
 2327  17 
 2328  13 
 2329  18 
 2330  22 
 2331  11 
 2332  28 
 2333  18 
 2334  9 
 2335  21 
 2336  18 
 2337  17 
 2338  20 
 2339  12 
 2340  15 
 2341  17 
 2342  26 
 2343  22 
 2344  19 
 2345  17 
 2346  19 
 2347  21 
 2348  32 
 2349  18 
 2350  20 
 2351  21 
 2352  19 
 2353  8 
 2354  11 
 2355  22 
 2356  17 
 2357  13 
 2358  11 
 2359  16 
 2360  19 
 2361  11 
 2362  13 
 2363  10 
 2364  20 
 2365  14 
 2366  20 
 2367  13 
 2368  19 
 2369  28 
 2370  17 
 2371  14 
 2372  11 
 2373  20 
 2374  23 
 2375  14 
 2376  11 
 2377  19 
 2378  14 
 2379  28 
 2380  14 
 2381  15 
 2382  13 
 2383  18 
 2384  23 
 2385  22 
 2386  20 
 2387  15 
 2388  15 
 2389  21 
 2390  13 
 2391  19 
 2392  16 
 2393  17 
 2394  16 
 2395  10 
 2396  17 
 2397  24 
 2398  25 
 2399  14 
 2400  21 
 2401  19 
 2402  14 
 2403  23 
 2404  10 
 2405  18 
 2406  21 
 2407  26 
 2408  11 
 2409  17 
 2410  15 
 2411  21 
 2412  18 
 2413  26 
 2414  10 
 2415  18 
 2416  22 
 2417  22 
 2418  21 
 2419  19 
 2420  17 
 2421  14 
 2422  15 
 2423  25 
 2424  18 
 2425  17 
 2426  14 
 2427  27 
 2428  20 
 2429  24 
 2430  24 
 2431  15 
 2432  23 
 2433  21 
 2434  19 
 2435  23 
 2436  20 
 2437  20 
 2438  18 
 2439  13 
 2440  18 
 2441  16 
 2442  17 
 2443  16 
 2444  16 
 2445  14 
 2446  20 
 2447  21 
 2448  20 
 2449  11 
 2450  20 
 2451  19 
 2452  20 
 2453  19 
 2454  21 
 2455  19 
 2456  21 
 2457  20 
 2458  19 
 2459  19 
 2460  18 
 2461  12 
 2462  20 
 2463  19 
 2464  23 
 2465  16 
 2466  21 
 2467  15 
 2468  13 
 2469  13 
 2470  16 
 2471  17 
 2472  18 
 2473  22 
 2474  21 
 2475  17 
 2476  17 
 2477  16 
 2478  18 
 2479  11 
 2480  19 
 2481  20 
 2482  14 
 2483  9 
 2484  21 
 2485  20 
 2486  12 
 2487  16 
 2488  15 
 2489  19 
 2490  13 
 2491  18 
 2492  23 
 2493  20 
 2494  12 
 2495  24 
 2496  27 
 2497  21 
 2498  20 
 2499  21 
 2500  18 
 2501  20 
 2502  12 
 2503  18 
 2504  21 
 2505  27 
 2506  21 
 2507  16 
 2508  10 
 2509  16 
 2510  20 
 2511  16 
 2512  17 
 2513  15 
 2514  13 
 2515  23 
 2516  16 
 2517  12 
 2518  16 
 2519  20 
 2520  17 
 2521  17 
 2522  16 
 2523  17 
 2524  15 
 2525  15 
 2526  13 
 2527  13 
 2528  7 
 2529  27 
 2530  14 
 2531  15 
 2532  23 
 2533  20 
 2534  13 
 2535  25 
 2536  18 
 2537  18 
 2538  17 
 2539  23 
 2540  21 
 2541  18 
 2542  19 
 2543  13 
 2544  21 
 2545  16 
 2546  15 
 2547  19 
 2548  19 
 2549  13 
 2550  19 
 2551  20 
 2552  25 
 2553  14 
 2554  19 
 2555  14 
 2556  18 
 2557  13 
 2558  13 
 2559  17 
 2560  22 
 2561  19 
 2562  17 
 2563  17 
 2564  16 
 2565  20 
 2566  13 
 2567  14 
 2568  14 
 2569  15 
 2570  12 
 2571  20 
 2572  14 
 2573  22 
 2574  13 
 2575  20 
 2576  21 
 2577  21 
 2578  14 
 2579  21 
 2580  12 
 2581  20 
 2582  26 
 2583  13 
 2584  11 
 2585  21 
 2586  25 
 2587  29 
 2588  26 
 2589  29 
 2590  16 
 2591  20 
 2592  18 
 2593  23 
 2594  22 
 2595  30 
 2596  14 
 2597  28 
 2598  15 
 2599  18 
 2600  22 
 2601  21 
 2602  22 
 2603  23 
 2604  18 
 2605  16 
 2606  30 
 2607  18 
 2608  20 
 2609  17 
 2610  23 
 2611  22 
 2612  24 
 2613  30 
 2614  23 
 2615  22 
 2616  17 
 2617  30 
 2618  21 
 2619  21 
 2620  27 
 2621  24 
 2622  20 
 2623  22 
 2624  35 
 2625  23 
 2626  21 
 2627  24 
 2628  25 
 2629  34 
 2630  31 
 2631  21 
 2632  23 
 2633  29 
 2634  27 
 2635  23 
 2636  36 
 2637  30 
 2638  30 
 2639  32 
 2640  28 
 2641  43 
 2642  32 
 2643  35 
 2644  37 
 2645  44 
 2646  42 
 2647  31 
 2648  34 
 2649  42 
 2650  30 
 2651  36 
 2652  31 
 2653  38 
 2654  32 
 2655  26 
 2656  34 
 2657  32 
 2658  41 
 2659  33 
 2660  31 
 2661  31 
 2662  36 
 2663  31 
 2664  34 
 2665  26 
 2666  34 
 2667  39 
 2668  29 
 2669  28 
 2670  25 
 2671  37 
 2672  33 
 2673  34 
 2674  43 
 2675  41 
 2676  39 
 2677  41 
 2678  39 
 2679  29 
 2680  34 
 2681  45 
 2682  28 
 2683  39 
 2684  29 
 2685  36 
 2686  40 
 2687  44 
 2688  43 
 2689  47 
 2690  43 
 2691  46 
 2692  49 
 2693  39 
 2694  45 
 2695  55 
 2696  63 
 2697  42 
 2698  47 
 2699  42 
 2700  67 
 2701  75 
 2702  53 
 2703  59 
 2704  63 
 2705  73 
 2706  68 
 2707  53 
 2708  72 
 2709  74 
 2710  67 
 2711  70 
 2712  82 
 2713  79 
 2714  84 
 2715  73 
 2716  83 
 2717  78 
 2718  88 
 2719  99 
 2720  111 
 2721  91 
 2722  97 
 2723  93 
 2724  99 
 2725  91 
 2726  87 
 2727  98 
 2728  105 
 2729  96 
 2730  96 
 2731  69 
 2732  96 
 2733  89 
 2734  95 
 2735  89 
 2736  88 
 2737  88 
 2738  81 
 2739  78 
 2740  79 
 2741  80 
 2742  92 
 2743  82 
 2744  78 
 2745  66 
 2746  71 
 2747  56 
 2748  56 
 2749  61 
 2750  58 
 2751  55 
 2752  52 
 2753  57 
 2754  42 
 2755  48 
 2756  42 
 2757  45 
 2758  27 
 2759  40 
 2760  28 
 2761  29 
 2762  29 
 2763  28 
 2764  21 
 2765  21 
 2766  19 
 2767  22 
 2768  16 
 2769  19 
 2770  23 
 2771  20 
 2772  25 
 2773  18 
 2774  19 
 2775  18 
 2776  17 
 2777  25 
 2778  18 
 2779  16 
 2780  24 
 2781  17 
 2782  16 
 2783  19 
 2784  18 
 2785  17 
 2786  17 
 2787  16 
 2788  13 
 2789  23 
 2790  17 
 2791  25 
 2792  19 
 2793  23 
 2794  19 
 2795  15 
 2796  13 
 2797  19 
 2798  13 
 2799  15 
 2800  15 
 2801  16 
 2802  22 
 2803  10 
 2804  18 
 2805  24 
 2806  18 
 2807  15 
 2808  16 
 2809  21 
 2810  12 
 2811  21 
 2812  20 
 2813  12 
 2814  17 
 2815  13 
 2816  22 
 2817  20 
 2818  20 
 2819  24 
 2820  20 
 2821  21 
 2822  21 
 2823  24 
 2824  18 
 2825  24 
 2826  23 
 2827  19 
 2828  12 
 2829  24 
 2830  14 
 2831  14 
 2832  22 
 2833  13 
 2834  16 
 2835  13 
 2836  18 
 2837  20 
 2838  22 
 2839  28 
 2840  25 
 2841  21 
 2842  18 
 2843  21 
 2844  27 
 2845  30 
 2846  23 
 2847  22 
 2848  33 
 2849  22 
 2850  24 
 2851  15 
 2852  21 
 2853  24 
 2854  28 
 2855  33 
 2856  35 
 2857  31 
 2858  24 
 2859  27 
 2860  27 
 2861  16 
 2862  32 
 2863  39 
 2864  31 
 2865  31 
 2866  50 
 2867  36 
 2868  36 
 2869  32 
 2870  40 
 2871  45 
 2872  39 
 2873  42 
 2874  45 
 2875  36 
 2876  50 
 2877  47 
 2878  52 
 2879  50 
 2880  60 
 2881  51 
 2882  64 
 2883  59 
 2884  62 
 2885  78 
 2886  83 
 2887  73 
 2888  88 
 2889  85 
 2890  80 
 2891  94 
 2892  96 
 2893  89 
 2894  105 
 2895  111 
 2896  118 
 2897  130 
 2898  109 
 2899  132 
 2900  133 
 2901  147 
 2902  141 
 2903  162 
 2904  175 
 2905  195 
 2906  164 
 2907  192 
 2908  206 
 2909  230 
 2910  239 
 2911  246 
 2912  236 
 2913  278 
 2914  266 
 2915  298 
 2916  333 
 2917  306 
 2918  339 
 2919  356 
 2920  424 
 2921  428 
 2922  441 
 2923  465 
 2924  479 
 2925  510 
 2926  536 
 2927  610 
 2928  627 
 2929  672 
 2930  714 
 2931  766 
 2932  860 
 2933  868 
 2934  967 
 2935  951 
 2936  1164 
 2937  1167 
 2938  1325 
 2939  1424 
 2940  1531 
 2941  1669 
 2942  1734 
 2943  2004 
 2944  2049 
 2945  2245 
 2946  2424 
 2947  2596 
 2948  2728 
 2949  2889 
 2950  2952 
 2951  3192 
 2952  3244 
 2953  3306 
 2954  3392 
 2955  3329 
 2956  3489 
 2957  3558 
 2958  3504 
 2959  3379 
 2960  3284 
 2961  3237 
 2962  3293 
 2963  2910 
 2964  2886 
 2965  2733 
 2966  2507 
 2967  2391 
 2968  2151 
 2969  2036 
 2970  1909 
 2971  1567 
 2972  1484 
 2973  1244 
 2974  1159 
 2975  1054 
 2976  900 
 2977  748 
 2978  633 
 2979  557 
 2980  500 
 2981  408 
 2982  384 
 2983  299 
 2984  270 
 2985  242 
 2986  177 
 2987  170 
 2988  134 
 2989  124 
 2990  95 
 2991  93 
 2992  92 
 2993  99 
 2994  89 
 2995  73 
 2996  73 
 2997  59 
 2998  52 
 2999  62 
 3000  50 
 3001  54 
 3002  66 
 3003  65 
 3004  58 
 3005  47 
 3006  50 
 3007  65 
 3008  58 
 3009  72 
 3010  71 
 3011  71 
 3012  60 
 3013  77 
 3014  79 
 3015  89 
 3016  81 
 3017  85 
 3018  105 
 3019  102 
 3020  97 
 3021  116 
 3022  139 
 3023  135 
 3024  130 
 3025  134 
 3026  134 
 3027  149 
 3028  156 
 3029  148 
 3030  149 
 3031  177 
 3032  172 
 3033  167 
 3034  155 
 3035  132 
 3036  162 
 3037  159 
 3038  164 
 3039  161 
 3040  150 
 3041  154 
 3042  144 
 3043  123 
 3044  117 
 3045  110 
 3046  114 
 3047  116 
 3048  96 
 3049  80 
 3050  87 
 3051  109 
 3052  67 
 3053  63 
 3054  73 
 3055  73 
 3056  77 
 3057  73 
 3058  68 
 3059  62 
 3060  68 
 3061  69 
 3062  77 
 3063  71 
 3064  89 
 3065  77 
 3066  106 
 3067  90 
 3068  93 
 3069  115 
 3070  102 
 3071  98 
 3072  121 
 3073  115 
 3074  134 
 3075  121 
 3076  119 
 3077  130 
 3078  138 
 3079  133 
 3080  160 
 3081  177 
 3082  203 
 3083  200 
 3084  205 
 3085  214 
 3086  270 
 3087  211 
 3088  242 
 3089  282 
 3090  262 
 3091  302 
 3092  309 
 3093  306 
 3094  316 
 3095  354 
 3096  357 
 3097  364 
 3098  373 
 3099  424 
 3100  443 
 3101  459 
 3102  457 
 3103  510 
 3104  497 
 3105  566 
 3106  561 
 3107  582 
 3108  636 
 3109  640 
 3110  699 
 3111  720 
 3112  765 
 3113  780 
 3114  816 
 3115  901 
 3116  891 
 3117  946 
 3118  989 
 3119  998 
 3120  1057 
 3121  1138 
 3122  1190 
 3123  1198 
 3124  1254 
 3125  1313 
 3126  1263 
 3127  1404 
 3128  1332 
 3129  1452 
 3130  1430 
 3131  1441 
 3132  1623 
 3133  1610 
 3134  1619 
 3135  1605 
 3136  1669 
 3137  1721 
 3138  1680 
 3139  1722 
 3140  1787 
 3141  1788 
 3142  1818 
 3143  1759 
 3144  1779 
 3145  1758 
 3146  1741 
 3147  1748 
 3148  1677 
 3149  1654 
 3150  1722 
 3151  1640 
 3152  1593 
 3153  1625 
 3154  1471 
 3155  1489 
 3156  1423 
 3157  1321 
 3158  1275 
 3159  1227 
 3160  1247 
 3161  1134 
 3162  1105 
 3163  1047 
 3164  997 
 3165  878 
 3166  821 
 3167  711 
 3168  702 
 3169  654 
 3170  550 
 3171  546 
 3172  473 
 3173  434 
 3174  358 
 3175  335 
 3176  287 
 3177  242 
 3178  207 
 3179  198 
 3180  198 
 3181  160 
 3182  143 
 3183  127 
 3184  105 
 3185  82 
 3186  104 
 3187  86 
 3188  65 
 3189  64 
 3190  60 
 3191  80 
 3192  86 
 3193  67 
 3194  64 
 3195  86 
 3196  86 
 3197  77 
 3198  94 
 3199  116 
 3200  98 
 3201  101 
 3202  148 
 3203  143 
 3204  153 
 3205  163 
 3206  157 
 3207  147 
 3208  191 
 3209  212 
 3210  221 
 3211  207 
 3212  204 
 3213  233 
 3214  229 
 3215  261 
 3216  217 
 3217  232 
 3218  254 
 3219  221 
 3220  223 
 3221  201 
 3222  221 
 3223  198 
 3224  170 
 3225  182 
 3226  153 
 3227  173 
 3228  129 
 3229  130 
 3230  140 
 3231  96 
 3232  93 
 3233  105 
 3234  78 
 3235  68 
 3236  63 
 3237  68 
 3238  66 
 3239  50 
 3240  68 
 3241  41 
 3242  45 
 3243  46 
 3244  38 
 3245  43 
 3246  48 
 3247  47 
 3248  38 
 3249  32 
 3250  39 
 3251  29 
 3252  33 
 3253  23 
 3254  36 
 3255  24 
 3256  29 
 3257  24 
 3258  28 
 3259  24 
 3260  28 
 3261  25 
 3262  14 
 3263  16 
 3264  14 
 3265  20 
 3266  12 
 3267  21 
 3268  12 
 3269  16 
 3270  12 
 3271  9 
 3272  7 
 3273  4 
 3274  7 
 3275  11 
 3276  7 
 3277  5 
 3278  2 
 3279  2 
 3280  2 
 3281  2 
 3282  3 
 3283  2 
 3284  3 
 3285  0 
 3286  2 
 3287  1 
 3288  0 
 3289  1 
 3290  0 
 3291  3 
 3292  1 
 3293  0 
 3294  0 
 3295  1 
 3296  1 
 3297  0 
 3298  1 
 3299  5 
 3300  1 
 3301  0 
 3302  0 
 3303  0 
 3304  1 
 3305  0 
 3306  0 
 3307  0 
 3308  1 
 3309  1 
 3310  1 
 3311  1 
 3312  0 
 3313  2 
 3314  1 
 3315  1 
 3316  0 
 3317  0 
 3318  0 
 3319  1 
 3320  1 
 3321  0 
 3322  0 
 3323  2 
 3324  1 
 3325  0 
 3326  0 
 3327  0 
 3328  0 
 3329  0 
 3330  2 
 3331  0 
 3332  0 
 3333  1 
 3334  0 
 3335  1 
 3336  1 
 3337  0 
 3338  1 
 3339  2 
 3340  2 
 3341  1 
 3342  0 
 3343  1 
 3344  2 
 3345  1 
 3346  1 
 3347  1 
 3348  2 
 3349  1 
 3350  0 
 3351  3 
 3352  0 
 3353  0 
 3354  2 
 3355  0 
 3356  2 
 3357  0 
 3358  0 
 3359  0 
 3360  1 
 3361  0 
 3362  0 
 3363  0 
 3364  0 
 3365  1 
 3366  0 
 3367  0 
 3368  0 
 3369  0 
 3370  0 
 3371  0 
 3372  0 
 3373  0 
 3374  0 
 3375  0 
 3376  2 
 3377  0 
 3378  1 
 3379  0 
 3380  0 
 3381  0 
 3382  4 
 3383  0 
 3384  0 
 3385  1 
 3386  0 
 3387  1 
 3388  0 
 3389  0 
 3390  3 
 3391  1 
 3392  0 
 3393  1 
 3394  0 
 3395  0 
 3396  1 
 3397  1 
 3398  0 
 3399  0 
 3400  1 
 3401  1 
 3402  0 
 3403  0 
 3404  0 
 3405  1 
 3406  0 
 3407  0 
 3408  0 
 3409  0 
 3410  0 
 3411  0 
 3412  0 
 3413  2 
 3414  0 
 3415  1 
 3416  0 
 3417  0 
 3418  1 
 3419  1 
 3420  0 
 3421  1 
 3422  2 
 3423  0 
 3424  0 
 3425  1 
 3426  1 
 3427  1 
 3428  1 
 3429  0 
 3430  0 
 3431  1 
 3432  0 
 3433  1 
 3434  3 
 3435  0 
 3436  0 
 3437  1 
 3438  1 
 3439  0 
 3440  0 
 3441  0 
 3442  1 
 3443  1 
 3444  1 
 3445  3 
 3446  0 
 3447  1 
 3448  1 
 3449  0 
 3450  1 
 3451  0 
 3452  0 
 3453  0 
 3454  0 
 3455  0 
 3456  0 
 3457  0 
 3458  0 
 3459  0 
 3460  1 
 3461  1 
 3462  0 
 3463  2 
 3464  3 
 3465  0 
 3466  1 
 3467  3 
 3468  3 
 3469  0 
 3470  0 
 3471  0 
 3472  0 
 3473  0 
 3474  0 
 3475  0 
 3476  1 
 3477  0 
 3478  1 
 3479  0 
 3480  0 
 3481  0 
 3482  0 
 3483  0 
 3484  1 
 3485  0 
 3486  0 
 3487  2 
 3488  0 
 3489  0 
 3490  0 
 3491  0 
 3492  0 
 3493  0 
 3494  1 
 3495  0 
 3496  0 
 3497  0 
 3498  2 
 3499  0 
 3500  1 
 3501  1 
 3502  1 
 3503  1 
 3504  0 
 3505  0 
 3506  0 
 3507  1 
 3508  0 
 3509  0 
 3510  1 
 3511  0 
 3512  0 
 3513  0 
 3514  0 
 3515  3 
 3516  0 
 3517  0 
 3518  1 
 3519  1 
 3520  2 
 3521  0 
 3522  1 
 3523  2 
 3524  0 
 3525  0 
 3526  0 
 3527  0 
 3528  1 
 3529  0 
 3530  0 
 3531  0 
 3532  0 
 3533  1 
 3534  1 
 3535  0 
 3536  0 
 3537  0 
 3538  1 
 3539  0 
 3540  1 
 3541  0 
 3542  0 
 3543  0 
 3544  0 
 3545  0 
 3546  0 
 3547  1 
 3548  0 
 3549  1 
 3550  0 
 3551  1 
 3552  0 
 3553  0 
 3554  0 
 3555  0 
 3556  1 
 3557  0 
 3558  0 
 3559  0 
 3560  1 
 3561  0 
 3562  0 
 3563  2 
 3564  0 
 3565  0 
 3566  0 
 3567  0 
 3568  0 
 3569  0 
 3570  0 
 3571  0 
 3572  0 
 3573  0 
 3574  0 
 3575  0 
 3576  0 
 3577  0 
 3578  0 
 3579  1 
 3580  0 
 3581  0 
 3582  0 
 3583  1 
 3584  0 
 3585  0 
 3586  0 
 3587  0 
 3588  0 
 3589  0 
 3590  0 
 3591  1 
 3592  0 
 3593  1 
 3594  1 
 3595  0 
 3596  0 
 3597  0 
 3598  1 
 3599  0 
 3600  1 
 3601  2 
 3602  0 
 3603  1 
 3604  1 
 3605  1 
 3606  1 
 3607  0 
 3608  1 
 3609  1 
 3610  0 
 3611  0 
 3612  0 
 3613  0 
 3614  1 
 3615  0 
 3616  1 
 3617  0 
 3618  0 
 3619  0 
 3620  0 
 3621  0 
 3622  0 
 3623  0 
 3624  0 
 3625  1 
 3626  1 
 3627  0 
 3628  1 
 3629  0 
 3630  0 
 3631  0 
 3632  0 
 3633  0 
 3634  0 
 3635  0 
 3636  1 
 3637  0 
 3638  1 
 3639  0 
 3640  0 
 3641  0 
 3642  0 
 3643  0 
 3644  1 
 3645  0 
 3646  0 
 3647  0 
 3648  0 
 3649  0 
 3650  0 
 3651  0 
 3652  2 
 3653  0 
 3654  0 
 3655  0 
 3656  0 
 3657  0 
 3658  1 
 3659  0 
 3660  1 
 3661  0 
 3662  0 
 3663  0 
 3664  0 
 3665  0 
 3666  0 
 3667  0 
 3668  0 
 3669  0 
 3670  0 
 3671  0 
 3672  0 
 3673  1 
 3674  0 
 3675  0 
 3676  1 
 3677  0 
 3678  0 
 3679  0 
 3680  1 
 3681  1 
 3682  0 
 3683  0 
 3684  0 
 3685  0 
 3686  0 
 3687  0 
 3688  0 
 3689  0 
 3690  0 
 3691  0 
 3692  1 
 3693  0 
 3694  0 
 3695  0 
 3696  0 
 3697  0 
 3698  0 
 3699  0 
 3700  1 
 3701  0 
 3702  0 
 3703  0 
 3704  0 
 3705  0 
 3706  0 
 3707  0 
 3708  0 
 3709  0 
 3710  0 
 3711  0 
 3712  0 
 3713  0 
 3714  0 
 3715  0 
 3716  0 
 3717  0 
 3718  0 
 3719  2 
 3720  1 
 3721  0 
 3722  0 
 3723  0 
 3724  1 
 3725  1 
 3726  0 
 3727  0 
 3728  1 
 3729  0 
 3730  1 
 3731  0 
 3732  0 
 3733  0 
 3734  0 
 3735  0 
 3736  0 
 3737  0 
 3738  0 
 3739  0 
 3740  0 
 3741  0 
 3742  0 
 3743  0 
 3744  0 
 3745  0 
 3746  0 
 3747  0 
 3748  0 
 3749  2 
 3750  0 
 3751  0 
 3752  0 
 3753  0 
 3754  0 
 3755  1 
 3756  0 
 3757  0 
 3758  0 
 3759  1 
 3760  0 
 3761  2 
 3762  0 
 3763  0 
 3764  0 
 3765  0 
 3766  0 
 3767  0 
 3768  0 
 3769  0 
 3770  0 
 3771  0 
 3772  0 
 3773  0 
 3774  0 
 3775  0 
 3776  0 
 3777  1 
 3778  0 
 3779  0 
 3780  1 
 3781  0 
 3782  0 
 3783  0 
 3784  1 
 3785  0 
 3786  0 
 3787  0 
 3788  0 
 3789  0 
 3790  0 
 3791  1 
 3792  0 
 3793  0 
 3794  0 
 3795  0 
 3796  0 
 3797  1 
 3798  1 
 3799  3 
 3800  0 
 3801  2 
 3802  0 
 3803  0 
 3804  0 
 3805  2 
 3806  1 
 3807  0 
 3808  0 
 3809  2 
 3810  0 
 3811  1 
 3812  0 
 3813  0 
 3814  0 
 3815  2 
 3816  0 
 3817  0 
 3818  0 
 3819  0 
 3820  0 
 3821  1 
 3822  1 
 3823  0 
 3824  0 
 3825  0 
 3826  0 
 3827  0 
 3828  0 
 3829  0 
 3830  0 
 3831  0 
 3832  0 
 3833  0 
 3834  0 
 3835  0 
 3836  0 
 3837  0 
 3838  0 
 3839  0 
 3840  0 
 3841  0 
 3842  0 
 3843  0 
 3844  1 
 3845  0 
 3846  1 
 3847  0 
 3848  0 
 3849  0 
 3850  0 
 3851  0 
 3852  0 
 3853  0 
 3854  0 
 3855  0 
 3856  0 
 3857  0 
 3858  0 
 3859  0 
 3860  0 
 3861  0 
 3862  0 
 3863  0 
 3864  0 
 3865  0 
 3866  1 
 3867  1 
 3868  0 
 3869  0 
 3870  0 
 3871  0 
 3872  0 
 3873  0 
 3874  0 
 3875  0 
 3876  0 
 3877  0 
 3878  0 
 3879  0 
 3880  0 
 3881  2 
 3882  0 
 3883  1 
 3884  2 
 3885  0 
 3886  1 
 3887  1 
 3888  0 
 3889  0 
 3890  0 
 3891  0 
 3892  0 
 3893  0 
 3894  0 
 3895  0 
 3896  0 
 3897  1 
 3898  0 
 3899  0 
 3900  0 
 3901  0 
 3902  0 
 3903  0 
 3904  1 
 3905  0 
 3906  0 
 3907  0 
 3908  0 
 3909  1 
 3910  0 
 3911  0 
 3912  0 
 3913  0 
 3914  0 
 3915  0 
 3916  0 
 3917  0 
 3918  0 
 3919  1 
 3920  0 
 3921  0 
 3922  0 
 3923  0 
 3924  0 
 3925  0 
 3926  0 
 3927  0 
 3928  0 
 3929  0 
 3930  0 
 3931  1 
 3932  0 
 3933  0 
 3934  0 
 3935  0 
 3936  0 
 3937  0 
 3938  0 
 3939  0 
 3940  0 
 3941  1 
 3942  0 
 3943  0 
 3944  0 
 3945  0 
 3946  0 
 3947  0 
 3948  0 
 3949  0 
 3950  1 
 3951  0 
 3952  0 
 3953  0 
 3954  0 
 3955  0 
 3956  1 
 3957  0 
 3958  0 
 3959  0 
 3960  0 
 3961  0 
 3962  1 
 3963  0 
 3964  0 
 3965  0 
 3966  0 
 3967  0 
 3968  1 
 3969  0 
 3970  1 
 3971  0 
 3972  1 
 3973  1 
 3974  0 
 3975  1 
 3976  0 
 3977  0 
 3978  0 
 3979  0 
 3980  1 
 3981  0 
 3982  0 
 3983  0 
 3984  0 
 3985  0 
 3986  0 
 3987  0 
 3988  0 
 3989  0 
 3990  1 
 3991  0 
 3992  1 
 3993  0 
 3994  1 
 3995  0 
 3996  0 
 3997  0 
 3998  0 
 3999  0 
 4000  1 
 4001  0 
 4002  1 
 4003  1 
 4004  0 
 4005  1 
 4006  0 
 4007  0 
 4008  0 
 4009  0 
 4010  0 
 4011  0 
 4012  1 
 4013  0 
 4014  0 
 4015  0 
 4016  1 
 4017  0 
 4018  0 
 4019  0 
 4020  0 
 4021  0 
 4022  0 
 4023  0 
 4024  0 
 4025  0 
 4026  0 
 4027  1 
 4028  0 
 4029  0 
 4030  0 
 4031  0 
 4032  0 
 4033  0 
 4034  0 
 4035  0 
 4036  0 
 4037  0 
 4038  0 
 4039  0 
 4040  0 
 4041  0 
 4042  0 
 4043  0 
 4044  0 
 4045  0 
 4046  0 
 4047  0 
 4048  0 
 4049  1 
 4050  0 
 4051  1 
 4052  0 
 4053  0 
 4054  0 
 4055  0 
 4056  0 
 4057  0 
 4058  0 
 4059  0 
 4060  1 
 4061  0 
 4062  0 
 4063  1 
 4064  0 
 4065  0 
 4066  1 
 4067  0 
 4068  2 
 4069  0 
 4070  0 
 4071  0 
 4072  0 
 4073  0 
 4074  1 
 4075  0 
 4076  1 
 4077  0 
 4078  0 
 4079  0 
 4080  0 
 4081  0 
 4082  1 
 4083  0 
 4084  0 
 4085  0 
 4086  0 
 4087  0 
 4088  0 
 4089  0 
 4090  0 
 4091  0 
 4092  0 
 4093  0 
 4094  0 
 4095  0 
 4096  0 
 4097  0 
 4098  0 
 4099  0 
 4100  0 
 4101  0 
 4102  0 
 4103  0 
 4104  0 
 4105  0 
 4106  0 
 4107  1 
 4108  0 
 4109  0 
 4110  0 
 4111  0 
 4112  0 
 4113  0 
 4114  0 
 4115  1 
 4116  0 
 4117  1 
 4118  0 
 4119  0 
 4120  0 
 4121  1 
 4122  1 
 4123  1 
 4124  0 
 4125  1 
 4126  1 
 4127  0 
 4128  0 
 4129  1 
 4130  0 
 4131  0 
 4132  0 
 4133  0 
 4134  0 
 4135  0 
 4136  1 
 4137  0 
 4138  0 
 4139  0 
 4140  0 
 4141  0 
 4142  0 
 4143  0 
 4144  0 
 4145  0 
 4146  0 
 4147  0 
 4148  1 
 4149  1 
 4150  0 
 4151  0 
 4152  0 
 4153  0 
 4154  0 
 4155  0 
 4156  1 
 4157  3 
 4158  1 
 4159  1 
 4160  0 
 4161  0 
 4162  0 
 4163  0 
 4164  0 
 4165  0 
 4166  0 
 4167  0 
 4168  0 
 4169  2 
 4170  0 
 4171  0 
 4172  0 
 4173  0 
 4174  0 
 4175  1 
 4176  0 
 4177  1 
 4178  1 
 4179  1 
 4180  1 
 4181  1 
 4182  0 
 4183  0 
 4184  0 
 4185  1 
 4186  0 
 4187  0 
 4188  0 
 4189  0 
 4190  0 
 4191  0 
 4192  0 
 4193  0 
 4194  0 
 4195  1 
 4196  0 
 4197  0 
 4198  0 
 4199  0 
 4200  1 
 4201  0 
 4202  0 
 4203  0 
 4204  0 
 4205  0 
 4206  1 
 4207  0 
 4208  0 
 4209  0 
 4210  0 
 4211  0 
 4212  0 
 4213  0 
 4214  0 
 4215  0 
 4216  0 
 4217  1 
 4218  1 
 4219  1 
 4220  1 
 4221  1 
 4222  0 
 4223  0 
 4224  0 
 4225  1 
 4226  0 
 4227  0 
 4228  0 
 4229  0 
 4230  0 
 4231  0 
 4232  0 
 4233  0 
 4234  1 
 4235  0 
 4236  0 
 4237  0 
 4238  0 
 4239  0 
 4240  1 
 4241  0 
 4242  0 
 4243  0 
 4244  0 
 4245  1 
 4246  0 
 4247  0 
 4248  0 
 4249  1 
 4250  0 
 4251  0 
 4252  0 
 4253  0 
 4254  0 
 4255  0 
 4256  0 
 4257  2 
 4258  0 
 4259  0 
 4260  0 
 4261  0 
 4262  0 
 4263  0 
 4264  0 
 4265  1 
 4266  0 
 4267  1 
 4268  0 
 4269  1 
 4270  0 
 4271  1 
 4272  0 
 4273  0 
 4274  0 
 4275  1 
 4276  0 
 4277  0 
 4278  0 
 4279  0 
 4280  0 
 4281  0 
 4282  0 
 4283  0 
 4284  1 
 4285  0 
 4286  0 
 4287  0 
 4288  0 
 4289  0 
 4290  0 
 4291  0 
 4292  1 
 4293  0 
 4294  3 
 4295  0 
 4296  0 
 4297  1 
 4298  0 
 4299  0 
 4300  0 
 4301  0 
 4302  0 
 4303  0 
 4304  0 
 4305  0 
 4306  0 
 4307  0 
 4308  1 
 4309  0 
 4310  0 
 4311  0 
 4312  0 
 4313  0 
 4314  0 
 4315  0 
 4316  0 
 4317  0 
 4318  0 
 4319  0 
 4320  1 
 4321  0 
 4322  1 
 4323  0 
 4324  0 
 4325  0 
 4326  0 
 4327  1 
 4328  0 
 4329  0 
 4330  1 
 4331  0 
 4332  0 
 4333  1 
 4334  0 
 4335  1 
 4336  1 
 4337  0 
 4338  0 
 4339  0 
 4340  0 
 4341  0 
 4342  0 
 4343  1 
 4344  0 
 4345  0 
 4346  0 
 4347  2 
 4348  1 
 4349  0 
 4350  0 
 4351  0 
 4352  0 
 4353  0 
 4354  0 
 4355  1 
 4356  0 
 4357  0 
 4358  0 
 4359  0 
 4360  0 
 4361  0 
 4362  0 
 4363  0 
 4364  0 
 4365  0 
 4366  0 
 4367  0 
 4368  0 
 4369  0 
 4370  0 
 4371  0 
 4372  2 
 4373  0 
 4374  0 
 4375  0 
 4376  1 
 4377  2 
 4378  1 
 4379  0 
 4380  0 
 4381  0 
 4382  0 
 4383  0 
 4384  0 
 4385  0 
 4386  1 
 4387  0 
 4388  0 
 4389  0 
 4390  1 
 4391  0 
 4392  0 
 4393  0 
 4394  0 
 4395  0 
 4396  0 
 4397  0 
 4398  0 
 4399  0 
 4400  0 
 4401  0 
 4402  0 
 4403  0 
 4404  0 
 4405  0 
 4406  0 
 4407  0 
 4408  0 
 4409  0 
 4410  0 
 4411  0 
 4412  1 
 4413  0 
 4414  0 
 4415  0 
 4416  0 
 4417  1 
 4418  0 
 4419  3 
 4420  0 
 4421  0 
 4422  1 
 4423  0 
 4424  0 
 4425  0 
 4426  0 
 4427  0 
 4428  0 
 4429  0 
 4430  0 
 4431  0 
 4432  0 
 4433  1 
 4434  0 
 4435  0 
 4436  0 
 4437  0 
 4438  0 
 4439  1 
 4440  0 
 4441  0 
 4442  0 
 4443  0 
 4444  0 
 4445  0 
 4446  1 
 4447  1 
 4448  0 
 4449  0 
 4450  1 
 4451  0 
 4452  0 
 4453  0 
 4454  0 
 4455  0 
 4456  0 
 4457  0 
 4458  0 
 4459  0 
 4460  2 
 4461  0 
 4462  0 
 4463  1 
 4464  0 
 4465  1 
 4466  0 
 4467  0 
 4468  0 
 4469  0 
 4470  0 
 4471  0 
 4472  0 
 4473  0 
 4474  1 
 4475  1 
 4476  0 
 4477  0 
 4478  0 
 4479  0 
 4480  0 
 4481  0 
 4482  0 
 4483  0 
 4484  0 
 4485  0 
 4486  0 
 4487  0 
 4488  1 
 4489  0 
 4490  0 
 4491  0 
 4492  0 
 4493  0 
 4494  0 
 4495  0 
 4496  0 
 4497  0 
 4498  0 
 4499  0 
 4500  1 
 4501  0 
 4502  0 
 4503  0 
 4504  1 
 4505  0 
 4506  0 
 4507  0 
 4508  0 
 4509  0 
 4510  0 
 4511  0 
 4512  1 
 4513  1 
 4514  0 
 4515  0 
 4516  0 
 4517  2 
 4518  0 
 4519  0 
 4520  1 
 4521  1 
 4522  1 
 4523  2 
 4524  0 
 4525  0 
 4526  0 
 4527  0 
 4528  0 
 4529  0 
 4530  0 
 4531  0 
 4532  0 
 4533  0 
 4534  0 
 4535  0 
 4536  0 
 4537  0 
 4538  0 
 4539  0 
 4540  1 
 4541  0 
 4542  0 
 4543  0 
 4544  0 
 4545  1 
 4546  0 
 4547  0 
 4548  0 
 4549  2 
 4550  1 
 4551  0 
 4552  0 
 4553  0 
 4554  0 
 4555  0 
 4556  0 
 4557  0 
 4558  0 
 4559  0 
 4560  0 
 4561  1 
 4562  0 
 4563  0 
 4564  0 
 4565  0 
 4566  0 
 4567  0 
 4568  0 
 4569  0 
 4570  0 
 4571  0 
 4572  1 
 4573  0 
 4574  0 
 4575  0 
 4576  0 
 4577  0 
 4578  0 
 4579  0 
 4580  0 
 4581  0 
 4582  0 
 4583  1 
 4584  1 
 4585  0 
 4586  0 
 4587  0 
 4588  0 
 4589  0 
 4590  0 
 4591  0 
 4592  0 
 4593  0 
 4594  0 
 4595  0 
 4596  0 
 4597  0 
 4598  0 
 4599  0 
 4600  1 
 4601  0 
 4602  0 
 4603  0 
 4604  0 
 4605  0 
 4606  0 
 4607  0 
 4608  0 
 4609  1 
 4610  0 
 4611  0 
 4612  0 
 4613  0 
 4614  0 
 4615  1 
 4616  0 
 4617  0 
 4618  0 
 4619  0 
 4620  0 
 4621  1 
 4622  0 
 4623  0 
 4624  0 
 4625  0 
 4626  0 
 4627  0 
 4628  0 
 4629  0 
 4630  1 
 4631  0 
 4632  0 
 4633  1 
 4634  0 
 4635  1 
 4636  0 
 4637  0 
 4638  0 
 4639  0 
 4640  1 
 4641  0 
 4642  0 
 4643  0 
 4644  0 
 4645  0 
 4646  0 
 4647  0 
 4648  0 
 4649  0 
 4650  1 
 4651  0 
 4652  0 
 4653  0 
 4654  0 
 4655  0 
 4656  0 
 4657  0 
 4658  0 
 4659  0 
 4660  1 
 4661  0 
 4662  0 
 4663  0 
 4664  0 
 4665  1 
 4666  1 
 4667  0 
 4668  0 
 4669  0 
 4670  0 
 4671  1 
 4672  0 
 4673  0 
 4674  0 
 4675  0 
 4676  1 
 4677  0 
 4678  0 
 4679  0 
 4680  0 
 4681  0 
 4682  0 
 4683  0 
 4684  0 
 4685  1 
 4686  0 
 4687  0 
 4688  0 
 4689  0 
 4690  0 
 4691  0 
 4692  0 
 4693  0 
 4694  0 
 4695  0 
 4696  1 
 4697  0 
 4698  0 
 4699  1 
 4700  0 
 4701  1 
 4702  1 
 4703  0 
 4704  0 
 4705  0 
 4706  0 
 4707  0 
 4708  0 
 4709  0 
 4710  0 
 4711  0 
 4712  0 
 4713  0 
 4714  0 
 4715  0 
 4716  0 
 4717  0 
 4718  0 
 4719  0 
 4720  0 
 4721  0 
 4722  0 
 4723  0 
 4724  0 
 4725  0 
 4726  0 
 4727  0 
 4728  0 
 4729  0 
 4730  0 
 4731  1 
 4732  0 
 4733  0 
 4734  1 
 4735  0 
 4736  0 
 4737  0 
 4738  0 
 4739  2 
 4740  0 
 4741  0 
 4742  0 
 4743  0 
 4744  0 
 4745  1 
 4746  0 
 4747  1 
 4748  0 
 4749  0 
 4750  1 
 4751  0 
 4752  0 
 4753  0 
 4754  0 
 4755  0 
 4756  0 
 4757  0 
 4758  0 
 4759  0 
 4760  0 
 4761  0 
 4762  0 
 4763  0 
 4764  0 
 4765  1 
 4766  0 
 4767  0 
 4768  1 
 4769  0 
 4770  0 
 4771  0 
 4772  0 
 4773  0 
 4774  0 
 4775  0 
 4776  1 
 4777  0 
 4778  0 
 4779  0 
 4780  0 
 4781  1 
 4782  0 
 4783  1 
 4784  0 
 4785  0 
 4786  0 
 4787  0 
 4788  0 
 4789  0 
 4790  0 
 4791  0 
 4792  0 
 4793  0 
 4794  0 
 4795  1 
 4796  1 
 4797  0 
 4798  0 
 4799  0 
 4800  1 
 4801  0 
 4802  0 
 4803  0 
 4804  0 
 4805  0 
 4806  0 
 4807  0 
 4808  1 
 4809  1 
 4810  0 
 4811  0 
 4812  0 
 4813  1 
 4814  0 
 4815  0 
 4816  0 
 4817  0 
 4818  0 
 4819  1 
 4820  0 
 4821  0 
 4822  0 
 4823  0 
 4824  0 
 4825  0 
 4826  0 
 4827  0 
 4828  0 
 4829  0 
 4830  0 
 4831  0 
 4832  1 
 4833  0 
 4834  0 
 4835  0 
 4836  0 
 4837  0 
 4838  0 
 4839  1 
 4840  0 
 4841  1 
 4842  0 
 4843  0 
 4844  0 
 4845  0 
 4846  0 
 4847  0 
 4848  0 
 4849  0 
 4850  1 
 4851  0 
 4852  0 
 4853  0 
 4854  0 
 4855  0 
 4856  0 
 4857  0 
 4858  0 
 4859  0 
 4860  0 
 4861  0 
 4862  0 
 4863  0 
 4864  0 
 4865  0 
 4866  1 
 4867  0 
 4868  1 
 4869  0 
 4870  0 
 4871  1 
 4872  0 
 4873  0 
 4874  0 
 4875  0 
 4876  0 
 4877  1 
 4878  0 
 4879  0 
 4880  0 
 4881  0 
 4882  0 
 4883  1 
 4884  0 
 4885  0 
 4886  0 
 4887  1 
 4888  0 
 4889  0 
 4890  1 
 4891  1 
 4892  0 
 4893  0 
 4894  0 
 4895  0 
 4896  2 
 4897  0 
 4898  0 
 4899  0 
 4900  1 
 4901  0 
 4902  0 
 4903  0 
 4904  0 
 4905  0 
 4906  0 
 4907  0 
 4908  0 
 4909  0 
 4910  0 
 4911  1 
 4912  0 
 4913  0 
 4914  1 
 4915  0 
 4916  0 
 4917  1 
 4918  1 
 4919  0 
 4920  0 
 4921  0 
 4922  0 
 4923  1 
 4924  0 
 4925  0 
 4926  0 
 4927  0 
 4928  0 
 4929  1 
 4930  0 
 4931  0 
 4932  0 
 4933  1 
 4934  0 
 4935  0 
 4936  0 
 4937  0 
 4938  0 
 4939  0 
 4940  0 
 4941  1 
 4942  0 
 4943  0 
 4944  1 
 4945  0 
 4946  0 
 4947  0 
 4948  0 
 4949  0 
 4950  0 
 4951  0 
 4952  0 
 4953  0 
 4954  0 
 4955  1 
 4956  0 
 4957  0 
 4958  0 
 4959  0 
 4960  0 
 4961  0 
 4962  0 
 4963  0 
 4964  0 
 4965  0 
 4966  0 
 4967  1 
 4968  0 
 4969  0 
 4970  1 
 4971  0 
 4972  0 
 4973  0 
 4974  1 
 4975  0 
 4976  0 
 4977  2 
 4978  1 
 4979  0 
 4980  0 
 4981  0 
 4982  0 
 4983  0 
 4984  2 
 4985  1 
 4986  0 
 4987  0 
 4988  1 
 4989  0 
 4990  0 
 4991  0 
 4992  0 
 4993  1 
 4994  0 
 4995  0 
 4996  0 
 4997  1 
 4998  1 
 4999  0 
 5000  0 
 5001  1 
 5002  0 
 5003  0 
 5004  0 
 5005  0 
 5006  2 
 5007  0 
 5008  1 
 5009  0 
 5010  1 
 5011  0 
 5012  0 
 5013  0 
 5014  1 
 5015  0 
 5016  0 
 5017  0 
 5018  0 
 5019  0 
 5020  0 
 5021  0 
 5022  2 
 5023  1 
 5024  0 
 5025  0 
 5026  0 
 5027  1 
 5028  1 
 5029  1 
 5030  1 
 5031  0 
 5032  0 
 5033  0 
 5034  0 
 5035  0 
 5036  0 
 5037  0 
 5038  1 
 5039  0 
 5040  1 
 5041  0 
 5042  0 
 5043  0 
 5044  0 
 5045  2 
 5046  1 
 5047  0 
 5048  0 
 5049  0 
 5050  0 
 5051  1 
 5052  0 
 5053  1 
 5054  0 
 5055  0 
 5056  0 
 5057  0 
 5058  0 
 5059  0 
 5060  0 
 5061  0 
 5062  0 
 5063  0 
 5064  0 
 5065  0 
 5066  0 
 5067  0 
 5068  0 
 5069  1 
 5070  0 
 5071  0 
 5072  1 
 5073  2 
 5074  0 
 5075  0 
 5076  0 
 5077  0 
 5078  0 
 5079  1 
 5080  0 
 5081  1 
 5082  1 
 5083  0 
 5084  0 
 5085  1 
 5086  0 
 5087  0 
 5088  0 
 5089  1 
 5090  0 
 5091  1 
 5092  0 
 5093  0 
 5094  1 
 5095  0 
 5096  0 
 5097  0 
 5098  1 
 5099  0 
 5100  0 
 5101  0 
 5102  0 
 5103  0 
 5104  0 
 5105  0 
 5106  0 
 5107  0 
 5108  0 
 5109  1 
 5110  0 
 5111  0 
 5112  0 
 5113  0 
 5114  2 
 5115  0 
 5116  0 
 5117  0 
 5118  0 
 5119  2 
 5120  1 
 5121  0 
 5122  0 
 5123  0 
 5124  0 
 5125  0 
 5126  1 
 5127  0 
 5128  1 
 5129  1 
 5130  0 
 5131  0 
 5132  0 
 5133  0 
 5134  1 
 5135  0 
 5136  1 
 5137  0 
 5138  1 
 5139  0 
 5140  1 
 5141  0 
 5142  0 
 5143  0 
 5144  0 
 5145  1 
 5146  0 
 5147  0 
 5148  0 
 5149  0 
 5150  0 
 5151  0 
 5152  1 
 5153  0 
 5154  1 
 5155  0 
 5156  0 
 5157  0 
 5158  0 
 5159  1 
 5160  1 
 5161  0 
 5162  0 
 5163  0 
 5164  1 
 5165  1 
 5166  1 
 5167  0 
 5168  0 
 5169  0 
 5170  1 
 5171  0 
 5172  0 
 5173  0 
 5174  0 
 5175  0 
 5176  0 
 5177  2 
 5178  0 
 5179  0 
 5180  0 
 5181  0 
 5182  0 
 5183  1 
 5184  0 
 5185  2 
 5186  0 
 5187  0 
 5188  0 
 5189  0 
 5190  0 
 5191  0 
 5192  2 
 5193  0 
 5194  0 
 5195  0 
 5196  0 
 5197  0 
 5198  0 
 5199  1 
 5200  2 
 5201  2 
 5202  0 
 5203  0 
 5204  0 
 5205  0 
 5206  0 
 5207  2 
 5208  0 
 5209  0 
 5210  1 
 5211  1 
 5212  0 
 5213  1 
 5214  0 
 5215  0 
 5216  0 
 5217  0 
 5218  1 
 5219  1 
 5220  0 
 5221  0 
 5222  0 
 5223  0 
 5224  2 
 5225  0 
 5226  0 
 5227  1 
 5228  0 
 5229  0 
 5230  1 
 5231  2 
 5232  0 
 5233  0 
 5234  1 
 5235  1 
 5236  2 
 5237  1 
 5238  2 
 5239  0 
 5240  1 
 5241  1 
 5242  1 
 5243  0 
 5244  0 
 5245  0 
 5246  0 
 5247  0 
 5248  0 
 5249  0 
 5250  2 
 5251  1 
 5252  1 
 5253  1 
 5254  1 
 5255  0 
 5256  1 
 5257  0 
 5258  0 
 5259  0 
 5260  0 
 5261  0 
 5262  0 
 5263  0 
 5264  0 
 5265  0 
 5266  1 
 5267  1 
 5268  1 
 5269  0 
 5270  0 
 5271  1 
 5272  0 
 5273  0 
 5274  0 
 5275  0 
 5276  0 
 5277  1 
 5278  0 
 5279  1 
 5280  0 
 5281  0 
 5282  1 
 5283  1 
 5284  0 
 5285  1 
 5286  0 
 5287  0 
 5288  0 
 5289  0 
 5290  0 
 5291  0 
 5292  0 
 5293  0 
 5294  0 
 5295  0 
 5296  0 
 5297  0 
 5298  0 
 5299  0 
 5300  0 
 5301  0 
 5302  1 
 5303  1 
 5304  0 
 5305  0 
 5306  0 
 5307  0 
 5308  0 
 5309  1 
 5310  0 
 5311  1 
 5312  0 
 5313  0 
 5314  1 
 5315  0 
 5316  0 
 5317  0 
 5318  1 
 5319  0 
 5320  0 
 5321  0 
 5322  0 
 5323  0 
 5324  0 
 5325  0 
 5326  1 
 5327  0 
 5328  2 
 5329  0 
 5330  0 
 5331  1 
 5332  0 
 5333  0 
 5334  1 
 5335  0 
 5336  0 
 5337  0 
 5338  0 
 5339  0 
 5340  1 
 5341  1 
 5342  0 
 5343  0 
 5344  0 
 5345  0 
 5346  0 
 5347  0 
 5348  0 
 5349  1 
 5350  0 
 5351  0 
 5352  1 
 5353  0 
 5354  0 
 5355  0 
 5356  0 
 5357  0 
 5358  1 
 5359  0 
 5360  0 
 5361  1 
 5362  1 
 5363  1 
 5364  0 
 5365  1 
 5366  0 
 5367  0 
 5368  1 
 5369  0 
 5370  0 
 5371  1 
 5372  0 
 5373  1 
 5374  0 
 5375  0 
 5376  0 
 5377  1 
 5378  1 
 5379  0 
 5380  0 
 5381  0 
 5382  0 
 5383  1 
 5384  0 
 5385  0 
 5386  0 
 5387  0 
 5388  2 
 5389  0 
 5390  0 
 5391  0 
 5392  0 
 5393  0 
 5394  1 
 5395  0 
 5396  1 
 5397  0 
 5398  0 
 5399  1 
 5400  0 
 5401  2 
 5402  0 
 5403  0 
 5404  0 
 5405  0 
 5406  0 
 5407  0 
 5408  0 
 5409  0 
 5410  1 
 5411  0 
 5412  1 
 5413  0 
 5414  0 
 5415  0 
 5416  0 
 5417  0 
 5418  0 
 5419  0 
 5420  0 
 5421  0 
 5422  1 
 5423  0 
 5424  0 
 5425  1 
 5426  0 
 5427  0 
 5428  0 
 5429  1 
 5430  0 
 5431  0 
 5432  0 
 5433  0 
 5434  0 
 5435  0 
 5436  0 
 5437  0 
 5438  1 
 5439  0 
 5440  0 
 5441  1 
 5442  0 
 5443  1 
 5444  0 
 5445  0 
 5446  0 
 5447  1 
 5448  0 
 5449  0 
 5450  0 
 5451  0 
 5452  0 
 5453  0 
 5454  0 
 5455  0 
 5456  0 
 5457  0 
 5458  0 
 5459  0 
 5460  2 
 5461  0 
 5462  0 
 5463  0 
 5464  0 
 5465  0 
 5466  1 
 5467  0 
 5468  0 
 5469  0 
 5470  0 
 5471  1 
 5472  1 
 5473  0 
 5474  0 
 5475  0 
 5476  0 
 5477  0 
 5478  1 
 5479  0 
 5480  0 
 5481  0 
 5482  0 
 5483  0 
 5484  0 
 5485  0 
 5486  0 
 5487  0 
 5488  0 
 5489  0 
 5490  0 
 5491  0 
 5492  0 
 5493  0 
 5494  1 
 5495  0 
 5496  1 
 5497  0 
 5498  0 
 5499  0 
 5500  0 
 5501  0 
 5502  1 
 5503  0 
 5504  0 
 5505  0 
 5506  1 
 5507  1 
 5508  1 
 5509  0 
 5510  0 
 5511  0 
 5512  0 
 5513  0 
 5514  0 
 5515  0 
 5516  0 
 5517  0 
 5518  0 
 5519  0 
 5520  1 
 5521  0 
 5522  0 
 5523  1 
 5524  0 
 5525  0 
 5526  0 
 5527  0 
 5528  0 
 5529  0 
 5530  0 
 5531  0 
 5532  0 
 5533  0 
 5534  0 
 5535  1 
 5536  0 
 5537  0 
 5538  2 
 5539  0 
 5540  0 
 5541  1 
 5542  1 
 5543  0 
 5544  0 
 5545  0 
 5546  0 
 5547  0 
 5548  0 
 5549  0 
 5550  0 
 5551  1 
 5552  0 
 5553  0 
 5554  0 
 5555  1 
 5556  1 
 5557  0 
 5558  0 
 5559  0 
 5560  0 
 5561  0 
 5562  0 
 5563  0 
 5564  0 
 5565  0 
 5566  0 
 5567  0 
 5568  0 
 5569  0 
 5570  1 
 5571  0 
 5572  1 
 5573  0 
 5574  1 
 5575  0 
 5576  0 
 5577  0 
 5578  0 
 5579  0 
 5580  0 
 5581  0 
 5582  0 
 5583  0 
 5584  0 
 5585  1 
 5586  0 
 5587  0 
 5588  0 
 5589  1 
 5590  0 
 5591  1 
 5592  0 
 5593  0 
 5594  0 
 5595  0 
 5596  0 
 5597  0 
 5598  0 
 5599  1 
 5600  1 
 5601  0 
 5602  0 
 5603  0 
 5604  0 
 5605  0 
 5606  0 
 5607  0 
 5608  0 
 5609  0 
 5610  0 
 5611  0 
 5612  0 
 5613  1 
 5614  0 
 5615  0 
 5616  0 
 5617  0 
 5618  0 
 5619  0 
 5620  0 
 5621  0 
 5622  0 
 5623  1 
 5624  0 
 5625  2 
 5626  0 
 5627  0 
 5628  0 
 5629  2 
 5630  0 
 5631  0 
 5632  0 
 5633  0 
 5634  0 
 5635  0 
 5636  0 
 5637  1 
 5638  0 
 5639  0 
 5640  0 
 5641  1 
 5642  0 
 5643  0 
 5644  0 
 5645  0 
 5646  0 
 5647  0 
 5648  1 
 5649  0 
 5650  0 
 5651  0 
 5652  0 
 5653  0 
 5654  0 
 5655  1 
 5656  0 
 5657  0 
 5658  3 
 5659  1 
 5660  0 
 5661  0 
 5662  0 
 5663  1 
 5664  0 
 5665  0 
 5666  0 
 5667  0 
 5668  0 
 5669  0 
 5670  0 
 5671  0 
 5672  0 
 5673  0 
 5674  0 
 5675  0 
 5676  0 
 5677  0 
 5678  0 
 5679  0 
 5680  0 
 5681  0 
 5682  0 
 5683  0 
 5684  1 
 5685  0 
 5686  0 
 5687  0 
 5688  0 
 5689  0 
 5690  0 
 5691  1 
 5692  1 
 5693  0 
 5694  0 
 5695  0 
 5696  0 
 5697  0 
 5698  0 
 5699  0 
 5700  0 
 5701  1 
 5702  0 
 5703  0 
 5704  0 
 5705  0 
 5706  1 
 5707  0 
 5708  0 
 5709  0 
 5710  0 
 5711  0 
 5712  0 
 5713  1 
 5714  0 
 5715  0 
 5716  1 
 5717  0 
 5718  0 
 5719  0 
 5720  0 
 5721  1 
 5722  0 
 5723  0 
 5724  0 
 5725  0 
 5726  0 
 5727  0 
 5728  0 
 5729  0 
 5730  0 
 5731  0 
 5732  1 
 5733  0 
 5734  0 
 5735  0 
 5736  1 
 5737  0 
 5738  0 
 5739  1 
 5740  0 
 5741  1 
 5742  0 
 5743  0 
 5744  0 
 5745  1 
 5746  1 
 5747  0 
 5748  1 
 5749  0 
 5750  0 
 5751  0 
 5752  0 
 5753  0 
 5754  0 
 5755  0 
 5756  0 
 5757  0 
 5758  1 
 5759  0 
 5760  0 
 5761  0 
 5762  0 
 5763  0 
 5764  0 
 5765  0 
 5766  0 
 5767  0 
 5768  0 
 5769  0 
 5770  0 
 5771  0 
 5772  0 
 5773  0 
 5774  1 
 5775  0 
 5776  0 
 5777  1 
 5778  0 
 5779  1 
 5780  0 
 5781  0 
 5782  0 
 5783  0 
 5784  1 
 5785  0 
 5786  1 
 5787  0 
 5788  1 
 5789  0 
 5790  1 
 5791  0 
 5792  1 
 5793  0 
 5794  1 
 5795  0 
 5796  0 
 5797  2 
 5798  0 
 5799  0 
 5800  0 
 5801  0 
 5802  0 
 5803  0 
 5804  0 
 5805  1 
 5806  0 
 5807  0 
 5808  0 
 5809  1 
 5810  1 
 5811  0 
 5812  0 
 5813  1 
 5814  0 
 5815  2 
 5816  0 
 5817  0 
 5818  0 
 5819  1 
 5820  0 
 5821  1 
 5822  2 
 5823  0 
 5824  0 
 5825  0 
 5826  0 
 5827  0 
 5828  0 
 5829  0 
 5830  1 
 5831  0 
 5832  0 
 5833  1 
 5834  0 
 5835  1 
 5836  0 
 5837  0 
 5838  0 
 5839  0 
 5840  0 
 5841  0 
 5842  1 
 5843  1 
 5844  0 
 5845  1 
 5846  1 
 5847  0 
 5848  0 
 5849  0 
 5850  0 
 5851  0 
 5852  0 
 5853  0 
 5854  1 
 5855  0 
 5856  0 
 5857  0 
 5858  0 
 5859  0 
 5860  0 
 5861  0 
 5862  0 
 5863  0 
 5864  1 
 5865  0 
 5866  0 
 5867  0 
 5868  0 
 5869  0 
 5870  0 
 5871  0 
 5872  0 
 5873  0 
 5874  0 
 5875  0 
 5876  0 
 5877  0 
 5878  0 
 5879  0 
 5880  0 
 5881  0 
 5882  0 
 5883  0 
 5884  0 
 5885  0 
 5886  0 
 5887  1 
 5888  0 
 5889  0 
 5890  0 
 5891  0 
 5892  0 
 5893  0 
 5894  0 
 5895  0 
 5896  0 
 5897  0 
 5898  0 
 5899  0 
 5900  0 
 5901  1 
 5902  0 
 5903  1 
 5904  0 
 5905  0 
 5906  0 
 5907  1 
 5908  1 
 5909  0 
 5910  0 
 5911  0 
 5912  0 
 5913  0 
 5914  0 
 5915  1 
 5916  1 
 5917  0 
 5918  0 
 5919  1 
 5920  0 
 5921  0 
 5922  2 
 5923  0 
 5924  0 
 5925  0 
 5926  0 
 5927  1 
 5928  0 
 5929  0 
 5930  0 
 5931  0 
 5932  0 
 5933  1 
 5934  0 
 5935  0 
 5936  0 
 5937  1 
 5938  1 
 5939  0 
 5940  0 
 5941  0 
 5942  0 
 5943  0 
 5944  0 
 5945  0 
 5946  0 
 5947  0 
 5948  1 
 5949  0 
 5950  0 
 5951  0 
 5952  0 
 5953  1 
 5954  1 
 5955  0 
 5956  0 
 5957  0 
 5958  0 
 5959  0 
 5960  0 
 5961  0 
 5962  0 
 5963  0 
 5964  0 
 5965  1 
 5966  0 
 5967  0 
 5968  0 
 5969  0 
 5970  0 
 5971  1 
 5972  2 
 5973  0 
 5974  3 
 5975  1 
 5976  0 
 5977  0 
 5978  0 
 5979  0 
 5980  1 
 5981  0 
 5982  0 
 5983  0 
 5984  1 
 5985  1 
 5986  0 
 5987  0 
 5988  0 
 5989  0 
 5990  0 
 5991  1 
 5992  0 
 5993  0 
 5994  0 
 5995  0 
 5996  0 
 5997  0 
 5998  0 
 5999  0 
 6000  0 
 6001  0 
 6002  0 
 6003  0 
 6004  0 
 6005  0 
 6006  1 
 6007  2 
 6008  0 
 6009  1 
 6010  0 
 6011  0 
 6012  0 
 6013  0 
 6014  1 
 6015  2 
 6016  1 
 6017  0 
 6018  0 
 6019  0 
 6020  0 
 6021  1 
 6022  1 
 6023  0 
 6024  0 
 6025  0 
 6026  0 
 6027  0 
 6028  1 
 6029  0 
 6030  0 
 6031  1 
 6032  0 
 6033  0 
 6034  0 
 6035  1 
 6036  0 
 6037  0 
 6038  0 
 6039  0 
 6040  0 
 6041  1 
 6042  0 
 6043  0 
 6044  1 
 6045  0 
 6046  0 
 6047  0 
 6048  0 
 6049  0 
 6050  1 
 6051  0 
 6052  0 
 6053  0 
 6054  0 
 6055  0 
 6056  0 
 6057  0 
 6058  0 
 6059  0 
 6060  0 
 6061  0 
 6062  0 
 6063  0 
 6064  0 
 6065  0 
 6066  0 
 6067  0 
 6068  0 
 6069  0 
 6070  0 
 6071  0 
 6072  0 
 6073  0 
 6074  0 
 6075  0 
 6076  0 
 6077  0 
 6078  0 
 6079  1 
 6080  0 
 6081  0 
 6082  0 
 6083  0 
 6084  0 
 6085  0 
 6086  0 
 6087  0 
 6088  0 
 6089  0 
 6090  0 
 6091  0 
 6092  0 
 6093  0 
 6094  0 
 6095  0 
 6096  0 
 6097  0 
 6098  0 
 6099  0 
 6100  0 
 6101  0 
 6102  1 
 6103  0 
 6104  0 
 6105  0 
 6106  0 
 6107  0 
 6108  0 
 6109  0 
 6110  0 
 6111  0 
 6112  0 
 6113  0 
 6114  0 
 6115  0 
 6116  0 
 6117  0 
 6118  0 
 6119  0 
 6120  0 
 6121  1 
 6122  0 
 6123  0 
 6124  0 
 6125  0 
 6126  0 
 6127  0 
 6128  0 
 6129  0 
 6130  1 
 6131  0 
 6132  0 
 6133  0 
 6134  0 
 6135  0 
 6136  0 
 6137  0 
 6138  0 
 6139  0 
 6140  0 
 6141  1 
 6142  0 
 6143  0 
 6144  0 
 6145  0 
 6146  0 
 6147  0 
 6148  0 
 6149  0 
 6150  0 
 6151  0 
 6152  0 
 6153  0 
 6154  0 
 6155  0 
 6156  0 
 6157  0 
 6158  0 
 6159  0 
 6160  0 
 6161  0 
 6162  0 
 6163  0 
 6164  0 
 6165  0 
 6166  0 
 6167  0 
 6168  0 
 6169  0 
 6170  0 
 6171  0 
 6172  1 
 6173  0 
 6174  0 
 6175  0 
 6176  0 
 6177  0 
 6178  0 
 6179  0 
 6180  0 
 6181  0 
 6182  2 
 6183  2 
 6184  0 
 6185  0 
 6186  0 
 6187  0 
 6188  0 
 6189  0 
 6190  0 
 6191  0 
 6192  0 
 6193  0 
 6194  0 
 6195  0 
 6196  0 
 6197  0 
 6198  0 
 6199  0 
 6200  0 
 6201  0 
 6202  0 
 6203  0 
 6204  0 
 6205  0 
 6206  0 
 6207  0 
 6208  0 
 6209  0 
 6210  0 
 6211  0 
 6212  0 
 6213  0 
 6214  0 
 6215  0 
 6216  0 
 6217  0 
 6218  0 
 6219  0 
 6220  0 
 6221  0 
 6222  0 
 6223  0 
 6224  0 
 6225  0 
 6226  0 
 6227  0 
 6228  0 
 6229  0 
 6230  0 
 6231  0 
 6232  0 
 6233  0 
 6234  0 
 6235  0 
 6236  0 
 6237  0 
 6238  0 
 6239  0 
 6240  0 
 6241  1 
 6242  0 
 6243  0 
 6244  0 
 6245  0 
 6246  0 
 6247  0 
 6248  0 
 6249  0 
 6250  0 
 6251  0 
 6252  0 
 6253  0 
 6254  0 
 6255  0 
 6256  0 
 6257  0 
 6258  0 
 6259  0 
 6260  0 
 6261  0 
 6262  0 
 6263  0 
 6264  0 
 6265  0 
 6266  0 
 6267  0 
 6268  0 
 6269  0 
 6270  0 
 6271  0 
 6272  0 
 6273  0 
 6274  0 
 6275  1 
 6276  0 
 6277  0 
 6278  0 
 6279  0 
 6280  0 
 6281  0 
 6282  1 
 6283  0 
 6284  0 
 6285  0 
 6286  0 
 6287  0 
 6288  0 
 6289  0 
 6290  0 
 6291  0 
 6292  0 
 6293  0 
 6294  0 
 6295  0 
 6296  0 
 6297  0 
 6298  0 
 6299  0 
 6300  0 
 6301  0 
 6302  0 
 6303  0 
 6304  0 
 6305  0 
 6306  0 
 6307  0 
 6308  0 
 6309  0 
 6310  0 
 6311  0 
 6312  0 
 6313  0 
 6314  0 
 6315  0 
 6316  0 
 6317  0 
 6318  0 
 6319  0 
 6320  0 
 6321  0 
 6322  0 
 6323  0 
 6324  0 
 6325  0 
 6326  0 
 6327  0 
 6328  0 
 6329  0 
 6330  0 
 6331  0 
 6332  0 
 6333  0 
 6334  0 
 6335  0 
 6336  0 
 6337  0 
 6338  0 
 6339  0 
 6340  0 
 6341  0 
 6342  0 
 6343  0 
 6344  0 
 6345  0 
 6346  0 
 6347  0 
 6348  0 
 6349  0 
 6350  0 
 6351  0 
 6352  0 
 6353  0 
 6354  0 
 6355  0 
 6356  0 
 6357  0 
 6358  0 
 6359  0 
 6360  0 
 6361  0 
 6362  0 
 6363  0 
 6364  0 
 6365  0 
 6366  0 
 6367  0 
 6368  0 
 6369  0 
 6370  0 
 6371  1 
 6372  0 
 6373  0 
 6374  0 
 6375  0 
 6376  0 
 6377  0 
 6378  0 
 6379  0 
 6380  0 
 6381  0 
 6382  0 
 6383  0 
 6384  0 
 6385  0 
 6386  0 
 6387  0 
 6388  0 
 6389  0 
 6390  0 
 6391  0 
 6392  0 
 6393  0 
 6394  0 
 6395  0 
 6396  0 
 6397  0 
 6398  0 
 6399  0 
 6400  0 
 6401  0 
 6402  0 
 6403  0 
 6404  0 
 6405  0 
 6406  0 
 6407  0 
 6408  0 
 6409  0 
 6410  0 
 6411  0 
 6412  0 
 6413  0 
 6414  0 
 6415  0 
 6416  0 
 6417  0 
 6418  0 
 6419  0 
 6420  0 
 6421  0 
 6422  0 
 6423  0 
 6424  0 
 6425  0 
 6426  0 
 6427  0 
 6428  0 
 6429  0 
 6430  0 
 6431  0 
 6432  0 
 6433  0 
 6434  0 
 6435  0 
 6436  0 
 6437  0 
 6438  0 
 6439  0 
 6440  0 
 6441  0 
 6442  0 
 6443  0 
 6444  0 
 6445  0 
 6446  0 
 6447  0 
 6448  1 
 6449  0 
 6450  0 
 6451  0 
 6452  0 
 6453  0 
 6454  0 
 6455  0 
 6456  0 
 6457  0 
 6458  0 
 6459  0 
 6460  1 
 6461  0 
 6462  0 
 6463  0 
 6464  0 
 6465  0 
 6466  0 
 6467  0 
 6468  0 
 6469  0 
 6470  0 
 6471  0 
 6472  0 
 6473  0 
 6474  0 
 6475  0 
 6476  0 
 6477  1 
 6478  0 
 6479  0 
 6480  0 
 6481  0 
 6482  0 
 6483  0 
 6484  0 
 6485  0 
 6486  0 
 6487  0 
 6488  0 
 6489  0 
 6490  0 
 6491  0 
 6492  0 
 6493  0 
 6494  0 
 6495  0 
 6496  0 
 6497  0 
 6498  0 
 6499  0 
 6500  0 
 6501  0 
 6502  0 
 6503  0 
 6504  0 
 6505  0 
 6506  0 
 6507  0 
 6508  0 
 6509  0 
 6510  0 
 6511  0 
 6512  0 
 6513  0 
 6514  0 
 6515  0 
 6516  0 
 6517  1 
 6518  0 
 6519  0 
 6520  0 
 6521  0 
 6522  0 
 6523  0 
 6524  0 
 6525  0 
 6526  0 
 6527  0 
 6528  0 
 6529  0 
 6530  0 
 6531  0 
 6532  0 
 6533  0 
 6534  0 
 6535  0 
 6536  0 
 6537  0 
 6538  0 
 6539  0 
 6540  0 
 6541  0 
 6542  0 
 6543  0 
 6544  0 
 6545  0 
 6546  0 
 6547  0 
 6548  0 
 6549  1 
 6550  0 
 6551  0 
 6552  0 
 6553  0 
 6554  0 
 6555  0 
 6556  0 
 6557  0 
 6558  0 
 6559  0 
 6560  0 
 6561  1 
 6562  0 
 6563  0 
 6564  0 
 6565  0 
 6566  0 
 6567  0 
 6568  0 
 6569  0 
 6570  0 
 6571  0 
 6572  0 
 6573  0 
 6574  0 
 6575  0 
 6576  0 
 6577  0 
 6578  0 
 6579  0 
 6580  0 
 6581  0 
 6582  0 
 6583  0 
 6584  0 
 6585  0 
 6586  0 
 6587  0 
 6588  0 
 6589  0 
 6590  0 
 6591  0 
 6592  0 
 6593  0 
 6594  0 
 6595  0 
 6596  0 
 6597  0 
 6598  0 
 6599  0 
 6600  0 
 6601  0 
 6602  0 
 6603  0 
 6604  0 
 6605  0 
 6606  0 
 6607  0 
 6608  0 
 6609  0 
 6610  0 
 6611  0 
 6612  0 
 6613  0 
 6614  0 
 6615  0 
 6616  0 
 6617  0 
 6618  0 
 6619  0 
 6620  1 
 6621  0 
 6622  0 
 6623  0 
 6624  0 
 6625  0 
 6626  0 
 6627  0 
 6628  0 
 6629  0 
 6630  0 
 6631  0 
 6632  0 
 6633  0 
 6634  0 
 6635  0 
 6636  1 
 6637  0 
 6638  0 
 6639  0 
 6640  0 
 6641  0 
 6642  0 
 6643  0 
 6644  1 
 6645  0 
 6646  0 
 6647  1 
 6648  1 
 6649  0 
 6650  0 
 6651  0 
 6652  0 
 6653  0 
 6654  1 
 6655  1 
 6656  0 
 6657  0 
 6658  0 
 6659  0 
 6660  1 
 6661  0 
 6662  0 
 6663  1 
 6664  1 
 6665  0 
 6666  0 
 6667  1 
 6668  0 
 6669  0 
 6670  0 
 6671  0 
 6672  0 
 6673  0 
 6674  0 
 6675  0 
 6676  0 
 6677  0 
 6678  0 
 6679  0 
 6680  0 
 6681  0 
 6682  0 
 6683  0 
 6684  0 
 6685  0 
 6686  0 
 6687  0 
 6688  0 
 6689  0 
 6690  0 
 6691  0 
 6692  0 
 6693  0 
 6694  0 
 6695  0 
 6696  0 
 6697  0 
 6698  1 
 6699  0 
 6700  0 
 6701  0 
 6702  1 
 6703  0 
 6704  1 
 6705  1 
 6706  0 
 6707  0 
 6708  0 
 6709  1 
 6710  0 
 6711  0 
 6712  0 
 6713  0 
 6714  0 
 6715  1 
 6716  1 
 6717  0 
 6718  0 
 6719  0 
 6720  0 
 6721  0 
 6722  0 
 6723  0 
 6724  1 
 6725  0 
 6726  0 
 6727  0 
 6728  2 
 6729  1 
 6730  1 
 6731  0 
 6732  0 
 6733  0 
 6734  0 
 6735  0 
 6736  0 
 6737  2 
 6738  0 
 6739  1 
 6740  0 
 6741  1 
 6742  0 
 6743  1 
 6744  0 
 6745  0 
 6746  1 
 6747  1 
 6748  0 
 6749  0 
 6750  0 
 6751  0 
 6752  0 
 6753  1 
 6754  0 
 6755  0 
 6756  0 
 6757  1 
 6758  1 
 6759  1 
 6760  0 
 6761  1 
 6762  1 
 6763  0 
 6764  0 
 6765  0 
 6766  0 
 6767  0 
 6768  0 
 6769  0 
 6770  0 
 6771  3 
 6772  1 
 6773  0 
 6774  0 
 6775  0 
 6776  0 
 6777  1 
 6778  0 
 6779  1 
 6780  3 
 6781  2 
 6782  1 
 6783  0 
 6784  1 
 6785  1 
 6786  0 
 6787  2 
 6788  1 
 6789  1 
 6790  0 
 6791  0 
 6792  1 
 6793  0 
 6794  0 
 6795  0 
 6796  2 
 6797  1 
 6798  1 
 6799  0 
 6800  0 
 6801  0 
 6802  1 
 6803  0 
 6804  1 
 6805  1 
 6806  3 
 6807  0 
 6808  0 
 6809  2 
 6810  0 
 6811  0 
 6812  0 
 6813  1 
 6814  2 
 6815  1 
 6816  0 
 6817  2 
 6818  2 
 6819  1 
 6820  0 
 6821  0 
 6822  0 
 6823  2 
 6824  1 
 6825  0 
 6826  1 
 6827  0 
 6828  0 
 6829  0 
 6830  2 
 6831  0 
 6832  1 
 6833  0 
 6834  2 
 6835  2 
 6836  0 
 6837  0 
 6838  0 
 6839  0 
 6840  0 
 6841  0 
 6842  0 
 6843  1 
 6844  0 
 6845  0 
 6846  0 
 6847  0 
 6848  1 
 6849  0 
 6850  0 
 6851  0 
 6852  0 
 6853  0 
 6854  1 
 6855  1 
 6856  0 
 6857  0 
 6858  0 
 6859  2 
 6860  0 
 6861  0 
 6862  0 
 6863  0 
 6864  0 
 6865  0 
 6866  1 
 6867  1 
 6868  0 
 6869  0 
 6870  0 
 6871  0 
 6872  2 
 6873  0 
 6874  1 
 6875  0 
 6876  0 
 6877  0 
 6878  0 
 6879  0 
 6880  0 
 6881  0 
 6882  0 
 6883  0 
 6884  1 
 6885  0 
 6886  0 
 6887  1 
 6888  0 
 6889  0 
 6890  1 
 6891  0 
 6892  1 
 6893  0 
 6894  0 
 6895  0 
 6896  0 
 6897  0 
 6898  0 
 6899  0 
 6900  0 
 6901  1 
 6902  0 
 6903  0 
 6904  0 
 6905  0 
 6906  1 
 6907  0 
 6908  0 
 6909  0 
 6910  0 
 6911  0 
 6912  0 
 6913  0 
 6914  0 
 6915  1 
 6916  0 
 6917  0 
 6918  0 
 6919  0 
 6920  0 
 6921  0 
 6922  0 
 6923  0 
 6924  0 
 6925  0 
 6926  0 
 6927  0 
 6928  0 
 6929  0 
 6930  0 
 6931  0 
 6932  0 
 6933  0 
 6934  0 
 6935  0 
 6936  0 
 6937  0 
 6938  0 
 6939  0 
 6940  0 
 6941  0 
 6942  0 
 6943  0 
 6944  0 
 6945  0 
 6946  0 
 6947  0 
 6948  0 
 6949  0 
 6950  0 
 6951  0 
 6952  0 
 6953  0 
 6954  0 
 6955  0 
 6956  0 
 6957  0 
 6958  0 
 6959  0 
 6960  0 
 6961  0 
 6962  0 
 6963  0 
 6964  0 
 6965  0 
 6966  0 
 6967  0 
 6968  0 
 6969  0 
 6970  0 
 6971  0 
 6972  0 
 6973  0 
 6974  0 
 6975  0 
 6976  0 
 6977  0 
 6978  0 
 6979  0 
 6980  0 
 6981  0 
 6982  0 
 6983  0 
 6984  0 
 6985  0 
 6986  0 
 6987  0 
 6988  0 
 6989  0 
 6990  0 
 6991  0 
 6992  0 
 6993  0 
 6994  0 
 6995  0 
 6996  0 
 6997  0 
 6998  0 
 6999  0 
 7000  0 
 7001  0 
 7002  0 
 7003  0 
 7004  0 
 7005  0 
 7006  0 
 7007  0 
 7008  0 
 7009  0 
 7010  0 
 7011  0 
 7012  0 
 7013  0 
 7014  0 
 7015  0 
 7016  0 
 7017  0 
 7018  0 
 7019  0 
 7020  0 
 7021  0 
 7022  0 
 7023  0 
 7024  0 
 7025  0 
 7026  0 
 7027  0 
 7028  0 
 7029  0 
 7030  0 
 7031  0 
 7032  0 
 7033  0 
 7034  0 
 7035  0 
 7036  0 
 7037  0 
 7038  0 
 7039  0 
 7040  0 
 7041  0 
 7042  0 
 7043  0 
 7044  0 
 7045  0 
 7046  0 
 7047  0 
 7048  0 
 7049  0 
 7050  0 
 7051  0 
 7052  0 
 7053  0 
 7054  0 
 7055  0 
 7056  0 
 7057  0 
 7058  0 
 7059  0 
 7060  0 
 7061  0 
 7062  0 
 7063  0 
 7064  0 
 7065  0 
 7066  0 
 7067  0 
 7068  0 
 7069  0 
 7070  0 
 7071  0 
 7072  0 
 7073  0 
 7074  0 
 7075  0 
 7076  0 
 7077  0 
 7078  0 
 7079  0 
 7080  0 
 7081  0 
 7082  0 
 7083  0 
 7084  0 
 7085  0 
 7086  0 
 7087  0 
 7088  0 
 7089  0 
 7090  0 
 7091  0 
 7092  0 
 7093  0 
 7094  0 
 7095  0 
 7096  0 
 7097  0 
 7098  0 
 7099  0 
 7100  0 
 7101  0 
 7102  0 
 7103  0 
 7104  0 
 7105  0 
 7106  0 
 7107  0 
 7108  0 
 7109  0 
 7110  0 
 7111  0 
 7112  0 
 7113  0 
 7114  0 
 7115  0 
 7116  0 
 7117  0 
 7118  0 
 7119  0 
 7120  0 
 7121  0 
 7122  0 
 7123  0 
 7124  0 
 7125  0 
 7126  0 
 7127  0 
 7128  0 
 7129  0 
 7130  0 
 7131  0 
 7132  0 
 7133  0 
 7134  0 
 7135  0 
 7136  0 
 7137  0 
 7138  0 
 7139  0 
 7140  0 
 7141  0 
 7142  0 
 7143  0 
 7144  0 
 7145  0 
 7146  0 
 7147  0 
 7148  0 
 7149  0 
 7150  0 
 7151  0 
 7152  0 
 7153  0 
 7154  0 
 7155  0 
 7156  0 
 7157  0 
 7158  0 
 7159  0 
 7160  0 
 7161  0 
 7162  0 
 7163  0 
 7164  0 
 7165  0 
 7166  0 
 7167  0 
 7168  0 
 7169  0 
 7170  0 
 7171  0 
 7172  0 
 7173  0 
 7174  0 
 7175  0 
 7176  0 
 7177  0 
 7178  0 
 7179  0 
 7180  0 
 7181  0 
 7182  0 
 7183  0 
 7184  0 
 7185  0 
 7186  0 
 7187  0 
 7188  0 
 7189  0 
 7190  0 
 7191  0 
 7192  0 
 7193  0 
 7194  0 
 7195  0 
 7196  0 
 7197  0 
 7198  0 
 7199  0 
 7200  0 
 7201  0 
 7202  0 
 7203  0 
 7204  0 
 7205  0 
 7206  0 
 7207  0 
 7208  0 
 7209  0 
 7210  0 
 7211  0 
 7212  0 
 7213  0 
 7214  0 
 7215  0 
 7216  0 
 7217  0 
 7218  0 
 7219  0 
 7220  0 
 7221  0 
 7222  0 
 7223  0 
 7224  0 
 7225  0 
 7226  0 
 7227  0 
 7228  0 
 7229  0 
 7230  0 
 7231  0 
 7232  0 
 7233  0 
 7234  0 
 7235  0 
 7236  0 
 7237  0 
 7238  0 
 7239  0 
 7240  0 
 7241  0 
 7242  0 
 7243  0 
 7244  0 
 7245  0 
 7246  0 
 7247  0 
 7248  0 
 7249  0 
 7250  0 
 7251  0 
 7252  0 
 7253  0 
 7254  0 
 7255  0 
 7256  0 
 7257  0 
 7258  0 
 7259  0 
 7260  0 
 7261  0 
 7262  0 
 7263  0 
 7264  0 
 7265  0 
 7266  0 
 7267  0 
 7268  0 
 7269  0 
 7270  0 
 7271  0 
 7272  0 
 7273  0 
 7274  0 
 7275  0 
 7276  0 
 7277  0 
 7278  0 
 7279  0 
 7280  0 
 7281  0 
 7282  0 
 7283  0 
 7284  0 
 7285  0 
 7286  0 
 7287  0 
 7288  0 
 7289  0 
 7290  0 
 7291  0 
 7292  0 
 7293  0 
 7294  0 
 7295  0 
 7296  0 
 7297  0 
 7298  0 
 7299  0 
 7300  0 
 7301  0 
 7302  0 
 7303  0 
 7304  0 
 7305  0 
 7306  0 
 7307  0 
 7308  0 
 7309  0 
 7310  0 
 7311  0 
 7312  0 
 7313  0 
 7314  0 
 7315  0 
 7316  0 
 7317  0 
 7318  0 
 7319  0 
 7320  0 
 7321  0 
 7322  0 
 7323  0 
 7324  0 
 7325  0 
 7326  0 
 7327  0 
 7328  0 
 7329  0 
 7330  0 
 7331  0 
 7332  0 
 7333  0 
 7334  0 
 7335  0 
 7336  0 
 7337  0 
 7338  0 
 7339  0 
 7340  0 
 7341  0 
 7342  0 
 7343  0 
 7344  0 
 7345  0 
 7346  0 
 7347  0 
 7348  0 
 7349  0 
 7350  0 
 7351  0 
 7352  0 
 7353  0 
 7354  0 
 7355  0 
 7356  0 
 7357  0 
 7358  0 
 7359  0 
 7360  0 
 7361  0 
 7362  0 
 7363  0 
 7364  0 
 7365  0 
 7366  0 
 7367  0 
 7368  0 
 7369  0 
 7370  0 
 7371  0 
 7372  0 
 7373  0 
 7374  0 
 7375  0 
 7376  0 
 7377  0 
 7378  0 
 7379  0 
 7380  0 
 7381  0 
 7382  0 
 7383  0 
 7384  0 
 7385  0 
 7386  0 
 7387  0 
 7388  0 
 7389  0 
 7390  0 
 7391  0 
 7392  0 
 7393  0 
 7394  0 
 7395  0 
 7396  0 
 7397  0 
 7398  0 
 7399  0 
 7400  0 
 7401  0 
 7402  0 
 7403  0 
 7404  0 
 7405  0 
 7406  0 
 7407  0 
 7408  0 
 7409  0 
 7410  0 
 7411  0 
 7412  0 
 7413  0 
 7414  0 
 7415  0 
 7416  0 
 7417  0 
 7418  0 
 7419  0 
 7420  0 
 7421  0 
 7422  0 
 7423  0 
 7424  0 
 7425  0 
 7426  0 
 7427  0 
 7428  0 
 7429  0 
 7430  0 
 7431  0 
 7432  0 
 7433  0 
 7434  0 
 7435  0 
 7436  0 
 7437  0 
 7438  0 
 7439  0 
 7440  0 
 7441  0 
 7442  0 
 7443  0 
 7444  0 
 7445  0 
 7446  0 
 7447  0 
 7448  0 
 7449  0 
 7450  0 
 7451  0 
 7452  0 
 7453  0 
 7454  0 
 7455  0 
 7456  0 
 7457  0 
 7458  0 
 7459  0 
 7460  0 
 7461  0 
 7462  0 
 7463  0 
 7464  0 
 7465  0 
 7466  0 
 7467  0 
 7468  0 
 7469  0 
 7470  0 
 7471  0 
 7472  0 
 7473  0 
 7474  0 
 7475  0 
 7476  0 
 7477  0 
 7478  0 
 7479  0 
 7480  0 
 7481  0 
 7482  0 
 7483  0 
 7484  0 
 7485  0 
 7486  0 
 7487  0 
 7488  0 
 7489  0 
 7490  0 
 7491  0 
 7492  0 
 7493  0 
 7494  0 
 7495  0 
 7496  0 
 7497  0 
 7498  0 
 7499  0 
 7500  0 
 7501  0 
 7502  0 
 7503  0 
 7504  0 
 7505  0 
 7506  0 
 7507  0 
 7508  0 
 7509  0 
 7510  0 
 7511  0 
 7512  0 
 7513  0 
 7514  0 
 7515  0 
 7516  0 
 7517  0 
 7518  0 
 7519  0 
 7520  0 
 7521  0 
 7522  0 
 7523  0 
 7524  0 
 7525  0 
 7526  0 
 7527  0 
 7528  0 
 7529  0 
 7530  0 
 7531  0 
 7532  0 
 7533  0 
 7534  0 
 7535  0 
 7536  0 
 7537  0 
 7538  0 
 7539  0 
 7540  0 
 7541  0 
 7542  0 
 7543  0 
 7544  0 
 7545  0 
 7546  0 
 7547  0 
 7548  0 
 7549  0 
 7550  0 
 7551  0 
 7552  0 
 7553  0 
 7554  0 
 7555  0 
 7556  0 
 7557  0 
 7558  0 
 7559  0 
 7560  0 
 7561  0 
 7562  0 
 7563  0 
 7564  0 
 7565  0 
 7566  0 
 7567  0 
 7568  0 
 7569  0 
 7570  0 
 7571  0 
 7572  0 
 7573  0 
 7574  0 
 7575  0 
 7576  0 
 7577  0 
 7578  0 
 7579  0 
 7580  0 
 7581  0 
 7582  0 
 7583  0 
 7584  0 
 7585  0 
 7586  0 
 7587  0 
 7588  0 
 7589  0 
 7590  0 
 7591  0 
 7592  0 
 7593  0 
 7594  0 
 7595  0 
 7596  0 
 7597  0 
 7598  0 
 7599  0 
 7600  0 
 7601  0 
 7602  0 
 7603  0 
 7604  0 
 7605  0 
 7606  0 
 7607  0 
 7608  0 
 7609  0 
 7610  0 
 7611  0 
 7612  0 
 7613  0 
 7614  0 
 7615  0 
 7616  0 
 7617  0 
 7618  0 
 7619  0 
 7620  0 
 7621  0 
 7622  0 
 7623  0 
 7624  0 
 7625  0 
 7626  0 
 7627  0 
 7628  0 
 7629  0 
 7630  0 
 7631  0 
 7632  0 
 7633  0 
 7634  0 
 7635  0 
 7636  0 
 7637  0 
 7638  0 
 7639  0 
 7640  0 
 7641  0 
 7642  0 
 7643  0 
 7644  0 
 7645  0 
 7646  0 
 7647  0 
 7648  0 
 7649  0 
 7650  0 
 7651  0 
 7652  0 
 7653  0 
 7654  0 
 7655  0 
 7656  0 
 7657  0 
 7658  0 
 7659  0 
 7660  0 
 7661  0 
 7662  0 
 7663  0 
 7664  0 
 7665  0 
 7666  0 
 7667  0 
 7668  0 
 7669  0 
 7670  0 
 7671  0 
 7672  0 
 7673  0 
 7674  0 
 7675  0 
 7676  0 
 7677  0 
 7678  0 
 7679  0 
 7680  0 
 7681  0 
 7682  0 
 7683  0 
 7684  0 
 7685  0 
 7686  0 
 7687  0 
 7688  0 
 7689  0 
 7690  0 
 7691  0 
 7692  0 
 7693  0 
 7694  0 
 7695  0 
 7696  0 
 7697  0 
 7698  0 
 7699  0 
 7700  0 
 7701  0 
 7702  0 
 7703  0 
 7704  0 
 7705  0 
 7706  0 
 7707  0 
 7708  0 
 7709  0 
 7710  0 
 7711  0 
 7712  0 
 7713  0 
 7714  0 
 7715  0 
 7716  0 
 7717  0 
 7718  0 
 7719  0 
 7720  0 
 7721  0 
 7722  0 
 7723  0 
 7724  0 
 7725  0 
 7726  0 
 7727  0 
 7728  0 
 7729  0 
 7730  0 
 7731  0 
 7732  0 
 7733  0 
 7734  0 
 7735  0 
 7736  0 
 7737  0 
 7738  0 
 7739  0 
 7740  0 
 7741  0 
 7742  0 
 7743  0 
 7744  0 
 7745  0 
 7746  0 
 7747  0 
 7748  0 
 7749  0 
 7750  0 
 7751  0 
 7752  0 
 7753  0 
 7754  0 
 7755  0 
 7756  0 
 7757  0 
 7758  0 
 7759  0 
 7760  0 
 7761  0 
 7762  0 
 7763  0 
 7764  0 
 7765  0 
 7766  0 
 7767  0 
 7768  0 
 7769  0 
 7770  0 
 7771  0 
 7772  0 
 7773  0 
 7774  0 
 7775  0 
 7776  0 
 7777  0 
 7778  0 
 7779  0 
 7780  0 
 7781  0 
 7782  0 
 7783  0 
 7784  0 
 7785  0 
 7786  0 
 7787  0 
 7788  0 
 7789  0 
 7790  0 
 7791  0 
 7792  0 
 7793  0 
 7794  0 
 7795  0 
 7796  0 
 7797  0 
 7798  0 
 7799  0 
 7800  0 
 7801  0 
 7802  0 
 7803  0 
 7804  0 
 7805  0 
 7806  0 
 7807  0 
 7808  0 
 7809  0 
 7810  0 
 7811  0 
 7812  0 
 7813  0 
 7814  0 
 7815  0 
 7816  0 
 7817  0 
 7818  0 
 7819  0 
 7820  0 
 7821  0 
 7822  0 
 7823  0 
 7824  0 
 7825  0 
 7826  0 
 7827  0 
 7828  0 
 7829  0 
 7830  0 
 7831  0 
 7832  0 
 7833  0 
 7834  0 
 7835  0 
 7836  0 
 7837  0 
 7838  0 
 7839  0 
 7840  0 
 7841  0 
 7842  0 
 7843  0 
 7844  0 
 7845  0 
 7846  0 
 7847  0 
 7848  0 
 7849  0 
 7850  0 
 7851  0 
 7852  0 
 7853  0 
 7854  0 
 7855  0 
 7856  0 
 7857  0 
 7858  0 
 7859  0 
 7860  0 
 7861  0 
 7862  0 
 7863  0 
 7864  0 
 7865  0 
 7866  0 
 7867  0 
 7868  0 
 7869  0 
 7870  0 
 7871  0 
 7872  0 
 7873  0 
 7874  0 
 7875  0 
 7876  0 
 7877  0 
 7878  0 
 7879  0 
 7880  0 
 7881  0 
 7882  0 
 7883  0 
 7884  0 
 7885  0 
 7886  0 
 7887  0 
 7888  0 
 7889  0 
 7890  0 
 7891  0 
 7892  0 
 7893  0 
 7894  0 
 7895  0 
 7896  0 
 7897  0 
 7898  0 
 7899  0 
 7900  0 
 7901  0 
 7902  0 
 7903  0 
 7904  0 
 7905  0 
 7906  0 
 7907  0 
 7908  0 
 7909  0 
 7910  0 
 7911  0 
 7912  0 
 7913  0 
 7914  0 
 7915  0 
 7916  0 
 7917  0 
 7918  0 
 7919  0 
 7920  0 
 7921  0 
 7922  0 
 7923  0 
 7924  0 
 7925  0 
 7926  0 
 7927  0 
 7928  0 
 7929  0 
 7930  0 
 7931  0 
 7932  0 
 7933  0 
 7934  0 
 7935  0 
 7936  0 
 7937  0 
 7938  0 
 7939  0 
 7940  0 
 7941  0 
 7942  0 
 7943  0 
 7944  0 
 7945  0 
 7946  0 
 7947  0 
 7948  0 
 7949  0 
 7950  0 
 7951  0 
 7952  0 
 7953  0 
 7954  0 
 7955  0 
 7956  0 
 7957  0 
 7958  0 
 7959  0 
 7960  0 
 7961  0 
 7962  0 
 7963  0 
 7964  0 
 7965  0 
 7966  0 
 7967  0 
 7968  0 
 7969  0 
 7970  0 
 7971  0 
 7972  0 
 7973  0 
 7974  0 
 7975  0 
 7976  0 
 7977  0 
 7978  0 
 7979  0 
 7980  0 
 7981  0 
 7982  0 
 7983  0 
 7984  0 
 7985  0 
 7986  0 
 7987  0 
 7988  0 
 7989  0 
 7990  0 
 7991  0 
 7992  0 
 7993  0 
 7994  0 
 7995  0 
 7996  0 
 7997  0 
 7998  0 
 7999  0 
 8000  0 
 8001  0 
 8002  0 
 8003  0 
 8004  0 
 8005  0 
 8006  0 
 8007  0 
 8008  0 
 8009  0 
 8010  0 
 8011  0 
 8012  0 
 8013  0 
 8014  0 
 8015  0 
 8016  0 
 8017  0 
 8018  1 
 8019  0 
 8020  0 
 8021  0 
 8022  0 
 8023  0 
 8024  0 
 8025  0 
 8026  0 
 8027  0 
 8028  0 
 8029  0 
 8030  0 
 8031  0 
 8032  0 
 8033  0 
 8034  0 
 8035  0 
 8036  0 
 8037  0 
 8038  0 
 8039  0 
 8040  0 
 8041  0 
 8042  0 
 8043  0 
 8044  0 
 8045  0 
 8046  0 
 8047  0 
 8048  0 
 8049  0 
 8050  0 
 8051  0 
 8052  0 
 8053  0 
 8054  0 
 8055  0 
 8056  0 
 8057  0 
 8058  0 
 8059  0 
 8060  0 
 8061  0 
 8062  0 
 8063  0 
 8064  0 
 8065  0 
 8066  0 
 8067  0 
 8068  0 
 8069  0 
 8070  1 
 8071  0 
 8072  0 
 8073  0 
 8074  0 
 8075  0 
 8076  0 
 8077  0 
 8078  0 
 8079  0 
 8080  0 
 8081  0 
 8082  0 
 8083  0 
 8084  0 
 8085  0 
 8086  0 
 8087  0 
 8088  0 
 8089  0 
 8090  0 
 8091  0 
 8092  0 
 8093  0 
 8094  0 
 8095  0 
 8096  0 
 8097  0 
 8098  0 
 8099  0 
 8100  0 
 8101  0 
 8102  0 
 8103  0 
 8104  0 
 8105  0 
 8106  0 
 8107  0 
 8108  0 
 8109  0 
 8110  0 
 8111  0 
 8112  0 
 8113  0 
 8114  0 
 8115  0 
 8116  0 
 8117  0 
 8118  0 
 8119  0 
 8120  0 
 8121  0 
 8122  0 
 8123  0 
 8124  0 
 8125  0 
 8126  0 
 8127  0 
 8128  0 
 8129  0 
 8130  0 
 8131  0 
 8132  0 
 8133  0 
 8134  0 
 8135  0 
 8136  0 
 8137  0 
 8138  0 
 8139  0 
 8140  0 
 8141  0 
 8142  0 
 8143  0 
 8144  0 
 8145  0 
 8146  0 
 8147  0 
 8148  0 
 8149  0 
 8150  0 
 8151  0 
 8152  0 
 8153  0 
 8154  0 
 8155  0 
 8156  0 
 8157  0 
 8158  0 
 8159  0 
 8160  0 
 8161  0 
 8162  0 
 8163  0 
 8164  0 
 8165  0 
 8166  0 
 8167  0 
 8168  0 
 8169  0 
 8170  0 
 8171  0 
 8172  0 
 8173  0 
 8174  0 
 8175  0 
 8176  0 
 8177  0 
 8178  0 
 8179  0 
 8180  0 
 8181  0 
 8182  0 
 8183  0 
 8184  0 
 8185  0 
 8186  0 
 8187  0 
 8188  0 
 8189  0 
 8190  0 
 8191  0 
