 0  1080 
 1  1088 
 2  0 
 3  0 
 4  0 
 5  0 
 6  0 
 7  0 
 8  0 
 9  0 
 10  0 
 11  0 
 12  0 
 13  0 
 14  0 
 15  0 
 16  0 
 17  0 
 18  0 
 19  0 
 20  0 
 21  0 
 22  0 
 23  0 
 24  0 
 25  0 
 26  0 
 27  0 
 28  0 
 29  0 
 30  0 
 31  0 
 32  0 
 33  0 
 34  0 
 35  0 
 36  0 
 37  0 
 38  0 
 39  0 
 40  0 
 41  0 
 42  0 
 43  0 
 44  0 
 45  0 
 46  0 
 47  0 
 48  0 
 49  0 
 50  0 
 51  0 
 52  0 
 53  0 
 54  0 
 55  0 
 56  0 
 57  0 
 58  0 
 59  0 
 60  0 
 61  0 
 62  0 
 63  0 
 64  0 
 65  0 
 66  0 
 67  0 
 68  0 
 69  0 
 70  0 
 71  0 
 72  0 
 73  0 
 74  0 
 75  0 
 76  0 
 77  0 
 78  0 
 79  0 
 80  0 
 81  0 
 82  0 
 83  0 
 84  0 
 85  0 
 86  0 
 87  0 
 88  0 
 89  0 
 90  0 
 91  0 
 92  0 
 93  0 
 94  0 
 95  0 
 96  0 
 97  0 
 98  0 
 99  0 
 100  0 
 101  0 
 102  0 
 103  0 
 104  0 
 105  0 
 106  0 
 107  0 
 108  0 
 109  0 
 110  0 
 111  0 
 112  0 
 113  0 
 114  0 
 115  0 
 116  0 
 117  0 
 118  0 
 119  0 
 120  0 
 121  0 
 122  0 
 123  0 
 124  0 
 125  0 
 126  0 
 127  0 
 128  0 
 129  0 
 130  0 
 131  0 
 132  0 
 133  0 
 134  0 
 135  0 
 136  0 
 137  0 
 138  0 
 139  0 
 140  0 
 141  0 
 142  0 
 143  0 
 144  0 
 145  0 
 146  0 
 147  0 
 148  0 
 149  0 
 150  0 
 151  0 
 152  0 
 153  0 
 154  0 
 155  0 
 156  0 
 157  0 
 158  0 
 159  0 
 160  0 
 161  0 
 162  0 
 163  0 
 164  0 
 165  0 
 166  0 
 167  0 
 168  0 
 169  0 
 170  0 
 171  0 
 172  0 
 173  0 
 174  0 
 175  0 
 176  0 
 177  0 
 178  0 
 179  0 
 180  0 
 181  0 
 182  0 
 183  0 
 184  0 
 185  0 
 186  0 
 187  0 
 188  0 
 189  0 
 190  0 
 191  0 
 192  0 
 193  0 
 194  0 
 195  0 
 196  0 
 197  0 
 198  0 
 199  0 
 200  0 
 201  0 
 202  0 
 203  0 
 204  0 
 205  0 
 206  0 
 207  0 
 208  0 
 209  0 
 210  0 
 211  0 
 212  0 
 213  0 
 214  0 
 215  0 
 216  0 
 217  0 
 218  0 
 219  0 
 220  0 
 221  0 
 222  0 
 223  0 
 224  0 
 225  0 
 226  0 
 227  0 
 228  0 
 229  0 
 230  0 
 231  0 
 232  0 
 233  0 
 234  0 
 235  0 
 236  0 
 237  0 
 238  0 
 239  0 
 240  0 
 241  0 
 242  0 
 243  0 
 244  0 
 245  1 
 246  0 
 247  0 
 248  0 
 249  1 
 250  0 
 251  1 
 252  102 
 253  195 
 254  190 
 255  186 
 256  178 
 257  181 
 258  176 
 259  196 
 260  179 
 261  173 
 262  139 
 263  148 
 264  153 
 265  173 
 266  146 
 267  153 
 268  157 
 269  147 
 270  143 
 271  109 
 272  141 
 273  137 
 274  133 
 275  155 
 276  123 
 277  124 
 278  129 
 279  129 
 280  108 
 281  118 
 282  109 
 283  117 
 284  129 
 285  129 
 286  111 
 287  108 
 288  97 
 289  96 
 290  102 
 291  105 
 292  98 
 293  81 
 294  102 
 295  97 
 296  102 
 297  99 
 298  95 
 299  93 
 300  100 
 301  85 
 302  103 
 303  88 
 304  94 
 305  74 
 306  75 
 307  63 
 308  86 
 309  54 
 310  81 
 311  87 
 312  78 
 313  86 
 314  58 
 315  79 
 316  76 
 317  69 
 318  58 
 319  55 
 320  63 
 321  64 
 322  69 
 323  56 
 324  63 
 325  50 
 326  53 
 327  63 
 328  48 
 329  62 
 330  56 
 331  55 
 332  56 
 333  47 
 334  50 
 335  51 
 336  58 
 337  50 
 338  55 
 339  52 
 340  32 
 341  47 
 342  48 
 343  45 
 344  40 
 345  37 
 346  42 
 347  34 
 348  37 
 349  48 
 350  38 
 351  41 
 352  41 
 353  38 
 354  43 
 355  32 
 356  26 
 357  38 
 358  30 
 359  36 
 360  34 
 361  35 
 362  37 
 363  48 
 364  45 
 365  37 
 366  38 
 367  40 
 368  23 
 369  24 
 370  41 
 371  29 
 372  36 
 373  31 
 374  25 
 375  42 
 376  34 
 377  32 
 378  34 
 379  32 
 380  29 
 381  39 
 382  32 
 383  31 
 384  33 
 385  25 
 386  40 
 387  38 
 388  24 
 389  33 
 390  23 
 391  35 
 392  30 
 393  35 
 394  24 
 395  22 
 396  37 
 397  20 
 398  30 
 399  25 
 400  26 
 401  44 
 402  39 
 403  23 
 404  30 
 405  31 
 406  28 
 407  23 
 408  28 
 409  24 
 410  27 
 411  35 
 412  26 
 413  29 
 414  24 
 415  28 
 416  22 
 417  28 
 418  31 
 419  29 
 420  20 
 421  25 
 422  20 
 423  27 
 424  29 
 425  35 
 426  22 
 427  22 
 428  27 
 429  24 
 430  20 
 431  24 
 432  23 
 433  27 
 434  23 
 435  23 
 436  17 
 437  32 
 438  22 
 439  24 
 440  28 
 441  30 
 442  28 
 443  26 
 444  28 
 445  32 
 446  30 
 447  17 
 448  36 
 449  25 
 450  30 
 451  23 
 452  25 
 453  20 
 454  31 
 455  34 
 456  24 
 457  18 
 458  21 
 459  29 
 460  21 
 461  25 
 462  25 
 463  21 
 464  27 
 465  19 
 466  25 
 467  21 
 468  27 
 469  21 
 470  26 
 471  21 
 472  25 
 473  24 
 474  28 
 475  25 
 476  18 
 477  25 
 478  19 
 479  39 
 480  28 
 481  18 
 482  32 
 483  18 
 484  33 
 485  27 
 486  24 
 487  18 
 488  24 
 489  18 
 490  30 
 491  14 
 492  19 
 493  19 
 494  35 
 495  25 
 496  25 
 497  24 
 498  18 
 499  14 
 500  22 
 501  25 
 502  31 
 503  32 
 504  25 
 505  31 
 506  24 
 507  32 
 508  34 
 509  23 
 510  26 
 511  27 
 512  27 
 513  39 
 514  26 
 515  17 
 516  28 
 517  23 
 518  25 
 519  22 
 520  33 
 521  30 
 522  19 
 523  24 
 524  28 
 525  27 
 526  33 
 527  23 
 528  30 
 529  32 
 530  33 
 531  32 
 532  32 
 533  31 
 534  30 
 535  37 
 536  28 
 537  35 
 538  34 
 539  43 
 540  29 
 541  36 
 542  38 
 543  27 
 544  30 
 545  35 
 546  36 
 547  26 
 548  35 
 549  32 
 550  33 
 551  38 
 552  31 
 553  27 
 554  29 
 555  32 
 556  42 
 557  38 
 558  47 
 559  41 
 560  40 
 561  32 
 562  39 
 563  45 
 564  32 
 565  36 
 566  43 
 567  40 
 568  31 
 569  41 
 570  40 
 571  50 
 572  42 
 573  44 
 574  45 
 575  44 
 576  41 
 577  55 
 578  40 
 579  39 
 580  45 
 581  36 
 582  48 
 583  43 
 584  63 
 585  50 
 586  49 
 587  55 
 588  52 
 589  48 
 590  60 
 591  46 
 592  44 
 593  52 
 594  81 
 595  70 
 596  69 
 597  68 
 598  58 
 599  79 
 600  73 
 601  72 
 602  70 
 603  65 
 604  84 
 605  82 
 606  85 
 607  89 
 608  75 
 609  81 
 610  93 
 611  89 
 612  95 
 613  103 
 614  89 
 615  94 
 616  109 
 617  102 
 618  111 
 619  114 
 620  134 
 621  99 
 622  133 
 623  132 
 624  124 
 625  132 
 626  135 
 627  148 
 628  134 
 629  147 
 630  162 
 631  164 
 632  161 
 633  148 
 634  170 
 635  161 
 636  176 
 637  193 
 638  207 
 639  173 
 640  199 
 641  187 
 642  210 
 643  215 
 644  203 
 645  188 
 646  230 
 647  202 
 648  226 
 649  197 
 650  230 
 651  207 
 652  244 
 653  244 
 654  215 
 655  246 
 656  235 
 657  205 
 658  257 
 659  231 
 660  257 
 661  252 
 662  249 
 663  296 
 664  285 
 665  260 
 666  254 
 667  249 
 668  265 
 669  246 
 670  259 
 671  252 
 672  270 
 673  233 
 674  253 
 675  251 
 676  240 
 677  262 
 678  246 
 679  233 
 680  275 
 681  271 
 682  243 
 683  236 
 684  244 
 685  236 
 686  249 
 687  221 
 688  274 
 689  234 
 690  212 
 691  222 
 692  234 
 693  233 
 694  252 
 695  228 
 696  209 
 697  210 
 698  205 
 699  203 
 700  191 
 701  195 
 702  198 
 703  200 
 704  170 
 705  180 
 706  177 
 707  169 
 708  170 
 709  185 
 710  149 
 711  157 
 712  158 
 713  151 
 714  151 
 715  148 
 716  127 
 717  119 
 718  130 
 719  117 
 720  115 
 721  120 
 722  110 
 723  101 
 724  105 
 725  99 
 726  102 
 727  99 
 728  87 
 729  89 
 730  85 
 731  60 
 732  65 
 733  84 
 734  71 
 735  61 
 736  71 
 737  62 
 738  71 
 739  54 
 740  50 
 741  53 
 742  68 
 743  42 
 744  44 
 745  46 
 746  45 
 747  38 
 748  32 
 749  27 
 750  40 
 751  38 
 752  38 
 753  43 
 754  41 
 755  42 
 756  31 
 757  28 
 758  29 
 759  36 
 760  20 
 761  27 
 762  29 
 763  32 
 764  28 
 765  28 
 766  29 
 767  22 
 768  28 
 769  18 
 770  23 
 771  21 
 772  14 
 773  19 
 774  30 
 775  26 
 776  26 
 777  29 
 778  27 
 779  22 
 780  14 
 781  18 
 782  25 
 783  14 
 784  17 
 785  10 
 786  19 
 787  20 
 788  18 
 789  10 
 790  18 
 791  21 
 792  14 
 793  20 
 794  20 
 795  19 
 796  30 
 797  17 
 798  23 
 799  24 
 800  17 
 801  26 
 802  25 
 803  14 
 804  10 
 805  23 
 806  12 
 807  18 
 808  22 
 809  10 
 810  19 
 811  23 
 812  19 
 813  18 
 814  18 
 815  11 
 816  16 
 817  18 
 818  15 
 819  24 
 820  12 
 821  22 
 822  11 
 823  27 
 824  14 
 825  21 
 826  14 
 827  27 
 828  13 
 829  18 
 830  9 
 831  15 
 832  14 
 833  26 
 834  19 
 835  19 
 836  18 
 837  18 
 838  13 
 839  19 
 840  24 
 841  15 
 842  24 
 843  14 
 844  23 
 845  17 
 846  13 
 847  22 
 848  19 
 849  14 
 850  14 
 851  15 
 852  11 
 853  15 
 854  17 
 855  13 
 856  13 
 857  12 
 858  14 
 859  19 
 860  23 
 861  9 
 862  15 
 863  13 
 864  17 
 865  25 
 866  18 
 867  20 
 868  15 
 869  14 
 870  11 
 871  19 
 872  21 
 873  11 
 874  16 
 875  16 
 876  23 
 877  14 
 878  11 
 879  20 
 880  22 
 881  13 
 882  22 
 883  13 
 884  12 
 885  15 
 886  13 
 887  11 
 888  16 
 889  12 
 890  18 
 891  25 
 892  13 
 893  23 
 894  14 
 895  16 
 896  13 
 897  18 
 898  13 
 899  20 
 900  20 
 901  12 
 902  18 
 903  10 
 904  21 
 905  13 
 906  15 
 907  12 
 908  13 
 909  15 
 910  19 
 911  13 
 912  17 
 913  15 
 914  16 
 915  17 
 916  14 
 917  31 
 918  15 
 919  18 
 920  16 
 921  22 
 922  12 
 923  15 
 924  11 
 925  18 
 926  12 
 927  13 
 928  17 
 929  19 
 930  10 
 931  8 
 932  11 
 933  13 
 934  18 
 935  14 
 936  20 
 937  11 
 938  17 
 939  7 
 940  11 
 941  17 
 942  20 
 943  16 
 944  14 
 945  15 
 946  9 
 947  18 
 948  16 
 949  10 
 950  15 
 951  20 
 952  16 
 953  12 
 954  21 
 955  17 
 956  14 
 957  7 
 958  13 
 959  21 
 960  11 
 961  20 
 962  13 
 963  10 
 964  17 
 965  13 
 966  15 
 967  15 
 968  15 
 969  8 
 970  16 
 971  13 
 972  14 
 973  17 
 974  15 
 975  16 
 976  16 
 977  24 
 978  18 
 979  17 
 980  15 
 981  18 
 982  17 
 983  9 
 984  14 
 985  12 
 986  16 
 987  19 
 988  15 
 989  7 
 990  18 
 991  20 
 992  12 
 993  12 
 994  19 
 995  14 
 996  21 
 997  15 
 998  14 
 999  17 
 1000  13 
 1001  17 
 1002  13 
 1003  14 
 1004  14 
 1005  17 
 1006  14 
 1007  20 
 1008  15 
 1009  20 
 1010  13 
 1011  21 
 1012  19 
 1013  11 
 1014  11 
 1015  9 
 1016  18 
 1017  9 
 1018  18 
 1019  8 
 1020  13 
 1021  10 
 1022  12 
 1023  13 
 1024  14 
 1025  10 
 1026  13 
 1027  9 
 1028  13 
 1029  7 
 1030  14 
 1031  15 
 1032  16 
 1033  10 
 1034  13 
 1035  11 
 1036  15 
 1037  16 
 1038  16 
 1039  16 
 1040  5 
 1041  13 
 1042  18 
 1043  17 
 1044  13 
 1045  21 
 1046  15 
 1047  20 
 1048  14 
 1049  18 
 1050  16 
 1051  9 
 1052  11 
 1053  14 
 1054  17 
 1055  17 
 1056  16 
 1057  15 
 1058  15 
 1059  14 
 1060  12 
 1061  18 
 1062  15 
 1063  17 
 1064  14 
 1065  18 
 1066  16 
 1067  8 
 1068  9 
 1069  19 
 1070  16 
 1071  10 
 1072  14 
 1073  14 
 1074  13 
 1075  14 
 1076  15 
 1077  14 
 1078  14 
 1079  15 
 1080  16 
 1081  12 
 1082  13 
 1083  7 
 1084  21 
 1085  16 
 1086  21 
 1087  14 
 1088  15 
 1089  19 
 1090  15 
 1091  18 
 1092  18 
 1093  13 
 1094  15 
 1095  17 
 1096  14 
 1097  15 
 1098  12 
 1099  10 
 1100  17 
 1101  13 
 1102  16 
 1103  14 
 1104  12 
 1105  25 
 1106  14 
 1107  14 
 1108  12 
 1109  10 
 1110  9 
 1111  10 
 1112  18 
 1113  12 
 1114  15 
 1115  14 
 1116  17 
 1117  19 
 1118  6 
 1119  13 
 1120  14 
 1121  11 
 1122  12 
 1123  17 
 1124  9 
 1125  15 
 1126  14 
 1127  20 
 1128  15 
 1129  10 
 1130  16 
 1131  15 
 1132  11 
 1133  16 
 1134  17 
 1135  19 
 1136  23 
 1137  11 
 1138  14 
 1139  12 
 1140  14 
 1141  15 
 1142  19 
 1143  16 
 1144  14 
 1145  22 
 1146  16 
 1147  14 
 1148  13 
 1149  17 
 1150  15 
 1151  14 
 1152  16 
 1153  7 
 1154  15 
 1155  14 
 1156  11 
 1157  23 
 1158  12 
 1159  17 
 1160  18 
 1161  18 
 1162  15 
 1163  12 
 1164  17 
 1165  21 
 1166  15 
 1167  9 
 1168  17 
 1169  24 
 1170  21 
 1171  17 
 1172  17 
 1173  14 
 1174  12 
 1175  11 
 1176  13 
 1177  14 
 1178  14 
 1179  16 
 1180  11 
 1181  18 
 1182  11 
 1183  12 
 1184  10 
 1185  14 
 1186  17 
 1187  9 
 1188  16 
 1189  17 
 1190  11 
 1191  15 
 1192  11 
 1193  17 
 1194  20 
 1195  11 
 1196  15 
 1197  19 
 1198  14 
 1199  11 
 1200  12 
 1201  17 
 1202  13 
 1203  14 
 1204  15 
 1205  11 
 1206  11 
 1207  11 
 1208  19 
 1209  13 
 1210  16 
 1211  15 
 1212  10 
 1213  16 
 1214  14 
 1215  11 
 1216  6 
 1217  13 
 1218  7 
 1219  17 
 1220  13 
 1221  12 
 1222  10 
 1223  15 
 1224  17 
 1225  18 
 1226  11 
 1227  12 
 1228  14 
 1229  9 
 1230  10 
 1231  19 
 1232  12 
 1233  14 
 1234  29 
 1235  8 
 1236  9 
 1237  15 
 1238  7 
 1239  19 
 1240  17 
 1241  14 
 1242  12 
 1243  14 
 1244  21 
 1245  13 
 1246  13 
 1247  14 
 1248  18 
 1249  13 
 1250  9 
 1251  13 
 1252  18 
 1253  19 
 1254  14 
 1255  11 
 1256  19 
 1257  13 
 1258  8 
 1259  21 
 1260  13 
 1261  8 
 1262  11 
 1263  8 
 1264  13 
 1265  12 
 1266  10 
 1267  9 
 1268  21 
 1269  10 
 1270  16 
 1271  15 
 1272  18 
 1273  14 
 1274  25 
 1275  15 
 1276  16 
 1277  15 
 1278  11 
 1279  11 
 1280  14 
 1281  15 
 1282  17 
 1283  16 
 1284  12 
 1285  21 
 1286  17 
 1287  16 
 1288  11 
 1289  18 
 1290  10 
 1291  9 
 1292  16 
 1293  16 
 1294  14 
 1295  12 
 1296  12 
 1297  17 
 1298  8 
 1299  12 
 1300  14 
 1301  11 
 1302  18 
 1303  12 
 1304  14 
 1305  18 
 1306  11 
 1307  12 
 1308  17 
 1309  19 
 1310  14 
 1311  19 
 1312  10 
 1313  10 
 1314  15 
 1315  12 
 1316  10 
 1317  10 
 1318  14 
 1319  16 
 1320  11 
 1321  11 
 1322  10 
 1323  11 
 1324  16 
 1325  11 
 1326  12 
 1327  12 
 1328  10 
 1329  10 
 1330  15 
 1331  15 
 1332  13 
 1333  11 
 1334  9 
 1335  8 
 1336  5 
 1337  9 
 1338  18 
 1339  11 
 1340  14 
 1341  12 
 1342  8 
 1343  13 
 1344  13 
 1345  14 
 1346  20 
 1347  5 
 1348  7 
 1349  8 
 1350  13 
 1351  11 
 1352  16 
 1353  13 
 1354  13 
 1355  10 
 1356  12 
 1357  15 
 1358  11 
 1359  12 
 1360  18 
 1361  12 
 1362  17 
 1363  13 
 1364  15 
 1365  13 
 1366  11 
 1367  7 
 1368  8 
 1369  13 
 1370  14 
 1371  17 
 1372  8 
 1373  13 
 1374  20 
 1375  8 
 1376  8 
 1377  12 
 1378  14 
 1379  15 
 1380  11 
 1381  10 
 1382  9 
 1383  12 
 1384  17 
 1385  20 
 1386  12 
 1387  11 
 1388  14 
 1389  16 
 1390  16 
 1391  13 
 1392  14 
 1393  15 
 1394  8 
 1395  15 
 1396  13 
 1397  11 
 1398  18 
 1399  11 
 1400  12 
 1401  9 
 1402  13 
 1403  13 
 1404  18 
 1405  22 
 1406  12 
 1407  15 
 1408  9 
 1409  17 
 1410  11 
 1411  14 
 1412  10 
 1413  17 
 1414  11 
 1415  9 
 1416  19 
 1417  16 
 1418  12 
 1419  16 
 1420  11 
 1421  7 
 1422  14 
 1423  15 
 1424  6 
 1425  11 
 1426  17 
 1427  18 
 1428  16 
 1429  20 
 1430  8 
 1431  10 
 1432  22 
 1433  15 
 1434  9 
 1435  13 
 1436  15 
 1437  18 
 1438  12 
 1439  9 
 1440  24 
 1441  12 
 1442  17 
 1443  11 
 1444  15 
 1445  9 
 1446  14 
 1447  12 
 1448  8 
 1449  14 
 1450  12 
 1451  11 
 1452  11 
 1453  10 
 1454  15 
 1455  7 
 1456  19 
 1457  16 
 1458  15 
 1459  13 
 1460  7 
 1461  15 
 1462  16 
 1463  8 
 1464  9 
 1465  11 
 1466  10 
 1467  16 
 1468  10 
 1469  8 
 1470  16 
 1471  10 
 1472  11 
 1473  15 
 1474  12 
 1475  3 
 1476  22 
 1477  19 
 1478  17 
 1479  9 
 1480  12 
 1481  13 
 1482  15 
 1483  17 
 1484  10 
 1485  15 
 1486  9 
 1487  16 
 1488  13 
 1489  15 
 1490  8 
 1491  13 
 1492  8 
 1493  9 
 1494  16 
 1495  11 
 1496  15 
 1497  7 
 1498  15 
 1499  18 
 1500  21 
 1501  10 
 1502  11 
 1503  12 
 1504  11 
 1505  10 
 1506  9 
 1507  17 
 1508  13 
 1509  11 
 1510  11 
 1511  17 
 1512  6 
 1513  17 
 1514  8 
 1515  11 
 1516  9 
 1517  16 
 1518  6 
 1519  11 
 1520  11 
 1521  12 
 1522  11 
 1523  13 
 1524  10 
 1525  11 
 1526  11 
 1527  18 
 1528  12 
 1529  20 
 1530  12 
 1531  9 
 1532  16 
 1533  18 
 1534  19 
 1535  19 
 1536  13 
 1537  11 
 1538  13 
 1539  19 
 1540  16 
 1541  17 
 1542  23 
 1543  14 
 1544  12 
 1545  7 
 1546  11 
 1547  17 
 1548  6 
 1549  13 
 1550  10 
 1551  9 
 1552  22 
 1553  12 
 1554  8 
 1555  13 
 1556  23 
 1557  10 
 1558  6 
 1559  17 
 1560  11 
 1561  11 
 1562  13 
 1563  17 
 1564  6 
 1565  4 
 1566  13 
 1567  2 
 1568  19 
 1569  13 
 1570  12 
 1571  16 
 1572  8 
 1573  12 
 1574  16 
 1575  10 
 1576  10 
 1577  17 
 1578  11 
 1579  11 
 1580  14 
 1581  13 
 1582  7 
 1583  13 
 1584  8 
 1585  4 
 1586  5 
 1587  13 
 1588  12 
 1589  13 
 1590  18 
 1591  8 
 1592  14 
 1593  21 
 1594  10 
 1595  7 
 1596  12 
 1597  11 
 1598  10 
 1599  11 
 1600  15 
 1601  16 
 1602  8 
 1603  11 
 1604  17 
 1605  14 
 1606  6 
 1607  19 
 1608  20 
 1609  10 
 1610  12 
 1611  10 
 1612  10 
 1613  7 
 1614  16 
 1615  9 
 1616  11 
 1617  13 
 1618  12 
 1619  14 
 1620  13 
 1621  16 
 1622  9 
 1623  13 
 1624  13 
 1625  8 
 1626  18 
 1627  12 
 1628  10 
 1629  10 
 1630  11 
 1631  13 
 1632  13 
 1633  14 
 1634  11 
 1635  14 
 1636  10 
 1637  9 
 1638  9 
 1639  15 
 1640  20 
 1641  12 
 1642  12 
 1643  14 
 1644  12 
 1645  11 
 1646  16 
 1647  14 
 1648  7 
 1649  21 
 1650  11 
 1651  9 
 1652  12 
 1653  17 
 1654  15 
 1655  8 
 1656  8 
 1657  7 
 1658  10 
 1659  12 
 1660  14 
 1661  13 
 1662  16 
 1663  13 
 1664  13 
 1665  15 
 1666  10 
 1667  11 
 1668  10 
 1669  24 
 1670  6 
 1671  10 
 1672  18 
 1673  11 
 1674  14 
 1675  8 
 1676  18 
 1677  19 
 1678  9 
 1679  17 
 1680  14 
 1681  16 
 1682  14 
 1683  14 
 1684  13 
 1685  12 
 1686  14 
 1687  9 
 1688  13 
 1689  18 
 1690  9 
 1691  8 
 1692  13 
 1693  13 
 1694  11 
 1695  15 
 1696  10 
 1697  9 
 1698  8 
 1699  13 
 1700  14 
 1701  17 
 1702  11 
 1703  9 
 1704  12 
 1705  12 
 1706  12 
 1707  19 
 1708  11 
 1709  15 
 1710  6 
 1711  12 
 1712  15 
 1713  15 
 1714  20 
 1715  19 
 1716  14 
 1717  14 
 1718  20 
 1719  15 
 1720  15 
 1721  6 
 1722  12 
 1723  12 
 1724  9 
 1725  16 
 1726  11 
 1727  15 
 1728  12 
 1729  14 
 1730  10 
 1731  10 
 1732  9 
 1733  11 
 1734  20 
 1735  16 
 1736  10 
 1737  11 
 1738  6 
 1739  14 
 1740  11 
 1741  9 
 1742  20 
 1743  19 
 1744  9 
 1745  14 
 1746  17 
 1747  12 
 1748  5 
 1749  9 
 1750  10 
 1751  4 
 1752  11 
 1753  8 
 1754  15 
 1755  6 
 1756  17 
 1757  6 
 1758  10 
 1759  10 
 1760  19 
 1761  16 
 1762  18 
 1763  11 
 1764  13 
 1765  8 
 1766  11 
 1767  12 
 1768  12 
 1769  13 
 1770  5 
 1771  14 
 1772  11 
 1773  10 
 1774  13 
 1775  11 
 1776  11 
 1777  14 
 1778  12 
 1779  13 
 1780  10 
 1781  11 
 1782  11 
 1783  11 
 1784  13 
 1785  18 
 1786  15 
 1787  7 
 1788  4 
 1789  18 
 1790  11 
 1791  14 
 1792  10 
 1793  12 
 1794  18 
 1795  14 
 1796  16 
 1797  11 
 1798  17 
 1799  8 
 1800  11 
 1801  7 
 1802  7 
 1803  15 
 1804  12 
 1805  15 
 1806  8 
 1807  15 
 1808  13 
 1809  13 
 1810  14 
 1811  17 
 1812  18 
 1813  12 
 1814  6 
 1815  6 
 1816  6 
 1817  13 
 1818  9 
 1819  14 
 1820  16 
 1821  10 
 1822  11 
 1823  15 
 1824  14 
 1825  7 
 1826  6 
 1827  9 
 1828  7 
 1829  9 
 1830  15 
 1831  12 
 1832  8 
 1833  7 
 1834  14 
 1835  12 
 1836  17 
 1837  7 
 1838  11 
 1839  13 
 1840  13 
 1841  11 
 1842  11 
 1843  9 
 1844  3 
 1845  10 
 1846  21 
 1847  14 
 1848  9 
 1849  10 
 1850  8 
 1851  13 
 1852  10 
 1853  14 
 1854  11 
 1855  12 
 1856  13 
 1857  13 
 1858  13 
 1859  4 
 1860  7 
 1861  13 
 1862  6 
 1863  6 
 1864  17 
 1865  13 
 1866  9 
 1867  11 
 1868  13 
 1869  11 
 1870  9 
 1871  10 
 1872  7 
 1873  11 
 1874  13 
 1875  16 
 1876  13 
 1877  12 
 1878  13 
 1879  9 
 1880  15 
 1881  23 
 1882  12 
 1883  10 
 1884  9 
 1885  7 
 1886  10 
 1887  12 
 1888  9 
 1889  7 
 1890  10 
 1891  13 
 1892  8 
 1893  12 
 1894  9 
 1895  10 
 1896  8 
 1897  10 
 1898  12 
 1899  14 
 1900  14 
 1901  9 
 1902  11 
 1903  9 
 1904  10 
 1905  8 
 1906  18 
 1907  8 
 1908  8 
 1909  12 
 1910  13 
 1911  13 
 1912  10 
 1913  9 
 1914  8 
 1915  18 
 1916  13 
 1917  11 
 1918  13 
 1919  10 
 1920  12 
 1921  12 
 1922  12 
 1923  19 
 1924  6 
 1925  13 
 1926  8 
 1927  11 
 1928  10 
 1929  16 
 1930  12 
 1931  14 
 1932  14 
 1933  11 
 1934  6 
 1935  10 
 1936  6 
 1937  7 
 1938  12 
 1939  11 
 1940  11 
 1941  14 
 1942  20 
 1943  11 
 1944  14 
 1945  15 
 1946  11 
 1947  9 
 1948  16 
 1949  12 
 1950  9 
 1951  12 
 1952  13 
 1953  13 
 1954  5 
 1955  15 
 1956  17 
 1957  8 
 1958  12 
 1959  10 
 1960  9 
 1961  13 
 1962  14 
 1963  11 
 1964  11 
 1965  12 
 1966  15 
 1967  11 
 1968  15 
 1969  10 
 1970  10 
 1971  12 
 1972  5 
 1973  15 
 1974  11 
 1975  12 
 1976  14 
 1977  14 
 1978  17 
 1979  12 
 1980  19 
 1981  10 
 1982  7 
 1983  16 
 1984  6 
 1985  13 
 1986  12 
 1987  9 
 1988  9 
 1989  9 
 1990  16 
 1991  17 
 1992  14 
 1993  12 
 1994  5 
 1995  11 
 1996  11 
 1997  11 
 1998  12 
 1999  16 
 2000  10 
 2001  9 
 2002  10 
 2003  6 
 2004  13 
 2005  13 
 2006  16 
 2007  16 
 2008  12 
 2009  13 
 2010  15 
 2011  13 
 2012  14 
 2013  13 
 2014  9 
 2015  13 
 2016  8 
 2017  7 
 2018  10 
 2019  14 
 2020  14 
 2021  15 
 2022  8 
 2023  20 
 2024  14 
 2025  15 
 2026  9 
 2027  8 
 2028  14 
 2029  4 
 2030  9 
 2031  12 
 2032  25 
 2033  7 
 2034  16 
 2035  10 
 2036  7 
 2037  11 
 2038  11 
 2039  11 
 2040  5 
 2041  12 
 2042  16 
 2043  10 
 2044  14 
 2045  13 
 2046  10 
 2047  8 
 2048  9 
 2049  7 
 2050  18 
 2051  9 
 2052  16 
 2053  10 
 2054  8 
 2055  13 
 2056  15 
 2057  10 
 2058  6 
 2059  15 
 2060  10 
 2061  14 
 2062  10 
 2063  11 
 2064  7 
 2065  11 
 2066  9 
 2067  10 
 2068  9 
 2069  9 
 2070  8 
 2071  10 
 2072  8 
 2073  12 
 2074  13 
 2075  9 
 2076  15 
 2077  14 
 2078  13 
 2079  9 
 2080  5 
 2081  9 
 2082  12 
 2083  19 
 2084  10 
 2085  11 
 2086  12 
 2087  14 
 2088  11 
 2089  11 
 2090  9 
 2091  6 
 2092  7 
 2093  11 
 2094  12 
 2095  10 
 2096  11 
 2097  6 
 2098  10 
 2099  12 
 2100  13 
 2101  11 
 2102  8 
 2103  11 
 2104  9 
 2105  8 
 2106  10 
 2107  12 
 2108  7 
 2109  15 
 2110  18 
 2111  17 
 2112  13 
 2113  12 
 2114  10 
 2115  18 
 2116  8 
 2117  9 
 2118  15 
 2119  6 
 2120  8 
 2121  11 
 2122  7 
 2123  12 
 2124  9 
 2125  11 
 2126  12 
 2127  5 
 2128  11 
 2129  8 
 2130  9 
 2131  14 
 2132  8 
 2133  8 
 2134  8 
 2135  9 
 2136  15 
 2137  9 
 2138  10 
 2139  6 
 2140  11 
 2141  1 
 2142  10 
 2143  10 
 2144  6 
 2145  12 
 2146  12 
 2147  9 
 2148  9 
 2149  14 
 2150  15 
 2151  17 
 2152  12 
 2153  9 
 2154  10 
 2155  13 
 2156  23 
 2157  12 
 2158  8 
 2159  18 
 2160  14 
 2161  7 
 2162  12 
 2163  11 
 2164  8 
 2165  6 
 2166  16 
 2167  15 
 2168  11 
 2169  9 
 2170  19 
 2171  8 
 2172  6 
 2173  17 
 2174  10 
 2175  15 
 2176  10 
 2177  11 
 2178  16 
 2179  14 
 2180  14 
 2181  9 
 2182  12 
 2183  5 
 2184  5 
 2185  10 
 2186  6 
 2187  8 
 2188  11 
 2189  9 
 2190  12 
 2191  12 
 2192  11 
 2193  13 
 2194  11 
 2195  13 
 2196  12 
 2197  7 
 2198  7 
 2199  16 
 2200  3 
 2201  8 
 2202  13 
 2203  13 
 2204  18 
 2205  10 
 2206  12 
 2207  19 
 2208  10 
 2209  14 
 2210  16 
 2211  10 
 2212  16 
 2213  10 
 2214  11 
 2215  11 
 2216  8 
 2217  11 
 2218  16 
 2219  10 
 2220  15 
 2221  6 
 2222  14 
 2223  13 
 2224  10 
 2225  5 
 2226  12 
 2227  13 
 2228  16 
 2229  11 
 2230  13 
 2231  11 
 2232  6 
 2233  9 
 2234  10 
 2235  9 
 2236  10 
 2237  7 
 2238  17 
 2239  4 
 2240  14 
 2241  12 
 2242  6 
 2243  15 
 2244  7 
 2245  9 
 2246  8 
 2247  10 
 2248  12 
 2249  6 
 2250  13 
 2251  7 
 2252  12 
 2253  17 
 2254  11 
 2255  15 
 2256  9 
 2257  21 
 2258  12 
 2259  11 
 2260  15 
 2261  10 
 2262  13 
 2263  10 
 2264  16 
 2265  5 
 2266  7 
 2267  13 
 2268  11 
 2269  13 
 2270  10 
 2271  9 
 2272  12 
 2273  6 
 2274  9 
 2275  10 
 2276  11 
 2277  6 
 2278  17 
 2279  10 
 2280  12 
 2281  17 
 2282  11 
 2283  7 
 2284  8 
 2285  14 
 2286  11 
 2287  11 
 2288  13 
 2289  11 
 2290  6 
 2291  13 
 2292  14 
 2293  11 
 2294  7 
 2295  10 
 2296  17 
 2297  4 
 2298  8 
 2299  9 
 2300  7 
 2301  9 
 2302  12 
 2303  7 
 2304  14 
 2305  11 
 2306  14 
 2307  14 
 2308  7 
 2309  10 
 2310  7 
 2311  13 
 2312  7 
 2313  16 
 2314  12 
 2315  12 
 2316  10 
 2317  10 
 2318  11 
 2319  15 
 2320  9 
 2321  12 
 2322  12 
 2323  12 
 2324  11 
 2325  17 
 2326  17 
 2327  6 
 2328  16 
 2329  11 
 2330  16 
 2331  5 
 2332  11 
 2333  4 
 2334  11 
 2335  8 
 2336  10 
 2337  8 
 2338  16 
 2339  10 
 2340  11 
 2341  6 
 2342  16 
 2343  12 
 2344  10 
 2345  5 
 2346  9 
 2347  12 
 2348  10 
 2349  10 
 2350  10 
 2351  13 
 2352  10 
 2353  11 
 2354  11 
 2355  11 
 2356  11 
 2357  9 
 2358  7 
 2359  15 
 2360  7 
 2361  10 
 2362  8 
 2363  10 
 2364  10 
 2365  11 
 2366  9 
 2367  12 
 2368  7 
 2369  6 
 2370  18 
 2371  10 
 2372  7 
 2373  15 
 2374  2 
 2375  13 
 2376  13 
 2377  15 
 2378  14 
 2379  10 
 2380  11 
 2381  8 
 2382  9 
 2383  10 
 2384  14 
 2385  13 
 2386  5 
 2387  6 
 2388  11 
 2389  14 
 2390  19 
 2391  14 
 2392  16 
 2393  12 
 2394  5 
 2395  5 
 2396  12 
 2397  8 
 2398  12 
 2399  12 
 2400  18 
 2401  12 
 2402  4 
 2403  11 
 2404  8 
 2405  12 
 2406  8 
 2407  6 
 2408  4 
 2409  11 
 2410  12 
 2411  14 
 2412  9 
 2413  12 
 2414  5 
 2415  10 
 2416  8 
 2417  11 
 2418  3 
 2419  11 
 2420  11 
 2421  14 
 2422  14 
 2423  8 
 2424  11 
 2425  12 
 2426  9 
 2427  16 
 2428  7 
 2429  12 
 2430  6 
 2431  9 
 2432  13 
 2433  8 
 2434  15 
 2435  14 
 2436  8 
 2437  13 
 2438  12 
 2439  10 
 2440  13 
 2441  13 
 2442  9 
 2443  10 
 2444  18 
 2445  13 
 2446  10 
 2447  8 
 2448  10 
 2449  15 
 2450  11 
 2451  9 
 2452  13 
 2453  6 
 2454  10 
 2455  16 
 2456  8 
 2457  8 
 2458  17 
 2459  14 
 2460  12 
 2461  7 
 2462  9 
 2463  9 
 2464  8 
 2465  7 
 2466  6 
 2467  17 
 2468  6 
 2469  6 
 2470  12 
 2471  9 
 2472  12 
 2473  11 
 2474  6 
 2475  16 
 2476  8 
 2477  8 
 2478  6 
 2479  13 
 2480  11 
 2481  20 
 2482  7 
 2483  6 
 2484  6 
 2485  12 
 2486  17 
 2487  10 
 2488  13 
 2489  16 
 2490  7 
 2491  14 
 2492  9 
 2493  5 
 2494  14 
 2495  10 
 2496  11 
 2497  9 
 2498  7 
 2499  8 
 2500  18 
 2501  12 
 2502  11 
 2503  11 
 2504  11 
 2505  12 
 2506  5 
 2507  17 
 2508  6 
 2509  16 
 2510  6 
 2511  10 
 2512  18 
 2513  13 
 2514  9 
 2515  10 
 2516  9 
 2517  10 
 2518  4 
 2519  5 
 2520  12 
 2521  9 
 2522  13 
 2523  8 
 2524  12 
 2525  15 
 2526  15 
 2527  10 
 2528  14 
 2529  7 
 2530  5 
 2531  7 
 2532  17 
 2533  12 
 2534  14 
 2535  12 
 2536  9 
 2537  15 
 2538  5 
 2539  4 
 2540  10 
 2541  11 
 2542  11 
 2543  15 
 2544  18 
 2545  8 
 2546  12 
 2547  13 
 2548  8 
 2549  6 
 2550  11 
 2551  4 
 2552  9 
 2553  14 
 2554  11 
 2555  5 
 2556  10 
 2557  8 
 2558  8 
 2559  9 
 2560  8 
 2561  8 
 2562  10 
 2563  10 
 2564  12 
 2565  10 
 2566  8 
 2567  12 
 2568  7 
 2569  13 
 2570  8 
 2571  8 
 2572  3 
 2573  6 
 2574  9 
 2575  8 
 2576  14 
 2577  9 
 2578  10 
 2579  10 
 2580  6 
 2581  14 
 2582  9 
 2583  10 
 2584  11 
 2585  7 
 2586  10 
 2587  10 
 2588  6 
 2589  7 
 2590  7 
 2591  11 
 2592  12 
 2593  14 
 2594  11 
 2595  13 
 2596  11 
 2597  4 
 2598  9 
 2599  9 
 2600  7 
 2601  8 
 2602  13 
 2603  11 
 2604  6 
 2605  11 
 2606  16 
 2607  10 
 2608  10 
 2609  13 
 2610  13 
 2611  14 
 2612  9 
 2613  9 
 2614  16 
 2615  10 
 2616  8 
 2617  4 
 2618  10 
 2619  13 
 2620  7 
 2621  7 
 2622  6 
 2623  9 
 2624  11 
 2625  10 
 2626  12 
 2627  13 
 2628  11 
 2629  15 
 2630  7 
 2631  12 
 2632  7 
 2633  12 
 2634  10 
 2635  6 
 2636  6 
 2637  19 
 2638  9 
 2639  8 
 2640  7 
 2641  13 
 2642  10 
 2643  7 
 2644  16 
 2645  8 
 2646  13 
 2647  11 
 2648  7 
 2649  11 
 2650  12 
 2651  13 
 2652  11 
 2653  8 
 2654  8 
 2655  19 
 2656  10 
 2657  8 
 2658  12 
 2659  9 
 2660  8 
 2661  12 
 2662  11 
 2663  10 
 2664  12 
 2665  19 
 2666  13 
 2667  13 
 2668  8 
 2669  5 
 2670  9 
 2671  10 
 2672  10 
 2673  8 
 2674  7 
 2675  15 
 2676  6 
 2677  10 
 2678  10 
 2679  7 
 2680  9 
 2681  10 
 2682  11 
 2683  10 
 2684  10 
 2685  8 
 2686  8 
 2687  8 
 2688  7 
 2689  15 
 2690  5 
 2691  10 
 2692  6 
 2693  9 
 2694  9 
 2695  9 
 2696  13 
 2697  7 
 2698  8 
 2699  11 
 2700  12 
 2701  10 
 2702  8 
 2703  11 
 2704  9 
 2705  10 
 2706  6 
 2707  8 
 2708  11 
 2709  11 
 2710  12 
 2711  14 
 2712  9 
 2713  9 
 2714  11 
 2715  12 
 2716  13 
 2717  13 
 2718  5 
 2719  10 
 2720  14 
 2721  7 
 2722  6 
 2723  13 
 2724  10 
 2725  11 
 2726  8 
 2727  10 
 2728  10 
 2729  13 
 2730  11 
 2731  6 
 2732  9 
 2733  9 
 2734  19 
 2735  9 
 2736  14 
 2737  7 
 2738  9 
 2739  10 
 2740  8 
 2741  7 
 2742  8 
 2743  10 
 2744  6 
 2745  12 
 2746  8 
 2747  14 
 2748  10 
 2749  7 
 2750  10 
 2751  6 
 2752  11 
 2753  8 
 2754  3 
 2755  8 
 2756  4 
 2757  5 
 2758  10 
 2759  14 
 2760  5 
 2761  10 
 2762  9 
 2763  5 
 2764  8 
 2765  14 
 2766  9 
 2767  10 
 2768  9 
 2769  7 
 2770  8 
 2771  11 
 2772  12 
 2773  12 
 2774  11 
 2775  8 
 2776  13 
 2777  14 
 2778  9 
 2779  12 
 2780  8 
 2781  17 
 2782  3 
 2783  8 
 2784  8 
 2785  6 
 2786  6 
 2787  13 
 2788  10 
 2789  11 
 2790  2 
 2791  10 
 2792  7 
 2793  7 
 2794  10 
 2795  5 
 2796  13 
 2797  14 
 2798  9 
 2799  11 
 2800  8 
 2801  11 
 2802  6 
 2803  10 
 2804  8 
 2805  7 
 2806  7 
 2807  7 
 2808  7 
 2809  7 
 2810  6 
 2811  12 
 2812  9 
 2813  6 
 2814  8 
 2815  10 
 2816  7 
 2817  7 
 2818  9 
 2819  14 
 2820  5 
 2821  11 
 2822  9 
 2823  8 
 2824  7 
 2825  6 
 2826  6 
 2827  4 
 2828  10 
 2829  7 
 2830  8 
 2831  9 
 2832  9 
 2833  9 
 2834  8 
 2835  8 
 2836  16 
 2837  10 
 2838  9 
 2839  12 
 2840  8 
 2841  11 
 2842  8 
 2843  12 
 2844  9 
 2845  9 
 2846  9 
 2847  7 
 2848  9 
 2849  11 
 2850  10 
 2851  16 
 2852  11 
 2853  10 
 2854  7 
 2855  13 
 2856  8 
 2857  9 
 2858  10 
 2859  12 
 2860  10 
 2861  10 
 2862  6 
 2863  15 
 2864  9 
 2865  6 
 2866  12 
 2867  10 
 2868  10 
 2869  4 
 2870  6 
 2871  9 
 2872  12 
 2873  7 
 2874  8 
 2875  4 
 2876  3 
 2877  13 
 2878  9 
 2879  9 
 2880  12 
 2881  8 
 2882  14 
 2883  14 
 2884  11 
 2885  10 
 2886  11 
 2887  10 
 2888  7 
 2889  7 
 2890  11 
 2891  9 
 2892  5 
 2893  11 
 2894  9 
 2895  6 
 2896  10 
 2897  10 
 2898  11 
 2899  10 
 2900  6 
 2901  12 
 2902  10 
 2903  3 
 2904  10 
 2905  7 
 2906  10 
 2907  7 
 2908  12 
 2909  12 
 2910  5 
 2911  9 
 2912  8 
 2913  8 
 2914  6 
 2915  8 
 2916  10 
 2917  6 
 2918  14 
 2919  5 
 2920  10 
 2921  12 
 2922  11 
 2923  8 
 2924  7 
 2925  8 
 2926  12 
 2927  5 
 2928  10 
 2929  12 
 2930  14 
 2931  7 
 2932  6 
 2933  7 
 2934  6 
 2935  14 
 2936  6 
 2937  12 
 2938  4 
 2939  9 
 2940  8 
 2941  11 
 2942  6 
 2943  7 
 2944  8 
 2945  7 
 2946  7 
 2947  4 
 2948  5 
 2949  4 
 2950  9 
 2951  8 
 2952  3 
 2953  11 
 2954  11 
 2955  4 
 2956  13 
 2957  8 
 2958  7 
 2959  7 
 2960  11 
 2961  4 
 2962  11 
 2963  9 
 2964  10 
 2965  10 
 2966  9 
 2967  7 
 2968  11 
 2969  8 
 2970  8 
 2971  5 
 2972  14 
 2973  5 
 2974  6 
 2975  9 
 2976  11 
 2977  11 
 2978  5 
 2979  9 
 2980  9 
 2981  11 
 2982  7 
 2983  11 
 2984  14 
 2985  4 
 2986  9 
 2987  9 
 2988  8 
 2989  8 
 2990  7 
 2991  4 
 2992  1 
 2993  16 
 2994  6 
 2995  7 
 2996  10 
 2997  13 
 2998  7 
 2999  10 
 3000  6 
 3001  10 
 3002  11 
 3003  10 
 3004  12 
 3005  15 
 3006  5 
 3007  6 
 3008  10 
 3009  7 
 3010  10 
 3011  10 
 3012  9 
 3013  13 
 3014  11 
 3015  5 
 3016  8 
 3017  7 
 3018  9 
 3019  8 
 3020  14 
 3021  10 
 3022  9 
 3023  5 
 3024  13 
 3025  10 
 3026  9 
 3027  8 
 3028  6 
 3029  8 
 3030  11 
 3031  4 
 3032  7 
 3033  12 
 3034  12 
 3035  6 
 3036  8 
 3037  5 
 3038  7 
 3039  7 
 3040  3 
 3041  10 
 3042  10 
 3043  12 
 3044  6 
 3045  4 
 3046  15 
 3047  8 
 3048  6 
 3049  7 
 3050  6 
 3051  6 
 3052  8 
 3053  10 
 3054  6 
 3055  12 
 3056  9 
 3057  13 
 3058  10 
 3059  7 
 3060  12 
 3061  16 
 3062  7 
 3063  16 
 3064  12 
 3065  5 
 3066  7 
 3067  4 
 3068  8 
 3069  9 
 3070  8 
 3071  6 
 3072  5 
 3073  8 
 3074  15 
 3075  10 
 3076  7 
 3077  14 
 3078  8 
 3079  5 
 3080  10 
 3081  13 
 3082  9 
 3083  10 
 3084  5 
 3085  11 
 3086  5 
 3087  11 
 3088  9 
 3089  8 
 3090  7 
 3091  5 
 3092  10 
 3093  8 
 3094  9 
 3095  8 
 3096  11 
 3097  7 
 3098  16 
 3099  14 
 3100  11 
 3101  9 
 3102  11 
 3103  11 
 3104  12 
 3105  4 
 3106  7 
 3107  6 
 3108  10 
 3109  7 
 3110  8 
 3111  12 
 3112  6 
 3113  3 
 3114  9 
 3115  8 
 3116  2 
 3117  10 
 3118  8 
 3119  7 
 3120  9 
 3121  4 
 3122  11 
 3123  10 
 3124  9 
 3125  8 
 3126  17 
 3127  10 
 3128  10 
 3129  5 
 3130  12 
 3131  13 
 3132  10 
 3133  8 
 3134  8 
 3135  4 
 3136  14 
 3137  8 
 3138  7 
 3139  6 
 3140  10 
 3141  6 
 3142  5 
 3143  11 
 3144  12 
 3145  12 
 3146  6 
 3147  11 
 3148  8 
 3149  6 
 3150  6 
 3151  9 
 3152  6 
 3153  7 
 3154  7 
 3155  11 
 3156  5 
 3157  7 
 3158  4 
 3159  6 
 3160  7 
 3161  11 
 3162  6 
 3163  13 
 3164  6 
 3165  7 
 3166  9 
 3167  6 
 3168  10 
 3169  10 
 3170  3 
 3171  4 
 3172  9 
 3173  11 
 3174  7 
 3175  4 
 3176  6 
 3177  11 
 3178  15 
 3179  12 
 3180  8 
 3181  11 
 3182  8 
 3183  8 
 3184  11 
 3185  12 
 3186  9 
 3187  14 
 3188  9 
 3189  8 
 3190  12 
 3191  15 
 3192  23 
 3193  10 
 3194  5 
 3195  12 
 3196  7 
 3197  9 
 3198  12 
 3199  9 
 3200  12 
 3201  12 
 3202  10 
 3203  15 
 3204  17 
 3205  13 
 3206  14 
 3207  11 
 3208  12 
 3209  11 
 3210  16 
 3211  17 
 3212  10 
 3213  9 
 3214  14 
 3215  19 
 3216  13 
 3217  19 
 3218  13 
 3219  7 
 3220  17 
 3221  12 
 3222  17 
 3223  17 
 3224  10 
 3225  18 
 3226  20 
 3227  16 
 3228  14 
 3229  13 
 3230  16 
 3231  14 
 3232  15 
 3233  14 
 3234  19 
 3235  15 
 3236  20 
 3237  21 
 3238  15 
 3239  10 
 3240  15 
 3241  10 
 3242  14 
 3243  9 
 3244  19 
 3245  11 
 3246  16 
 3247  17 
 3248  6 
 3249  7 
 3250  9 
 3251  10 
 3252  9 
 3253  13 
 3254  9 
 3255  10 
 3256  12 
 3257  21 
 3258  7 
 3259  9 
 3260  4 
 3261  13 
 3262  12 
 3263  6 
 3264  10 
 3265  19 
 3266  9 
 3267  9 
 3268  8 
 3269  8 
 3270  3 
 3271  16 
 3272  12 
 3273  11 
 3274  6 
 3275  6 
 3276  11 
 3277  4 
 3278  7 
 3279  8 
 3280  8 
 3281  13 
 3282  9 
 3283  11 
 3284  9 
 3285  9 
 3286  14 
 3287  8 
 3288  2 
 3289  6 
 3290  12 
 3291  9 
 3292  9 
 3293  12 
 3294  2 
 3295  7 
 3296  9 
 3297  8 
 3298  12 
 3299  13 
 3300  6 
 3301  14 
 3302  6 
 3303  7 
 3304  3 
 3305  14 
 3306  12 
 3307  8 
 3308  10 
 3309  11 
 3310  12 
 3311  8 
 3312  10 
 3313  3 
 3314  5 
 3315  13 
 3316  9 
 3317  8 
 3318  9 
 3319  9 
 3320  7 
 3321  6 
 3322  8 
 3323  10 
 3324  7 
 3325  7 
 3326  5 
 3327  12 
 3328  3 
 3329  8 
 3330  9 
 3331  10 
 3332  11 
 3333  5 
 3334  9 
 3335  7 
 3336  9 
 3337  9 
 3338  8 
 3339  3 
 3340  9 
 3341  6 
 3342  9 
 3343  9 
 3344  8 
 3345  12 
 3346  7 
 3347  12 
 3348  5 
 3349  5 
 3350  9 
 3351  8 
 3352  4 
 3353  6 
 3354  8 
 3355  10 
 3356  9 
 3357  2 
 3358  9 
 3359  7 
 3360  7 
 3361  11 
 3362  10 
 3363  7 
 3364  9 
 3365  11 
 3366  15 
 3367  8 
 3368  4 
 3369  6 
 3370  6 
 3371  8 
 3372  13 
 3373  4 
 3374  8 
 3375  10 
 3376  6 
 3377  9 
 3378  7 
 3379  14 
 3380  9 
 3381  8 
 3382  8 
 3383  5 
 3384  9 
 3385  10 
 3386  4 
 3387  13 
 3388  11 
 3389  9 
 3390  12 
 3391  6 
 3392  8 
 3393  9 
 3394  6 
 3395  10 
 3396  6 
 3397  3 
 3398  11 
 3399  5 
 3400  7 
 3401  5 
 3402  9 
 3403  5 
 3404  8 
 3405  6 
 3406  8 
 3407  6 
 3408  12 
 3409  6 
 3410  9 
 3411  6 
 3412  3 
 3413  10 
 3414  10 
 3415  4 
 3416  4 
 3417  13 
 3418  7 
 3419  6 
 3420  9 
 3421  9 
 3422  4 
 3423  7 
 3424  6 
 3425  11 
 3426  10 
 3427  6 
 3428  13 
 3429  11 
 3430  7 
 3431  8 
 3432  7 
 3433  5 
 3434  7 
 3435  4 
 3436  6 
 3437  10 
 3438  8 
 3439  6 
 3440  7 
 3441  9 
 3442  8 
 3443  9 
 3444  9 
 3445  17 
 3446  11 
 3447  11 
 3448  3 
 3449  9 
 3450  8 
 3451  6 
 3452  10 
 3453  9 
 3454  8 
 3455  4 
 3456  9 
 3457  6 
 3458  11 
 3459  9 
 3460  11 
 3461  14 
 3462  4 
 3463  9 
 3464  6 
 3465  9 
 3466  8 
 3467  7 
 3468  11 
 3469  8 
 3470  4 
 3471  6 
 3472  5 
 3473  8 
 3474  3 
 3475  15 
 3476  5 
 3477  10 
 3478  6 
 3479  6 
 3480  7 
 3481  8 
 3482  11 
 3483  8 
 3484  10 
 3485  7 
 3486  8 
 3487  7 
 3488  4 
 3489  8 
 3490  10 
 3491  6 
 3492  10 
 3493  6 
 3494  4 
 3495  11 
 3496  15 
 3497  10 
 3498  6 
 3499  5 
 3500  7 
 3501  11 
 3502  11 
 3503  9 
 3504  11 
 3505  6 
 3506  3 
 3507  7 
 3508  3 
 3509  5 
 3510  6 
 3511  8 
 3512  7 
 3513  5 
 3514  8 
 3515  2 
 3516  9 
 3517  5 
 3518  2 
 3519  8 
 3520  7 
 3521  8 
 3522  8 
 3523  9 
 3524  13 
 3525  10 
 3526  11 
 3527  7 
 3528  6 
 3529  4 
 3530  6 
 3531  9 
 3532  4 
 3533  12 
 3534  5 
 3535  6 
 3536  14 
 3537  10 
 3538  7 
 3539  7 
 3540  7 
 3541  13 
 3542  8 
 3543  13 
 3544  12 
 3545  10 
 3546  8 
 3547  10 
 3548  4 
 3549  8 
 3550  12 
 3551  4 
 3552  13 
 3553  10 
 3554  7 
 3555  8 
 3556  11 
 3557  9 
 3558  9 
 3559  11 
 3560  7 
 3561  5 
 3562  8 
 3563  7 
 3564  7 
 3565  9 
 3566  7 
 3567  8 
 3568  1 
 3569  12 
 3570  5 
 3571  7 
 3572  5 
 3573  9 
 3574  4 
 3575  2 
 3576  7 
 3577  7 
 3578  14 
 3579  5 
 3580  5 
 3581  3 
 3582  7 
 3583  7 
 3584  9 
 3585  8 
 3586  7 
 3587  5 
 3588  7 
 3589  10 
 3590  5 
 3591  12 
 3592  7 
 3593  8 
 3594  6 
 3595  10 
 3596  8 
 3597  10 
 3598  7 
 3599  9 
 3600  12 
 3601  9 
 3602  4 
 3603  14 
 3604  7 
 3605  5 
 3606  5 
 3607  6 
 3608  8 
 3609  7 
 3610  8 
 3611  9 
 3612  7 
 3613  7 
 3614  10 
 3615  7 
 3616  5 
 3617  9 
 3618  6 
 3619  11 
 3620  6 
 3621  9 
 3622  7 
 3623  6 
 3624  5 
 3625  9 
 3626  8 
 3627  9 
 3628  8 
 3629  1 
 3630  8 
 3631  10 
 3632  10 
 3633  3 
 3634  5 
 3635  5 
 3636  7 
 3637  8 
 3638  15 
 3639  11 
 3640  8 
 3641  7 
 3642  8 
 3643  15 
 3644  6 
 3645  10 
 3646  7 
 3647  17 
 3648  5 
 3649  5 
 3650  3 
 3651  6 
 3652  11 
 3653  11 
 3654  10 
 3655  9 
 3656  7 
 3657  10 
 3658  6 
 3659  9 
 3660  3 
 3661  9 
 3662  7 
 3663  5 
 3664  10 
 3665  11 
 3666  6 
 3667  6 
 3668  4 
 3669  9 
 3670  7 
 3671  9 
 3672  5 
 3673  11 
 3674  7 
 3675  10 
 3676  6 
 3677  4 
 3678  10 
 3679  9 
 3680  11 
 3681  9 
 3682  6 
 3683  8 
 3684  9 
 3685  6 
 3686  7 
 3687  7 
 3688  8 
 3689  7 
 3690  4 
 3691  9 
 3692  2 
 3693  3 
 3694  15 
 3695  6 
 3696  9 
 3697  5 
 3698  9 
 3699  6 
 3700  9 
 3701  5 
 3702  8 
 3703  10 
 3704  7 
 3705  5 
 3706  7 
 3707  10 
 3708  13 
 3709  11 
 3710  5 
 3711  10 
 3712  6 
 3713  8 
 3714  10 
 3715  6 
 3716  7 
 3717  8 
 3718  9 
 3719  7 
 3720  7 
 3721  8 
 3722  13 
 3723  7 
 3724  5 
 3725  13 
 3726  5 
 3727  6 
 3728  1 
 3729  5 
 3730  7 
 3731  9 
 3732  8 
 3733  7 
 3734  5 
 3735  4 
 3736  8 
 3737  8 
 3738  8 
 3739  7 
 3740  1 
 3741  6 
 3742  7 
 3743  6 
 3744  7 
 3745  8 
 3746  5 
 3747  7 
 3748  15 
 3749  7 
 3750  9 
 3751  5 
 3752  5 
 3753  9 
 3754  6 
 3755  5 
 3756  8 
 3757  4 
 3758  3 
 3759  5 
 3760  8 
 3761  6 
 3762  4 
 3763  4 
 3764  8 
 3765  5 
 3766  7 
 3767  10 
 3768  6 
 3769  5 
 3770  9 
 3771  5 
 3772  11 
 3773  8 
 3774  7 
 3775  10 
 3776  7 
 3777  8 
 3778  2 
 3779  7 
 3780  12 
 3781  4 
 3782  6 
 3783  8 
 3784  10 
 3785  7 
 3786  11 
 3787  7 
 3788  7 
 3789  6 
 3790  7 
 3791  3 
 3792  3 
 3793  9 
 3794  11 
 3795  5 
 3796  9 
 3797  3 
 3798  12 
 3799  9 
 3800  11 
 3801  6 
 3802  7 
 3803  7 
 3804  7 
 3805  12 
 3806  8 
 3807  9 
 3808  5 
 3809  7 
 3810  6 
 3811  5 
 3812  9 
 3813  7 
 3814  4 
 3815  9 
 3816  2 
 3817  10 
 3818  4 
 3819  4 
 3820  5 
 3821  5 
 3822  10 
 3823  9 
 3824  9 
 3825  9 
 3826  9 
 3827  2 
 3828  7 
 3829  7 
 3830  8 
 3831  9 
 3832  5 
 3833  8 
 3834  4 
 3835  5 
 3836  3 
 3837  10 
 3838  9 
 3839  9 
 3840  6 
 3841  6 
 3842  3 
 3843  7 
 3844  8 
 3845  10 
 3846  14 
 3847  12 
 3848  6 
 3849  14 
 3850  8 
 3851  8 
 3852  10 
 3853  8 
 3854  5 
 3855  9 
 3856  3 
 3857  11 
 3858  8 
 3859  6 
 3860  13 
 3861  6 
 3862  4 
 3863  11 
 3864  6 
 3865  7 
 3866  7 
 3867  6 
 3868  6 
 3869  3 
 3870  9 
 3871  9 
 3872  10 
 3873  4 
 3874  11 
 3875  5 
 3876  7 
 3877  10 
 3878  8 
 3879  7 
 3880  9 
 3881  8 
 3882  10 
 3883  10 
 3884  2 
 3885  8 
 3886  5 
 3887  5 
 3888  9 
 3889  9 
 3890  6 
 3891  5 
 3892  6 
 3893  8 
 3894  8 
 3895  7 
 3896  11 
 3897  9 
 3898  6 
 3899  8 
 3900  5 
 3901  9 
 3902  2 
 3903  6 
 3904  5 
 3905  17 
 3906  10 
 3907  6 
 3908  6 
 3909  9 
 3910  9 
 3911  4 
 3912  9 
 3913  13 
 3914  6 
 3915  10 
 3916  11 
 3917  11 
 3918  6 
 3919  10 
 3920  8 
 3921  5 
 3922  8 
 3923  6 
 3924  12 
 3925  4 
 3926  7 
 3927  7 
 3928  8 
 3929  7 
 3930  8 
 3931  10 
 3932  6 
 3933  7 
 3934  10 
 3935  11 
 3936  9 
 3937  18 
 3938  8 
 3939  8 
 3940  14 
 3941  13 
 3942  11 
 3943  8 
 3944  13 
 3945  12 
 3946  12 
 3947  13 
 3948  6 
 3949  22 
 3950  12 
 3951  13 
 3952  6 
 3953  19 
 3954  16 
 3955  11 
 3956  21 
 3957  13 
 3958  14 
 3959  13 
 3960  20 
 3961  15 
 3962  16 
 3963  7 
 3964  24 
 3965  17 
 3966  15 
 3967  15 
 3968  15 
 3969  6 
 3970  13 
 3971  14 
 3972  18 
 3973  15 
 3974  18 
 3975  21 
 3976  18 
 3977  25 
 3978  12 
 3979  22 
 3980  15 
 3981  13 
 3982  14 
 3983  12 
 3984  14 
 3985  18 
 3986  14 
 3987  14 
 3988  20 
 3989  19 
 3990  18 
 3991  12 
 3992  13 
 3993  11 
 3994  10 
 3995  12 
 3996  15 
 3997  13 
 3998  15 
 3999  17 
 4000  7 
 4001  23 
 4002  15 
 4003  6 
 4004  8 
 4005  8 
 4006  12 
 4007  12 
 4008  9 
 4009  6 
 4010  8 
 4011  8 
 4012  4 
 4013  9 
 4014  8 
 4015  11 
 4016  4 
 4017  15 
 4018  15 
 4019  11 
 4020  10 
 4021  6 
 4022  12 
 4023  18 
 4024  5 
 4025  13 
 4026  6 
 4027  8 
 4028  16 
 4029  8 
 4030  12 
 4031  8 
 4032  12 
 4033  14 
 4034  12 
 4035  9 
 4036  6 
 4037  9 
 4038  13 
 4039  12 
 4040  14 
 4041  8 
 4042  12 
 4043  19 
 4044  15 
 4045  17 
 4046  16 
 4047  18 
 4048  18 
 4049  22 
 4050  18 
 4051  20 
 4052  14 
 4053  16 
 4054  24 
 4055  28 
 4056  25 
 4057  25 
 4058  21 
 4059  21 
 4060  32 
 4061  23 
 4062  27 
 4063  35 
 4064  26 
 4065  39 
 4066  33 
 4067  38 
 4068  30 
 4069  44 
 4070  47 
 4071  41 
 4072  57 
 4073  53 
 4074  58 
 4075  43 
 4076  51 
 4077  59 
 4078  55 
 4079  72 
 4080  49 
 4081  66 
 4082  68 
 4083  60 
 4084  68 
 4085  78 
 4086  66 
 4087  80 
 4088  75 
 4089  66 
 4090  85 
 4091  82 
 4092  81 
 4093  84 
 4094  81 
 4095  72 
 4096  92 
 4097  72 
 4098  86 
 4099  68 
 4100  75 
 4101  85 
 4102  76 
 4103  72 
 4104  67 
 4105  85 
 4106  81 
 4107  76 
 4108  71 
 4109  74 
 4110  83 
 4111  53 
 4112  73 
 4113  62 
 4114  64 
 4115  69 
 4116  67 
 4117  57 
 4118  61 
 4119  56 
 4120  39 
 4121  47 
 4122  42 
 4123  51 
 4124  30 
 4125  45 
 4126  22 
 4127  33 
 4128  25 
 4129  29 
 4130  38 
 4131  31 
 4132  14 
 4133  12 
 4134  21 
 4135  25 
 4136  18 
 4137  22 
 4138  11 
 4139  18 
 4140  13 
 4141  17 
 4142  12 
 4143  12 
 4144  10 
 4145  16 
 4146  7 
 4147  6 
 4148  15 
 4149  12 
 4150  8 
 4151  7 
 4152  9 
 4153  17 
 4154  11 
 4155  10 
 4156  7 
 4157  6 
 4158  5 
 4159  10 
 4160  13 
 4161  11 
 4162  4 
 4163  7 
 4164  8 
 4165  5 
 4166  6 
 4167  8 
 4168  9 
 4169  4 
 4170  8 
 4171  5 
 4172  10 
 4173  4 
 4174  4 
 4175  5 
 4176  8 
 4177  8 
 4178  10 
 4179  4 
 4180  9 
 4181  5 
 4182  9 
 4183  9 
 4184  9 
 4185  4 
 4186  12 
 4187  6 
 4188  4 
 4189  10 
 4190  8 
 4191  6 
 4192  8 
 4193  8 
 4194  10 
 4195  11 
 4196  11 
 4197  9 
 4198  3 
 4199  8 
 4200  11 
 4201  8 
 4202  6 
 4203  5 
 4204  5 
 4205  8 
 4206  8 
 4207  4 
 4208  7 
 4209  7 
 4210  2 
 4211  10 
 4212  3 
 4213  9 
 4214  9 
 4215  8 
 4216  9 
 4217  6 
 4218  11 
 4219  9 
 4220  13 
 4221  6 
 4222  8 
 4223  6 
 4224  3 
 4225  3 
 4226  4 
 4227  9 
 4228  8 
 4229  4 
 4230  7 
 4231  8 
 4232  9 
 4233  8 
 4234  3 
 4235  8 
 4236  8 
 4237  12 
 4238  9 
 4239  7 
 4240  4 
 4241  5 
 4242  6 
 4243  12 
 4244  5 
 4245  5 
 4246  8 
 4247  4 
 4248  9 
 4249  8 
 4250  10 
 4251  6 
 4252  6 
 4253  11 
 4254  9 
 4255  4 
 4256  8 
 4257  11 
 4258  3 
 4259  6 
 4260  5 
 4261  6 
 4262  6 
 4263  4 
 4264  5 
 4265  5 
 4266  8 
 4267  13 
 4268  7 
 4269  6 
 4270  10 
 4271  9 
 4272  7 
 4273  8 
 4274  5 
 4275  6 
 4276  10 
 4277  12 
 4278  8 
 4279  6 
 4280  8 
 4281  9 
 4282  13 
 4283  8 
 4284  2 
 4285  7 
 4286  8 
 4287  10 
 4288  10 
 4289  13 
 4290  6 
 4291  7 
 4292  12 
 4293  12 
 4294  7 
 4295  8 
 4296  6 
 4297  7 
 4298  8 
 4299  7 
 4300  3 
 4301  9 
 4302  11 
 4303  13 
 4304  7 
 4305  8 
 4306  7 
 4307  11 
 4308  7 
 4309  12 
 4310  8 
 4311  6 
 4312  8 
 4313  6 
 4314  6 
 4315  9 
 4316  13 
 4317  9 
 4318  6 
 4319  12 
 4320  12 
 4321  9 
 4322  9 
 4323  7 
 4324  8 
 4325  6 
 4326  14 
 4327  7 
 4328  7 
 4329  8 
 4330  8 
 4331  12 
 4332  5 
 4333  8 
 4334  11 
 4335  10 
 4336  9 
 4337  10 
 4338  6 
 4339  10 
 4340  9 
 4341  3 
 4342  13 
 4343  8 
 4344  4 
 4345  7 
 4346  11 
 4347  8 
 4348  14 
 4349  16 
 4350  10 
 4351  6 
 4352  9 
 4353  12 
 4354  10 
 4355  11 
 4356  13 
 4357  11 
 4358  12 
 4359  17 
 4360  18 
 4361  12 
 4362  6 
 4363  13 
 4364  13 
 4365  14 
 4366  10 
 4367  11 
 4368  14 
 4369  15 
 4370  20 
 4371  22 
 4372  22 
 4373  24 
 4374  20 
 4375  32 
 4376  15 
 4377  28 
 4378  28 
 4379  30 
 4380  33 
 4381  25 
 4382  36 
 4383  32 
 4384  42 
 4385  40 
 4386  48 
 4387  58 
 4388  64 
 4389  69 
 4390  62 
 4391  55 
 4392  58 
 4393  77 
 4394  102 
 4395  86 
 4396  110 
 4397  95 
 4398  120 
 4399  121 
 4400  101 
 4401  133 
 4402  130 
 4403  142 
 4404  180 
 4405  164 
 4406  199 
 4407  206 
 4408  223 
 4409  237 
 4410  265 
 4411  285 
 4412  282 
 4413  317 
 4414  339 
 4415  384 
 4416  404 
 4417  435 
 4418  498 
 4419  541 
 4420  560 
 4421  601 
 4422  667 
 4423  746 
 4424  784 
 4425  840 
 4426  933 
 4427  1002 
 4428  1096 
 4429  1078 
 4430  1158 
 4431  1196 
 4432  1368 
 4433  1371 
 4434  1412 
 4435  1505 
 4436  1614 
 4437  1589 
 4438  1633 
 4439  1629 
 4440  1684 
 4441  1698 
 4442  1670 
 4443  1668 
 4444  1584 
 4445  1540 
 4446  1545 
 4447  1403 
 4448  1436 
 4449  1343 
 4450  1332 
 4451  1220 
 4452  1120 
 4453  1045 
 4454  970 
 4455  926 
 4456  843 
 4457  822 
 4458  688 
 4459  633 
 4460  534 
 4461  472 
 4462  461 
 4463  327 
 4464  369 
 4465  309 
 4466  288 
 4467  245 
 4468  234 
 4469  192 
 4470  165 
 4471  132 
 4472  107 
 4473  103 
 4474  75 
 4475  79 
 4476  81 
 4477  53 
 4478  46 
 4479  43 
 4480  40 
 4481  41 
 4482  39 
 4483  32 
 4484  36 
 4485  29 
 4486  31 
 4487  26 
 4488  19 
 4489  25 
 4490  17 
 4491  20 
 4492  22 
 4493  14 
 4494  18 
 4495  9 
 4496  14 
 4497  10 
 4498  12 
 4499  14 
 4500  13 
 4501  11 
 4502  12 
 4503  15 
 4504  7 
 4505  13 
 4506  18 
 4507  10 
 4508  12 
 4509  10 
 4510  17 
 4511  7 
 4512  15 
 4513  6 
 4514  9 
 4515  11 
 4516  9 
 4517  12 
 4518  12 
 4519  11 
 4520  8 
 4521  10 
 4522  15 
 4523  9 
 4524  11 
 4525  17 
 4526  10 
 4527  7 
 4528  9 
 4529  8 
 4530  15 
 4531  6 
 4532  10 
 4533  15 
 4534  9 
 4535  17 
 4536  13 
 4537  22 
 4538  24 
 4539  20 
 4540  19 
 4541  21 
 4542  25 
 4543  30 
 4544  28 
 4545  33 
 4546  34 
 4547  25 
 4548  40 
 4549  28 
 4550  32 
 4551  35 
 4552  46 
 4553  51 
 4554  46 
 4555  43 
 4556  54 
 4557  52 
 4558  56 
 4559  55 
 4560  57 
 4561  50 
 4562  41 
 4563  72 
 4564  54 
 4565  51 
 4566  70 
 4567  54 
 4568  54 
 4569  42 
 4570  44 
 4571  51 
 4572  38 
 4573  32 
 4574  40 
 4575  26 
 4576  29 
 4577  22 
 4578  27 
 4579  27 
 4580  15 
 4581  15 
 4582  18 
 4583  16 
 4584  13 
 4585  8 
 4586  11 
 4587  9 
 4588  11 
 4589  8 
 4590  7 
 4591  7 
 4592  6 
 4593  5 
 4594  3 
 4595  6 
 4596  2 
 4597  1 
 4598  6 
 4599  4 
 4600  2 
 4601  4 
 4602  4 
 4603  4 
 4604  5 
 4605  5 
 4606  0 
 4607  6 
 4608  1 
 4609  3 
 4610  2 
 4611  4 
 4612  2 
 4613  8 
 4614  1 
 4615  3 
 4616  1 
 4617  1 
 4618  2 
 4619  2 
 4620  5 
 4621  5 
 4622  4 
 4623  3 
 4624  1 
 4625  6 
 4626  4 
 4627  2 
 4628  3 
 4629  3 
 4630  0 
 4631  4 
 4632  3 
 4633  6 
 4634  3 
 4635  4 
 4636  1 
 4637  2 
 4638  4 
 4639  2 
 4640  4 
 4641  9 
 4642  2 
 4643  6 
 4644  6 
 4645  4 
 4646  3 
 4647  8 
 4648  7 
 4649  5 
 4650  4 
 4651  5 
 4652  3 
 4653  2 
 4654  8 
 4655  1 
 4656  4 
 4657  3 
 4658  6 
 4659  8 
 4660  3 
 4661  11 
 4662  12 
 4663  7 
 4664  7 
 4665  6 
 4666  12 
 4667  6 
 4668  11 
 4669  8 
 4670  5 
 4671  9 
 4672  9 
 4673  4 
 4674  4 
 4675  8 
 4676  4 
 4677  14 
 4678  16 
 4679  8 
 4680  20 
 4681  11 
 4682  11 
 4683  7 
 4684  10 
 4685  10 
 4686  23 
 4687  13 
 4688  21 
 4689  15 
 4690  20 
 4691  20 
 4692  28 
 4693  32 
 4694  32 
 4695  30 
 4696  41 
 4697  33 
 4698  41 
 4699  49 
 4700  47 
 4701  57 
 4702  54 
 4703  80 
 4704  58 
 4705  83 
 4706  99 
 4707  101 
 4708  114 
 4709  116 
 4710  123 
 4711  138 
 4712  151 
 4713  183 
 4714  183 
 4715  192 
 4716  213 
 4717  240 
 4718  257 
 4719  296 
 4720  309 
 4721  307 
 4722  328 
 4723  392 
 4724  357 
 4725  403 
 4726  420 
 4727  478 
 4728  396 
 4729  498 
 4730  505 
 4731  561 
 4732  593 
 4733  574 
 4734  618 
 4735  668 
 4736  630 
 4737  728 
 4738  675 
 4739  730 
 4740  687 
 4741  774 
 4742  804 
 4743  818 
 4744  840 
 4745  832 
 4746  817 
 4747  826 
 4748  866 
 4749  835 
 4750  796 
 4751  855 
 4752  800 
 4753  867 
 4754  809 
 4755  799 
 4756  832 
 4757  771 
 4758  719 
 4759  750 
 4760  663 
 4761  656 
 4762  588 
 4763  592 
 4764  564 
 4765  563 
 4766  539 
 4767  493 
 4768  466 
 4769  410 
 4770  400 
 4771  362 
 4772  336 
 4773  302 
 4774  270 
 4775  228 
 4776  213 
 4777  211 
 4778  182 
 4779  177 
 4780  152 
 4781  142 
 4782  93 
 4783  106 
 4784  93 
 4785  80 
 4786  55 
 4787  72 
 4788  32 
 4789  48 
 4790  34 
 4791  21 
 4792  28 
 4793  31 
 4794  24 
 4795  14 
 4796  16 
 4797  16 
 4798  9 
 4799  10 
 4800  9 
 4801  9 
 4802  13 
 4803  9 
 4804  13 
 4805  7 
 4806  6 
 4807  6 
 4808  5 
 4809  9 
 4810  4 
 4811  8 
 4812  8 
 4813  5 
 4814  10 
 4815  11 
 4816  8 
 4817  12 
 4818  11 
 4819  14 
 4820  14 
 4821  12 
 4822  4 
 4823  20 
 4824  26 
 4825  31 
 4826  20 
 4827  32 
 4828  27 
 4829  27 
 4830  44 
 4831  34 
 4832  43 
 4833  57 
 4834  55 
 4835  57 
 4836  57 
 4837  49 
 4838  78 
 4839  61 
 4840  65 
 4841  68 
 4842  83 
 4843  68 
 4844  90 
 4845  88 
 4846  75 
 4847  85 
 4848  71 
 4849  88 
 4850  74 
 4851  77 
 4852  80 
 4853  76 
 4854  57 
 4855  75 
 4856  68 
 4857  48 
 4858  49 
 4859  52 
 4860  40 
 4861  44 
 4862  42 
 4863  26 
 4864  26 
 4865  31 
 4866  19 
 4867  24 
 4868  24 
 4869  19 
 4870  19 
 4871  9 
 4872  15 
 4873  15 
 4874  22 
 4875  13 
 4876  9 
 4877  6 
 4878  8 
 4879  3 
 4880  7 
 4881  15 
 4882  11 
 4883  11 
 4884  5 
 4885  14 
 4886  9 
 4887  11 
 4888  5 
 4889  8 
 4890  11 
 4891  3 
 4892  8 
 4893  13 
 4894  12 
 4895  6 
 4896  13 
 4897  10 
 4898  7 
 4899  7 
 4900  10 
 4901  9 
 4902  11 
 4903  5 
 4904  11 
 4905  9 
 4906  11 
 4907  10 
 4908  11 
 4909  15 
 4910  7 
 4911  7 
 4912  9 
 4913  3 
 4914  4 
 4915  7 
 4916  13 
 4917  2 
 4918  5 
 4919  4 
 4920  7 
 4921  4 
 4922  6 
 4923  6 
 4924  5 
 4925  5 
 4926  1 
 4927  3 
 4928  3 
 4929  3 
 4930  1 
 4931  3 
 4932  1 
 4933  2 
 4934  0 
 4935  0 
 4936  1 
 4937  0 
 4938  0 
 4939  0 
 4940  1 
 4941  0 
 4942  0 
 4943  1 
 4944  0 
 4945  2 
 4946  0 
 4947  1 
 4948  0 
 4949  0 
 4950  0 
 4951  0 
 4952  0 
 4953  0 
 4954  0 
 4955  0 
 4956  0 
 4957  0 
 4958  0 
 4959  0 
 4960  0 
 4961  1 
 4962  0 
 4963  0 
 4964  0 
 4965  0 
 4966  0 
 4967  0 
 4968  0 
 4969  0 
 4970  0 
 4971  0 
 4972  0 
 4973  0 
 4974  0 
 4975  0 
 4976  0 
 4977  1 
 4978  0 
 4979  0 
 4980  0 
 4981  0 
 4982  0 
 4983  0 
 4984  1 
 4985  0 
 4986  0 
 4987  0 
 4988  0 
 4989  0 
 4990  0 
 4991  0 
 4992  0 
 4993  0 
 4994  0 
 4995  0 
 4996  0 
 4997  0 
 4998  0 
 4999  0 
 5000  0 
 5001  0 
 5002  0 
 5003  0 
 5004  0 
 5005  0 
 5006  0 
 5007  0 
 5008  0 
 5009  0 
 5010  0 
 5011  1 
 5012  0 
 5013  0 
 5014  1 
 5015  0 
 5016  0 
 5017  0 
 5018  0 
 5019  0 
 5020  0 
 5021  0 
 5022  0 
 5023  0 
 5024  0 
 5025  0 
 5026  0 
 5027  0 
 5028  0 
 5029  0 
 5030  0 
 5031  0 
 5032  0 
 5033  1 
 5034  0 
 5035  0 
 5036  0 
 5037  0 
 5038  0 
 5039  0 
 5040  0 
 5041  0 
 5042  0 
 5043  0 
 5044  0 
 5045  0 
 5046  0 
 5047  0 
 5048  0 
 5049  0 
 5050  0 
 5051  1 
 5052  0 
 5053  0 
 5054  0 
 5055  0 
 5056  0 
 5057  0 
 5058  0 
 5059  0 
 5060  0 
 5061  0 
 5062  0 
 5063  0 
 5064  0 
 5065  0 
 5066  0 
 5067  0 
 5068  0 
 5069  0 
 5070  0 
 5071  0 
 5072  0 
 5073  0 
 5074  0 
 5075  0 
 5076  0 
 5077  0 
 5078  1 
 5079  1 
 5080  0 
 5081  0 
 5082  0 
 5083  0 
 5084  0 
 5085  0 
 5086  0 
 5087  0 
 5088  0 
 5089  0 
 5090  0 
 5091  0 
 5092  0 
 5093  0 
 5094  0 
 5095  0 
 5096  0 
 5097  0 
 5098  0 
 5099  0 
 5100  0 
 5101  0 
 5102  0 
 5103  0 
 5104  0 
 5105  0 
 5106  0 
 5107  0 
 5108  0 
 5109  0 
 5110  0 
 5111  0 
 5112  0 
 5113  0 
 5114  0 
 5115  0 
 5116  0 
 5117  0 
 5118  0 
 5119  0 
 5120  0 
 5121  0 
 5122  0 
 5123  0 
 5124  0 
 5125  1 
 5126  0 
 5127  0 
 5128  0 
 5129  0 
 5130  0 
 5131  0 
 5132  0 
 5133  0 
 5134  0 
 5135  0 
 5136  0 
 5137  0 
 5138  0 
 5139  0 
 5140  1 
 5141  1 
 5142  0 
 5143  0 
 5144  0 
 5145  0 
 5146  0 
 5147  0 
 5148  0 
 5149  0 
 5150  0 
 5151  0 
 5152  1 
 5153  0 
 5154  0 
 5155  0 
 5156  0 
 5157  0 
 5158  0 
 5159  0 
 5160  0 
 5161  0 
 5162  0 
 5163  0 
 5164  0 
 5165  0 
 5166  0 
 5167  0 
 5168  0 
 5169  1 
 5170  0 
 5171  0 
 5172  0 
 5173  0 
 5174  0 
 5175  0 
 5176  0 
 5177  1 
 5178  0 
 5179  0 
 5180  0 
 5181  0 
 5182  0 
 5183  0 
 5184  0 
 5185  0 
 5186  0 
 5187  0 
 5188  1 
 5189  0 
 5190  0 
 5191  0 
 5192  0 
 5193  0 
 5194  0 
 5195  0 
 5196  0 
 5197  0 
 5198  0 
 5199  1 
 5200  1 
 5201  0 
 5202  0 
 5203  0 
 5204  0 
 5205  0 
 5206  0 
 5207  0 
 5208  1 
 5209  0 
 5210  0 
 5211  0 
 5212  0 
 5213  0 
 5214  0 
 5215  0 
 5216  0 
 5217  0 
 5218  0 
 5219  2 
 5220  0 
 5221  0 
 5222  0 
 5223  0 
 5224  0 
 5225  0 
 5226  0 
 5227  0 
 5228  0 
 5229  0 
 5230  0 
 5231  1 
 5232  0 
 5233  0 
 5234  0 
 5235  0 
 5236  0 
 5237  0 
 5238  0 
 5239  0 
 5240  0 
 5241  0 
 5242  0 
 5243  0 
 5244  0 
 5245  0 
 5246  0 
 5247  0 
 5248  0 
 5249  0 
 5250  0 
 5251  0 
 5252  0 
 5253  0 
 5254  0 
 5255  1 
 5256  0 
 5257  0 
 5258  0 
 5259  0 
 5260  0 
 5261  0 
 5262  0 
 5263  0 
 5264  0 
 5265  0 
 5266  0 
 5267  0 
 5268  0 
 5269  0 
 5270  0 
 5271  0 
 5272  0 
 5273  0 
 5274  2 
 5275  0 
 5276  0 
 5277  0 
 5278  0 
 5279  0 
 5280  0 
 5281  0 
 5282  0 
 5283  0 
 5284  0 
 5285  0 
 5286  0 
 5287  0 
 5288  0 
 5289  0 
 5290  0 
 5291  0 
 5292  0 
 5293  0 
 5294  0 
 5295  0 
 5296  0 
 5297  0 
 5298  0 
 5299  1 
 5300  0 
 5301  0 
 5302  0 
 5303  0 
 5304  0 
 5305  0 
 5306  0 
 5307  0 
 5308  0 
 5309  0 
 5310  0 
 5311  0 
 5312  0 
 5313  0 
 5314  0 
 5315  1 
 5316  0 
 5317  0 
 5318  0 
 5319  0 
 5320  0 
 5321  0 
 5322  0 
 5323  0 
 5324  1 
 5325  1 
 5326  0 
 5327  0 
 5328  0 
 5329  0 
 5330  0 
 5331  0 
 5332  0 
 5333  0 
 5334  0 
 5335  1 
 5336  0 
 5337  0 
 5338  0 
 5339  1 
 5340  0 
 5341  0 
 5342  0 
 5343  0 
 5344  0 
 5345  0 
 5346  0 
 5347  0 
 5348  0 
 5349  0 
 5350  0 
 5351  0 
 5352  0 
 5353  0 
 5354  1 
 5355  0 
 5356  0 
 5357  0 
 5358  0 
 5359  0 
 5360  0 
 5361  0 
 5362  0 
 5363  0 
 5364  0 
 5365  0 
 5366  0 
 5367  0 
 5368  0 
 5369  0 
 5370  0 
 5371  0 
 5372  0 
 5373  0 
 5374  0 
 5375  0 
 5376  0 
 5377  0 
 5378  0 
 5379  1 
 5380  0 
 5381  0 
 5382  0 
 5383  0 
 5384  0 
 5385  0 
 5386  0 
 5387  0 
 5388  0 
 5389  0 
 5390  0 
 5391  0 
 5392  0 
 5393  0 
 5394  0 
 5395  0 
 5396  0 
 5397  0 
 5398  0 
 5399  0 
 5400  0 
 5401  0 
 5402  0 
 5403  0 
 5404  0 
 5405  0 
 5406  0 
 5407  0 
 5408  0 
 5409  0 
 5410  0 
 5411  0 
 5412  0 
 5413  0 
 5414  0 
 5415  0 
 5416  0 
 5417  0 
 5418  0 
 5419  0 
 5420  0 
 5421  0 
 5422  0 
 5423  0 
 5424  0 
 5425  0 
 5426  0 
 5427  0 
 5428  0 
 5429  1 
 5430  0 
 5431  0 
 5432  0 
 5433  0 
 5434  0 
 5435  0 
 5436  0 
 5437  0 
 5438  0 
 5439  0 
 5440  0 
 5441  0 
 5442  0 
 5443  0 
 5444  0 
 5445  0 
 5446  0 
 5447  1 
 5448  0 
 5449  0 
 5450  0 
 5451  0 
 5452  0 
 5453  0 
 5454  0 
 5455  2 
 5456  0 
 5457  0 
 5458  0 
 5459  0 
 5460  0 
 5461  0 
 5462  0 
 5463  0 
 5464  0 
 5465  0 
 5466  0 
 5467  0 
 5468  0 
 5469  0 
 5470  0 
 5471  0 
 5472  0 
 5473  0 
 5474  0 
 5475  0 
 5476  0 
 5477  0 
 5478  0 
 5479  0 
 5480  0 
 5481  1 
 5482  0 
 5483  0 
 5484  0 
 5485  0 
 5486  1 
 5487  0 
 5488  0 
 5489  0 
 5490  0 
 5491  0 
 5492  0 
 5493  0 
 5494  0 
 5495  0 
 5496  0 
 5497  0 
 5498  0 
 5499  0 
 5500  0 
 5501  0 
 5502  0 
 5503  0 
 5504  0 
 5505  0 
 5506  1 
 5507  0 
 5508  0 
 5509  0 
 5510  0 
 5511  0 
 5512  0 
 5513  0 
 5514  0 
 5515  0 
 5516  0 
 5517  1 
 5518  0 
 5519  0 
 5520  0 
 5521  1 
 5522  0 
 5523  0 
 5524  0 
 5525  0 
 5526  1 
 5527  0 
 5528  0 
 5529  0 
 5530  0 
 5531  0 
 5532  0 
 5533  0 
 5534  0 
 5535  1 
 5536  0 
 5537  0 
 5538  0 
 5539  0 
 5540  1 
 5541  0 
 5542  0 
 5543  0 
 5544  0 
 5545  0 
 5546  0 
 5547  0 
 5548  0 
 5549  0 
 5550  0 
 5551  0 
 5552  0 
 5553  0 
 5554  0 
 5555  0 
 5556  0 
 5557  0 
 5558  0 
 5559  0 
 5560  0 
 5561  0 
 5562  0 
 5563  0 
 5564  0 
 5565  0 
 5566  0 
 5567  0 
 5568  0 
 5569  0 
 5570  0 
 5571  0 
 5572  0 
 5573  0 
 5574  0 
 5575  0 
 5576  0 
 5577  0 
 5578  0 
 5579  0 
 5580  0 
 5581  0 
 5582  0 
 5583  0 
 5584  0 
 5585  0 
 5586  0 
 5587  0 
 5588  0 
 5589  0 
 5590  0 
 5591  0 
 5592  0 
 5593  0 
 5594  0 
 5595  0 
 5596  0 
 5597  0 
 5598  0 
 5599  1 
 5600  0 
 5601  0 
 5602  0 
 5603  0 
 5604  0 
 5605  0 
 5606  0 
 5607  0 
 5608  0 
 5609  0 
 5610  0 
 5611  0 
 5612  0 
 5613  0 
 5614  0 
 5615  0 
 5616  0 
 5617  0 
 5618  0 
 5619  0 
 5620  0 
 5621  0 
 5622  0 
 5623  0 
 5624  0 
 5625  0 
 5626  0 
 5627  0 
 5628  0 
 5629  1 
 5630  1 
 5631  0 
 5632  0 
 5633  0 
 5634  1 
 5635  0 
 5636  0 
 5637  0 
 5638  0 
 5639  0 
 5640  0 
 5641  0 
 5642  0 
 5643  0 
 5644  0 
 5645  0 
 5646  0 
 5647  0 
 5648  0 
 5649  0 
 5650  0 
 5651  0 
 5652  0 
 5653  0 
 5654  0 
 5655  0 
 5656  0 
 5657  0 
 5658  0 
 5659  0 
 5660  0 
 5661  0 
 5662  0 
 5663  0 
 5664  0 
 5665  0 
 5666  1 
 5667  0 
 5668  1 
 5669  0 
 5670  0 
 5671  0 
 5672  0 
 5673  0 
 5674  0 
 5675  0 
 5676  0 
 5677  0 
 5678  0 
 5679  0 
 5680  0 
 5681  0 
 5682  1 
 5683  0 
 5684  0 
 5685  0 
 5686  0 
 5687  0 
 5688  0 
 5689  0 
 5690  0 
 5691  0 
 5692  0 
 5693  0 
 5694  0 
 5695  0 
 5696  0 
 5697  0 
 5698  0 
 5699  0 
 5700  0 
 5701  0 
 5702  0 
 5703  0 
 5704  0 
 5705  0 
 5706  0 
 5707  0 
 5708  0 
 5709  0 
 5710  0 
 5711  0 
 5712  0 
 5713  1 
 5714  0 
 5715  0 
 5716  0 
 5717  0 
 5718  0 
 5719  0 
 5720  0 
 5721  0 
 5722  0 
 5723  0 
 5724  0 
 5725  1 
 5726  0 
 5727  0 
 5728  0 
 5729  0 
 5730  0 
 5731  1 
 5732  0 
 5733  0 
 5734  0 
 5735  0 
 5736  0 
 5737  0 
 5738  0 
 5739  0 
 5740  0 
 5741  0 
 5742  0 
 5743  0 
 5744  0 
 5745  0 
 5746  1 
 5747  0 
 5748  0 
 5749  1 
 5750  1 
 5751  0 
 5752  1 
 5753  0 
 5754  0 
 5755  0 
 5756  0 
 5757  0 
 5758  0 
 5759  0 
 5760  0 
 5761  0 
 5762  1 
 5763  0 
 5764  0 
 5765  0 
 5766  0 
 5767  0 
 5768  0 
 5769  0 
 5770  0 
 5771  0 
 5772  0 
 5773  0 
 5774  0 
 5775  0 
 5776  0 
 5777  0 
 5778  0 
 5779  0 
 5780  0 
 5781  0 
 5782  0 
 5783  1 
 5784  0 
 5785  1 
 5786  1 
 5787  0 
 5788  0 
 5789  0 
 5790  1 
 5791  0 
 5792  0 
 5793  0 
 5794  0 
 5795  0 
 5796  0 
 5797  0 
 5798  0 
 5799  0 
 5800  0 
 5801  0 
 5802  0 
 5803  0 
 5804  0 
 5805  0 
 5806  0 
 5807  0 
 5808  0 
 5809  0 
 5810  0 
 5811  0 
 5812  0 
 5813  0 
 5814  0 
 5815  0 
 5816  0 
 5817  0 
 5818  0 
 5819  0 
 5820  0 
 5821  0 
 5822  0 
 5823  0 
 5824  0 
 5825  0 
 5826  1 
 5827  0 
 5828  0 
 5829  0 
 5830  0 
 5831  0 
 5832  0 
 5833  0 
 5834  0 
 5835  0 
 5836  0 
 5837  0 
 5838  0 
 5839  0 
 5840  0 
 5841  1 
 5842  0 
 5843  0 
 5844  0 
 5845  0 
 5846  0 
 5847  0 
 5848  2 
 5849  0 
 5850  0 
 5851  0 
 5852  0 
 5853  0 
 5854  0 
 5855  0 
 5856  0 
 5857  0 
 5858  0 
 5859  0 
 5860  0 
 5861  1 
 5862  1 
 5863  0 
 5864  0 
 5865  0 
 5866  0 
 5867  0 
 5868  0 
 5869  0 
 5870  0 
 5871  0 
 5872  0 
 5873  0 
 5874  0 
 5875  2 
 5876  0 
 5877  0 
 5878  0 
 5879  1 
 5880  0 
 5881  0 
 5882  0 
 5883  0 
 5884  0 
 5885  0 
 5886  0 
 5887  0 
 5888  0 
 5889  0 
 5890  1 
 5891  0 
 5892  0 
 5893  0 
 5894  0 
 5895  0 
 5896  0 
 5897  0 
 5898  1 
 5899  0 
 5900  0 
 5901  0 
 5902  0 
 5903  0 
 5904  0 
 5905  1 
 5906  0 
 5907  0 
 5908  0 
 5909  0 
 5910  0 
 5911  1 
 5912  0 
 5913  0 
 5914  0 
 5915  0 
 5916  1 
 5917  0 
 5918  0 
 5919  0 
 5920  0 
 5921  0 
 5922  0 
 5923  1 
 5924  0 
 5925  0 
 5926  0 
 5927  0 
 5928  1 
 5929  0 
 5930  0 
 5931  0 
 5932  0 
 5933  0 
 5934  0 
 5935  0 
 5936  0 
 5937  2 
 5938  0 
 5939  1 
 5940  0 
 5941  0 
 5942  0 
 5943  0 
 5944  1 
 5945  1 
 5946  1 
 5947  0 
 5948  0 
 5949  1 
 5950  0 
 5951  0 
 5952  1 
 5953  0 
 5954  0 
 5955  1 
 5956  2 
 5957  0 
 5958  0 
 5959  0 
 5960  1 
 5961  0 
 5962  0 
 5963  1 
 5964  0 
 5965  0 
 5966  0 
 5967  0 
 5968  0 
 5969  0 
 5970  0 
 5971  0 
 5972  0 
 5973  0 
 5974  1 
 5975  0 
 5976  0 
 5977  0 
 5978  1 
 5979  1 
 5980  0 
 5981  1 
 5982  0 
 5983  0 
 5984  0 
 5985  0 
 5986  0 
 5987  0 
 5988  0 
 5989  1 
 5990  0 
 5991  1 
 5992  0 
 5993  0 
 5994  0 
 5995  0 
 5996  0 
 5997  0 
 5998  0 
 5999  0 
 6000  1 
 6001  0 
 6002  0 
 6003  0 
 6004  0 
 6005  0 
 6006  0 
 6007  0 
 6008  1 
 6009  0 
 6010  0 
 6011  0 
 6012  0 
 6013  1 
 6014  0 
 6015  0 
 6016  0 
 6017  0 
 6018  0 
 6019  1 
 6020  0 
 6021  1 
 6022  0 
 6023  0 
 6024  0 
 6025  0 
 6026  0 
 6027  0 
 6028  0 
 6029  0 
 6030  0 
 6031  0 
 6032  1 
 6033  0 
 6034  0 
 6035  0 
 6036  0 
 6037  0 
 6038  0 
 6039  0 
 6040  0 
 6041  0 
 6042  0 
 6043  0 
 6044  0 
 6045  0 
 6046  0 
 6047  0 
 6048  0 
 6049  0 
 6050  0 
 6051  0 
 6052  0 
 6053  0 
 6054  0 
 6055  0 
 6056  0 
 6057  0 
 6058  0 
 6059  0 
 6060  0 
 6061  0 
 6062  0 
 6063  0 
 6064  0 
 6065  0 
 6066  0 
 6067  0 
 6068  0 
 6069  0 
 6070  0 
 6071  0 
 6072  0 
 6073  0 
 6074  0 
 6075  0 
 6076  0 
 6077  0 
 6078  0 
 6079  0 
 6080  0 
 6081  0 
 6082  0 
 6083  0 
 6084  1 
 6085  0 
 6086  0 
 6087  0 
 6088  0 
 6089  0 
 6090  0 
 6091  0 
 6092  0 
 6093  0 
 6094  0 
 6095  0 
 6096  0 
 6097  0 
 6098  0 
 6099  0 
 6100  0 
 6101  0 
 6102  0 
 6103  0 
 6104  0 
 6105  1 
 6106  0 
 6107  0 
 6108  0 
 6109  0 
 6110  0 
 6111  0 
 6112  0 
 6113  0 
 6114  0 
 6115  0 
 6116  0 
 6117  0 
 6118  0 
 6119  0 
 6120  0 
 6121  0 
 6122  0 
 6123  0 
 6124  0 
 6125  0 
 6126  0 
 6127  0 
 6128  0 
 6129  0 
 6130  0 
 6131  0 
 6132  0 
 6133  0 
 6134  0 
 6135  0 
 6136  0 
 6137  0 
 6138  0 
 6139  0 
 6140  0 
 6141  0 
 6142  0 
 6143  0 
 6144  0 
 6145  0 
 6146  0 
 6147  1 
 6148  0 
 6149  0 
 6150  0 
 6151  0 
 6152  0 
 6153  0 
 6154  0 
 6155  0 
 6156  0 
 6157  0 
 6158  0 
 6159  0 
 6160  0 
 6161  0 
 6162  0 
 6163  0 
 6164  0 
 6165  0 
 6166  0 
 6167  0 
 6168  0 
 6169  0 
 6170  0 
 6171  0 
 6172  0 
 6173  0 
 6174  0 
 6175  0 
 6176  0 
 6177  0 
 6178  0 
 6179  0 
 6180  0 
 6181  0 
 6182  0 
 6183  0 
 6184  0 
 6185  0 
 6186  0 
 6187  0 
 6188  0 
 6189  0 
 6190  0 
 6191  0 
 6192  0 
 6193  0 
 6194  0 
 6195  0 
 6196  0 
 6197  0 
 6198  0 
 6199  0 
 6200  0 
 6201  0 
 6202  0 
 6203  0 
 6204  0 
 6205  0 
 6206  0 
 6207  0 
 6208  0 
 6209  0 
 6210  0 
 6211  0 
 6212  1 
 6213  0 
 6214  0 
 6215  0 
 6216  0 
 6217  0 
 6218  0 
 6219  0 
 6220  0 
 6221  0 
 6222  0 
 6223  0 
 6224  0 
 6225  0 
 6226  0 
 6227  0 
 6228  0 
 6229  0 
 6230  0 
 6231  0 
 6232  0 
 6233  0 
 6234  0 
 6235  0 
 6236  0 
 6237  0 
 6238  0 
 6239  0 
 6240  0 
 6241  0 
 6242  0 
 6243  0 
 6244  0 
 6245  0 
 6246  0 
 6247  0 
 6248  0 
 6249  0 
 6250  0 
 6251  0 
 6252  0 
 6253  0 
 6254  0 
 6255  0 
 6256  0 
 6257  0 
 6258  0 
 6259  0 
 6260  0 
 6261  0 
 6262  0 
 6263  0 
 6264  0 
 6265  0 
 6266  0 
 6267  0 
 6268  0 
 6269  0 
 6270  0 
 6271  0 
 6272  0 
 6273  0 
 6274  0 
 6275  0 
 6276  0 
 6277  0 
 6278  0 
 6279  0 
 6280  0 
 6281  0 
 6282  0 
 6283  0 
 6284  0 
 6285  0 
 6286  0 
 6287  0 
 6288  0 
 6289  0 
 6290  0 
 6291  0 
 6292  0 
 6293  0 
 6294  0 
 6295  0 
 6296  0 
 6297  0 
 6298  0 
 6299  0 
 6300  0 
 6301  0 
 6302  0 
 6303  0 
 6304  0 
 6305  0 
 6306  0 
 6307  0 
 6308  0 
 6309  0 
 6310  0 
 6311  0 
 6312  1 
 6313  0 
 6314  0 
 6315  0 
 6316  0 
 6317  0 
 6318  0 
 6319  0 
 6320  0 
 6321  0 
 6322  0 
 6323  0 
 6324  0 
 6325  0 
 6326  0 
 6327  0 
 6328  0 
 6329  0 
 6330  0 
 6331  0 
 6332  0 
 6333  0 
 6334  0 
 6335  0 
 6336  0 
 6337  0 
 6338  0 
 6339  0 
 6340  0 
 6341  0 
 6342  0 
 6343  0 
 6344  0 
 6345  0 
 6346  0 
 6347  0 
 6348  0 
 6349  0 
 6350  0 
 6351  0 
 6352  0 
 6353  0 
 6354  0 
 6355  0 
 6356  0 
 6357  0 
 6358  0 
 6359  0 
 6360  0 
 6361  0 
 6362  0 
 6363  0 
 6364  0 
 6365  0 
 6366  0 
 6367  0 
 6368  0 
 6369  0 
 6370  0 
 6371  0 
 6372  0 
 6373  0 
 6374  0 
 6375  0 
 6376  0 
 6377  0 
 6378  0 
 6379  0 
 6380  0 
 6381  0 
 6382  0 
 6383  0 
 6384  0 
 6385  0 
 6386  0 
 6387  0 
 6388  0 
 6389  0 
 6390  0 
 6391  0 
 6392  0 
 6393  0 
 6394  0 
 6395  0 
 6396  0 
 6397  0 
 6398  0 
 6399  0 
 6400  0 
 6401  0 
 6402  0 
 6403  0 
 6404  0 
 6405  0 
 6406  0 
 6407  0 
 6408  0 
 6409  0 
 6410  0 
 6411  0 
 6412  0 
 6413  0 
 6414  0 
 6415  0 
 6416  0 
 6417  0 
 6418  0 
 6419  0 
 6420  0 
 6421  0 
 6422  0 
 6423  0 
 6424  0 
 6425  0 
 6426  0 
 6427  0 
 6428  0 
 6429  0 
 6430  0 
 6431  0 
 6432  0 
 6433  0 
 6434  0 
 6435  0 
 6436  0 
 6437  0 
 6438  0 
 6439  0 
 6440  0 
 6441  0 
 6442  0 
 6443  0 
 6444  0 
 6445  0 
 6446  0 
 6447  0 
 6448  0 
 6449  0 
 6450  0 
 6451  0 
 6452  0 
 6453  0 
 6454  0 
 6455  0 
 6456  0 
 6457  0 
 6458  0 
 6459  0 
 6460  0 
 6461  0 
 6462  0 
 6463  0 
 6464  0 
 6465  0 
 6466  0 
 6467  0 
 6468  0 
 6469  1 
 6470  0 
 6471  0 
 6472  0 
 6473  0 
 6474  0 
 6475  0 
 6476  0 
 6477  0 
 6478  0 
 6479  0 
 6480  0 
 6481  0 
 6482  0 
 6483  0 
 6484  0 
 6485  0 
 6486  0 
 6487  0 
 6488  0 
 6489  0 
 6490  0 
 6491  0 
 6492  0 
 6493  0 
 6494  0 
 6495  0 
 6496  0 
 6497  0 
 6498  0 
 6499  0 
 6500  0 
 6501  0 
 6502  0 
 6503  0 
 6504  0 
 6505  0 
 6506  0 
 6507  0 
 6508  0 
 6509  0 
 6510  0 
 6511  0 
 6512  0 
 6513  0 
 6514  0 
 6515  0 
 6516  0 
 6517  0 
 6518  0 
 6519  0 
 6520  0 
 6521  0 
 6522  0 
 6523  0 
 6524  0 
 6525  0 
 6526  0 
 6527  0 
 6528  0 
 6529  0 
 6530  0 
 6531  0 
 6532  0 
 6533  0 
 6534  0 
 6535  0 
 6536  0 
 6537  0 
 6538  0 
 6539  0 
 6540  0 
 6541  0 
 6542  0 
 6543  0 
 6544  0 
 6545  0 
 6546  0 
 6547  0 
 6548  0 
 6549  0 
 6550  0 
 6551  0 
 6552  1 
 6553  0 
 6554  0 
 6555  0 
 6556  0 
 6557  0 
 6558  0 
 6559  0 
 6560  0 
 6561  0 
 6562  0 
 6563  0 
 6564  0 
 6565  0 
 6566  0 
 6567  0 
 6568  0 
 6569  0 
 6570  0 
 6571  0 
 6572  1 
 6573  0 
 6574  0 
 6575  0 
 6576  0 
 6577  0 
 6578  0 
 6579  0 
 6580  0 
 6581  0 
 6582  0 
 6583  0 
 6584  0 
 6585  0 
 6586  0 
 6587  0 
 6588  0 
 6589  0 
 6590  0 
 6591  0 
 6592  0 
 6593  0 
 6594  0 
 6595  0 
 6596  0 
 6597  0 
 6598  0 
 6599  0 
 6600  0 
 6601  0 
 6602  0 
 6603  0 
 6604  0 
 6605  0 
 6606  0 
 6607  0 
 6608  0 
 6609  0 
 6610  0 
 6611  0 
 6612  0 
 6613  0 
 6614  0 
 6615  0 
 6616  0 
 6617  0 
 6618  0 
 6619  0 
 6620  1 
 6621  0 
 6622  0 
 6623  0 
 6624  0 
 6625  0 
 6626  0 
 6627  0 
 6628  0 
 6629  0 
 6630  0 
 6631  0 
 6632  0 
 6633  0 
 6634  0 
 6635  0 
 6636  0 
 6637  0 
 6638  0 
 6639  0 
 6640  0 
 6641  0 
 6642  0 
 6643  0 
 6644  0 
 6645  0 
 6646  0 
 6647  0 
 6648  0 
 6649  0 
 6650  0 
 6651  0 
 6652  0 
 6653  0 
 6654  0 
 6655  0 
 6656  0 
 6657  0 
 6658  0 
 6659  0 
 6660  0 
 6661  0 
 6662  0 
 6663  0 
 6664  0 
 6665  0 
 6666  0 
 6667  0 
 6668  0 
 6669  0 
 6670  0 
 6671  0 
 6672  0 
 6673  0 
 6674  0 
 6675  0 
 6676  0 
 6677  0 
 6678  0 
 6679  0 
 6680  0 
 6681  0 
 6682  0 
 6683  0 
 6684  0 
 6685  0 
 6686  0 
 6687  0 
 6688  0 
 6689  0 
 6690  0 
 6691  0 
 6692  0 
 6693  0 
 6694  0 
 6695  0 
 6696  0 
 6697  0 
 6698  0 
 6699  0 
 6700  0 
 6701  0 
 6702  0 
 6703  0 
 6704  0 
 6705  0 
 6706  0 
 6707  0 
 6708  0 
 6709  0 
 6710  0 
 6711  0 
 6712  0 
 6713  0 
 6714  0 
 6715  0 
 6716  0 
 6717  0 
 6718  0 
 6719  0 
 6720  0 
 6721  0 
 6722  0 
 6723  0 
 6724  0 
 6725  0 
 6726  0 
 6727  0 
 6728  0 
 6729  0 
 6730  0 
 6731  0 
 6732  0 
 6733  0 
 6734  0 
 6735  0 
 6736  0 
 6737  0 
 6738  0 
 6739  0 
 6740  1 
 6741  0 
 6742  0 
 6743  0 
 6744  0 
 6745  0 
 6746  0 
 6747  0 
 6748  0 
 6749  0 
 6750  0 
 6751  0 
 6752  0 
 6753  0 
 6754  0 
 6755  0 
 6756  0 
 6757  0 
 6758  0 
 6759  0 
 6760  0 
 6761  0 
 6762  0 
 6763  0 
 6764  0 
 6765  0 
 6766  0 
 6767  0 
 6768  0 
 6769  0 
 6770  0 
 6771  0 
 6772  0 
 6773  0 
 6774  1 
 6775  0 
 6776  0 
 6777  0 
 6778  0 
 6779  0 
 6780  0 
 6781  0 
 6782  0 
 6783  0 
 6784  0 
 6785  0 
 6786  0 
 6787  0 
 6788  0 
 6789  1 
 6790  0 
 6791  0 
 6792  0 
 6793  0 
 6794  0 
 6795  0 
 6796  0 
 6797  0 
 6798  0 
 6799  0 
 6800  0 
 6801  0 
 6802  0 
 6803  0 
 6804  0 
 6805  0 
 6806  0 
 6807  0 
 6808  0 
 6809  0 
 6810  0 
 6811  0 
 6812  0 
 6813  0 
 6814  0 
 6815  0 
 6816  0 
 6817  0 
 6818  0 
 6819  0 
 6820  0 
 6821  0 
 6822  0 
 6823  0 
 6824  0 
 6825  0 
 6826  0 
 6827  0 
 6828  0 
 6829  0 
 6830  0 
 6831  0 
 6832  0 
 6833  0 
 6834  0 
 6835  0 
 6836  0 
 6837  0 
 6838  0 
 6839  0 
 6840  0 
 6841  0 
 6842  0 
 6843  0 
 6844  0 
 6845  0 
 6846  0 
 6847  0 
 6848  0 
 6849  0 
 6850  0 
 6851  0 
 6852  0 
 6853  1 
 6854  0 
 6855  0 
 6856  0 
 6857  0 
 6858  0 
 6859  0 
 6860  0 
 6861  0 
 6862  0 
 6863  0 
 6864  0 
 6865  0 
 6866  0 
 6867  0 
 6868  0 
 6869  0 
 6870  0 
 6871  0 
 6872  0 
 6873  0 
 6874  0 
 6875  0 
 6876  0 
 6877  0 
 6878  0 
 6879  0 
 6880  0 
 6881  0 
 6882  0 
 6883  0 
 6884  0 
 6885  0 
 6886  0 
 6887  0 
 6888  0 
 6889  0 
 6890  0 
 6891  0 
 6892  0 
 6893  0 
 6894  0 
 6895  0 
 6896  0 
 6897  0 
 6898  0 
 6899  0 
 6900  0 
 6901  0 
 6902  0 
 6903  0 
 6904  0 
 6905  0 
 6906  0 
 6907  0 
 6908  0 
 6909  0 
 6910  0 
 6911  0 
 6912  0 
 6913  0 
 6914  0 
 6915  0 
 6916  0 
 6917  0 
 6918  0 
 6919  0 
 6920  0 
 6921  0 
 6922  0 
 6923  1 
 6924  0 
 6925  0 
 6926  0 
 6927  0 
 6928  0 
 6929  0 
 6930  0 
 6931  0 
 6932  0 
 6933  0 
 6934  0 
 6935  0 
 6936  0 
 6937  0 
 6938  0 
 6939  0 
 6940  0 
 6941  0 
 6942  0 
 6943  0 
 6944  0 
 6945  0 
 6946  0 
 6947  0 
 6948  0 
 6949  0 
 6950  0 
 6951  0 
 6952  0 
 6953  0 
 6954  0 
 6955  0 
 6956  0 
 6957  0 
 6958  0 
 6959  0 
 6960  0 
 6961  0 
 6962  0 
 6963  0 
 6964  0 
 6965  0 
 6966  0 
 6967  0 
 6968  0 
 6969  0 
 6970  0 
 6971  0 
 6972  0 
 6973  0 
 6974  0 
 6975  0 
 6976  0 
 6977  0 
 6978  0 
 6979  0 
 6980  0 
 6981  0 
 6982  0 
 6983  0 
 6984  0 
 6985  0 
 6986  0 
 6987  0 
 6988  0 
 6989  0 
 6990  0 
 6991  0 
 6992  0 
 6993  0 
 6994  0 
 6995  0 
 6996  0 
 6997  0 
 6998  0 
 6999  0 
 7000  0 
 7001  0 
 7002  0 
 7003  0 
 7004  0 
 7005  1 
 7006  0 
 7007  0 
 7008  0 
 7009  0 
 7010  0 
 7011  0 
 7012  0 
 7013  0 
 7014  0 
 7015  0 
 7016  0 
 7017  0 
 7018  0 
 7019  0 
 7020  1 
 7021  0 
 7022  0 
 7023  0 
 7024  0 
 7025  0 
 7026  0 
 7027  0 
 7028  0 
 7029  0 
 7030  0 
 7031  0 
 7032  0 
 7033  0 
 7034  0 
 7035  0 
 7036  0 
 7037  0 
 7038  0 
 7039  0 
 7040  0 
 7041  0 
 7042  0 
 7043  0 
 7044  0 
 7045  0 
 7046  0 
 7047  0 
 7048  0 
 7049  0 
 7050  0 
 7051  0 
 7052  0 
 7053  0 
 7054  0 
 7055  0 
 7056  0 
 7057  0 
 7058  0 
 7059  0 
 7060  0 
 7061  0 
 7062  0 
 7063  0 
 7064  0 
 7065  0 
 7066  0 
 7067  0 
 7068  0 
 7069  0 
 7070  0 
 7071  0 
 7072  0 
 7073  0 
 7074  0 
 7075  0 
 7076  0 
 7077  0 
 7078  0 
 7079  0 
 7080  0 
 7081  0 
 7082  0 
 7083  0 
 7084  0 
 7085  0 
 7086  0 
 7087  0 
 7088  0 
 7089  0 
 7090  0 
 7091  0 
 7092  0 
 7093  0 
 7094  0 
 7095  0 
 7096  0 
 7097  0 
 7098  0 
 7099  0 
 7100  0 
 7101  0 
 7102  0 
 7103  0 
 7104  0 
 7105  0 
 7106  0 
 7107  1 
 7108  0 
 7109  0 
 7110  0 
 7111  0 
 7112  0 
 7113  1 
 7114  0 
 7115  0 
 7116  0 
 7117  0 
 7118  0 
 7119  0 
 7120  0 
 7121  0 
 7122  0 
 7123  0 
 7124  0 
 7125  0 
 7126  0 
 7127  0 
 7128  0 
 7129  0 
 7130  0 
 7131  0 
 7132  0 
 7133  0 
 7134  0 
 7135  0 
 7136  0 
 7137  0 
 7138  0 
 7139  0 
 7140  0 
 7141  0 
 7142  0 
 7143  0 
 7144  0 
 7145  0 
 7146  0 
 7147  0 
 7148  0 
 7149  0 
 7150  0 
 7151  0 
 7152  0 
 7153  0 
 7154  0 
 7155  0 
 7156  0 
 7157  0 
 7158  0 
 7159  0 
 7160  0 
 7161  0 
 7162  0 
 7163  0 
 7164  2 
 7165  0 
 7166  0 
 7167  0 
 7168  0 
 7169  0 
 7170  1 
 7171  0 
 7172  0 
 7173  0 
 7174  0 
 7175  1 
 7176  0 
 7177  0 
 7178  0 
 7179  0 
 7180  0 
 7181  0 
 7182  0 
 7183  0 
 7184  0 
 7185  0 
 7186  0 
 7187  0 
 7188  0 
 7189  0 
 7190  0 
 7191  0 
 7192  0 
 7193  0 
 7194  0 
 7195  0 
 7196  0 
 7197  0 
 7198  0 
 7199  0 
 7200  0 
 7201  0 
 7202  0 
 7203  0 
 7204  0 
 7205  0 
 7206  0 
 7207  0 
 7208  0 
 7209  0 
 7210  0 
 7211  0 
 7212  0 
 7213  0 
 7214  0 
 7215  0 
 7216  0 
 7217  0 
 7218  1 
 7219  0 
 7220  0 
 7221  0 
 7222  0 
 7223  0 
 7224  0 
 7225  0 
 7226  0 
 7227  0 
 7228  0 
 7229  0 
 7230  0 
 7231  0 
 7232  0 
 7233  0 
 7234  0 
 7235  0 
 7236  0 
 7237  0 
 7238  0 
 7239  0 
 7240  0 
 7241  0 
 7242  0 
 7243  0 
 7244  0 
 7245  0 
 7246  0 
 7247  0 
 7248  0 
 7249  0 
 7250  0 
 7251  0 
 7252  0 
 7253  0 
 7254  0 
 7255  0 
 7256  0 
 7257  0 
 7258  0 
 7259  0 
 7260  0 
 7261  0 
 7262  0 
 7263  0 
 7264  0 
 7265  0 
 7266  0 
 7267  0 
 7268  0 
 7269  0 
 7270  0 
 7271  0 
 7272  0 
 7273  0 
 7274  0 
 7275  0 
 7276  0 
 7277  0 
 7278  0 
 7279  0 
 7280  0 
 7281  0 
 7282  0 
 7283  0 
 7284  0 
 7285  0 
 7286  0 
 7287  0 
 7288  0 
 7289  0 
 7290  0 
 7291  0 
 7292  0 
 7293  0 
 7294  0 
 7295  0 
 7296  0 
 7297  0 
 7298  0 
 7299  0 
 7300  0 
 7301  0 
 7302  0 
 7303  0 
 7304  0 
 7305  0 
 7306  0 
 7307  0 
 7308  0 
 7309  0 
 7310  0 
 7311  0 
 7312  0 
 7313  0 
 7314  0 
 7315  0 
 7316  0 
 7317  0 
 7318  0 
 7319  0 
 7320  0 
 7321  0 
 7322  0 
 7323  0 
 7324  0 
 7325  0 
 7326  0 
 7327  0 
 7328  0 
 7329  0 
 7330  0 
 7331  0 
 7332  0 
 7333  0 
 7334  0 
 7335  0 
 7336  0 
 7337  0 
 7338  0 
 7339  0 
 7340  0 
 7341  0 
 7342  0 
 7343  0 
 7344  0 
 7345  0 
 7346  0 
 7347  0 
 7348  0 
 7349  0 
 7350  0 
 7351  0 
 7352  0 
 7353  1 
 7354  0 
 7355  0 
 7356  0 
 7357  0 
 7358  0 
 7359  0 
 7360  0 
 7361  0 
 7362  0 
 7363  0 
 7364  0 
 7365  0 
 7366  0 
 7367  0 
 7368  0 
 7369  0 
 7370  0 
 7371  0 
 7372  0 
 7373  0 
 7374  0 
 7375  0 
 7376  0 
 7377  0 
 7378  0 
 7379  0 
 7380  0 
 7381  0 
 7382  0 
 7383  0 
 7384  0 
 7385  0 
 7386  1 
 7387  0 
 7388  0 
 7389  0 
 7390  0 
 7391  0 
 7392  0 
 7393  0 
 7394  0 
 7395  0 
 7396  0 
 7397  0 
 7398  0 
 7399  0 
 7400  0 
 7401  0 
 7402  0 
 7403  0 
 7404  0 
 7405  0 
 7406  0 
 7407  0 
 7408  0 
 7409  0 
 7410  0 
 7411  0 
 7412  0 
 7413  0 
 7414  0 
 7415  0 
 7416  0 
 7417  0 
 7418  0 
 7419  0 
 7420  0 
 7421  0 
 7422  0 
 7423  0 
 7424  0 
 7425  0 
 7426  0 
 7427  0 
 7428  0 
 7429  0 
 7430  0 
 7431  0 
 7432  0 
 7433  0 
 7434  0 
 7435  0 
 7436  1 
 7437  0 
 7438  0 
 7439  0 
 7440  0 
 7441  0 
 7442  0 
 7443  0 
 7444  0 
 7445  0 
 7446  0 
 7447  0 
 7448  0 
 7449  0 
 7450  0 
 7451  0 
 7452  0 
 7453  0 
 7454  0 
 7455  0 
 7456  0 
 7457  0 
 7458  0 
 7459  0 
 7460  0 
 7461  0 
 7462  0 
 7463  0 
 7464  0 
 7465  0 
 7466  0 
 7467  0 
 7468  0 
 7469  0 
 7470  0 
 7471  0 
 7472  0 
 7473  0 
 7474  0 
 7475  0 
 7476  0 
 7477  0 
 7478  0 
 7479  0 
 7480  0 
 7481  0 
 7482  0 
 7483  0 
 7484  0 
 7485  0 
 7486  0 
 7487  0 
 7488  0 
 7489  0 
 7490  0 
 7491  0 
 7492  0 
 7493  0 
 7494  0 
 7495  0 
 7496  0 
 7497  0 
 7498  0 
 7499  0 
 7500  0 
 7501  0 
 7502  0 
 7503  0 
 7504  0 
 7505  0 
 7506  0 
 7507  0 
 7508  0 
 7509  0 
 7510  0 
 7511  0 
 7512  0 
 7513  0 
 7514  0 
 7515  0 
 7516  0 
 7517  0 
 7518  0 
 7519  0 
 7520  0 
 7521  1 
 7522  0 
 7523  0 
 7524  0 
 7525  0 
 7526  0 
 7527  0 
 7528  0 
 7529  0 
 7530  0 
 7531  0 
 7532  0 
 7533  0 
 7534  0 
 7535  0 
 7536  0 
 7537  0 
 7538  0 
 7539  0 
 7540  1 
 7541  0 
 7542  0 
 7543  0 
 7544  0 
 7545  0 
 7546  0 
 7547  0 
 7548  0 
 7549  0 
 7550  0 
 7551  0 
 7552  0 
 7553  0 
 7554  0 
 7555  0 
 7556  0 
 7557  0 
 7558  0 
 7559  0 
 7560  1 
 7561  0 
 7562  0 
 7563  0 
 7564  0 
 7565  0 
 7566  0 
 7567  0 
 7568  0 
 7569  0 
 7570  0 
 7571  0 
 7572  0 
 7573  0 
 7574  0 
 7575  0 
 7576  1 
 7577  0 
 7578  0 
 7579  1 
 7580  0 
 7581  0 
 7582  1 
 7583  1 
 7584  0 
 7585  0 
 7586  0 
 7587  0 
 7588  0 
 7589  0 
 7590  0 
 7591  0 
 7592  1 
 7593  0 
 7594  0 
 7595  0 
 7596  0 
 7597  0 
 7598  0 
 7599  0 
 7600  0 
 7601  0 
 7602  1 
 7603  1 
 7604  0 
 7605  0 
 7606  0 
 7607  0 
 7608  0 
 7609  0 
 7610  0 
 7611  0 
 7612  0 
 7613  0 
 7614  0 
 7615  0 
 7616  0 
 7617  2 
 7618  0 
 7619  0 
 7620  0 
 7621  1 
 7622  1 
 7623  0 
 7624  0 
 7625  0 
 7626  0 
 7627  0 
 7628  0 
 7629  1 
 7630  1 
 7631  0 
 7632  0 
 7633  0 
 7634  0 
 7635  1 
 7636  0 
 7637  0 
 7638  0 
 7639  0 
 7640  0 
 7641  0 
 7642  0 
 7643  0 
 7644  0 
 7645  0 
 7646  0 
 7647  0 
 7648  1 
 7649  0 
 7650  0 
 7651  1 
 7652  0 
 7653  0 
 7654  1 
 7655  0 
 7656  1 
 7657  1 
 7658  0 
 7659  0 
 7660  0 
 7661  0 
 7662  0 
 7663  0 
 7664  0 
 7665  0 
 7666  0 
 7667  1 
 7668  0 
 7669  0 
 7670  0 
 7671  0 
 7672  0 
 7673  0 
 7674  0 
 7675  0 
 7676  0 
 7677  1 
 7678  0 
 7679  0 
 7680  0 
 7681  0 
 7682  0 
 7683  0 
 7684  1 
 7685  0 
 7686  0 
 7687  0 
 7688  1 
 7689  0 
 7690  1 
 7691  0 
 7692  0 
 7693  0 
 7694  3 
 7695  1 
 7696  0 
 7697  1 
 7698  1 
 7699  0 
 7700  0 
 7701  0 
 7702  1 
 7703  1 
 7704  0 
 7705  0 
 7706  2 
 7707  1 
 7708  2 
 7709  1 
 7710  0 
 7711  1 
 7712  0 
 7713  2 
 7714  0 
 7715  0 
 7716  1 
 7717  0 
 7718  0 
 7719  0 
 7720  0 
 7721  0 
 7722  0 
 7723  0 
 7724  0 
 7725  0 
 7726  0 
 7727  0 
 7728  2 
 7729  2 
 7730  2 
 7731  1 
 7732  0 
 7733  1 
 7734  1 
 7735  0 
 7736  0 
 7737  1 
 7738  0 
 7739  1 
 7740  0 
 7741  2 
 7742  0 
 7743  0 
 7744  2 
 7745  0 
 7746  1 
 7747  1 
 7748  0 
 7749  0 
 7750  0 
 7751  0 
 7752  0 
 7753  0 
 7754  0 
 7755  0 
 7756  1 
 7757  2 
 7758  0 
 7759  0 
 7760  1 
 7761  0 
 7762  1 
 7763  0 
 7764  1 
 7765  0 
 7766  2 
 7767  0 
 7768  2 
 7769  0 
 7770  1 
 7771  1 
 7772  0 
 7773  0 
 7774  0 
 7775  0 
 7776  0 
 7777  0 
 7778  0 
 7779  0 
 7780  0 
 7781  1 
 7782  2 
 7783  1 
 7784  0 
 7785  0 
 7786  2 
 7787  0 
 7788  0 
 7789  0 
 7790  0 
 7791  0 
 7792  0 
 7793  0 
 7794  0 
 7795  2 
 7796  1 
 7797  0 
 7798  0 
 7799  0 
 7800  0 
 7801  0 
 7802  0 
 7803  1 
 7804  0 
 7805  1 
 7806  1 
 7807  0 
 7808  0 
 7809  1 
 7810  1 
 7811  1 
 7812  0 
 7813  2 
 7814  1 
 7815  0 
 7816  0 
 7817  0 
 7818  0 
 7819  0 
 7820  1 
 7821  0 
 7822  0 
 7823  0 
 7824  1 
 7825  0 
 7826  0 
 7827  0 
 7828  0 
 7829  1 
 7830  0 
 7831  3 
 7832  0 
 7833  0 
 7834  1 
 7835  0 
 7836  0 
 7837  0 
 7838  0 
 7839  0 
 7840  1 
 7841  0 
 7842  0 
 7843  0 
 7844  0 
 7845  0 
 7846  1 
 7847  0 
 7848  0 
 7849  0 
 7850  0 
 7851  0 
 7852  0 
 7853  0 
 7854  0 
 7855  0 
 7856  0 
 7857  0 
 7858  1 
 7859  0 
 7860  0 
 7861  0 
 7862  0 
 7863  0 
 7864  0 
 7865  0 
 7866  0 
 7867  0 
 7868  0 
 7869  0 
 7870  0 
 7871  0 
 7872  0 
 7873  0 
 7874  0 
 7875  0 
 7876  0 
 7877  0 
 7878  0 
 7879  0 
 7880  0 
 7881  0 
 7882  0 
 7883  0 
 7884  0 
 7885  1 
 7886  0 
 7887  0 
 7888  0 
 7889  0 
 7890  0 
 7891  0 
 7892  0 
 7893  0 
 7894  0 
 7895  0 
 7896  0 
 7897  0 
 7898  0 
 7899  0 
 7900  0 
 7901  0 
 7902  0 
 7903  0 
 7904  0 
 7905  0 
 7906  0 
 7907  0 
 7908  0 
 7909  0 
 7910  0 
 7911  0 
 7912  0 
 7913  0 
 7914  0 
 7915  0 
 7916  0 
 7917  0 
 7918  0 
 7919  0 
 7920  0 
 7921  0 
 7922  0 
 7923  0 
 7924  0 
 7925  0 
 7926  0 
 7927  0 
 7928  0 
 7929  0 
 7930  0 
 7931  0 
 7932  0 
 7933  0 
 7934  0 
 7935  0 
 7936  0 
 7937  0 
 7938  0 
 7939  0 
 7940  0 
 7941  0 
 7942  0 
 7943  0 
 7944  0 
 7945  0 
 7946  0 
 7947  0 
 7948  0 
 7949  0 
 7950  0 
 7951  0 
 7952  0 
 7953  0 
 7954  0 
 7955  0 
 7956  0 
 7957  1 
 7958  0 
 7959  0 
 7960  0 
 7961  0 
 7962  0 
 7963  0 
 7964  0 
 7965  0 
 7966  0 
 7967  0 
 7968  0 
 7969  0 
 7970  0 
 7971  0 
 7972  0 
 7973  0 
 7974  0 
 7975  0 
 7976  0 
 7977  0 
 7978  0 
 7979  0 
 7980  0 
 7981  0 
 7982  0 
 7983  0 
 7984  0 
 7985  0 
 7986  0 
 7987  0 
 7988  0 
 7989  0 
 7990  0 
 7991  0 
 7992  0 
 7993  0 
 7994  0 
 7995  0 
 7996  0 
 7997  0 
 7998  0 
 7999  0 
 8000  0 
 8001  0 
 8002  0 
 8003  0 
 8004  0 
 8005  0 
 8006  0 
 8007  0 
 8008  0 
 8009  0 
 8010  0 
 8011  0 
 8012  0 
 8013  0 
 8014  0 
 8015  0 
 8016  0 
 8017  0 
 8018  0 
 8019  0 
 8020  0 
 8021  0 
 8022  0 
 8023  0 
 8024  0 
 8025  0 
 8026  0 
 8027  0 
 8028  0 
 8029  0 
 8030  0 
 8031  0 
 8032  0 
 8033  0 
 8034  0 
 8035  0 
 8036  0 
 8037  0 
 8038  0 
 8039  0 
 8040  0 
 8041  0 
 8042  0 
 8043  0 
 8044  0 
 8045  0 
 8046  0 
 8047  0 
 8048  0 
 8049  0 
 8050  0 
 8051  0 
 8052  0 
 8053  0 
 8054  0 
 8055  0 
 8056  0 
 8057  0 
 8058  0 
 8059  0 
 8060  0 
 8061  0 
 8062  0 
 8063  0 
 8064  0 
 8065  0 
 8066  0 
 8067  0 
 8068  0 
 8069  0 
 8070  0 
 8071  0 
 8072  0 
 8073  0 
 8074  0 
 8075  0 
 8076  0 
 8077  1 
 8078  0 
 8079  0 
 8080  0 
 8081  0 
 8082  0 
 8083  0 
 8084  0 
 8085  0 
 8086  0 
 8087  0 
 8088  0 
 8089  0 
 8090  0 
 8091  0 
 8092  0 
 8093  1 
 8094  0 
 8095  0 
 8096  0 
 8097  0 
 8098  0 
 8099  0 
 8100  0 
 8101  0 
 8102  0 
 8103  0 
 8104  0 
 8105  0 
 8106  0 
 8107  0 
 8108  0 
 8109  0 
 8110  0 
 8111  0 
 8112  0 
 8113  0 
 8114  0 
 8115  0 
 8116  0 
 8117  0 
 8118  0 
 8119  0 
 8120  0 
 8121  0 
 8122  0 
 8123  0 
 8124  0 
 8125  0 
 8126  0 
 8127  0 
 8128  0 
 8129  0 
 8130  0 
 8131  0 
 8132  0 
 8133  0 
 8134  0 
 8135  0 
 8136  0 
 8137  0 
 8138  0 
 8139  0 
 8140  0 
 8141  0 
 8142  0 
 8143  0 
 8144  0 
 8145  0 
 8146  0 
 8147  0 
 8148  0 
 8149  0 
 8150  0 
 8151  0 
 8152  0 
 8153  0 
 8154  0 
 8155  0 
 8156  0 
 8157  0 
 8158  0 
 8159  1 
 8160  0 
 8161  0 
 8162  0 
 8163  0 
 8164  0 
 8165  0 
 8166  0 
 8167  0 
 8168  0 
 8169  0 
 8170  0 
 8171  0 
 8172  0 
 8173  0 
 8174  0 
 8175  0 
 8176  0 
 8177  0 
 8178  0 
 8179  0 
 8180  0 
 8181  0 
 8182  0 
 8183  0 
 8184  0 
 8185  0 
 8186  0 
 8187  0 
 8188  0 
 8189  0 
 8190  0 
 8191  0 
