 0  2154 
 1  2162 
 2  0 
 3  0 
 4  0 
 5  0 
 6  0 
 7  0 
 8  0 
 9  0 
 10  0 
 11  0 
 12  0 
 13  0 
 14  0 
 15  0 
 16  0 
 17  0 
 18  0 
 19  0 
 20  0 
 21  0 
 22  0 
 23  0 
 24  0 
 25  0 
 26  0 
 27  0 
 28  0 
 29  0 
 30  0 
 31  0 
 32  0 
 33  0 
 34  0 
 35  0 
 36  0 
 37  0 
 38  0 
 39  0 
 40  0 
 41  0 
 42  0 
 43  0 
 44  0 
 45  0 
 46  0 
 47  0 
 48  0 
 49  0 
 50  0 
 51  0 
 52  0 
 53  0 
 54  0 
 55  0 
 56  0 
 57  0 
 58  0 
 59  0 
 60  0 
 61  0 
 62  0 
 63  0 
 64  0 
 65  0 
 66  0 
 67  0 
 68  0 
 69  0 
 70  0 
 71  0 
 72  0 
 73  0 
 74  0 
 75  0 
 76  0 
 77  0 
 78  0 
 79  0 
 80  0 
 81  0 
 82  0 
 83  0 
 84  0 
 85  0 
 86  0 
 87  0 
 88  0 
 89  0 
 90  0 
 91  0 
 92  0 
 93  0 
 94  0 
 95  0 
 96  0 
 97  0 
 98  0 
 99  0 
 100  0 
 101  0 
 102  0 
 103  0 
 104  0 
 105  0 
 106  0 
 107  0 
 108  0 
 109  0 
 110  0 
 111  0 
 112  0 
 113  0 
 114  0 
 115  0 
 116  0 
 117  0 
 118  0 
 119  0 
 120  0 
 121  0 
 122  0 
 123  0 
 124  0 
 125  0 
 126  0 
 127  0 
 128  0 
 129  0 
 130  0 
 131  0 
 132  0 
 133  0 
 134  0 
 135  0 
 136  0 
 137  0 
 138  0 
 139  0 
 140  0 
 141  0 
 142  0 
 143  0 
 144  0 
 145  0 
 146  0 
 147  0 
 148  0 
 149  0 
 150  0 
 151  0 
 152  0 
 153  0 
 154  0 
 155  0 
 156  0 
 157  0 
 158  0 
 159  0 
 160  0 
 161  0 
 162  0 
 163  0 
 164  0 
 165  0 
 166  0 
 167  0 
 168  0 
 169  0 
 170  0 
 171  0 
 172  0 
 173  0 
 174  0 
 175  0 
 176  0 
 177  0 
 178  0 
 179  0 
 180  0 
 181  0 
 182  0 
 183  0 
 184  0 
 185  0 
 186  0 
 187  0 
 188  0 
 189  0 
 190  0 
 191  0 
 192  0 
 193  0 
 194  0 
 195  0 
 196  0 
 197  0 
 198  0 
 199  0 
 200  0 
 201  0 
 202  0 
 203  0 
 204  0 
 205  0 
 206  0 
 207  0 
 208  0 
 209  0 
 210  0 
 211  0 
 212  0 
 213  0 
 214  0 
 215  0 
 216  0 
 217  0 
 218  0 
 219  0 
 220  0 
 221  0 
 222  0 
 223  0 
 224  0 
 225  0 
 226  0 
 227  0 
 228  0 
 229  0 
 230  0 
 231  0 
 232  0 
 233  0 
 234  0 
 235  0 
 236  0 
 237  0 
 238  0 
 239  0 
 240  0 
 241  0 
 242  0 
 243  0 
 244  0 
 245  0 
 246  0 
 247  0 
 248  1 
 249  0 
 250  0 
 251  0 
 252  115 
 253  240 
 254  211 
 255  223 
 256  214 
 257  206 
 258  187 
 259  190 
 260  194 
 261  208 
 262  188 
 263  197 
 264  171 
 265  161 
 266  192 
 267  172 
 268  174 
 269  182 
 270  166 
 271  196 
 272  149 
 273  155 
 274  153 
 275  159 
 276  177 
 277  154 
 278  128 
 279  138 
 280  126 
 281  142 
 282  115 
 283  146 
 284  128 
 285  124 
 286  124 
 287  127 
 288  136 
 289  123 
 290  121 
 291  108 
 292  124 
 293  111 
 294  105 
 295  109 
 296  104 
 297  102 
 298  102 
 299  93 
 300  101 
 301  94 
 302  105 
 303  101 
 304  94 
 305  100 
 306  67 
 307  81 
 308  81 
 309  69 
 310  78 
 311  78 
 312  69 
 313  72 
 314  86 
 315  65 
 316  74 
 317  58 
 318  76 
 319  85 
 320  61 
 321  72 
 322  63 
 323  60 
 324  58 
 325  51 
 326  65 
 327  64 
 328  54 
 329  57 
 330  51 
 331  59 
 332  43 
 333  63 
 334  45 
 335  51 
 336  60 
 337  56 
 338  46 
 339  64 
 340  44 
 341  56 
 342  45 
 343  32 
 344  41 
 345  44 
 346  56 
 347  55 
 348  44 
 349  55 
 350  39 
 351  41 
 352  41 
 353  34 
 354  31 
 355  35 
 356  40 
 357  41 
 358  46 
 359  39 
 360  54 
 361  45 
 362  35 
 363  39 
 364  39 
 365  34 
 366  46 
 367  44 
 368  33 
 369  50 
 370  38 
 371  37 
 372  34 
 373  47 
 374  38 
 375  47 
 376  39 
 377  34 
 378  55 
 379  44 
 380  32 
 381  32 
 382  32 
 383  28 
 384  29 
 385  34 
 386  40 
 387  27 
 388  49 
 389  45 
 390  31 
 391  34 
 392  33 
 393  43 
 394  33 
 395  33 
 396  34 
 397  30 
 398  29 
 399  37 
 400  25 
 401  42 
 402  33 
 403  26 
 404  37 
 405  36 
 406  31 
 407  35 
 408  39 
 409  26 
 410  39 
 411  47 
 412  30 
 413  38 
 414  32 
 415  33 
 416  33 
 417  34 
 418  34 
 419  34 
 420  42 
 421  26 
 422  26 
 423  49 
 424  33 
 425  39 
 426  40 
 427  32 
 428  29 
 429  42 
 430  38 
 431  39 
 432  24 
 433  36 
 434  34 
 435  25 
 436  51 
 437  33 
 438  27 
 439  32 
 440  43 
 441  26 
 442  26 
 443  25 
 444  20 
 445  37 
 446  31 
 447  45 
 448  36 
 449  24 
 450  32 
 451  39 
 452  28 
 453  31 
 454  33 
 455  31 
 456  35 
 457  34 
 458  36 
 459  34 
 460  36 
 461  33 
 462  29 
 463  32 
 464  40 
 465  44 
 466  34 
 467  32 
 468  40 
 469  32 
 470  42 
 471  34 
 472  38 
 473  35 
 474  31 
 475  35 
 476  51 
 477  41 
 478  28 
 479  30 
 480  30 
 481  38 
 482  40 
 483  38 
 484  39 
 485  38 
 486  40 
 487  42 
 488  44 
 489  47 
 490  36 
 491  42 
 492  42 
 493  33 
 494  35 
 495  30 
 496  45 
 497  43 
 498  37 
 499  47 
 500  30 
 501  48 
 502  34 
 503  35 
 504  46 
 505  48 
 506  53 
 507  47 
 508  51 
 509  55 
 510  47 
 511  47 
 512  44 
 513  53 
 514  68 
 515  49 
 516  67 
 517  59 
 518  56 
 519  57 
 520  59 
 521  58 
 522  55 
 523  77 
 524  60 
 525  63 
 526  73 
 527  62 
 528  76 
 529  66 
 530  73 
 531  64 
 532  70 
 533  87 
 534  72 
 535  77 
 536  74 
 537  78 
 538  82 
 539  63 
 540  76 
 541  79 
 542  94 
 543  103 
 544  106 
 545  115 
 546  99 
 547  97 
 548  88 
 549  123 
 550  121 
 551  126 
 552  116 
 553  110 
 554  137 
 555  114 
 556  137 
 557  142 
 558  150 
 559  136 
 560  158 
 561  128 
 562  153 
 563  151 
 564  149 
 565  155 
 566  144 
 567  169 
 568  177 
 569  161 
 570  189 
 571  189 
 572  173 
 573  200 
 574  179 
 575  177 
 576  207 
 577  208 
 578  195 
 579  213 
 580  209 
 581  189 
 582  259 
 583  231 
 584  242 
 585  255 
 586  241 
 587  241 
 588  209 
 589  243 
 590  240 
 591  252 
 592  250 
 593  272 
 594  270 
 595  248 
 596  261 
 597  262 
 598  246 
 599  271 
 600  268 
 601  293 
 602  250 
 603  254 
 604  255 
 605  260 
 606  276 
 607  266 
 608  266 
 609  254 
 610  287 
 611  252 
 612  272 
 613  293 
 614  266 
 615  274 
 616  296 
 617  271 
 618  276 
 619  229 
 620  253 
 621  271 
 622  277 
 623  247 
 624  254 
 625  278 
 626  237 
 627  228 
 628  258 
 629  257 
 630  236 
 631  232 
 632  249 
 633  229 
 634  213 
 635  226 
 636  223 
 637  221 
 638  209 
 639  235 
 640  199 
 641  205 
 642  198 
 643  200 
 644  196 
 645  212 
 646  170 
 647  206 
 648  180 
 649  157 
 650  169 
 651  174 
 652  158 
 653  179 
 654  162 
 655  183 
 656  177 
 657  147 
 658  157 
 659  119 
 660  118 
 661  114 
 662  119 
 663  113 
 664  118 
 665  125 
 666  120 
 667  103 
 668  117 
 669  92 
 670  102 
 671  95 
 672  93 
 673  99 
 674  95 
 675  88 
 676  81 
 677  72 
 678  83 
 679  88 
 680  80 
 681  55 
 682  75 
 683  50 
 684  71 
 685  65 
 686  70 
 687  66 
 688  49 
 689  44 
 690  55 
 691  40 
 692  34 
 693  53 
 694  31 
 695  33 
 696  30 
 697  25 
 698  32 
 699  44 
 700  25 
 701  42 
 702  39 
 703  33 
 704  25 
 705  33 
 706  41 
 707  37 
 708  29 
 709  23 
 710  25 
 711  36 
 712  25 
 713  31 
 714  33 
 715  27 
 716  21 
 717  33 
 718  21 
 719  33 
 720  17 
 721  18 
 722  31 
 723  21 
 724  17 
 725  24 
 726  23 
 727  23 
 728  20 
 729  24 
 730  13 
 731  24 
 732  19 
 733  18 
 734  15 
 735  26 
 736  18 
 737  30 
 738  20 
 739  19 
 740  27 
 741  26 
 742  22 
 743  26 
 744  21 
 745  23 
 746  22 
 747  26 
 748  14 
 749  20 
 750  14 
 751  21 
 752  14 
 753  17 
 754  17 
 755  14 
 756  16 
 757  12 
 758  19 
 759  20 
 760  22 
 761  11 
 762  14 
 763  14 
 764  17 
 765  15 
 766  22 
 767  27 
 768  12 
 769  18 
 770  18 
 771  14 
 772  20 
 773  17 
 774  20 
 775  24 
 776  12 
 777  24 
 778  18 
 779  20 
 780  18 
 781  31 
 782  19 
 783  14 
 784  13 
 785  11 
 786  15 
 787  8 
 788  17 
 789  28 
 790  21 
 791  14 
 792  21 
 793  18 
 794  17 
 795  15 
 796  26 
 797  20 
 798  19 
 799  12 
 800  19 
 801  24 
 802  16 
 803  18 
 804  12 
 805  13 
 806  29 
 807  24 
 808  19 
 809  11 
 810  11 
 811  15 
 812  13 
 813  19 
 814  12 
 815  17 
 816  10 
 817  17 
 818  20 
 819  14 
 820  16 
 821  23 
 822  11 
 823  20 
 824  17 
 825  12 
 826  17 
 827  22 
 828  15 
 829  13 
 830  16 
 831  18 
 832  17 
 833  20 
 834  14 
 835  17 
 836  13 
 837  18 
 838  16 
 839  11 
 840  9 
 841  20 
 842  17 
 843  16 
 844  12 
 845  21 
 846  18 
 847  24 
 848  13 
 849  14 
 850  15 
 851  14 
 852  13 
 853  13 
 854  18 
 855  11 
 856  15 
 857  10 
 858  14 
 859  11 
 860  16 
 861  13 
 862  16 
 863  14 
 864  14 
 865  13 
 866  15 
 867  19 
 868  13 
 869  15 
 870  12 
 871  15 
 872  16 
 873  22 
 874  24 
 875  11 
 876  22 
 877  13 
 878  17 
 879  20 
 880  11 
 881  20 
 882  15 
 883  19 
 884  17 
 885  13 
 886  18 
 887  17 
 888  12 
 889  14 
 890  14 
 891  16 
 892  11 
 893  12 
 894  15 
 895  13 
 896  11 
 897  12 
 898  6 
 899  19 
 900  10 
 901  16 
 902  20 
 903  26 
 904  23 
 905  14 
 906  21 
 907  11 
 908  20 
 909  10 
 910  24 
 911  12 
 912  18 
 913  13 
 914  16 
 915  17 
 916  11 
 917  18 
 918  11 
 919  13 
 920  14 
 921  13 
 922  10 
 923  13 
 924  20 
 925  13 
 926  17 
 927  16 
 928  17 
 929  13 
 930  11 
 931  14 
 932  17 
 933  9 
 934  18 
 935  12 
 936  17 
 937  12 
 938  18 
 939  16 
 940  8 
 941  18 
 942  12 
 943  20 
 944  11 
 945  22 
 946  12 
 947  14 
 948  20 
 949  12 
 950  16 
 951  22 
 952  16 
 953  15 
 954  15 
 955  19 
 956  24 
 957  14 
 958  16 
 959  14 
 960  15 
 961  21 
 962  14 
 963  14 
 964  17 
 965  16 
 966  12 
 967  19 
 968  16 
 969  12 
 970  14 
 971  15 
 972  14 
 973  12 
 974  12 
 975  17 
 976  20 
 977  12 
 978  16 
 979  12 
 980  11 
 981  8 
 982  20 
 983  13 
 984  16 
 985  16 
 986  21 
 987  14 
 988  14 
 989  20 
 990  8 
 991  12 
 992  10 
 993  18 
 994  10 
 995  14 
 996  20 
 997  15 
 998  13 
 999  15 
 1000  8 
 1001  12 
 1002  13 
 1003  9 
 1004  10 
 1005  12 
 1006  15 
 1007  20 
 1008  14 
 1009  10 
 1010  15 
 1011  15 
 1012  15 
 1013  15 
 1014  13 
 1015  14 
 1016  22 
 1017  13 
 1018  11 
 1019  12 
 1020  9 
 1021  8 
 1022  12 
 1023  14 
 1024  13 
 1025  16 
 1026  11 
 1027  16 
 1028  14 
 1029  21 
 1030  18 
 1031  16 
 1032  9 
 1033  8 
 1034  16 
 1035  11 
 1036  11 
 1037  9 
 1038  15 
 1039  22 
 1040  11 
 1041  12 
 1042  15 
 1043  12 
 1044  17 
 1045  21 
 1046  14 
 1047  8 
 1048  17 
 1049  13 
 1050  7 
 1051  19 
 1052  19 
 1053  17 
 1054  12 
 1055  18 
 1056  13 
 1057  20 
 1058  13 
 1059  14 
 1060  14 
 1061  12 
 1062  17 
 1063  10 
 1064  14 
 1065  14 
 1066  15 
 1067  12 
 1068  15 
 1069  18 
 1070  15 
 1071  10 
 1072  14 
 1073  14 
 1074  17 
 1075  17 
 1076  16 
 1077  12 
 1078  15 
 1079  15 
 1080  16 
 1081  19 
 1082  11 
 1083  15 
 1084  19 
 1085  15 
 1086  13 
 1087  16 
 1088  17 
 1089  11 
 1090  10 
 1091  12 
 1092  18 
 1093  19 
 1094  17 
 1095  23 
 1096  16 
 1097  19 
 1098  18 
 1099  14 
 1100  17 
 1101  14 
 1102  14 
 1103  14 
 1104  10 
 1105  16 
 1106  8 
 1107  12 
 1108  16 
 1109  19 
 1110  21 
 1111  16 
 1112  10 
 1113  18 
 1114  12 
 1115  10 
 1116  16 
 1117  12 
 1118  12 
 1119  18 
 1120  11 
 1121  18 
 1122  19 
 1123  11 
 1124  15 
 1125  19 
 1126  15 
 1127  15 
 1128  15 
 1129  12 
 1130  10 
 1131  7 
 1132  5 
 1133  15 
 1134  15 
 1135  13 
 1136  12 
 1137  11 
 1138  12 
 1139  19 
 1140  12 
 1141  17 
 1142  16 
 1143  10 
 1144  6 
 1145  7 
 1146  12 
 1147  18 
 1148  18 
 1149  11 
 1150  10 
 1151  12 
 1152  14 
 1153  8 
 1154  15 
 1155  20 
 1156  11 
 1157  13 
 1158  17 
 1159  15 
 1160  13 
 1161  16 
 1162  12 
 1163  23 
 1164  11 
 1165  15 
 1166  19 
 1167  13 
 1168  11 
 1169  12 
 1170  13 
 1171  21 
 1172  13 
 1173  11 
 1174  8 
 1175  9 
 1176  12 
 1177  8 
 1178  6 
 1179  19 
 1180  18 
 1181  10 
 1182  11 
 1183  11 
 1184  16 
 1185  11 
 1186  11 
 1187  22 
 1188  12 
 1189  18 
 1190  12 
 1191  18 
 1192  13 
 1193  13 
 1194  10 
 1195  14 
 1196  13 
 1197  11 
 1198  9 
 1199  13 
 1200  7 
 1201  19 
 1202  10 
 1203  11 
 1204  17 
 1205  17 
 1206  11 
 1207  7 
 1208  15 
 1209  12 
 1210  15 
 1211  11 
 1212  17 
 1213  9 
 1214  10 
 1215  16 
 1216  8 
 1217  13 
 1218  11 
 1219  15 
 1220  12 
 1221  22 
 1222  16 
 1223  13 
 1224  7 
 1225  11 
 1226  20 
 1227  10 
 1228  15 
 1229  10 
 1230  12 
 1231  10 
 1232  17 
 1233  12 
 1234  15 
 1235  16 
 1236  6 
 1237  9 
 1238  10 
 1239  19 
 1240  19 
 1241  14 
 1242  8 
 1243  7 
 1244  12 
 1245  8 
 1246  11 
 1247  13 
 1248  13 
 1249  7 
 1250  15 
 1251  17 
 1252  15 
 1253  10 
 1254  14 
 1255  13 
 1256  15 
 1257  13 
 1258  17 
 1259  12 
 1260  12 
 1261  12 
 1262  13 
 1263  11 
 1264  12 
 1265  20 
 1266  14 
 1267  12 
 1268  9 
 1269  9 
 1270  18 
 1271  15 
 1272  12 
 1273  15 
 1274  9 
 1275  14 
 1276  16 
 1277  11 
 1278  16 
 1279  8 
 1280  8 
 1281  14 
 1282  14 
 1283  8 
 1284  9 
 1285  14 
 1286  11 
 1287  10 
 1288  15 
 1289  10 
 1290  10 
 1291  12 
 1292  16 
 1293  9 
 1294  17 
 1295  7 
 1296  7 
 1297  12 
 1298  15 
 1299  17 
 1300  13 
 1301  9 
 1302  15 
 1303  8 
 1304  11 
 1305  7 
 1306  16 
 1307  5 
 1308  11 
 1309  11 
 1310  16 
 1311  16 
 1312  15 
 1313  12 
 1314  12 
 1315  13 
 1316  12 
 1317  3 
 1318  13 
 1319  15 
 1320  7 
 1321  12 
 1322  14 
 1323  14 
 1324  12 
 1325  16 
 1326  13 
 1327  12 
 1328  15 
 1329  17 
 1330  20 
 1331  12 
 1332  13 
 1333  9 
 1334  9 
 1335  10 
 1336  9 
 1337  14 
 1338  8 
 1339  8 
 1340  17 
 1341  12 
 1342  15 
 1343  12 
 1344  9 
 1345  17 
 1346  14 
 1347  13 
 1348  11 
 1349  12 
 1350  20 
 1351  6 
 1352  13 
 1353  13 
 1354  11 
 1355  7 
 1356  9 
 1357  6 
 1358  9 
 1359  13 
 1360  12 
 1361  7 
 1362  11 
 1363  8 
 1364  12 
 1365  13 
 1366  10 
 1367  6 
 1368  11 
 1369  11 
 1370  10 
 1371  12 
 1372  8 
 1373  12 
 1374  7 
 1375  8 
 1376  12 
 1377  11 
 1378  8 
 1379  13 
 1380  9 
 1381  10 
 1382  11 
 1383  16 
 1384  9 
 1385  13 
 1386  11 
 1387  11 
 1388  13 
 1389  13 
 1390  12 
 1391  17 
 1392  16 
 1393  10 
 1394  11 
 1395  6 
 1396  12 
 1397  11 
 1398  10 
 1399  14 
 1400  14 
 1401  14 
 1402  6 
 1403  12 
 1404  11 
 1405  8 
 1406  9 
 1407  5 
 1408  14 
 1409  15 
 1410  12 
 1411  12 
 1412  10 
 1413  12 
 1414  12 
 1415  11 
 1416  7 
 1417  11 
 1418  13 
 1419  7 
 1420  6 
 1421  9 
 1422  13 
 1423  8 
 1424  8 
 1425  12 
 1426  13 
 1427  13 
 1428  11 
 1429  20 
 1430  9 
 1431  14 
 1432  14 
 1433  12 
 1434  5 
 1435  11 
 1436  15 
 1437  10 
 1438  12 
 1439  7 
 1440  11 
 1441  9 
 1442  19 
 1443  7 
 1444  14 
 1445  18 
 1446  7 
 1447  9 
 1448  10 
 1449  16 
 1450  8 
 1451  24 
 1452  12 
 1453  13 
 1454  5 
 1455  12 
 1456  13 
 1457  13 
 1458  13 
 1459  12 
 1460  18 
 1461  9 
 1462  7 
 1463  11 
 1464  12 
 1465  13 
 1466  7 
 1467  17 
 1468  8 
 1469  13 
 1470  12 
 1471  8 
 1472  17 
 1473  6 
 1474  5 
 1475  9 
 1476  13 
 1477  15 
 1478  14 
 1479  16 
 1480  8 
 1481  13 
 1482  17 
 1483  9 
 1484  7 
 1485  12 
 1486  8 
 1487  12 
 1488  12 
 1489  10 
 1490  14 
 1491  10 
 1492  11 
 1493  15 
 1494  10 
 1495  10 
 1496  6 
 1497  11 
 1498  9 
 1499  13 
 1500  16 
 1501  13 
 1502  10 
 1503  15 
 1504  12 
 1505  12 
 1506  6 
 1507  7 
 1508  13 
 1509  14 
 1510  14 
 1511  10 
 1512  12 
 1513  13 
 1514  9 
 1515  8 
 1516  8 
 1517  14 
 1518  10 
 1519  10 
 1520  14 
 1521  9 
 1522  10 
 1523  8 
 1524  15 
 1525  7 
 1526  9 
 1527  10 
 1528  11 
 1529  13 
 1530  13 
 1531  15 
 1532  12 
 1533  12 
 1534  14 
 1535  10 
 1536  10 
 1537  14 
 1538  15 
 1539  13 
 1540  9 
 1541  13 
 1542  5 
 1543  7 
 1544  10 
 1545  7 
 1546  9 
 1547  13 
 1548  12 
 1549  11 
 1550  8 
 1551  8 
 1552  12 
 1553  12 
 1554  8 
 1555  13 
 1556  10 
 1557  7 
 1558  14 
 1559  9 
 1560  16 
 1561  12 
 1562  12 
 1563  11 
 1564  18 
 1565  10 
 1566  9 
 1567  15 
 1568  18 
 1569  5 
 1570  13 
 1571  11 
 1572  9 
 1573  9 
 1574  13 
 1575  13 
 1576  10 
 1577  7 
 1578  7 
 1579  9 
 1580  13 
 1581  13 
 1582  14 
 1583  9 
 1584  11 
 1585  11 
 1586  12 
 1587  19 
 1588  10 
 1589  8 
 1590  9 
 1591  9 
 1592  5 
 1593  9 
 1594  10 
 1595  9 
 1596  11 
 1597  12 
 1598  13 
 1599  7 
 1600  8 
 1601  9 
 1602  14 
 1603  11 
 1604  8 
 1605  14 
 1606  5 
 1607  13 
 1608  11 
 1609  7 
 1610  13 
 1611  6 
 1612  5 
 1613  11 
 1614  11 
 1615  12 
 1616  11 
 1617  6 
 1618  13 
 1619  14 
 1620  6 
 1621  13 
 1622  14 
 1623  14 
 1624  4 
 1625  13 
 1626  5 
 1627  15 
 1628  13 
 1629  8 
 1630  10 
 1631  15 
 1632  8 
 1633  9 
 1634  14 
 1635  11 
 1636  14 
 1637  14 
 1638  13 
 1639  7 
 1640  10 
 1641  10 
 1642  4 
 1643  16 
 1644  15 
 1645  7 
 1646  9 
 1647  10 
 1648  11 
 1649  10 
 1650  4 
 1651  8 
 1652  11 
 1653  7 
 1654  7 
 1655  7 
 1656  10 
 1657  11 
 1658  7 
 1659  12 
 1660  7 
 1661  13 
 1662  10 
 1663  8 
 1664  14 
 1665  6 
 1666  9 
 1667  12 
 1668  11 
 1669  9 
 1670  7 
 1671  10 
 1672  10 
 1673  7 
 1674  21 
 1675  9 
 1676  7 
 1677  12 
 1678  11 
 1679  11 
 1680  15 
 1681  12 
 1682  11 
 1683  7 
 1684  9 
 1685  12 
 1686  14 
 1687  12 
 1688  14 
 1689  15 
 1690  5 
 1691  9 
 1692  3 
 1693  7 
 1694  4 
 1695  13 
 1696  10 
 1697  8 
 1698  12 
 1699  5 
 1700  12 
 1701  8 
 1702  8 
 1703  12 
 1704  5 
 1705  8 
 1706  7 
 1707  14 
 1708  8 
 1709  6 
 1710  5 
 1711  5 
 1712  8 
 1713  9 
 1714  10 
 1715  11 
 1716  10 
 1717  15 
 1718  5 
 1719  13 
 1720  20 
 1721  8 
 1722  10 
 1723  7 
 1724  16 
 1725  4 
 1726  9 
 1727  9 
 1728  11 
 1729  8 
 1730  8 
 1731  7 
 1732  5 
 1733  11 
 1734  13 
 1735  13 
 1736  13 
 1737  12 
 1738  13 
 1739  7 
 1740  13 
 1741  8 
 1742  9 
 1743  9 
 1744  8 
 1745  5 
 1746  7 
 1747  7 
 1748  12 
 1749  13 
 1750  7 
 1751  11 
 1752  7 
 1753  9 
 1754  11 
 1755  12 
 1756  8 
 1757  7 
 1758  8 
 1759  16 
 1760  5 
 1761  9 
 1762  6 
 1763  10 
 1764  6 
 1765  12 
 1766  10 
 1767  10 
 1768  11 
 1769  10 
 1770  7 
 1771  5 
 1772  15 
 1773  12 
 1774  7 
 1775  14 
 1776  7 
 1777  11 
 1778  10 
 1779  8 
 1780  6 
 1781  8 
 1782  11 
 1783  8 
 1784  9 
 1785  8 
 1786  15 
 1787  4 
 1788  17 
 1789  9 
 1790  10 
 1791  7 
 1792  6 
 1793  8 
 1794  18 
 1795  6 
 1796  10 
 1797  5 
 1798  11 
 1799  13 
 1800  13 
 1801  7 
 1802  12 
 1803  11 
 1804  14 
 1805  7 
 1806  5 
 1807  10 
 1808  7 
 1809  11 
 1810  11 
 1811  10 
 1812  12 
 1813  11 
 1814  8 
 1815  7 
 1816  9 
 1817  13 
 1818  4 
 1819  11 
 1820  7 
 1821  12 
 1822  13 
 1823  8 
 1824  11 
 1825  4 
 1826  13 
 1827  9 
 1828  10 
 1829  2 
 1830  5 
 1831  12 
 1832  5 
 1833  9 
 1834  9 
 1835  14 
 1836  7 
 1837  10 
 1838  12 
 1839  7 
 1840  9 
 1841  6 
 1842  10 
 1843  5 
 1844  6 
 1845  12 
 1846  11 
 1847  7 
 1848  7 
 1849  7 
 1850  5 
 1851  9 
 1852  10 
 1853  10 
 1854  6 
 1855  9 
 1856  10 
 1857  5 
 1858  10 
 1859  3 
 1860  9 
 1861  11 
 1862  6 
 1863  9 
 1864  10 
 1865  8 
 1866  11 
 1867  4 
 1868  7 
 1869  4 
 1870  9 
 1871  10 
 1872  7 
 1873  9 
 1874  6 
 1875  9 
 1876  2 
 1877  10 
 1878  10 
 1879  14 
 1880  9 
 1881  7 
 1882  8 
 1883  7 
 1884  12 
 1885  8 
 1886  12 
 1887  8 
 1888  8 
 1889  7 
 1890  12 
 1891  10 
 1892  11 
 1893  13 
 1894  4 
 1895  7 
 1896  8 
 1897  10 
 1898  13 
 1899  12 
 1900  10 
 1901  15 
 1902  9 
 1903  14 
 1904  8 
 1905  10 
 1906  12 
 1907  6 
 1908  9 
 1909  9 
 1910  13 
 1911  13 
 1912  8 
 1913  12 
 1914  16 
 1915  14 
 1916  5 
 1917  13 
 1918  5 
 1919  8 
 1920  10 
 1921  11 
 1922  8 
 1923  14 
 1924  5 
 1925  5 
 1926  15 
 1927  13 
 1928  8 
 1929  5 
 1930  11 
 1931  7 
 1932  6 
 1933  7 
 1934  7 
 1935  14 
 1936  10 
 1937  9 
 1938  9 
 1939  6 
 1940  8 
 1941  9 
 1942  11 
 1943  7 
 1944  5 
 1945  8 
 1946  10 
 1947  3 
 1948  11 
 1949  8 
 1950  10 
 1951  7 
 1952  9 
 1953  8 
 1954  6 
 1955  6 
 1956  11 
 1957  15 
 1958  4 
 1959  4 
 1960  7 
 1961  13 
 1962  15 
 1963  6 
 1964  9 
 1965  8 
 1966  10 
 1967  6 
 1968  3 
 1969  8 
 1970  11 
 1971  8 
 1972  9 
 1973  13 
 1974  10 
 1975  4 
 1976  9 
 1977  11 
 1978  8 
 1979  13 
 1980  8 
 1981  10 
 1982  9 
 1983  8 
 1984  2 
 1985  12 
 1986  7 
 1987  13 
 1988  15 
 1989  9 
 1990  5 
 1991  8 
 1992  6 
 1993  8 
 1994  3 
 1995  8 
 1996  9 
 1997  12 
 1998  6 
 1999  9 
 2000  5 
 2001  13 
 2002  10 
 2003  8 
 2004  10 
 2005  13 
 2006  11 
 2007  9 
 2008  13 
 2009  9 
 2010  12 
 2011  5 
 2012  7 
 2013  7 
 2014  8 
 2015  9 
 2016  7 
 2017  11 
 2018  10 
 2019  11 
 2020  7 
 2021  10 
 2022  8 
 2023  13 
 2024  11 
 2025  10 
 2026  13 
 2027  5 
 2028  12 
 2029  13 
 2030  9 
 2031  5 
 2032  12 
 2033  8 
 2034  8 
 2035  9 
 2036  12 
 2037  10 
 2038  12 
 2039  6 
 2040  7 
 2041  13 
 2042  12 
 2043  5 
 2044  12 
 2045  5 
 2046  7 
 2047  11 
 2048  11 
 2049  13 
 2050  13 
 2051  14 
 2052  14 
 2053  8 
 2054  7 
 2055  3 
 2056  13 
 2057  13 
 2058  11 
 2059  7 
 2060  13 
 2061  9 
 2062  10 
 2063  8 
 2064  8 
 2065  4 
 2066  7 
 2067  10 
 2068  3 
 2069  6 
 2070  7 
 2071  6 
 2072  10 
 2073  10 
 2074  9 
 2075  9 
 2076  8 
 2077  11 
 2078  7 
 2079  7 
 2080  6 
 2081  13 
 2082  6 
 2083  11 
 2084  8 
 2085  17 
 2086  10 
 2087  8 
 2088  6 
 2089  15 
 2090  6 
 2091  13 
 2092  9 
 2093  14 
 2094  10 
 2095  14 
 2096  7 
 2097  4 
 2098  8 
 2099  11 
 2100  7 
 2101  6 
 2102  9 
 2103  7 
 2104  9 
 2105  10 
 2106  8 
 2107  8 
 2108  13 
 2109  13 
 2110  9 
 2111  5 
 2112  8 
 2113  5 
 2114  13 
 2115  8 
 2116  6 
 2117  6 
 2118  5 
 2119  8 
 2120  9 
 2121  10 
 2122  7 
 2123  12 
 2124  13 
 2125  13 
 2126  12 
 2127  7 
 2128  9 
 2129  11 
 2130  12 
 2131  8 
 2132  6 
 2133  9 
 2134  8 
 2135  12 
 2136  5 
 2137  8 
 2138  11 
 2139  13 
 2140  14 
 2141  6 
 2142  9 
 2143  9 
 2144  5 
 2145  9 
 2146  7 
 2147  8 
 2148  9 
 2149  9 
 2150  9 
 2151  4 
 2152  6 
 2153  6 
 2154  9 
 2155  10 
 2156  4 
 2157  12 
 2158  6 
 2159  9 
 2160  13 
 2161  7 
 2162  7 
 2163  7 
 2164  3 
 2165  1 
 2166  9 
 2167  10 
 2168  5 
 2169  9 
 2170  13 
 2171  5 
 2172  12 
 2173  4 
 2174  12 
 2175  7 
 2176  5 
 2177  5 
 2178  3 
 2179  6 
 2180  3 
 2181  13 
 2182  11 
 2183  7 
 2184  7 
 2185  7 
 2186  5 
 2187  10 
 2188  4 
 2189  9 
 2190  4 
 2191  6 
 2192  11 
 2193  10 
 2194  8 
 2195  5 
 2196  13 
 2197  8 
 2198  9 
 2199  14 
 2200  8 
 2201  7 
 2202  9 
 2203  10 
 2204  9 
 2205  8 
 2206  9 
 2207  4 
 2208  5 
 2209  11 
 2210  7 
 2211  6 
 2212  10 
 2213  5 
 2214  8 
 2215  9 
 2216  8 
 2217  6 
 2218  8 
 2219  10 
 2220  8 
 2221  4 
 2222  1 
 2223  5 
 2224  8 
 2225  14 
 2226  5 
 2227  9 
 2228  12 
 2229  15 
 2230  9 
 2231  13 
 2232  6 
 2233  8 
 2234  4 
 2235  9 
 2236  15 
 2237  7 
 2238  5 
 2239  4 
 2240  9 
 2241  6 
 2242  7 
 2243  9 
 2244  8 
 2245  8 
 2246  10 
 2247  9 
 2248  9 
 2249  7 
 2250  3 
 2251  7 
 2252  7 
 2253  7 
 2254  9 
 2255  9 
 2256  3 
 2257  9 
 2258  10 
 2259  10 
 2260  8 
 2261  7 
 2262  13 
 2263  4 
 2264  9 
 2265  7 
 2266  8 
 2267  9 
 2268  5 
 2269  9 
 2270  10 
 2271  14 
 2272  8 
 2273  10 
 2274  7 
 2275  9 
 2276  10 
 2277  11 
 2278  8 
 2279  4 
 2280  14 
 2281  12 
 2282  9 
 2283  9 
 2284  13 
 2285  8 
 2286  6 
 2287  7 
 2288  4 
 2289  5 
 2290  6 
 2291  7 
 2292  4 
 2293  3 
 2294  6 
 2295  6 
 2296  7 
 2297  4 
 2298  9 
 2299  6 
 2300  3 
 2301  5 
 2302  7 
 2303  4 
 2304  7 
 2305  8 
 2306  11 
 2307  7 
 2308  8 
 2309  10 
 2310  11 
 2311  10 
 2312  8 
 2313  7 
 2314  5 
 2315  6 
 2316  3 
 2317  1 
 2318  7 
 2319  2 
 2320  6 
 2321  12 
 2322  6 
 2323  7 
 2324  11 
 2325  3 
 2326  3 
 2327  7 
 2328  9 
 2329  6 
 2330  9 
 2331  9 
 2332  10 
 2333  9 
 2334  5 
 2335  11 
 2336  3 
 2337  4 
 2338  3 
 2339  6 
 2340  7 
 2341  9 
 2342  8 
 2343  9 
 2344  9 
 2345  3 
 2346  7 
 2347  7 
 2348  5 
 2349  11 
 2350  10 
 2351  6 
 2352  9 
 2353  15 
 2354  7 
 2355  10 
 2356  8 
 2357  11 
 2358  4 
 2359  9 
 2360  6 
 2361  5 
 2362  6 
 2363  7 
 2364  4 
 2365  9 
 2366  9 
 2367  7 
 2368  4 
 2369  3 
 2370  5 
 2371  10 
 2372  13 
 2373  4 
 2374  11 
 2375  8 
 2376  16 
 2377  2 
 2378  10 
 2379  7 
 2380  7 
 2381  9 
 2382  6 
 2383  9 
 2384  6 
 2385  1 
 2386  8 
 2387  9 
 2388  6 
 2389  4 
 2390  11 
 2391  8 
 2392  7 
 2393  7 
 2394  9 
 2395  5 
 2396  7 
 2397  8 
 2398  14 
 2399  3 
 2400  3 
 2401  15 
 2402  9 
 2403  4 
 2404  11 
 2405  11 
 2406  6 
 2407  5 
 2408  6 
 2409  8 
 2410  10 
 2411  10 
 2412  3 
 2413  7 
 2414  4 
 2415  5 
 2416  8 
 2417  5 
 2418  15 
 2419  12 
 2420  5 
 2421  8 
 2422  5 
 2423  7 
 2424  9 
 2425  7 
 2426  6 
 2427  11 
 2428  6 
 2429  6 
 2430  6 
 2431  10 
 2432  9 
 2433  7 
 2434  8 
 2435  6 
 2436  13 
 2437  9 
 2438  8 
 2439  8 
 2440  9 
 2441  7 
 2442  3 
 2443  10 
 2444  3 
 2445  7 
 2446  6 
 2447  4 
 2448  13 
 2449  4 
 2450  6 
 2451  5 
 2452  6 
 2453  10 
 2454  12 
 2455  4 
 2456  5 
 2457  8 
 2458  10 
 2459  8 
 2460  9 
 2461  13 
 2462  5 
 2463  7 
 2464  9 
 2465  9 
 2466  12 
 2467  6 
 2468  8 
 2469  11 
 2470  4 
 2471  7 
 2472  7 
 2473  6 
 2474  3 
 2475  5 
 2476  7 
 2477  7 
 2478  2 
 2479  8 
 2480  8 
 2481  11 
 2482  13 
 2483  7 
 2484  8 
 2485  8 
 2486  8 
 2487  6 
 2488  7 
 2489  9 
 2490  8 
 2491  10 
 2492  12 
 2493  6 
 2494  9 
 2495  5 
 2496  6 
 2497  7 
 2498  14 
 2499  7 
 2500  7 
 2501  8 
 2502  7 
 2503  5 
 2504  3 
 2505  4 
 2506  7 
 2507  3 
 2508  6 
 2509  12 
 2510  6 
 2511  7 
 2512  8 
 2513  4 
 2514  1 
 2515  4 
 2516  5 
 2517  8 
 2518  11 
 2519  5 
 2520  9 
 2521  9 
 2522  5 
 2523  10 
 2524  4 
 2525  10 
 2526  5 
 2527  6 
 2528  5 
 2529  8 
 2530  8 
 2531  7 
 2532  6 
 2533  8 
 2534  7 
 2535  3 
 2536  5 
 2537  5 
 2538  6 
 2539  7 
 2540  3 
 2541  7 
 2542  12 
 2543  8 
 2544  8 
 2545  10 
 2546  7 
 2547  9 
 2548  6 
 2549  5 
 2550  11 
 2551  6 
 2552  10 
 2553  10 
 2554  7 
 2555  8 
 2556  10 
 2557  6 
 2558  5 
 2559  9 
 2560  7 
 2561  4 
 2562  8 
 2563  9 
 2564  10 
 2565  7 
 2566  11 
 2567  12 
 2568  9 
 2569  3 
 2570  6 
 2571  4 
 2572  6 
 2573  12 
 2574  3 
 2575  8 
 2576  8 
 2577  8 
 2578  7 
 2579  5 
 2580  9 
 2581  5 
 2582  7 
 2583  8 
 2584  3 
 2585  9 
 2586  6 
 2587  6 
 2588  5 
 2589  7 
 2590  10 
 2591  11 
 2592  5 
 2593  9 
 2594  4 
 2595  7 
 2596  2 
 2597  4 
 2598  9 
 2599  8 
 2600  5 
 2601  12 
 2602  6 
 2603  5 
 2604  4 
 2605  6 
 2606  6 
 2607  12 
 2608  5 
 2609  2 
 2610  8 
 2611  10 
 2612  8 
 2613  9 
 2614  10 
 2615  13 
 2616  9 
 2617  10 
 2618  7 
 2619  10 
 2620  8 
 2621  10 
 2622  11 
 2623  8 
 2624  10 
 2625  12 
 2626  9 
 2627  15 
 2628  14 
 2629  7 
 2630  5 
 2631  6 
 2632  7 
 2633  7 
 2634  9 
 2635  6 
 2636  10 
 2637  11 
 2638  9 
 2639  8 
 2640  10 
 2641  13 
 2642  12 
 2643  7 
 2644  13 
 2645  14 
 2646  12 
 2647  9 
 2648  11 
 2649  8 
 2650  11 
 2651  13 
 2652  13 
 2653  12 
 2654  13 
 2655  11 
 2656  11 
 2657  11 
 2658  15 
 2659  18 
 2660  11 
 2661  12 
 2662  9 
 2663  9 
 2664  12 
 2665  15 
 2666  15 
 2667  18 
 2668  12 
 2669  9 
 2670  17 
 2671  12 
 2672  18 
 2673  11 
 2674  13 
 2675  10 
 2676  10 
 2677  12 
 2678  13 
 2679  15 
 2680  10 
 2681  17 
 2682  13 
 2683  13 
 2684  7 
 2685  6 
 2686  12 
 2687  11 
 2688  13 
 2689  7 
 2690  13 
 2691  7 
 2692  14 
 2693  6 
 2694  9 
 2695  8 
 2696  8 
 2697  5 
 2698  8 
 2699  7 
 2700  8 
 2701  7 
 2702  5 
 2703  8 
 2704  11 
 2705  8 
 2706  8 
 2707  8 
 2708  6 
 2709  5 
 2710  9 
 2711  7 
 2712  5 
 2713  6 
 2714  3 
 2715  6 
 2716  7 
 2717  10 
 2718  6 
 2719  5 
 2720  7 
 2721  8 
 2722  6 
 2723  15 
 2724  14 
 2725  4 
 2726  7 
 2727  12 
 2728  10 
 2729  11 
 2730  6 
 2731  5 
 2732  8 
 2733  7 
 2734  9 
 2735  9 
 2736  4 
 2737  4 
 2738  6 
 2739  6 
 2740  7 
 2741  13 
 2742  6 
 2743  6 
 2744  2 
 2745  7 
 2746  10 
 2747  8 
 2748  9 
 2749  8 
 2750  4 
 2751  9 
 2752  11 
 2753  8 
 2754  7 
 2755  12 
 2756  9 
 2757  8 
 2758  8 
 2759  5 
 2760  8 
 2761  8 
 2762  8 
 2763  4 
 2764  7 
 2765  9 
 2766  7 
 2767  10 
 2768  4 
 2769  10 
 2770  6 
 2771  5 
 2772  13 
 2773  13 
 2774  9 
 2775  6 
 2776  7 
 2777  8 
 2778  8 
 2779  6 
 2780  9 
 2781  10 
 2782  6 
 2783  6 
 2784  8 
 2785  11 
 2786  14 
 2787  9 
 2788  10 
 2789  7 
 2790  11 
 2791  12 
 2792  6 
 2793  9 
 2794  11 
 2795  8 
 2796  13 
 2797  5 
 2798  8 
 2799  10 
 2800  6 
 2801  6 
 2802  5 
 2803  7 
 2804  6 
 2805  8 
 2806  10 
 2807  10 
 2808  8 
 2809  7 
 2810  4 
 2811  8 
 2812  8 
 2813  2 
 2814  8 
 2815  10 
 2816  9 
 2817  9 
 2818  9 
 2819  6 
 2820  7 
 2821  9 
 2822  6 
 2823  3 
 2824  7 
 2825  9 
 2826  6 
 2827  11 
 2828  3 
 2829  8 
 2830  8 
 2831  2 
 2832  4 
 2833  9 
 2834  12 
 2835  9 
 2836  5 
 2837  10 
 2838  2 
 2839  6 
 2840  4 
 2841  7 
 2842  3 
 2843  6 
 2844  9 
 2845  8 
 2846  7 
 2847  11 
 2848  7 
 2849  8 
 2850  6 
 2851  7 
 2852  4 
 2853  9 
 2854  10 
 2855  7 
 2856  8 
 2857  5 
 2858  7 
 2859  8 
 2860  6 
 2861  5 
 2862  1 
 2863  4 
 2864  6 
 2865  3 
 2866  6 
 2867  8 
 2868  5 
 2869  8 
 2870  7 
 2871  7 
 2872  6 
 2873  8 
 2874  8 
 2875  5 
 2876  6 
 2877  6 
 2878  7 
 2879  7 
 2880  6 
 2881  2 
 2882  10 
 2883  9 
 2884  7 
 2885  6 
 2886  7 
 2887  7 
 2888  5 
 2889  8 
 2890  9 
 2891  8 
 2892  7 
 2893  5 
 2894  5 
 2895  5 
 2896  8 
 2897  8 
 2898  13 
 2899  8 
 2900  6 
 2901  1 
 2902  10 
 2903  7 
 2904  3 
 2905  4 
 2906  6 
 2907  4 
 2908  4 
 2909  7 
 2910  5 
 2911  4 
 2912  4 
 2913  8 
 2914  13 
 2915  9 
 2916  7 
 2917  6 
 2918  6 
 2919  7 
 2920  5 
 2921  3 
 2922  13 
 2923  10 
 2924  5 
 2925  6 
 2926  9 
 2927  6 
 2928  10 
 2929  10 
 2930  3 
 2931  2 
 2932  6 
 2933  10 
 2934  3 
 2935  8 
 2936  6 
 2937  9 
 2938  10 
 2939  6 
 2940  5 
 2941  13 
 2942  7 
 2943  11 
 2944  9 
 2945  6 
 2946  9 
 2947  7 
 2948  8 
 2949  5 
 2950  2 
 2951  6 
 2952  11 
 2953  9 
 2954  7 
 2955  8 
 2956  5 
 2957  8 
 2958  8 
 2959  3 
 2960  7 
 2961  5 
 2962  5 
 2963  8 
 2964  10 
 2965  4 
 2966  6 
 2967  9 
 2968  4 
 2969  4 
 2970  8 
 2971  7 
 2972  5 
 2973  3 
 2974  6 
 2975  6 
 2976  3 
 2977  6 
 2978  7 
 2979  4 
 2980  6 
 2981  8 
 2982  6 
 2983  2 
 2984  8 
 2985  6 
 2986  7 
 2987  8 
 2988  9 
 2989  10 
 2990  3 
 2991  6 
 2992  5 
 2993  5 
 2994  8 
 2995  4 
 2996  8 
 2997  4 
 2998  8 
 2999  13 
 3000  6 
 3001  7 
 3002  6 
 3003  4 
 3004  5 
 3005  10 
 3006  14 
 3007  7 
 3008  8 
 3009  6 
 3010  9 
 3011  5 
 3012  6 
 3013  5 
 3014  5 
 3015  3 
 3016  7 
 3017  5 
 3018  7 
 3019  9 
 3020  9 
 3021  11 
 3022  8 
 3023  7 
 3024  8 
 3025  9 
 3026  5 
 3027  7 
 3028  7 
 3029  8 
 3030  15 
 3031  4 
 3032  2 
 3033  4 
 3034  6 
 3035  8 
 3036  10 
 3037  6 
 3038  13 
 3039  5 
 3040  9 
 3041  7 
 3042  6 
 3043  7 
 3044  10 
 3045  10 
 3046  7 
 3047  7 
 3048  6 
 3049  4 
 3050  10 
 3051  3 
 3052  3 
 3053  14 
 3054  9 
 3055  5 
 3056  3 
 3057  11 
 3058  6 
 3059  1 
 3060  8 
 3061  8 
 3062  6 
 3063  7 
 3064  9 
 3065  8 
 3066  5 
 3067  6 
 3068  6 
 3069  6 
 3070  6 
 3071  4 
 3072  3 
 3073  4 
 3074  7 
 3075  4 
 3076  7 
 3077  5 
 3078  7 
 3079  14 
 3080  7 
 3081  6 
 3082  6 
 3083  5 
 3084  5 
 3085  5 
 3086  4 
 3087  7 
 3088  4 
 3089  5 
 3090  10 
 3091  8 
 3092  1 
 3093  8 
 3094  7 
 3095  7 
 3096  8 
 3097  9 
 3098  7 
 3099  5 
 3100  7 
 3101  9 
 3102  5 
 3103  9 
 3104  10 
 3105  4 
 3106  8 
 3107  9 
 3108  6 
 3109  10 
 3110  7 
 3111  11 
 3112  5 
 3113  6 
 3114  5 
 3115  9 
 3116  7 
 3117  7 
 3118  7 
 3119  6 
 3120  5 
 3121  5 
 3122  4 
 3123  4 
 3124  10 
 3125  5 
 3126  8 
 3127  10 
 3128  9 
 3129  8 
 3130  10 
 3131  8 
 3132  3 
 3133  7 
 3134  4 
 3135  7 
 3136  8 
 3137  1 
 3138  5 
 3139  11 
 3140  6 
 3141  6 
 3142  3 
 3143  6 
 3144  12 
 3145  4 
 3146  5 
 3147  12 
 3148  6 
 3149  4 
 3150  11 
 3151  6 
 3152  13 
 3153  2 
 3154  7 
 3155  6 
 3156  1 
 3157  3 
 3158  8 
 3159  12 
 3160  5 
 3161  7 
 3162  7 
 3163  6 
 3164  6 
 3165  5 
 3166  9 
 3167  5 
 3168  10 
 3169  6 
 3170  8 
 3171  11 
 3172  9 
 3173  8 
 3174  6 
 3175  6 
 3176  8 
 3177  8 
 3178  8 
 3179  8 
 3180  5 
 3181  6 
 3182  8 
 3183  7 
 3184  4 
 3185  7 
 3186  13 
 3187  5 
 3188  5 
 3189  6 
 3190  13 
 3191  6 
 3192  3 
 3193  12 
 3194  13 
 3195  12 
 3196  9 
 3197  6 
 3198  3 
 3199  3 
 3200  6 
 3201  6 
 3202  11 
 3203  9 
 3204  11 
 3205  8 
 3206  9 
 3207  6 
 3208  3 
 3209  8 
 3210  7 
 3211  4 
 3212  9 
 3213  8 
 3214  2 
 3215  8 
 3216  8 
 3217  5 
 3218  8 
 3219  10 
 3220  9 
 3221  6 
 3222  7 
 3223  6 
 3224  3 
 3225  10 
 3226  6 
 3227  8 
 3228  6 
 3229  9 
 3230  3 
 3231  4 
 3232  7 
 3233  7 
 3234  9 
 3235  5 
 3236  6 
 3237  8 
 3238  7 
 3239  7 
 3240  8 
 3241  6 
 3242  5 
 3243  7 
 3244  9 
 3245  7 
 3246  15 
 3247  7 
 3248  12 
 3249  12 
 3250  7 
 3251  6 
 3252  7 
 3253  8 
 3254  9 
 3255  8 
 3256  5 
 3257  11 
 3258  8 
 3259  6 
 3260  6 
 3261  4 
 3262  15 
 3263  4 
 3264  12 
 3265  11 
 3266  4 
 3267  11 
 3268  5 
 3269  9 
 3270  7 
 3271  12 
 3272  10 
 3273  12 
 3274  10 
 3275  7 
 3276  6 
 3277  6 
 3278  7 
 3279  7 
 3280  9 
 3281  5 
 3282  1 
 3283  2 
 3284  7 
 3285  9 
 3286  6 
 3287  6 
 3288  8 
 3289  6 
 3290  7 
 3291  8 
 3292  5 
 3293  4 
 3294  8 
 3295  7 
 3296  9 
 3297  4 
 3298  9 
 3299  6 
 3300  8 
 3301  11 
 3302  7 
 3303  8 
 3304  5 
 3305  7 
 3306  7 
 3307  9 
 3308  2 
 3309  6 
 3310  6 
 3311  4 
 3312  6 
 3313  5 
 3314  6 
 3315  8 
 3316  8 
 3317  9 
 3318  6 
 3319  9 
 3320  12 
 3321  6 
 3322  7 
 3323  5 
 3324  3 
 3325  7 
 3326  10 
 3327  10 
 3328  5 
 3329  7 
 3330  6 
 3331  8 
 3332  6 
 3333  5 
 3334  4 
 3335  3 
 3336  5 
 3337  11 
 3338  7 
 3339  13 
 3340  13 
 3341  6 
 3342  7 
 3343  7 
 3344  5 
 3345  10 
 3346  6 
 3347  8 
 3348  4 
 3349  4 
 3350  9 
 3351  8 
 3352  9 
 3353  9 
 3354  9 
 3355  6 
 3356  10 
 3357  5 
 3358  7 
 3359  3 
 3360  9 
 3361  6 
 3362  4 
 3363  9 
 3364  11 
 3365  11 
 3366  8 
 3367  9 
 3368  5 
 3369  7 
 3370  5 
 3371  5 
 3372  9 
 3373  11 
 3374  4 
 3375  8 
 3376  11 
 3377  9 
 3378  8 
 3379  10 
 3380  6 
 3381  12 
 3382  8 
 3383  9 
 3384  16 
 3385  13 
 3386  5 
 3387  12 
 3388  5 
 3389  14 
 3390  9 
 3391  9 
 3392  15 
 3393  9 
 3394  16 
 3395  9 
 3396  13 
 3397  11 
 3398  12 
 3399  13 
 3400  11 
 3401  15 
 3402  6 
 3403  9 
 3404  9 
 3405  11 
 3406  18 
 3407  22 
 3408  9 
 3409  12 
 3410  15 
 3411  21 
 3412  10 
 3413  14 
 3414  13 
 3415  16 
 3416  23 
 3417  19 
 3418  15 
 3419  24 
 3420  22 
 3421  19 
 3422  16 
 3423  13 
 3424  19 
 3425  17 
 3426  25 
 3427  16 
 3428  29 
 3429  27 
 3430  15 
 3431  22 
 3432  19 
 3433  21 
 3434  32 
 3435  23 
 3436  22 
 3437  21 
 3438  20 
 3439  19 
 3440  26 
 3441  24 
 3442  17 
 3443  15 
 3444  18 
 3445  16 
 3446  13 
 3447  16 
 3448  18 
 3449  14 
 3450  18 
 3451  10 
 3452  15 
 3453  15 
 3454  11 
 3455  16 
 3456  12 
 3457  10 
 3458  9 
 3459  8 
 3460  11 
 3461  12 
 3462  13 
 3463  10 
 3464  10 
 3465  14 
 3466  11 
 3467  8 
 3468  12 
 3469  14 
 3470  9 
 3471  6 
 3472  10 
 3473  9 
 3474  8 
 3475  10 
 3476  6 
 3477  13 
 3478  8 
 3479  16 
 3480  8 
 3481  10 
 3482  8 
 3483  17 
 3484  19 
 3485  14 
 3486  21 
 3487  13 
 3488  18 
 3489  16 
 3490  16 
 3491  14 
 3492  21 
 3493  25 
 3494  28 
 3495  20 
 3496  24 
 3497  19 
 3498  30 
 3499  35 
 3500  22 
 3501  28 
 3502  38 
 3503  34 
 3504  30 
 3505  37 
 3506  41 
 3507  39 
 3508  37 
 3509  48 
 3510  45 
 3511  66 
 3512  48 
 3513  60 
 3514  61 
 3515  42 
 3516  60 
 3517  63 
 3518  73 
 3519  64 
 3520  68 
 3521  66 
 3522  68 
 3523  78 
 3524  69 
 3525  79 
 3526  78 
 3527  89 
 3528  82 
 3529  84 
 3530  108 
 3531  92 
 3532  94 
 3533  95 
 3534  100 
 3535  96 
 3536  93 
 3537  92 
 3538  102 
 3539  88 
 3540  104 
 3541  90 
 3542  79 
 3543  90 
 3544  100 
 3545  83 
 3546  75 
 3547  91 
 3548  82 
 3549  72 
 3550  76 
 3551  73 
 3552  69 
 3553  66 
 3554  64 
 3555  68 
 3556  71 
 3557  57 
 3558  48 
 3559  50 
 3560  39 
 3561  52 
 3562  40 
 3563  39 
 3564  35 
 3565  33 
 3566  32 
 3567  34 
 3568  13 
 3569  17 
 3570  16 
 3571  20 
 3572  15 
 3573  11 
 3574  17 
 3575  19 
 3576  10 
 3577  11 
 3578  8 
 3579  11 
 3580  8 
 3581  18 
 3582  5 
 3583  8 
 3584  9 
 3585  13 
 3586  7 
 3587  9 
 3588  14 
 3589  7 
 3590  7 
 3591  6 
 3592  6 
 3593  10 
 3594  6 
 3595  6 
 3596  9 
 3597  4 
 3598  8 
 3599  6 
 3600  7 
 3601  8 
 3602  7 
 3603  7 
 3604  5 
 3605  11 
 3606  9 
 3607  8 
 3608  8 
 3609  5 
 3610  12 
 3611  11 
 3612  5 
 3613  8 
 3614  9 
 3615  9 
 3616  3 
 3617  2 
 3618  6 
 3619  7 
 3620  8 
 3621  6 
 3622  6 
 3623  7 
 3624  8 
 3625  8 
 3626  6 
 3627  10 
 3628  6 
 3629  6 
 3630  7 
 3631  10 
 3632  15 
 3633  5 
 3634  7 
 3635  9 
 3636  8 
 3637  7 
 3638  7 
 3639  4 
 3640  10 
 3641  12 
 3642  7 
 3643  7 
 3644  6 
 3645  8 
 3646  12 
 3647  6 
 3648  4 
 3649  5 
 3650  8 
 3651  7 
 3652  9 
 3653  6 
 3654  10 
 3655  9 
 3656  6 
 3657  10 
 3658  10 
 3659  6 
 3660  9 
 3661  9 
 3662  13 
 3663  8 
 3664  9 
 3665  8 
 3666  3 
 3667  11 
 3668  8 
 3669  9 
 3670  6 
 3671  6 
 3672  8 
 3673  4 
 3674  7 
 3675  6 
 3676  8 
 3677  5 
 3678  8 
 3679  9 
 3680  10 
 3681  7 
 3682  9 
 3683  8 
 3684  10 
 3685  8 
 3686  10 
 3687  7 
 3688  6 
 3689  6 
 3690  3 
 3691  7 
 3692  8 
 3693  7 
 3694  6 
 3695  4 
 3696  5 
 3697  8 
 3698  5 
 3699  10 
 3700  7 
 3701  9 
 3702  9 
 3703  6 
 3704  11 
 3705  8 
 3706  6 
 3707  11 
 3708  6 
 3709  8 
 3710  8 
 3711  15 
 3712  7 
 3713  5 
 3714  5 
 3715  14 
 3716  12 
 3717  4 
 3718  10 
 3719  6 
 3720  3 
 3721  10 
 3722  10 
 3723  12 
 3724  11 
 3725  7 
 3726  7 
 3727  7 
 3728  6 
 3729  4 
 3730  8 
 3731  8 
 3732  10 
 3733  10 
 3734  7 
 3735  8 
 3736  11 
 3737  10 
 3738  11 
 3739  14 
 3740  12 
 3741  11 
 3742  9 
 3743  6 
 3744  7 
 3745  13 
 3746  9 
 3747  5 
 3748  12 
 3749  9 
 3750  12 
 3751  12 
 3752  11 
 3753  9 
 3754  15 
 3755  16 
 3756  16 
 3757  15 
 3758  13 
 3759  17 
 3760  19 
 3761  17 
 3762  16 
 3763  13 
 3764  19 
 3765  19 
 3766  25 
 3767  28 
 3768  20 
 3769  32 
 3770  27 
 3771  35 
 3772  32 
 3773  50 
 3774  53 
 3775  52 
 3776  51 
 3777  56 
 3778  56 
 3779  53 
 3780  59 
 3781  74 
 3782  80 
 3783  71 
 3784  102 
 3785  94 
 3786  92 
 3787  88 
 3788  120 
 3789  122 
 3790  155 
 3791  172 
 3792  165 
 3793  192 
 3794  199 
 3795  219 
 3796  217 
 3797  236 
 3798  264 
 3799  331 
 3800  315 
 3801  377 
 3802  413 
 3803  408 
 3804  480 
 3805  513 
 3806  584 
 3807  652 
 3808  704 
 3809  776 
 3810  881 
 3811  934 
 3812  991 
 3813  1141 
 3814  1254 
 3815  1347 
 3816  1497 
 3817  1688 
 3818  1723 
 3819  1814 
 3820  1897 
 3821  2073 
 3822  2156 
 3823  2265 
 3824  2185 
 3825  2290 
 3826  2297 
 3827  2388 
 3828  2524 
 3829  2382 
 3830  2298 
 3831  2233 
 3832  2185 
 3833  2037 
 3834  2060 
 3835  1913 
 3836  1749 
 3837  1627 
 3838  1520 
 3839  1356 
 3840  1292 
 3841  1091 
 3842  958 
 3843  841 
 3844  761 
 3845  664 
 3846  602 
 3847  555 
 3848  399 
 3849  351 
 3850  277 
 3851  222 
 3852  216 
 3853  180 
 3854  153 
 3855  124 
 3856  124 
 3857  98 
 3858  87 
 3859  67 
 3860  58 
 3861  48 
 3862  48 
 3863  40 
 3864  31 
 3865  37 
 3866  21 
 3867  35 
 3868  22 
 3869  19 
 3870  24 
 3871  24 
 3872  15 
 3873  16 
 3874  21 
 3875  18 
 3876  15 
 3877  16 
 3878  11 
 3879  17 
 3880  14 
 3881  15 
 3882  12 
 3883  10 
 3884  17 
 3885  11 
 3886  14 
 3887  10 
 3888  12 
 3889  10 
 3890  13 
 3891  12 
 3892  10 
 3893  11 
 3894  21 
 3895  15 
 3896  22 
 3897  19 
 3898  15 
 3899  13 
 3900  21 
 3901  17 
 3902  10 
 3903  18 
 3904  24 
 3905  32 
 3906  12 
 3907  29 
 3908  25 
 3909  29 
 3910  30 
 3911  24 
 3912  33 
 3913  36 
 3914  36 
 3915  55 
 3916  58 
 3917  56 
 3918  59 
 3919  64 
 3920  54 
 3921  60 
 3922  73 
 3923  66 
 3924  72 
 3925  89 
 3926  82 
 3927  81 
 3928  85 
 3929  95 
 3930  81 
 3931  98 
 3932  82 
 3933  88 
 3934  75 
 3935  87 
 3936  75 
 3937  69 
 3938  56 
 3939  52 
 3940  66 
 3941  56 
 3942  39 
 3943  47 
 3944  32 
 3945  25 
 3946  20 
 3947  25 
 3948  27 
 3949  23 
 3950  24 
 3951  18 
 3952  14 
 3953  9 
 3954  13 
 3955  12 
 3956  8 
 3957  5 
 3958  5 
 3959  3 
 3960  9 
 3961  4 
 3962  5 
 3963  3 
 3964  4 
 3965  4 
 3966  9 
 3967  3 
 3968  5 
 3969  6 
 3970  3 
 3971  3 
 3972  2 
 3973  1 
 3974  9 
 3975  6 
 3976  3 
 3977  7 
 3978  2 
 3979  3 
 3980  2 
 3981  8 
 3982  4 
 3983  3 
 3984  8 
 3985  6 
 3986  1 
 3987  7 
 3988  3 
 3989  3 
 3990  2 
 3991  3 
 3992  6 
 3993  4 
 3994  4 
 3995  5 
 3996  6 
 3997  8 
 3998  9 
 3999  2 
 4000  4 
 4001  4 
 4002  7 
 4003  8 
 4004  5 
 4005  5 
 4006  6 
 4007  9 
 4008  10 
 4009  7 
 4010  3 
 4011  6 
 4012  10 
 4013  6 
 4014  13 
 4015  12 
 4016  9 
 4017  6 
 4018  13 
 4019  7 
 4020  11 
 4021  12 
 4022  14 
 4023  13 
 4024  11 
 4025  20 
 4026  19 
 4027  20 
 4028  19 
 4029  20 
 4030  24 
 4031  22 
 4032  21 
 4033  25 
 4034  28 
 4035  29 
 4036  45 
 4037  43 
 4038  47 
 4039  32 
 4040  63 
 4041  66 
 4042  86 
 4043  72 
 4044  80 
 4045  97 
 4046  98 
 4047  106 
 4048  143 
 4049  140 
 4050  146 
 4051  192 
 4052  159 
 4053  192 
 4054  239 
 4055  240 
 4056  269 
 4057  283 
 4058  296 
 4059  307 
 4060  359 
 4061  415 
 4062  397 
 4063  464 
 4064  497 
 4065  557 
 4066  560 
 4067  592 
 4068  625 
 4069  622 
 4070  745 
 4071  660 
 4072  792 
 4073  825 
 4074  784 
 4075  882 
 4076  906 
 4077  952 
 4078  995 
 4079  1023 
 4080  1038 
 4081  1137 
 4082  1016 
 4083  1102 
 4084  1151 
 4085  1151 
 4086  1257 
 4087  1127 
 4088  1190 
 4089  1166 
 4090  1154 
 4091  1226 
 4092  1044 
 4093  1138 
 4094  1171 
 4095  1142 
 4096  1056 
 4097  1057 
 4098  1020 
 4099  960 
 4100  871 
 4101  876 
 4102  794 
 4103  722 
 4104  647 
 4105  641 
 4106  571 
 4107  523 
 4108  453 
 4109  379 
 4110  374 
 4111  316 
 4112  295 
 4113  269 
 4114  243 
 4115  188 
 4116  166 
 4117  142 
 4118  118 
 4119  97 
 4120  85 
 4121  63 
 4122  60 
 4123  48 
 4124  38 
 4125  30 
 4126  28 
 4127  24 
 4128  21 
 4129  11 
 4130  18 
 4131  16 
 4132  15 
 4133  15 
 4134  8 
 4135  10 
 4136  6 
 4137  10 
 4138  14 
 4139  9 
 4140  14 
 4141  12 
 4142  15 
 4143  11 
 4144  10 
 4145  16 
 4146  13 
 4147  26 
 4148  21 
 4149  27 
 4150  30 
 4151  30 
 4152  32 
 4153  31 
 4154  31 
 4155  46 
 4156  36 
 4157  61 
 4158  66 
 4159  61 
 4160  70 
 4161  82 
 4162  85 
 4163  106 
 4164  104 
 4165  101 
 4166  125 
 4167  143 
 4168  125 
 4169  139 
 4170  134 
 4171  144 
 4172  147 
 4173  131 
 4174  122 
 4175  146 
 4176  123 
 4177  126 
 4178  116 
 4179  97 
 4180  102 
 4181  78 
 4182  67 
 4183  75 
 4184  59 
 4185  38 
 4186  41 
 4187  37 
 4188  37 
 4189  26 
 4190  32 
 4191  29 
 4192  24 
 4193  6 
 4194  22 
 4195  16 
 4196  10 
 4197  12 
 4198  11 
 4199  11 
 4200  13 
 4201  14 
 4202  16 
 4203  17 
 4204  15 
 4205  23 
 4206  14 
 4207  15 
 4208  19 
 4209  19 
 4210  17 
 4211  21 
 4212  11 
 4213  14 
 4214  17 
 4215  13 
 4216  16 
 4217  11 
 4218  18 
 4219  12 
 4220  18 
 4221  15 
 4222  15 
 4223  8 
 4224  14 
 4225  14 
 4226  18 
 4227  10 
 4228  9 
 4229  8 
 4230  16 
 4231  10 
 4232  4 
 4233  7 
 4234  10 
 4235  6 
 4236  4 
 4237  1 
 4238  7 
 4239  4 
 4240  4 
 4241  7 
 4242  3 
 4243  2 
 4244  0 
 4245  0 
 4246  3 
 4247  0 
 4248  1 
 4249  1 
 4250  2 
 4251  0 
 4252  0 
 4253  0 
 4254  0 
 4255  0 
 4256  0 
 4257  0 
 4258  0 
 4259  0 
 4260  1 
 4261  0 
 4262  1 
 4263  0 
 4264  0 
 4265  0 
 4266  0 
 4267  0 
 4268  0 
 4269  1 
 4270  0 
 4271  0 
 4272  0 
 4273  2 
 4274  0 
 4275  0 
 4276  0 
 4277  1 
 4278  0 
 4279  0 
 4280  0 
 4281  0 
 4282  0 
 4283  1 
 4284  0 
 4285  0 
 4286  0 
 4287  0 
 4288  0 
 4289  0 
 4290  0 
 4291  0 
 4292  0 
 4293  0 
 4294  0 
 4295  0 
 4296  0 
 4297  0 
 4298  0 
 4299  0 
 4300  0 
 4301  0 
 4302  0 
 4303  0 
 4304  0 
 4305  0 
 4306  0 
 4307  0 
 4308  0 
 4309  0 
 4310  0 
 4311  0 
 4312  0 
 4313  0 
 4314  0 
 4315  0 
 4316  0 
 4317  0 
 4318  0 
 4319  0 
 4320  0 
 4321  0 
 4322  0 
 4323  0 
 4324  0 
 4325  0 
 4326  0 
 4327  0 
 4328  0 
 4329  0 
 4330  0 
 4331  0 
 4332  0 
 4333  0 
 4334  0 
 4335  0 
 4336  0 
 4337  0 
 4338  0 
 4339  0 
 4340  0 
 4341  0 
 4342  0 
 4343  0 
 4344  1 
 4345  0 
 4346  0 
 4347  0 
 4348  0 
 4349  0 
 4350  0 
 4351  0 
 4352  0 
 4353  0 
 4354  0 
 4355  0 
 4356  0 
 4357  0 
 4358  0 
 4359  0 
 4360  0 
 4361  0 
 4362  0 
 4363  0 
 4364  0 
 4365  0 
 4366  0 
 4367  0 
 4368  0 
 4369  0 
 4370  0 
 4371  0 
 4372  0 
 4373  0 
 4374  0 
 4375  0 
 4376  0 
 4377  0 
 4378  0 
 4379  0 
 4380  0 
 4381  0 
 4382  0 
 4383  0 
 4384  0 
 4385  0 
 4386  1 
 4387  0 
 4388  0 
 4389  0 
 4390  0 
 4391  0 
 4392  0 
 4393  0 
 4394  0 
 4395  0 
 4396  0 
 4397  0 
 4398  0 
 4399  0 
 4400  0 
 4401  0 
 4402  0 
 4403  0 
 4404  0 
 4405  0 
 4406  0 
 4407  0 
 4408  0 
 4409  0 
 4410  0 
 4411  0 
 4412  0 
 4413  0 
 4414  0 
 4415  0 
 4416  1 
 4417  0 
 4418  0 
 4419  0 
 4420  0 
 4421  0 
 4422  0 
 4423  0 
 4424  1 
 4425  0 
 4426  0 
 4427  0 
 4428  0 
 4429  0 
 4430  0 
 4431  0 
 4432  0 
 4433  0 
 4434  0 
 4435  0 
 4436  0 
 4437  0 
 4438  0 
 4439  0 
 4440  0 
 4441  0 
 4442  0 
 4443  0 
 4444  0 
 4445  0 
 4446  0 
 4447  0 
 4448  1 
 4449  0 
 4450  0 
 4451  0 
 4452  0 
 4453  0 
 4454  0 
 4455  0 
 4456  0 
 4457  0 
 4458  0 
 4459  0 
 4460  0 
 4461  1 
 4462  0 
 4463  1 
 4464  0 
 4465  0 
 4466  0 
 4467  0 
 4468  0 
 4469  0 
 4470  1 
 4471  0 
 4472  0 
 4473  0 
 4474  0 
 4475  0 
 4476  0 
 4477  0 
 4478  0 
 4479  0 
 4480  0 
 4481  0 
 4482  0 
 4483  0 
 4484  0 
 4485  0 
 4486  0 
 4487  0 
 4488  0 
 4489  0 
 4490  0 
 4491  0 
 4492  0 
 4493  1 
 4494  0 
 4495  0 
 4496  0 
 4497  0 
 4498  0 
 4499  0 
 4500  0 
 4501  0 
 4502  0 
 4503  0 
 4504  0 
 4505  0 
 4506  0 
 4507  0 
 4508  0 
 4509  0 
 4510  0 
 4511  0 
 4512  0 
 4513  1 
 4514  0 
 4515  0 
 4516  0 
 4517  0 
 4518  0 
 4519  0 
 4520  0 
 4521  0 
 4522  0 
 4523  0 
 4524  0 
 4525  0 
 4526  0 
 4527  0 
 4528  0 
 4529  0 
 4530  0 
 4531  0 
 4532  1 
 4533  0 
 4534  0 
 4535  1 
 4536  0 
 4537  0 
 4538  0 
 4539  0 
 4540  0 
 4541  0 
 4542  0 
 4543  0 
 4544  0 
 4545  1 
 4546  0 
 4547  0 
 4548  0 
 4549  0 
 4550  0 
 4551  0 
 4552  0 
 4553  0 
 4554  0 
 4555  0 
 4556  0 
 4557  0 
 4558  0 
 4559  0 
 4560  0 
 4561  0 
 4562  0 
 4563  0 
 4564  0 
 4565  0 
 4566  0 
 4567  0 
 4568  0 
 4569  0 
 4570  1 
 4571  1 
 4572  0 
 4573  0 
 4574  0 
 4575  0 
 4576  0 
 4577  0 
 4578  0 
 4579  0 
 4580  0 
 4581  0 
 4582  0 
 4583  0 
 4584  0 
 4585  0 
 4586  1 
 4587  0 
 4588  0 
 4589  0 
 4590  0 
 4591  0 
 4592  0 
 4593  0 
 4594  0 
 4595  0 
 4596  0 
 4597  0 
 4598  0 
 4599  0 
 4600  0 
 4601  0 
 4602  0 
 4603  0 
 4604  0 
 4605  0 
 4606  0 
 4607  0 
 4608  0 
 4609  0 
 4610  0 
 4611  0 
 4612  0 
 4613  0 
 4614  0 
 4615  0 
 4616  0 
 4617  1 
 4618  0 
 4619  0 
 4620  0 
 4621  0 
 4622  0 
 4623  0 
 4624  0 
 4625  0 
 4626  0 
 4627  0 
 4628  0 
 4629  0 
 4630  0 
 4631  0 
 4632  1 
 4633  0 
 4634  0 
 4635  0 
 4636  1 
 4637  0 
 4638  0 
 4639  0 
 4640  0 
 4641  0 
 4642  0 
 4643  0 
 4644  0 
 4645  0 
 4646  0 
 4647  0 
 4648  0 
 4649  0 
 4650  0 
 4651  0 
 4652  0 
 4653  1 
 4654  0 
 4655  0 
 4656  0 
 4657  0 
 4658  0 
 4659  0 
 4660  0 
 4661  0 
 4662  0 
 4663  0 
 4664  0 
 4665  0 
 4666  0 
 4667  0 
 4668  0 
 4669  0 
 4670  0 
 4671  0 
 4672  0 
 4673  0 
 4674  0 
 4675  0 
 4676  0 
 4677  0 
 4678  0 
 4679  0 
 4680  0 
 4681  0 
 4682  0 
 4683  0 
 4684  0 
 4685  0 
 4686  0 
 4687  0 
 4688  0 
 4689  0 
 4690  0 
 4691  0 
 4692  0 
 4693  0 
 4694  0 
 4695  0 
 4696  0 
 4697  0 
 4698  0 
 4699  0 
 4700  0 
 4701  0 
 4702  0 
 4703  0 
 4704  1 
 4705  0 
 4706  0 
 4707  0 
 4708  0 
 4709  0 
 4710  0 
 4711  0 
 4712  0 
 4713  0 
 4714  0 
 4715  0 
 4716  0 
 4717  0 
 4718  0 
 4719  0 
 4720  0 
 4721  0 
 4722  0 
 4723  0 
 4724  0 
 4725  0 
 4726  0 
 4727  0 
 4728  0 
 4729  0 
 4730  0 
 4731  0 
 4732  0 
 4733  0 
 4734  0 
 4735  0 
 4736  1 
 4737  0 
 4738  0 
 4739  0 
 4740  0 
 4741  0 
 4742  0 
 4743  0 
 4744  0 
 4745  0 
 4746  0 
 4747  0 
 4748  0 
 4749  0 
 4750  0 
 4751  0 
 4752  0 
 4753  0 
 4754  0 
 4755  0 
 4756  0 
 4757  0 
 4758  0 
 4759  0 
 4760  0 
 4761  0 
 4762  0 
 4763  0 
 4764  0 
 4765  0 
 4766  0 
 4767  0 
 4768  0 
 4769  0 
 4770  0 
 4771  0 
 4772  0 
 4773  0 
 4774  0 
 4775  0 
 4776  0 
 4777  0 
 4778  0 
 4779  0 
 4780  0 
 4781  0 
 4782  0 
 4783  0 
 4784  0 
 4785  0 
 4786  0 
 4787  0 
 4788  0 
 4789  0 
 4790  0 
 4791  0 
 4792  0 
 4793  0 
 4794  0 
 4795  0 
 4796  0 
 4797  0 
 4798  0 
 4799  0 
 4800  0 
 4801  0 
 4802  0 
 4803  0 
 4804  0 
 4805  0 
 4806  0 
 4807  0 
 4808  0 
 4809  0 
 4810  0 
 4811  0 
 4812  0 
 4813  0 
 4814  0 
 4815  0 
 4816  0 
 4817  0 
 4818  0 
 4819  0 
 4820  0 
 4821  0 
 4822  0 
 4823  0 
 4824  0 
 4825  0 
 4826  0 
 4827  0 
 4828  0 
 4829  0 
 4830  0 
 4831  0 
 4832  0 
 4833  0 
 4834  0 
 4835  0 
 4836  0 
 4837  0 
 4838  0 
 4839  0 
 4840  0 
 4841  0 
 4842  0 
 4843  0 
 4844  0 
 4845  0 
 4846  0 
 4847  0 
 4848  0 
 4849  0 
 4850  0 
 4851  0 
 4852  0 
 4853  0 
 4854  0 
 4855  0 
 4856  0 
 4857  0 
 4858  0 
 4859  0 
 4860  0 
 4861  0 
 4862  0 
 4863  0 
 4864  0 
 4865  0 
 4866  0 
 4867  0 
 4868  0 
 4869  0 
 4870  0 
 4871  0 
 4872  0 
 4873  0 
 4874  0 
 4875  0 
 4876  0 
 4877  0 
 4878  0 
 4879  0 
 4880  0 
 4881  0 
 4882  0 
 4883  0 
 4884  0 
 4885  0 
 4886  0 
 4887  0 
 4888  0 
 4889  0 
 4890  0 
 4891  0 
 4892  1 
 4893  0 
 4894  0 
 4895  0 
 4896  0 
 4897  0 
 4898  0 
 4899  0 
 4900  0 
 4901  0 
 4902  0 
 4903  0 
 4904  0 
 4905  0 
 4906  0 
 4907  0 
 4908  0 
 4909  0 
 4910  0 
 4911  0 
 4912  0 
 4913  0 
 4914  0 
 4915  0 
 4916  0 
 4917  0 
 4918  0 
 4919  0 
 4920  0 
 4921  0 
 4922  1 
 4923  0 
 4924  1 
 4925  0 
 4926  0 
 4927  0 
 4928  0 
 4929  0 
 4930  0 
 4931  0 
 4932  0 
 4933  0 
 4934  1 
 4935  0 
 4936  0 
 4937  0 
 4938  0 
 4939  0 
 4940  0 
 4941  0 
 4942  0 
 4943  0 
 4944  0 
 4945  0 
 4946  0 
 4947  0 
 4948  0 
 4949  1 
 4950  0 
 4951  0 
 4952  0 
 4953  0 
 4954  0 
 4955  0 
 4956  0 
 4957  0 
 4958  0 
 4959  0 
 4960  0 
 4961  0 
 4962  0 
 4963  0 
 4964  0 
 4965  0 
 4966  0 
 4967  0 
 4968  0 
 4969  0 
 4970  0 
 4971  0 
 4972  0 
 4973  0 
 4974  0 
 4975  0 
 4976  0 
 4977  0 
 4978  0 
 4979  0 
 4980  0 
 4981  0 
 4982  0 
 4983  0 
 4984  0 
 4985  0 
 4986  0 
 4987  0 
 4988  0 
 4989  0 
 4990  0 
 4991  0 
 4992  0 
 4993  0 
 4994  0 
 4995  0 
 4996  0 
 4997  0 
 4998  0 
 4999  0 
 5000  0 
 5001  0 
 5002  0 
 5003  0 
 5004  0 
 5005  0 
 5006  0 
 5007  0 
 5008  0 
 5009  0 
 5010  0 
 5011  0 
 5012  0 
 5013  0 
 5014  0 
 5015  0 
 5016  0 
 5017  0 
 5018  0 
 5019  0 
 5020  0 
 5021  0 
 5022  0 
 5023  0 
 5024  0 
 5025  0 
 5026  0 
 5027  0 
 5028  0 
 5029  0 
 5030  0 
 5031  0 
 5032  0 
 5033  0 
 5034  0 
 5035  0 
 5036  0 
 5037  0 
 5038  0 
 5039  0 
 5040  0 
 5041  0 
 5042  0 
 5043  0 
 5044  0 
 5045  0 
 5046  0 
 5047  0 
 5048  0 
 5049  0 
 5050  0 
 5051  0 
 5052  0 
 5053  0 
 5054  0 
 5055  0 
 5056  0 
 5057  0 
 5058  0 
 5059  0 
 5060  1 
 5061  0 
 5062  0 
 5063  0 
 5064  0 
 5065  0 
 5066  0 
 5067  0 
 5068  0 
 5069  0 
 5070  0 
 5071  0 
 5072  0 
 5073  0 
 5074  0 
 5075  0 
 5076  0 
 5077  0 
 5078  0 
 5079  0 
 5080  0 
 5081  0 
 5082  0 
 5083  0 
 5084  0 
 5085  0 
 5086  0 
 5087  0 
 5088  0 
 5089  0 
 5090  0 
 5091  1 
 5092  0 
 5093  0 
 5094  0 
 5095  0 
 5096  0 
 5097  0 
 5098  0 
 5099  0 
 5100  0 
 5101  0 
 5102  0 
 5103  0 
 5104  0 
 5105  0 
 5106  0 
 5107  0 
 5108  0 
 5109  0 
 5110  0 
 5111  0 
 5112  0 
 5113  0 
 5114  0 
 5115  0 
 5116  0 
 5117  0 
 5118  0 
 5119  0 
 5120  0 
 5121  0 
 5122  0 
 5123  0 
 5124  1 
 5125  0 
 5126  0 
 5127  0 
 5128  0 
 5129  0 
 5130  0 
 5131  0 
 5132  0 
 5133  0 
 5134  0 
 5135  0 
 5136  0 
 5137  0 
 5138  0 
 5139  0 
 5140  0 
 5141  0 
 5142  0 
 5143  0 
 5144  0 
 5145  1 
 5146  0 
 5147  0 
 5148  0 
 5149  0 
 5150  0 
 5151  0 
 5152  0 
 5153  0 
 5154  0 
 5155  0 
 5156  0 
 5157  0 
 5158  0 
 5159  0 
 5160  0 
 5161  0 
 5162  0 
 5163  0 
 5164  0 
 5165  0 
 5166  0 
 5167  0 
 5168  0 
 5169  0 
 5170  0 
 5171  0 
 5172  0 
 5173  0 
 5174  0 
 5175  0 
 5176  0 
 5177  0 
 5178  0 
 5179  0 
 5180  0 
 5181  0 
 5182  0 
 5183  1 
 5184  0 
 5185  0 
 5186  0 
 5187  0 
 5188  0 
 5189  0 
 5190  0 
 5191  0 
 5192  0 
 5193  0 
 5194  0 
 5195  0 
 5196  0 
 5197  0 
 5198  0 
 5199  0 
 5200  0 
 5201  0 
 5202  0 
 5203  0 
 5204  0 
 5205  0 
 5206  0 
 5207  0 
 5208  0 
 5209  0 
 5210  0 
 5211  0 
 5212  0 
 5213  0 
 5214  0 
 5215  0 
 5216  0 
 5217  0 
 5218  1 
 5219  0 
 5220  0 
 5221  0 
 5222  0 
 5223  0 
 5224  0 
 5225  0 
 5226  0 
 5227  0 
 5228  0 
 5229  0 
 5230  0 
 5231  0 
 5232  0 
 5233  0 
 5234  0 
 5235  0 
 5236  0 
 5237  0 
 5238  0 
 5239  0 
 5240  0 
 5241  0 
 5242  0 
 5243  0 
 5244  0 
 5245  0 
 5246  0 
 5247  0 
 5248  0 
 5249  0 
 5250  0 
 5251  0 
 5252  0 
 5253  0 
 5254  0 
 5255  0 
 5256  0 
 5257  0 
 5258  0 
 5259  0 
 5260  0 
 5261  0 
 5262  0 
 5263  0 
 5264  0 
 5265  0 
 5266  0 
 5267  0 
 5268  0 
 5269  0 
 5270  0 
 5271  0 
 5272  0 
 5273  0 
 5274  0 
 5275  0 
 5276  0 
 5277  0 
 5278  0 
 5279  0 
 5280  0 
 5281  0 
 5282  0 
 5283  0 
 5284  0 
 5285  0 
 5286  0 
 5287  0 
 5288  0 
 5289  0 
 5290  0 
 5291  0 
 5292  0 
 5293  0 
 5294  0 
 5295  0 
 5296  0 
 5297  0 
 5298  0 
 5299  0 
 5300  0 
 5301  0 
 5302  0 
 5303  0 
 5304  0 
 5305  0 
 5306  0 
 5307  0 
 5308  0 
 5309  0 
 5310  0 
 5311  0 
 5312  0 
 5313  0 
 5314  0 
 5315  0 
 5316  0 
 5317  0 
 5318  0 
 5319  0 
 5320  0 
 5321  0 
 5322  0 
 5323  0 
 5324  0 
 5325  0 
 5326  0 
 5327  0 
 5328  0 
 5329  0 
 5330  0 
 5331  0 
 5332  0 
 5333  0 
 5334  0 
 5335  0 
 5336  0 
 5337  0 
 5338  0 
 5339  0 
 5340  0 
 5341  0 
 5342  0 
 5343  0 
 5344  0 
 5345  0 
 5346  0 
 5347  0 
 5348  0 
 5349  0 
 5350  1 
 5351  0 
 5352  0 
 5353  0 
 5354  0 
 5355  0 
 5356  0 
 5357  0 
 5358  0 
 5359  0 
 5360  0 
 5361  0 
 5362  0 
 5363  0 
 5364  0 
 5365  0 
 5366  0 
 5367  0 
 5368  0 
 5369  0 
 5370  0 
 5371  1 
 5372  0 
 5373  0 
 5374  0 
 5375  0 
 5376  0 
 5377  0 
 5378  0 
 5379  0 
 5380  0 
 5381  0 
 5382  0 
 5383  0 
 5384  0 
 5385  0 
 5386  0 
 5387  0 
 5388  0 
 5389  0 
 5390  0 
 5391  0 
 5392  0 
 5393  0 
 5394  1 
 5395  0 
 5396  0 
 5397  0 
 5398  0 
 5399  0 
 5400  0 
 5401  0 
 5402  0 
 5403  0 
 5404  0 
 5405  0 
 5406  0 
 5407  0 
 5408  0 
 5409  0 
 5410  0 
 5411  0 
 5412  0 
 5413  0 
 5414  0 
 5415  0 
 5416  0 
 5417  0 
 5418  0 
 5419  0 
 5420  0 
 5421  0 
 5422  0 
 5423  0 
 5424  0 
 5425  0 
 5426  0 
 5427  0 
 5428  0 
 5429  0 
 5430  0 
 5431  0 
 5432  0 
 5433  0 
 5434  0 
 5435  0 
 5436  0 
 5437  0 
 5438  0 
 5439  0 
 5440  0 
 5441  0 
 5442  0 
 5443  0 
 5444  0 
 5445  0 
 5446  0 
 5447  0 
 5448  0 
 5449  0 
 5450  0 
 5451  0 
 5452  0 
 5453  0 
 5454  0 
 5455  0 
 5456  0 
 5457  0 
 5458  0 
 5459  0 
 5460  0 
 5461  0 
 5462  0 
 5463  0 
 5464  0 
 5465  0 
 5466  1 
 5467  0 
 5468  0 
 5469  0 
 5470  0 
 5471  0 
 5472  0 
 5473  0 
 5474  0 
 5475  0 
 5476  0 
 5477  0 
 5478  0 
 5479  0 
 5480  1 
 5481  0 
 5482  0 
 5483  0 
 5484  0 
 5485  0 
 5486  0 
 5487  0 
 5488  0 
 5489  0 
 5490  0 
 5491  0 
 5492  0 
 5493  0 
 5494  0 
 5495  0 
 5496  0 
 5497  0 
 5498  1 
 5499  0 
 5500  0 
 5501  0 
 5502  0 
 5503  0 
 5504  0 
 5505  0 
 5506  0 
 5507  0 
 5508  0 
 5509  0 
 5510  0 
 5511  1 
 5512  0 
 5513  0 
 5514  1 
 5515  0 
 5516  0 
 5517  0 
 5518  0 
 5519  0 
 5520  0 
 5521  0 
 5522  0 
 5523  0 
 5524  0 
 5525  0 
 5526  0 
 5527  0 
 5528  0 
 5529  0 
 5530  0 
 5531  0 
 5532  0 
 5533  0 
 5534  0 
 5535  0 
 5536  0 
 5537  0 
 5538  0 
 5539  1 
 5540  0 
 5541  0 
 5542  0 
 5543  0 
 5544  0 
 5545  0 
 5546  0 
 5547  0 
 5548  0 
 5549  1 
 5550  0 
 5551  0 
 5552  0 
 5553  0 
 5554  0 
 5555  0 
 5556  1 
 5557  1 
 5558  0 
 5559  1 
 5560  0 
 5561  0 
 5562  1 
 5563  1 
 5564  0 
 5565  0 
 5566  0 
 5567  0 
 5568  0 
 5569  0 
 5570  0 
 5571  0 
 5572  0 
 5573  1 
 5574  0 
 5575  1 
 5576  0 
 5577  0 
 5578  0 
 5579  0 
 5580  1 
 5581  0 
 5582  0 
 5583  0 
 5584  0 
 5585  1 
 5586  0 
 5587  1 
 5588  0 
 5589  0 
 5590  1 
 5591  0 
 5592  0 
 5593  1 
 5594  0 
 5595  0 
 5596  0 
 5597  0 
 5598  1 
 5599  0 
 5600  1 
 5601  0 
 5602  0 
 5603  1 
 5604  0 
 5605  0 
 5606  0 
 5607  0 
 5608  0 
 5609  0 
 5610  0 
 5611  1 
 5612  1 
 5613  0 
 5614  1 
 5615  1 
 5616  1 
 5617  0 
 5618  0 
 5619  0 
 5620  0 
 5621  0 
 5622  0 
 5623  0 
 5624  0 
 5625  2 
 5626  0 
 5627  1 
 5628  0 
 5629  0 
 5630  0 
 5631  0 
 5632  0 
 5633  1 
 5634  0 
 5635  1 
 5636  0 
 5637  0 
 5638  0 
 5639  0 
 5640  0 
 5641  0 
 5642  0 
 5643  0 
 5644  0 
 5645  1 
 5646  0 
 5647  0 
 5648  0 
 5649  0 
 5650  0 
 5651  1 
 5652  0 
 5653  0 
 5654  1 
 5655  0 
 5656  0 
 5657  0 
 5658  0 
 5659  0 
 5660  0 
 5661  0 
 5662  0 
 5663  0 
 5664  0 
 5665  0 
 5666  0 
 5667  0 
 5668  2 
 5669  0 
 5670  1 
 5671  0 
 5672  0 
 5673  0 
 5674  0 
 5675  0 
 5676  0 
 5677  1 
 5678  0 
 5679  2 
 5680  1 
 5681  0 
 5682  0 
 5683  0 
 5684  2 
 5685  1 
 5686  0 
 5687  1 
 5688  0 
 5689  0 
 5690  0 
 5691  0 
 5692  1 
 5693  1 
 5694  0 
 5695  0 
 5696  0 
 5697  0 
 5698  0 
 5699  0 
 5700  1 
 5701  0 
 5702  1 
 5703  0 
 5704  0 
 5705  0 
 5706  0 
 5707  1 
 5708  0 
 5709  0 
 5710  0 
 5711  0 
 5712  0 
 5713  0 
 5714  0 
 5715  0 
 5716  0 
 5717  0 
 5718  0 
 5719  0 
 5720  0 
 5721  0 
 5722  0 
 5723  1 
 5724  1 
 5725  0 
 5726  0 
 5727  0 
 5728  1 
 5729  0 
 5730  0 
 5731  0 
 5732  0 
 5733  0 
 5734  0 
 5735  1 
 5736  0 
 5737  0 
 5738  0 
 5739  0 
 5740  0 
 5741  0 
 5742  0 
 5743  0 
 5744  1 
 5745  0 
 5746  0 
 5747  0 
 5748  0 
 5749  0 
 5750  0 
 5751  0 
 5752  1 
 5753  0 
 5754  0 
 5755  0 
 5756  0 
 5757  1 
 5758  0 
 5759  1 
 5760  0 
 5761  0 
 5762  0 
 5763  0 
 5764  0 
 5765  0 
 5766  1 
 5767  0 
 5768  1 
 5769  0 
 5770  0 
 5771  0 
 5772  0 
 5773  0 
 5774  0 
 5775  0 
 5776  0 
 5777  0 
 5778  0 
 5779  0 
 5780  0 
 5781  0 
 5782  0 
 5783  0 
 5784  0 
 5785  0 
 5786  0 
 5787  0 
 5788  0 
 5789  0 
 5790  0 
 5791  0 
 5792  0 
 5793  0 
 5794  0 
 5795  0 
 5796  1 
 5797  0 
 5798  0 
 5799  0 
 5800  0 
 5801  0 
 5802  0 
 5803  0 
 5804  0 
 5805  0 
 5806  0 
 5807  0 
 5808  0 
 5809  0 
 5810  0 
 5811  0 
 5812  0 
 5813  0 
 5814  0 
 5815  0 
 5816  0 
 5817  0 
 5818  0 
 5819  0 
 5820  0 
 5821  0 
 5822  0 
 5823  0 
 5824  0 
 5825  0 
 5826  0 
 5827  0 
 5828  0 
 5829  0 
 5830  0 
 5831  0 
 5832  0 
 5833  0 
 5834  0 
 5835  0 
 5836  0 
 5837  0 
 5838  0 
 5839  0 
 5840  0 
 5841  0 
 5842  0 
 5843  0 
 5844  0 
 5845  0 
 5846  0 
 5847  0 
 5848  0 
 5849  0 
 5850  0 
 5851  0 
 5852  0 
 5853  0 
 5854  0 
 5855  0 
 5856  0 
 5857  0 
 5858  0 
 5859  0 
 5860  0 
 5861  0 
 5862  0 
 5863  0 
 5864  0 
 5865  0 
 5866  0 
 5867  0 
 5868  0 
 5869  0 
 5870  0 
 5871  0 
 5872  0 
 5873  0 
 5874  0 
 5875  0 
 5876  0 
 5877  0 
 5878  0 
 5879  0 
 5880  0 
 5881  0 
 5882  0 
 5883  0 
 5884  0 
 5885  0 
 5886  0 
 5887  0 
 5888  0 
 5889  0 
 5890  0 
 5891  0 
 5892  0 
 5893  0 
 5894  0 
 5895  0 
 5896  0 
 5897  0 
 5898  0 
 5899  0 
 5900  0 
 5901  0 
 5902  0 
 5903  0 
 5904  0 
 5905  0 
 5906  0 
 5907  0 
 5908  0 
 5909  0 
 5910  0 
 5911  0 
 5912  0 
 5913  0 
 5914  0 
 5915  0 
 5916  0 
 5917  0 
 5918  0 
 5919  0 
 5920  0 
 5921  0 
 5922  0 
 5923  0 
 5924  0 
 5925  0 
 5926  0 
 5927  0 
 5928  0 
 5929  0 
 5930  0 
 5931  0 
 5932  0 
 5933  0 
 5934  1 
 5935  0 
 5936  0 
 5937  0 
 5938  0 
 5939  0 
 5940  0 
 5941  0 
 5942  0 
 5943  0 
 5944  0 
 5945  0 
 5946  0 
 5947  0 
 5948  0 
 5949  0 
 5950  0 
 5951  0 
 5952  0 
 5953  0 
 5954  0 
 5955  0 
 5956  0 
 5957  0 
 5958  0 
 5959  0 
 5960  0 
 5961  0 
 5962  0 
 5963  0 
 5964  0 
 5965  0 
 5966  0 
 5967  0 
 5968  0 
 5969  0 
 5970  0 
 5971  0 
 5972  0 
 5973  0 
 5974  0 
 5975  0 
 5976  0 
 5977  0 
 5978  0 
 5979  0 
 5980  0 
 5981  0 
 5982  0 
 5983  0 
 5984  0 
 5985  0 
 5986  0 
 5987  0 
 5988  0 
 5989  0 
 5990  0 
 5991  0 
 5992  0 
 5993  0 
 5994  0 
 5995  0 
 5996  0 
 5997  1 
 5998  0 
 5999  0 
 6000  0 
 6001  0 
 6002  0 
 6003  0 
 6004  0 
 6005  0 
 6006  0 
 6007  0 
 6008  0 
 6009  0 
 6010  0 
 6011  0 
 6012  0 
 6013  0 
 6014  0 
 6015  0 
 6016  0 
 6017  0 
 6018  0 
 6019  0 
 6020  0 
 6021  0 
 6022  0 
 6023  0 
 6024  0 
 6025  0 
 6026  0 
 6027  0 
 6028  0 
 6029  0 
 6030  0 
 6031  0 
 6032  0 
 6033  0 
 6034  0 
 6035  0 
 6036  0 
 6037  0 
 6038  0 
 6039  0 
 6040  0 
 6041  0 
 6042  0 
 6043  0 
 6044  0 
 6045  0 
 6046  0 
 6047  0 
 6048  0 
 6049  0 
 6050  0 
 6051  0 
 6052  0 
 6053  0 
 6054  0 
 6055  0 
 6056  0 
 6057  0 
 6058  0 
 6059  0 
 6060  0 
 6061  0 
 6062  0 
 6063  0 
 6064  0 
 6065  0 
 6066  0 
 6067  1 
 6068  0 
 6069  0 
 6070  0 
 6071  0 
 6072  0 
 6073  0 
 6074  0 
 6075  0 
 6076  0 
 6077  0 
 6078  0 
 6079  0 
 6080  0 
 6081  0 
 6082  0 
 6083  0 
 6084  0 
 6085  0 
 6086  0 
 6087  0 
 6088  0 
 6089  0 
 6090  0 
 6091  0 
 6092  0 
 6093  0 
 6094  0 
 6095  0 
 6096  0 
 6097  0 
 6098  0 
 6099  0 
 6100  0 
 6101  0 
 6102  0 
 6103  0 
 6104  0 
 6105  0 
 6106  0 
 6107  0 
 6108  0 
 6109  0 
 6110  0 
 6111  0 
 6112  0 
 6113  0 
 6114  0 
 6115  0 
 6116  0 
 6117  0 
 6118  0 
 6119  0 
 6120  0 
 6121  0 
 6122  0 
 6123  0 
 6124  0 
 6125  0 
 6126  0 
 6127  0 
 6128  0 
 6129  0 
 6130  0 
 6131  0 
 6132  0 
 6133  0 
 6134  0 
 6135  0 
 6136  0 
 6137  0 
 6138  0 
 6139  0 
 6140  0 
 6141  0 
 6142  0 
 6143  0 
 6144  0 
 6145  0 
 6146  0 
 6147  0 
 6148  0 
 6149  0 
 6150  0 
 6151  0 
 6152  0 
 6153  0 
 6154  0 
 6155  0 
 6156  0 
 6157  0 
 6158  0 
 6159  0 
 6160  0 
 6161  0 
 6162  0 
 6163  0 
 6164  0 
 6165  0 
 6166  0 
 6167  0 
 6168  0 
 6169  0 
 6170  0 
 6171  0 
 6172  0 
 6173  0 
 6174  0 
 6175  0 
 6176  1 
 6177  0 
 6178  0 
 6179  0 
 6180  0 
 6181  0 
 6182  0 
 6183  0 
 6184  0 
 6185  0 
 6186  0 
 6187  0 
 6188  0 
 6189  0 
 6190  0 
 6191  0 
 6192  0 
 6193  0 
 6194  0 
 6195  0 
 6196  0 
 6197  0 
 6198  0 
 6199  0 
 6200  0 
 6201  0 
 6202  0 
 6203  0 
 6204  0 
 6205  0 
 6206  0 
 6207  0 
 6208  0 
 6209  0 
 6210  0 
 6211  0 
 6212  0 
 6213  0 
 6214  0 
 6215  0 
 6216  0 
 6217  0 
 6218  0 
 6219  0 
 6220  0 
 6221  0 
 6222  0 
 6223  0 
 6224  0 
 6225  0 
 6226  0 
 6227  0 
 6228  0 
 6229  0 
 6230  0 
 6231  0 
 6232  0 
 6233  0 
 6234  0 
 6235  0 
 6236  0 
 6237  0 
 6238  0 
 6239  0 
 6240  0 
 6241  0 
 6242  0 
 6243  0 
 6244  0 
 6245  0 
 6246  0 
 6247  0 
 6248  0 
 6249  0 
 6250  0 
 6251  0 
 6252  0 
 6253  0 
 6254  0 
 6255  0 
 6256  0 
 6257  0 
 6258  0 
 6259  0 
 6260  0 
 6261  0 
 6262  0 
 6263  0 
 6264  0 
 6265  0 
 6266  0 
 6267  0 
 6268  0 
 6269  1 
 6270  0 
 6271  0 
 6272  0 
 6273  0 
 6274  0 
 6275  0 
 6276  0 
 6277  0 
 6278  0 
 6279  0 
 6280  0 
 6281  0 
 6282  0 
 6283  0 
 6284  0 
 6285  0 
 6286  0 
 6287  0 
 6288  0 
 6289  0 
 6290  0 
 6291  0 
 6292  0 
 6293  0 
 6294  0 
 6295  0 
 6296  0 
 6297  0 
 6298  0 
 6299  0 
 6300  0 
 6301  0 
 6302  0 
 6303  0 
 6304  0 
 6305  0 
 6306  0 
 6307  0 
 6308  0 
 6309  0 
 6310  0 
 6311  0 
 6312  0 
 6313  0 
 6314  0 
 6315  0 
 6316  0 
 6317  0 
 6318  0 
 6319  0 
 6320  0 
 6321  0 
 6322  0 
 6323  0 
 6324  0 
 6325  0 
 6326  0 
 6327  0 
 6328  0 
 6329  0 
 6330  0 
 6331  0 
 6332  0 
 6333  0 
 6334  0 
 6335  0 
 6336  0 
 6337  0 
 6338  0 
 6339  0 
 6340  0 
 6341  0 
 6342  0 
 6343  0 
 6344  0 
 6345  0 
 6346  0 
 6347  0 
 6348  0 
 6349  0 
 6350  0 
 6351  0 
 6352  0 
 6353  0 
 6354  0 
 6355  0 
 6356  0 
 6357  0 
 6358  0 
 6359  0 
 6360  0 
 6361  0 
 6362  0 
 6363  0 
 6364  0 
 6365  0 
 6366  0 
 6367  0 
 6368  0 
 6369  0 
 6370  0 
 6371  0 
 6372  0 
 6373  0 
 6374  0 
 6375  0 
 6376  0 
 6377  0 
 6378  0 
 6379  0 
 6380  0 
 6381  0 
 6382  0 
 6383  0 
 6384  0 
 6385  0 
 6386  0 
 6387  0 
 6388  0 
 6389  0 
 6390  0 
 6391  0 
 6392  0 
 6393  0 
 6394  0 
 6395  0 
 6396  0 
 6397  0 
 6398  0 
 6399  0 
 6400  0 
 6401  0 
 6402  0 
 6403  0 
 6404  0 
 6405  0 
 6406  0 
 6407  0 
 6408  0 
 6409  0 
 6410  0 
 6411  0 
 6412  0 
 6413  0 
 6414  0 
 6415  0 
 6416  0 
 6417  0 
 6418  0 
 6419  0 
 6420  0 
 6421  0 
 6422  0 
 6423  0 
 6424  0 
 6425  0 
 6426  0 
 6427  0 
 6428  0 
 6429  0 
 6430  0 
 6431  0 
 6432  0 
 6433  0 
 6434  0 
 6435  0 
 6436  0 
 6437  0 
 6438  0 
 6439  0 
 6440  0 
 6441  0 
 6442  0 
 6443  0 
 6444  0 
 6445  0 
 6446  1 
 6447  0 
 6448  0 
 6449  0 
 6450  0 
 6451  0 
 6452  0 
 6453  0 
 6454  0 
 6455  0 
 6456  0 
 6457  0 
 6458  0 
 6459  0 
 6460  0 
 6461  0 
 6462  0 
 6463  0 
 6464  0 
 6465  0 
 6466  0 
 6467  0 
 6468  0 
 6469  0 
 6470  0 
 6471  0 
 6472  0 
 6473  0 
 6474  0 
 6475  0 
 6476  0 
 6477  0 
 6478  0 
 6479  0 
 6480  0 
 6481  0 
 6482  0 
 6483  0 
 6484  0 
 6485  0 
 6486  0 
 6487  0 
 6488  0 
 6489  0 
 6490  0 
 6491  0 
 6492  0 
 6493  0 
 6494  0 
 6495  0 
 6496  0 
 6497  0 
 6498  0 
 6499  0 
 6500  0 
 6501  0 
 6502  0 
 6503  0 
 6504  0 
 6505  0 
 6506  0 
 6507  0 
 6508  1 
 6509  0 
 6510  0 
 6511  0 
 6512  0 
 6513  0 
 6514  0 
 6515  0 
 6516  0 
 6517  0 
 6518  0 
 6519  0 
 6520  0 
 6521  0 
 6522  0 
 6523  0 
 6524  0 
 6525  0 
 6526  0 
 6527  0 
 6528  0 
 6529  0 
 6530  0 
 6531  0 
 6532  0 
 6533  0 
 6534  0 
 6535  0 
 6536  0 
 6537  0 
 6538  0 
 6539  0 
 6540  0 
 6541  0 
 6542  0 
 6543  0 
 6544  0 
 6545  0 
 6546  0 
 6547  0 
 6548  0 
 6549  0 
 6550  0 
 6551  0 
 6552  0 
 6553  0 
 6554  0 
 6555  0 
 6556  0 
 6557  0 
 6558  0 
 6559  0 
 6560  0 
 6561  0 
 6562  0 
 6563  0 
 6564  0 
 6565  0 
 6566  0 
 6567  0 
 6568  0 
 6569  0 
 6570  0 
 6571  0 
 6572  0 
 6573  0 
 6574  0 
 6575  0 
 6576  0 
 6577  0 
 6578  1 
 6579  0 
 6580  0 
 6581  0 
 6582  0 
 6583  0 
 6584  0 
 6585  0 
 6586  0 
 6587  0 
 6588  0 
 6589  0 
 6590  0 
 6591  0 
 6592  0 
 6593  0 
 6594  0 
 6595  0 
 6596  0 
 6597  0 
 6598  0 
 6599  0 
 6600  0 
 6601  0 
 6602  0 
 6603  0 
 6604  0 
 6605  0 
 6606  0 
 6607  0 
 6608  0 
 6609  0 
 6610  0 
 6611  0 
 6612  0 
 6613  0 
 6614  0 
 6615  0 
 6616  0 
 6617  0 
 6618  0 
 6619  0 
 6620  0 
 6621  0 
 6622  0 
 6623  0 
 6624  0 
 6625  0 
 6626  0 
 6627  0 
 6628  0 
 6629  0 
 6630  0 
 6631  0 
 6632  0 
 6633  0 
 6634  0 
 6635  1 
 6636  0 
 6637  0 
 6638  0 
 6639  0 
 6640  0 
 6641  0 
 6642  0 
 6643  0 
 6644  0 
 6645  0 
 6646  0 
 6647  0 
 6648  0 
 6649  0 
 6650  0 
 6651  0 
 6652  0 
 6653  0 
 6654  0 
 6655  0 
 6656  0 
 6657  0 
 6658  0 
 6659  0 
 6660  0 
 6661  0 
 6662  0 
 6663  0 
 6664  0 
 6665  0 
 6666  0 
 6667  0 
 6668  0 
 6669  0 
 6670  0 
 6671  0 
 6672  0 
 6673  0 
 6674  0 
 6675  0 
 6676  0 
 6677  0 
 6678  0 
 6679  0 
 6680  0 
 6681  0 
 6682  0 
 6683  0 
 6684  0 
 6685  0 
 6686  0 
 6687  0 
 6688  0 
 6689  0 
 6690  0 
 6691  0 
 6692  0 
 6693  0 
 6694  0 
 6695  0 
 6696  0 
 6697  0 
 6698  0 
 6699  0 
 6700  0 
 6701  0 
 6702  0 
 6703  0 
 6704  0 
 6705  0 
 6706  0 
 6707  0 
 6708  0 
 6709  0 
 6710  0 
 6711  0 
 6712  0 
 6713  0 
 6714  0 
 6715  0 
 6716  0 
 6717  0 
 6718  0 
 6719  0 
 6720  0 
 6721  0 
 6722  0 
 6723  0 
 6724  0 
 6725  0 
 6726  1 
 6727  0 
 6728  0 
 6729  1 
 6730  0 
 6731  0 
 6732  0 
 6733  0 
 6734  0 
 6735  0 
 6736  0 
 6737  0 
 6738  0 
 6739  0 
 6740  0 
 6741  0 
 6742  0 
 6743  0 
 6744  0 
 6745  0 
 6746  0 
 6747  0 
 6748  0 
 6749  0 
 6750  0 
 6751  0 
 6752  0 
 6753  0 
 6754  0 
 6755  0 
 6756  0 
 6757  0 
 6758  0 
 6759  0 
 6760  0 
 6761  0 
 6762  0 
 6763  0 
 6764  0 
 6765  0 
 6766  0 
 6767  0 
 6768  0 
 6769  0 
 6770  0 
 6771  0 
 6772  0 
 6773  0 
 6774  0 
 6775  0 
 6776  0 
 6777  0 
 6778  0 
 6779  0 
 6780  0 
 6781  0 
 6782  0 
 6783  0 
 6784  0 
 6785  0 
 6786  0 
 6787  0 
 6788  0 
 6789  0 
 6790  0 
 6791  0 
 6792  0 
 6793  0 
 6794  0 
 6795  0 
 6796  0 
 6797  0 
 6798  0 
 6799  0 
 6800  0 
 6801  0 
 6802  0 
 6803  0 
 6804  0 
 6805  0 
 6806  0 
 6807  0 
 6808  1 
 6809  0 
 6810  0 
 6811  0 
 6812  0 
 6813  0 
 6814  0 
 6815  0 
 6816  0 
 6817  0 
 6818  1 
 6819  0 
 6820  0 
 6821  0 
 6822  0 
 6823  0 
 6824  1 
 6825  0 
 6826  0 
 6827  0 
 6828  0 
 6829  0 
 6830  0 
 6831  0 
 6832  0 
 6833  0 
 6834  0 
 6835  0 
 6836  0 
 6837  0 
 6838  0 
 6839  0 
 6840  1 
 6841  0 
 6842  0 
 6843  0 
 6844  0 
 6845  0 
 6846  0 
 6847  0 
 6848  0 
 6849  0 
 6850  1 
 6851  0 
 6852  0 
 6853  0 
 6854  0 
 6855  0 
 6856  0 
 6857  0 
 6858  0 
 6859  0 
 6860  0 
 6861  0 
 6862  0 
 6863  0 
 6864  0 
 6865  0 
 6866  0 
 6867  0 
 6868  0 
 6869  0 
 6870  0 
 6871  0 
 6872  0 
 6873  0 
 6874  0 
 6875  0 
 6876  0 
 6877  0 
 6878  0 
 6879  0 
 6880  0 
 6881  0 
 6882  0 
 6883  0 
 6884  0 
 6885  0 
 6886  0 
 6887  0 
 6888  1 
 6889  0 
 6890  0 
 6891  0 
 6892  0 
 6893  0 
 6894  0 
 6895  0 
 6896  0 
 6897  0 
 6898  0 
 6899  0 
 6900  0 
 6901  0 
 6902  0 
 6903  0 
 6904  0 
 6905  0 
 6906  0 
 6907  0 
 6908  0 
 6909  0 
 6910  0 
 6911  0 
 6912  0 
 6913  0 
 6914  0 
 6915  0 
 6916  0 
 6917  0 
 6918  0 
 6919  0 
 6920  0 
 6921  0 
 6922  0 
 6923  0 
 6924  0 
 6925  0 
 6926  0 
 6927  0 
 6928  0 
 6929  0 
 6930  0 
 6931  0 
 6932  0 
 6933  0 
 6934  0 
 6935  0 
 6936  0 
 6937  0 
 6938  0 
 6939  0 
 6940  1 
 6941  0 
 6942  0 
 6943  0 
 6944  0 
 6945  0 
 6946  0 
 6947  0 
 6948  0 
 6949  0 
 6950  0 
 6951  0 
 6952  0 
 6953  0 
 6954  0 
 6955  0 
 6956  0 
 6957  0 
 6958  0 
 6959  0 
 6960  0 
 6961  0 
 6962  0 
 6963  0 
 6964  0 
 6965  0 
 6966  0 
 6967  0 
 6968  0 
 6969  0 
 6970  0 
 6971  0 
 6972  0 
 6973  0 
 6974  0 
 6975  0 
 6976  0 
 6977  0 
 6978  0 
 6979  0 
 6980  0 
 6981  0 
 6982  0 
 6983  0 
 6984  0 
 6985  0 
 6986  0 
 6987  0 
 6988  0 
 6989  0 
 6990  0 
 6991  0 
 6992  0 
 6993  0 
 6994  0 
 6995  0 
 6996  0 
 6997  0 
 6998  0 
 6999  0 
 7000  1 
 7001  0 
 7002  0 
 7003  0 
 7004  0 
 7005  0 
 7006  0 
 7007  0 
 7008  0 
 7009  0 
 7010  0 
 7011  0 
 7012  0 
 7013  0 
 7014  0 
 7015  0 
 7016  0 
 7017  0 
 7018  0 
 7019  0 
 7020  0 
 7021  0 
 7022  0 
 7023  0 
 7024  0 
 7025  0 
 7026  0 
 7027  0 
 7028  0 
 7029  0 
 7030  0 
 7031  0 
 7032  0 
 7033  0 
 7034  0 
 7035  0 
 7036  0 
 7037  0 
 7038  0 
 7039  0 
 7040  0 
 7041  0 
 7042  0 
 7043  0 
 7044  0 
 7045  0 
 7046  0 
 7047  0 
 7048  0 
 7049  0 
 7050  0 
 7051  0 
 7052  0 
 7053  0 
 7054  0 
 7055  0 
 7056  0 
 7057  0 
 7058  0 
 7059  0 
 7060  0 
 7061  0 
 7062  0 
 7063  0 
 7064  0 
 7065  1 
 7066  1 
 7067  0 
 7068  0 
 7069  0 
 7070  0 
 7071  0 
 7072  0 
 7073  0 
 7074  1 
 7075  0 
 7076  0 
 7077  0 
 7078  0 
 7079  0 
 7080  0 
 7081  0 
 7082  0 
 7083  0 
 7084  0 
 7085  0 
 7086  0 
 7087  0 
 7088  0 
 7089  0 
 7090  0 
 7091  0 
 7092  0 
 7093  0 
 7094  0 
 7095  0 
 7096  0 
 7097  0 
 7098  0 
 7099  0 
 7100  1 
 7101  0 
 7102  0 
 7103  0 
 7104  0 
 7105  0 
 7106  0 
 7107  0 
 7108  0 
 7109  0 
 7110  0 
 7111  0 
 7112  0 
 7113  0 
 7114  0 
 7115  0 
 7116  0 
 7117  0 
 7118  0 
 7119  0 
 7120  0 
 7121  0 
 7122  0 
 7123  0 
 7124  0 
 7125  0 
 7126  0 
 7127  0 
 7128  0 
 7129  1 
 7130  0 
 7131  0 
 7132  0 
 7133  0 
 7134  0 
 7135  0 
 7136  0 
 7137  0 
 7138  0 
 7139  0 
 7140  0 
 7141  0 
 7142  0 
 7143  0 
 7144  0 
 7145  0 
 7146  0 
 7147  0 
 7148  0 
 7149  0 
 7150  0 
 7151  0 
 7152  0 
 7153  0 
 7154  0 
 7155  0 
 7156  0 
 7157  0 
 7158  0 
 7159  0 
 7160  0 
 7161  0 
 7162  1 
 7163  0 
 7164  0 
 7165  0 
 7166  1 
 7167  0 
 7168  0 
 7169  0 
 7170  0 
 7171  0 
 7172  0 
 7173  0 
 7174  0 
 7175  0 
 7176  0 
 7177  0 
 7178  0 
 7179  0 
 7180  1 
 7181  0 
 7182  0 
 7183  0 
 7184  0 
 7185  0 
 7186  0 
 7187  0 
 7188  0 
 7189  0 
 7190  0 
 7191  0 
 7192  0 
 7193  0 
 7194  0 
 7195  0 
 7196  0 
 7197  0 
 7198  0 
 7199  1 
 7200  0 
 7201  0 
 7202  0 
 7203  0 
 7204  0 
 7205  0 
 7206  0 
 7207  0 
 7208  0 
 7209  0 
 7210  0 
 7211  1 
 7212  0 
 7213  0 
 7214  0 
 7215  0 
 7216  0 
 7217  0 
 7218  0 
 7219  1 
 7220  0 
 7221  0 
 7222  1 
 7223  1 
 7224  0 
 7225  0 
 7226  0 
 7227  0 
 7228  1 
 7229  0 
 7230  0 
 7231  0 
 7232  0 
 7233  0 
 7234  0 
 7235  0 
 7236  0 
 7237  0 
 7238  0 
 7239  0 
 7240  0 
 7241  0 
 7242  1 
 7243  0 
 7244  0 
 7245  1 
 7246  0 
 7247  1 
 7248  0 
 7249  0 
 7250  0 
 7251  0 
 7252  0 
 7253  0 
 7254  0 
 7255  0 
 7256  1 
 7257  1 
 7258  0 
 7259  0 
 7260  0 
 7261  0 
 7262  0 
 7263  0 
 7264  0 
 7265  0 
 7266  0 
 7267  0 
 7268  1 
 7269  0 
 7270  0 
 7271  0 
 7272  0 
 7273  0 
 7274  0 
 7275  2 
 7276  0 
 7277  0 
 7278  0 
 7279  0 
 7280  0 
 7281  0 
 7282  0 
 7283  0 
 7284  0 
 7285  0 
 7286  0 
 7287  0 
 7288  0 
 7289  0 
 7290  0 
 7291  0 
 7292  0 
 7293  0 
 7294  0 
 7295  0 
 7296  0 
 7297  0 
 7298  0 
 7299  0 
 7300  0 
 7301  0 
 7302  0 
 7303  0 
 7304  2 
 7305  0 
 7306  0 
 7307  0 
 7308  0 
 7309  0 
 7310  0 
 7311  0 
 7312  0 
 7313  0 
 7314  1 
 7315  1 
 7316  0 
 7317  1 
 7318  0 
 7319  0 
 7320  0 
 7321  0 
 7322  0 
 7323  1 
 7324  0 
 7325  1 
 7326  1 
 7327  0 
 7328  0 
 7329  1 
 7330  2 
 7331  1 
 7332  0 
 7333  0 
 7334  0 
 7335  1 
 7336  0 
 7337  0 
 7338  1 
 7339  0 
 7340  0 
 7341  1 
 7342  0 
 7343  1 
 7344  0 
 7345  0 
 7346  1 
 7347  0 
 7348  0 
 7349  0 
 7350  0 
 7351  1 
 7352  0 
 7353  0 
 7354  1 
 7355  0 
 7356  0 
 7357  2 
 7358  0 
 7359  1 
 7360  0 
 7361  0 
 7362  0 
 7363  0 
 7364  0 
 7365  0 
 7366  0 
 7367  0 
 7368  0 
 7369  0 
 7370  0 
 7371  0 
 7372  0 
 7373  0 
 7374  0 
 7375  0 
 7376  0 
 7377  0 
 7378  0 
 7379  0 
 7380  0 
 7381  2 
 7382  0 
 7383  0 
 7384  0 
 7385  1 
 7386  0 
 7387  2 
 7388  0 
 7389  1 
 7390  0 
 7391  0 
 7392  1 
 7393  0 
 7394  1 
 7395  1 
 7396  0 
 7397  1 
 7398  0 
 7399  0 
 7400  1 
 7401  0 
 7402  1 
 7403  0 
 7404  0 
 7405  1 
 7406  0 
 7407  1 
 7408  0 
 7409  2 
 7410  0 
 7411  0 
 7412  0 
 7413  0 
 7414  0 
 7415  0 
 7416  0 
 7417  0 
 7418  0 
 7419  0 
 7420  0 
 7421  1 
 7422  0 
 7423  0 
 7424  0 
 7425  0 
 7426  0 
 7427  1 
 7428  1 
 7429  1 
 7430  0 
 7431  0 
 7432  0 
 7433  1 
 7434  0 
 7435  0 
 7436  0 
 7437  0 
 7438  1 
 7439  0 
 7440  0 
 7441  1 
 7442  0 
 7443  0 
 7444  0 
 7445  0 
 7446  0 
 7447  0 
 7448  0 
 7449  0 
 7450  0 
 7451  0 
 7452  0 
 7453  0 
 7454  1 
 7455  0 
 7456  0 
 7457  0 
 7458  0 
 7459  0 
 7460  2 
 7461  0 
 7462  0 
 7463  1 
 7464  0 
 7465  1 
 7466  0 
 7467  0 
 7468  0 
 7469  1 
 7470  0 
 7471  0 
 7472  0 
 7473  0 
 7474  0 
 7475  0 
 7476  0 
 7477  0 
 7478  0 
 7479  0 
 7480  0 
 7481  0 
 7482  0 
 7483  0 
 7484  0 
 7485  0 
 7486  0 
 7487  1 
 7488  0 
 7489  0 
 7490  0 
 7491  0 
 7492  0 
 7493  0 
 7494  0 
 7495  0 
 7496  0 
 7497  0 
 7498  0 
 7499  0 
 7500  0 
 7501  0 
 7502  0 
 7503  0 
 7504  0 
 7505  0 
 7506  0 
 7507  0 
 7508  0 
 7509  0 
 7510  0 
 7511  0 
 7512  0 
 7513  0 
 7514  0 
 7515  0 
 7516  0 
 7517  0 
 7518  0 
 7519  0 
 7520  0 
 7521  0 
 7522  0 
 7523  0 
 7524  1 
 7525  0 
 7526  0 
 7527  0 
 7528  0 
 7529  0 
 7530  0 
 7531  0 
 7532  0 
 7533  0 
 7534  0 
 7535  0 
 7536  0 
 7537  0 
 7538  0 
 7539  0 
 7540  0 
 7541  0 
 7542  0 
 7543  0 
 7544  0 
 7545  0 
 7546  0 
 7547  0 
 7548  0 
 7549  0 
 7550  0 
 7551  0 
 7552  0 
 7553  0 
 7554  0 
 7555  0 
 7556  0 
 7557  0 
 7558  0 
 7559  1 
 7560  0 
 7561  0 
 7562  0 
 7563  0 
 7564  0 
 7565  0 
 7566  0 
 7567  0 
 7568  0 
 7569  0 
 7570  0 
 7571  0 
 7572  0 
 7573  0 
 7574  0 
 7575  0 
 7576  0 
 7577  0 
 7578  0 
 7579  0 
 7580  0 
 7581  0 
 7582  0 
 7583  1 
 7584  0 
 7585  0 
 7586  0 
 7587  0 
 7588  0 
 7589  0 
 7590  0 
 7591  0 
 7592  0 
 7593  0 
 7594  0 
 7595  0 
 7596  0 
 7597  0 
 7598  0 
 7599  0 
 7600  0 
 7601  0 
 7602  0 
 7603  0 
 7604  0 
 7605  0 
 7606  0 
 7607  0 
 7608  0 
 7609  0 
 7610  0 
 7611  0 
 7612  0 
 7613  0 
 7614  0 
 7615  0 
 7616  0 
 7617  0 
 7618  0 
 7619  0 
 7620  0 
 7621  0 
 7622  0 
 7623  0 
 7624  0 
 7625  0 
 7626  0 
 7627  0 
 7628  0 
 7629  0 
 7630  0 
 7631  0 
 7632  0 
 7633  0 
 7634  0 
 7635  0 
 7636  0 
 7637  0 
 7638  0 
 7639  0 
 7640  0 
 7641  0 
 7642  0 
 7643  0 
 7644  0 
 7645  0 
 7646  0 
 7647  0 
 7648  0 
 7649  0 
 7650  0 
 7651  0 
 7652  0 
 7653  0 
 7654  0 
 7655  0 
 7656  0 
 7657  0 
 7658  0 
 7659  0 
 7660  0 
 7661  0 
 7662  0 
 7663  0 
 7664  0 
 7665  0 
 7666  0 
 7667  0 
 7668  0 
 7669  0 
 7670  0 
 7671  0 
 7672  0 
 7673  0 
 7674  0 
 7675  0 
 7676  0 
 7677  0 
 7678  0 
 7679  0 
 7680  0 
 7681  0 
 7682  0 
 7683  0 
 7684  0 
 7685  0 
 7686  0 
 7687  0 
 7688  0 
 7689  0 
 7690  0 
 7691  0 
 7692  0 
 7693  0 
 7694  0 
 7695  0 
 7696  0 
 7697  0 
 7698  0 
 7699  0 
 7700  0 
 7701  0 
 7702  0 
 7703  0 
 7704  0 
 7705  0 
 7706  0 
 7707  0 
 7708  0 
 7709  0 
 7710  0 
 7711  0 
 7712  0 
 7713  0 
 7714  0 
 7715  0 
 7716  0 
 7717  0 
 7718  0 
 7719  0 
 7720  0 
 7721  0 
 7722  0 
 7723  0 
 7724  0 
 7725  0 
 7726  0 
 7727  0 
 7728  0 
 7729  0 
 7730  0 
 7731  0 
 7732  0 
 7733  0 
 7734  0 
 7735  0 
 7736  0 
 7737  0 
 7738  0 
 7739  0 
 7740  0 
 7741  0 
 7742  0 
 7743  0 
 7744  0 
 7745  0 
 7746  0 
 7747  0 
 7748  0 
 7749  0 
 7750  0 
 7751  0 
 7752  0 
 7753  0 
 7754  0 
 7755  0 
 7756  0 
 7757  0 
 7758  0 
 7759  0 
 7760  0 
 7761  0 
 7762  0 
 7763  0 
 7764  0 
 7765  0 
 7766  0 
 7767  0 
 7768  0 
 7769  0 
 7770  0 
 7771  0 
 7772  0 
 7773  0 
 7774  0 
 7775  0 
 7776  0 
 7777  0 
 7778  0 
 7779  0 
 7780  0 
 7781  1 
 7782  0 
 7783  0 
 7784  0 
 7785  0 
 7786  0 
 7787  0 
 7788  0 
 7789  0 
 7790  0 
 7791  0 
 7792  0 
 7793  0 
 7794  0 
 7795  0 
 7796  0 
 7797  0 
 7798  0 
 7799  0 
 7800  0 
 7801  0 
 7802  0 
 7803  0 
 7804  0 
 7805  0 
 7806  0 
 7807  0 
 7808  0 
 7809  0 
 7810  0 
 7811  0 
 7812  0 
 7813  0 
 7814  0 
 7815  0 
 7816  0 
 7817  0 
 7818  0 
 7819  0 
 7820  0 
 7821  0 
 7822  0 
 7823  0 
 7824  0 
 7825  0 
 7826  0 
 7827  0 
 7828  0 
 7829  0 
 7830  0 
 7831  0 
 7832  0 
 7833  0 
 7834  0 
 7835  0 
 7836  0 
 7837  0 
 7838  0 
 7839  0 
 7840  0 
 7841  0 
 7842  0 
 7843  0 
 7844  1 
 7845  0 
 7846  0 
 7847  0 
 7848  0 
 7849  0 
 7850  0 
 7851  0 
 7852  0 
 7853  0 
 7854  0 
 7855  0 
 7856  0 
 7857  0 
 7858  0 
 7859  0 
 7860  0 
 7861  0 
 7862  0 
 7863  0 
 7864  0 
 7865  0 
 7866  0 
 7867  0 
 7868  0 
 7869  0 
 7870  0 
 7871  0 
 7872  0 
 7873  0 
 7874  0 
 7875  0 
 7876  0 
 7877  0 
 7878  0 
 7879  0 
 7880  0 
 7881  0 
 7882  0 
 7883  0 
 7884  0 
 7885  0 
 7886  0 
 7887  1 
 7888  0 
 7889  0 
 7890  0 
 7891  0 
 7892  0 
 7893  0 
 7894  0 
 7895  0 
 7896  1 
 7897  0 
 7898  0 
 7899  0 
 7900  0 
 7901  0 
 7902  0 
 7903  0 
 7904  0 
 7905  0 
 7906  0 
 7907  0 
 7908  0 
 7909  0 
 7910  0 
 7911  0 
 7912  0 
 7913  0 
 7914  0 
 7915  0 
 7916  0 
 7917  0 
 7918  0 
 7919  0 
 7920  0 
 7921  0 
 7922  0 
 7923  0 
 7924  0 
 7925  0 
 7926  0 
 7927  0 
 7928  0 
 7929  0 
 7930  0 
 7931  0 
 7932  0 
 7933  0 
 7934  0 
 7935  0 
 7936  0 
 7937  0 
 7938  0 
 7939  0 
 7940  0 
 7941  0 
 7942  0 
 7943  0 
 7944  0 
 7945  0 
 7946  0 
 7947  0 
 7948  0 
 7949  0 
 7950  0 
 7951  0 
 7952  0 
 7953  0 
 7954  0 
 7955  0 
 7956  0 
 7957  0 
 7958  0 
 7959  0 
 7960  0 
 7961  0 
 7962  0 
 7963  0 
 7964  0 
 7965  0 
 7966  0 
 7967  0 
 7968  0 
 7969  0 
 7970  0 
 7971  0 
 7972  0 
 7973  0 
 7974  0 
 7975  0 
 7976  0 
 7977  0 
 7978  0 
 7979  0 
 7980  0 
 7981  0 
 7982  0 
 7983  0 
 7984  0 
 7985  0 
 7986  0 
 7987  0 
 7988  0 
 7989  0 
 7990  0 
 7991  0 
 7992  0 
 7993  0 
 7994  0 
 7995  0 
 7996  0 
 7997  0 
 7998  0 
 7999  0 
 8000  0 
 8001  0 
 8002  0 
 8003  0 
 8004  0 
 8005  0 
 8006  0 
 8007  0 
 8008  0 
 8009  0 
 8010  0 
 8011  0 
 8012  0 
 8013  0 
 8014  0 
 8015  0 
 8016  0 
 8017  0 
 8018  0 
 8019  0 
 8020  0 
 8021  0 
 8022  0 
 8023  0 
 8024  0 
 8025  0 
 8026  0 
 8027  0 
 8028  0 
 8029  0 
 8030  0 
 8031  0 
 8032  0 
 8033  0 
 8034  0 
 8035  0 
 8036  0 
 8037  0 
 8038  0 
 8039  0 
 8040  0 
 8041  0 
 8042  0 
 8043  0 
 8044  0 
 8045  0 
 8046  0 
 8047  0 
 8048  0 
 8049  0 
 8050  0 
 8051  0 
 8052  0 
 8053  0 
 8054  0 
 8055  0 
 8056  0 
 8057  0 
 8058  0 
 8059  0 
 8060  0 
 8061  0 
 8062  0 
 8063  0 
 8064  0 
 8065  0 
 8066  0 
 8067  0 
 8068  0 
 8069  0 
 8070  0 
 8071  0 
 8072  0 
 8073  0 
 8074  0 
 8075  0 
 8076  0 
 8077  0 
 8078  0 
 8079  0 
 8080  0 
 8081  0 
 8082  0 
 8083  0 
 8084  0 
 8085  0 
 8086  0 
 8087  0 
 8088  0 
 8089  0 
 8090  0 
 8091  0 
 8092  0 
 8093  0 
 8094  0 
 8095  0 
 8096  0 
 8097  0 
 8098  0 
 8099  0 
 8100  0 
 8101  0 
 8102  0 
 8103  0 
 8104  0 
 8105  0 
 8106  0 
 8107  0 
 8108  0 
 8109  0 
 8110  0 
 8111  0 
 8112  0 
 8113  0 
 8114  0 
 8115  0 
 8116  0 
 8117  0 
 8118  0 
 8119  0 
 8120  0 
 8121  0 
 8122  0 
 8123  0 
 8124  0 
 8125  0 
 8126  0 
 8127  0 
 8128  0 
 8129  0 
 8130  0 
 8131  0 
 8132  0 
 8133  0 
 8134  0 
 8135  0 
 8136  0 
 8137  0 
 8138  0 
 8139  0 
 8140  0 
 8141  0 
 8142  0 
 8143  0 
 8144  0 
 8145  0 
 8146  0 
 8147  0 
 8148  0 
 8149  0 
 8150  0 
 8151  0 
 8152  0 
 8153  0 
 8154  0 
 8155  0 
 8156  0 
 8157  0 
 8158  0 
 8159  0 
 8160  0 
 8161  0 
 8162  0 
 8163  0 
 8164  0 
 8165  0 
 8166  0 
 8167  0 
 8168  0 
 8169  0 
 8170  0 
 8171  0 
 8172  0 
 8173  0 
 8174  0 
 8175  0 
 8176  0 
 8177  0 
 8178  0 
 8179  0 
 8180  0 
 8181  0 
 8182  0 
 8183  0 
 8184  0 
 8185  0 
 8186  0 
 8187  0 
 8188  0 
 8189  0 
 8190  0 
 8191  0 
