 0  1263 
 1  1271 
 2  0 
 3  0 
 4  0 
 5  0 
 6  0 
 7  0 
 8  0 
 9  0 
 10  0 
 11  0 
 12  0 
 13  0 
 14  0 
 15  0 
 16  0 
 17  0 
 18  0 
 19  0 
 20  0 
 21  0 
 22  0 
 23  0 
 24  0 
 25  0 
 26  0 
 27  0 
 28  0 
 29  0 
 30  0 
 31  0 
 32  0 
 33  0 
 34  0 
 35  0 
 36  0 
 37  0 
 38  0 
 39  0 
 40  0 
 41  0 
 42  0 
 43  0 
 44  0 
 45  0 
 46  0 
 47  0 
 48  0 
 49  0 
 50  0 
 51  0 
 52  0 
 53  0 
 54  0 
 55  0 
 56  0 
 57  0 
 58  0 
 59  0 
 60  0 
 61  0 
 62  0 
 63  0 
 64  0 
 65  0 
 66  0 
 67  0 
 68  0 
 69  0 
 70  0 
 71  0 
 72  0 
 73  0 
 74  0 
 75  0 
 76  0 
 77  0 
 78  0 
 79  0 
 80  0 
 81  0 
 82  0 
 83  0 
 84  0 
 85  0 
 86  0 
 87  0 
 88  0 
 89  0 
 90  0 
 91  0 
 92  0 
 93  0 
 94  0 
 95  0 
 96  0 
 97  0 
 98  0 
 99  0 
 100  0 
 101  0 
 102  0 
 103  0 
 104  0 
 105  0 
 106  0 
 107  0 
 108  0 
 109  0 
 110  0 
 111  0 
 112  0 
 113  0 
 114  0 
 115  0 
 116  0 
 117  0 
 118  0 
 119  0 
 120  0 
 121  0 
 122  0 
 123  0 
 124  0 
 125  0 
 126  0 
 127  0 
 128  0 
 129  0 
 130  0 
 131  0 
 132  0 
 133  0 
 134  0 
 135  0 
 136  0 
 137  0 
 138  0 
 139  0 
 140  0 
 141  0 
 142  0 
 143  0 
 144  0 
 145  0 
 146  0 
 147  0 
 148  0 
 149  0 
 150  0 
 151  0 
 152  0 
 153  0 
 154  0 
 155  0 
 156  0 
 157  0 
 158  0 
 159  0 
 160  0 
 161  0 
 162  0 
 163  0 
 164  0 
 165  0 
 166  0 
 167  0 
 168  0 
 169  0 
 170  0 
 171  0 
 172  0 
 173  0 
 174  0 
 175  0 
 176  0 
 177  0 
 178  0 
 179  0 
 180  0 
 181  0 
 182  0 
 183  0 
 184  0 
 185  0 
 186  0 
 187  0 
 188  0 
 189  0 
 190  0 
 191  0 
 192  0 
 193  0 
 194  0 
 195  0 
 196  0 
 197  0 
 198  0 
 199  0 
 200  0 
 201  0 
 202  0 
 203  0 
 204  0 
 205  0 
 206  0 
 207  0 
 208  0 
 209  0 
 210  0 
 211  0 
 212  0 
 213  0 
 214  0 
 215  0 
 216  0 
 217  0 
 218  0 
 219  0 
 220  0 
 221  0 
 222  0 
 223  0 
 224  0 
 225  0 
 226  0 
 227  0 
 228  0 
 229  0 
 230  0 
 231  0 
 232  0 
 233  0 
 234  0 
 235  0 
 236  0 
 237  0 
 238  0 
 239  0 
 240  0 
 241  0 
 242  0 
 243  0 
 244  0 
 245  0 
 246  0 
 247  0 
 248  0 
 249  1 
 250  1 
 251  0 
 252  82 
 253  177 
 254  159 
 255  200 
 256  165 
 257  176 
 258  171 
 259  157 
 260  168 
 261  162 
 262  138 
 263  155 
 264  156 
 265  132 
 266  138 
 267  136 
 268  156 
 269  152 
 270  133 
 271  128 
 272  124 
 273  108 
 274  121 
 275  117 
 276  126 
 277  101 
 278  95 
 279  106 
 280  98 
 281  95 
 282  89 
 283  101 
 284  94 
 285  95 
 286  93 
 287  90 
 288  103 
 289  78 
 290  71 
 291  83 
 292  84 
 293  66 
 294  66 
 295  65 
 296  73 
 297  67 
 298  63 
 299  48 
 300  66 
 301  58 
 302  76 
 303  69 
 304  57 
 305  52 
 306  55 
 307  57 
 308  35 
 309  47 
 310  58 
 311  47 
 312  55 
 313  48 
 314  47 
 315  45 
 316  45 
 317  44 
 318  33 
 319  37 
 320  47 
 321  40 
 322  49 
 323  28 
 324  42 
 325  36 
 326  40 
 327  31 
 328  30 
 329  32 
 330  31 
 331  29 
 332  29 
 333  29 
 334  43 
 335  29 
 336  25 
 337  34 
 338  25 
 339  26 
 340  27 
 341  26 
 342  31 
 343  24 
 344  24 
 345  25 
 346  12 
 347  29 
 348  19 
 349  31 
 350  16 
 351  22 
 352  25 
 353  24 
 354  26 
 355  23 
 356  20 
 357  32 
 358  22 
 359  24 
 360  26 
 361  19 
 362  14 
 363  18 
 364  18 
 365  22 
 366  14 
 367  16 
 368  20 
 369  18 
 370  30 
 371  20 
 372  15 
 373  23 
 374  23 
 375  20 
 376  15 
 377  18 
 378  17 
 379  14 
 380  14 
 381  23 
 382  10 
 383  19 
 384  16 
 385  13 
 386  15 
 387  20 
 388  17 
 389  10 
 390  24 
 391  19 
 392  14 
 393  22 
 394  20 
 395  19 
 396  23 
 397  18 
 398  25 
 399  14 
 400  11 
 401  25 
 402  21 
 403  18 
 404  15 
 405  13 
 406  15 
 407  18 
 408  15 
 409  14 
 410  19 
 411  21 
 412  18 
 413  22 
 414  20 
 415  23 
 416  10 
 417  18 
 418  17 
 419  16 
 420  15 
 421  11 
 422  17 
 423  22 
 424  15 
 425  11 
 426  17 
 427  20 
 428  19 
 429  16 
 430  14 
 431  11 
 432  30 
 433  16 
 434  23 
 435  19 
 436  24 
 437  20 
 438  22 
 439  11 
 440  23 
 441  16 
 442  21 
 443  13 
 444  18 
 445  16 
 446  17 
 447  20 
 448  18 
 449  17 
 450  18 
 451  21 
 452  22 
 453  21 
 454  18 
 455  21 
 456  26 
 457  31 
 458  21 
 459  13 
 460  22 
 461  15 
 462  19 
 463  19 
 464  27 
 465  22 
 466  18 
 467  24 
 468  18 
 469  20 
 470  25 
 471  33 
 472  23 
 473  25 
 474  29 
 475  22 
 476  32 
 477  24 
 478  29 
 479  24 
 480  28 
 481  17 
 482  36 
 483  33 
 484  23 
 485  28 
 486  19 
 487  27 
 488  37 
 489  18 
 490  32 
 491  44 
 492  33 
 493  35 
 494  38 
 495  43 
 496  37 
 497  38 
 498  33 
 499  41 
 500  31 
 501  41 
 502  35 
 503  48 
 504  33 
 505  26 
 506  49 
 507  56 
 508  53 
 509  36 
 510  44 
 511  48 
 512  44 
 513  55 
 514  51 
 515  61 
 516  48 
 517  51 
 518  70 
 519  61 
 520  73 
 521  62 
 522  67 
 523  69 
 524  65 
 525  72 
 526  77 
 527  82 
 528  88 
 529  86 
 530  98 
 531  71 
 532  95 
 533  81 
 534  88 
 535  104 
 536  104 
 537  115 
 538  112 
 539  102 
 540  129 
 541  120 
 542  131 
 543  149 
 544  146 
 545  163 
 546  163 
 547  142 
 548  160 
 549  162 
 550  155 
 551  167 
 552  175 
 553  189 
 554  179 
 555  178 
 556  202 
 557  184 
 558  196 
 559  215 
 560  206 
 561  233 
 562  232 
 563  233 
 564  246 
 565  273 
 566  282 
 567  239 
 568  266 
 569  278 
 570  260 
 571  266 
 572  286 
 573  265 
 574  287 
 575  291 
 576  266 
 577  263 
 578  295 
 579  327 
 580  267 
 581  306 
 582  302 
 583  290 
 584  316 
 585  322 
 586  299 
 587  311 
 588  297 
 589  320 
 590  308 
 591  311 
 592  311 
 593  293 
 594  302 
 595  289 
 596  277 
 597  302 
 598  311 
 599  265 
 600  304 
 601  253 
 602  276 
 603  241 
 604  259 
 605  232 
 606  232 
 607  278 
 608  213 
 609  262 
 610  215 
 611  189 
 612  216 
 613  199 
 614  196 
 615  165 
 616  193 
 617  170 
 618  142 
 619  171 
 620  168 
 621  138 
 622  136 
 623  168 
 624  130 
 625  103 
 626  105 
 627  127 
 628  128 
 629  113 
 630  97 
 631  96 
 632  89 
 633  89 
 634  68 
 635  93 
 636  74 
 637  70 
 638  76 
 639  56 
 640  58 
 641  52 
 642  62 
 643  57 
 644  50 
 645  43 
 646  39 
 647  42 
 648  46 
 649  33 
 650  46 
 651  38 
 652  32 
 653  33 
 654  31 
 655  15 
 656  28 
 657  35 
 658  26 
 659  19 
 660  20 
 661  19 
 662  25 
 663  16 
 664  18 
 665  22 
 666  18 
 667  13 
 668  21 
 669  17 
 670  14 
 671  18 
 672  16 
 673  10 
 674  11 
 675  13 
 676  12 
 677  17 
 678  10 
 679  11 
 680  17 
 681  15 
 682  12 
 683  10 
 684  9 
 685  17 
 686  11 
 687  11 
 688  12 
 689  14 
 690  10 
 691  14 
 692  13 
 693  18 
 694  9 
 695  12 
 696  19 
 697  12 
 698  12 
 699  6 
 700  9 
 701  9 
 702  14 
 703  10 
 704  7 
 705  13 
 706  12 
 707  11 
 708  6 
 709  4 
 710  9 
 711  14 
 712  7 
 713  9 
 714  12 
 715  8 
 716  3 
 717  8 
 718  5 
 719  11 
 720  7 
 721  10 
 722  4 
 723  11 
 724  10 
 725  10 
 726  10 
 727  6 
 728  3 
 729  11 
 730  8 
 731  9 
 732  9 
 733  10 
 734  10 
 735  9 
 736  8 
 737  8 
 738  3 
 739  9 
 740  10 
 741  4 
 742  6 
 743  4 
 744  8 
 745  10 
 746  8 
 747  10 
 748  9 
 749  9 
 750  9 
 751  9 
 752  7 
 753  10 
 754  8 
 755  11 
 756  12 
 757  8 
 758  8 
 759  8 
 760  6 
 761  4 
 762  7 
 763  7 
 764  7 
 765  14 
 766  14 
 767  9 
 768  8 
 769  8 
 770  7 
 771  11 
 772  8 
 773  8 
 774  4 
 775  2 
 776  8 
 777  12 
 778  8 
 779  11 
 780  3 
 781  6 
 782  11 
 783  9 
 784  4 
 785  5 
 786  9 
 787  12 
 788  8 
 789  10 
 790  8 
 791  6 
 792  3 
 793  7 
 794  10 
 795  7 
 796  5 
 797  8 
 798  8 
 799  6 
 800  7 
 801  6 
 802  9 
 803  5 
 804  7 
 805  6 
 806  9 
 807  7 
 808  9 
 809  9 
 810  7 
 811  5 
 812  13 
 813  5 
 814  7 
 815  7 
 816  7 
 817  4 
 818  9 
 819  8 
 820  6 
 821  6 
 822  6 
 823  6 
 824  10 
 825  3 
 826  10 
 827  4 
 828  5 
 829  10 
 830  5 
 831  10 
 832  10 
 833  9 
 834  9 
 835  5 
 836  9 
 837  9 
 838  7 
 839  3 
 840  7 
 841  8 
 842  8 
 843  8 
 844  13 
 845  8 
 846  4 
 847  6 
 848  11 
 849  11 
 850  10 
 851  6 
 852  6 
 853  8 
 854  9 
 855  10 
 856  6 
 857  4 
 858  6 
 859  10 
 860  3 
 861  4 
 862  7 
 863  8 
 864  5 
 865  6 
 866  11 
 867  8 
 868  0 
 869  6 
 870  8 
 871  11 
 872  4 
 873  6 
 874  7 
 875  6 
 876  11 
 877  12 
 878  7 
 879  4 
 880  4 
 881  5 
 882  8 
 883  8 
 884  9 
 885  6 
 886  10 
 887  6 
 888  6 
 889  5 
 890  5 
 891  6 
 892  8 
 893  13 
 894  6 
 895  6 
 896  9 
 897  8 
 898  7 
 899  8 
 900  10 
 901  6 
 902  6 
 903  6 
 904  9 
 905  8 
 906  13 
 907  3 
 908  7 
 909  11 
 910  3 
 911  3 
 912  2 
 913  10 
 914  9 
 915  7 
 916  4 
 917  7 
 918  9 
 919  7 
 920  8 
 921  7 
 922  4 
 923  9 
 924  6 
 925  10 
 926  11 
 927  10 
 928  5 
 929  9 
 930  11 
 931  6 
 932  3 
 933  4 
 934  4 
 935  12 
 936  9 
 937  6 
 938  5 
 939  7 
 940  5 
 941  10 
 942  3 
 943  8 
 944  13 
 945  4 
 946  7 
 947  6 
 948  6 
 949  4 
 950  12 
 951  6 
 952  5 
 953  7 
 954  8 
 955  8 
 956  4 
 957  4 
 958  9 
 959  9 
 960  13 
 961  9 
 962  3 
 963  8 
 964  10 
 965  3 
 966  7 
 967  9 
 968  8 
 969  7 
 970  4 
 971  7 
 972  8 
 973  6 
 974  4 
 975  10 
 976  6 
 977  13 
 978  4 
 979  11 
 980  3 
 981  10 
 982  7 
 983  10 
 984  7 
 985  7 
 986  9 
 987  4 
 988  10 
 989  8 
 990  10 
 991  5 
 992  4 
 993  7 
 994  8 
 995  6 
 996  12 
 997  6 
 998  5 
 999  3 
 1000  3 
 1001  11 
 1002  4 
 1003  5 
 1004  5 
 1005  7 
 1006  4 
 1007  10 
 1008  3 
 1009  6 
 1010  2 
 1011  7 
 1012  4 
 1013  7 
 1014  9 
 1015  8 
 1016  9 
 1017  14 
 1018  7 
 1019  8 
 1020  10 
 1021  6 
 1022  4 
 1023  6 
 1024  7 
 1025  9 
 1026  5 
 1027  6 
 1028  3 
 1029  11 
 1030  6 
 1031  9 
 1032  7 
 1033  8 
 1034  5 
 1035  9 
 1036  3 
 1037  8 
 1038  7 
 1039  7 
 1040  4 
 1041  9 
 1042  5 
 1043  5 
 1044  5 
 1045  5 
 1046  5 
 1047  12 
 1048  7 
 1049  6 
 1050  4 
 1051  6 
 1052  10 
 1053  7 
 1054  12 
 1055  6 
 1056  9 
 1057  7 
 1058  4 
 1059  6 
 1060  8 
 1061  3 
 1062  4 
 1063  4 
 1064  10 
 1065  12 
 1066  8 
 1067  7 
 1068  8 
 1069  6 
 1070  10 
 1071  10 
 1072  5 
 1073  7 
 1074  9 
 1075  12 
 1076  5 
 1077  4 
 1078  3 
 1079  8 
 1080  3 
 1081  10 
 1082  5 
 1083  10 
 1084  4 
 1085  8 
 1086  5 
 1087  9 
 1088  8 
 1089  10 
 1090  7 
 1091  9 
 1092  5 
 1093  4 
 1094  7 
 1095  8 
 1096  6 
 1097  5 
 1098  8 
 1099  3 
 1100  14 
 1101  3 
 1102  9 
 1103  5 
 1104  5 
 1105  8 
 1106  6 
 1107  5 
 1108  4 
 1109  6 
 1110  6 
 1111  9 
 1112  10 
 1113  9 
 1114  3 
 1115  8 
 1116  6 
 1117  5 
 1118  5 
 1119  6 
 1120  2 
 1121  9 
 1122  5 
 1123  14 
 1124  4 
 1125  9 
 1126  8 
 1127  7 
 1128  8 
 1129  1 
 1130  7 
 1131  5 
 1132  3 
 1133  5 
 1134  6 
 1135  2 
 1136  10 
 1137  9 
 1138  6 
 1139  13 
 1140  6 
 1141  7 
 1142  12 
 1143  2 
 1144  8 
 1145  8 
 1146  8 
 1147  4 
 1148  6 
 1149  9 
 1150  8 
 1151  5 
 1152  9 
 1153  14 
 1154  9 
 1155  7 
 1156  13 
 1157  2 
 1158  9 
 1159  8 
 1160  3 
 1161  8 
 1162  4 
 1163  9 
 1164  4 
 1165  9 
 1166  6 
 1167  8 
 1168  4 
 1169  8 
 1170  4 
 1171  11 
 1172  7 
 1173  2 
 1174  10 
 1175  8 
 1176  8 
 1177  12 
 1178  7 
 1179  11 
 1180  3 
 1181  7 
 1182  6 
 1183  5 
 1184  7 
 1185  6 
 1186  6 
 1187  7 
 1188  3 
 1189  7 
 1190  5 
 1191  5 
 1192  6 
 1193  8 
 1194  8 
 1195  5 
 1196  4 
 1197  7 
 1198  7 
 1199  9 
 1200  6 
 1201  6 
 1202  9 
 1203  7 
 1204  4 
 1205  9 
 1206  5 
 1207  5 
 1208  7 
 1209  9 
 1210  6 
 1211  10 
 1212  4 
 1213  6 
 1214  5 
 1215  3 
 1216  5 
 1217  6 
 1218  10 
 1219  5 
 1220  6 
 1221  9 
 1222  3 
 1223  6 
 1224  6 
 1225  2 
 1226  10 
 1227  3 
 1228  5 
 1229  6 
 1230  8 
 1231  7 
 1232  8 
 1233  7 
 1234  10 
 1235  4 
 1236  6 
 1237  3 
 1238  5 
 1239  6 
 1240  10 
 1241  5 
 1242  9 
 1243  4 
 1244  12 
 1245  10 
 1246  5 
 1247  4 
 1248  8 
 1249  12 
 1250  4 
 1251  5 
 1252  5 
 1253  9 
 1254  5 
 1255  3 
 1256  9 
 1257  10 
 1258  10 
 1259  3 
 1260  7 
 1261  5 
 1262  5 
 1263  6 
 1264  6 
 1265  5 
 1266  7 
 1267  10 
 1268  4 
 1269  5 
 1270  9 
 1271  8 
 1272  4 
 1273  6 
 1274  8 
 1275  4 
 1276  5 
 1277  2 
 1278  7 
 1279  7 
 1280  8 
 1281  6 
 1282  10 
 1283  11 
 1284  6 
 1285  10 
 1286  4 
 1287  4 
 1288  3 
 1289  4 
 1290  4 
 1291  2 
 1292  4 
 1293  8 
 1294  8 
 1295  8 
 1296  11 
 1297  8 
 1298  7 
 1299  2 
 1300  8 
 1301  10 
 1302  8 
 1303  9 
 1304  6 
 1305  7 
 1306  8 
 1307  9 
 1308  5 
 1309  8 
 1310  5 
 1311  6 
 1312  7 
 1313  6 
 1314  10 
 1315  5 
 1316  11 
 1317  5 
 1318  8 
 1319  4 
 1320  11 
 1321  11 
 1322  4 
 1323  6 
 1324  4 
 1325  7 
 1326  7 
 1327  5 
 1328  2 
 1329  11 
 1330  4 
 1331  6 
 1332  4 
 1333  4 
 1334  7 
 1335  3 
 1336  4 
 1337  10 
 1338  6 
 1339  8 
 1340  6 
 1341  3 
 1342  7 
 1343  3 
 1344  8 
 1345  5 
 1346  5 
 1347  6 
 1348  7 
 1349  4 
 1350  5 
 1351  11 
 1352  4 
 1353  6 
 1354  9 
 1355  5 
 1356  10 
 1357  6 
 1358  5 
 1359  5 
 1360  4 
 1361  7 
 1362  7 
 1363  14 
 1364  7 
 1365  5 
 1366  7 
 1367  3 
 1368  3 
 1369  6 
 1370  4 
 1371  6 
 1372  4 
 1373  9 
 1374  6 
 1375  6 
 1376  7 
 1377  6 
 1378  5 
 1379  12 
 1380  9 
 1381  6 
 1382  9 
 1383  5 
 1384  8 
 1385  4 
 1386  7 
 1387  8 
 1388  7 
 1389  2 
 1390  4 
 1391  6 
 1392  8 
 1393  3 
 1394  2 
 1395  12 
 1396  13 
 1397  8 
 1398  5 
 1399  7 
 1400  9 
 1401  10 
 1402  8 
 1403  5 
 1404  7 
 1405  4 
 1406  6 
 1407  10 
 1408  4 
 1409  7 
 1410  3 
 1411  11 
 1412  6 
 1413  11 
 1414  3 
 1415  8 
 1416  5 
 1417  4 
 1418  9 
 1419  3 
 1420  9 
 1421  7 
 1422  7 
 1423  3 
 1424  7 
 1425  6 
 1426  3 
 1427  9 
 1428  5 
 1429  3 
 1430  5 
 1431  6 
 1432  16 
 1433  9 
 1434  11 
 1435  4 
 1436  4 
 1437  9 
 1438  11 
 1439  5 
 1440  6 
 1441  10 
 1442  8 
 1443  5 
 1444  6 
 1445  6 
 1446  10 
 1447  6 
 1448  5 
 1449  7 
 1450  5 
 1451  10 
 1452  4 
 1453  9 
 1454  11 
 1455  10 
 1456  5 
 1457  7 
 1458  8 
 1459  8 
 1460  9 
 1461  6 
 1462  3 
 1463  7 
 1464  8 
 1465  7 
 1466  6 
 1467  6 
 1468  9 
 1469  5 
 1470  5 
 1471  4 
 1472  6 
 1473  9 
 1474  9 
 1475  5 
 1476  5 
 1477  4 
 1478  9 
 1479  9 
 1480  6 
 1481  3 
 1482  3 
 1483  4 
 1484  6 
 1485  7 
 1486  6 
 1487  3 
 1488  7 
 1489  6 
 1490  7 
 1491  10 
 1492  10 
 1493  4 
 1494  5 
 1495  5 
 1496  3 
 1497  5 
 1498  3 
 1499  9 
 1500  6 
 1501  8 
 1502  6 
 1503  7 
 1504  7 
 1505  8 
 1506  10 
 1507  6 
 1508  7 
 1509  6 
 1510  3 
 1511  9 
 1512  4 
 1513  5 
 1514  7 
 1515  6 
 1516  6 
 1517  12 
 1518  8 
 1519  5 
 1520  5 
 1521  5 
 1522  3 
 1523  5 
 1524  6 
 1525  6 
 1526  11 
 1527  5 
 1528  6 
 1529  3 
 1530  6 
 1531  8 
 1532  9 
 1533  2 
 1534  5 
 1535  8 
 1536  8 
 1537  10 
 1538  8 
 1539  11 
 1540  10 
 1541  4 
 1542  5 
 1543  3 
 1544  4 
 1545  9 
 1546  8 
 1547  4 
 1548  9 
 1549  3 
 1550  7 
 1551  7 
 1552  8 
 1553  7 
 1554  5 
 1555  10 
 1556  4 
 1557  5 
 1558  3 
 1559  3 
 1560  4 
 1561  7 
 1562  3 
 1563  5 
 1564  6 
 1565  7 
 1566  4 
 1567  9 
 1568  4 
 1569  5 
 1570  6 
 1571  7 
 1572  6 
 1573  8 
 1574  5 
 1575  12 
 1576  7 
 1577  8 
 1578  6 
 1579  6 
 1580  2 
 1581  6 
 1582  9 
 1583  7 
 1584  4 
 1585  4 
 1586  8 
 1587  8 
 1588  7 
 1589  5 
 1590  3 
 1591  4 
 1592  6 
 1593  2 
 1594  8 
 1595  6 
 1596  7 
 1597  1 
 1598  4 
 1599  5 
 1600  7 
 1601  5 
 1602  7 
 1603  7 
 1604  7 
 1605  8 
 1606  12 
 1607  1 
 1608  4 
 1609  0 
 1610  8 
 1611  6 
 1612  4 
 1613  6 
 1614  3 
 1615  6 
 1616  12 
 1617  7 
 1618  7 
 1619  4 
 1620  9 
 1621  4 
 1622  2 
 1623  9 
 1624  5 
 1625  4 
 1626  5 
 1627  8 
 1628  7 
 1629  6 
 1630  4 
 1631  7 
 1632  5 
 1633  6 
 1634  10 
 1635  2 
 1636  6 
 1637  9 
 1638  8 
 1639  3 
 1640  6 
 1641  6 
 1642  3 
 1643  6 
 1644  3 
 1645  8 
 1646  4 
 1647  10 
 1648  5 
 1649  10 
 1650  6 
 1651  7 
 1652  7 
 1653  7 
 1654  5 
 1655  10 
 1656  7 
 1657  3 
 1658  7 
 1659  9 
 1660  10 
 1661  8 
 1662  5 
 1663  14 
 1664  9 
 1665  2 
 1666  10 
 1667  6 
 1668  7 
 1669  5 
 1670  2 
 1671  5 
 1672  5 
 1673  4 
 1674  7 
 1675  8 
 1676  4 
 1677  4 
 1678  5 
 1679  4 
 1680  3 
 1681  7 
 1682  4 
 1683  8 
 1684  7 
 1685  6 
 1686  2 
 1687  7 
 1688  11 
 1689  10 
 1690  2 
 1691  9 
 1692  6 
 1693  8 
 1694  5 
 1695  10 
 1696  7 
 1697  4 
 1698  3 
 1699  10 
 1700  8 
 1701  8 
 1702  11 
 1703  4 
 1704  13 
 1705  8 
 1706  4 
 1707  7 
 1708  8 
 1709  3 
 1710  6 
 1711  7 
 1712  9 
 1713  8 
 1714  10 
 1715  6 
 1716  6 
 1717  8 
 1718  5 
 1719  8 
 1720  7 
 1721  5 
 1722  6 
 1723  4 
 1724  4 
 1725  7 
 1726  10 
 1727  8 
 1728  5 
 1729  6 
 1730  4 
 1731  8 
 1732  7 
 1733  4 
 1734  5 
 1735  3 
 1736  2 
 1737  3 
 1738  10 
 1739  7 
 1740  6 
 1741  4 
 1742  4 
 1743  9 
 1744  6 
 1745  6 
 1746  9 
 1747  7 
 1748  9 
 1749  4 
 1750  7 
 1751  7 
 1752  6 
 1753  5 
 1754  8 
 1755  7 
 1756  5 
 1757  8 
 1758  11 
 1759  7 
 1760  7 
 1761  5 
 1762  9 
 1763  4 
 1764  4 
 1765  8 
 1766  3 
 1767  4 
 1768  7 
 1769  6 
 1770  4 
 1771  10 
 1772  4 
 1773  4 
 1774  6 
 1775  4 
 1776  3 
 1777  11 
 1778  7 
 1779  7 
 1780  3 
 1781  7 
 1782  3 
 1783  7 
 1784  5 
 1785  5 
 1786  5 
 1787  6 
 1788  8 
 1789  7 
 1790  4 
 1791  6 
 1792  6 
 1793  8 
 1794  4 
 1795  8 
 1796  10 
 1797  4 
 1798  7 
 1799  8 
 1800  5 
 1801  8 
 1802  11 
 1803  2 
 1804  5 
 1805  6 
 1806  6 
 1807  4 
 1808  8 
 1809  6 
 1810  11 
 1811  5 
 1812  11 
 1813  8 
 1814  7 
 1815  3 
 1816  6 
 1817  1 
 1818  5 
 1819  4 
 1820  7 
 1821  4 
 1822  3 
 1823  6 
 1824  9 
 1825  1 
 1826  3 
 1827  9 
 1828  7 
 1829  7 
 1830  7 
 1831  5 
 1832  5 
 1833  6 
 1834  6 
 1835  7 
 1836  5 
 1837  2 
 1838  3 
 1839  4 
 1840  3 
 1841  3 
 1842  3 
 1843  12 
 1844  8 
 1845  5 
 1846  9 
 1847  6 
 1848  5 
 1849  4 
 1850  6 
 1851  7 
 1852  6 
 1853  7 
 1854  6 
 1855  6 
 1856  6 
 1857  7 
 1858  12 
 1859  9 
 1860  3 
 1861  5 
 1862  5 
 1863  6 
 1864  4 
 1865  5 
 1866  6 
 1867  5 
 1868  12 
 1869  7 
 1870  2 
 1871  3 
 1872  7 
 1873  11 
 1874  6 
 1875  3 
 1876  1 
 1877  3 
 1878  6 
 1879  5 
 1880  5 
 1881  7 
 1882  9 
 1883  0 
 1884  10 
 1885  6 
 1886  5 
 1887  4 
 1888  3 
 1889  4 
 1890  7 
 1891  11 
 1892  3 
 1893  4 
 1894  7 
 1895  5 
 1896  9 
 1897  3 
 1898  7 
 1899  6 
 1900  6 
 1901  2 
 1902  10 
 1903  5 
 1904  4 
 1905  5 
 1906  9 
 1907  7 
 1908  4 
 1909  4 
 1910  5 
 1911  7 
 1912  10 
 1913  6 
 1914  10 
 1915  5 
 1916  6 
 1917  6 
 1918  4 
 1919  6 
 1920  4 
 1921  7 
 1922  6 
 1923  4 
 1924  8 
 1925  6 
 1926  7 
 1927  5 
 1928  7 
 1929  6 
 1930  8 
 1931  11 
 1932  6 
 1933  3 
 1934  5 
 1935  8 
 1936  6 
 1937  5 
 1938  10 
 1939  10 
 1940  8 
 1941  7 
 1942  6 
 1943  4 
 1944  10 
 1945  3 
 1946  5 
 1947  7 
 1948  6 
 1949  10 
 1950  5 
 1951  3 
 1952  8 
 1953  5 
 1954  11 
 1955  7 
 1956  3 
 1957  7 
 1958  7 
 1959  4 
 1960  4 
 1961  7 
 1962  8 
 1963  4 
 1964  5 
 1965  5 
 1966  7 
 1967  5 
 1968  6 
 1969  7 
 1970  5 
 1971  4 
 1972  4 
 1973  2 
 1974  7 
 1975  6 
 1976  4 
 1977  11 
 1978  8 
 1979  7 
 1980  7 
 1981  4 
 1982  8 
 1983  3 
 1984  3 
 1985  5 
 1986  8 
 1987  7 
 1988  7 
 1989  6 
 1990  6 
 1991  3 
 1992  8 
 1993  7 
 1994  4 
 1995  9 
 1996  4 
 1997  6 
 1998  10 
 1999  4 
 2000  8 
 2001  11 
 2002  11 
 2003  4 
 2004  7 
 2005  4 
 2006  5 
 2007  8 
 2008  4 
 2009  3 
 2010  4 
 2011  5 
 2012  4 
 2013  4 
 2014  7 
 2015  7 
 2016  5 
 2017  6 
 2018  3 
 2019  10 
 2020  5 
 2021  8 
 2022  5 
 2023  4 
 2024  4 
 2025  4 
 2026  4 
 2027  4 
 2028  3 
 2029  6 
 2030  8 
 2031  11 
 2032  5 
 2033  7 
 2034  6 
 2035  11 
 2036  5 
 2037  7 
 2038  5 
 2039  5 
 2040  4 
 2041  5 
 2042  4 
 2043  8 
 2044  6 
 2045  5 
 2046  2 
 2047  6 
 2048  3 
 2049  3 
 2050  3 
 2051  5 
 2052  3 
 2053  9 
 2054  5 
 2055  5 
 2056  10 
 2057  6 
 2058  5 
 2059  4 
 2060  7 
 2061  12 
 2062  6 
 2063  7 
 2064  3 
 2065  3 
 2066  10 
 2067  5 
 2068  4 
 2069  8 
 2070  10 
 2071  8 
 2072  3 
 2073  6 
 2074  7 
 2075  6 
 2076  3 
 2077  7 
 2078  5 
 2079  2 
 2080  12 
 2081  5 
 2082  5 
 2083  8 
 2084  8 
 2085  4 
 2086  6 
 2087  11 
 2088  9 
 2089  6 
 2090  7 
 2091  5 
 2092  6 
 2093  4 
 2094  6 
 2095  5 
 2096  7 
 2097  8 
 2098  6 
 2099  4 
 2100  8 
 2101  7 
 2102  3 
 2103  6 
 2104  5 
 2105  2 
 2106  4 
 2107  8 
 2108  5 
 2109  3 
 2110  5 
 2111  4 
 2112  1 
 2113  4 
 2114  4 
 2115  6 
 2116  9 
 2117  8 
 2118  9 
 2119  8 
 2120  8 
 2121  2 
 2122  4 
 2123  3 
 2124  3 
 2125  6 
 2126  11 
 2127  9 
 2128  10 
 2129  5 
 2130  8 
 2131  6 
 2132  9 
 2133  4 
 2134  5 
 2135  8 
 2136  8 
 2137  4 
 2138  4 
 2139  6 
 2140  6 
 2141  8 
 2142  7 
 2143  2 
 2144  6 
 2145  2 
 2146  6 
 2147  8 
 2148  14 
 2149  7 
 2150  7 
 2151  5 
 2152  6 
 2153  8 
 2154  11 
 2155  6 
 2156  3 
 2157  5 
 2158  4 
 2159  8 
 2160  4 
 2161  7 
 2162  6 
 2163  5 
 2164  2 
 2165  8 
 2166  9 
 2167  6 
 2168  12 
 2169  5 
 2170  14 
 2171  4 
 2172  7 
 2173  7 
 2174  9 
 2175  3 
 2176  3 
 2177  6 
 2178  9 
 2179  9 
 2180  2 
 2181  8 
 2182  7 
 2183  4 
 2184  5 
 2185  6 
 2186  10 
 2187  5 
 2188  15 
 2189  5 
 2190  8 
 2191  8 
 2192  12 
 2193  5 
 2194  8 
 2195  3 
 2196  10 
 2197  6 
 2198  8 
 2199  6 
 2200  8 
 2201  8 
 2202  3 
 2203  6 
 2204  7 
 2205  1 
 2206  10 
 2207  5 
 2208  6 
 2209  9 
 2210  7 
 2211  8 
 2212  9 
 2213  6 
 2214  7 
 2215  6 
 2216  8 
 2217  4 
 2218  4 
 2219  8 
 2220  4 
 2221  4 
 2222  5 
 2223  5 
 2224  6 
 2225  9 
 2226  5 
 2227  3 
 2228  8 
 2229  4 
 2230  6 
 2231  7 
 2232  4 
 2233  3 
 2234  7 
 2235  5 
 2236  5 
 2237  8 
 2238  4 
 2239  2 
 2240  3 
 2241  6 
 2242  3 
 2243  7 
 2244  3 
 2245  5 
 2246  6 
 2247  6 
 2248  8 
 2249  11 
 2250  7 
 2251  9 
 2252  7 
 2253  5 
 2254  8 
 2255  4 
 2256  7 
 2257  5 
 2258  6 
 2259  8 
 2260  6 
 2261  5 
 2262  8 
 2263  10 
 2264  6 
 2265  5 
 2266  7 
 2267  10 
 2268  5 
 2269  9 
 2270  6 
 2271  6 
 2272  6 
 2273  3 
 2274  6 
 2275  3 
 2276  3 
 2277  7 
 2278  6 
 2279  7 
 2280  6 
 2281  7 
 2282  10 
 2283  4 
 2284  6 
 2285  4 
 2286  11 
 2287  3 
 2288  9 
 2289  4 
 2290  8 
 2291  7 
 2292  5 
 2293  6 
 2294  3 
 2295  5 
 2296  4 
 2297  6 
 2298  3 
 2299  9 
 2300  4 
 2301  8 
 2302  9 
 2303  8 
 2304  7 
 2305  10 
 2306  5 
 2307  6 
 2308  7 
 2309  6 
 2310  6 
 2311  5 
 2312  9 
 2313  3 
 2314  4 
 2315  6 
 2316  9 
 2317  8 
 2318  5 
 2319  5 
 2320  8 
 2321  12 
 2322  8 
 2323  14 
 2324  3 
 2325  6 
 2326  3 
 2327  8 
 2328  6 
 2329  3 
 2330  8 
 2331  7 
 2332  5 
 2333  3 
 2334  6 
 2335  7 
 2336  7 
 2337  4 
 2338  2 
 2339  8 
 2340  7 
 2341  8 
 2342  3 
 2343  8 
 2344  12 
 2345  4 
 2346  9 
 2347  10 
 2348  6 
 2349  4 
 2350  4 
 2351  5 
 2352  5 
 2353  5 
 2354  10 
 2355  7 
 2356  4 
 2357  4 
 2358  6 
 2359  5 
 2360  5 
 2361  2 
 2362  5 
 2363  9 
 2364  7 
 2365  6 
 2366  6 
 2367  2 
 2368  10 
 2369  4 
 2370  7 
 2371  6 
 2372  3 
 2373  4 
 2374  4 
 2375  9 
 2376  14 
 2377  7 
 2378  8 
 2379  8 
 2380  4 
 2381  7 
 2382  14 
 2383  5 
 2384  8 
 2385  4 
 2386  6 
 2387  8 
 2388  7 
 2389  5 
 2390  4 
 2391  4 
 2392  2 
 2393  1 
 2394  4 
 2395  9 
 2396  5 
 2397  7 
 2398  8 
 2399  11 
 2400  7 
 2401  7 
 2402  9 
 2403  9 
 2404  3 
 2405  13 
 2406  10 
 2407  7 
 2408  3 
 2409  3 
 2410  6 
 2411  5 
 2412  5 
 2413  3 
 2414  5 
 2415  6 
 2416  2 
 2417  14 
 2418  5 
 2419  8 
 2420  3 
 2421  6 
 2422  7 
 2423  3 
 2424  2 
 2425  3 
 2426  5 
 2427  2 
 2428  4 
 2429  10 
 2430  7 
 2431  11 
 2432  7 
 2433  4 
 2434  7 
 2435  8 
 2436  5 
 2437  5 
 2438  5 
 2439  7 
 2440  4 
 2441  4 
 2442  7 
 2443  4 
 2444  4 
 2445  5 
 2446  3 
 2447  8 
 2448  10 
 2449  7 
 2450  5 
 2451  4 
 2452  9 
 2453  12 
 2454  9 
 2455  9 
 2456  6 
 2457  6 
 2458  6 
 2459  6 
 2460  10 
 2461  6 
 2462  7 
 2463  2 
 2464  4 
 2465  4 
 2466  3 
 2467  7 
 2468  7 
 2469  4 
 2470  2 
 2471  8 
 2472  12 
 2473  1 
 2474  11 
 2475  7 
 2476  9 
 2477  8 
 2478  3 
 2479  9 
 2480  3 
 2481  9 
 2482  7 
 2483  9 
 2484  3 
 2485  8 
 2486  6 
 2487  9 
 2488  6 
 2489  5 
 2490  4 
 2491  5 
 2492  4 
 2493  7 
 2494  4 
 2495  8 
 2496  8 
 2497  3 
 2498  8 
 2499  6 
 2500  3 
 2501  9 
 2502  4 
 2503  11 
 2504  13 
 2505  9 
 2506  4 
 2507  4 
 2508  10 
 2509  10 
 2510  6 
 2511  10 
 2512  10 
 2513  3 
 2514  7 
 2515  5 
 2516  7 
 2517  5 
 2518  9 
 2519  4 
 2520  7 
 2521  7 
 2522  7 
 2523  5 
 2524  5 
 2525  9 
 2526  8 
 2527  8 
 2528  4 
 2529  12 
 2530  8 
 2531  3 
 2532  6 
 2533  6 
 2534  16 
 2535  6 
 2536  6 
 2537  11 
 2538  5 
 2539  6 
 2540  3 
 2541  6 
 2542  8 
 2543  6 
 2544  5 
 2545  5 
 2546  13 
 2547  6 
 2548  6 
 2549  2 
 2550  5 
 2551  7 
 2552  8 
 2553  7 
 2554  10 
 2555  13 
 2556  3 
 2557  18 
 2558  9 
 2559  11 
 2560  10 
 2561  7 
 2562  10 
 2563  14 
 2564  21 
 2565  13 
 2566  13 
 2567  10 
 2568  9 
 2569  14 
 2570  11 
 2571  16 
 2572  8 
 2573  12 
 2574  12 
 2575  9 
 2576  9 
 2577  17 
 2578  8 
 2579  15 
 2580  10 
 2581  11 
 2582  13 
 2583  12 
 2584  15 
 2585  11 
 2586  11 
 2587  12 
 2588  12 
 2589  17 
 2590  15 
 2591  10 
 2592  8 
 2593  11 
 2594  9 
 2595  6 
 2596  15 
 2597  6 
 2598  7 
 2599  8 
 2600  11 
 2601  8 
 2602  3 
 2603  7 
 2604  13 
 2605  3 
 2606  6 
 2607  3 
 2608  2 
 2609  6 
 2610  11 
 2611  5 
 2612  7 
 2613  6 
 2614  10 
 2615  5 
 2616  6 
 2617  3 
 2618  5 
 2619  4 
 2620  3 
 2621  4 
 2622  5 
 2623  1 
 2624  5 
 2625  8 
 2626  9 
 2627  3 
 2628  9 
 2629  5 
 2630  7 
 2631  1 
 2632  10 
 2633  14 
 2634  4 
 2635  8 
 2636  5 
 2637  9 
 2638  6 
 2639  9 
 2640  3 
 2641  3 
 2642  5 
 2643  8 
 2644  8 
 2645  7 
 2646  5 
 2647  4 
 2648  6 
 2649  8 
 2650  2 
 2651  4 
 2652  6 
 2653  7 
 2654  9 
 2655  6 
 2656  6 
 2657  5 
 2658  4 
 2659  5 
 2660  7 
 2661  2 
 2662  5 
 2663  6 
 2664  0 
 2665  4 
 2666  17 
 2667  6 
 2668  5 
 2669  5 
 2670  5 
 2671  9 
 2672  9 
 2673  7 
 2674  4 
 2675  4 
 2676  7 
 2677  6 
 2678  4 
 2679  10 
 2680  8 
 2681  2 
 2682  9 
 2683  6 
 2684  6 
 2685  7 
 2686  4 
 2687  4 
 2688  6 
 2689  6 
 2690  4 
 2691  4 
 2692  7 
 2693  3 
 2694  1 
 2695  4 
 2696  2 
 2697  3 
 2698  4 
 2699  8 
 2700  5 
 2701  5 
 2702  7 
 2703  7 
 2704  5 
 2705  5 
 2706  7 
 2707  8 
 2708  6 
 2709  10 
 2710  6 
 2711  6 
 2712  7 
 2713  5 
 2714  7 
 2715  7 
 2716  3 
 2717  2 
 2718  8 
 2719  6 
 2720  4 
 2721  8 
 2722  8 
 2723  8 
 2724  3 
 2725  4 
 2726  4 
 2727  10 
 2728  4 
 2729  9 
 2730  6 
 2731  4 
 2732  5 
 2733  9 
 2734  4 
 2735  7 
 2736  6 
 2737  5 
 2738  8 
 2739  5 
 2740  5 
 2741  7 
 2742  5 
 2743  7 
 2744  8 
 2745  8 
 2746  5 
 2747  7 
 2748  5 
 2749  6 
 2750  7 
 2751  7 
 2752  6 
 2753  9 
 2754  10 
 2755  6 
 2756  7 
 2757  4 
 2758  8 
 2759  8 
 2760  6 
 2761  11 
 2762  2 
 2763  2 
 2764  7 
 2765  5 
 2766  3 
 2767  10 
 2768  8 
 2769  1 
 2770  3 
 2771  4 
 2772  8 
 2773  3 
 2774  4 
 2775  6 
 2776  3 
 2777  4 
 2778  7 
 2779  3 
 2780  8 
 2781  8 
 2782  2 
 2783  5 
 2784  6 
 2785  5 
 2786  4 
 2787  5 
 2788  9 
 2789  2 
 2790  3 
 2791  6 
 2792  5 
 2793  8 
 2794  2 
 2795  2 
 2796  9 
 2797  9 
 2798  3 
 2799  1 
 2800  3 
 2801  6 
 2802  8 
 2803  8 
 2804  9 
 2805  1 
 2806  10 
 2807  9 
 2808  3 
 2809  10 
 2810  2 
 2811  2 
 2812  3 
 2813  8 
 2814  6 
 2815  10 
 2816  7 
 2817  9 
 2818  3 
 2819  6 
 2820  6 
 2821  4 
 2822  5 
 2823  6 
 2824  10 
 2825  4 
 2826  4 
 2827  7 
 2828  6 
 2829  5 
 2830  4 
 2831  3 
 2832  2 
 2833  3 
 2834  8 
 2835  12 
 2836  3 
 2837  5 
 2838  9 
 2839  6 
 2840  6 
 2841  9 
 2842  9 
 2843  9 
 2844  3 
 2845  3 
 2846  7 
 2847  5 
 2848  5 
 2849  5 
 2850  8 
 2851  8 
 2852  5 
 2853  5 
 2854  8 
 2855  8 
 2856  7 
 2857  6 
 2858  4 
 2859  7 
 2860  6 
 2861  2 
 2862  1 
 2863  4 
 2864  4 
 2865  9 
 2866  6 
 2867  5 
 2868  7 
 2869  4 
 2870  10 
 2871  3 
 2872  6 
 2873  6 
 2874  3 
 2875  8 
 2876  5 
 2877  4 
 2878  6 
 2879  10 
 2880  7 
 2881  7 
 2882  5 
 2883  6 
 2884  12 
 2885  2 
 2886  4 
 2887  8 
 2888  6 
 2889  6 
 2890  8 
 2891  3 
 2892  4 
 2893  3 
 2894  6 
 2895  8 
 2896  5 
 2897  3 
 2898  2 
 2899  2 
 2900  12 
 2901  7 
 2902  10 
 2903  6 
 2904  3 
 2905  6 
 2906  6 
 2907  11 
 2908  8 
 2909  9 
 2910  10 
 2911  8 
 2912  7 
 2913  11 
 2914  4 
 2915  8 
 2916  2 
 2917  3 
 2918  7 
 2919  6 
 2920  4 
 2921  4 
 2922  11 
 2923  8 
 2924  5 
 2925  4 
 2926  5 
 2927  5 
 2928  7 
 2929  2 
 2930  8 
 2931  5 
 2932  9 
 2933  10 
 2934  4 
 2935  7 
 2936  6 
 2937  7 
 2938  5 
 2939  8 
 2940  8 
 2941  5 
 2942  4 
 2943  2 
 2944  3 
 2945  8 
 2946  6 
 2947  8 
 2948  3 
 2949  12 
 2950  3 
 2951  4 
 2952  4 
 2953  8 
 2954  5 
 2955  8 
 2956  5 
 2957  3 
 2958  2 
 2959  9 
 2960  7 
 2961  12 
 2962  9 
 2963  11 
 2964  1 
 2965  7 
 2966  3 
 2967  10 
 2968  5 
 2969  10 
 2970  9 
 2971  7 
 2972  10 
 2973  7 
 2974  9 
 2975  9 
 2976  5 
 2977  11 
 2978  4 
 2979  8 
 2980  4 
 2981  8 
 2982  6 
 2983  7 
 2984  11 
 2985  5 
 2986  5 
 2987  2 
 2988  9 
 2989  2 
 2990  4 
 2991  11 
 2992  7 
 2993  7 
 2994  6 
 2995  4 
 2996  10 
 2997  3 
 2998  7 
 2999  8 
 3000  6 
 3001  5 
 3002  7 
 3003  4 
 3004  6 
 3005  8 
 3006  6 
 3007  5 
 3008  6 
 3009  9 
 3010  5 
 3011  9 
 3012  4 
 3013  6 
 3014  3 
 3015  4 
 3016  5 
 3017  4 
 3018  5 
 3019  5 
 3020  2 
 3021  5 
 3022  10 
 3023  7 
 3024  3 
 3025  4 
 3026  10 
 3027  4 
 3028  4 
 3029  10 
 3030  6 
 3031  8 
 3032  9 
 3033  6 
 3034  11 
 3035  3 
 3036  8 
 3037  3 
 3038  10 
 3039  2 
 3040  9 
 3041  7 
 3042  9 
 3043  5 
 3044  5 
 3045  7 
 3046  7 
 3047  8 
 3048  8 
 3049  5 
 3050  5 
 3051  7 
 3052  7 
 3053  5 
 3054  10 
 3055  10 
 3056  8 
 3057  10 
 3058  5 
 3059  2 
 3060  8 
 3061  8 
 3062  7 
 3063  7 
 3064  9 
 3065  4 
 3066  5 
 3067  9 
 3068  7 
 3069  4 
 3070  11 
 3071  5 
 3072  8 
 3073  4 
 3074  5 
 3075  7 
 3076  7 
 3077  7 
 3078  7 
 3079  8 
 3080  11 
 3081  6 
 3082  6 
 3083  8 
 3084  5 
 3085  8 
 3086  4 
 3087  7 
 3088  6 
 3089  4 
 3090  9 
 3091  4 
 3092  6 
 3093  6 
 3094  3 
 3095  2 
 3096  4 
 3097  7 
 3098  2 
 3099  7 
 3100  9 
 3101  5 
 3102  7 
 3103  2 
 3104  13 
 3105  3 
 3106  4 
 3107  5 
 3108  11 
 3109  6 
 3110  5 
 3111  6 
 3112  3 
 3113  10 
 3114  4 
 3115  5 
 3116  6 
 3117  4 
 3118  10 
 3119  6 
 3120  9 
 3121  8 
 3122  7 
 3123  3 
 3124  8 
 3125  4 
 3126  2 
 3127  12 
 3128  3 
 3129  4 
 3130  7 
 3131  6 
 3132  6 
 3133  11 
 3134  6 
 3135  10 
 3136  1 
 3137  8 
 3138  6 
 3139  6 
 3140  7 
 3141  9 
 3142  7 
 3143  7 
 3144  4 
 3145  7 
 3146  6 
 3147  3 
 3148  7 
 3149  11 
 3150  9 
 3151  2 
 3152  6 
 3153  9 
 3154  2 
 3155  6 
 3156  4 
 3157  5 
 3158  7 
 3159  2 
 3160  9 
 3161  7 
 3162  7 
 3163  8 
 3164  5 
 3165  4 
 3166  4 
 3167  6 
 3168  8 
 3169  6 
 3170  10 
 3171  7 
 3172  8 
 3173  9 
 3174  9 
 3175  10 
 3176  6 
 3177  6 
 3178  6 
 3179  5 
 3180  4 
 3181  10 
 3182  8 
 3183  11 
 3184  7 
 3185  5 
 3186  9 
 3187  8 
 3188  10 
 3189  6 
 3190  9 
 3191  5 
 3192  3 
 3193  5 
 3194  6 
 3195  9 
 3196  1 
 3197  5 
 3198  9 
 3199  7 
 3200  4 
 3201  3 
 3202  5 
 3203  8 
 3204  8 
 3205  8 
 3206  9 
 3207  9 
 3208  4 
 3209  6 
 3210  3 
 3211  5 
 3212  6 
 3213  7 
 3214  6 
 3215  7 
 3216  8 
 3217  5 
 3218  5 
 3219  4 
 3220  8 
 3221  5 
 3222  7 
 3223  1 
 3224  9 
 3225  8 
 3226  8 
 3227  8 
 3228  12 
 3229  8 
 3230  6 
 3231  6 
 3232  11 
 3233  9 
 3234  11 
 3235  6 
 3236  5 
 3237  8 
 3238  8 
 3239  7 
 3240  7 
 3241  9 
 3242  4 
 3243  7 
 3244  10 
 3245  9 
 3246  6 
 3247  6 
 3248  9 
 3249  12 
 3250  8 
 3251  8 
 3252  7 
 3253  11 
 3254  8 
 3255  12 
 3256  9 
 3257  7 
 3258  5 
 3259  7 
 3260  3 
 3261  11 
 3262  9 
 3263  7 
 3264  6 
 3265  9 
 3266  6 
 3267  11 
 3268  6 
 3269  8 
 3270  15 
 3271  10 
 3272  6 
 3273  12 
 3274  5 
 3275  12 
 3276  9 
 3277  4 
 3278  6 
 3279  7 
 3280  14 
 3281  10 
 3282  7 
 3283  10 
 3284  7 
 3285  10 
 3286  6 
 3287  3 
 3288  15 
 3289  7 
 3290  9 
 3291  7 
 3292  3 
 3293  14 
 3294  8 
 3295  7 
 3296  12 
 3297  10 
 3298  7 
 3299  6 
 3300  7 
 3301  9 
 3302  15 
 3303  8 
 3304  10 
 3305  13 
 3306  13 
 3307  12 
 3308  12 
 3309  19 
 3310  8 
 3311  13 
 3312  12 
 3313  15 
 3314  12 
 3315  10 
 3316  17 
 3317  18 
 3318  13 
 3319  26 
 3320  16 
 3321  16 
 3322  15 
 3323  22 
 3324  17 
 3325  22 
 3326  21 
 3327  16 
 3328  16 
 3329  19 
 3330  19 
 3331  15 
 3332  22 
 3333  20 
 3334  24 
 3335  27 
 3336  20 
 3337  13 
 3338  19 
 3339  28 
 3340  38 
 3341  14 
 3342  16 
 3343  27 
 3344  17 
 3345  18 
 3346  12 
 3347  24 
 3348  24 
 3349  22 
 3350  26 
 3351  18 
 3352  25 
 3353  22 
 3354  18 
 3355  21 
 3356  26 
 3357  22 
 3358  18 
 3359  15 
 3360  21 
 3361  21 
 3362  12 
 3363  8 
 3364  14 
 3365  14 
 3366  16 
 3367  17 
 3368  13 
 3369  16 
 3370  11 
 3371  10 
 3372  12 
 3373  9 
 3374  12 
 3375  13 
 3376  6 
 3377  9 
 3378  10 
 3379  10 
 3380  6 
 3381  5 
 3382  12 
 3383  9 
 3384  15 
 3385  10 
 3386  13 
 3387  14 
 3388  24 
 3389  13 
 3390  21 
 3391  12 
 3392  11 
 3393  18 
 3394  14 
 3395  13 
 3396  6 
 3397  16 
 3398  23 
 3399  16 
 3400  20 
 3401  20 
 3402  17 
 3403  18 
 3404  15 
 3405  26 
 3406  38 
 3407  29 
 3408  39 
 3409  34 
 3410  36 
 3411  45 
 3412  47 
 3413  53 
 3414  64 
 3415  58 
 3416  60 
 3417  59 
 3418  54 
 3419  67 
 3420  72 
 3421  68 
 3422  72 
 3423  76 
 3424  69 
 3425  92 
 3426  75 
 3427  107 
 3428  72 
 3429  66 
 3430  101 
 3431  117 
 3432  102 
 3433  122 
 3434  131 
 3435  118 
 3436  131 
 3437  142 
 3438  133 
 3439  146 
 3440  127 
 3441  147 
 3442  155 
 3443  125 
 3444  126 
 3445  131 
 3446  133 
 3447  135 
 3448  149 
 3449  130 
 3450  119 
 3451  126 
 3452  138 
 3453  130 
 3454  122 
 3455  129 
 3456  115 
 3457  112 
 3458  97 
 3459  108 
 3460  96 
 3461  100 
 3462  94 
 3463  77 
 3464  79 
 3465  68 
 3466  76 
 3467  72 
 3468  61 
 3469  64 
 3470  51 
 3471  45 
 3472  50 
 3473  45 
 3474  39 
 3475  34 
 3476  34 
 3477  20 
 3478  29 
 3479  40 
 3480  26 
 3481  21 
 3482  22 
 3483  17 
 3484  16 
 3485  15 
 3486  16 
 3487  8 
 3488  8 
 3489  8 
 3490  13 
 3491  10 
 3492  9 
 3493  9 
 3494  8 
 3495  7 
 3496  8 
 3497  11 
 3498  9 
 3499  6 
 3500  11 
 3501  10 
 3502  6 
 3503  8 
 3504  6 
 3505  7 
 3506  6 
 3507  12 
 3508  3 
 3509  5 
 3510  9 
 3511  8 
 3512  15 
 3513  13 
 3514  7 
 3515  6 
 3516  8 
 3517  2 
 3518  9 
 3519  7 
 3520  7 
 3521  5 
 3522  7 
 3523  10 
 3524  7 
 3525  11 
 3526  15 
 3527  6 
 3528  6 
 3529  7 
 3530  6 
 3531  3 
 3532  4 
 3533  8 
 3534  8 
 3535  5 
 3536  8 
 3537  10 
 3538  10 
 3539  11 
 3540  6 
 3541  9 
 3542  4 
 3543  5 
 3544  6 
 3545  4 
 3546  4 
 3547  6 
 3548  6 
 3549  7 
 3550  9 
 3551  3 
 3552  7 
 3553  10 
 3554  12 
 3555  10 
 3556  6 
 3557  3 
 3558  9 
 3559  6 
 3560  14 
 3561  8 
 3562  7 
 3563  3 
 3564  9 
 3565  11 
 3566  9 
 3567  10 
 3568  7 
 3569  11 
 3570  6 
 3571  9 
 3572  5 
 3573  10 
 3574  10 
 3575  11 
 3576  10 
 3577  8 
 3578  14 
 3579  9 
 3580  6 
 3581  4 
 3582  4 
 3583  8 
 3584  7 
 3585  10 
 3586  9 
 3587  4 
 3588  6 
 3589  10 
 3590  11 
 3591  10 
 3592  9 
 3593  12 
 3594  9 
 3595  14 
 3596  7 
 3597  12 
 3598  10 
 3599  11 
 3600  7 
 3601  9 
 3602  8 
 3603  8 
 3604  11 
 3605  8 
 3606  7 
 3607  12 
 3608  5 
 3609  9 
 3610  15 
 3611  7 
 3612  19 
 3613  12 
 3614  8 
 3615  10 
 3616  11 
 3617  9 
 3618  13 
 3619  7 
 3620  14 
 3621  4 
 3622  7 
 3623  10 
 3624  6 
 3625  7 
 3626  7 
 3627  5 
 3628  13 
 3629  7 
 3630  11 
 3631  8 
 3632  14 
 3633  7 
 3634  14 
 3635  10 
 3636  3 
 3637  5 
 3638  11 
 3639  20 
 3640  9 
 3641  12 
 3642  13 
 3643  8 
 3644  14 
 3645  13 
 3646  12 
 3647  10 
 3648  5 
 3649  9 
 3650  14 
 3651  10 
 3652  13 
 3653  11 
 3654  14 
 3655  14 
 3656  13 
 3657  13 
 3658  10 
 3659  10 
 3660  15 
 3661  9 
 3662  9 
 3663  18 
 3664  12 
 3665  19 
 3666  11 
 3667  20 
 3668  22 
 3669  14 
 3670  11 
 3671  20 
 3672  27 
 3673  21 
 3674  35 
 3675  33 
 3676  38 
 3677  33 
 3678  29 
 3679  49 
 3680  50 
 3681  43 
 3682  44 
 3683  56 
 3684  51 
 3685  70 
 3686  70 
 3687  70 
 3688  71 
 3689  103 
 3690  95 
 3691  90 
 3692  89 
 3693  116 
 3694  135 
 3695  136 
 3696  139 
 3697  171 
 3698  181 
 3699  180 
 3700  209 
 3701  239 
 3702  213 
 3703  229 
 3704  301 
 3705  294 
 3706  328 
 3707  354 
 3708  429 
 3709  425 
 3710  482 
 3711  530 
 3712  579 
 3713  627 
 3714  713 
 3715  828 
 3716  880 
 3717  916 
 3718  1090 
 3719  1126 
 3720  1223 
 3721  1405 
 3722  1544 
 3723  1551 
 3724  1772 
 3725  1829 
 3726  1979 
 3727  2066 
 3728  2048 
 3729  2283 
 3730  2353 
 3731  2482 
 3732  2415 
 3733  2355 
 3734  2375 
 3735  2390 
 3736  2382 
 3737  2269 
 3738  2213 
 3739  2183 
 3740  1965 
 3741  1932 
 3742  1772 
 3743  1608 
 3744  1509 
 3745  1330 
 3746  1222 
 3747  1123 
 3748  890 
 3749  873 
 3750  792 
 3751  699 
 3752  530 
 3753  454 
 3754  407 
 3755  337 
 3756  282 
 3757  247 
 3758  206 
 3759  189 
 3760  147 
 3761  140 
 3762  109 
 3763  83 
 3764  81 
 3765  56 
 3766  57 
 3767  43 
 3768  43 
 3769  39 
 3770  27 
 3771  38 
 3772  39 
 3773  34 
 3774  26 
 3775  21 
 3776  8 
 3777  21 
 3778  19 
 3779  20 
 3780  24 
 3781  16 
 3782  22 
 3783  13 
 3784  15 
 3785  14 
 3786  8 
 3787  11 
 3788  14 
 3789  10 
 3790  20 
 3791  14 
 3792  14 
 3793  17 
 3794  15 
 3795  12 
 3796  9 
 3797  7 
 3798  12 
 3799  13 
 3800  19 
 3801  17 
 3802  12 
 3803  12 
 3804  11 
 3805  11 
 3806  11 
 3807  21 
 3808  19 
 3809  20 
 3810  18 
 3811  28 
 3812  17 
 3813  32 
 3814  27 
 3815  38 
 3816  40 
 3817  37 
 3818  37 
 3819  43 
 3820  37 
 3821  45 
 3822  60 
 3823  64 
 3824  53 
 3825  63 
 3826  66 
 3827  67 
 3828  71 
 3829  88 
 3830  82 
 3831  77 
 3832  81 
 3833  88 
 3834  77 
 3835  83 
 3836  94 
 3837  92 
 3838  71 
 3839  76 
 3840  75 
 3841  71 
 3842  62 
 3843  48 
 3844  40 
 3845  48 
 3846  40 
 3847  39 
 3848  35 
 3849  26 
 3850  34 
 3851  25 
 3852  21 
 3853  22 
 3854  10 
 3855  17 
 3856  16 
 3857  8 
 3858  9 
 3859  6 
 3860  9 
 3861  7 
 3862  9 
 3863  4 
 3864  4 
 3865  7 
 3866  6 
 3867  6 
 3868  0 
 3869  3 
 3870  5 
 3871  3 
 3872  6 
 3873  6 
 3874  4 
 3875  2 
 3876  2 
 3877  5 
 3878  3 
 3879  5 
 3880  5 
 3881  1 
 3882  7 
 3883  5 
 3884  6 
 3885  3 
 3886  4 
 3887  1 
 3888  3 
 3889  5 
 3890  4 
 3891  5 
 3892  9 
 3893  7 
 3894  4 
 3895  7 
 3896  1 
 3897  4 
 3898  10 
 3899  2 
 3900  3 
 3901  5 
 3902  9 
 3903  1 
 3904  5 
 3905  6 
 3906  6 
 3907  6 
 3908  4 
 3909  8 
 3910  8 
 3911  5 
 3912  7 
 3913  10 
 3914  12 
 3915  7 
 3916  3 
 3917  8 
 3918  13 
 3919  12 
 3920  14 
 3921  15 
 3922  11 
 3923  17 
 3924  15 
 3925  19 
 3926  9 
 3927  15 
 3928  26 
 3929  24 
 3930  25 
 3931  21 
 3932  26 
 3933  34 
 3934  31 
 3935  26 
 3936  45 
 3937  43 
 3938  49 
 3939  59 
 3940  55 
 3941  64 
 3942  64 
 3943  77 
 3944  76 
 3945  100 
 3946  96 
 3947  131 
 3948  141 
 3949  147 
 3950  157 
 3951  199 
 3952  192 
 3953  218 
 3954  250 
 3955  255 
 3956  293 
 3957  327 
 3958  324 
 3959  397 
 3960  384 
 3961  425 
 3962  463 
 3963  502 
 3964  570 
 3965  605 
 3966  549 
 3967  628 
 3968  687 
 3969  678 
 3970  737 
 3971  780 
 3972  835 
 3973  884 
 3974  872 
 3975  898 
 3976  981 
 3977  968 
 3978  946 
 3979  1013 
 3980  1082 
 3981  1029 
 3982  1097 
 3983  1066 
 3984  1140 
 3985  1106 
 3986  1132 
 3987  1124 
 3988  1105 
 3989  1106 
 3990  1195 
 3991  1140 
 3992  1164 
 3993  1066 
 3994  1084 
 3995  1021 
 3996  1007 
 3997  956 
 3998  878 
 3999  932 
 4000  804 
 4001  840 
 4002  742 
 4003  671 
 4004  620 
 4005  577 
 4006  565 
 4007  484 
 4008  442 
 4009  384 
 4010  383 
 4011  342 
 4012  290 
 4013  248 
 4014  241 
 4015  177 
 4016  173 
 4017  153 
 4018  136 
 4019  104 
 4020  104 
 4021  89 
 4022  63 
 4023  57 
 4024  46 
 4025  44 
 4026  45 
 4027  28 
 4028  31 
 4029  25 
 4030  14 
 4031  16 
 4032  15 
 4033  20 
 4034  15 
 4035  27 
 4036  13 
 4037  9 
 4038  12 
 4039  17 
 4040  13 
 4041  8 
 4042  18 
 4043  10 
 4044  22 
 4045  23 
 4046  19 
 4047  20 
 4048  25 
 4049  29 
 4050  28 
 4051  35 
 4052  41 
 4053  36 
 4054  48 
 4055  48 
 4056  53 
 4057  60 
 4058  60 
 4059  68 
 4060  76 
 4061  84 
 4062  104 
 4063  84 
 4064  119 
 4065  110 
 4066  111 
 4067  135 
 4068  138 
 4069  125 
 4070  124 
 4071  127 
 4072  130 
 4073  104 
 4074  142 
 4075  98 
 4076  97 
 4077  102 
 4078  93 
 4079  88 
 4080  80 
 4081  76 
 4082  72 
 4083  63 
 4084  64 
 4085  39 
 4086  60 
 4087  36 
 4088  44 
 4089  31 
 4090  25 
 4091  19 
 4092  28 
 4093  19 
 4094  31 
 4095  13 
 4096  21 
 4097  13 
 4098  12 
 4099  22 
 4100  16 
 4101  17 
 4102  18 
 4103  13 
 4104  10 
 4105  19 
 4106  20 
 4107  20 
 4108  12 
 4109  17 
 4110  16 
 4111  20 
 4112  19 
 4113  15 
 4114  19 
 4115  16 
 4116  15 
 4117  15 
 4118  18 
 4119  18 
 4120  11 
 4121  18 
 4122  15 
 4123  13 
 4124  13 
 4125  12 
 4126  9 
 4127  7 
 4128  10 
 4129  3 
 4130  9 
 4131  7 
 4132  4 
 4133  6 
 4134  6 
 4135  2 
 4136  4 
 4137  3 
 4138  5 
 4139  3 
 4140  3 
 4141  2 
 4142  1 
 4143  2 
 4144  3 
 4145  1 
 4146  0 
 4147  2 
 4148  0 
 4149  2 
 4150  0 
 4151  3 
 4152  1 
 4153  1 
 4154  0 
 4155  0 
 4156  0 
 4157  0 
 4158  0 
 4159  0 
 4160  0 
 4161  0 
 4162  0 
 4163  0 
 4164  0 
 4165  0 
 4166  0 
 4167  0 
 4168  0 
 4169  0 
 4170  0 
 4171  0 
 4172  0 
 4173  0 
 4174  0 
 4175  0 
 4176  0 
 4177  0 
 4178  0 
 4179  0 
 4180  0 
 4181  0 
 4182  0 
 4183  0 
 4184  1 
 4185  0 
 4186  0 
 4187  0 
 4188  0 
 4189  0 
 4190  0 
 4191  0 
 4192  0 
 4193  0 
 4194  1 
 4195  0 
 4196  0 
 4197  0 
 4198  0 
 4199  0 
 4200  0 
 4201  0 
 4202  0 
 4203  0 
 4204  0 
 4205  0 
 4206  0 
 4207  0 
 4208  0 
 4209  0 
 4210  0 
 4211  0 
 4212  0 
 4213  0 
 4214  0 
 4215  0 
 4216  1 
 4217  0 
 4218  0 
 4219  0 
 4220  0 
 4221  0 
 4222  0 
 4223  0 
 4224  0 
 4225  0 
 4226  0 
 4227  0 
 4228  0 
 4229  0 
 4230  0 
 4231  0 
 4232  0 
 4233  0 
 4234  1 
 4235  0 
 4236  0 
 4237  0 
 4238  0 
 4239  0 
 4240  0 
 4241  0 
 4242  0 
 4243  0 
 4244  0 
 4245  0 
 4246  0 
 4247  0 
 4248  0 
 4249  0 
 4250  0 
 4251  0 
 4252  0 
 4253  0 
 4254  0 
 4255  0 
 4256  0 
 4257  0 
 4258  0 
 4259  0 
 4260  0 
 4261  0 
 4262  0 
 4263  0 
 4264  0 
 4265  0 
 4266  0 
 4267  0 
 4268  1 
 4269  0 
 4270  0 
 4271  0 
 4272  0 
 4273  0 
 4274  0 
 4275  0 
 4276  0 
 4277  0 
 4278  1 
 4279  0 
 4280  0 
 4281  1 
 4282  0 
 4283  0 
 4284  0 
 4285  0 
 4286  1 
 4287  0 
 4288  0 
 4289  0 
 4290  0 
 4291  1 
 4292  0 
 4293  0 
 4294  0 
 4295  0 
 4296  0 
 4297  0 
 4298  0 
 4299  0 
 4300  0 
 4301  0 
 4302  0 
 4303  0 
 4304  0 
 4305  0 
 4306  0 
 4307  0 
 4308  1 
 4309  0 
 4310  0 
 4311  0 
 4312  0 
 4313  0 
 4314  0 
 4315  0 
 4316  0 
 4317  0 
 4318  0 
 4319  0 
 4320  0 
 4321  0 
 4322  0 
 4323  0 
 4324  0 
 4325  0 
 4326  0 
 4327  0 
 4328  0 
 4329  0 
 4330  0 
 4331  0 
 4332  0 
 4333  0 
 4334  0 
 4335  1 
 4336  0 
 4337  0 
 4338  0 
 4339  0 
 4340  0 
 4341  0 
 4342  0 
 4343  0 
 4344  0 
 4345  0 
 4346  0 
 4347  0 
 4348  0 
 4349  0 
 4350  0 
 4351  0 
 4352  0 
 4353  0 
 4354  0 
 4355  1 
 4356  0 
 4357  0 
 4358  0 
 4359  0 
 4360  0 
 4361  0 
 4362  0 
 4363  0 
 4364  0 
 4365  0 
 4366  0 
 4367  0 
 4368  0 
 4369  0 
 4370  0 
 4371  0 
 4372  0 
 4373  0 
 4374  0 
 4375  0 
 4376  0 
 4377  0 
 4378  0 
 4379  0 
 4380  0 
 4381  0 
 4382  0 
 4383  0 
 4384  0 
 4385  0 
 4386  0 
 4387  0 
 4388  0 
 4389  0 
 4390  1 
 4391  0 
 4392  0 
 4393  0 
 4394  0 
 4395  0 
 4396  0 
 4397  0 
 4398  1 
 4399  0 
 4400  0 
 4401  1 
 4402  0 
 4403  0 
 4404  0 
 4405  0 
 4406  0 
 4407  0 
 4408  0 
 4409  0 
 4410  0 
 4411  0 
 4412  0 
 4413  0 
 4414  0 
 4415  0 
 4416  0 
 4417  0 
 4418  0 
 4419  0 
 4420  0 
 4421  0 
 4422  0 
 4423  0 
 4424  0 
 4425  1 
 4426  0 
 4427  0 
 4428  0 
 4429  0 
 4430  0 
 4431  0 
 4432  1 
 4433  0 
 4434  0 
 4435  0 
 4436  0 
 4437  0 
 4438  0 
 4439  0 
 4440  0 
 4441  0 
 4442  0 
 4443  0 
 4444  0 
 4445  0 
 4446  0 
 4447  0 
 4448  0 
 4449  1 
 4450  0 
 4451  0 
 4452  0 
 4453  0 
 4454  1 
 4455  0 
 4456  0 
 4457  0 
 4458  0 
 4459  0 
 4460  0 
 4461  0 
 4462  0 
 4463  1 
 4464  0 
 4465  0 
 4466  0 
 4467  1 
 4468  0 
 4469  0 
 4470  0 
 4471  1 
 4472  0 
 4473  0 
 4474  0 
 4475  1 
 4476  0 
 4477  0 
 4478  0 
 4479  0 
 4480  0 
 4481  0 
 4482  0 
 4483  1 
 4484  0 
 4485  0 
 4486  0 
 4487  0 
 4488  0 
 4489  0 
 4490  0 
 4491  0 
 4492  0 
 4493  0 
 4494  0 
 4495  0 
 4496  0 
 4497  0 
 4498  0 
 4499  0 
 4500  0 
 4501  0 
 4502  0 
 4503  0 
 4504  0 
 4505  0 
 4506  0 
 4507  0 
 4508  0 
 4509  0 
 4510  0 
 4511  1 
 4512  1 
 4513  0 
 4514  0 
 4515  0 
 4516  0 
 4517  0 
 4518  0 
 4519  0 
 4520  0 
 4521  0 
 4522  0 
 4523  0 
 4524  0 
 4525  0 
 4526  0 
 4527  0 
 4528  0 
 4529  0 
 4530  0 
 4531  0 
 4532  0 
 4533  0 
 4534  0 
 4535  0 
 4536  0 
 4537  1 
 4538  0 
 4539  0 
 4540  0 
 4541  0 
 4542  0 
 4543  0 
 4544  0 
 4545  0 
 4546  0 
 4547  0 
 4548  0 
 4549  0 
 4550  0 
 4551  0 
 4552  0 
 4553  0 
 4554  0 
 4555  0 
 4556  0 
 4557  0 
 4558  0 
 4559  0 
 4560  0 
 4561  0 
 4562  0 
 4563  0 
 4564  0 
 4565  0 
 4566  0 
 4567  0 
 4568  0 
 4569  0 
 4570  0 
 4571  0 
 4572  0 
 4573  0 
 4574  0 
 4575  0 
 4576  0 
 4577  0 
 4578  0 
 4579  0 
 4580  0 
 4581  0 
 4582  0 
 4583  0 
 4584  0 
 4585  0 
 4586  0 
 4587  0 
 4588  0 
 4589  0 
 4590  0 
 4591  0 
 4592  1 
 4593  0 
 4594  0 
 4595  0 
 4596  0 
 4597  0 
 4598  0 
 4599  0 
 4600  0 
 4601  0 
 4602  0 
 4603  0 
 4604  0 
 4605  0 
 4606  0 
 4607  0 
 4608  0 
 4609  0 
 4610  0 
 4611  0 
 4612  1 
 4613  0 
 4614  0 
 4615  0 
 4616  0 
 4617  0 
 4618  0 
 4619  0 
 4620  0 
 4621  0 
 4622  0 
 4623  0 
 4624  0 
 4625  0 
 4626  0 
 4627  0 
 4628  0 
 4629  0 
 4630  0 
 4631  0 
 4632  0 
 4633  0 
 4634  0 
 4635  0 
 4636  0 
 4637  0 
 4638  0 
 4639  0 
 4640  0 
 4641  0 
 4642  0 
 4643  0 
 4644  0 
 4645  0 
 4646  0 
 4647  0 
 4648  0 
 4649  0 
 4650  0 
 4651  0 
 4652  0 
 4653  0 
 4654  0 
 4655  0 
 4656  0 
 4657  0 
 4658  0 
 4659  0 
 4660  0 
 4661  0 
 4662  0 
 4663  0 
 4664  0 
 4665  0 
 4666  0 
 4667  0 
 4668  0 
 4669  0 
 4670  0 
 4671  0 
 4672  0 
 4673  0 
 4674  0 
 4675  0 
 4676  0 
 4677  0 
 4678  0 
 4679  0 
 4680  0 
 4681  0 
 4682  0 
 4683  0 
 4684  0 
 4685  0 
 4686  0 
 4687  1 
 4688  0 
 4689  0 
 4690  0 
 4691  0 
 4692  0 
 4693  0 
 4694  0 
 4695  0 
 4696  0 
 4697  0 
 4698  0 
 4699  0 
 4700  0 
 4701  0 
 4702  0 
 4703  0 
 4704  0 
 4705  0 
 4706  0 
 4707  0 
 4708  0 
 4709  0 
 4710  0 
 4711  0 
 4712  0 
 4713  0 
 4714  0 
 4715  0 
 4716  0 
 4717  0 
 4718  0 
 4719  0 
 4720  0 
 4721  0 
 4722  0 
 4723  0 
 4724  0 
 4725  0 
 4726  0 
 4727  0 
 4728  0 
 4729  0 
 4730  0 
 4731  0 
 4732  0 
 4733  0 
 4734  0 
 4735  0 
 4736  0 
 4737  0 
 4738  0 
 4739  0 
 4740  0 
 4741  0 
 4742  0 
 4743  0 
 4744  0 
 4745  0 
 4746  0 
 4747  0 
 4748  0 
 4749  0 
 4750  0 
 4751  0 
 4752  0 
 4753  0 
 4754  0 
 4755  0 
 4756  0 
 4757  0 
 4758  0 
 4759  0 
 4760  0 
 4761  0 
 4762  0 
 4763  0 
 4764  0 
 4765  0 
 4766  0 
 4767  0 
 4768  0 
 4769  0 
 4770  0 
 4771  0 
 4772  0 
 4773  0 
 4774  0 
 4775  0 
 4776  0 
 4777  0 
 4778  0 
 4779  0 
 4780  0 
 4781  0 
 4782  0 
 4783  0 
 4784  0 
 4785  0 
 4786  0 
 4787  0 
 4788  0 
 4789  0 
 4790  0 
 4791  0 
 4792  0 
 4793  0 
 4794  0 
 4795  0 
 4796  0 
 4797  1 
 4798  0 
 4799  0 
 4800  1 
 4801  0 
 4802  0 
 4803  0 
 4804  1 
 4805  0 
 4806  0 
 4807  0 
 4808  0 
 4809  0 
 4810  0 
 4811  0 
 4812  0 
 4813  0 
 4814  0 
 4815  0 
 4816  0 
 4817  0 
 4818  0 
 4819  1 
 4820  0 
 4821  0 
 4822  0 
 4823  0 
 4824  0 
 4825  0 
 4826  0 
 4827  0 
 4828  0 
 4829  0 
 4830  0 
 4831  0 
 4832  0 
 4833  0 
 4834  0 
 4835  0 
 4836  0 
 4837  0 
 4838  0 
 4839  0 
 4840  0 
 4841  0 
 4842  0 
 4843  0 
 4844  0 
 4845  0 
 4846  0 
 4847  0 
 4848  0 
 4849  0 
 4850  0 
 4851  0 
 4852  0 
 4853  0 
 4854  0 
 4855  0 
 4856  0 
 4857  0 
 4858  0 
 4859  0 
 4860  0 
 4861  0 
 4862  0 
 4863  0 
 4864  0 
 4865  0 
 4866  0 
 4867  0 
 4868  0 
 4869  0 
 4870  0 
 4871  0 
 4872  0 
 4873  0 
 4874  0 
 4875  0 
 4876  0 
 4877  0 
 4878  0 
 4879  0 
 4880  0 
 4881  0 
 4882  0 
 4883  0 
 4884  0 
 4885  0 
 4886  1 
 4887  0 
 4888  0 
 4889  0 
 4890  0 
 4891  0 
 4892  0 
 4893  0 
 4894  0 
 4895  1 
 4896  0 
 4897  0 
 4898  0 
 4899  0 
 4900  0 
 4901  0 
 4902  0 
 4903  0 
 4904  0 
 4905  0 
 4906  0 
 4907  1 
 4908  0 
 4909  0 
 4910  0 
 4911  0 
 4912  0 
 4913  0 
 4914  0 
 4915  0 
 4916  0 
 4917  0 
 4918  0 
 4919  0 
 4920  0 
 4921  0 
 4922  0 
 4923  0 
 4924  0 
 4925  0 
 4926  0 
 4927  0 
 4928  0 
 4929  0 
 4930  0 
 4931  0 
 4932  0 
 4933  0 
 4934  0 
 4935  0 
 4936  0 
 4937  0 
 4938  0 
 4939  0 
 4940  0 
 4941  0 
 4942  0 
 4943  0 
 4944  0 
 4945  0 
 4946  0 
 4947  0 
 4948  0 
 4949  0 
 4950  0 
 4951  0 
 4952  0 
 4953  0 
 4954  0 
 4955  0 
 4956  0 
 4957  0 
 4958  0 
 4959  0 
 4960  0 
 4961  0 
 4962  0 
 4963  0 
 4964  0 
 4965  0 
 4966  0 
 4967  0 
 4968  0 
 4969  0 
 4970  0 
 4971  0 
 4972  0 
 4973  0 
 4974  0 
 4975  0 
 4976  0 
 4977  0 
 4978  0 
 4979  0 
 4980  0 
 4981  0 
 4982  0 
 4983  1 
 4984  0 
 4985  0 
 4986  0 
 4987  0 
 4988  0 
 4989  0 
 4990  0 
 4991  0 
 4992  0 
 4993  0 
 4994  0 
 4995  0 
 4996  0 
 4997  0 
 4998  1 
 4999  0 
 5000  0 
 5001  0 
 5002  0 
 5003  0 
 5004  0 
 5005  0 
 5006  0 
 5007  0 
 5008  0 
 5009  0 
 5010  0 
 5011  0 
 5012  0 
 5013  0 
 5014  0 
 5015  0 
 5016  0 
 5017  1 
 5018  0 
 5019  0 
 5020  0 
 5021  0 
 5022  0 
 5023  0 
 5024  0 
 5025  0 
 5026  0 
 5027  0 
 5028  0 
 5029  0 
 5030  0 
 5031  0 
 5032  1 
 5033  0 
 5034  0 
 5035  0 
 5036  0 
 5037  0 
 5038  0 
 5039  0 
 5040  0 
 5041  0 
 5042  0 
 5043  0 
 5044  0 
 5045  0 
 5046  0 
 5047  0 
 5048  0 
 5049  0 
 5050  0 
 5051  0 
 5052  0 
 5053  0 
 5054  0 
 5055  0 
 5056  1 
 5057  0 
 5058  0 
 5059  0 
 5060  0 
 5061  0 
 5062  0 
 5063  0 
 5064  0 
 5065  0 
 5066  0 
 5067  0 
 5068  0 
 5069  1 
 5070  0 
 5071  0 
 5072  0 
 5073  0 
 5074  0 
 5075  0 
 5076  0 
 5077  0 
 5078  1 
 5079  0 
 5080  1 
 5081  0 
 5082  0 
 5083  0 
 5084  0 
 5085  0 
 5086  0 
 5087  0 
 5088  0 
 5089  0 
 5090  0 
 5091  0 
 5092  0 
 5093  0 
 5094  0 
 5095  0 
 5096  0 
 5097  0 
 5098  0 
 5099  0 
 5100  0 
 5101  0 
 5102  0 
 5103  0 
 5104  0 
 5105  0 
 5106  0 
 5107  0 
 5108  0 
 5109  0 
 5110  0 
 5111  0 
 5112  0 
 5113  0 
 5114  0 
 5115  0 
 5116  0 
 5117  0 
 5118  0 
 5119  0 
 5120  0 
 5121  0 
 5122  0 
 5123  0 
 5124  0 
 5125  0 
 5126  0 
 5127  0 
 5128  1 
 5129  0 
 5130  0 
 5131  0 
 5132  0 
 5133  0 
 5134  0 
 5135  0 
 5136  0 
 5137  0 
 5138  0 
 5139  0 
 5140  0 
 5141  0 
 5142  0 
 5143  0 
 5144  0 
 5145  0 
 5146  0 
 5147  0 
 5148  0 
 5149  0 
 5150  0 
 5151  0 
 5152  0 
 5153  0 
 5154  0 
 5155  0 
 5156  0 
 5157  0 
 5158  0 
 5159  0 
 5160  0 
 5161  0 
 5162  0 
 5163  0 
 5164  0 
 5165  0 
 5166  0 
 5167  0 
 5168  0 
 5169  0 
 5170  0 
 5171  0 
 5172  0 
 5173  0 
 5174  0 
 5175  0 
 5176  0 
 5177  0 
 5178  0 
 5179  0 
 5180  1 
 5181  0 
 5182  0 
 5183  0 
 5184  0 
 5185  0 
 5186  0 
 5187  0 
 5188  0 
 5189  0 
 5190  0 
 5191  0 
 5192  1 
 5193  0 
 5194  0 
 5195  0 
 5196  0 
 5197  0 
 5198  0 
 5199  0 
 5200  0 
 5201  0 
 5202  0 
 5203  0 
 5204  0 
 5205  0 
 5206  0 
 5207  0 
 5208  0 
 5209  0 
 5210  0 
 5211  0 
 5212  0 
 5213  0 
 5214  0 
 5215  0 
 5216  0 
 5217  0 
 5218  0 
 5219  0 
 5220  0 
 5221  1 
 5222  0 
 5223  0 
 5224  0 
 5225  0 
 5226  0 
 5227  0 
 5228  0 
 5229  0 
 5230  0 
 5231  0 
 5232  0 
 5233  0 
 5234  0 
 5235  0 
 5236  0 
 5237  0 
 5238  0 
 5239  0 
 5240  0 
 5241  0 
 5242  0 
 5243  0 
 5244  0 
 5245  0 
 5246  0 
 5247  0 
 5248  0 
 5249  0 
 5250  0 
 5251  0 
 5252  0 
 5253  0 
 5254  0 
 5255  0 
 5256  0 
 5257  0 
 5258  0 
 5259  1 
 5260  0 
 5261  0 
 5262  0 
 5263  0 
 5264  0 
 5265  0 
 5266  0 
 5267  0 
 5268  0 
 5269  0 
 5270  0 
 5271  0 
 5272  0 
 5273  0 
 5274  0 
 5275  0 
 5276  0 
 5277  0 
 5278  0 
 5279  0 
 5280  0 
 5281  0 
 5282  0 
 5283  0 
 5284  0 
 5285  0 
 5286  0 
 5287  0 
 5288  0 
 5289  0 
 5290  0 
 5291  0 
 5292  0 
 5293  0 
 5294  0 
 5295  0 
 5296  0 
 5297  0 
 5298  0 
 5299  0 
 5300  0 
 5301  0 
 5302  0 
 5303  0 
 5304  0 
 5305  0 
 5306  0 
 5307  0 
 5308  0 
 5309  0 
 5310  0 
 5311  0 
 5312  0 
 5313  1 
 5314  0 
 5315  0 
 5316  0 
 5317  0 
 5318  0 
 5319  0 
 5320  0 
 5321  0 
 5322  0 
 5323  0 
 5324  0 
 5325  0 
 5326  0 
 5327  0 
 5328  1 
 5329  0 
 5330  0 
 5331  0 
 5332  0 
 5333  0 
 5334  0 
 5335  0 
 5336  0 
 5337  0 
 5338  0 
 5339  0 
 5340  0 
 5341  1 
 5342  1 
 5343  0 
 5344  0 
 5345  0 
 5346  0 
 5347  0 
 5348  0 
 5349  0 
 5350  0 
 5351  0 
 5352  0 
 5353  0 
 5354  0 
 5355  0 
 5356  0 
 5357  0 
 5358  0 
 5359  0 
 5360  0 
 5361  0 
 5362  0 
 5363  0 
 5364  0 
 5365  0 
 5366  0 
 5367  0 
 5368  1 
 5369  0 
 5370  0 
 5371  0 
 5372  0 
 5373  0 
 5374  0 
 5375  0 
 5376  1 
 5377  0 
 5378  0 
 5379  1 
 5380  0 
 5381  0 
 5382  0 
 5383  0 
 5384  0 
 5385  0 
 5386  0 
 5387  0 
 5388  0 
 5389  0 
 5390  0 
 5391  0 
 5392  0 
 5393  0 
 5394  0 
 5395  0 
 5396  1 
 5397  0 
 5398  0 
 5399  0 
 5400  0 
 5401  0 
 5402  0 
 5403  0 
 5404  1 
 5405  0 
 5406  1 
 5407  0 
 5408  0 
 5409  1 
 5410  0 
 5411  0 
 5412  0 
 5413  0 
 5414  0 
 5415  0 
 5416  0 
 5417  0 
 5418  0 
 5419  0 
 5420  0 
 5421  0 
 5422  0 
 5423  0 
 5424  0 
 5425  0 
 5426  0 
 5427  0 
 5428  0 
 5429  0 
 5430  0 
 5431  0 
 5432  0 
 5433  0 
 5434  0 
 5435  0 
 5436  0 
 5437  0 
 5438  0 
 5439  0 
 5440  0 
 5441  0 
 5442  0 
 5443  0 
 5444  0 
 5445  0 
 5446  1 
 5447  0 
 5448  0 
 5449  0 
 5450  0 
 5451  0 
 5452  1 
 5453  0 
 5454  0 
 5455  0 
 5456  0 
 5457  0 
 5458  0 
 5459  0 
 5460  1 
 5461  1 
 5462  0 
 5463  0 
 5464  0 
 5465  0 
 5466  0 
 5467  1 
 5468  0 
 5469  1 
 5470  0 
 5471  0 
 5472  0 
 5473  2 
 5474  0 
 5475  0 
 5476  1 
 5477  0 
 5478  0 
 5479  1 
 5480  0 
 5481  0 
 5482  1 
 5483  0 
 5484  0 
 5485  0 
 5486  0 
 5487  1 
 5488  0 
 5489  0 
 5490  0 
 5491  0 
 5492  0 
 5493  0 
 5494  0 
 5495  1 
 5496  0 
 5497  0 
 5498  0 
 5499  1 
 5500  0 
 5501  0 
 5502  0 
 5503  1 
 5504  0 
 5505  3 
 5506  0 
 5507  0 
 5508  0 
 5509  0 
 5510  0 
 5511  1 
 5512  0 
 5513  0 
 5514  1 
 5515  0 
 5516  1 
 5517  2 
 5518  0 
 5519  0 
 5520  0 
 5521  0 
 5522  0 
 5523  0 
 5524  0 
 5525  0 
 5526  0 
 5527  0 
 5528  0 
 5529  0 
 5530  0 
 5531  0 
 5532  1 
 5533  0 
 5534  0 
 5535  0 
 5536  0 
 5537  2 
 5538  0 
 5539  0 
 5540  0 
 5541  0 
 5542  0 
 5543  1 
 5544  1 
 5545  0 
 5546  0 
 5547  0 
 5548  1 
 5549  0 
 5550  0 
 5551  0 
 5552  0 
 5553  0 
 5554  0 
 5555  1 
 5556  0 
 5557  0 
 5558  2 
 5559  2 
 5560  0 
 5561  0 
 5562  0 
 5563  1 
 5564  0 
 5565  0 
 5566  0 
 5567  0 
 5568  0 
 5569  0 
 5570  1 
 5571  0 
 5572  0 
 5573  0 
 5574  0 
 5575  0 
 5576  0 
 5577  1 
 5578  0 
 5579  0 
 5580  0 
 5581  1 
 5582  0 
 5583  0 
 5584  1 
 5585  0 
 5586  0 
 5587  0 
 5588  0 
 5589  0 
 5590  0 
 5591  1 
 5592  0 
 5593  0 
 5594  0 
 5595  1 
 5596  1 
 5597  0 
 5598  2 
 5599  1 
 5600  0 
 5601  0 
 5602  0 
 5603  0 
 5604  1 
 5605  0 
 5606  0 
 5607  0 
 5608  0 
 5609  0 
 5610  0 
 5611  0 
 5612  0 
 5613  0 
 5614  0 
 5615  0 
 5616  1 
 5617  0 
 5618  0 
 5619  0 
 5620  0 
 5621  1 
 5622  0 
 5623  0 
 5624  0 
 5625  0 
 5626  1 
 5627  0 
 5628  0 
 5629  1 
 5630  0 
 5631  0 
 5632  0 
 5633  1 
 5634  0 
 5635  1 
 5636  1 
 5637  1 
 5638  0 
 5639  1 
 5640  0 
 5641  0 
 5642  1 
 5643  0 
 5644  0 
 5645  1 
 5646  0 
 5647  0 
 5648  0 
 5649  0 
 5650  0 
 5651  0 
 5652  0 
 5653  0 
 5654  1 
 5655  0 
 5656  0 
 5657  0 
 5658  0 
 5659  0 
 5660  0 
 5661  0 
 5662  0 
 5663  0 
 5664  2 
 5665  0 
 5666  0 
 5667  1 
 5668  0 
 5669  0 
 5670  0 
 5671  1 
 5672  0 
 5673  1 
 5674  0 
 5675  0 
 5676  0 
 5677  0 
 5678  1 
 5679  0 
 5680  0 
 5681  0 
 5682  0 
 5683  0 
 5684  0 
 5685  0 
 5686  0 
 5687  0 
 5688  0 
 5689  0 
 5690  0 
 5691  1 
 5692  0 
 5693  0 
 5694  0 
 5695  1 
 5696  0 
 5697  0 
 5698  0 
 5699  0 
 5700  0 
 5701  0 
 5702  0 
 5703  0 
 5704  0 
 5705  0 
 5706  0 
 5707  0 
 5708  0 
 5709  0 
 5710  0 
 5711  0 
 5712  0 
 5713  0 
 5714  0 
 5715  0 
 5716  0 
 5717  0 
 5718  0 
 5719  0 
 5720  0 
 5721  0 
 5722  0 
 5723  0 
 5724  0 
 5725  0 
 5726  0 
 5727  0 
 5728  0 
 5729  0 
 5730  0 
 5731  0 
 5732  0 
 5733  0 
 5734  0 
 5735  0 
 5736  0 
 5737  0 
 5738  1 
 5739  1 
 5740  0 
 5741  0 
 5742  0 
 5743  0 
 5744  0 
 5745  0 
 5746  0 
 5747  0 
 5748  0 
 5749  0 
 5750  0 
 5751  0 
 5752  0 
 5753  0 
 5754  0 
 5755  0 
 5756  0 
 5757  0 
 5758  0 
 5759  0 
 5760  0 
 5761  0 
 5762  0 
 5763  0 
 5764  0 
 5765  0 
 5766  0 
 5767  0 
 5768  0 
 5769  0 
 5770  0 
 5771  0 
 5772  0 
 5773  0 
 5774  0 
 5775  0 
 5776  0 
 5777  0 
 5778  0 
 5779  0 
 5780  0 
 5781  0 
 5782  0 
 5783  0 
 5784  0 
 5785  0 
 5786  0 
 5787  0 
 5788  0 
 5789  0 
 5790  0 
 5791  0 
 5792  0 
 5793  0 
 5794  0 
 5795  0 
 5796  0 
 5797  0 
 5798  0 
 5799  0 
 5800  0 
 5801  0 
 5802  0 
 5803  0 
 5804  0 
 5805  1 
 5806  0 
 5807  0 
 5808  0 
 5809  0 
 5810  0 
 5811  0 
 5812  0 
 5813  0 
 5814  0 
 5815  0 
 5816  0 
 5817  0 
 5818  0 
 5819  0 
 5820  0 
 5821  0 
 5822  0 
 5823  0 
 5824  0 
 5825  0 
 5826  0 
 5827  0 
 5828  0 
 5829  0 
 5830  0 
 5831  0 
 5832  0 
 5833  0 
 5834  0 
 5835  0 
 5836  0 
 5837  0 
 5838  0 
 5839  0 
 5840  0 
 5841  0 
 5842  0 
 5843  0 
 5844  0 
 5845  0 
 5846  0 
 5847  0 
 5848  0 
 5849  0 
 5850  0 
 5851  0 
 5852  0 
 5853  0 
 5854  0 
 5855  0 
 5856  0 
 5857  0 
 5858  0 
 5859  0 
 5860  0 
 5861  0 
 5862  0 
 5863  0 
 5864  0 
 5865  0 
 5866  0 
 5867  0 
 5868  1 
 5869  1 
 5870  0 
 5871  0 
 5872  0 
 5873  0 
 5874  0 
 5875  0 
 5876  0 
 5877  0 
 5878  0 
 5879  0 
 5880  1 
 5881  0 
 5882  0 
 5883  0 
 5884  0 
 5885  0 
 5886  0 
 5887  0 
 5888  0 
 5889  0 
 5890  0 
 5891  0 
 5892  0 
 5893  0 
 5894  0 
 5895  0 
 5896  0 
 5897  0 
 5898  0 
 5899  0 
 5900  0 
 5901  0 
 5902  0 
 5903  0 
 5904  0 
 5905  0 
 5906  0 
 5907  0 
 5908  0 
 5909  0 
 5910  0 
 5911  0 
 5912  1 
 5913  0 
 5914  0 
 5915  0 
 5916  0 
 5917  0 
 5918  0 
 5919  0 
 5920  0 
 5921  0 
 5922  0 
 5923  0 
 5924  0 
 5925  0 
 5926  0 
 5927  0 
 5928  0 
 5929  0 
 5930  0 
 5931  0 
 5932  0 
 5933  0 
 5934  0 
 5935  0 
 5936  0 
 5937  0 
 5938  0 
 5939  0 
 5940  0 
 5941  0 
 5942  0 
 5943  0 
 5944  0 
 5945  0 
 5946  0 
 5947  0 
 5948  0 
 5949  0 
 5950  0 
 5951  0 
 5952  0 
 5953  0 
 5954  0 
 5955  0 
 5956  0 
 5957  0 
 5958  0 
 5959  0 
 5960  1 
 5961  0 
 5962  0 
 5963  0 
 5964  0 
 5965  0 
 5966  0 
 5967  0 
 5968  0 
 5969  0 
 5970  0 
 5971  0 
 5972  0 
 5973  0 
 5974  0 
 5975  0 
 5976  0 
 5977  0 
 5978  0 
 5979  0 
 5980  0 
 5981  0 
 5982  0 
 5983  0 
 5984  0 
 5985  0 
 5986  0 
 5987  0 
 5988  0 
 5989  0 
 5990  0 
 5991  0 
 5992  0 
 5993  0 
 5994  0 
 5995  0 
 5996  0 
 5997  0 
 5998  0 
 5999  0 
 6000  0 
 6001  0 
 6002  0 
 6003  0 
 6004  0 
 6005  0 
 6006  0 
 6007  0 
 6008  1 
 6009  0 
 6010  0 
 6011  0 
 6012  0 
 6013  0 
 6014  0 
 6015  0 
 6016  0 
 6017  0 
 6018  0 
 6019  0 
 6020  0 
 6021  0 
 6022  0 
 6023  0 
 6024  0 
 6025  0 
 6026  0 
 6027  0 
 6028  0 
 6029  0 
 6030  0 
 6031  0 
 6032  0 
 6033  0 
 6034  0 
 6035  0 
 6036  0 
 6037  0 
 6038  0 
 6039  0 
 6040  0 
 6041  0 
 6042  0 
 6043  0 
 6044  0 
 6045  0 
 6046  0 
 6047  0 
 6048  0 
 6049  0 
 6050  0 
 6051  0 
 6052  0 
 6053  0 
 6054  0 
 6055  0 
 6056  0 
 6057  0 
 6058  0 
 6059  0 
 6060  0 
 6061  0 
 6062  0 
 6063  0 
 6064  0 
 6065  0 
 6066  1 
 6067  0 
 6068  0 
 6069  0 
 6070  0 
 6071  0 
 6072  0 
 6073  0 
 6074  0 
 6075  0 
 6076  0 
 6077  0 
 6078  0 
 6079  0 
 6080  0 
 6081  0 
 6082  0 
 6083  0 
 6084  0 
 6085  0 
 6086  0 
 6087  0 
 6088  0 
 6089  0 
 6090  0 
 6091  0 
 6092  0 
 6093  0 
 6094  0 
 6095  0 
 6096  0 
 6097  0 
 6098  0 
 6099  0 
 6100  0 
 6101  0 
 6102  0 
 6103  0 
 6104  0 
 6105  0 
 6106  0 
 6107  0 
 6108  0 
 6109  0 
 6110  0 
 6111  0 
 6112  1 
 6113  0 
 6114  0 
 6115  0 
 6116  0 
 6117  1 
 6118  0 
 6119  0 
 6120  0 
 6121  0 
 6122  0 
 6123  0 
 6124  1 
 6125  0 
 6126  1 
 6127  0 
 6128  0 
 6129  0 
 6130  0 
 6131  0 
 6132  0 
 6133  0 
 6134  0 
 6135  0 
 6136  0 
 6137  0 
 6138  0 
 6139  0 
 6140  0 
 6141  0 
 6142  0 
 6143  0 
 6144  0 
 6145  0 
 6146  0 
 6147  1 
 6148  0 
 6149  0 
 6150  0 
 6151  0 
 6152  0 
 6153  0 
 6154  0 
 6155  0 
 6156  0 
 6157  0 
 6158  0 
 6159  0 
 6160  0 
 6161  0 
 6162  0 
 6163  0 
 6164  0 
 6165  0 
 6166  0 
 6167  0 
 6168  0 
 6169  0 
 6170  0 
 6171  0 
 6172  1 
 6173  0 
 6174  0 
 6175  0 
 6176  0 
 6177  0 
 6178  0 
 6179  0 
 6180  0 
 6181  0 
 6182  0 
 6183  0 
 6184  0 
 6185  0 
 6186  0 
 6187  1 
 6188  0 
 6189  0 
 6190  0 
 6191  0 
 6192  0 
 6193  0 
 6194  0 
 6195  0 
 6196  0 
 6197  0 
 6198  0 
 6199  0 
 6200  0 
 6201  0 
 6202  0 
 6203  0 
 6204  0 
 6205  0 
 6206  0 
 6207  0 
 6208  0 
 6209  0 
 6210  0 
 6211  0 
 6212  0 
 6213  0 
 6214  0 
 6215  0 
 6216  0 
 6217  0 
 6218  0 
 6219  0 
 6220  0 
 6221  0 
 6222  0 
 6223  0 
 6224  0 
 6225  0 
 6226  0 
 6227  0 
 6228  0 
 6229  0 
 6230  0 
 6231  0 
 6232  1 
 6233  0 
 6234  0 
 6235  0 
 6236  0 
 6237  0 
 6238  0 
 6239  0 
 6240  0 
 6241  0 
 6242  0 
 6243  0 
 6244  0 
 6245  0 
 6246  0 
 6247  0 
 6248  0 
 6249  0 
 6250  0 
 6251  0 
 6252  0 
 6253  0 
 6254  0 
 6255  0 
 6256  0 
 6257  0 
 6258  0 
 6259  0 
 6260  0 
 6261  0 
 6262  0 
 6263  0 
 6264  0 
 6265  0 
 6266  0 
 6267  0 
 6268  0 
 6269  0 
 6270  0 
 6271  1 
 6272  0 
 6273  0 
 6274  0 
 6275  0 
 6276  0 
 6277  0 
 6278  0 
 6279  0 
 6280  0 
 6281  0 
 6282  0 
 6283  0 
 6284  0 
 6285  1 
 6286  0 
 6287  0 
 6288  0 
 6289  0 
 6290  0 
 6291  0 
 6292  0 
 6293  0 
 6294  0 
 6295  0 
 6296  0 
 6297  0 
 6298  0 
 6299  0 
 6300  0 
 6301  0 
 6302  0 
 6303  0 
 6304  0 
 6305  0 
 6306  0 
 6307  0 
 6308  0 
 6309  0 
 6310  0 
 6311  0 
 6312  0 
 6313  0 
 6314  0 
 6315  0 
 6316  0 
 6317  0 
 6318  0 
 6319  0 
 6320  0 
 6321  0 
 6322  0 
 6323  0 
 6324  0 
 6325  0 
 6326  0 
 6327  0 
 6328  0 
 6329  0 
 6330  0 
 6331  0 
 6332  0 
 6333  0 
 6334  0 
 6335  0 
 6336  0 
 6337  0 
 6338  0 
 6339  0 
 6340  0 
 6341  0 
 6342  0 
 6343  0 
 6344  0 
 6345  0 
 6346  0 
 6347  0 
 6348  0 
 6349  0 
 6350  0 
 6351  0 
 6352  0 
 6353  0 
 6354  0 
 6355  0 
 6356  0 
 6357  0 
 6358  0 
 6359  0 
 6360  0 
 6361  0 
 6362  0 
 6363  0 
 6364  0 
 6365  0 
 6366  0 
 6367  0 
 6368  0 
 6369  0 
 6370  0 
 6371  0 
 6372  0 
 6373  0 
 6374  0 
 6375  0 
 6376  0 
 6377  0 
 6378  0 
 6379  0 
 6380  0 
 6381  0 
 6382  0 
 6383  0 
 6384  0 
 6385  0 
 6386  0 
 6387  0 
 6388  0 
 6389  0 
 6390  0 
 6391  0 
 6392  0 
 6393  0 
 6394  0 
 6395  1 
 6396  0 
 6397  0 
 6398  0 
 6399  0 
 6400  0 
 6401  0 
 6402  0 
 6403  0 
 6404  0 
 6405  0 
 6406  0 
 6407  0 
 6408  0 
 6409  0 
 6410  0 
 6411  0 
 6412  0 
 6413  0 
 6414  0 
 6415  0 
 6416  0 
 6417  0 
 6418  0 
 6419  0 
 6420  0 
 6421  0 
 6422  0 
 6423  0 
 6424  0 
 6425  0 
 6426  0 
 6427  0 
 6428  0 
 6429  0 
 6430  0 
 6431  0 
 6432  0 
 6433  0 
 6434  0 
 6435  1 
 6436  0 
 6437  0 
 6438  0 
 6439  0 
 6440  0 
 6441  0 
 6442  0 
 6443  0 
 6444  0 
 6445  0 
 6446  0 
 6447  0 
 6448  0 
 6449  0 
 6450  0 
 6451  0 
 6452  0 
 6453  0 
 6454  1 
 6455  0 
 6456  0 
 6457  0 
 6458  0 
 6459  0 
 6460  0 
 6461  0 
 6462  0 
 6463  0 
 6464  0 
 6465  0 
 6466  0 
 6467  0 
 6468  0 
 6469  0 
 6470  0 
 6471  0 
 6472  0 
 6473  0 
 6474  0 
 6475  0 
 6476  0 
 6477  0 
 6478  0 
 6479  0 
 6480  0 
 6481  0 
 6482  0 
 6483  0 
 6484  0 
 6485  0 
 6486  0 
 6487  0 
 6488  0 
 6489  0 
 6490  0 
 6491  0 
 6492  0 
 6493  0 
 6494  0 
 6495  0 
 6496  0 
 6497  0 
 6498  0 
 6499  0 
 6500  0 
 6501  0 
 6502  0 
 6503  0 
 6504  0 
 6505  0 
 6506  0 
 6507  0 
 6508  0 
 6509  0 
 6510  0 
 6511  0 
 6512  0 
 6513  0 
 6514  0 
 6515  0 
 6516  0 
 6517  0 
 6518  0 
 6519  0 
 6520  0 
 6521  0 
 6522  0 
 6523  0 
 6524  0 
 6525  0 
 6526  0 
 6527  0 
 6528  0 
 6529  0 
 6530  0 
 6531  0 
 6532  0 
 6533  0 
 6534  0 
 6535  0 
 6536  0 
 6537  0 
 6538  0 
 6539  0 
 6540  0 
 6541  0 
 6542  0 
 6543  0 
 6544  0 
 6545  0 
 6546  0 
 6547  0 
 6548  0 
 6549  0 
 6550  0 
 6551  0 
 6552  0 
 6553  0 
 6554  0 
 6555  0 
 6556  0 
 6557  0 
 6558  0 
 6559  0 
 6560  0 
 6561  0 
 6562  0 
 6563  0 
 6564  0 
 6565  0 
 6566  0 
 6567  0 
 6568  0 
 6569  1 
 6570  0 
 6571  0 
 6572  0 
 6573  0 
 6574  0 
 6575  0 
 6576  0 
 6577  0 
 6578  1 
 6579  0 
 6580  0 
 6581  0 
 6582  0 
 6583  0 
 6584  0 
 6585  0 
 6586  0 
 6587  0 
 6588  0 
 6589  0 
 6590  0 
 6591  0 
 6592  0 
 6593  0 
 6594  0 
 6595  0 
 6596  0 
 6597  0 
 6598  0 
 6599  0 
 6600  1 
 6601  0 
 6602  0 
 6603  0 
 6604  0 
 6605  0 
 6606  0 
 6607  0 
 6608  0 
 6609  0 
 6610  0 
 6611  0 
 6612  0 
 6613  0 
 6614  0 
 6615  0 
 6616  1 
 6617  0 
 6618  0 
 6619  0 
 6620  0 
 6621  0 
 6622  0 
 6623  0 
 6624  0 
 6625  0 
 6626  0 
 6627  0 
 6628  0 
 6629  0 
 6630  0 
 6631  0 
 6632  0 
 6633  0 
 6634  0 
 6635  0 
 6636  0 
 6637  0 
 6638  0 
 6639  0 
 6640  0 
 6641  0 
 6642  0 
 6643  0 
 6644  0 
 6645  0 
 6646  0 
 6647  0 
 6648  0 
 6649  0 
 6650  0 
 6651  0 
 6652  0 
 6653  0 
 6654  0 
 6655  0 
 6656  0 
 6657  0 
 6658  0 
 6659  0 
 6660  0 
 6661  0 
 6662  0 
 6663  0 
 6664  0 
 6665  0 
 6666  0 
 6667  0 
 6668  0 
 6669  0 
 6670  0 
 6671  0 
 6672  0 
 6673  0 
 6674  0 
 6675  0 
 6676  0 
 6677  0 
 6678  0 
 6679  1 
 6680  0 
 6681  0 
 6682  0 
 6683  0 
 6684  0 
 6685  0 
 6686  0 
 6687  0 
 6688  0 
 6689  0 
 6690  0 
 6691  0 
 6692  0 
 6693  0 
 6694  1 
 6695  0 
 6696  0 
 6697  0 
 6698  0 
 6699  0 
 6700  0 
 6701  0 
 6702  0 
 6703  0 
 6704  0 
 6705  0 
 6706  0 
 6707  0 
 6708  0 
 6709  0 
 6710  0 
 6711  0 
 6712  0 
 6713  0 
 6714  0 
 6715  0 
 6716  0 
 6717  0 
 6718  0 
 6719  0 
 6720  0 
 6721  0 
 6722  0 
 6723  0 
 6724  0 
 6725  0 
 6726  0 
 6727  0 
 6728  0 
 6729  0 
 6730  0 
 6731  0 
 6732  0 
 6733  0 
 6734  1 
 6735  0 
 6736  0 
 6737  0 
 6738  0 
 6739  0 
 6740  0 
 6741  0 
 6742  0 
 6743  0 
 6744  0 
 6745  0 
 6746  0 
 6747  0 
 6748  0 
 6749  0 
 6750  0 
 6751  0 
 6752  0 
 6753  0 
 6754  0 
 6755  0 
 6756  0 
 6757  0 
 6758  0 
 6759  0 
 6760  0 
 6761  0 
 6762  0 
 6763  1 
 6764  0 
 6765  0 
 6766  0 
 6767  0 
 6768  0 
 6769  0 
 6770  0 
 6771  0 
 6772  0 
 6773  0 
 6774  0 
 6775  0 
 6776  0 
 6777  0 
 6778  0 
 6779  0 
 6780  0 
 6781  0 
 6782  0 
 6783  0 
 6784  0 
 6785  0 
 6786  0 
 6787  0 
 6788  0 
 6789  0 
 6790  0 
 6791  0 
 6792  0 
 6793  0 
 6794  0 
 6795  0 
 6796  0 
 6797  0 
 6798  0 
 6799  0 
 6800  0 
 6801  0 
 6802  0 
 6803  0 
 6804  0 
 6805  0 
 6806  0 
 6807  0 
 6808  0 
 6809  0 
 6810  0 
 6811  0 
 6812  0 
 6813  0 
 6814  0 
 6815  0 
 6816  0 
 6817  0 
 6818  0 
 6819  1 
 6820  0 
 6821  0 
 6822  0 
 6823  0 
 6824  0 
 6825  0 
 6826  0 
 6827  0 
 6828  0 
 6829  0 
 6830  0 
 6831  0 
 6832  0 
 6833  0 
 6834  0 
 6835  0 
 6836  0 
 6837  0 
 6838  0 
 6839  0 
 6840  0 
 6841  0 
 6842  0 
 6843  0 
 6844  0 
 6845  0 
 6846  0 
 6847  0 
 6848  0 
 6849  0 
 6850  0 
 6851  0 
 6852  0 
 6853  0 
 6854  0 
 6855  0 
 6856  0 
 6857  0 
 6858  0 
 6859  0 
 6860  0 
 6861  0 
 6862  0 
 6863  0 
 6864  0 
 6865  0 
 6866  0 
 6867  0 
 6868  0 
 6869  0 
 6870  0 
 6871  0 
 6872  0 
 6873  1 
 6874  0 
 6875  0 
 6876  0 
 6877  0 
 6878  0 
 6879  0 
 6880  0 
 6881  0 
 6882  0 
 6883  0 
 6884  0 
 6885  0 
 6886  0 
 6887  0 
 6888  0 
 6889  0 
 6890  0 
 6891  0 
 6892  0 
 6893  0 
 6894  0 
 6895  0 
 6896  0 
 6897  0 
 6898  0 
 6899  0 
 6900  0 
 6901  0 
 6902  0 
 6903  0 
 6904  0 
 6905  0 
 6906  0 
 6907  0 
 6908  0 
 6909  0 
 6910  0 
 6911  0 
 6912  0 
 6913  0 
 6914  0 
 6915  0 
 6916  0 
 6917  0 
 6918  0 
 6919  0 
 6920  0 
 6921  0 
 6922  0 
 6923  0 
 6924  0 
 6925  0 
 6926  0 
 6927  0 
 6928  0 
 6929  0 
 6930  0 
 6931  0 
 6932  0 
 6933  0 
 6934  0 
 6935  0 
 6936  0 
 6937  0 
 6938  0 
 6939  0 
 6940  0 
 6941  0 
 6942  0 
 6943  0 
 6944  0 
 6945  0 
 6946  0 
 6947  0 
 6948  1 
 6949  0 
 6950  0 
 6951  0 
 6952  0 
 6953  0 
 6954  0 
 6955  0 
 6956  0 
 6957  0 
 6958  0 
 6959  0 
 6960  0 
 6961  0 
 6962  0 
 6963  0 
 6964  0 
 6965  0 
 6966  0 
 6967  0 
 6968  0 
 6969  0 
 6970  0 
 6971  0 
 6972  0 
 6973  0 
 6974  0 
 6975  0 
 6976  0 
 6977  0 
 6978  0 
 6979  0 
 6980  0 
 6981  0 
 6982  0 
 6983  1 
 6984  0 
 6985  0 
 6986  0 
 6987  0 
 6988  0 
 6989  0 
 6990  0 
 6991  0 
 6992  0 
 6993  1 
 6994  0 
 6995  0 
 6996  0 
 6997  0 
 6998  1 
 6999  0 
 7000  0 
 7001  0 
 7002  0 
 7003  0 
 7004  0 
 7005  0 
 7006  0 
 7007  1 
 7008  1 
 7009  0 
 7010  0 
 7011  0 
 7012  1 
 7013  0 
 7014  0 
 7015  0 
 7016  0 
 7017  0 
 7018  0 
 7019  0 
 7020  0 
 7021  0 
 7022  0 
 7023  0 
 7024  0 
 7025  0 
 7026  0 
 7027  0 
 7028  0 
 7029  0 
 7030  0 
 7031  0 
 7032  0 
 7033  0 
 7034  1 
 7035  0 
 7036  0 
 7037  0 
 7038  0 
 7039  0 
 7040  0 
 7041  0 
 7042  0 
 7043  0 
 7044  0 
 7045  0 
 7046  0 
 7047  0 
 7048  0 
 7049  0 
 7050  0 
 7051  0 
 7052  0 
 7053  0 
 7054  0 
 7055  1 
 7056  0 
 7057  0 
 7058  0 
 7059  0 
 7060  0 
 7061  0 
 7062  0 
 7063  0 
 7064  0 
 7065  0 
 7066  0 
 7067  0 
 7068  1 
 7069  0 
 7070  0 
 7071  0 
 7072  0 
 7073  0 
 7074  1 
 7075  0 
 7076  0 
 7077  0 
 7078  0 
 7079  0 
 7080  0 
 7081  0 
 7082  0 
 7083  0 
 7084  1 
 7085  0 
 7086  0 
 7087  0 
 7088  0 
 7089  0 
 7090  0 
 7091  0 
 7092  0 
 7093  0 
 7094  0 
 7095  0 
 7096  0 
 7097  0 
 7098  0 
 7099  0 
 7100  0 
 7101  0 
 7102  0 
 7103  0 
 7104  0 
 7105  0 
 7106  0 
 7107  0 
 7108  0 
 7109  1 
 7110  0 
 7111  0 
 7112  0 
 7113  0 
 7114  0 
 7115  0 
 7116  0 
 7117  0 
 7118  0 
 7119  0 
 7120  0 
 7121  0 
 7122  0 
 7123  0 
 7124  0 
 7125  0 
 7126  0 
 7127  0 
 7128  0 
 7129  0 
 7130  0 
 7131  0 
 7132  0 
 7133  0 
 7134  0 
 7135  0 
 7136  0 
 7137  0 
 7138  0 
 7139  0 
 7140  0 
 7141  0 
 7142  0 
 7143  0 
 7144  0 
 7145  2 
 7146  0 
 7147  0 
 7148  0 
 7149  0 
 7150  0 
 7151  0 
 7152  0 
 7153  0 
 7154  0 
 7155  0 
 7156  0 
 7157  0 
 7158  0 
 7159  0 
 7160  0 
 7161  0 
 7162  0 
 7163  0 
 7164  0 
 7165  0 
 7166  1 
 7167  0 
 7168  0 
 7169  2 
 7170  0 
 7171  1 
 7172  1 
 7173  0 
 7174  0 
 7175  0 
 7176  0 
 7177  0 
 7178  0 
 7179  0 
 7180  0 
 7181  0 
 7182  0 
 7183  0 
 7184  0 
 7185  0 
 7186  1 
 7187  1 
 7188  0 
 7189  0 
 7190  2 
 7191  0 
 7192  0 
 7193  0 
 7194  1 
 7195  1 
 7196  0 
 7197  1 
 7198  0 
 7199  0 
 7200  0 
 7201  0 
 7202  0 
 7203  0 
 7204  0 
 7205  0 
 7206  0 
 7207  0 
 7208  0 
 7209  0 
 7210  0 
 7211  0 
 7212  1 
 7213  0 
 7214  0 
 7215  1 
 7216  0 
 7217  1 
 7218  1 
 7219  0 
 7220  0 
 7221  0 
 7222  0 
 7223  1 
 7224  1 
 7225  0 
 7226  0 
 7227  0 
 7228  0 
 7229  0 
 7230  0 
 7231  0 
 7232  0 
 7233  0 
 7234  1 
 7235  0 
 7236  0 
 7237  0 
 7238  0 
 7239  0 
 7240  0 
 7241  0 
 7242  1 
 7243  0 
 7244  0 
 7245  1 
 7246  1 
 7247  0 
 7248  0 
 7249  0 
 7250  0 
 7251  1 
 7252  0 
 7253  0 
 7254  0 
 7255  0 
 7256  0 
 7257  2 
 7258  1 
 7259  0 
 7260  0 
 7261  0 
 7262  0 
 7263  1 
 7264  2 
 7265  0 
 7266  0 
 7267  1 
 7268  1 
 7269  3 
 7270  1 
 7271  0 
 7272  0 
 7273  0 
 7274  0 
 7275  1 
 7276  1 
 7277  0 
 7278  0 
 7279  1 
 7280  0 
 7281  1 
 7282  0 
 7283  0 
 7284  0 
 7285  0 
 7286  0 
 7287  0 
 7288  0 
 7289  1 
 7290  1 
 7291  1 
 7292  1 
 7293  0 
 7294  0 
 7295  0 
 7296  0 
 7297  0 
 7298  0 
 7299  0 
 7300  2 
 7301  0 
 7302  1 
 7303  1 
 7304  1 
 7305  1 
 7306  1 
 7307  1 
 7308  0 
 7309  0 
 7310  0 
 7311  2 
 7312  2 
 7313  0 
 7314  1 
 7315  2 
 7316  0 
 7317  1 
 7318  0 
 7319  0 
 7320  0 
 7321  0 
 7322  1 
 7323  0 
 7324  1 
 7325  1 
 7326  0 
 7327  0 
 7328  1 
 7329  0 
 7330  1 
 7331  0 
 7332  0 
 7333  1 
 7334  1 
 7335  1 
 7336  0 
 7337  0 
 7338  0 
 7339  0 
 7340  0 
 7341  1 
 7342  0 
 7343  1 
 7344  0 
 7345  0 
 7346  0 
 7347  0 
 7348  1 
 7349  1 
 7350  0 
 7351  0 
 7352  1 
 7353  0 
 7354  1 
 7355  0 
 7356  1 
 7357  1 
 7358  0 
 7359  0 
 7360  2 
 7361  0 
 7362  0 
 7363  0 
 7364  1 
 7365  0 
 7366  0 
 7367  0 
 7368  0 
 7369  0 
 7370  1 
 7371  0 
 7372  2 
 7373  0 
 7374  0 
 7375  1 
 7376  0 
 7377  0 
 7378  0 
 7379  0 
 7380  0 
 7381  1 
 7382  0 
 7383  0 
 7384  0 
 7385  0 
 7386  0 
 7387  0 
 7388  0 
 7389  0 
 7390  0 
 7391  0 
 7392  0 
 7393  2 
 7394  0 
 7395  0 
 7396  0 
 7397  0 
 7398  0 
 7399  0 
 7400  0 
 7401  0 
 7402  0 
 7403  1 
 7404  0 
 7405  0 
 7406  0 
 7407  0 
 7408  0 
 7409  0 
 7410  0 
 7411  0 
 7412  0 
 7413  0 
 7414  0 
 7415  1 
 7416  0 
 7417  0 
 7418  0 
 7419  0 
 7420  0 
 7421  0 
 7422  0 
 7423  0 
 7424  0 
 7425  0 
 7426  0 
 7427  0 
 7428  0 
 7429  0 
 7430  0 
 7431  0 
 7432  0 
 7433  0 
 7434  0 
 7435  0 
 7436  0 
 7437  0 
 7438  0 
 7439  0 
 7440  0 
 7441  0 
 7442  0 
 7443  0 
 7444  0 
 7445  0 
 7446  0 
 7447  0 
 7448  0 
 7449  0 
 7450  0 
 7451  0 
 7452  0 
 7453  0 
 7454  0 
 7455  0 
 7456  0 
 7457  0 
 7458  0 
 7459  0 
 7460  0 
 7461  0 
 7462  0 
 7463  0 
 7464  0 
 7465  0 
 7466  0 
 7467  0 
 7468  0 
 7469  0 
 7470  0 
 7471  0 
 7472  0 
 7473  0 
 7474  0 
 7475  0 
 7476  0 
 7477  0 
 7478  0 
 7479  0 
 7480  0 
 7481  0 
 7482  0 
 7483  0 
 7484  0 
 7485  1 
 7486  0 
 7487  0 
 7488  0 
 7489  0 
 7490  0 
 7491  0 
 7492  0 
 7493  0 
 7494  0 
 7495  0 
 7496  1 
 7497  0 
 7498  0 
 7499  0 
 7500  0 
 7501  0 
 7502  0 
 7503  0 
 7504  0 
 7505  0 
 7506  0 
 7507  0 
 7508  0 
 7509  0 
 7510  0 
 7511  0 
 7512  0 
 7513  0 
 7514  0 
 7515  1 
 7516  0 
 7517  0 
 7518  0 
 7519  0 
 7520  0 
 7521  0 
 7522  0 
 7523  0 
 7524  0 
 7525  0 
 7526  0 
 7527  0 
 7528  0 
 7529  0 
 7530  0 
 7531  0 
 7532  0 
 7533  0 
 7534  0 
 7535  0 
 7536  0 
 7537  0 
 7538  0 
 7539  0 
 7540  0 
 7541  0 
 7542  0 
 7543  0 
 7544  0 
 7545  0 
 7546  0 
 7547  0 
 7548  0 
 7549  0 
 7550  0 
 7551  0 
 7552  0 
 7553  0 
 7554  0 
 7555  0 
 7556  0 
 7557  0 
 7558  0 
 7559  0 
 7560  0 
 7561  0 
 7562  0 
 7563  0 
 7564  0 
 7565  0 
 7566  0 
 7567  0 
 7568  0 
 7569  0 
 7570  1 
 7571  0 
 7572  0 
 7573  0 
 7574  0 
 7575  0 
 7576  0 
 7577  0 
 7578  0 
 7579  0 
 7580  0 
 7581  0 
 7582  0 
 7583  0 
 7584  0 
 7585  0 
 7586  0 
 7587  0 
 7588  0 
 7589  1 
 7590  1 
 7591  0 
 7592  0 
 7593  0 
 7594  0 
 7595  0 
 7596  0 
 7597  0 
 7598  0 
 7599  0 
 7600  0 
 7601  0 
 7602  0 
 7603  0 
 7604  0 
 7605  0 
 7606  0 
 7607  0 
 7608  0 
 7609  0 
 7610  0 
 7611  0 
 7612  0 
 7613  0 
 7614  0 
 7615  0 
 7616  0 
 7617  0 
 7618  0 
 7619  0 
 7620  0 
 7621  0 
 7622  0 
 7623  0 
 7624  0 
 7625  0 
 7626  0 
 7627  0 
 7628  0 
 7629  0 
 7630  0 
 7631  0 
 7632  0 
 7633  0 
 7634  0 
 7635  0 
 7636  0 
 7637  0 
 7638  0 
 7639  0 
 7640  0 
 7641  0 
 7642  0 
 7643  0 
 7644  0 
 7645  0 
 7646  0 
 7647  0 
 7648  0 
 7649  0 
 7650  0 
 7651  0 
 7652  0 
 7653  0 
 7654  0 
 7655  0 
 7656  0 
 7657  0 
 7658  0 
 7659  0 
 7660  1 
 7661  0 
 7662  0 
 7663  0 
 7664  0 
 7665  0 
 7666  0 
 7667  0 
 7668  0 
 7669  0 
 7670  0 
 7671  0 
 7672  0 
 7673  0 
 7674  0 
 7675  0 
 7676  0 
 7677  0 
 7678  0 
 7679  0 
 7680  0 
 7681  0 
 7682  0 
 7683  0 
 7684  0 
 7685  0 
 7686  0 
 7687  0 
 7688  0 
 7689  0 
 7690  0 
 7691  0 
 7692  1 
 7693  0 
 7694  0 
 7695  0 
 7696  0 
 7697  0 
 7698  0 
 7699  0 
 7700  0 
 7701  0 
 7702  0 
 7703  0 
 7704  0 
 7705  0 
 7706  0 
 7707  0 
 7708  0 
 7709  0 
 7710  0 
 7711  0 
 7712  0 
 7713  0 
 7714  0 
 7715  0 
 7716  0 
 7717  0 
 7718  0 
 7719  0 
 7720  0 
 7721  0 
 7722  0 
 7723  0 
 7724  0 
 7725  0 
 7726  0 
 7727  0 
 7728  0 
 7729  0 
 7730  0 
 7731  0 
 7732  0 
 7733  0 
 7734  0 
 7735  0 
 7736  0 
 7737  0 
 7738  0 
 7739  0 
 7740  0 
 7741  0 
 7742  0 
 7743  0 
 7744  0 
 7745  0 
 7746  0 
 7747  0 
 7748  0 
 7749  0 
 7750  0 
 7751  0 
 7752  0 
 7753  0 
 7754  0 
 7755  0 
 7756  0 
 7757  0 
 7758  0 
 7759  0 
 7760  0 
 7761  0 
 7762  0 
 7763  0 
 7764  0 
 7765  0 
 7766  0 
 7767  0 
 7768  0 
 7769  0 
 7770  0 
 7771  0 
 7772  0 
 7773  0 
 7774  0 
 7775  0 
 7776  0 
 7777  0 
 7778  0 
 7779  0 
 7780  0 
 7781  0 
 7782  0 
 7783  0 
 7784  0 
 7785  1 
 7786  0 
 7787  0 
 7788  0 
 7789  0 
 7790  0 
 7791  0 
 7792  0 
 7793  0 
 7794  0 
 7795  0 
 7796  0 
 7797  0 
 7798  0 
 7799  0 
 7800  0 
 7801  0 
 7802  0 
 7803  0 
 7804  0 
 7805  0 
 7806  0 
 7807  0 
 7808  0 
 7809  0 
 7810  0 
 7811  0 
 7812  0 
 7813  0 
 7814  0 
 7815  0 
 7816  0 
 7817  0 
 7818  0 
 7819  0 
 7820  0 
 7821  0 
 7822  0 
 7823  0 
 7824  0 
 7825  0 
 7826  0 
 7827  0 
 7828  0 
 7829  0 
 7830  0 
 7831  0 
 7832  0 
 7833  0 
 7834  0 
 7835  0 
 7836  0 
 7837  0 
 7838  0 
 7839  0 
 7840  0 
 7841  0 
 7842  0 
 7843  0 
 7844  0 
 7845  0 
 7846  0 
 7847  0 
 7848  0 
 7849  0 
 7850  0 
 7851  0 
 7852  0 
 7853  0 
 7854  0 
 7855  0 
 7856  0 
 7857  0 
 7858  0 
 7859  0 
 7860  0 
 7861  0 
 7862  0 
 7863  0 
 7864  0 
 7865  0 
 7866  0 
 7867  0 
 7868  0 
 7869  0 
 7870  0 
 7871  0 
 7872  0 
 7873  0 
 7874  0 
 7875  0 
 7876  0 
 7877  0 
 7878  0 
 7879  0 
 7880  0 
 7881  0 
 7882  0 
 7883  0 
 7884  0 
 7885  0 
 7886  0 
 7887  0 
 7888  0 
 7889  0 
 7890  0 
 7891  0 
 7892  0 
 7893  0 
 7894  0 
 7895  0 
 7896  0 
 7897  0 
 7898  0 
 7899  0 
 7900  0 
 7901  0 
 7902  0 
 7903  0 
 7904  0 
 7905  0 
 7906  0 
 7907  0 
 7908  0 
 7909  0 
 7910  0 
 7911  0 
 7912  0 
 7913  0 
 7914  0 
 7915  0 
 7916  0 
 7917  0 
 7918  0 
 7919  0 
 7920  0 
 7921  0 
 7922  0 
 7923  0 
 7924  0 
 7925  0 
 7926  0 
 7927  0 
 7928  0 
 7929  0 
 7930  0 
 7931  0 
 7932  0 
 7933  0 
 7934  0 
 7935  0 
 7936  0 
 7937  0 
 7938  0 
 7939  0 
 7940  0 
 7941  0 
 7942  0 
 7943  0 
 7944  0 
 7945  0 
 7946  0 
 7947  0 
 7948  0 
 7949  0 
 7950  0 
 7951  0 
 7952  0 
 7953  0 
 7954  0 
 7955  0 
 7956  0 
 7957  0 
 7958  0 
 7959  0 
 7960  0 
 7961  0 
 7962  0 
 7963  0 
 7964  0 
 7965  0 
 7966  0 
 7967  0 
 7968  0 
 7969  0 
 7970  0 
 7971  0 
 7972  0 
 7973  0 
 7974  0 
 7975  0 
 7976  0 
 7977  0 
 7978  0 
 7979  0 
 7980  0 
 7981  0 
 7982  0 
 7983  0 
 7984  0 
 7985  0 
 7986  0 
 7987  0 
 7988  0 
 7989  0 
 7990  0 
 7991  0 
 7992  0 
 7993  0 
 7994  0 
 7995  0 
 7996  0 
 7997  0 
 7998  0 
 7999  0 
 8000  0 
 8001  0 
 8002  0 
 8003  0 
 8004  0 
 8005  0 
 8006  0 
 8007  0 
 8008  0 
 8009  0 
 8010  0 
 8011  0 
 8012  0 
 8013  0 
 8014  0 
 8015  0 
 8016  0 
 8017  0 
 8018  0 
 8019  0 
 8020  0 
 8021  0 
 8022  0 
 8023  0 
 8024  0 
 8025  0 
 8026  0 
 8027  0 
 8028  0 
 8029  0 
 8030  0 
 8031  0 
 8032  0 
 8033  0 
 8034  0 
 8035  0 
 8036  0 
 8037  0 
 8038  0 
 8039  0 
 8040  0 
 8041  0 
 8042  0 
 8043  0 
 8044  0 
 8045  0 
 8046  0 
 8047  0 
 8048  0 
 8049  0 
 8050  0 
 8051  0 
 8052  0 
 8053  0 
 8054  0 
 8055  0 
 8056  0 
 8057  0 
 8058  0 
 8059  0 
 8060  0 
 8061  0 
 8062  0 
 8063  0 
 8064  0 
 8065  0 
 8066  0 
 8067  0 
 8068  0 
 8069  0 
 8070  0 
 8071  0 
 8072  0 
 8073  0 
 8074  0 
 8075  0 
 8076  0 
 8077  0 
 8078  0 
 8079  0 
 8080  0 
 8081  0 
 8082  0 
 8083  0 
 8084  0 
 8085  0 
 8086  0 
 8087  0 
 8088  0 
 8089  0 
 8090  0 
 8091  0 
 8092  0 
 8093  0 
 8094  0 
 8095  0 
 8096  0 
 8097  0 
 8098  0 
 8099  0 
 8100  0 
 8101  0 
 8102  0 
 8103  0 
 8104  0 
 8105  0 
 8106  0 
 8107  0 
 8108  0 
 8109  0 
 8110  0 
 8111  0 
 8112  0 
 8113  0 
 8114  0 
 8115  0 
 8116  0 
 8117  0 
 8118  0 
 8119  0 
 8120  0 
 8121  0 
 8122  0 
 8123  0 
 8124  0 
 8125  0 
 8126  0 
 8127  0 
 8128  0 
 8129  0 
 8130  0 
 8131  0 
 8132  0 
 8133  0 
 8134  0 
 8135  0 
 8136  0 
 8137  0 
 8138  0 
 8139  0 
 8140  0 
 8141  0 
 8142  0 
 8143  0 
 8144  0 
 8145  0 
 8146  0 
 8147  0 
 8148  0 
 8149  0 
 8150  0 
 8151  0 
 8152  0 
 8153  0 
 8154  0 
 8155  0 
 8156  0 
 8157  0 
 8158  0 
 8159  0 
 8160  0 
 8161  0 
 8162  0 
 8163  0 
 8164  0 
 8165  0 
 8166  0 
 8167  0 
 8168  0 
 8169  0 
 8170  0 
 8171  0 
 8172  0 
 8173  0 
 8174  0 
 8175  0 
 8176  0 
 8177  0 
 8178  0 
 8179  0 
 8180  0 
 8181  0 
 8182  0 
 8183  0 
 8184  0 
 8185  0 
 8186  0 
 8187  0 
 8188  0 
 8189  0 
 8190  0 
 8191  0 
