 0  1098 
 1  1109 
 2  0 
 3  0 
 4  0 
 5  0 
 6  0 
 7  0 
 8  0 
 9  0 
 10  0 
 11  0 
 12  0 
 13  0 
 14  0 
 15  0 
 16  0 
 17  0 
 18  0 
 19  0 
 20  0 
 21  0 
 22  0 
 23  0 
 24  0 
 25  0 
 26  0 
 27  0 
 28  0 
 29  0 
 30  0 
 31  0 
 32  0 
 33  0 
 34  0 
 35  0 
 36  0 
 37  0 
 38  0 
 39  0 
 40  0 
 41  0 
 42  0 
 43  0 
 44  0 
 45  0 
 46  0 
 47  0 
 48  0 
 49  0 
 50  0 
 51  0 
 52  0 
 53  0 
 54  0 
 55  0 
 56  0 
 57  0 
 58  0 
 59  0 
 60  0 
 61  0 
 62  0 
 63  0 
 64  0 
 65  0 
 66  0 
 67  0 
 68  0 
 69  0 
 70  0 
 71  0 
 72  0 
 73  0 
 74  0 
 75  0 
 76  0 
 77  0 
 78  0 
 79  0 
 80  0 
 81  0 
 82  0 
 83  0 
 84  0 
 85  0 
 86  0 
 87  0 
 88  0 
 89  0 
 90  0 
 91  0 
 92  0 
 93  0 
 94  0 
 95  0 
 96  0 
 97  0 
 98  0 
 99  0 
 100  0 
 101  0 
 102  0 
 103  0 
 104  0 
 105  0 
 106  0 
 107  0 
 108  0 
 109  0 
 110  0 
 111  0 
 112  0 
 113  0 
 114  0 
 115  0 
 116  0 
 117  0 
 118  0 
 119  0 
 120  0 
 121  0 
 122  0 
 123  0 
 124  0 
 125  0 
 126  0 
 127  0 
 128  0 
 129  0 
 130  0 
 131  0 
 132  0 
 133  0 
 134  0 
 135  0 
 136  0 
 137  0 
 138  0 
 139  0 
 140  0 
 141  0 
 142  0 
 143  0 
 144  0 
 145  0 
 146  0 
 147  0 
 148  0 
 149  0 
 150  0 
 151  0 
 152  0 
 153  0 
 154  0 
 155  0 
 156  0 
 157  0 
 158  0 
 159  0 
 160  0 
 161  0 
 162  0 
 163  0 
 164  0 
 165  0 
 166  0 
 167  0 
 168  0 
 169  0 
 170  0 
 171  0 
 172  0 
 173  0 
 174  0 
 175  0 
 176  0 
 177  0 
 178  0 
 179  0 
 180  0 
 181  0 
 182  0 
 183  0 
 184  0 
 185  0 
 186  0 
 187  0 
 188  0 
 189  0 
 190  0 
 191  0 
 192  0 
 193  0 
 194  0 
 195  0 
 196  0 
 197  0 
 198  0 
 199  0 
 200  0 
 201  0 
 202  0 
 203  0 
 204  0 
 205  0 
 206  0 
 207  0 
 208  0 
 209  0 
 210  0 
 211  0 
 212  0 
 213  0 
 214  0 
 215  0 
 216  0 
 217  0 
 218  0 
 219  0 
 220  0 
 221  0 
 222  0 
 223  0 
 224  0 
 225  0 
 226  0 
 227  0 
 228  0 
 229  0 
 230  0 
 231  0 
 232  0 
 233  0 
 234  0 
 235  0 
 236  0 
 237  0 
 238  0 
 239  0 
 240  0 
 241  0 
 242  0 
 243  0 
 244  0 
 245  0 
 246  1 
 247  1 
 248  1 
 249  0 
 250  0 
 251  0 
 252  93 
 253  148 
 254  178 
 255  178 
 256  149 
 257  135 
 258  129 
 259  154 
 260  120 
 261  119 
 262  111 
 263  115 
 264  98 
 265  101 
 266  120 
 267  108 
 268  90 
 269  71 
 270  90 
 271  92 
 272  66 
 273  62 
 274  63 
 275  82 
 276  83 
 277  80 
 278  73 
 279  54 
 280  74 
 281  54 
 282  58 
 283  55 
 284  69 
 285  47 
 286  43 
 287  51 
 288  47 
 289  43 
 290  52 
 291  47 
 292  28 
 293  39 
 294  42 
 295  50 
 296  28 
 297  43 
 298  32 
 299  43 
 300  23 
 301  32 
 302  37 
 303  40 
 304  32 
 305  34 
 306  33 
 307  24 
 308  22 
 309  32 
 310  32 
 311  22 
 312  29 
 313  15 
 314  32 
 315  23 
 316  25 
 317  30 
 318  14 
 319  23 
 320  27 
 321  19 
 322  21 
 323  17 
 324  19 
 325  19 
 326  18 
 327  23 
 328  21 
 329  16 
 330  16 
 331  18 
 332  16 
 333  18 
 334  23 
 335  19 
 336  13 
 337  14 
 338  13 
 339  10 
 340  14 
 341  15 
 342  15 
 343  15 
 344  13 
 345  19 
 346  13 
 347  20 
 348  13 
 349  11 
 350  13 
 351  24 
 352  11 
 353  7 
 354  14 
 355  13 
 356  7 
 357  15 
 358  9 
 359  9 
 360  20 
 361  11 
 362  12 
 363  15 
 364  7 
 365  8 
 366  7 
 367  13 
 368  8 
 369  14 
 370  8 
 371  17 
 372  8 
 373  13 
 374  12 
 375  13 
 376  8 
 377  11 
 378  11 
 379  18 
 380  17 
 381  13 
 382  10 
 383  19 
 384  16 
 385  15 
 386  15 
 387  16 
 388  18 
 389  20 
 390  10 
 391  14 
 392  19 
 393  16 
 394  8 
 395  11 
 396  13 
 397  10 
 398  17 
 399  13 
 400  16 
 401  14 
 402  16 
 403  9 
 404  20 
 405  13 
 406  24 
 407  18 
 408  22 
 409  12 
 410  13 
 411  16 
 412  21 
 413  16 
 414  10 
 415  20 
 416  18 
 417  23 
 418  18 
 419  15 
 420  18 
 421  19 
 422  25 
 423  18 
 424  28 
 425  23 
 426  18 
 427  19 
 428  15 
 429  17 
 430  24 
 431  22 
 432  25 
 433  22 
 434  27 
 435  28 
 436  27 
 437  28 
 438  37 
 439  35 
 440  31 
 441  32 
 442  30 
 443  24 
 444  42 
 445  35 
 446  33 
 447  32 
 448  38 
 449  39 
 450  29 
 451  40 
 452  49 
 453  34 
 454  37 
 455  50 
 456  54 
 457  45 
 458  51 
 459  50 
 460  45 
 461  58 
 462  62 
 463  54 
 464  49 
 465  53 
 466  88 
 467  69 
 468  58 
 469  62 
 470  71 
 471  75 
 472  81 
 473  71 
 474  82 
 475  88 
 476  107 
 477  95 
 478  93 
 479  88 
 480  99 
 481  116 
 482  109 
 483  128 
 484  134 
 485  139 
 486  132 
 487  142 
 488  149 
 489  137 
 490  167 
 491  136 
 492  152 
 493  173 
 494  189 
 495  181 
 496  189 
 497  188 
 498  189 
 499  209 
 500  231 
 501  238 
 502  257 
 503  256 
 504  281 
 505  239 
 506  240 
 507  321 
 508  281 
 509  264 
 510  319 
 511  292 
 512  292 
 513  279 
 514  308 
 515  316 
 516  301 
 517  314 
 518  317 
 519  327 
 520  310 
 521  365 
 522  353 
 523  366 
 524  307 
 525  348 
 526  329 
 527  340 
 528  358 
 529  360 
 530  294 
 531  347 
 532  329 
 533  299 
 534  318 
 535  322 
 536  349 
 537  322 
 538  305 
 539  324 
 540  303 
 541  272 
 542  293 
 543  253 
 544  257 
 545  228 
 546  244 
 547  238 
 548  208 
 549  223 
 550  241 
 551  187 
 552  185 
 553  186 
 554  194 
 555  177 
 556  167 
 557  145 
 558  152 
 559  141 
 560  135 
 561  129 
 562  134 
 563  101 
 564  100 
 565  103 
 566  109 
 567  89 
 568  84 
 569  70 
 570  80 
 571  71 
 572  72 
 573  64 
 574  43 
 575  52 
 576  43 
 577  52 
 578  30 
 579  40 
 580  40 
 581  33 
 582  36 
 583  24 
 584  24 
 585  31 
 586  26 
 587  30 
 588  22 
 589  18 
 590  13 
 591  10 
 592  14 
 593  19 
 594  11 
 595  18 
 596  15 
 597  15 
 598  9 
 599  11 
 600  8 
 601  12 
 602  7 
 603  14 
 604  11 
 605  11 
 606  14 
 607  10 
 608  10 
 609  6 
 610  11 
 611  6 
 612  4 
 613  3 
 614  4 
 615  5 
 616  10 
 617  4 
 618  9 
 619  11 
 620  4 
 621  7 
 622  3 
 623  12 
 624  8 
 625  4 
 626  4 
 627  8 
 628  3 
 629  8 
 630  2 
 631  7 
 632  9 
 633  5 
 634  7 
 635  4 
 636  2 
 637  3 
 638  9 
 639  8 
 640  7 
 641  6 
 642  4 
 643  4 
 644  4 
 645  4 
 646  3 
 647  7 
 648  4 
 649  10 
 650  3 
 651  3 
 652  2 
 653  2 
 654  2 
 655  3 
 656  4 
 657  3 
 658  4 
 659  7 
 660  2 
 661  5 
 662  3 
 663  0 
 664  3 
 665  2 
 666  7 
 667  4 
 668  7 
 669  7 
 670  1 
 671  2 
 672  6 
 673  0 
 674  3 
 675  3 
 676  7 
 677  2 
 678  6 
 679  3 
 680  7 
 681  3 
 682  5 
 683  4 
 684  1 
 685  3 
 686  1 
 687  4 
 688  7 
 689  4 
 690  3 
 691  5 
 692  3 
 693  4 
 694  2 
 695  3 
 696  5 
 697  4 
 698  2 
 699  4 
 700  2 
 701  1 
 702  2 
 703  2 
 704  4 
 705  2 
 706  4 
 707  2 
 708  8 
 709  2 
 710  1 
 711  4 
 712  2 
 713  8 
 714  3 
 715  2 
 716  7 
 717  2 
 718  1 
 719  3 
 720  4 
 721  2 
 722  5 
 723  2 
 724  4 
 725  0 
 726  4 
 727  6 
 728  3 
 729  5 
 730  2 
 731  1 
 732  4 
 733  3 
 734  3 
 735  5 
 736  5 
 737  4 
 738  1 
 739  3 
 740  4 
 741  5 
 742  5 
 743  3 
 744  5 
 745  3 
 746  3 
 747  3 
 748  3 
 749  3 
 750  2 
 751  4 
 752  3 
 753  3 
 754  4 
 755  2 
 756  4 
 757  3 
 758  3 
 759  3 
 760  3 
 761  4 
 762  2 
 763  1 
 764  2 
 765  2 
 766  4 
 767  5 
 768  4 
 769  7 
 770  1 
 771  1 
 772  0 
 773  7 
 774  7 
 775  2 
 776  2 
 777  2 
 778  5 
 779  1 
 780  0 
 781  4 
 782  4 
 783  6 
 784  1 
 785  2 
 786  1 
 787  2 
 788  3 
 789  2 
 790  0 
 791  2 
 792  6 
 793  4 
 794  2 
 795  4 
 796  3 
 797  0 
 798  5 
 799  1 
 800  3 
 801  2 
 802  2 
 803  6 
 804  3 
 805  3 
 806  6 
 807  5 
 808  1 
 809  3 
 810  3 
 811  3 
 812  2 
 813  3 
 814  3 
 815  3 
 816  5 
 817  4 
 818  2 
 819  0 
 820  6 
 821  4 
 822  3 
 823  5 
 824  2 
 825  4 
 826  3 
 827  1 
 828  1 
 829  4 
 830  4 
 831  4 
 832  1 
 833  4 
 834  1 
 835  1 
 836  3 
 837  4 
 838  4 
 839  1 
 840  6 
 841  3 
 842  5 
 843  2 
 844  1 
 845  2 
 846  3 
 847  9 
 848  5 
 849  6 
 850  3 
 851  2 
 852  2 
 853  5 
 854  4 
 855  4 
 856  4 
 857  4 
 858  3 
 859  6 
 860  3 
 861  2 
 862  3 
 863  0 
 864  1 
 865  4 
 866  3 
 867  2 
 868  4 
 869  7 
 870  4 
 871  4 
 872  0 
 873  1 
 874  2 
 875  4 
 876  5 
 877  4 
 878  4 
 879  7 
 880  2 
 881  2 
 882  2 
 883  1 
 884  2 
 885  2 
 886  2 
 887  3 
 888  2 
 889  3 
 890  3 
 891  0 
 892  3 
 893  3 
 894  4 
 895  4 
 896  6 
 897  3 
 898  2 
 899  2 
 900  3 
 901  2 
 902  4 
 903  1 
 904  1 
 905  4 
 906  2 
 907  5 
 908  2 
 909  2 
 910  4 
 911  0 
 912  4 
 913  9 
 914  6 
 915  2 
 916  1 
 917  1 
 918  2 
 919  5 
 920  1 
 921  4 
 922  6 
 923  5 
 924  2 
 925  4 
 926  2 
 927  4 
 928  3 
 929  0 
 930  3 
 931  3 
 932  4 
 933  5 
 934  4 
 935  4 
 936  2 
 937  1 
 938  1 
 939  1 
 940  2 
 941  1 
 942  1 
 943  0 
 944  4 
 945  4 
 946  4 
 947  6 
 948  3 
 949  3 
 950  5 
 951  2 
 952  3 
 953  5 
 954  4 
 955  4 
 956  2 
 957  4 
 958  3 
 959  1 
 960  2 
 961  4 
 962  5 
 963  3 
 964  2 
 965  1 
 966  2 
 967  2 
 968  2 
 969  1 
 970  3 
 971  3 
 972  2 
 973  1 
 974  2 
 975  1 
 976  2 
 977  3 
 978  5 
 979  4 
 980  3 
 981  2 
 982  4 
 983  3 
 984  2 
 985  1 
 986  4 
 987  5 
 988  4 
 989  2 
 990  2 
 991  7 
 992  3 
 993  2 
 994  1 
 995  1 
 996  9 
 997  3 
 998  6 
 999  2 
 1000  3 
 1001  2 
 1002  1 
 1003  4 
 1004  0 
 1005  2 
 1006  4 
 1007  4 
 1008  4 
 1009  2 
 1010  6 
 1011  3 
 1012  2 
 1013  3 
 1014  2 
 1015  3 
 1016  4 
 1017  4 
 1018  3 
 1019  2 
 1020  5 
 1021  2 
 1022  2 
 1023  4 
 1024  1 
 1025  3 
 1026  2 
 1027  1 
 1028  3 
 1029  2 
 1030  2 
 1031  3 
 1032  3 
 1033  2 
 1034  4 
 1035  3 
 1036  1 
 1037  3 
 1038  3 
 1039  3 
 1040  2 
 1041  2 
 1042  4 
 1043  2 
 1044  4 
 1045  3 
 1046  2 
 1047  0 
 1048  2 
 1049  1 
 1050  1 
 1051  4 
 1052  3 
 1053  4 
 1054  4 
 1055  4 
 1056  4 
 1057  4 
 1058  3 
 1059  2 
 1060  2 
 1061  2 
 1062  2 
 1063  3 
 1064  1 
 1065  4 
 1066  2 
 1067  2 
 1068  2 
 1069  0 
 1070  4 
 1071  2 
 1072  1 
 1073  3 
 1074  1 
 1075  2 
 1076  1 
 1077  1 
 1078  3 
 1079  4 
 1080  2 
 1081  3 
 1082  4 
 1083  1 
 1084  3 
 1085  2 
 1086  6 
 1087  6 
 1088  3 
 1089  2 
 1090  1 
 1091  4 
 1092  1 
 1093  3 
 1094  4 
 1095  7 
 1096  2 
 1097  6 
 1098  5 
 1099  4 
 1100  4 
 1101  1 
 1102  1 
 1103  5 
 1104  4 
 1105  1 
 1106  5 
 1107  3 
 1108  1 
 1109  4 
 1110  1 
 1111  5 
 1112  2 
 1113  4 
 1114  5 
 1115  7 
 1116  2 
 1117  4 
 1118  0 
 1119  6 
 1120  3 
 1121  3 
 1122  3 
 1123  2 
 1124  1 
 1125  2 
 1126  3 
 1127  3 
 1128  3 
 1129  2 
 1130  3 
 1131  3 
 1132  4 
 1133  0 
 1134  3 
 1135  2 
 1136  3 
 1137  4 
 1138  1 
 1139  1 
 1140  4 
 1141  4 
 1142  1 
 1143  2 
 1144  4 
 1145  4 
 1146  2 
 1147  4 
 1148  6 
 1149  3 
 1150  3 
 1151  3 
 1152  4 
 1153  3 
 1154  3 
 1155  1 
 1156  1 
 1157  3 
 1158  2 
 1159  2 
 1160  3 
 1161  4 
 1162  4 
 1163  3 
 1164  1 
 1165  7 
 1166  4 
 1167  5 
 1168  2 
 1169  5 
 1170  5 
 1171  5 
 1172  4 
 1173  3 
 1174  3 
 1175  2 
 1176  4 
 1177  3 
 1178  2 
 1179  0 
 1180  1 
 1181  1 
 1182  6 
 1183  3 
 1184  2 
 1185  3 
 1186  3 
 1187  5 
 1188  3 
 1189  7 
 1190  4 
 1191  6 
 1192  5 
 1193  4 
 1194  1 
 1195  4 
 1196  4 
 1197  4 
 1198  2 
 1199  3 
 1200  3 
 1201  1 
 1202  7 
 1203  3 
 1204  2 
 1205  5 
 1206  2 
 1207  7 
 1208  1 
 1209  4 
 1210  3 
 1211  3 
 1212  0 
 1213  1 
 1214  3 
 1215  0 
 1216  3 
 1217  3 
 1218  9 
 1219  2 
 1220  2 
 1221  3 
 1222  3 
 1223  5 
 1224  4 
 1225  3 
 1226  3 
 1227  2 
 1228  5 
 1229  5 
 1230  1 
 1231  1 
 1232  6 
 1233  3 
 1234  3 
 1235  2 
 1236  5 
 1237  3 
 1238  6 
 1239  2 
 1240  3 
 1241  7 
 1242  1 
 1243  3 
 1244  5 
 1245  3 
 1246  3 
 1247  2 
 1248  4 
 1249  2 
 1250  4 
 1251  1 
 1252  4 
 1253  1 
 1254  2 
 1255  3 
 1256  0 
 1257  3 
 1258  1 
 1259  3 
 1260  5 
 1261  1 
 1262  1 
 1263  1 
 1264  3 
 1265  1 
 1266  4 
 1267  1 
 1268  6 
 1269  1 
 1270  1 
 1271  0 
 1272  1 
 1273  5 
 1274  5 
 1275  5 
 1276  2 
 1277  4 
 1278  2 
 1279  3 
 1280  1 
 1281  7 
 1282  3 
 1283  1 
 1284  1 
 1285  2 
 1286  2 
 1287  2 
 1288  7 
 1289  4 
 1290  2 
 1291  4 
 1292  4 
 1293  1 
 1294  2 
 1295  4 
 1296  3 
 1297  4 
 1298  4 
 1299  4 
 1300  1 
 1301  6 
 1302  3 
 1303  1 
 1304  2 
 1305  2 
 1306  2 
 1307  4 
 1308  1 
 1309  4 
 1310  1 
 1311  1 
 1312  2 
 1313  5 
 1314  2 
 1315  4 
 1316  5 
 1317  5 
 1318  1 
 1319  2 
 1320  2 
 1321  2 
 1322  5 
 1323  2 
 1324  3 
 1325  2 
 1326  2 
 1327  5 
 1328  2 
 1329  2 
 1330  3 
 1331  2 
 1332  3 
 1333  1 
 1334  3 
 1335  2 
 1336  2 
 1337  3 
 1338  4 
 1339  1 
 1340  1 
 1341  4 
 1342  3 
 1343  4 
 1344  5 
 1345  2 
 1346  0 
 1347  7 
 1348  4 
 1349  4 
 1350  4 
 1351  4 
 1352  6 
 1353  3 
 1354  8 
 1355  3 
 1356  3 
 1357  4 
 1358  2 
 1359  5 
 1360  5 
 1361  3 
 1362  5 
 1363  3 
 1364  5 
 1365  1 
 1366  2 
 1367  5 
 1368  2 
 1369  5 
 1370  7 
 1371  2 
 1372  7 
 1373  4 
 1374  3 
 1375  9 
 1376  4 
 1377  7 
 1378  1 
 1379  1 
 1380  3 
 1381  1 
 1382  1 
 1383  3 
 1384  4 
 1385  4 
 1386  3 
 1387  1 
 1388  4 
 1389  5 
 1390  2 
 1391  2 
 1392  3 
 1393  3 
 1394  1 
 1395  4 
 1396  6 
 1397  6 
 1398  2 
 1399  4 
 1400  1 
 1401  4 
 1402  2 
 1403  2 
 1404  2 
 1405  2 
 1406  2 
 1407  2 
 1408  4 
 1409  4 
 1410  3 
 1411  2 
 1412  0 
 1413  4 
 1414  5 
 1415  4 
 1416  3 
 1417  5 
 1418  2 
 1419  7 
 1420  3 
 1421  1 
 1422  1 
 1423  1 
 1424  3 
 1425  3 
 1426  0 
 1427  0 
 1428  4 
 1429  1 
 1430  1 
 1431  8 
 1432  1 
 1433  5 
 1434  2 
 1435  4 
 1436  3 
 1437  4 
 1438  2 
 1439  1 
 1440  6 
 1441  3 
 1442  3 
 1443  4 
 1444  2 
 1445  7 
 1446  0 
 1447  0 
 1448  3 
 1449  3 
 1450  3 
 1451  3 
 1452  3 
 1453  3 
 1454  1 
 1455  3 
 1456  3 
 1457  3 
 1458  3 
 1459  2 
 1460  4 
 1461  3 
 1462  5 
 1463  4 
 1464  4 
 1465  3 
 1466  3 
 1467  3 
 1468  4 
 1469  0 
 1470  2 
 1471  3 
 1472  2 
 1473  7 
 1474  4 
 1475  3 
 1476  4 
 1477  4 
 1478  2 
 1479  3 
 1480  5 
 1481  3 
 1482  6 
 1483  1 
 1484  0 
 1485  4 
 1486  3 
 1487  5 
 1488  2 
 1489  3 
 1490  0 
 1491  4 
 1492  2 
 1493  3 
 1494  4 
 1495  0 
 1496  2 
 1497  1 
 1498  3 
 1499  2 
 1500  4 
 1501  2 
 1502  5 
 1503  6 
 1504  5 
 1505  4 
 1506  3 
 1507  4 
 1508  4 
 1509  4 
 1510  2 
 1511  7 
 1512  2 
 1513  2 
 1514  2 
 1515  7 
 1516  7 
 1517  3 
 1518  2 
 1519  3 
 1520  0 
 1521  4 
 1522  5 
 1523  3 
 1524  1 
 1525  6 
 1526  2 
 1527  1 
 1528  4 
 1529  1 
 1530  1 
 1531  1 
 1532  5 
 1533  1 
 1534  3 
 1535  3 
 1536  2 
 1537  5 
 1538  1 
 1539  5 
 1540  5 
 1541  8 
 1542  2 
 1543  2 
 1544  4 
 1545  0 
 1546  4 
 1547  3 
 1548  2 
 1549  6 
 1550  3 
 1551  4 
 1552  3 
 1553  3 
 1554  3 
 1555  5 
 1556  7 
 1557  1 
 1558  5 
 1559  6 
 1560  3 
 1561  7 
 1562  3 
 1563  2 
 1564  1 
 1565  2 
 1566  2 
 1567  6 
 1568  0 
 1569  5 
 1570  2 
 1571  4 
 1572  5 
 1573  3 
 1574  4 
 1575  3 
 1576  3 
 1577  2 
 1578  9 
 1579  3 
 1580  2 
 1581  4 
 1582  6 
 1583  3 
 1584  2 
 1585  2 
 1586  0 
 1587  4 
 1588  2 
 1589  3 
 1590  0 
 1591  3 
 1592  3 
 1593  2 
 1594  2 
 1595  2 
 1596  2 
 1597  5 
 1598  3 
 1599  4 
 1600  6 
 1601  3 
 1602  3 
 1603  5 
 1604  3 
 1605  2 
 1606  1 
 1607  4 
 1608  3 
 1609  3 
 1610  5 
 1611  4 
 1612  4 
 1613  1 
 1614  4 
 1615  6 
 1616  9 
 1617  3 
 1618  3 
 1619  4 
 1620  4 
 1621  4 
 1622  4 
 1623  4 
 1624  5 
 1625  3 
 1626  5 
 1627  6 
 1628  0 
 1629  3 
 1630  4 
 1631  5 
 1632  0 
 1633  9 
 1634  1 
 1635  2 
 1636  10 
 1637  4 
 1638  4 
 1639  1 
 1640  4 
 1641  6 
 1642  4 
 1643  2 
 1644  1 
 1645  5 
 1646  5 
 1647  5 
 1648  4 
 1649  7 
 1650  1 
 1651  3 
 1652  3 
 1653  1 
 1654  4 
 1655  5 
 1656  5 
 1657  6 
 1658  6 
 1659  2 
 1660  4 
 1661  5 
 1662  3 
 1663  7 
 1664  2 
 1665  2 
 1666  2 
 1667  5 
 1668  5 
 1669  5 
 1670  1 
 1671  6 
 1672  2 
 1673  1 
 1674  1 
 1675  3 
 1676  3 
 1677  4 
 1678  2 
 1679  1 
 1680  4 
 1681  5 
 1682  2 
 1683  2 
 1684  6 
 1685  6 
 1686  4 
 1687  3 
 1688  3 
 1689  5 
 1690  2 
 1691  2 
 1692  5 
 1693  6 
 1694  4 
 1695  4 
 1696  4 
 1697  4 
 1698  2 
 1699  2 
 1700  4 
 1701  3 
 1702  4 
 1703  4 
 1704  3 
 1705  3 
 1706  4 
 1707  4 
 1708  3 
 1709  2 
 1710  1 
 1711  4 
 1712  8 
 1713  7 
 1714  2 
 1715  2 
 1716  2 
 1717  2 
 1718  4 
 1719  6 
 1720  5 
 1721  4 
 1722  5 
 1723  5 
 1724  3 
 1725  2 
 1726  5 
 1727  4 
 1728  3 
 1729  5 
 1730  4 
 1731  3 
 1732  3 
 1733  3 
 1734  6 
 1735  7 
 1736  3 
 1737  2 
 1738  2 
 1739  3 
 1740  5 
 1741  3 
 1742  3 
 1743  8 
 1744  5 
 1745  4 
 1746  4 
 1747  3 
 1748  3 
 1749  4 
 1750  6 
 1751  2 
 1752  0 
 1753  2 
 1754  5 
 1755  2 
 1756  2 
 1757  4 
 1758  3 
 1759  3 
 1760  1 
 1761  5 
 1762  4 
 1763  3 
 1764  4 
 1765  4 
 1766  5 
 1767  6 
 1768  3 
 1769  5 
 1770  3 
 1771  5 
 1772  5 
 1773  2 
 1774  0 
 1775  5 
 1776  3 
 1777  5 
 1778  7 
 1779  5 
 1780  5 
 1781  5 
 1782  1 
 1783  1 
 1784  3 
 1785  3 
 1786  3 
 1787  4 
 1788  2 
 1789  3 
 1790  2 
 1791  3 
 1792  2 
 1793  2 
 1794  3 
 1795  4 
 1796  5 
 1797  2 
 1798  4 
 1799  9 
 1800  5 
 1801  5 
 1802  2 
 1803  6 
 1804  3 
 1805  2 
 1806  2 
 1807  2 
 1808  7 
 1809  7 
 1810  3 
 1811  1 
 1812  2 
 1813  1 
 1814  4 
 1815  3 
 1816  4 
 1817  5 
 1818  0 
 1819  7 
 1820  4 
 1821  10 
 1822  4 
 1823  3 
 1824  5 
 1825  3 
 1826  7 
 1827  7 
 1828  3 
 1829  4 
 1830  3 
 1831  3 
 1832  1 
 1833  2 
 1834  2 
 1835  1 
 1836  3 
 1837  5 
 1838  3 
 1839  7 
 1840  2 
 1841  4 
 1842  0 
 1843  4 
 1844  4 
 1845  4 
 1846  3 
 1847  1 
 1848  2 
 1849  3 
 1850  3 
 1851  2 
 1852  3 
 1853  6 
 1854  8 
 1855  5 
 1856  1 
 1857  1 
 1858  5 
 1859  9 
 1860  2 
 1861  2 
 1862  4 
 1863  3 
 1864  5 
 1865  3 
 1866  3 
 1867  6 
 1868  3 
 1869  5 
 1870  2 
 1871  2 
 1872  1 
 1873  9 
 1874  3 
 1875  1 
 1876  5 
 1877  5 
 1878  4 
 1879  1 
 1880  3 
 1881  6 
 1882  0 
 1883  3 
 1884  5 
 1885  8 
 1886  6 
 1887  2 
 1888  2 
 1889  5 
 1890  3 
 1891  3 
 1892  0 
 1893  4 
 1894  3 
 1895  2 
 1896  4 
 1897  3 
 1898  7 
 1899  3 
 1900  4 
 1901  10 
 1902  2 
 1903  2 
 1904  0 
 1905  3 
 1906  8 
 1907  6 
 1908  3 
 1909  5 
 1910  2 
 1911  3 
 1912  4 
 1913  2 
 1914  2 
 1915  3 
 1916  5 
 1917  4 
 1918  1 
 1919  3 
 1920  4 
 1921  6 
 1922  5 
 1923  6 
 1924  2 
 1925  9 
 1926  3 
 1927  4 
 1928  5 
 1929  4 
 1930  7 
 1931  4 
 1932  6 
 1933  1 
 1934  5 
 1935  0 
 1936  3 
 1937  3 
 1938  1 
 1939  5 
 1940  4 
 1941  4 
 1942  4 
 1943  4 
 1944  5 
 1945  3 
 1946  4 
 1947  3 
 1948  2 
 1949  3 
 1950  5 
 1951  4 
 1952  1 
 1953  0 
 1954  6 
 1955  3 
 1956  3 
 1957  5 
 1958  6 
 1959  4 
 1960  8 
 1961  3 
 1962  0 
 1963  5 
 1964  5 
 1965  6 
 1966  5 
 1967  4 
 1968  7 
 1969  3 
 1970  8 
 1971  4 
 1972  3 
 1973  7 
 1974  7 
 1975  4 
 1976  3 
 1977  6 
 1978  6 
 1979  6 
 1980  8 
 1981  5 
 1982  8 
 1983  8 
 1984  9 
 1985  7 
 1986  3 
 1987  5 
 1988  6 
 1989  7 
 1990  7 
 1991  12 
 1992  9 
 1993  9 
 1994  7 
 1995  8 
 1996  6 
 1997  10 
 1998  5 
 1999  7 
 2000  9 
 2001  7 
 2002  7 
 2003  7 
 2004  2 
 2005  9 
 2006  12 
 2007  9 
 2008  8 
 2009  3 
 2010  3 
 2011  4 
 2012  6 
 2013  13 
 2014  7 
 2015  5 
 2016  10 
 2017  6 
 2018  6 
 2019  6 
 2020  12 
 2021  5 
 2022  3 
 2023  5 
 2024  6 
 2025  4 
 2026  5 
 2027  4 
 2028  5 
 2029  3 
 2030  4 
 2031  7 
 2032  4 
 2033  6 
 2034  5 
 2035  3 
 2036  9 
 2037  9 
 2038  3 
 2039  4 
 2040  4 
 2041  5 
 2042  8 
 2043  6 
 2044  6 
 2045  5 
 2046  1 
 2047  7 
 2048  2 
 2049  1 
 2050  2 
 2051  7 
 2052  4 
 2053  7 
 2054  2 
 2055  8 
 2056  4 
 2057  2 
 2058  4 
 2059  3 
 2060  6 
 2061  7 
 2062  4 
 2063  8 
 2064  6 
 2065  3 
 2066  8 
 2067  4 
 2068  1 
 2069  2 
 2070  4 
 2071  6 
 2072  6 
 2073  4 
 2074  3 
 2075  4 
 2076  0 
 2077  4 
 2078  1 
 2079  5 
 2080  3 
 2081  3 
 2082  2 
 2083  8 
 2084  6 
 2085  3 
 2086  3 
 2087  2 
 2088  6 
 2089  7 
 2090  6 
 2091  4 
 2092  10 
 2093  2 
 2094  6 
 2095  5 
 2096  3 
 2097  3 
 2098  0 
 2099  4 
 2100  3 
 2101  4 
 2102  9 
 2103  4 
 2104  4 
 2105  5 
 2106  4 
 2107  6 
 2108  4 
 2109  3 
 2110  0 
 2111  6 
 2112  3 
 2113  4 
 2114  5 
 2115  6 
 2116  6 
 2117  5 
 2118  7 
 2119  7 
 2120  5 
 2121  4 
 2122  8 
 2123  3 
 2124  3 
 2125  2 
 2126  1 
 2127  2 
 2128  1 
 2129  3 
 2130  6 
 2131  1 
 2132  5 
 2133  3 
 2134  3 
 2135  5 
 2136  9 
 2137  1 
 2138  4 
 2139  5 
 2140  6 
 2141  4 
 2142  1 
 2143  1 
 2144  4 
 2145  6 
 2146  7 
 2147  3 
 2148  4 
 2149  6 
 2150  4 
 2151  1 
 2152  3 
 2153  4 
 2154  3 
 2155  6 
 2156  4 
 2157  7 
 2158  4 
 2159  3 
 2160  2 
 2161  6 
 2162  4 
 2163  4 
 2164  8 
 2165  4 
 2166  7 
 2167  5 
 2168  1 
 2169  3 
 2170  4 
 2171  1 
 2172  1 
 2173  6 
 2174  11 
 2175  1 
 2176  4 
 2177  2 
 2178  5 
 2179  6 
 2180  11 
 2181  8 
 2182  5 
 2183  6 
 2184  6 
 2185  7 
 2186  3 
 2187  6 
 2188  3 
 2189  4 
 2190  6 
 2191  1 
 2192  0 
 2193  5 
 2194  5 
 2195  5 
 2196  8 
 2197  5 
 2198  5 
 2199  6 
 2200  9 
 2201  8 
 2202  4 
 2203  1 
 2204  2 
 2205  4 
 2206  5 
 2207  6 
 2208  3 
 2209  4 
 2210  1 
 2211  7 
 2212  2 
 2213  6 
 2214  3 
 2215  3 
 2216  4 
 2217  5 
 2218  6 
 2219  7 
 2220  4 
 2221  3 
 2222  1 
 2223  6 
 2224  6 
 2225  4 
 2226  7 
 2227  3 
 2228  3 
 2229  5 
 2230  9 
 2231  7 
 2232  6 
 2233  2 
 2234  2 
 2235  5 
 2236  7 
 2237  2 
 2238  4 
 2239  3 
 2240  8 
 2241  6 
 2242  4 
 2243  4 
 2244  5 
 2245  10 
 2246  7 
 2247  7 
 2248  4 
 2249  6 
 2250  2 
 2251  7 
 2252  6 
 2253  8 
 2254  3 
 2255  3 
 2256  9 
 2257  3 
 2258  6 
 2259  5 
 2260  5 
 2261  8 
 2262  10 
 2263  6 
 2264  4 
 2265  5 
 2266  3 
 2267  8 
 2268  6 
 2269  4 
 2270  0 
 2271  4 
 2272  4 
 2273  4 
 2274  9 
 2275  5 
 2276  7 
 2277  3 
 2278  3 
 2279  4 
 2280  6 
 2281  2 
 2282  2 
 2283  4 
 2284  8 
 2285  4 
 2286  4 
 2287  3 
 2288  3 
 2289  5 
 2290  4 
 2291  13 
 2292  6 
 2293  7 
 2294  3 
 2295  3 
 2296  5 
 2297  5 
 2298  1 
 2299  9 
 2300  4 
 2301  6 
 2302  3 
 2303  4 
 2304  2 
 2305  5 
 2306  4 
 2307  7 
 2308  3 
 2309  8 
 2310  8 
 2311  2 
 2312  6 
 2313  5 
 2314  11 
 2315  2 
 2316  9 
 2317  5 
 2318  1 
 2319  4 
 2320  3 
 2321  7 
 2322  2 
 2323  2 
 2324  6 
 2325  4 
 2326  5 
 2327  8 
 2328  7 
 2329  4 
 2330  2 
 2331  4 
 2332  7 
 2333  9 
 2334  2 
 2335  4 
 2336  6 
 2337  4 
 2338  4 
 2339  4 
 2340  3 
 2341  1 
 2342  2 
 2343  3 
 2344  4 
 2345  2 
 2346  10 
 2347  4 
 2348  1 
 2349  6 
 2350  7 
 2351  4 
 2352  1 
 2353  8 
 2354  6 
 2355  5 
 2356  7 
 2357  5 
 2358  4 
 2359  9 
 2360  6 
 2361  3 
 2362  5 
 2363  6 
 2364  4 
 2365  3 
 2366  2 
 2367  5 
 2368  5 
 2369  7 
 2370  2 
 2371  3 
 2372  3 
 2373  2 
 2374  7 
 2375  7 
 2376  6 
 2377  6 
 2378  1 
 2379  7 
 2380  2 
 2381  3 
 2382  3 
 2383  4 
 2384  9 
 2385  3 
 2386  2 
 2387  6 
 2388  6 
 2389  7 
 2390  2 
 2391  4 
 2392  8 
 2393  5 
 2394  7 
 2395  4 
 2396  2 
 2397  7 
 2398  2 
 2399  5 
 2400  4 
 2401  6 
 2402  6 
 2403  3 
 2404  10 
 2405  7 
 2406  6 
 2407  5 
 2408  4 
 2409  4 
 2410  2 
 2411  7 
 2412  3 
 2413  2 
 2414  5 
 2415  4 
 2416  3 
 2417  2 
 2418  3 
 2419  5 
 2420  5 
 2421  3 
 2422  6 
 2423  3 
 2424  10 
 2425  0 
 2426  8 
 2427  5 
 2428  4 
 2429  4 
 2430  6 
 2431  4 
 2432  3 
 2433  2 
 2434  7 
 2435  9 
 2436  5 
 2437  9 
 2438  6 
 2439  6 
 2440  5 
 2441  6 
 2442  2 
 2443  6 
 2444  4 
 2445  4 
 2446  1 
 2447  6 
 2448  7 
 2449  5 
 2450  6 
 2451  5 
 2452  1 
 2453  7 
 2454  4 
 2455  3 
 2456  7 
 2457  8 
 2458  2 
 2459  3 
 2460  5 
 2461  7 
 2462  12 
 2463  7 
 2464  3 
 2465  8 
 2466  9 
 2467  6 
 2468  4 
 2469  2 
 2470  8 
 2471  2 
 2472  4 
 2473  6 
 2474  8 
 2475  6 
 2476  5 
 2477  8 
 2478  0 
 2479  4 
 2480  9 
 2481  8 
 2482  4 
 2483  3 
 2484  1 
 2485  6 
 2486  3 
 2487  6 
 2488  3 
 2489  3 
 2490  4 
 2491  9 
 2492  9 
 2493  8 
 2494  1 
 2495  6 
 2496  7 
 2497  4 
 2498  5 
 2499  8 
 2500  6 
 2501  4 
 2502  3 
 2503  10 
 2504  7 
 2505  5 
 2506  6 
 2507  1 
 2508  5 
 2509  4 
 2510  7 
 2511  7 
 2512  5 
 2513  6 
 2514  7 
 2515  7 
 2516  5 
 2517  5 
 2518  7 
 2519  8 
 2520  5 
 2521  8 
 2522  9 
 2523  4 
 2524  7 
 2525  9 
 2526  2 
 2527  6 
 2528  5 
 2529  5 
 2530  7 
 2531  6 
 2532  5 
 2533  4 
 2534  3 
 2535  4 
 2536  6 
 2537  6 
 2538  8 
 2539  5 
 2540  12 
 2541  5 
 2542  9 
 2543  5 
 2544  6 
 2545  5 
 2546  7 
 2547  12 
 2548  8 
 2549  4 
 2550  5 
 2551  5 
 2552  7 
 2553  5 
 2554  6 
 2555  9 
 2556  5 
 2557  10 
 2558  5 
 2559  7 
 2560  6 
 2561  6 
 2562  15 
 2563  8 
 2564  8 
 2565  6 
 2566  6 
 2567  3 
 2568  7 
 2569  4 
 2570  4 
 2571  3 
 2572  7 
 2573  6 
 2574  8 
 2575  4 
 2576  9 
 2577  10 
 2578  4 
 2579  4 
 2580  10 
 2581  6 
 2582  9 
 2583  5 
 2584  9 
 2585  9 
 2586  6 
 2587  7 
 2588  3 
 2589  13 
 2590  6 
 2591  8 
 2592  10 
 2593  6 
 2594  9 
 2595  2 
 2596  4 
 2597  4 
 2598  7 
 2599  4 
 2600  5 
 2601  8 
 2602  3 
 2603  4 
 2604  4 
 2605  6 
 2606  6 
 2607  7 
 2608  7 
 2609  5 
 2610  5 
 2611  5 
 2612  4 
 2613  3 
 2614  5 
 2615  8 
 2616  3 
 2617  5 
 2618  3 
 2619  5 
 2620  4 
 2621  7 
 2622  11 
 2623  4 
 2624  6 
 2625  2 
 2626  4 
 2627  8 
 2628  3 
 2629  6 
 2630  4 
 2631  8 
 2632  6 
 2633  6 
 2634  6 
 2635  3 
 2636  5 
 2637  8 
 2638  2 
 2639  6 
 2640  5 
 2641  7 
 2642  8 
 2643  5 
 2644  5 
 2645  7 
 2646  12 
 2647  6 
 2648  3 
 2649  7 
 2650  7 
 2651  5 
 2652  4 
 2653  2 
 2654  6 
 2655  6 
 2656  1 
 2657  8 
 2658  6 
 2659  8 
 2660  8 
 2661  6 
 2662  9 
 2663  7 
 2664  4 
 2665  5 
 2666  3 
 2667  7 
 2668  4 
 2669  6 
 2670  10 
 2671  3 
 2672  10 
 2673  9 
 2674  3 
 2675  6 
 2676  4 
 2677  6 
 2678  6 
 2679  10 
 2680  3 
 2681  9 
 2682  9 
 2683  8 
 2684  16 
 2685  6 
 2686  4 
 2687  8 
 2688  2 
 2689  11 
 2690  8 
 2691  6 
 2692  8 
 2693  7 
 2694  6 
 2695  5 
 2696  6 
 2697  8 
 2698  8 
 2699  6 
 2700  9 
 2701  4 
 2702  6 
 2703  6 
 2704  5 
 2705  6 
 2706  3 
 2707  3 
 2708  13 
 2709  4 
 2710  6 
 2711  3 
 2712  5 
 2713  6 
 2714  2 
 2715  6 
 2716  6 
 2717  4 
 2718  7 
 2719  5 
 2720  5 
 2721  4 
 2722  6 
 2723  8 
 2724  7 
 2725  10 
 2726  4 
 2727  7 
 2728  4 
 2729  9 
 2730  11 
 2731  7 
 2732  7 
 2733  9 
 2734  6 
 2735  9 
 2736  6 
 2737  6 
 2738  11 
 2739  3 
 2740  7 
 2741  9 
 2742  8 
 2743  9 
 2744  7 
 2745  5 
 2746  9 
 2747  10 
 2748  7 
 2749  3 
 2750  13 
 2751  12 
 2752  8 
 2753  8 
 2754  8 
 2755  15 
 2756  18 
 2757  8 
 2758  8 
 2759  11 
 2760  10 
 2761  10 
 2762  13 
 2763  8 
 2764  16 
 2765  12 
 2766  12 
 2767  17 
 2768  27 
 2769  17 
 2770  14 
 2771  15 
 2772  20 
 2773  19 
 2774  20 
 2775  19 
 2776  11 
 2777  20 
 2778  15 
 2779  20 
 2780  16 
 2781  26 
 2782  16 
 2783  19 
 2784  15 
 2785  19 
 2786  31 
 2787  16 
 2788  28 
 2789  21 
 2790  20 
 2791  22 
 2792  30 
 2793  25 
 2794  26 
 2795  21 
 2796  23 
 2797  28 
 2798  26 
 2799  31 
 2800  22 
 2801  28 
 2802  19 
 2803  27 
 2804  21 
 2805  24 
 2806  27 
 2807  24 
 2808  16 
 2809  17 
 2810  12 
 2811  17 
 2812  19 
 2813  12 
 2814  18 
 2815  16 
 2816  14 
 2817  15 
 2818  16 
 2819  20 
 2820  12 
 2821  11 
 2822  4 
 2823  9 
 2824  15 
 2825  16 
 2826  16 
 2827  15 
 2828  14 
 2829  12 
 2830  16 
 2831  6 
 2832  10 
 2833  10 
 2834  18 
 2835  15 
 2836  8 
 2837  21 
 2838  24 
 2839  18 
 2840  25 
 2841  20 
 2842  24 
 2843  29 
 2844  40 
 2845  35 
 2846  26 
 2847  38 
 2848  31 
 2849  37 
 2850  30 
 2851  44 
 2852  36 
 2853  48 
 2854  43 
 2855  53 
 2856  59 
 2857  71 
 2858  41 
 2859  59 
 2860  60 
 2861  73 
 2862  73 
 2863  64 
 2864  75 
 2865  86 
 2866  96 
 2867  75 
 2868  108 
 2869  103 
 2870  106 
 2871  89 
 2872  107 
 2873  100 
 2874  107 
 2875  99 
 2876  103 
 2877  107 
 2878  130 
 2879  130 
 2880  115 
 2881  121 
 2882  108 
 2883  135 
 2884  106 
 2885  98 
 2886  106 
 2887  92 
 2888  103 
 2889  98 
 2890  79 
 2891  97 
 2892  102 
 2893  99 
 2894  82 
 2895  83 
 2896  82 
 2897  63 
 2898  71 
 2899  74 
 2900  61 
 2901  53 
 2902  37 
 2903  56 
 2904  40 
 2905  47 
 2906  27 
 2907  31 
 2908  35 
 2909  30 
 2910  26 
 2911  18 
 2912  20 
 2913  21 
 2914  11 
 2915  20 
 2916  16 
 2917  15 
 2918  18 
 2919  16 
 2920  14 
 2921  15 
 2922  6 
 2923  7 
 2924  8 
 2925  7 
 2926  12 
 2927  10 
 2928  6 
 2929  6 
 2930  13 
 2931  9 
 2932  8 
 2933  7 
 2934  1 
 2935  5 
 2936  8 
 2937  9 
 2938  9 
 2939  7 
 2940  8 
 2941  6 
 2942  7 
 2943  9 
 2944  9 
 2945  6 
 2946  9 
 2947  10 
 2948  8 
 2949  7 
 2950  5 
 2951  6 
 2952  11 
 2953  7 
 2954  8 
 2955  7 
 2956  7 
 2957  4 
 2958  8 
 2959  7 
 2960  7 
 2961  6 
 2962  7 
 2963  8 
 2964  11 
 2965  5 
 2966  10 
 2967  4 
 2968  4 
 2969  10 
 2970  8 
 2971  8 
 2972  4 
 2973  5 
 2974  7 
 2975  5 
 2976  9 
 2977  11 
 2978  7 
 2979  5 
 2980  8 
 2981  7 
 2982  9 
 2983  12 
 2984  11 
 2985  5 
 2986  6 
 2987  10 
 2988  9 
 2989  7 
 2990  4 
 2991  4 
 2992  7 
 2993  13 
 2994  7 
 2995  5 
 2996  5 
 2997  11 
 2998  10 
 2999  11 
 3000  8 
 3001  11 
 3002  5 
 3003  9 
 3004  11 
 3005  8 
 3006  10 
 3007  9 
 3008  10 
 3009  13 
 3010  11 
 3011  8 
 3012  11 
 3013  8 
 3014  8 
 3015  13 
 3016  5 
 3017  11 
 3018  9 
 3019  15 
 3020  13 
 3021  11 
 3022  12 
 3023  11 
 3024  9 
 3025  9 
 3026  12 
 3027  13 
 3028  17 
 3029  14 
 3030  6 
 3031  15 
 3032  8 
 3033  10 
 3034  14 
 3035  12 
 3036  11 
 3037  9 
 3038  18 
 3039  16 
 3040  7 
 3041  12 
 3042  11 
 3043  12 
 3044  21 
 3045  19 
 3046  18 
 3047  26 
 3048  25 
 3049  25 
 3050  23 
 3051  29 
 3052  27 
 3053  25 
 3054  32 
 3055  18 
 3056  32 
 3057  44 
 3058  36 
 3059  50 
 3060  54 
 3061  71 
 3062  59 
 3063  65 
 3064  78 
 3065  89 
 3066  96 
 3067  85 
 3068  117 
 3069  98 
 3070  136 
 3071  137 
 3072  178 
 3073  164 
 3074  175 
 3075  196 
 3076  218 
 3077  250 
 3078  318 
 3079  318 
 3080  331 
 3081  368 
 3082  418 
 3083  435 
 3084  488 
 3085  478 
 3086  605 
 3087  628 
 3088  686 
 3089  715 
 3090  780 
 3091  825 
 3092  940 
 3093  995 
 3094  1072 
 3095  1273 
 3096  1322 
 3097  1432 
 3098  1563 
 3099  1751 
 3100  1931 
 3101  2108 
 3102  2299 
 3103  2390 
 3104  2665 
 3105  2790 
 3106  3059 
 3107  3391 
 3108  3570 
 3109  3687 
 3110  4100 
 3111  4074 
 3112  4185 
 3113  4480 
 3114  4484 
 3115  4774 
 3116  4828 
 3117  4795 
 3118  4777 
 3119  4795 
 3120  4571 
 3121  4409 
 3122  4403 
 3123  4153 
 3124  3940 
 3125  3669 
 3126  3439 
 3127  3117 
 3128  2881 
 3129  2670 
 3130  2434 
 3131  2069 
 3132  1932 
 3133  1746 
 3134  1390 
 3135  1288 
 3136  1083 
 3137  970 
 3138  781 
 3139  665 
 3140  548 
 3141  526 
 3142  429 
 3143  358 
 3144  260 
 3145  252 
 3146  192 
 3147  160 
 3148  138 
 3149  129 
 3150  106 
 3151  94 
 3152  74 
 3153  75 
 3154  66 
 3155  49 
 3156  38 
 3157  37 
 3158  45 
 3159  35 
 3160  29 
 3161  29 
 3162  40 
 3163  37 
 3164  32 
 3165  29 
 3166  40 
 3167  34 
 3168  24 
 3169  20 
 3170  18 
 3171  34 
 3172  27 
 3173  24 
 3174  27 
 3175  29 
 3176  33 
 3177  37 
 3178  37 
 3179  37 
 3180  40 
 3181  42 
 3182  46 
 3183  59 
 3184  77 
 3185  57 
 3186  58 
 3187  65 
 3188  67 
 3189  86 
 3190  102 
 3191  86 
 3192  100 
 3193  126 
 3194  113 
 3195  107 
 3196  120 
 3197  112 
 3198  100 
 3199  115 
 3200  118 
 3201  105 
 3202  97 
 3203  82 
 3204  111 
 3205  76 
 3206  85 
 3207  99 
 3208  64 
 3209  60 
 3210  61 
 3211  65 
 3212  44 
 3213  42 
 3214  54 
 3215  37 
 3216  33 
 3217  27 
 3218  25 
 3219  28 
 3220  22 
 3221  20 
 3222  22 
 3223  13 
 3224  13 
 3225  9 
 3226  13 
 3227  7 
 3228  13 
 3229  12 
 3230  11 
 3231  10 
 3232  6 
 3233  8 
 3234  9 
 3235  8 
 3236  6 
 3237  6 
 3238  10 
 3239  4 
 3240  11 
 3241  10 
 3242  13 
 3243  8 
 3244  10 
 3245  11 
 3246  13 
 3247  11 
 3248  17 
 3249  13 
 3250  10 
 3251  7 
 3252  17 
 3253  13 
 3254  8 
 3255  19 
 3256  16 
 3257  16 
 3258  11 
 3259  21 
 3260  19 
 3261  18 
 3262  38 
 3263  27 
 3264  23 
 3265  33 
 3266  32 
 3267  38 
 3268  40 
 3269  44 
 3270  40 
 3271  42 
 3272  59 
 3273  59 
 3274  70 
 3275  78 
 3276  80 
 3277  77 
 3278  113 
 3279  139 
 3280  113 
 3281  135 
 3282  161 
 3283  155 
 3284  165 
 3285  190 
 3286  221 
 3287  264 
 3288  277 
 3289  275 
 3290  360 
 3291  372 
 3292  400 
 3293  454 
 3294  517 
 3295  548 
 3296  571 
 3297  634 
 3298  708 
 3299  699 
 3300  780 
 3301  838 
 3302  861 
 3303  924 
 3304  993 
 3305  1063 
 3306  1095 
 3307  1237 
 3308  1238 
 3309  1282 
 3310  1386 
 3311  1481 
 3312  1444 
 3313  1457 
 3314  1520 
 3315  1549 
 3316  1688 
 3317  1608 
 3318  1641 
 3319  1687 
 3320  1647 
 3321  1731 
 3322  1734 
 3323  1703 
 3324  1722 
 3325  1696 
 3326  1559 
 3327  1683 
 3328  1612 
 3329  1508 
 3330  1600 
 3331  1541 
 3332  1459 
 3333  1365 
 3334  1324 
 3335  1291 
 3336  1158 
 3337  1105 
 3338  1026 
 3339  1034 
 3340  935 
 3341  857 
 3342  747 
 3343  691 
 3344  631 
 3345  574 
 3346  498 
 3347  424 
 3348  418 
 3349  347 
 3350  343 
 3351  295 
 3352  228 
 3353  201 
 3354  162 
 3355  154 
 3356  127 
 3357  133 
 3358  99 
 3359  80 
 3360  81 
 3361  70 
 3362  56 
 3363  63 
 3364  58 
 3365  48 
 3366  45 
 3367  43 
 3368  34 
 3369  38 
 3370  54 
 3371  40 
 3372  57 
 3373  54 
 3374  83 
 3375  81 
 3376  77 
 3377  91 
 3378  86 
 3379  94 
 3380  95 
 3381  101 
 3382  107 
 3383  131 
 3384  136 
 3385  133 
 3386  159 
 3387  179 
 3388  171 
 3389  157 
 3390  165 
 3391  190 
 3392  172 
 3393  187 
 3394  167 
 3395  177 
 3396  166 
 3397  185 
 3398  164 
 3399  154 
 3400  167 
 3401  146 
 3402  129 
 3403  106 
 3404  124 
 3405  118 
 3406  99 
 3407  82 
 3408  86 
 3409  64 
 3410  62 
 3411  50 
 3412  57 
 3413  38 
 3414  35 
 3415  49 
 3416  47 
 3417  29 
 3418  39 
 3419  27 
 3420  34 
 3421  23 
 3422  27 
 3423  34 
 3424  21 
 3425  32 
 3426  16 
 3427  26 
 3428  36 
 3429  42 
 3430  17 
 3431  24 
 3432  26 
 3433  25 
 3434  23 
 3435  17 
 3436  17 
 3437  9 
 3438  28 
 3439  22 
 3440  14 
 3441  13 
 3442  12 
 3443  12 
 3444  6 
 3445  11 
 3446  10 
 3447  7 
 3448  9 
 3449  16 
 3450  7 
 3451  5 
 3452  2 
 3453  7 
 3454  5 
 3455  0 
 3456  2 
 3457  2 
 3458  4 
 3459  0 
 3460  2 
 3461  0 
 3462  1 
 3463  2 
 3464  3 
 3465  0 
 3466  1 
 3467  0 
 3468  0 
 3469  1 
 3470  0 
 3471  0 
 3472  0 
 3473  2 
 3474  1 
 3475  0 
 3476  0 
 3477  0 
 3478  0 
 3479  0 
 3480  0 
 3481  0 
 3482  1 
 3483  2 
 3484  2 
 3485  0 
 3486  0 
 3487  0 
 3488  0 
 3489  0 
 3490  1 
 3491  0 
 3492  0 
 3493  0 
 3494  0 
 3495  1 
 3496  0 
 3497  1 
 3498  0 
 3499  0 
 3500  0 
 3501  0 
 3502  0 
 3503  0 
 3504  1 
 3505  0 
 3506  0 
 3507  1 
 3508  1 
 3509  0 
 3510  0 
 3511  0 
 3512  0 
 3513  0 
 3514  0 
 3515  0 
 3516  0 
 3517  0 
 3518  0 
 3519  0 
 3520  1 
 3521  1 
 3522  1 
 3523  0 
 3524  0 
 3525  0 
 3526  0 
 3527  0 
 3528  0 
 3529  0 
 3530  0 
 3531  1 
 3532  0 
 3533  0 
 3534  0 
 3535  0 
 3536  0 
 3537  0 
 3538  0 
 3539  0 
 3540  0 
 3541  0 
 3542  0 
 3543  0 
 3544  0 
 3545  0 
 3546  0 
 3547  0 
 3548  0 
 3549  0 
 3550  0 
 3551  0 
 3552  0 
 3553  1 
 3554  0 
 3555  0 
 3556  0 
 3557  0 
 3558  0 
 3559  0 
 3560  0 
 3561  0 
 3562  1 
 3563  0 
 3564  0 
 3565  0 
 3566  0 
 3567  0 
 3568  0 
 3569  0 
 3570  0 
 3571  0 
 3572  2 
 3573  0 
 3574  0 
 3575  1 
 3576  1 
 3577  1 
 3578  1 
 3579  0 
 3580  0 
 3581  1 
 3582  1 
 3583  1 
 3584  1 
 3585  0 
 3586  0 
 3587  0 
 3588  0 
 3589  0 
 3590  0 
 3591  0 
 3592  0 
 3593  1 
 3594  0 
 3595  0 
 3596  0 
 3597  0 
 3598  1 
 3599  0 
 3600  0 
 3601  0 
 3602  0 
 3603  0 
 3604  0 
 3605  0 
 3606  0 
 3607  0 
 3608  0 
 3609  0 
 3610  1 
 3611  0 
 3612  1 
 3613  0 
 3614  0 
 3615  0 
 3616  0 
 3617  1 
 3618  0 
 3619  0 
 3620  0 
 3621  1 
 3622  0 
 3623  0 
 3624  0 
 3625  0 
 3626  0 
 3627  0 
 3628  0 
 3629  0 
 3630  1 
 3631  0 
 3632  0 
 3633  0 
 3634  0 
 3635  1 
 3636  0 
 3637  0 
 3638  0 
 3639  0 
 3640  0 
 3641  0 
 3642  0 
 3643  0 
 3644  0 
 3645  0 
 3646  0 
 3647  0 
 3648  0 
 3649  2 
 3650  0 
 3651  0 
 3652  0 
 3653  0 
 3654  0 
 3655  0 
 3656  1 
 3657  0 
 3658  0 
 3659  1 
 3660  0 
 3661  0 
 3662  0 
 3663  0 
 3664  0 
 3665  0 
 3666  0 
 3667  0 
 3668  0 
 3669  0 
 3670  0 
 3671  0 
 3672  0 
 3673  0 
 3674  0 
 3675  1 
 3676  0 
 3677  0 
 3678  0 
 3679  0 
 3680  0 
 3681  0 
 3682  0 
 3683  0 
 3684  0 
 3685  0 
 3686  0 
 3687  0 
 3688  0 
 3689  1 
 3690  0 
 3691  1 
 3692  1 
 3693  0 
 3694  1 
 3695  0 
 3696  0 
 3697  0 
 3698  0 
 3699  0 
 3700  0 
 3701  1 
 3702  0 
 3703  0 
 3704  1 
 3705  0 
 3706  0 
 3707  0 
 3708  0 
 3709  0 
 3710  0 
 3711  0 
 3712  1 
 3713  0 
 3714  1 
 3715  0 
 3716  1 
 3717  0 
 3718  0 
 3719  0 
 3720  0 
 3721  0 
 3722  0 
 3723  0 
 3724  0 
 3725  0 
 3726  1 
 3727  0 
 3728  0 
 3729  0 
 3730  0 
 3731  0 
 3732  1 
 3733  0 
 3734  0 
 3735  0 
 3736  0 
 3737  0 
 3738  0 
 3739  0 
 3740  0 
 3741  0 
 3742  0 
 3743  0 
 3744  0 
 3745  0 
 3746  0 
 3747  0 
 3748  0 
 3749  0 
 3750  0 
 3751  0 
 3752  0 
 3753  0 
 3754  0 
 3755  0 
 3756  0 
 3757  1 
 3758  1 
 3759  0 
 3760  0 
 3761  0 
 3762  0 
 3763  0 
 3764  0 
 3765  1 
 3766  0 
 3767  0 
 3768  0 
 3769  0 
 3770  0 
 3771  0 
 3772  0 
 3773  1 
 3774  0 
 3775  2 
 3776  0 
 3777  0 
 3778  0 
 3779  0 
 3780  0 
 3781  0 
 3782  1 
 3783  1 
 3784  0 
 3785  1 
 3786  0 
 3787  0 
 3788  0 
 3789  0 
 3790  0 
 3791  0 
 3792  0 
 3793  0 
 3794  0 
 3795  0 
 3796  0 
 3797  0 
 3798  0 
 3799  0 
 3800  0 
 3801  0 
 3802  0 
 3803  0 
 3804  0 
 3805  0 
 3806  0 
 3807  0 
 3808  0 
 3809  0 
 3810  0 
 3811  0 
 3812  0 
 3813  0 
 3814  0 
 3815  0 
 3816  0 
 3817  0 
 3818  1 
 3819  1 
 3820  0 
 3821  0 
 3822  0 
 3823  0 
 3824  0 
 3825  0 
 3826  0 
 3827  0 
 3828  0 
 3829  0 
 3830  1 
 3831  0 
 3832  0 
 3833  0 
 3834  0 
 3835  0 
 3836  0 
 3837  0 
 3838  1 
 3839  0 
 3840  0 
 3841  0 
 3842  0 
 3843  0 
 3844  0 
 3845  0 
 3846  1 
 3847  0 
 3848  0 
 3849  0 
 3850  0 
 3851  0 
 3852  0 
 3853  0 
 3854  0 
 3855  0 
 3856  0 
 3857  0 
 3858  0 
 3859  1 
 3860  0 
 3861  0 
 3862  0 
 3863  0 
 3864  0 
 3865  0 
 3866  0 
 3867  1 
 3868  0 
 3869  0 
 3870  0 
 3871  0 
 3872  0 
 3873  0 
 3874  0 
 3875  0 
 3876  0 
 3877  1 
 3878  0 
 3879  0 
 3880  0 
 3881  0 
 3882  0 
 3883  0 
 3884  0 
 3885  0 
 3886  0 
 3887  1 
 3888  0 
 3889  0 
 3890  0 
 3891  0 
 3892  0 
 3893  0 
 3894  0 
 3895  0 
 3896  0 
 3897  0 
 3898  1 
 3899  0 
 3900  1 
 3901  0 
 3902  0 
 3903  0 
 3904  0 
 3905  0 
 3906  0 
 3907  0 
 3908  0 
 3909  0 
 3910  0 
 3911  0 
 3912  0 
 3913  1 
 3914  0 
 3915  0 
 3916  0 
 3917  0 
 3918  0 
 3919  0 
 3920  0 
 3921  0 
 3922  0 
 3923  0 
 3924  1 
 3925  0 
 3926  0 
 3927  1 
 3928  0 
 3929  0 
 3930  0 
 3931  0 
 3932  0 
 3933  0 
 3934  0 
 3935  0 
 3936  0 
 3937  0 
 3938  0 
 3939  0 
 3940  1 
 3941  0 
 3942  0 
 3943  0 
 3944  0 
 3945  0 
 3946  0 
 3947  0 
 3948  0 
 3949  0 
 3950  0 
 3951  0 
 3952  0 
 3953  0 
 3954  0 
 3955  0 
 3956  0 
 3957  1 
 3958  0 
 3959  0 
 3960  0 
 3961  0 
 3962  0 
 3963  0 
 3964  0 
 3965  1 
 3966  0 
 3967  3 
 3968  0 
 3969  1 
 3970  0 
 3971  0 
 3972  0 
 3973  0 
 3974  0 
 3975  0 
 3976  0 
 3977  0 
 3978  0 
 3979  0 
 3980  0 
 3981  0 
 3982  0 
 3983  0 
 3984  0 
 3985  0 
 3986  0 
 3987  0 
 3988  0 
 3989  0 
 3990  0 
 3991  0 
 3992  0 
 3993  0 
 3994  0 
 3995  0 
 3996  0 
 3997  0 
 3998  0 
 3999  0 
 4000  0 
 4001  0 
 4002  0 
 4003  0 
 4004  0 
 4005  0 
 4006  0 
 4007  0 
 4008  0 
 4009  0 
 4010  0 
 4011  0 
 4012  0 
 4013  0 
 4014  0 
 4015  0 
 4016  0 
 4017  0 
 4018  0 
 4019  0 
 4020  0 
 4021  0 
 4022  0 
 4023  0 
 4024  0 
 4025  0 
 4026  1 
 4027  0 
 4028  0 
 4029  0 
 4030  0 
 4031  0 
 4032  0 
 4033  0 
 4034  0 
 4035  0 
 4036  0 
 4037  0 
 4038  0 
 4039  0 
 4040  0 
 4041  0 
 4042  0 
 4043  0 
 4044  0 
 4045  0 
 4046  0 
 4047  0 
 4048  0 
 4049  0 
 4050  0 
 4051  1 
 4052  0 
 4053  0 
 4054  0 
 4055  0 
 4056  0 
 4057  0 
 4058  1 
 4059  0 
 4060  0 
 4061  0 
 4062  0 
 4063  0 
 4064  0 
 4065  0 
 4066  0 
 4067  0 
 4068  0 
 4069  0 
 4070  0 
 4071  0 
 4072  0 
 4073  0 
 4074  0 
 4075  0 
 4076  0 
 4077  0 
 4078  0 
 4079  0 
 4080  0 
 4081  0 
 4082  1 
 4083  0 
 4084  0 
 4085  0 
 4086  0 
 4087  0 
 4088  0 
 4089  0 
 4090  0 
 4091  0 
 4092  0 
 4093  1 
 4094  0 
 4095  1 
 4096  0 
 4097  0 
 4098  0 
 4099  0 
 4100  0 
 4101  0 
 4102  0 
 4103  0 
 4104  0 
 4105  0 
 4106  0 
 4107  0 
 4108  0 
 4109  0 
 4110  0 
 4111  0 
 4112  0 
 4113  0 
 4114  0 
 4115  0 
 4116  0 
 4117  0 
 4118  0 
 4119  0 
 4120  0 
 4121  0 
 4122  0 
 4123  0 
 4124  0 
 4125  0 
 4126  1 
 4127  0 
 4128  0 
 4129  0 
 4130  0 
 4131  0 
 4132  0 
 4133  0 
 4134  1 
 4135  0 
 4136  0 
 4137  0 
 4138  0 
 4139  0 
 4140  1 
 4141  0 
 4142  0 
 4143  0 
 4144  0 
 4145  0 
 4146  0 
 4147  0 
 4148  0 
 4149  0 
 4150  0 
 4151  0 
 4152  0 
 4153  0 
 4154  0 
 4155  0 
 4156  0 
 4157  0 
 4158  1 
 4159  0 
 4160  0 
 4161  0 
 4162  0 
 4163  0 
 4164  0 
 4165  0 
 4166  0 
 4167  0 
 4168  0 
 4169  0 
 4170  0 
 4171  0 
 4172  0 
 4173  0 
 4174  0 
 4175  0 
 4176  0 
 4177  0 
 4178  0 
 4179  1 
 4180  0 
 4181  0 
 4182  0 
 4183  0 
 4184  0 
 4185  0 
 4186  0 
 4187  0 
 4188  0 
 4189  0 
 4190  0 
 4191  1 
 4192  0 
 4193  0 
 4194  0 
 4195  0 
 4196  0 
 4197  0 
 4198  0 
 4199  0 
 4200  0 
 4201  0 
 4202  0 
 4203  0 
 4204  0 
 4205  1 
 4206  0 
 4207  0 
 4208  0 
 4209  0 
 4210  0 
 4211  0 
 4212  0 
 4213  0 
 4214  0 
 4215  0 
 4216  0 
 4217  0 
 4218  0 
 4219  0 
 4220  0 
 4221  0 
 4222  0 
 4223  1 
 4224  1 
 4225  0 
 4226  0 
 4227  0 
 4228  0 
 4229  0 
 4230  0 
 4231  0 
 4232  0 
 4233  0 
 4234  0 
 4235  0 
 4236  0 
 4237  1 
 4238  0 
 4239  0 
 4240  0 
 4241  0 
 4242  0 
 4243  0 
 4244  0 
 4245  0 
 4246  0 
 4247  0 
 4248  0 
 4249  0 
 4250  0 
 4251  0 
 4252  1 
 4253  0 
 4254  0 
 4255  0 
 4256  0 
 4257  0 
 4258  1 
 4259  0 
 4260  0 
 4261  0 
 4262  0 
 4263  1 
 4264  0 
 4265  0 
 4266  0 
 4267  0 
 4268  1 
 4269  0 
 4270  0 
 4271  0 
 4272  0 
 4273  1 
 4274  0 
 4275  0 
 4276  0 
 4277  0 
 4278  0 
 4279  0 
 4280  0 
 4281  0 
 4282  0 
 4283  0 
 4284  0 
 4285  1 
 4286  1 
 4287  2 
 4288  0 
 4289  0 
 4290  1 
 4291  0 
 4292  0 
 4293  0 
 4294  1 
 4295  0 
 4296  0 
 4297  0 
 4298  0 
 4299  0 
 4300  0 
 4301  0 
 4302  0 
 4303  0 
 4304  0 
 4305  0 
 4306  0 
 4307  0 
 4308  1 
 4309  0 
 4310  0 
 4311  0 
 4312  0 
 4313  0 
 4314  0 
 4315  0 
 4316  0 
 4317  0 
 4318  0 
 4319  0 
 4320  0 
 4321  0 
 4322  0 
 4323  0 
 4324  0 
 4325  0 
 4326  0 
 4327  0 
 4328  0 
 4329  0 
 4330  1 
 4331  0 
 4332  0 
 4333  0 
 4334  0 
 4335  0 
 4336  0 
 4337  0 
 4338  0 
 4339  0 
 4340  0 
 4341  0 
 4342  0 
 4343  0 
 4344  0 
 4345  1 
 4346  0 
 4347  0 
 4348  1 
 4349  1 
 4350  0 
 4351  0 
 4352  0 
 4353  0 
 4354  0 
 4355  0 
 4356  0 
 4357  0 
 4358  0 
 4359  0 
 4360  0 
 4361  0 
 4362  0 
 4363  0 
 4364  0 
 4365  0 
 4366  0 
 4367  0 
 4368  0 
 4369  0 
 4370  0 
 4371  0 
 4372  0 
 4373  0 
 4374  0 
 4375  0 
 4376  0 
 4377  0 
 4378  0 
 4379  0 
 4380  1 
 4381  0 
 4382  0 
 4383  0 
 4384  0 
 4385  0 
 4386  0 
 4387  0 
 4388  0 
 4389  0 
 4390  0 
 4391  0 
 4392  0 
 4393  0 
 4394  0 
 4395  0 
 4396  0 
 4397  0 
 4398  0 
 4399  0 
 4400  0 
 4401  0 
 4402  0 
 4403  0 
 4404  0 
 4405  0 
 4406  0 
 4407  0 
 4408  0 
 4409  0 
 4410  0 
 4411  0 
 4412  0 
 4413  1 
 4414  0 
 4415  0 
 4416  0 
 4417  1 
 4418  0 
 4419  0 
 4420  0 
 4421  0 
 4422  0 
 4423  0 
 4424  0 
 4425  0 
 4426  0 
 4427  0 
 4428  0 
 4429  0 
 4430  0 
 4431  0 
 4432  0 
 4433  0 
 4434  0 
 4435  0 
 4436  0 
 4437  0 
 4438  0 
 4439  0 
 4440  0 
 4441  0 
 4442  0 
 4443  0 
 4444  0 
 4445  1 
 4446  0 
 4447  0 
 4448  0 
 4449  2 
 4450  0 
 4451  0 
 4452  0 
 4453  0 
 4454  0 
 4455  0 
 4456  0 
 4457  0 
 4458  0 
 4459  0 
 4460  0 
 4461  0 
 4462  0 
 4463  0 
 4464  0 
 4465  0 
 4466  0 
 4467  0 
 4468  0 
 4469  0 
 4470  0 
 4471  0 
 4472  0 
 4473  0 
 4474  0 
 4475  0 
 4476  0 
 4477  0 
 4478  0 
 4479  0 
 4480  1 
 4481  0 
 4482  0 
 4483  0 
 4484  0 
 4485  0 
 4486  0 
 4487  0 
 4488  0 
 4489  0 
 4490  0 
 4491  0 
 4492  0 
 4493  1 
 4494  0 
 4495  0 
 4496  0 
 4497  0 
 4498  0 
 4499  0 
 4500  0 
 4501  0 
 4502  0 
 4503  0 
 4504  0 
 4505  0 
 4506  0 
 4507  0 
 4508  0 
 4509  0 
 4510  0 
 4511  0 
 4512  0 
 4513  0 
 4514  0 
 4515  0 
 4516  0 
 4517  0 
 4518  0 
 4519  1 
 4520  0 
 4521  0 
 4522  0 
 4523  0 
 4524  1 
 4525  0 
 4526  0 
 4527  1 
 4528  0 
 4529  0 
 4530  0 
 4531  0 
 4532  0 
 4533  0 
 4534  0 
 4535  0 
 4536  0 
 4537  0 
 4538  0 
 4539  0 
 4540  0 
 4541  0 
 4542  0 
 4543  1 
 4544  0 
 4545  0 
 4546  0 
 4547  0 
 4548  0 
 4549  0 
 4550  0 
 4551  0 
 4552  0 
 4553  0 
 4554  0 
 4555  0 
 4556  0 
 4557  0 
 4558  0 
 4559  0 
 4560  0 
 4561  0 
 4562  0 
 4563  1 
 4564  0 
 4565  0 
 4566  0 
 4567  0 
 4568  0 
 4569  0 
 4570  0 
 4571  0 
 4572  0 
 4573  0 
 4574  0 
 4575  0 
 4576  0 
 4577  0 
 4578  0 
 4579  0 
 4580  0 
 4581  0 
 4582  0 
 4583  0 
 4584  0 
 4585  0 
 4586  0 
 4587  1 
 4588  0 
 4589  0 
 4590  0 
 4591  0 
 4592  0 
 4593  0 
 4594  0 
 4595  0 
 4596  0 
 4597  0 
 4598  0 
 4599  0 
 4600  0 
 4601  0 
 4602  0 
 4603  0 
 4604  2 
 4605  0 
 4606  0 
 4607  0 
 4608  0 
 4609  0 
 4610  0 
 4611  0 
 4612  0 
 4613  1 
 4614  0 
 4615  0 
 4616  0 
 4617  0 
 4618  0 
 4619  0 
 4620  0 
 4621  0 
 4622  0 
 4623  0 
 4624  0 
 4625  0 
 4626  0 
 4627  0 
 4628  0 
 4629  0 
 4630  0 
 4631  0 
 4632  0 
 4633  0 
 4634  0 
 4635  0 
 4636  0 
 4637  0 
 4638  0 
 4639  0 
 4640  0 
 4641  0 
 4642  0 
 4643  0 
 4644  0 
 4645  0 
 4646  0 
 4647  0 
 4648  0 
 4649  0 
 4650  0 
 4651  1 
 4652  0 
 4653  0 
 4654  0 
 4655  0 
 4656  1 
 4657  0 
 4658  0 
 4659  0 
 4660  0 
 4661  0 
 4662  0 
 4663  0 
 4664  0 
 4665  0 
 4666  0 
 4667  0 
 4668  0 
 4669  0 
 4670  0 
 4671  0 
 4672  0 
 4673  0 
 4674  0 
 4675  0 
 4676  0 
 4677  0 
 4678  0 
 4679  0 
 4680  0 
 4681  0 
 4682  0 
 4683  0 
 4684  0 
 4685  0 
 4686  0 
 4687  1 
 4688  0 
 4689  0 
 4690  0 
 4691  0 
 4692  0 
 4693  0 
 4694  0 
 4695  0 
 4696  0 
 4697  0 
 4698  0 
 4699  0 
 4700  0 
 4701  1 
 4702  0 
 4703  0 
 4704  0 
 4705  0 
 4706  0 
 4707  0 
 4708  1 
 4709  0 
 4710  0 
 4711  0 
 4712  1 
 4713  0 
 4714  0 
 4715  1 
 4716  0 
 4717  0 
 4718  0 
 4719  0 
 4720  0 
 4721  0 
 4722  1 
 4723  0 
 4724  0 
 4725  0 
 4726  0 
 4727  0 
 4728  0 
 4729  1 
 4730  1 
 4731  0 
 4732  0 
 4733  0 
 4734  0 
 4735  0 
 4736  0 
 4737  0 
 4738  1 
 4739  0 
 4740  0 
 4741  1 
 4742  0 
 4743  0 
 4744  0 
 4745  1 
 4746  0 
 4747  0 
 4748  0 
 4749  0 
 4750  0 
 4751  0 
 4752  0 
 4753  0 
 4754  0 
 4755  0 
 4756  0 
 4757  0 
 4758  0 
 4759  0 
 4760  0 
 4761  0 
 4762  0 
 4763  0 
 4764  0 
 4765  0 
 4766  0 
 4767  0 
 4768  0 
 4769  0 
 4770  0 
 4771  0 
 4772  0 
 4773  0 
 4774  0 
 4775  0 
 4776  0 
 4777  0 
 4778  1 
 4779  0 
 4780  1 
 4781  0 
 4782  0 
 4783  0 
 4784  0 
 4785  0 
 4786  0 
 4787  0 
 4788  0 
 4789  0 
 4790  0 
 4791  1 
 4792  1 
 4793  1 
 4794  0 
 4795  0 
 4796  0 
 4797  0 
 4798  0 
 4799  0 
 4800  0 
 4801  0 
 4802  0 
 4803  0 
 4804  0 
 4805  0 
 4806  0 
 4807  0 
 4808  0 
 4809  0 
 4810  0 
 4811  0 
 4812  0 
 4813  1 
 4814  0 
 4815  0 
 4816  0 
 4817  0 
 4818  0 
 4819  0 
 4820  0 
 4821  0 
 4822  0 
 4823  2 
 4824  0 
 4825  0 
 4826  1 
 4827  0 
 4828  0 
 4829  0 
 4830  0 
 4831  0 
 4832  0 
 4833  0 
 4834  0 
 4835  0 
 4836  0 
 4837  0 
 4838  0 
 4839  0 
 4840  0 
 4841  1 
 4842  0 
 4843  1 
 4844  0 
 4845  0 
 4846  0 
 4847  0 
 4848  0 
 4849  1 
 4850  0 
 4851  1 
 4852  0 
 4853  0 
 4854  0 
 4855  0 
 4856  0 
 4857  0 
 4858  0 
 4859  0 
 4860  0 
 4861  0 
 4862  0 
 4863  0 
 4864  0 
 4865  0 
 4866  0 
 4867  0 
 4868  0 
 4869  0 
 4870  0 
 4871  0 
 4872  0 
 4873  0 
 4874  0 
 4875  0 
 4876  0 
 4877  0 
 4878  0 
 4879  0 
 4880  0 
 4881  0 
 4882  0 
 4883  0 
 4884  0 
 4885  0 
 4886  0 
 4887  0 
 4888  0 
 4889  0 
 4890  0 
 4891  0 
 4892  0 
 4893  0 
 4894  0 
 4895  0 
 4896  0 
 4897  1 
 4898  0 
 4899  0 
 4900  0 
 4901  0 
 4902  0 
 4903  0 
 4904  0 
 4905  0 
 4906  0 
 4907  0 
 4908  0 
 4909  0 
 4910  0 
 4911  1 
 4912  0 
 4913  0 
 4914  0 
 4915  0 
 4916  0 
 4917  0 
 4918  0 
 4919  0 
 4920  0 
 4921  0 
 4922  0 
 4923  0 
 4924  0 
 4925  0 
 4926  0 
 4927  0 
 4928  0 
 4929  0 
 4930  0 
 4931  0 
 4932  0 
 4933  0 
 4934  0 
 4935  0 
 4936  0 
 4937  0 
 4938  0 
 4939  0 
 4940  0 
 4941  0 
 4942  0 
 4943  0 
 4944  0 
 4945  0 
 4946  0 
 4947  0 
 4948  0 
 4949  0 
 4950  0 
 4951  0 
 4952  0 
 4953  0 
 4954  0 
 4955  1 
 4956  0 
 4957  0 
 4958  0 
 4959  0 
 4960  0 
 4961  0 
 4962  0 
 4963  0 
 4964  0 
 4965  0 
 4966  1 
 4967  0 
 4968  0 
 4969  0 
 4970  0 
 4971  0 
 4972  0 
 4973  0 
 4974  0 
 4975  0 
 4976  0 
 4977  0 
 4978  0 
 4979  0 
 4980  1 
 4981  0 
 4982  0 
 4983  0 
 4984  0 
 4985  0 
 4986  0 
 4987  0 
 4988  0 
 4989  0 
 4990  0 
 4991  1 
 4992  1 
 4993  0 
 4994  0 
 4995  0 
 4996  0 
 4997  0 
 4998  0 
 4999  0 
 5000  0 
 5001  0 
 5002  0 
 5003  0 
 5004  0 
 5005  0 
 5006  0 
 5007  0 
 5008  0 
 5009  0 
 5010  0 
 5011  0 
 5012  0 
 5013  0 
 5014  0 
 5015  0 
 5016  0 
 5017  1 
 5018  0 
 5019  0 
 5020  0 
 5021  0 
 5022  1 
 5023  0 
 5024  0 
 5025  0 
 5026  1 
 5027  1 
 5028  0 
 5029  0 
 5030  0 
 5031  0 
 5032  0 
 5033  0 
 5034  0 
 5035  0 
 5036  0 
 5037  0 
 5038  0 
 5039  0 
 5040  0 
 5041  0 
 5042  0 
 5043  0 
 5044  0 
 5045  1 
 5046  0 
 5047  0 
 5048  0 
 5049  0 
 5050  0 
 5051  0 
 5052  0 
 5053  0 
 5054  0 
 5055  0 
 5056  0 
 5057  0 
 5058  0 
 5059  0 
 5060  1 
 5061  0 
 5062  0 
 5063  0 
 5064  0 
 5065  0 
 5066  1 
 5067  0 
 5068  0 
 5069  0 
 5070  1 
 5071  0 
 5072  0 
 5073  0 
 5074  0 
 5075  1 
 5076  0 
 5077  0 
 5078  0 
 5079  0 
 5080  0 
 5081  0 
 5082  0 
 5083  0 
 5084  0 
 5085  0 
 5086  0 
 5087  0 
 5088  0 
 5089  1 
 5090  0 
 5091  0 
 5092  0 
 5093  1 
 5094  0 
 5095  1 
 5096  0 
 5097  0 
 5098  0 
 5099  0 
 5100  0 
 5101  1 
 5102  0 
 5103  0 
 5104  0 
 5105  0 
 5106  1 
 5107  1 
 5108  0 
 5109  0 
 5110  1 
 5111  0 
 5112  0 
 5113  0 
 5114  0 
 5115  0 
 5116  0 
 5117  0 
 5118  0 
 5119  0 
 5120  0 
 5121  0 
 5122  0 
 5123  1 
 5124  0 
 5125  0 
 5126  0 
 5127  0 
 5128  0 
 5129  0 
 5130  0 
 5131  0 
 5132  0 
 5133  0 
 5134  0 
 5135  0 
 5136  0 
 5137  0 
 5138  1 
 5139  1 
 5140  1 
 5141  0 
 5142  1 
 5143  0 
 5144  0 
 5145  1 
 5146  0 
 5147  0 
 5148  0 
 5149  0 
 5150  2 
 5151  1 
 5152  0 
 5153  1 
 5154  0 
 5155  0 
 5156  0 
 5157  0 
 5158  0 
 5159  0 
 5160  0 
 5161  0 
 5162  0 
 5163  0 
 5164  0 
 5165  0 
 5166  2 
 5167  1 
 5168  1 
 5169  1 
 5170  1 
 5171  0 
 5172  0 
 5173  1 
 5174  0 
 5175  1 
 5176  0 
 5177  0 
 5178  0 
 5179  0 
 5180  0 
 5181  0 
 5182  0 
 5183  0 
 5184  0 
 5185  0 
 5186  1 
 5187  1 
 5188  0 
 5189  0 
 5190  0 
 5191  0 
 5192  0 
 5193  1 
 5194  0 
 5195  0 
 5196  0 
 5197  1 
 5198  0 
 5199  1 
 5200  1 
 5201  2 
 5202  0 
 5203  1 
 5204  0 
 5205  1 
 5206  0 
 5207  1 
 5208  0 
 5209  1 
 5210  0 
 5211  0 
 5212  0 
 5213  0 
 5214  0 
 5215  1 
 5216  0 
 5217  0 
 5218  0 
 5219  0 
 5220  0 
 5221  0 
 5222  0 
 5223  0 
 5224  1 
 5225  0 
 5226  0 
 5227  0 
 5228  0 
 5229  0 
 5230  1 
 5231  0 
 5232  0 
 5233  0 
 5234  0 
 5235  0 
 5236  0 
 5237  0 
 5238  0 
 5239  0 
 5240  0 
 5241  0 
 5242  3 
 5243  0 
 5244  0 
 5245  1 
 5246  2 
 5247  1 
 5248  0 
 5249  0 
 5250  2 
 5251  0 
 5252  0 
 5253  0 
 5254  0 
 5255  1 
 5256  0 
 5257  1 
 5258  0 
 5259  0 
 5260  0 
 5261  0 
 5262  0 
 5263  0 
 5264  2 
 5265  0 
 5266  0 
 5267  0 
 5268  1 
 5269  1 
 5270  2 
 5271  0 
 5272  0 
 5273  0 
 5274  1 
 5275  0 
 5276  0 
 5277  0 
 5278  0 
 5279  0 
 5280  0 
 5281  0 
 5282  0 
 5283  1 
 5284  0 
 5285  0 
 5286  0 
 5287  0 
 5288  3 
 5289  0 
 5290  2 
 5291  1 
 5292  0 
 5293  0 
 5294  0 
 5295  1 
 5296  0 
 5297  1 
 5298  1 
 5299  0 
 5300  2 
 5301  0 
 5302  0 
 5303  0 
 5304  1 
 5305  2 
 5306  1 
 5307  0 
 5308  1 
 5309  0 
 5310  1 
 5311  2 
 5312  0 
 5313  0 
 5314  0 
 5315  1 
 5316  0 
 5317  0 
 5318  0 
 5319  0 
 5320  0 
 5321  0 
 5322  0 
 5323  2 
 5324  0 
 5325  0 
 5326  0 
 5327  0 
 5328  0 
 5329  0 
 5330  0 
 5331  0 
 5332  0 
 5333  0 
 5334  0 
 5335  0 
 5336  0 
 5337  0 
 5338  0 
 5339  2 
 5340  0 
 5341  0 
 5342  1 
 5343  0 
 5344  0 
 5345  1 
 5346  0 
 5347  0 
 5348  0 
 5349  0 
 5350  1 
 5351  0 
 5352  0 
 5353  1 
 5354  1 
 5355  0 
 5356  0 
 5357  0 
 5358  0 
 5359  0 
 5360  0 
 5361  1 
 5362  0 
 5363  1 
 5364  1 
 5365  0 
 5366  0 
 5367  0 
 5368  0 
 5369  1 
 5370  1 
 5371  0 
 5372  1 
 5373  1 
 5374  2 
 5375  1 
 5376  0 
 5377  0 
 5378  0 
 5379  1 
 5380  0 
 5381  0 
 5382  0 
 5383  0 
 5384  1 
 5385  0 
 5386  0 
 5387  1 
 5388  0 
 5389  0 
 5390  0 
 5391  1 
 5392  0 
 5393  0 
 5394  0 
 5395  0 
 5396  0 
 5397  0 
 5398  0 
 5399  0 
 5400  0 
 5401  1 
 5402  0 
 5403  0 
 5404  0 
 5405  0 
 5406  0 
 5407  0 
 5408  0 
 5409  0 
 5410  0 
 5411  0 
 5412  0 
 5413  0 
 5414  0 
 5415  0 
 5416  0 
 5417  0 
 5418  1 
 5419  0 
 5420  0 
 5421  0 
 5422  0 
 5423  0 
 5424  0 
 5425  0 
 5426  0 
 5427  0 
 5428  1 
 5429  1 
 5430  0 
 5431  0 
 5432  0 
 5433  0 
 5434  0 
 5435  1 
 5436  0 
 5437  1 
 5438  0 
 5439  1 
 5440  0 
 5441  0 
 5442  0 
 5443  0 
 5444  0 
 5445  0 
 5446  0 
 5447  0 
 5448  0 
 5449  0 
 5450  0 
 5451  0 
 5452  0 
 5453  0 
 5454  0 
 5455  0 
 5456  0 
 5457  0 
 5458  0 
 5459  1 
 5460  0 
 5461  0 
 5462  0 
 5463  0 
 5464  0 
 5465  0 
 5466  0 
 5467  0 
 5468  0 
 5469  0 
 5470  0 
 5471  0 
 5472  0 
 5473  0 
 5474  0 
 5475  0 
 5476  0 
 5477  0 
 5478  0 
 5479  0 
 5480  0 
 5481  0 
 5482  0 
 5483  0 
 5484  0 
 5485  0 
 5486  1 
 5487  0 
 5488  0 
 5489  2 
 5490  0 
 5491  0 
 5492  0 
 5493  0 
 5494  0 
 5495  0 
 5496  0 
 5497  0 
 5498  0 
 5499  0 
 5500  0 
 5501  0 
 5502  0 
 5503  0 
 5504  0 
 5505  0 
 5506  0 
 5507  0 
 5508  0 
 5509  0 
 5510  0 
 5511  0 
 5512  0 
 5513  1 
 5514  0 
 5515  0 
 5516  1 
 5517  0 
 5518  0 
 5519  0 
 5520  0 
 5521  0 
 5522  0 
 5523  0 
 5524  0 
 5525  0 
 5526  1 
 5527  0 
 5528  0 
 5529  0 
 5530  0 
 5531  1 
 5532  0 
 5533  0 
 5534  0 
 5535  0 
 5536  0 
 5537  0 
 5538  0 
 5539  0 
 5540  0 
 5541  0 
 5542  0 
 5543  0 
 5544  0 
 5545  0 
 5546  0 
 5547  1 
 5548  0 
 5549  0 
 5550  0 
 5551  2 
 5552  0 
 5553  0 
 5554  0 
 5555  0 
 5556  0 
 5557  0 
 5558  0 
 5559  0 
 5560  0 
 5561  0 
 5562  0 
 5563  0 
 5564  0 
 5565  1 
 5566  0 
 5567  0 
 5568  0 
 5569  1 
 5570  0 
 5571  0 
 5572  0 
 5573  0 
 5574  0 
 5575  0 
 5576  0 
 5577  0 
 5578  0 
 5579  0 
 5580  0 
 5581  0 
 5582  1 
 5583  0 
 5584  0 
 5585  1 
 5586  0 
 5587  0 
 5588  0 
 5589  0 
 5590  0 
 5591  0 
 5592  0 
 5593  0 
 5594  0 
 5595  0 
 5596  0 
 5597  0 
 5598  0 
 5599  0 
 5600  0 
 5601  0 
 5602  0 
 5603  1 
 5604  0 
 5605  0 
 5606  0 
 5607  0 
 5608  0 
 5609  0 
 5610  0 
 5611  0 
 5612  0 
 5613  0 
 5614  0 
 5615  0 
 5616  0 
 5617  0 
 5618  0 
 5619  0 
 5620  0 
 5621  0 
 5622  0 
 5623  0 
 5624  0 
 5625  1 
 5626  1 
 5627  0 
 5628  1 
 5629  0 
 5630  0 
 5631  0 
 5632  0 
 5633  0 
 5634  1 
 5635  0 
 5636  0 
 5637  0 
 5638  0 
 5639  0 
 5640  0 
 5641  1 
 5642  0 
 5643  1 
 5644  1 
 5645  0 
 5646  0 
 5647  0 
 5648  0 
 5649  0 
 5650  0 
 5651  0 
 5652  0 
 5653  0 
 5654  0 
 5655  0 
 5656  0 
 5657  1 
 5658  1 
 5659  0 
 5660  0 
 5661  0 
 5662  0 
 5663  0 
 5664  0 
 5665  1 
 5666  0 
 5667  0 
 5668  0 
 5669  0 
 5670  0 
 5671  0 
 5672  0 
 5673  1 
 5674  1 
 5675  0 
 5676  0 
 5677  0 
 5678  0 
 5679  0 
 5680  0 
 5681  0 
 5682  1 
 5683  0 
 5684  0 
 5685  0 
 5686  0 
 5687  0 
 5688  0 
 5689  0 
 5690  0 
 5691  0 
 5692  0 
 5693  1 
 5694  0 
 5695  0 
 5696  0 
 5697  0 
 5698  0 
 5699  0 
 5700  0 
 5701  0 
 5702  1 
 5703  1 
 5704  0 
 5705  0 
 5706  0 
 5707  0 
 5708  1 
 5709  0 
 5710  0 
 5711  0 
 5712  0 
 5713  0 
 5714  0 
 5715  0 
 5716  1 
 5717  0 
 5718  0 
 5719  0 
 5720  0 
 5721  0 
 5722  0 
 5723  0 
 5724  0 
 5725  2 
 5726  0 
 5727  0 
 5728  0 
 5729  0 
 5730  0 
 5731  0 
 5732  0 
 5733  0 
 5734  0 
 5735  0 
 5736  0 
 5737  3 
 5738  0 
 5739  0 
 5740  0 
 5741  0 
 5742  0 
 5743  0 
 5744  0 
 5745  0 
 5746  1 
 5747  0 
 5748  0 
 5749  0 
 5750  0 
 5751  1 
 5752  0 
 5753  0 
 5754  0 
 5755  0 
 5756  0 
 5757  0 
 5758  0 
 5759  1 
 5760  0 
 5761  0 
 5762  0 
 5763  0 
 5764  0 
 5765  0 
 5766  0 
 5767  1 
 5768  0 
 5769  0 
 5770  0 
 5771  0 
 5772  0 
 5773  0 
 5774  0 
 5775  1 
 5776  0 
 5777  1 
 5778  0 
 5779  0 
 5780  0 
 5781  0 
 5782  0 
 5783  1 
 5784  0 
 5785  0 
 5786  0 
 5787  1 
 5788  0 
 5789  0 
 5790  0 
 5791  1 
 5792  0 
 5793  0 
 5794  0 
 5795  0 
 5796  1 
 5797  0 
 5798  0 
 5799  1 
 5800  0 
 5801  0 
 5802  0 
 5803  0 
 5804  0 
 5805  0 
 5806  0 
 5807  0 
 5808  0 
 5809  0 
 5810  0 
 5811  0 
 5812  0 
 5813  0 
 5814  0 
 5815  0 
 5816  0 
 5817  0 
 5818  2 
 5819  1 
 5820  0 
 5821  0 
 5822  0 
 5823  0 
 5824  0 
 5825  0 
 5826  1 
 5827  0 
 5828  0 
 5829  0 
 5830  0 
 5831  0 
 5832  0 
 5833  0 
 5834  0 
 5835  0 
 5836  0 
 5837  0 
 5838  1 
 5839  0 
 5840  0 
 5841  0 
 5842  0 
 5843  1 
 5844  0 
 5845  0 
 5846  1 
 5847  0 
 5848  0 
 5849  0 
 5850  0 
 5851  0 
 5852  0 
 5853  0 
 5854  0 
 5855  0 
 5856  0 
 5857  0 
 5858  0 
 5859  0 
 5860  0 
 5861  0 
 5862  0 
 5863  0 
 5864  1 
 5865  0 
 5866  0 
 5867  0 
 5868  1 
 5869  0 
 5870  0 
 5871  0 
 5872  1 
 5873  0 
 5874  0 
 5875  0 
 5876  0 
 5877  0 
 5878  0 
 5879  0 
 5880  0 
 5881  1 
 5882  1 
 5883  0 
 5884  0 
 5885  0 
 5886  0 
 5887  0 
 5888  0 
 5889  0 
 5890  0 
 5891  0 
 5892  0 
 5893  0 
 5894  0 
 5895  0 
 5896  0 
 5897  0 
 5898  0 
 5899  0 
 5900  0 
 5901  0 
 5902  0 
 5903  0 
 5904  0 
 5905  0 
 5906  0 
 5907  0 
 5908  0 
 5909  0 
 5910  0 
 5911  1 
 5912  0 
 5913  0 
 5914  0 
 5915  0 
 5916  0 
 5917  0 
 5918  0 
 5919  1 
 5920  0 
 5921  0 
 5922  0 
 5923  1 
 5924  0 
 5925  1 
 5926  0 
 5927  0 
 5928  0 
 5929  0 
 5930  0 
 5931  0 
 5932  0 
 5933  0 
 5934  1 
 5935  0 
 5936  0 
 5937  0 
 5938  0 
 5939  0 
 5940  0 
 5941  0 
 5942  0 
 5943  0 
 5944  0 
 5945  0 
 5946  0 
 5947  0 
 5948  0 
 5949  1 
 5950  0 
 5951  0 
 5952  0 
 5953  0 
 5954  1 
 5955  0 
 5956  0 
 5957  0 
 5958  0 
 5959  0 
 5960  1 
 5961  0 
 5962  0 
 5963  0 
 5964  0 
 5965  0 
 5966  0 
 5967  0 
 5968  0 
 5969  0 
 5970  0 
 5971  0 
 5972  0 
 5973  0 
 5974  0 
 5975  0 
 5976  0 
 5977  0 
 5978  0 
 5979  0 
 5980  0 
 5981  0 
 5982  0 
 5983  0 
 5984  0 
 5985  0 
 5986  0 
 5987  0 
 5988  0 
 5989  0 
 5990  0 
 5991  0 
 5992  0 
 5993  1 
 5994  0 
 5995  0 
 5996  0 
 5997  0 
 5998  0 
 5999  0 
 6000  1 
 6001  0 
 6002  1 
 6003  0 
 6004  0 
 6005  1 
 6006  0 
 6007  0 
 6008  0 
 6009  0 
 6010  0 
 6011  0 
 6012  1 
 6013  0 
 6014  1 
 6015  0 
 6016  0 
 6017  0 
 6018  1 
 6019  0 
 6020  0 
 6021  0 
 6022  0 
 6023  0 
 6024  0 
 6025  0 
 6026  0 
 6027  0 
 6028  1 
 6029  0 
 6030  0 
 6031  0 
 6032  0 
 6033  0 
 6034  0 
 6035  0 
 6036  0 
 6037  0 
 6038  0 
 6039  0 
 6040  0 
 6041  0 
 6042  0 
 6043  3 
 6044  0 
 6045  0 
 6046  0 
 6047  0 
 6048  1 
 6049  1 
 6050  3 
 6051  0 
 6052  0 
 6053  2 
 6054  1 
 6055  0 
 6056  0 
 6057  0 
 6058  0 
 6059  0 
 6060  0 
 6061  0 
 6062  0 
 6063  0 
 6064  0 
 6065  0 
 6066  0 
 6067  0 
 6068  0 
 6069  0 
 6070  0 
 6071  1 
 6072  0 
 6073  0 
 6074  0 
 6075  1 
 6076  0 
 6077  0 
 6078  0 
 6079  0 
 6080  0 
 6081  0 
 6082  0 
 6083  0 
 6084  0 
 6085  0 
 6086  0 
 6087  0 
 6088  0 
 6089  1 
 6090  0 
 6091  0 
 6092  0 
 6093  0 
 6094  1 
 6095  0 
 6096  1 
 6097  0 
 6098  1 
 6099  1 
 6100  0 
 6101  0 
 6102  0 
 6103  0 
 6104  0 
 6105  1 
 6106  0 
 6107  0 
 6108  0 
 6109  1 
 6110  0 
 6111  0 
 6112  0 
 6113  0 
 6114  0 
 6115  0 
 6116  0 
 6117  1 
 6118  1 
 6119  1 
 6120  1 
 6121  0 
 6122  0 
 6123  0 
 6124  1 
 6125  0 
 6126  0 
 6127  1 
 6128  0 
 6129  0 
 6130  0 
 6131  1 
 6132  0 
 6133  0 
 6134  0 
 6135  0 
 6136  1 
 6137  1 
 6138  1 
 6139  3 
 6140  1 
 6141  0 
 6142  1 
 6143  0 
 6144  0 
 6145  0 
 6146  2 
 6147  1 
 6148  0 
 6149  0 
 6150  1 
 6151  1 
 6152  2 
 6153  0 
 6154  1 
 6155  0 
 6156  0 
 6157  0 
 6158  0 
 6159  1 
 6160  0 
 6161  0 
 6162  1 
 6163  0 
 6164  0 
 6165  0 
 6166  0 
 6167  0 
 6168  0 
 6169  0 
 6170  0 
 6171  0 
 6172  0 
 6173  0 
 6174  0 
 6175  0 
 6176  1 
 6177  0 
 6178  0 
 6179  0 
 6180  0 
 6181  0 
 6182  0 
 6183  0 
 6184  0 
 6185  0 
 6186  0 
 6187  0 
 6188  1 
 6189  0 
 6190  0 
 6191  0 
 6192  0 
 6193  0 
 6194  0 
 6195  0 
 6196  0 
 6197  0 
 6198  0 
 6199  1 
 6200  0 
 6201  0 
 6202  0 
 6203  0 
 6204  0 
 6205  1 
 6206  0 
 6207  0 
 6208  1 
 6209  1 
 6210  0 
 6211  0 
 6212  0 
 6213  0 
 6214  0 
 6215  0 
 6216  2 
 6217  0 
 6218  0 
 6219  0 
 6220  0 
 6221  0 
 6222  0 
 6223  0 
 6224  1 
 6225  0 
 6226  0 
 6227  0 
 6228  1 
 6229  0 
 6230  0 
 6231  0 
 6232  0 
 6233  0 
 6234  0 
 6235  0 
 6236  0 
 6237  0 
 6238  0 
 6239  0 
 6240  0 
 6241  0 
 6242  0 
 6243  1 
 6244  0 
 6245  0 
 6246  0 
 6247  0 
 6248  0 
 6249  0 
 6250  1 
 6251  0 
 6252  0 
 6253  0 
 6254  1 
 6255  0 
 6256  0 
 6257  1 
 6258  0 
 6259  0 
 6260  0 
 6261  0 
 6262  0 
 6263  0 
 6264  0 
 6265  1 
 6266  1 
 6267  0 
 6268  0 
 6269  0 
 6270  2 
 6271  0 
 6272  0 
 6273  0 
 6274  0 
 6275  0 
 6276  0 
 6277  1 
 6278  0 
 6279  0 
 6280  0 
 6281  0 
 6282  1 
 6283  0 
 6284  0 
 6285  0 
 6286  0 
 6287  0 
 6288  1 
 6289  0 
 6290  0 
 6291  0 
 6292  0 
 6293  0 
 6294  0 
 6295  0 
 6296  0 
 6297  0 
 6298  0 
 6299  0 
 6300  0 
 6301  0 
 6302  1 
 6303  0 
 6304  0 
 6305  0 
 6306  0 
 6307  0 
 6308  0 
 6309  0 
 6310  0 
 6311  0 
 6312  0 
 6313  1 
 6314  0 
 6315  0 
 6316  1 
 6317  3 
 6318  0 
 6319  0 
 6320  0 
 6321  0 
 6322  0 
 6323  0 
 6324  1 
 6325  0 
 6326  0 
 6327  0 
 6328  1 
 6329  0 
 6330  0 
 6331  0 
 6332  0 
 6333  0 
 6334  0 
 6335  0 
 6336  0 
 6337  0 
 6338  0 
 6339  0 
 6340  0 
 6341  0 
 6342  2 
 6343  0 
 6344  0 
 6345  0 
 6346  2 
 6347  1 
 6348  0 
 6349  1 
 6350  1 
 6351  0 
 6352  0 
 6353  0 
 6354  0 
 6355  0 
 6356  0 
 6357  0 
 6358  0 
 6359  0 
 6360  0 
 6361  0 
 6362  0 
 6363  0 
 6364  0 
 6365  0 
 6366  0 
 6367  0 
 6368  0 
 6369  1 
 6370  0 
 6371  0 
 6372  1 
 6373  0 
 6374  0 
 6375  0 
 6376  0 
 6377  0 
 6378  0 
 6379  0 
 6380  0 
 6381  0 
 6382  1 
 6383  0 
 6384  0 
 6385  1 
 6386  0 
 6387  0 
 6388  0 
 6389  0 
 6390  0 
 6391  1 
 6392  0 
 6393  0 
 6394  0 
 6395  0 
 6396  0 
 6397  0 
 6398  0 
 6399  0 
 6400  0 
 6401  0 
 6402  1 
 6403  0 
 6404  0 
 6405  0 
 6406  0 
 6407  0 
 6408  0 
 6409  0 
 6410  0 
 6411  0 
 6412  0 
 6413  0 
 6414  0 
 6415  0 
 6416  0 
 6417  0 
 6418  0 
 6419  0 
 6420  0 
 6421  0 
 6422  0 
 6423  0 
 6424  0 
 6425  1 
 6426  0 
 6427  1 
 6428  0 
 6429  0 
 6430  0 
 6431  0 
 6432  1 
 6433  0 
 6434  0 
 6435  1 
 6436  0 
 6437  0 
 6438  0 
 6439  0 
 6440  0 
 6441  1 
 6442  0 
 6443  0 
 6444  0 
 6445  0 
 6446  0 
 6447  1 
 6448  0 
 6449  0 
 6450  0 
 6451  0 
 6452  0 
 6453  0 
 6454  0 
 6455  0 
 6456  0 
 6457  0 
 6458  0 
 6459  0 
 6460  1 
 6461  0 
 6462  0 
 6463  0 
 6464  0 
 6465  0 
 6466  0 
 6467  0 
 6468  0 
 6469  0 
 6470  0 
 6471  0 
 6472  0 
 6473  0 
 6474  0 
 6475  0 
 6476  0 
 6477  0 
 6478  0 
 6479  1 
 6480  0 
 6481  0 
 6482  0 
 6483  0 
 6484  0 
 6485  0 
 6486  1 
 6487  0 
 6488  0 
 6489  0 
 6490  0 
 6491  0 
 6492  0 
 6493  0 
 6494  0 
 6495  0 
 6496  0 
 6497  0 
 6498  0 
 6499  0 
 6500  0 
 6501  0 
 6502  0 
 6503  0 
 6504  0 
 6505  0 
 6506  0 
 6507  0 
 6508  0 
 6509  0 
 6510  0 
 6511  0 
 6512  0 
 6513  0 
 6514  1 
 6515  0 
 6516  0 
 6517  0 
 6518  0 
 6519  0 
 6520  0 
 6521  0 
 6522  0 
 6523  0 
 6524  0 
 6525  0 
 6526  0 
 6527  0 
 6528  0 
 6529  0 
 6530  0 
 6531  0 
 6532  1 
 6533  0 
 6534  0 
 6535  0 
 6536  0 
 6537  0 
 6538  0 
 6539  0 
 6540  0 
 6541  0 
 6542  0 
 6543  0 
 6544  0 
 6545  0 
 6546  0 
 6547  0 
 6548  0 
 6549  0 
 6550  0 
 6551  0 
 6552  0 
 6553  0 
 6554  0 
 6555  0 
 6556  0 
 6557  0 
 6558  0 
 6559  0 
 6560  0 
 6561  0 
 6562  0 
 6563  0 
 6564  0 
 6565  0 
 6566  0 
 6567  0 
 6568  0 
 6569  0 
 6570  0 
 6571  0 
 6572  0 
 6573  0 
 6574  0 
 6575  0 
 6576  0 
 6577  0 
 6578  0 
 6579  0 
 6580  0 
 6581  0 
 6582  0 
 6583  0 
 6584  0 
 6585  0 
 6586  0 
 6587  0 
 6588  0 
 6589  0 
 6590  0 
 6591  0 
 6592  0 
 6593  0 
 6594  0 
 6595  0 
 6596  0 
 6597  0 
 6598  0 
 6599  0 
 6600  0 
 6601  0 
 6602  0 
 6603  0 
 6604  0 
 6605  0 
 6606  0 
 6607  0 
 6608  0 
 6609  0 
 6610  0 
 6611  0 
 6612  0 
 6613  0 
 6614  0 
 6615  0 
 6616  0 
 6617  0 
 6618  0 
 6619  0 
 6620  0 
 6621  0 
 6622  0 
 6623  0 
 6624  0 
 6625  0 
 6626  0 
 6627  0 
 6628  0 
 6629  0 
 6630  0 
 6631  0 
 6632  0 
 6633  0 
 6634  0 
 6635  0 
 6636  0 
 6637  0 
 6638  0 
 6639  0 
 6640  0 
 6641  0 
 6642  0 
 6643  0 
 6644  0 
 6645  0 
 6646  0 
 6647  0 
 6648  0 
 6649  0 
 6650  0 
 6651  0 
 6652  0 
 6653  0 
 6654  0 
 6655  0 
 6656  0 
 6657  0 
 6658  0 
 6659  0 
 6660  0 
 6661  0 
 6662  0 
 6663  0 
 6664  0 
 6665  0 
 6666  0 
 6667  0 
 6668  0 
 6669  0 
 6670  0 
 6671  0 
 6672  0 
 6673  0 
 6674  0 
 6675  0 
 6676  0 
 6677  0 
 6678  0 
 6679  0 
 6680  0 
 6681  0 
 6682  0 
 6683  0 
 6684  0 
 6685  0 
 6686  0 
 6687  0 
 6688  0 
 6689  0 
 6690  0 
 6691  0 
 6692  0 
 6693  0 
 6694  0 
 6695  0 
 6696  0 
 6697  0 
 6698  0 
 6699  0 
 6700  0 
 6701  0 
 6702  0 
 6703  0 
 6704  0 
 6705  0 
 6706  0 
 6707  0 
 6708  0 
 6709  0 
 6710  0 
 6711  0 
 6712  0 
 6713  0 
 6714  0 
 6715  0 
 6716  0 
 6717  0 
 6718  1 
 6719  0 
 6720  0 
 6721  0 
 6722  0 
 6723  0 
 6724  0 
 6725  0 
 6726  0 
 6727  0 
 6728  0 
 6729  0 
 6730  0 
 6731  0 
 6732  0 
 6733  0 
 6734  0 
 6735  0 
 6736  0 
 6737  0 
 6738  0 
 6739  0 
 6740  0 
 6741  0 
 6742  0 
 6743  0 
 6744  0 
 6745  0 
 6746  0 
 6747  0 
 6748  0 
 6749  0 
 6750  0 
 6751  0 
 6752  0 
 6753  0 
 6754  0 
 6755  0 
 6756  0 
 6757  0 
 6758  0 
 6759  0 
 6760  0 
 6761  0 
 6762  0 
 6763  0 
 6764  0 
 6765  0 
 6766  0 
 6767  0 
 6768  0 
 6769  0 
 6770  0 
 6771  0 
 6772  1 
 6773  0 
 6774  0 
 6775  0 
 6776  1 
 6777  0 
 6778  0 
 6779  0 
 6780  0 
 6781  0 
 6782  0 
 6783  0 
 6784  0 
 6785  0 
 6786  0 
 6787  0 
 6788  0 
 6789  0 
 6790  0 
 6791  0 
 6792  0 
 6793  0 
 6794  0 
 6795  0 
 6796  0 
 6797  1 
 6798  0 
 6799  0 
 6800  0 
 6801  0 
 6802  0 
 6803  0 
 6804  1 
 6805  0 
 6806  0 
 6807  0 
 6808  0 
 6809  0 
 6810  0 
 6811  2 
 6812  0 
 6813  0 
 6814  0 
 6815  0 
 6816  0 
 6817  0 
 6818  1 
 6819  0 
 6820  0 
 6821  0 
 6822  0 
 6823  0 
 6824  0 
 6825  0 
 6826  1 
 6827  0 
 6828  0 
 6829  0 
 6830  1 
 6831  1 
 6832  0 
 6833  0 
 6834  0 
 6835  0 
 6836  0 
 6837  2 
 6838  0 
 6839  0 
 6840  0 
 6841  0 
 6842  0 
 6843  0 
 6844  1 
 6845  0 
 6846  0 
 6847  0 
 6848  0 
 6849  0 
 6850  0 
 6851  0 
 6852  0 
 6853  0 
 6854  0 
 6855  0 
 6856  0 
 6857  0 
 6858  0 
 6859  0 
 6860  1 
 6861  0 
 6862  0 
 6863  0 
 6864  0 
 6865  1 
 6866  0 
 6867  0 
 6868  0 
 6869  0 
 6870  0 
 6871  0 
 6872  0 
 6873  0 
 6874  1 
 6875  0 
 6876  1 
 6877  1 
 6878  0 
 6879  0 
 6880  1 
 6881  0 
 6882  1 
 6883  2 
 6884  0 
 6885  1 
 6886  1 
 6887  1 
 6888  0 
 6889  0 
 6890  1 
 6891  1 
 6892  0 
 6893  1 
 6894  0 
 6895  0 
 6896  1 
 6897  1 
 6898  0 
 6899  1 
 6900  0 
 6901  0 
 6902  0 
 6903  0 
 6904  0 
 6905  0 
 6906  2 
 6907  1 
 6908  0 
 6909  0 
 6910  0 
 6911  0 
 6912  0 
 6913  0 
 6914  1 
 6915  1 
 6916  0 
 6917  1 
 6918  0 
 6919  0 
 6920  0 
 6921  0 
 6922  1 
 6923  0 
 6924  0 
 6925  0 
 6926  0 
 6927  0 
 6928  0 
 6929  0 
 6930  0 
 6931  0 
 6932  0 
 6933  0 
 6934  1 
 6935  0 
 6936  0 
 6937  1 
 6938  0 
 6939  0 
 6940  2 
 6941  0 
 6942  0 
 6943  1 
 6944  2 
 6945  1 
 6946  1 
 6947  0 
 6948  0 
 6949  0 
 6950  2 
 6951  0 
 6952  0 
 6953  0 
 6954  1 
 6955  0 
 6956  0 
 6957  1 
 6958  0 
 6959  0 
 6960  0 
 6961  0 
 6962  0 
 6963  0 
 6964  0 
 6965  0 
 6966  0 
 6967  1 
 6968  0 
 6969  0 
 6970  0 
 6971  0 
 6972  1 
 6973  1 
 6974  0 
 6975  0 
 6976  0 
 6977  0 
 6978  2 
 6979  0 
 6980  0 
 6981  0 
 6982  0 
 6983  0 
 6984  0 
 6985  0 
 6986  2 
 6987  0 
 6988  0 
 6989  0 
 6990  0 
 6991  0 
 6992  0 
 6993  0 
 6994  1 
 6995  1 
 6996  0 
 6997  0 
 6998  1 
 6999  0 
 7000  0 
 7001  0 
 7002  0 
 7003  0 
 7004  0 
 7005  0 
 7006  0 
 7007  0 
 7008  0 
 7009  0 
 7010  0 
 7011  0 
 7012  0 
 7013  0 
 7014  1 
 7015  0 
 7016  0 
 7017  0 
 7018  0 
 7019  0 
 7020  0 
 7021  0 
 7022  0 
 7023  0 
 7024  0 
 7025  0 
 7026  0 
 7027  0 
 7028  0 
 7029  0 
 7030  0 
 7031  0 
 7032  0 
 7033  0 
 7034  0 
 7035  0 
 7036  0 
 7037  0 
 7038  0 
 7039  0 
 7040  0 
 7041  0 
 7042  0 
 7043  0 
 7044  0 
 7045  0 
 7046  0 
 7047  0 
 7048  0 
 7049  0 
 7050  0 
 7051  0 
 7052  0 
 7053  0 
 7054  0 
 7055  0 
 7056  0 
 7057  0 
 7058  0 
 7059  0 
 7060  0 
 7061  0 
 7062  0 
 7063  0 
 7064  0 
 7065  0 
 7066  0 
 7067  0 
 7068  0 
 7069  0 
 7070  0 
 7071  0 
 7072  0 
 7073  0 
 7074  0 
 7075  0 
 7076  0 
 7077  0 
 7078  0 
 7079  0 
 7080  0 
 7081  0 
 7082  0 
 7083  0 
 7084  0 
 7085  0 
 7086  0 
 7087  0 
 7088  0 
 7089  0 
 7090  0 
 7091  0 
 7092  0 
 7093  0 
 7094  0 
 7095  0 
 7096  0 
 7097  0 
 7098  0 
 7099  0 
 7100  0 
 7101  0 
 7102  0 
 7103  0 
 7104  0 
 7105  0 
 7106  0 
 7107  0 
 7108  0 
 7109  0 
 7110  0 
 7111  0 
 7112  0 
 7113  0 
 7114  0 
 7115  0 
 7116  0 
 7117  0 
 7118  0 
 7119  0 
 7120  0 
 7121  0 
 7122  0 
 7123  0 
 7124  0 
 7125  0 
 7126  0 
 7127  0 
 7128  0 
 7129  0 
 7130  0 
 7131  0 
 7132  0 
 7133  0 
 7134  0 
 7135  0 
 7136  0 
 7137  0 
 7138  0 
 7139  0 
 7140  0 
 7141  0 
 7142  0 
 7143  0 
 7144  0 
 7145  0 
 7146  0 
 7147  0 
 7148  0 
 7149  0 
 7150  0 
 7151  0 
 7152  0 
 7153  0 
 7154  0 
 7155  0 
 7156  0 
 7157  1 
 7158  0 
 7159  0 
 7160  0 
 7161  0 
 7162  0 
 7163  0 
 7164  0 
 7165  0 
 7166  0 
 7167  0 
 7168  0 
 7169  0 
 7170  0 
 7171  0 
 7172  0 
 7173  0 
 7174  0 
 7175  0 
 7176  0 
 7177  0 
 7178  0 
 7179  0 
 7180  0 
 7181  0 
 7182  0 
 7183  0 
 7184  0 
 7185  0 
 7186  0 
 7187  0 
 7188  0 
 7189  0 
 7190  0 
 7191  0 
 7192  0 
 7193  0 
 7194  0 
 7195  0 
 7196  0 
 7197  0 
 7198  0 
 7199  0 
 7200  0 
 7201  0 
 7202  0 
 7203  0 
 7204  0 
 7205  0 
 7206  0 
 7207  0 
 7208  0 
 7209  0 
 7210  0 
 7211  0 
 7212  0 
 7213  0 
 7214  0 
 7215  0 
 7216  0 
 7217  0 
 7218  0 
 7219  0 
 7220  0 
 7221  0 
 7222  0 
 7223  0 
 7224  0 
 7225  0 
 7226  0 
 7227  0 
 7228  0 
 7229  0 
 7230  0 
 7231  0 
 7232  0 
 7233  0 
 7234  0 
 7235  0 
 7236  0 
 7237  0 
 7238  0 
 7239  0 
 7240  0 
 7241  0 
 7242  0 
 7243  0 
 7244  0 
 7245  0 
 7246  0 
 7247  0 
 7248  0 
 7249  0 
 7250  0 
 7251  0 
 7252  0 
 7253  0 
 7254  0 
 7255  0 
 7256  0 
 7257  0 
 7258  0 
 7259  0 
 7260  0 
 7261  0 
 7262  0 
 7263  0 
 7264  0 
 7265  0 
 7266  0 
 7267  0 
 7268  0 
 7269  0 
 7270  0 
 7271  0 
 7272  0 
 7273  0 
 7274  0 
 7275  0 
 7276  0 
 7277  0 
 7278  0 
 7279  0 
 7280  0 
 7281  0 
 7282  0 
 7283  0 
 7284  0 
 7285  0 
 7286  0 
 7287  0 
 7288  0 
 7289  0 
 7290  0 
 7291  0 
 7292  0 
 7293  0 
 7294  0 
 7295  0 
 7296  0 
 7297  0 
 7298  0 
 7299  0 
 7300  0 
 7301  0 
 7302  0 
 7303  0 
 7304  0 
 7305  0 
 7306  0 
 7307  0 
 7308  0 
 7309  0 
 7310  0 
 7311  0 
 7312  0 
 7313  0 
 7314  0 
 7315  0 
 7316  0 
 7317  0 
 7318  0 
 7319  0 
 7320  0 
 7321  0 
 7322  0 
 7323  0 
 7324  0 
 7325  0 
 7326  0 
 7327  0 
 7328  0 
 7329  0 
 7330  0 
 7331  0 
 7332  0 
 7333  0 
 7334  0 
 7335  0 
 7336  0 
 7337  0 
 7338  0 
 7339  0 
 7340  0 
 7341  0 
 7342  0 
 7343  0 
 7344  0 
 7345  0 
 7346  0 
 7347  0 
 7348  0 
 7349  0 
 7350  0 
 7351  0 
 7352  0 
 7353  0 
 7354  0 
 7355  0 
 7356  0 
 7357  0 
 7358  0 
 7359  0 
 7360  0 
 7361  0 
 7362  0 
 7363  0 
 7364  0 
 7365  0 
 7366  0 
 7367  0 
 7368  0 
 7369  0 
 7370  0 
 7371  0 
 7372  0 
 7373  0 
 7374  0 
 7375  0 
 7376  0 
 7377  0 
 7378  0 
 7379  0 
 7380  0 
 7381  0 
 7382  0 
 7383  0 
 7384  0 
 7385  0 
 7386  0 
 7387  0 
 7388  0 
 7389  0 
 7390  0 
 7391  0 
 7392  0 
 7393  0 
 7394  0 
 7395  0 
 7396  0 
 7397  0 
 7398  0 
 7399  0 
 7400  0 
 7401  0 
 7402  0 
 7403  0 
 7404  0 
 7405  0 
 7406  0 
 7407  0 
 7408  0 
 7409  0 
 7410  0 
 7411  0 
 7412  0 
 7413  0 
 7414  0 
 7415  0 
 7416  0 
 7417  0 
 7418  0 
 7419  0 
 7420  0 
 7421  0 
 7422  0 
 7423  0 
 7424  0 
 7425  0 
 7426  0 
 7427  0 
 7428  0 
 7429  0 
 7430  0 
 7431  0 
 7432  0 
 7433  0 
 7434  0 
 7435  0 
 7436  0 
 7437  0 
 7438  0 
 7439  0 
 7440  0 
 7441  0 
 7442  0 
 7443  0 
 7444  0 
 7445  0 
 7446  0 
 7447  0 
 7448  0 
 7449  0 
 7450  0 
 7451  0 
 7452  0 
 7453  0 
 7454  0 
 7455  0 
 7456  0 
 7457  0 
 7458  0 
 7459  0 
 7460  0 
 7461  0 
 7462  0 
 7463  0 
 7464  0 
 7465  0 
 7466  0 
 7467  0 
 7468  0 
 7469  0 
 7470  0 
 7471  0 
 7472  0 
 7473  0 
 7474  0 
 7475  0 
 7476  0 
 7477  0 
 7478  0 
 7479  0 
 7480  0 
 7481  0 
 7482  0 
 7483  0 
 7484  0 
 7485  0 
 7486  0 
 7487  0 
 7488  0 
 7489  0 
 7490  0 
 7491  0 
 7492  0 
 7493  0 
 7494  0 
 7495  0 
 7496  0 
 7497  0 
 7498  0 
 7499  0 
 7500  0 
 7501  0 
 7502  0 
 7503  0 
 7504  0 
 7505  0 
 7506  0 
 7507  0 
 7508  0 
 7509  0 
 7510  0 
 7511  0 
 7512  0 
 7513  0 
 7514  0 
 7515  0 
 7516  0 
 7517  0 
 7518  0 
 7519  0 
 7520  0 
 7521  0 
 7522  0 
 7523  0 
 7524  0 
 7525  0 
 7526  0 
 7527  0 
 7528  0 
 7529  0 
 7530  0 
 7531  0 
 7532  0 
 7533  0 
 7534  0 
 7535  0 
 7536  0 
 7537  0 
 7538  0 
 7539  0 
 7540  0 
 7541  0 
 7542  0 
 7543  0 
 7544  0 
 7545  0 
 7546  0 
 7547  0 
 7548  0 
 7549  0 
 7550  0 
 7551  0 
 7552  0 
 7553  0 
 7554  0 
 7555  0 
 7556  0 
 7557  0 
 7558  0 
 7559  0 
 7560  0 
 7561  0 
 7562  0 
 7563  0 
 7564  0 
 7565  0 
 7566  0 
 7567  0 
 7568  0 
 7569  0 
 7570  0 
 7571  0 
 7572  0 
 7573  0 
 7574  0 
 7575  0 
 7576  0 
 7577  0 
 7578  0 
 7579  0 
 7580  0 
 7581  0 
 7582  0 
 7583  0 
 7584  0 
 7585  0 
 7586  0 
 7587  0 
 7588  0 
 7589  0 
 7590  0 
 7591  0 
 7592  0 
 7593  0 
 7594  0 
 7595  0 
 7596  0 
 7597  0 
 7598  0 
 7599  0 
 7600  0 
 7601  0 
 7602  0 
 7603  0 
 7604  0 
 7605  0 
 7606  0 
 7607  0 
 7608  0 
 7609  0 
 7610  0 
 7611  0 
 7612  0 
 7613  0 
 7614  0 
 7615  0 
 7616  0 
 7617  0 
 7618  0 
 7619  0 
 7620  0 
 7621  0 
 7622  0 
 7623  0 
 7624  0 
 7625  0 
 7626  0 
 7627  0 
 7628  0 
 7629  0 
 7630  0 
 7631  0 
 7632  0 
 7633  0 
 7634  0 
 7635  0 
 7636  0 
 7637  0 
 7638  0 
 7639  0 
 7640  0 
 7641  0 
 7642  0 
 7643  0 
 7644  0 
 7645  0 
 7646  0 
 7647  0 
 7648  0 
 7649  0 
 7650  0 
 7651  0 
 7652  0 
 7653  0 
 7654  0 
 7655  0 
 7656  0 
 7657  0 
 7658  0 
 7659  0 
 7660  0 
 7661  0 
 7662  0 
 7663  0 
 7664  0 
 7665  0 
 7666  0 
 7667  0 
 7668  0 
 7669  0 
 7670  0 
 7671  0 
 7672  0 
 7673  0 
 7674  0 
 7675  0 
 7676  0 
 7677  0 
 7678  0 
 7679  0 
 7680  0 
 7681  0 
 7682  0 
 7683  0 
 7684  0 
 7685  0 
 7686  0 
 7687  0 
 7688  0 
 7689  0 
 7690  0 
 7691  0 
 7692  0 
 7693  0 
 7694  0 
 7695  0 
 7696  0 
 7697  0 
 7698  0 
 7699  0 
 7700  0 
 7701  0 
 7702  0 
 7703  0 
 7704  0 
 7705  0 
 7706  0 
 7707  0 
 7708  0 
 7709  0 
 7710  0 
 7711  0 
 7712  0 
 7713  0 
 7714  0 
 7715  0 
 7716  0 
 7717  0 
 7718  0 
 7719  0 
 7720  0 
 7721  0 
 7722  0 
 7723  0 
 7724  0 
 7725  0 
 7726  0 
 7727  0 
 7728  0 
 7729  0 
 7730  0 
 7731  0 
 7732  0 
 7733  0 
 7734  0 
 7735  0 
 7736  0 
 7737  0 
 7738  0 
 7739  0 
 7740  0 
 7741  0 
 7742  0 
 7743  0 
 7744  0 
 7745  0 
 7746  0 
 7747  0 
 7748  0 
 7749  0 
 7750  0 
 7751  0 
 7752  0 
 7753  0 
 7754  0 
 7755  0 
 7756  0 
 7757  0 
 7758  0 
 7759  0 
 7760  0 
 7761  0 
 7762  0 
 7763  0 
 7764  0 
 7765  0 
 7766  0 
 7767  0 
 7768  0 
 7769  0 
 7770  0 
 7771  0 
 7772  0 
 7773  0 
 7774  0 
 7775  0 
 7776  0 
 7777  0 
 7778  0 
 7779  0 
 7780  0 
 7781  0 
 7782  0 
 7783  0 
 7784  0 
 7785  0 
 7786  0 
 7787  0 
 7788  0 
 7789  0 
 7790  0 
 7791  0 
 7792  0 
 7793  0 
 7794  0 
 7795  0 
 7796  0 
 7797  0 
 7798  0 
 7799  0 
 7800  0 
 7801  0 
 7802  0 
 7803  0 
 7804  0 
 7805  0 
 7806  0 
 7807  0 
 7808  0 
 7809  0 
 7810  0 
 7811  0 
 7812  0 
 7813  0 
 7814  0 
 7815  0 
 7816  0 
 7817  0 
 7818  0 
 7819  0 
 7820  0 
 7821  0 
 7822  0 
 7823  0 
 7824  0 
 7825  0 
 7826  0 
 7827  0 
 7828  0 
 7829  0 
 7830  0 
 7831  0 
 7832  0 
 7833  0 
 7834  0 
 7835  0 
 7836  0 
 7837  0 
 7838  0 
 7839  0 
 7840  0 
 7841  0 
 7842  0 
 7843  0 
 7844  0 
 7845  0 
 7846  0 
 7847  0 
 7848  0 
 7849  0 
 7850  0 
 7851  0 
 7852  0 
 7853  0 
 7854  0 
 7855  0 
 7856  0 
 7857  0 
 7858  0 
 7859  0 
 7860  0 
 7861  0 
 7862  0 
 7863  0 
 7864  0 
 7865  0 
 7866  0 
 7867  0 
 7868  0 
 7869  0 
 7870  0 
 7871  0 
 7872  0 
 7873  0 
 7874  0 
 7875  0 
 7876  0 
 7877  0 
 7878  0 
 7879  0 
 7880  0 
 7881  0 
 7882  0 
 7883  0 
 7884  0 
 7885  0 
 7886  0 
 7887  0 
 7888  0 
 7889  0 
 7890  0 
 7891  0 
 7892  0 
 7893  0 
 7894  0 
 7895  0 
 7896  0 
 7897  0 
 7898  0 
 7899  0 
 7900  0 
 7901  0 
 7902  0 
 7903  0 
 7904  0 
 7905  0 
 7906  0 
 7907  0 
 7908  0 
 7909  0 
 7910  0 
 7911  0 
 7912  0 
 7913  0 
 7914  0 
 7915  0 
 7916  0 
 7917  0 
 7918  0 
 7919  0 
 7920  0 
 7921  0 
 7922  0 
 7923  0 
 7924  0 
 7925  0 
 7926  0 
 7927  0 
 7928  0 
 7929  0 
 7930  0 
 7931  0 
 7932  0 
 7933  0 
 7934  0 
 7935  0 
 7936  0 
 7937  0 
 7938  0 
 7939  0 
 7940  0 
 7941  0 
 7942  0 
 7943  0 
 7944  0 
 7945  0 
 7946  0 
 7947  0 
 7948  0 
 7949  0 
 7950  0 
 7951  0 
 7952  0 
 7953  0 
 7954  0 
 7955  0 
 7956  0 
 7957  0 
 7958  0 
 7959  0 
 7960  0 
 7961  0 
 7962  0 
 7963  0 
 7964  0 
 7965  0 
 7966  0 
 7967  0 
 7968  0 
 7969  0 
 7970  0 
 7971  0 
 7972  0 
 7973  0 
 7974  0 
 7975  0 
 7976  0 
 7977  0 
 7978  0 
 7979  0 
 7980  0 
 7981  0 
 7982  0 
 7983  0 
 7984  0 
 7985  0 
 7986  0 
 7987  0 
 7988  0 
 7989  0 
 7990  0 
 7991  0 
 7992  0 
 7993  0 
 7994  0 
 7995  0 
 7996  0 
 7997  0 
 7998  0 
 7999  0 
 8000  0 
 8001  0 
 8002  0 
 8003  0 
 8004  0 
 8005  0 
 8006  0 
 8007  0 
 8008  0 
 8009  0 
 8010  0 
 8011  0 
 8012  0 
 8013  0 
 8014  0 
 8015  0 
 8016  0 
 8017  0 
 8018  0 
 8019  0 
 8020  0 
 8021  0 
 8022  0 
 8023  0 
 8024  0 
 8025  0 
 8026  0 
 8027  0 
 8028  0 
 8029  0 
 8030  0 
 8031  0 
 8032  0 
 8033  0 
 8034  0 
 8035  0 
 8036  0 
 8037  0 
 8038  0 
 8039  0 
 8040  0 
 8041  0 
 8042  0 
 8043  0 
 8044  0 
 8045  0 
 8046  0 
 8047  0 
 8048  0 
 8049  0 
 8050  0 
 8051  0 
 8052  0 
 8053  0 
 8054  0 
 8055  0 
 8056  0 
 8057  0 
 8058  0 
 8059  0 
 8060  0 
 8061  0 
 8062  0 
 8063  0 
 8064  0 
 8065  0 
 8066  0 
 8067  0 
 8068  0 
 8069  0 
 8070  0 
 8071  0 
 8072  0 
 8073  0 
 8074  0 
 8075  0 
 8076  0 
 8077  0 
 8078  0 
 8079  0 
 8080  0 
 8081  0 
 8082  0 
 8083  0 
 8084  0 
 8085  0 
 8086  0 
 8087  0 
 8088  0 
 8089  0 
 8090  0 
 8091  0 
 8092  0 
 8093  0 
 8094  0 
 8095  0 
 8096  0 
 8097  0 
 8098  0 
 8099  0 
 8100  0 
 8101  0 
 8102  0 
 8103  0 
 8104  0 
 8105  0 
 8106  0 
 8107  0 
 8108  0 
 8109  0 
 8110  0 
 8111  0 
 8112  0 
 8113  0 
 8114  0 
 8115  0 
 8116  0 
 8117  0 
 8118  0 
 8119  0 
 8120  0 
 8121  0 
 8122  0 
 8123  0 
 8124  0 
 8125  0 
 8126  0 
 8127  0 
 8128  0 
 8129  0 
 8130  0 
 8131  0 
 8132  0 
 8133  0 
 8134  0 
 8135  0 
 8136  0 
 8137  0 
 8138  0 
 8139  0 
 8140  0 
 8141  0 
 8142  0 
 8143  0 
 8144  0 
 8145  0 
 8146  0 
 8147  0 
 8148  0 
 8149  0 
 8150  0 
 8151  0 
 8152  0 
 8153  0 
 8154  0 
 8155  0 
 8156  0 
 8157  0 
 8158  0 
 8159  0 
 8160  0 
 8161  0 
 8162  0 
 8163  0 
 8164  0 
 8165  0 
 8166  0 
 8167  0 
 8168  0 
 8169  0 
 8170  0 
 8171  0 
 8172  0 
 8173  0 
 8174  0 
 8175  0 
 8176  0 
 8177  0 
 8178  0 
 8179  0 
 8180  0 
 8181  0 
 8182  0 
 8183  0 
 8184  0 
 8185  0 
 8186  0 
 8187  0 
 8188  0 
 8189  0 
 8190  0 
 8191  0 
