 0  1235 
 1  1242 
 2  0 
 3  0 
 4  0 
 5  0 
 6  0 
 7  0 
 8  0 
 9  0 
 10  0 
 11  0 
 12  0 
 13  0 
 14  0 
 15  0 
 16  0 
 17  0 
 18  0 
 19  0 
 20  0 
 21  0 
 22  0 
 23  0 
 24  0 
 25  0 
 26  0 
 27  0 
 28  0 
 29  0 
 30  0 
 31  0 
 32  0 
 33  0 
 34  0 
 35  0 
 36  0 
 37  0 
 38  0 
 39  0 
 40  0 
 41  0 
 42  0 
 43  0 
 44  0 
 45  0 
 46  0 
 47  0 
 48  0 
 49  0 
 50  0 
 51  0 
 52  0 
 53  0 
 54  0 
 55  0 
 56  0 
 57  0 
 58  0 
 59  0 
 60  0 
 61  0 
 62  0 
 63  0 
 64  0 
 65  0 
 66  0 
 67  0 
 68  0 
 69  0 
 70  0 
 71  0 
 72  0 
 73  0 
 74  0 
 75  0 
 76  0 
 77  0 
 78  0 
 79  0 
 80  0 
 81  0 
 82  0 
 83  0 
 84  0 
 85  0 
 86  0 
 87  0 
 88  0 
 89  0 
 90  0 
 91  0 
 92  0 
 93  0 
 94  0 
 95  0 
 96  0 
 97  0 
 98  0 
 99  0 
 100  0 
 101  0 
 102  0 
 103  0 
 104  0 
 105  0 
 106  0 
 107  0 
 108  0 
 109  0 
 110  0 
 111  0 
 112  0 
 113  0 
 114  0 
 115  0 
 116  0 
 117  0 
 118  0 
 119  0 
 120  0 
 121  0 
 122  0 
 123  0 
 124  0 
 125  0 
 126  0 
 127  0 
 128  0 
 129  0 
 130  0 
 131  0 
 132  0 
 133  0 
 134  0 
 135  0 
 136  0 
 137  0 
 138  0 
 139  0 
 140  0 
 141  0 
 142  0 
 143  0 
 144  0 
 145  0 
 146  0 
 147  0 
 148  0 
 149  0 
 150  0 
 151  0 
 152  0 
 153  0 
 154  0 
 155  0 
 156  0 
 157  0 
 158  0 
 159  0 
 160  0 
 161  0 
 162  0 
 163  0 
 164  0 
 165  0 
 166  0 
 167  0 
 168  0 
 169  0 
 170  0 
 171  0 
 172  0 
 173  0 
 174  0 
 175  0 
 176  0 
 177  0 
 178  0 
 179  0 
 180  0 
 181  0 
 182  0 
 183  0 
 184  0 
 185  0 
 186  0 
 187  0 
 188  0 
 189  0 
 190  0 
 191  0 
 192  0 
 193  0 
 194  0 
 195  0 
 196  0 
 197  0 
 198  0 
 199  0 
 200  0 
 201  0 
 202  0 
 203  0 
 204  0 
 205  0 
 206  0 
 207  0 
 208  0 
 209  0 
 210  0 
 211  0 
 212  0 
 213  0 
 214  0 
 215  0 
 216  0 
 217  0 
 218  0 
 219  0 
 220  0 
 221  0 
 222  0 
 223  0 
 224  0 
 225  0 
 226  0 
 227  0 
 228  0 
 229  0 
 230  0 
 231  0 
 232  0 
 233  0 
 234  0 
 235  0 
 236  0 
 237  0 
 238  0 
 239  0 
 240  0 
 241  0 
 242  0 
 243  0 
 244  0 
 245  0 
 246  0 
 247  0 
 248  0 
 249  1 
 250  1 
 251  0 
 252  99 
 253  214 
 254  211 
 255  202 
 256  187 
 257  199 
 258  191 
 259  189 
 260  180 
 261  169 
 262  163 
 263  164 
 264  143 
 265  160 
 266  167 
 267  152 
 268  153 
 269  147 
 270  138 
 271  126 
 272  152 
 273  123 
 274  122 
 275  129 
 276  114 
 277  134 
 278  140 
 279  111 
 280  117 
 281  130 
 282  127 
 283  113 
 284  109 
 285  119 
 286  111 
 287  100 
 288  97 
 289  100 
 290  106 
 291  114 
 292  91 
 293  99 
 294  98 
 295  110 
 296  83 
 297  94 
 298  96 
 299  91 
 300  81 
 301  97 
 302  96 
 303  88 
 304  78 
 305  66 
 306  83 
 307  83 
 308  83 
 309  83 
 310  69 
 311  78 
 312  59 
 313  73 
 314  78 
 315  76 
 316  71 
 317  66 
 318  51 
 319  55 
 320  51 
 321  62 
 322  56 
 323  38 
 324  50 
 325  58 
 326  70 
 327  58 
 328  58 
 329  52 
 330  56 
 331  60 
 332  36 
 333  50 
 334  53 
 335  52 
 336  57 
 337  57 
 338  39 
 339  43 
 340  44 
 341  40 
 342  45 
 343  39 
 344  39 
 345  48 
 346  48 
 347  56 
 348  39 
 349  38 
 350  54 
 351  33 
 352  39 
 353  32 
 354  37 
 355  36 
 356  32 
 357  30 
 358  36 
 359  26 
 360  32 
 361  30 
 362  27 
 363  30 
 364  28 
 365  30 
 366  30 
 367  38 
 368  36 
 369  37 
 370  33 
 371  26 
 372  34 
 373  27 
 374  27 
 375  23 
 376  37 
 377  30 
 378  25 
 379  34 
 380  30 
 381  20 
 382  28 
 383  31 
 384  19 
 385  26 
 386  24 
 387  34 
 388  26 
 389  28 
 390  28 
 391  32 
 392  23 
 393  28 
 394  26 
 395  26 
 396  35 
 397  16 
 398  28 
 399  29 
 400  22 
 401  24 
 402  30 
 403  13 
 404  24 
 405  30 
 406  27 
 407  27 
 408  26 
 409  25 
 410  29 
 411  25 
 412  38 
 413  13 
 414  24 
 415  24 
 416  28 
 417  20 
 418  31 
 419  31 
 420  20 
 421  23 
 422  27 
 423  21 
 424  19 
 425  21 
 426  17 
 427  16 
 428  30 
 429  26 
 430  15 
 431  17 
 432  29 
 433  30 
 434  25 
 435  24 
 436  17 
 437  19 
 438  25 
 439  21 
 440  26 
 441  29 
 442  18 
 443  22 
 444  15 
 445  30 
 446  24 
 447  20 
 448  28 
 449  28 
 450  26 
 451  35 
 452  22 
 453  22 
 454  28 
 455  26 
 456  19 
 457  16 
 458  31 
 459  29 
 460  30 
 461  34 
 462  28 
 463  17 
 464  23 
 465  23 
 466  32 
 467  12 
 468  25 
 469  27 
 470  23 
 471  20 
 472  22 
 473  25 
 474  25 
 475  30 
 476  34 
 477  34 
 478  18 
 479  26 
 480  29 
 481  20 
 482  24 
 483  24 
 484  31 
 485  21 
 486  25 
 487  25 
 488  36 
 489  25 
 490  26 
 491  25 
 492  26 
 493  23 
 494  28 
 495  18 
 496  25 
 497  22 
 498  25 
 499  24 
 500  22 
 501  22 
 502  27 
 503  25 
 504  23 
 505  26 
 506  23 
 507  22 
 508  23 
 509  29 
 510  29 
 511  29 
 512  39 
 513  29 
 514  28 
 515  26 
 516  21 
 517  26 
 518  12 
 519  27 
 520  36 
 521  26 
 522  31 
 523  28 
 524  38 
 525  26 
 526  32 
 527  24 
 528  27 
 529  29 
 530  26 
 531  25 
 532  33 
 533  25 
 534  31 
 535  43 
 536  33 
 537  33 
 538  31 
 539  37 
 540  39 
 541  29 
 542  31 
 543  16 
 544  32 
 545  27 
 546  27 
 547  32 
 548  41 
 549  48 
 550  37 
 551  37 
 552  40 
 553  25 
 554  25 
 555  30 
 556  34 
 557  36 
 558  32 
 559  32 
 560  33 
 561  40 
 562  38 
 563  32 
 564  57 
 565  46 
 566  47 
 567  44 
 568  53 
 569  49 
 570  47 
 571  50 
 572  46 
 573  47 
 574  67 
 575  54 
 576  61 
 577  47 
 578  58 
 579  43 
 580  57 
 581  45 
 582  69 
 583  55 
 584  61 
 585  74 
 586  65 
 587  57 
 588  56 
 589  72 
 590  61 
 591  73 
 592  75 
 593  90 
 594  87 
 595  63 
 596  74 
 597  88 
 598  77 
 599  82 
 600  78 
 601  88 
 602  91 
 603  82 
 604  97 
 605  94 
 606  86 
 607  108 
 608  87 
 609  110 
 610  120 
 611  131 
 612  111 
 613  125 
 614  123 
 615  131 
 616  124 
 617  141 
 618  144 
 619  143 
 620  148 
 621  174 
 622  158 
 623  156 
 624  171 
 625  173 
 626  183 
 627  163 
 628  170 
 629  194 
 630  197 
 631  194 
 632  206 
 633  189 
 634  191 
 635  212 
 636  208 
 637  231 
 638  219 
 639  211 
 640  214 
 641  204 
 642  226 
 643  228 
 644  221 
 645  250 
 646  252 
 647  225 
 648  276 
 649  264 
 650  246 
 651  279 
 652  268 
 653  264 
 654  268 
 655  268 
 656  251 
 657  267 
 658  255 
 659  263 
 660  237 
 661  294 
 662  244 
 663  251 
 664  281 
 665  256 
 666  259 
 667  273 
 668  270 
 669  265 
 670  276 
 671  263 
 672  252 
 673  254 
 674  245 
 675  237 
 676  251 
 677  269 
 678  274 
 679  244 
 680  231 
 681  256 
 682  227 
 683  227 
 684  231 
 685  247 
 686  245 
 687  233 
 688  205 
 689  217 
 690  236 
 691  213 
 692  204 
 693  220 
 694  211 
 695  188 
 696  209 
 697  175 
 698  164 
 699  160 
 700  166 
 701  172 
 702  156 
 703  161 
 704  136 
 705  131 
 706  111 
 707  117 
 708  107 
 709  146 
 710  139 
 711  122 
 712  132 
 713  122 
 714  110 
 715  101 
 716  113 
 717  84 
 718  97 
 719  83 
 720  98 
 721  100 
 722  82 
 723  103 
 724  85 
 725  73 
 726  76 
 727  61 
 728  82 
 729  57 
 730  48 
 731  44 
 732  48 
 733  52 
 734  51 
 735  56 
 736  52 
 737  55 
 738  52 
 739  43 
 740  48 
 741  46 
 742  43 
 743  29 
 744  35 
 745  34 
 746  37 
 747  32 
 748  29 
 749  36 
 750  29 
 751  33 
 752  38 
 753  26 
 754  32 
 755  25 
 756  17 
 757  19 
 758  35 
 759  19 
 760  21 
 761  29 
 762  34 
 763  18 
 764  21 
 765  26 
 766  15 
 767  28 
 768  18 
 769  21 
 770  19 
 771  26 
 772  26 
 773  20 
 774  23 
 775  18 
 776  22 
 777  18 
 778  17 
 779  16 
 780  18 
 781  22 
 782  11 
 783  20 
 784  17 
 785  17 
 786  16 
 787  24 
 788  16 
 789  10 
 790  18 
 791  14 
 792  17 
 793  14 
 794  17 
 795  14 
 796  7 
 797  14 
 798  20 
 799  18 
 800  18 
 801  17 
 802  22 
 803  13 
 804  21 
 805  9 
 806  10 
 807  19 
 808  20 
 809  17 
 810  23 
 811  14 
 812  15 
 813  12 
 814  15 
 815  12 
 816  11 
 817  8 
 818  12 
 819  10 
 820  14 
 821  22 
 822  11 
 823  11 
 824  15 
 825  8 
 826  16 
 827  15 
 828  19 
 829  10 
 830  14 
 831  14 
 832  12 
 833  12 
 834  16 
 835  17 
 836  21 
 837  20 
 838  16 
 839  19 
 840  13 
 841  18 
 842  13 
 843  6 
 844  15 
 845  15 
 846  11 
 847  13 
 848  9 
 849  14 
 850  6 
 851  13 
 852  23 
 853  16 
 854  19 
 855  12 
 856  17 
 857  20 
 858  15 
 859  14 
 860  17 
 861  14 
 862  14 
 863  11 
 864  15 
 865  13 
 866  7 
 867  16 
 868  12 
 869  18 
 870  18 
 871  9 
 872  7 
 873  20 
 874  11 
 875  9 
 876  17 
 877  16 
 878  8 
 879  16 
 880  14 
 881  20 
 882  14 
 883  16 
 884  15 
 885  11 
 886  29 
 887  13 
 888  8 
 889  8 
 890  8 
 891  8 
 892  14 
 893  19 
 894  13 
 895  6 
 896  7 
 897  19 
 898  13 
 899  15 
 900  9 
 901  10 
 902  9 
 903  13 
 904  7 
 905  25 
 906  18 
 907  8 
 908  9 
 909  15 
 910  17 
 911  18 
 912  11 
 913  9 
 914  8 
 915  10 
 916  10 
 917  17 
 918  10 
 919  11 
 920  10 
 921  16 
 922  13 
 923  16 
 924  14 
 925  17 
 926  15 
 927  13 
 928  25 
 929  19 
 930  8 
 931  11 
 932  25 
 933  10 
 934  5 
 935  19 
 936  12 
 937  15 
 938  12 
 939  15 
 940  10 
 941  8 
 942  12 
 943  10 
 944  9 
 945  12 
 946  15 
 947  14 
 948  9 
 949  10 
 950  10 
 951  12 
 952  14 
 953  10 
 954  12 
 955  9 
 956  24 
 957  15 
 958  16 
 959  15 
 960  12 
 961  16 
 962  15 
 963  9 
 964  14 
 965  11 
 966  17 
 967  17 
 968  13 
 969  17 
 970  14 
 971  12 
 972  16 
 973  10 
 974  14 
 975  13 
 976  12 
 977  18 
 978  12 
 979  15 
 980  14 
 981  14 
 982  12 
 983  13 
 984  11 
 985  12 
 986  13 
 987  18 
 988  16 
 989  12 
 990  13 
 991  17 
 992  6 
 993  13 
 994  11 
 995  9 
 996  11 
 997  15 
 998  7 
 999  18 
 1000  11 
 1001  14 
 1002  22 
 1003  20 
 1004  18 
 1005  15 
 1006  10 
 1007  15 
 1008  18 
 1009  6 
 1010  5 
 1011  12 
 1012  9 
 1013  14 
 1014  21 
 1015  15 
 1016  21 
 1017  14 
 1018  10 
 1019  10 
 1020  12 
 1021  11 
 1022  14 
 1023  18 
 1024  21 
 1025  8 
 1026  13 
 1027  8 
 1028  15 
 1029  18 
 1030  15 
 1031  16 
 1032  17 
 1033  12 
 1034  10 
 1035  19 
 1036  15 
 1037  15 
 1038  14 
 1039  12 
 1040  18 
 1041  14 
 1042  15 
 1043  13 
 1044  12 
 1045  12 
 1046  13 
 1047  16 
 1048  17 
 1049  12 
 1050  14 
 1051  10 
 1052  8 
 1053  9 
 1054  9 
 1055  11 
 1056  17 
 1057  13 
 1058  8 
 1059  15 
 1060  11 
 1061  9 
 1062  18 
 1063  11 
 1064  23 
 1065  15 
 1066  13 
 1067  10 
 1068  11 
 1069  19 
 1070  16 
 1071  13 
 1072  9 
 1073  17 
 1074  13 
 1075  14 
 1076  15 
 1077  7 
 1078  9 
 1079  10 
 1080  12 
 1081  14 
 1082  9 
 1083  18 
 1084  13 
 1085  11 
 1086  9 
 1087  9 
 1088  12 
 1089  10 
 1090  11 
 1091  14 
 1092  15 
 1093  9 
 1094  20 
 1095  16 
 1096  11 
 1097  12 
 1098  15 
 1099  13 
 1100  18 
 1101  5 
 1102  12 
 1103  8 
 1104  10 
 1105  13 
 1106  18 
 1107  6 
 1108  13 
 1109  10 
 1110  12 
 1111  9 
 1112  11 
 1113  13 
 1114  15 
 1115  19 
 1116  16 
 1117  9 
 1118  19 
 1119  9 
 1120  7 
 1121  17 
 1122  7 
 1123  14 
 1124  10 
 1125  9 
 1126  20 
 1127  16 
 1128  9 
 1129  13 
 1130  10 
 1131  14 
 1132  10 
 1133  10 
 1134  16 
 1135  10 
 1136  17 
 1137  13 
 1138  11 
 1139  11 
 1140  15 
 1141  12 
 1142  17 
 1143  9 
 1144  5 
 1145  13 
 1146  8 
 1147  11 
 1148  13 
 1149  9 
 1150  9 
 1151  17 
 1152  7 
 1153  16 
 1154  10 
 1155  11 
 1156  14 
 1157  11 
 1158  16 
 1159  11 
 1160  12 
 1161  13 
 1162  15 
 1163  14 
 1164  17 
 1165  12 
 1166  17 
 1167  9 
 1168  17 
 1169  15 
 1170  10 
 1171  11 
 1172  15 
 1173  13 
 1174  11 
 1175  11 
 1176  18 
 1177  11 
 1178  19 
 1179  15 
 1180  15 
 1181  7 
 1182  9 
 1183  13 
 1184  12 
 1185  13 
 1186  19 
 1187  13 
 1188  8 
 1189  8 
 1190  11 
 1191  16 
 1192  16 
 1193  13 
 1194  18 
 1195  7 
 1196  12 
 1197  15 
 1198  19 
 1199  13 
 1200  14 
 1201  10 
 1202  12 
 1203  12 
 1204  10 
 1205  13 
 1206  12 
 1207  19 
 1208  18 
 1209  13 
 1210  9 
 1211  13 
 1212  13 
 1213  5 
 1214  12 
 1215  17 
 1216  5 
 1217  12 
 1218  9 
 1219  9 
 1220  10 
 1221  17 
 1222  14 
 1223  14 
 1224  15 
 1225  10 
 1226  18 
 1227  6 
 1228  13 
 1229  9 
 1230  14 
 1231  9 
 1232  12 
 1233  10 
 1234  10 
 1235  12 
 1236  12 
 1237  19 
 1238  17 
 1239  16 
 1240  9 
 1241  15 
 1242  11 
 1243  13 
 1244  10 
 1245  16 
 1246  6 
 1247  11 
 1248  11 
 1249  6 
 1250  13 
 1251  11 
 1252  10 
 1253  9 
 1254  14 
 1255  8 
 1256  13 
 1257  15 
 1258  13 
 1259  5 
 1260  11 
 1261  12 
 1262  13 
 1263  13 
 1264  10 
 1265  10 
 1266  17 
 1267  12 
 1268  8 
 1269  7 
 1270  11 
 1271  12 
 1272  23 
 1273  11 
 1274  11 
 1275  16 
 1276  7 
 1277  12 
 1278  17 
 1279  12 
 1280  7 
 1281  15 
 1282  5 
 1283  10 
 1284  8 
 1285  7 
 1286  21 
 1287  14 
 1288  13 
 1289  18 
 1290  10 
 1291  13 
 1292  11 
 1293  12 
 1294  10 
 1295  11 
 1296  18 
 1297  12 
 1298  10 
 1299  10 
 1300  8 
 1301  8 
 1302  9 
 1303  11 
 1304  12 
 1305  11 
 1306  12 
 1307  9 
 1308  13 
 1309  13 
 1310  13 
 1311  16 
 1312  14 
 1313  11 
 1314  7 
 1315  11 
 1316  12 
 1317  13 
 1318  13 
 1319  15 
 1320  15 
 1321  11 
 1322  15 
 1323  16 
 1324  18 
 1325  11 
 1326  9 
 1327  10 
 1328  14 
 1329  8 
 1330  10 
 1331  12 
 1332  15 
 1333  19 
 1334  7 
 1335  7 
 1336  10 
 1337  14 
 1338  9 
 1339  12 
 1340  14 
 1341  7 
 1342  14 
 1343  15 
 1344  13 
 1345  9 
 1346  7 
 1347  11 
 1348  11 
 1349  15 
 1350  13 
 1351  12 
 1352  10 
 1353  14 
 1354  10 
 1355  18 
 1356  13 
 1357  13 
 1358  13 
 1359  12 
 1360  8 
 1361  8 
 1362  16 
 1363  10 
 1364  17 
 1365  7 
 1366  13 
 1367  15 
 1368  13 
 1369  10 
 1370  14 
 1371  16 
 1372  10 
 1373  13 
 1374  12 
 1375  5 
 1376  12 
 1377  7 
 1378  11 
 1379  16 
 1380  9 
 1381  10 
 1382  8 
 1383  8 
 1384  21 
 1385  11 
 1386  14 
 1387  14 
 1388  15 
 1389  10 
 1390  18 
 1391  14 
 1392  10 
 1393  16 
 1394  10 
 1395  12 
 1396  9 
 1397  11 
 1398  7 
 1399  15 
 1400  17 
 1401  12 
 1402  9 
 1403  12 
 1404  14 
 1405  17 
 1406  8 
 1407  15 
 1408  13 
 1409  15 
 1410  8 
 1411  13 
 1412  10 
 1413  9 
 1414  15 
 1415  15 
 1416  9 
 1417  10 
 1418  10 
 1419  13 
 1420  9 
 1421  12 
 1422  13 
 1423  16 
 1424  18 
 1425  13 
 1426  16 
 1427  18 
 1428  13 
 1429  10 
 1430  12 
 1431  13 
 1432  11 
 1433  11 
 1434  10 
 1435  11 
 1436  6 
 1437  8 
 1438  12 
 1439  13 
 1440  9 
 1441  23 
 1442  15 
 1443  11 
 1444  14 
 1445  10 
 1446  11 
 1447  17 
 1448  10 
 1449  9 
 1450  15 
 1451  17 
 1452  10 
 1453  13 
 1454  8 
 1455  8 
 1456  12 
 1457  10 
 1458  12 
 1459  16 
 1460  13 
 1461  10 
 1462  15 
 1463  10 
 1464  18 
 1465  10 
 1466  17 
 1467  19 
 1468  10 
 1469  9 
 1470  16 
 1471  11 
 1472  9 
 1473  10 
 1474  12 
 1475  9 
 1476  12 
 1477  8 
 1478  10 
 1479  14 
 1480  19 
 1481  12 
 1482  12 
 1483  15 
 1484  11 
 1485  11 
 1486  15 
 1487  10 
 1488  10 
 1489  17 
 1490  16 
 1491  9 
 1492  13 
 1493  6 
 1494  8 
 1495  17 
 1496  11 
 1497  11 
 1498  20 
 1499  20 
 1500  14 
 1501  9 
 1502  8 
 1503  12 
 1504  10 
 1505  10 
 1506  13 
 1507  10 
 1508  9 
 1509  11 
 1510  11 
 1511  6 
 1512  6 
 1513  6 
 1514  11 
 1515  11 
 1516  17 
 1517  13 
 1518  12 
 1519  11 
 1520  13 
 1521  7 
 1522  7 
 1523  9 
 1524  6 
 1525  8 
 1526  18 
 1527  14 
 1528  11 
 1529  11 
 1530  8 
 1531  15 
 1532  10 
 1533  7 
 1534  11 
 1535  13 
 1536  13 
 1537  9 
 1538  7 
 1539  7 
 1540  8 
 1541  14 
 1542  9 
 1543  11 
 1544  9 
 1545  6 
 1546  9 
 1547  16 
 1548  9 
 1549  20 
 1550  14 
 1551  13 
 1552  17 
 1553  14 
 1554  10 
 1555  11 
 1556  8 
 1557  11 
 1558  17 
 1559  12 
 1560  10 
 1561  10 
 1562  13 
 1563  8 
 1564  8 
 1565  10 
 1566  8 
 1567  17 
 1568  15 
 1569  8 
 1570  8 
 1571  10 
 1572  8 
 1573  16 
 1574  16 
 1575  14 
 1576  13 
 1577  11 
 1578  11 
 1579  7 
 1580  16 
 1581  15 
 1582  11 
 1583  14 
 1584  8 
 1585  14 
 1586  9 
 1587  10 
 1588  16 
 1589  8 
 1590  15 
 1591  11 
 1592  12 
 1593  11 
 1594  9 
 1595  12 
 1596  6 
 1597  11 
 1598  8 
 1599  9 
 1600  11 
 1601  15 
 1602  12 
 1603  10 
 1604  7 
 1605  17 
 1606  10 
 1607  14 
 1608  13 
 1609  8 
 1610  14 
 1611  10 
 1612  9 
 1613  13 
 1614  12 
 1615  13 
 1616  13 
 1617  13 
 1618  7 
 1619  10 
 1620  10 
 1621  10 
 1622  8 
 1623  9 
 1624  12 
 1625  13 
 1626  12 
 1627  14 
 1628  9 
 1629  10 
 1630  15 
 1631  13 
 1632  10 
 1633  7 
 1634  8 
 1635  10 
 1636  11 
 1637  15 
 1638  16 
 1639  14 
 1640  14 
 1641  13 
 1642  8 
 1643  10 
 1644  12 
 1645  8 
 1646  13 
 1647  15 
 1648  4 
 1649  8 
 1650  12 
 1651  7 
 1652  4 
 1653  9 
 1654  16 
 1655  10 
 1656  10 
 1657  10 
 1658  12 
 1659  17 
 1660  9 
 1661  9 
 1662  8 
 1663  6 
 1664  11 
 1665  11 
 1666  6 
 1667  15 
 1668  11 
 1669  11 
 1670  8 
 1671  11 
 1672  9 
 1673  11 
 1674  4 
 1675  7 
 1676  11 
 1677  18 
 1678  7 
 1679  9 
 1680  10 
 1681  12 
 1682  10 
 1683  17 
 1684  14 
 1685  15 
 1686  16 
 1687  20 
 1688  9 
 1689  9 
 1690  12 
 1691  9 
 1692  8 
 1693  16 
 1694  8 
 1695  16 
 1696  13 
 1697  8 
 1698  12 
 1699  11 
 1700  8 
 1701  9 
 1702  5 
 1703  9 
 1704  22 
 1705  11 
 1706  14 
 1707  8 
 1708  10 
 1709  12 
 1710  10 
 1711  11 
 1712  10 
 1713  13 
 1714  12 
 1715  9 
 1716  7 
 1717  13 
 1718  11 
 1719  13 
 1720  13 
 1721  11 
 1722  10 
 1723  17 
 1724  19 
 1725  11 
 1726  15 
 1727  5 
 1728  10 
 1729  8 
 1730  10 
 1731  10 
 1732  11 
 1733  13 
 1734  10 
 1735  15 
 1736  12 
 1737  16 
 1738  6 
 1739  14 
 1740  13 
 1741  16 
 1742  11 
 1743  12 
 1744  8 
 1745  7 
 1746  7 
 1747  11 
 1748  12 
 1749  13 
 1750  10 
 1751  11 
 1752  14 
 1753  13 
 1754  12 
 1755  10 
 1756  6 
 1757  11 
 1758  13 
 1759  7 
 1760  11 
 1761  18 
 1762  7 
 1763  11 
 1764  9 
 1765  11 
 1766  16 
 1767  14 
 1768  6 
 1769  9 
 1770  14 
 1771  15 
 1772  10 
 1773  6 
 1774  16 
 1775  7 
 1776  11 
 1777  11 
 1778  12 
 1779  6 
 1780  13 
 1781  11 
 1782  10 
 1783  12 
 1784  10 
 1785  11 
 1786  12 
 1787  8 
 1788  9 
 1789  9 
 1790  9 
 1791  13 
 1792  15 
 1793  9 
 1794  11 
 1795  14 
 1796  9 
 1797  14 
 1798  9 
 1799  13 
 1800  10 
 1801  14 
 1802  9 
 1803  7 
 1804  13 
 1805  7 
 1806  16 
 1807  12 
 1808  10 
 1809  12 
 1810  6 
 1811  11 
 1812  9 
 1813  14 
 1814  10 
 1815  8 
 1816  13 
 1817  10 
 1818  13 
 1819  12 
 1820  12 
 1821  17 
 1822  12 
 1823  16 
 1824  12 
 1825  10 
 1826  14 
 1827  11 
 1828  9 
 1829  10 
 1830  15 
 1831  11 
 1832  9 
 1833  9 
 1834  12 
 1835  4 
 1836  15 
 1837  20 
 1838  9 
 1839  1 
 1840  11 
 1841  16 
 1842  9 
 1843  10 
 1844  6 
 1845  13 
 1846  11 
 1847  14 
 1848  14 
 1849  11 
 1850  12 
 1851  13 
 1852  11 
 1853  11 
 1854  11 
 1855  10 
 1856  8 
 1857  11 
 1858  4 
 1859  8 
 1860  14 
 1861  7 
 1862  11 
 1863  4 
 1864  7 
 1865  8 
 1866  10 
 1867  8 
 1868  15 
 1869  11 
 1870  11 
 1871  10 
 1872  7 
 1873  8 
 1874  7 
 1875  9 
 1876  7 
 1877  12 
 1878  11 
 1879  15 
 1880  6 
 1881  15 
 1882  9 
 1883  4 
 1884  5 
 1885  10 
 1886  9 
 1887  11 
 1888  9 
 1889  8 
 1890  14 
 1891  12 
 1892  9 
 1893  6 
 1894  11 
 1895  9 
 1896  13 
 1897  12 
 1898  12 
 1899  4 
 1900  13 
 1901  11 
 1902  14 
 1903  8 
 1904  10 
 1905  10 
 1906  8 
 1907  11 
 1908  8 
 1909  11 
 1910  14 
 1911  8 
 1912  4 
 1913  10 
 1914  11 
 1915  16 
 1916  11 
 1917  5 
 1918  11 
 1919  11 
 1920  9 
 1921  10 
 1922  13 
 1923  9 
 1924  14 
 1925  12 
 1926  7 
 1927  12 
 1928  12 
 1929  8 
 1930  5 
 1931  13 
 1932  7 
 1933  7 
 1934  12 
 1935  10 
 1936  11 
 1937  9 
 1938  10 
 1939  13 
 1940  8 
 1941  11 
 1942  11 
 1943  7 
 1944  6 
 1945  11 
 1946  9 
 1947  13 
 1948  15 
 1949  8 
 1950  6 
 1951  11 
 1952  7 
 1953  5 
 1954  16 
 1955  4 
 1956  7 
 1957  10 
 1958  11 
 1959  13 
 1960  13 
 1961  12 
 1962  17 
 1963  10 
 1964  8 
 1965  8 
 1966  9 
 1967  14 
 1968  11 
 1969  4 
 1970  11 
 1971  9 
 1972  8 
 1973  9 
 1974  12 
 1975  9 
 1976  7 
 1977  11 
 1978  15 
 1979  11 
 1980  9 
 1981  11 
 1982  12 
 1983  12 
 1984  10 
 1985  10 
 1986  11 
 1987  12 
 1988  6 
 1989  11 
 1990  10 
 1991  7 
 1992  9 
 1993  12 
 1994  9 
 1995  9 
 1996  6 
 1997  9 
 1998  10 
 1999  12 
 2000  10 
 2001  9 
 2002  7 
 2003  10 
 2004  13 
 2005  11 
 2006  12 
 2007  7 
 2008  12 
 2009  11 
 2010  12 
 2011  20 
 2012  12 
 2013  11 
 2014  6 
 2015  7 
 2016  5 
 2017  13 
 2018  14 
 2019  8 
 2020  8 
 2021  4 
 2022  10 
 2023  7 
 2024  12 
 2025  13 
 2026  8 
 2027  12 
 2028  11 
 2029  6 
 2030  10 
 2031  17 
 2032  10 
 2033  9 
 2034  11 
 2035  14 
 2036  14 
 2037  8 
 2038  10 
 2039  10 
 2040  7 
 2041  8 
 2042  9 
 2043  4 
 2044  7 
 2045  13 
 2046  11 
 2047  11 
 2048  10 
 2049  6 
 2050  14 
 2051  20 
 2052  4 
 2053  11 
 2054  14 
 2055  14 
 2056  16 
 2057  2 
 2058  13 
 2059  9 
 2060  10 
 2061  10 
 2062  12 
 2063  10 
 2064  7 
 2065  8 
 2066  12 
 2067  12 
 2068  8 
 2069  14 
 2070  10 
 2071  12 
 2072  6 
 2073  7 
 2074  10 
 2075  16 
 2076  9 
 2077  10 
 2078  10 
 2079  11 
 2080  11 
 2081  13 
 2082  11 
 2083  12 
 2084  5 
 2085  11 
 2086  9 
 2087  8 
 2088  15 
 2089  11 
 2090  13 
 2091  7 
 2092  12 
 2093  12 
 2094  8 
 2095  8 
 2096  10 
 2097  8 
 2098  7 
 2099  11 
 2100  10 
 2101  11 
 2102  10 
 2103  13 
 2104  13 
 2105  8 
 2106  9 
 2107  7 
 2108  13 
 2109  11 
 2110  12 
 2111  12 
 2112  9 
 2113  18 
 2114  4 
 2115  10 
 2116  8 
 2117  13 
 2118  14 
 2119  6 
 2120  8 
 2121  10 
 2122  11 
 2123  13 
 2124  9 
 2125  9 
 2126  14 
 2127  8 
 2128  5 
 2129  9 
 2130  12 
 2131  5 
 2132  10 
 2133  9 
 2134  13 
 2135  10 
 2136  9 
 2137  6 
 2138  11 
 2139  5 
 2140  9 
 2141  17 
 2142  11 
 2143  13 
 2144  13 
 2145  13 
 2146  13 
 2147  11 
 2148  9 
 2149  9 
 2150  9 
 2151  10 
 2152  8 
 2153  7 
 2154  11 
 2155  9 
 2156  12 
 2157  4 
 2158  6 
 2159  11 
 2160  11 
 2161  10 
 2162  4 
 2163  11 
 2164  8 
 2165  11 
 2166  8 
 2167  13 
 2168  9 
 2169  14 
 2170  11 
 2171  12 
 2172  8 
 2173  9 
 2174  14 
 2175  10 
 2176  10 
 2177  12 
 2178  11 
 2179  11 
 2180  14 
 2181  11 
 2182  15 
 2183  8 
 2184  9 
 2185  6 
 2186  14 
 2187  10 
 2188  7 
 2189  8 
 2190  9 
 2191  5 
 2192  7 
 2193  12 
 2194  8 
 2195  6 
 2196  6 
 2197  6 
 2198  11 
 2199  12 
 2200  9 
 2201  10 
 2202  8 
 2203  12 
 2204  9 
 2205  16 
 2206  6 
 2207  4 
 2208  6 
 2209  6 
 2210  8 
 2211  6 
 2212  7 
 2213  11 
 2214  5 
 2215  11 
 2216  15 
 2217  7 
 2218  8 
 2219  6 
 2220  7 
 2221  8 
 2222  13 
 2223  12 
 2224  8 
 2225  15 
 2226  8 
 2227  9 
 2228  8 
 2229  13 
 2230  12 
 2231  3 
 2232  12 
 2233  13 
 2234  7 
 2235  12 
 2236  9 
 2237  9 
 2238  10 
 2239  15 
 2240  8 
 2241  9 
 2242  14 
 2243  5 
 2244  7 
 2245  13 
 2246  8 
 2247  12 
 2248  8 
 2249  12 
 2250  15 
 2251  10 
 2252  9 
 2253  7 
 2254  10 
 2255  9 
 2256  11 
 2257  9 
 2258  10 
 2259  12 
 2260  8 
 2261  6 
 2262  6 
 2263  8 
 2264  11 
 2265  11 
 2266  14 
 2267  15 
 2268  9 
 2269  11 
 2270  11 
 2271  7 
 2272  7 
 2273  14 
 2274  4 
 2275  10 
 2276  12 
 2277  12 
 2278  12 
 2279  7 
 2280  10 
 2281  8 
 2282  11 
 2283  16 
 2284  7 
 2285  17 
 2286  13 
 2287  6 
 2288  4 
 2289  12 
 2290  9 
 2291  7 
 2292  3 
 2293  13 
 2294  12 
 2295  6 
 2296  5 
 2297  9 
 2298  12 
 2299  12 
 2300  6 
 2301  10 
 2302  10 
 2303  8 
 2304  9 
 2305  5 
 2306  10 
 2307  12 
 2308  18 
 2309  13 
 2310  11 
 2311  8 
 2312  8 
 2313  7 
 2314  9 
 2315  6 
 2316  10 
 2317  11 
 2318  10 
 2319  10 
 2320  10 
 2321  4 
 2322  9 
 2323  10 
 2324  9 
 2325  5 
 2326  14 
 2327  9 
 2328  8 
 2329  7 
 2330  10 
 2331  12 
 2332  10 
 2333  12 
 2334  6 
 2335  7 
 2336  5 
 2337  9 
 2338  17 
 2339  10 
 2340  12 
 2341  8 
 2342  8 
 2343  12 
 2344  7 
 2345  12 
 2346  10 
 2347  9 
 2348  5 
 2349  12 
 2350  9 
 2351  8 
 2352  9 
 2353  16 
 2354  7 
 2355  14 
 2356  15 
 2357  13 
 2358  8 
 2359  7 
 2360  5 
 2361  3 
 2362  14 
 2363  6 
 2364  8 
 2365  14 
 2366  11 
 2367  10 
 2368  6 
 2369  7 
 2370  8 
 2371  11 
 2372  13 
 2373  8 
 2374  8 
 2375  11 
 2376  10 
 2377  10 
 2378  8 
 2379  17 
 2380  12 
 2381  9 
 2382  6 
 2383  10 
 2384  10 
 2385  8 
 2386  7 
 2387  12 
 2388  4 
 2389  16 
 2390  5 
 2391  16 
 2392  12 
 2393  16 
 2394  13 
 2395  13 
 2396  9 
 2397  7 
 2398  5 
 2399  11 
 2400  3 
 2401  12 
 2402  12 
 2403  9 
 2404  10 
 2405  10 
 2406  7 
 2407  5 
 2408  6 
 2409  9 
 2410  9 
 2411  9 
 2412  8 
 2413  8 
 2414  8 
 2415  12 
 2416  7 
 2417  11 
 2418  6 
 2419  8 
 2420  5 
 2421  10 
 2422  5 
 2423  11 
 2424  8 
 2425  5 
 2426  2 
 2427  12 
 2428  7 
 2429  8 
 2430  12 
 2431  11 
 2432  7 
 2433  19 
 2434  6 
 2435  12 
 2436  8 
 2437  7 
 2438  14 
 2439  15 
 2440  11 
 2441  4 
 2442  7 
 2443  9 
 2444  8 
 2445  11 
 2446  7 
 2447  7 
 2448  3 
 2449  10 
 2450  8 
 2451  5 
 2452  15 
 2453  4 
 2454  11 
 2455  7 
 2456  8 
 2457  12 
 2458  9 
 2459  8 
 2460  10 
 2461  7 
 2462  7 
 2463  14 
 2464  12 
 2465  12 
 2466  6 
 2467  4 
 2468  10 
 2469  13 
 2470  10 
 2471  5 
 2472  7 
 2473  10 
 2474  11 
 2475  8 
 2476  10 
 2477  11 
 2478  8 
 2479  10 
 2480  11 
 2481  9 
 2482  8 
 2483  5 
 2484  11 
 2485  9 
 2486  9 
 2487  10 
 2488  5 
 2489  14 
 2490  8 
 2491  10 
 2492  6 
 2493  14 
 2494  10 
 2495  10 
 2496  6 
 2497  7 
 2498  10 
 2499  9 
 2500  10 
 2501  3 
 2502  9 
 2503  8 
 2504  14 
 2505  6 
 2506  5 
 2507  10 
 2508  11 
 2509  8 
 2510  9 
 2511  10 
 2512  5 
 2513  9 
 2514  9 
 2515  7 
 2516  7 
 2517  6 
 2518  10 
 2519  13 
 2520  4 
 2521  8 
 2522  14 
 2523  11 
 2524  9 
 2525  19 
 2526  11 
 2527  14 
 2528  8 
 2529  11 
 2530  9 
 2531  13 
 2532  7 
 2533  11 
 2534  7 
 2535  6 
 2536  8 
 2537  8 
 2538  11 
 2539  5 
 2540  17 
 2541  4 
 2542  6 
 2543  13 
 2544  5 
 2545  11 
 2546  5 
 2547  8 
 2548  9 
 2549  8 
 2550  11 
 2551  10 
 2552  14 
 2553  10 
 2554  13 
 2555  8 
 2556  11 
 2557  7 
 2558  9 
 2559  12 
 2560  7 
 2561  10 
 2562  12 
 2563  7 
 2564  5 
 2565  10 
 2566  8 
 2567  7 
 2568  9 
 2569  9 
 2570  10 
 2571  11 
 2572  6 
 2573  9 
 2574  12 
 2575  7 
 2576  7 
 2577  13 
 2578  8 
 2579  4 
 2580  7 
 2581  8 
 2582  6 
 2583  12 
 2584  7 
 2585  12 
 2586  6 
 2587  10 
 2588  5 
 2589  11 
 2590  16 
 2591  6 
 2592  3 
 2593  8 
 2594  16 
 2595  8 
 2596  6 
 2597  9 
 2598  7 
 2599  11 
 2600  4 
 2601  12 
 2602  6 
 2603  9 
 2604  9 
 2605  9 
 2606  8 
 2607  11 
 2608  13 
 2609  9 
 2610  5 
 2611  10 
 2612  6 
 2613  6 
 2614  3 
 2615  9 
 2616  5 
 2617  10 
 2618  11 
 2619  10 
 2620  8 
 2621  12 
 2622  11 
 2623  9 
 2624  8 
 2625  13 
 2626  10 
 2627  11 
 2628  13 
 2629  6 
 2630  7 
 2631  10 
 2632  12 
 2633  10 
 2634  10 
 2635  6 
 2636  14 
 2637  13 
 2638  8 
 2639  9 
 2640  6 
 2641  18 
 2642  9 
 2643  7 
 2644  7 
 2645  12 
 2646  8 
 2647  8 
 2648  11 
 2649  11 
 2650  9 
 2651  4 
 2652  6 
 2653  13 
 2654  14 
 2655  8 
 2656  11 
 2657  8 
 2658  7 
 2659  8 
 2660  10 
 2661  9 
 2662  16 
 2663  5 
 2664  10 
 2665  13 
 2666  10 
 2667  9 
 2668  9 
 2669  8 
 2670  15 
 2671  10 
 2672  12 
 2673  9 
 2674  14 
 2675  4 
 2676  9 
 2677  11 
 2678  11 
 2679  15 
 2680  12 
 2681  12 
 2682  14 
 2683  7 
 2684  11 
 2685  10 
 2686  7 
 2687  10 
 2688  8 
 2689  7 
 2690  9 
 2691  7 
 2692  7 
 2693  9 
 2694  11 
 2695  7 
 2696  15 
 2697  5 
 2698  4 
 2699  9 
 2700  8 
 2701  2 
 2702  6 
 2703  11 
 2704  9 
 2705  8 
 2706  7 
 2707  11 
 2708  10 
 2709  11 
 2710  11 
 2711  11 
 2712  8 
 2713  12 
 2714  10 
 2715  4 
 2716  8 
 2717  11 
 2718  9 
 2719  10 
 2720  7 
 2721  9 
 2722  12 
 2723  7 
 2724  9 
 2725  6 
 2726  8 
 2727  8 
 2728  11 
 2729  6 
 2730  10 
 2731  7 
 2732  8 
 2733  12 
 2734  13 
 2735  13 
 2736  14 
 2737  5 
 2738  9 
 2739  13 
 2740  6 
 2741  10 
 2742  3 
 2743  8 
 2744  5 
 2745  8 
 2746  11 
 2747  10 
 2748  5 
 2749  6 
 2750  8 
 2751  11 
 2752  10 
 2753  13 
 2754  8 
 2755  7 
 2756  8 
 2757  15 
 2758  4 
 2759  9 
 2760  10 
 2761  7 
 2762  11 
 2763  9 
 2764  6 
 2765  13 
 2766  3 
 2767  10 
 2768  11 
 2769  7 
 2770  8 
 2771  11 
 2772  11 
 2773  10 
 2774  9 
 2775  4 
 2776  8 
 2777  6 
 2778  7 
 2779  7 
 2780  7 
 2781  13 
 2782  6 
 2783  8 
 2784  14 
 2785  9 
 2786  12 
 2787  7 
 2788  8 
 2789  10 
 2790  11 
 2791  13 
 2792  9 
 2793  6 
 2794  7 
 2795  8 
 2796  8 
 2797  7 
 2798  11 
 2799  10 
 2800  11 
 2801  7 
 2802  8 
 2803  14 
 2804  6 
 2805  5 
 2806  10 
 2807  9 
 2808  14 
 2809  9 
 2810  7 
 2811  8 
 2812  11 
 2813  6 
 2814  9 
 2815  7 
 2816  11 
 2817  15 
 2818  8 
 2819  8 
 2820  11 
 2821  4 
 2822  12 
 2823  8 
 2824  10 
 2825  4 
 2826  10 
 2827  7 
 2828  6 
 2829  3 
 2830  7 
 2831  8 
 2832  11 
 2833  6 
 2834  7 
 2835  4 
 2836  7 
 2837  6 
 2838  7 
 2839  9 
 2840  13 
 2841  5 
 2842  9 
 2843  5 
 2844  9 
 2845  12 
 2846  7 
 2847  12 
 2848  9 
 2849  8 
 2850  12 
 2851  7 
 2852  11 
 2853  12 
 2854  2 
 2855  12 
 2856  6 
 2857  5 
 2858  5 
 2859  6 
 2860  12 
 2861  11 
 2862  6 
 2863  6 
 2864  7 
 2865  8 
 2866  9 
 2867  5 
 2868  6 
 2869  6 
 2870  9 
 2871  9 
 2872  8 
 2873  9 
 2874  10 
 2875  9 
 2876  7 
 2877  7 
 2878  8 
 2879  6 
 2880  8 
 2881  11 
 2882  12 
 2883  9 
 2884  11 
 2885  8 
 2886  9 
 2887  6 
 2888  12 
 2889  10 
 2890  9 
 2891  10 
 2892  11 
 2893  10 
 2894  7 
 2895  9 
 2896  5 
 2897  8 
 2898  5 
 2899  8 
 2900  6 
 2901  8 
 2902  5 
 2903  9 
 2904  5 
 2905  7 
 2906  10 
 2907  10 
 2908  15 
 2909  11 
 2910  13 
 2911  15 
 2912  8 
 2913  6 
 2914  9 
 2915  12 
 2916  7 
 2917  8 
 2918  9 
 2919  11 
 2920  3 
 2921  5 
 2922  6 
 2923  14 
 2924  15 
 2925  8 
 2926  3 
 2927  12 
 2928  5 
 2929  9 
 2930  13 
 2931  8 
 2932  13 
 2933  9 
 2934  11 
 2935  6 
 2936  8 
 2937  10 
 2938  8 
 2939  12 
 2940  12 
 2941  8 
 2942  12 
 2943  13 
 2944  10 
 2945  4 
 2946  16 
 2947  6 
 2948  9 
 2949  11 
 2950  7 
 2951  9 
 2952  9 
 2953  9 
 2954  5 
 2955  5 
 2956  11 
 2957  13 
 2958  7 
 2959  7 
 2960  3 
 2961  6 
 2962  8 
 2963  8 
 2964  8 
 2965  10 
 2966  4 
 2967  7 
 2968  6 
 2969  5 
 2970  6 
 2971  9 
 2972  10 
 2973  6 
 2974  11 
 2975  10 
 2976  13 
 2977  14 
 2978  6 
 2979  4 
 2980  7 
 2981  9 
 2982  12 
 2983  12 
 2984  6 
 2985  6 
 2986  12 
 2987  6 
 2988  4 
 2989  10 
 2990  9 
 2991  6 
 2992  7 
 2993  14 
 2994  6 
 2995  12 
 2996  2 
 2997  10 
 2998  5 
 2999  10 
 3000  8 
 3001  7 
 3002  0 
 3003  9 
 3004  12 
 3005  10 
 3006  8 
 3007  8 
 3008  8 
 3009  9 
 3010  8 
 3011  12 
 3012  8 
 3013  11 
 3014  12 
 3015  7 
 3016  8 
 3017  8 
 3018  7 
 3019  11 
 3020  9 
 3021  8 
 3022  12 
 3023  8 
 3024  4 
 3025  8 
 3026  5 
 3027  8 
 3028  9 
 3029  7 
 3030  10 
 3031  4 
 3032  15 
 3033  10 
 3034  6 
 3035  6 
 3036  7 
 3037  6 
 3038  13 
 3039  8 
 3040  10 
 3041  7 
 3042  5 
 3043  9 
 3044  8 
 3045  9 
 3046  8 
 3047  7 
 3048  6 
 3049  7 
 3050  8 
 3051  9 
 3052  7 
 3053  6 
 3054  8 
 3055  9 
 3056  8 
 3057  7 
 3058  5 
 3059  7 
 3060  12 
 3061  2 
 3062  10 
 3063  11 
 3064  2 
 3065  3 
 3066  6 
 3067  11 
 3068  8 
 3069  3 
 3070  7 
 3071  11 
 3072  6 
 3073  6 
 3074  9 
 3075  14 
 3076  9 
 3077  7 
 3078  8 
 3079  7 
 3080  9 
 3081  12 
 3082  13 
 3083  4 
 3084  5 
 3085  9 
 3086  3 
 3087  14 
 3088  8 
 3089  6 
 3090  8 
 3091  11 
 3092  10 
 3093  13 
 3094  12 
 3095  5 
 3096  13 
 3097  8 
 3098  10 
 3099  7 
 3100  10 
 3101  6 
 3102  5 
 3103  6 
 3104  13 
 3105  5 
 3106  8 
 3107  6 
 3108  13 
 3109  13 
 3110  14 
 3111  12 
 3112  8 
 3113  11 
 3114  7 
 3115  8 
 3116  7 
 3117  13 
 3118  6 
 3119  5 
 3120  18 
 3121  13 
 3122  12 
 3123  6 
 3124  8 
 3125  6 
 3126  7 
 3127  9 
 3128  5 
 3129  11 
 3130  14 
 3131  18 
 3132  7 
 3133  13 
 3134  15 
 3135  17 
 3136  13 
 3137  8 
 3138  20 
 3139  6 
 3140  15 
 3141  15 
 3142  6 
 3143  11 
 3144  12 
 3145  17 
 3146  15 
 3147  16 
 3148  14 
 3149  10 
 3150  12 
 3151  14 
 3152  13 
 3153  16 
 3154  11 
 3155  18 
 3156  18 
 3157  7 
 3158  13 
 3159  8 
 3160  11 
 3161  18 
 3162  10 
 3163  18 
 3164  14 
 3165  10 
 3166  16 
 3167  19 
 3168  21 
 3169  9 
 3170  9 
 3171  16 
 3172  9 
 3173  18 
 3174  19 
 3175  16 
 3176  11 
 3177  23 
 3178  15 
 3179  11 
 3180  9 
 3181  10 
 3182  6 
 3183  11 
 3184  13 
 3185  6 
 3186  6 
 3187  10 
 3188  4 
 3189  6 
 3190  8 
 3191  10 
 3192  9 
 3193  7 
 3194  11 
 3195  9 
 3196  8 
 3197  12 
 3198  9 
 3199  13 
 3200  6 
 3201  7 
 3202  9 
 3203  6 
 3204  7 
 3205  3 
 3206  6 
 3207  6 
 3208  2 
 3209  10 
 3210  9 
 3211  9 
 3212  9 
 3213  8 
 3214  7 
 3215  7 
 3216  7 
 3217  7 
 3218  7 
 3219  8 
 3220  5 
 3221  11 
 3222  14 
 3223  11 
 3224  7 
 3225  11 
 3226  9 
 3227  8 
 3228  10 
 3229  8 
 3230  6 
 3231  4 
 3232  6 
 3233  10 
 3234  9 
 3235  10 
 3236  8 
 3237  7 
 3238  9 
 3239  5 
 3240  7 
 3241  2 
 3242  2 
 3243  8 
 3244  6 
 3245  6 
 3246  3 
 3247  7 
 3248  8 
 3249  4 
 3250  4 
 3251  6 
 3252  6 
 3253  4 
 3254  9 
 3255  9 
 3256  3 
 3257  11 
 3258  9 
 3259  7 
 3260  11 
 3261  5 
 3262  10 
 3263  10 
 3264  5 
 3265  10 
 3266  5 
 3267  7 
 3268  12 
 3269  7 
 3270  9 
 3271  4 
 3272  6 
 3273  9 
 3274  12 
 3275  5 
 3276  4 
 3277  10 
 3278  7 
 3279  12 
 3280  11 
 3281  11 
 3282  10 
 3283  7 
 3284  10 
 3285  9 
 3286  8 
 3287  7 
 3288  4 
 3289  9 
 3290  8 
 3291  19 
 3292  7 
 3293  9 
 3294  7 
 3295  9 
 3296  6 
 3297  9 
 3298  11 
 3299  8 
 3300  5 
 3301  8 
 3302  8 
 3303  6 
 3304  10 
 3305  7 
 3306  9 
 3307  5 
 3308  3 
 3309  4 
 3310  5 
 3311  9 
 3312  5 
 3313  11 
 3314  6 
 3315  7 
 3316  7 
 3317  19 
 3318  13 
 3319  11 
 3320  5 
 3321  16 
 3322  4 
 3323  7 
 3324  1 
 3325  6 
 3326  3 
 3327  8 
 3328  7 
 3329  8 
 3330  6 
 3331  10 
 3332  8 
 3333  6 
 3334  5 
 3335  6 
 3336  11 
 3337  8 
 3338  13 
 3339  7 
 3340  5 
 3341  12 
 3342  4 
 3343  9 
 3344  5 
 3345  6 
 3346  7 
 3347  10 
 3348  11 
 3349  10 
 3350  10 
 3351  8 
 3352  7 
 3353  7 
 3354  7 
 3355  10 
 3356  8 
 3357  15 
 3358  8 
 3359  6 
 3360  10 
 3361  4 
 3362  4 
 3363  5 
 3364  4 
 3365  7 
 3366  15 
 3367  5 
 3368  9 
 3369  6 
 3370  8 
 3371  6 
 3372  2 
 3373  6 
 3374  6 
 3375  9 
 3376  5 
 3377  9 
 3378  3 
 3379  5 
 3380  13 
 3381  7 
 3382  6 
 3383  7 
 3384  5 
 3385  4 
 3386  6 
 3387  10 
 3388  9 
 3389  9 
 3390  6 
 3391  8 
 3392  6 
 3393  6 
 3394  9 
 3395  6 
 3396  9 
 3397  9 
 3398  6 
 3399  8 
 3400  5 
 3401  7 
 3402  9 
 3403  2 
 3404  7 
 3405  5 
 3406  11 
 3407  7 
 3408  8 
 3409  8 
 3410  6 
 3411  6 
 3412  3 
 3413  6 
 3414  5 
 3415  6 
 3416  7 
 3417  6 
 3418  2 
 3419  9 
 3420  14 
 3421  9 
 3422  9 
 3423  11 
 3424  8 
 3425  7 
 3426  4 
 3427  6 
 3428  11 
 3429  9 
 3430  7 
 3431  7 
 3432  8 
 3433  5 
 3434  7 
 3435  7 
 3436  2 
 3437  8 
 3438  10 
 3439  8 
 3440  8 
 3441  9 
 3442  4 
 3443  5 
 3444  4 
 3445  10 
 3446  7 
 3447  13 
 3448  3 
 3449  14 
 3450  6 
 3451  5 
 3452  6 
 3453  9 
 3454  14 
 3455  1 
 3456  10 
 3457  11 
 3458  2 
 3459  3 
 3460  14 
 3461  8 
 3462  7 
 3463  4 
 3464  4 
 3465  8 
 3466  11 
 3467  9 
 3468  11 
 3469  7 
 3470  5 
 3471  8 
 3472  8 
 3473  8 
 3474  6 
 3475  4 
 3476  11 
 3477  8 
 3478  11 
 3479  4 
 3480  5 
 3481  3 
 3482  10 
 3483  7 
 3484  8 
 3485  7 
 3486  9 
 3487  7 
 3488  7 
 3489  11 
 3490  5 
 3491  4 
 3492  10 
 3493  6 
 3494  6 
 3495  7 
 3496  4 
 3497  5 
 3498  9 
 3499  9 
 3500  6 
 3501  6 
 3502  13 
 3503  6 
 3504  5 
 3505  6 
 3506  4 
 3507  11 
 3508  8 
 3509  4 
 3510  10 
 3511  8 
 3512  8 
 3513  6 
 3514  7 
 3515  7 
 3516  10 
 3517  4 
 3518  7 
 3519  8 
 3520  6 
 3521  8 
 3522  5 
 3523  6 
 3524  9 
 3525  8 
 3526  9 
 3527  4 
 3528  9 
 3529  8 
 3530  6 
 3531  9 
 3532  7 
 3533  10 
 3534  13 
 3535  9 
 3536  6 
 3537  8 
 3538  5 
 3539  4 
 3540  11 
 3541  6 
 3542  11 
 3543  8 
 3544  12 
 3545  7 
 3546  7 
 3547  3 
 3548  13 
 3549  5 
 3550  11 
 3551  5 
 3552  4 
 3553  6 
 3554  9 
 3555  4 
 3556  6 
 3557  4 
 3558  3 
 3559  5 
 3560  18 
 3561  9 
 3562  6 
 3563  8 
 3564  9 
 3565  4 
 3566  5 
 3567  4 
 3568  9 
 3569  3 
 3570  5 
 3571  5 
 3572  5 
 3573  9 
 3574  7 
 3575  7 
 3576  9 
 3577  8 
 3578  9 
 3579  9 
 3580  6 
 3581  4 
 3582  7 
 3583  4 
 3584  12 
 3585  8 
 3586  7 
 3587  3 
 3588  6 
 3589  8 
 3590  6 
 3591  7 
 3592  8 
 3593  2 
 3594  5 
 3595  6 
 3596  10 
 3597  10 
 3598  9 
 3599  3 
 3600  8 
 3601  3 
 3602  8 
 3603  8 
 3604  8 
 3605  6 
 3606  9 
 3607  10 
 3608  7 
 3609  6 
 3610  10 
 3611  8 
 3612  9 
 3613  11 
 3614  7 
 3615  10 
 3616  6 
 3617  12 
 3618  4 
 3619  10 
 3620  6 
 3621  7 
 3622  6 
 3623  4 
 3624  2 
 3625  11 
 3626  8 
 3627  10 
 3628  8 
 3629  5 
 3630  6 
 3631  7 
 3632  6 
 3633  7 
 3634  15 
 3635  7 
 3636  9 
 3637  12 
 3638  5 
 3639  4 
 3640  0 
 3641  7 
 3642  11 
 3643  7 
 3644  4 
 3645  9 
 3646  9 
 3647  7 
 3648  5 
 3649  12 
 3650  4 
 3651  7 
 3652  9 
 3653  7 
 3654  5 
 3655  12 
 3656  7 
 3657  8 
 3658  4 
 3659  8 
 3660  10 
 3661  5 
 3662  7 
 3663  9 
 3664  13 
 3665  5 
 3666  6 
 3667  11 
 3668  6 
 3669  11 
 3670  6 
 3671  8 
 3672  10 
 3673  5 
 3674  7 
 3675  8 
 3676  2 
 3677  6 
 3678  14 
 3679  14 
 3680  6 
 3681  10 
 3682  10 
 3683  5 
 3684  6 
 3685  8 
 3686  3 
 3687  6 
 3688  5 
 3689  10 
 3690  7 
 3691  5 
 3692  6 
 3693  6 
 3694  9 
 3695  7 
 3696  9 
 3697  5 
 3698  7 
 3699  4 
 3700  10 
 3701  13 
 3702  3 
 3703  3 
 3704  8 
 3705  8 
 3706  5 
 3707  10 
 3708  8 
 3709  9 
 3710  9 
 3711  9 
 3712  8 
 3713  7 
 3714  13 
 3715  6 
 3716  7 
 3717  6 
 3718  8 
 3719  8 
 3720  9 
 3721  5 
 3722  9 
 3723  10 
 3724  5 
 3725  11 
 3726  8 
 3727  9 
 3728  8 
 3729  8 
 3730  3 
 3731  5 
 3732  4 
 3733  5 
 3734  8 
 3735  10 
 3736  7 
 3737  10 
 3738  7 
 3739  12 
 3740  8 
 3741  5 
 3742  1 
 3743  6 
 3744  7 
 3745  7 
 3746  9 
 3747  6 
 3748  6 
 3749  7 
 3750  7 
 3751  3 
 3752  10 
 3753  8 
 3754  5 
 3755  8 
 3756  3 
 3757  5 
 3758  9 
 3759  6 
 3760  10 
 3761  13 
 3762  2 
 3763  6 
 3764  5 
 3765  5 
 3766  7 
 3767  6 
 3768  6 
 3769  9 
 3770  4 
 3771  7 
 3772  7 
 3773  12 
 3774  6 
 3775  6 
 3776  12 
 3777  4 
 3778  9 
 3779  5 
 3780  4 
 3781  0 
 3782  10 
 3783  7 
 3784  7 
 3785  6 
 3786  8 
 3787  7 
 3788  5 
 3789  9 
 3790  8 
 3791  8 
 3792  8 
 3793  8 
 3794  5 
 3795  7 
 3796  10 
 3797  3 
 3798  7 
 3799  2 
 3800  7 
 3801  10 
 3802  5 
 3803  5 
 3804  6 
 3805  4 
 3806  3 
 3807  4 
 3808  7 
 3809  5 
 3810  3 
 3811  7 
 3812  10 
 3813  6 
 3814  10 
 3815  5 
 3816  5 
 3817  11 
 3818  6 
 3819  10 
 3820  10 
 3821  5 
 3822  10 
 3823  6 
 3824  10 
 3825  6 
 3826  6 
 3827  10 
 3828  3 
 3829  7 
 3830  4 
 3831  4 
 3832  6 
 3833  11 
 3834  3 
 3835  8 
 3836  9 
 3837  7 
 3838  7 
 3839  4 
 3840  6 
 3841  8 
 3842  9 
 3843  11 
 3844  5 
 3845  8 
 3846  7 
 3847  7 
 3848  8 
 3849  9 
 3850  17 
 3851  2 
 3852  4 
 3853  4 
 3854  9 
 3855  6 
 3856  11 
 3857  9 
 3858  12 
 3859  6 
 3860  10 
 3861  11 
 3862  11 
 3863  7 
 3864  8 
 3865  13 
 3866  5 
 3867  8 
 3868  11 
 3869  6 
 3870  9 
 3871  11 
 3872  10 
 3873  12 
 3874  18 
 3875  11 
 3876  2 
 3877  11 
 3878  9 
 3879  15 
 3880  21 
 3881  15 
 3882  7 
 3883  10 
 3884  14 
 3885  16 
 3886  7 
 3887  14 
 3888  20 
 3889  15 
 3890  11 
 3891  19 
 3892  20 
 3893  10 
 3894  15 
 3895  24 
 3896  12 
 3897  20 
 3898  15 
 3899  15 
 3900  16 
 3901  12 
 3902  24 
 3903  14 
 3904  19 
 3905  18 
 3906  19 
 3907  26 
 3908  15 
 3909  17 
 3910  22 
 3911  20 
 3912  20 
 3913  17 
 3914  17 
 3915  18 
 3916  15 
 3917  12 
 3918  18 
 3919  17 
 3920  15 
 3921  20 
 3922  12 
 3923  19 
 3924  16 
 3925  7 
 3926  11 
 3927  15 
 3928  13 
 3929  16 
 3930  17 
 3931  10 
 3932  11 
 3933  6 
 3934  12 
 3935  8 
 3936  16 
 3937  9 
 3938  8 
 3939  13 
 3940  15 
 3941  14 
 3942  10 
 3943  11 
 3944  9 
 3945  10 
 3946  15 
 3947  9 
 3948  11 
 3949  10 
 3950  7 
 3951  8 
 3952  7 
 3953  12 
 3954  11 
 3955  5 
 3956  8 
 3957  9 
 3958  9 
 3959  13 
 3960  15 
 3961  10 
 3962  7 
 3963  6 
 3964  10 
 3965  9 
 3966  8 
 3967  5 
 3968  12 
 3969  16 
 3970  11 
 3971  11 
 3972  14 
 3973  5 
 3974  13 
 3975  16 
 3976  15 
 3977  20 
 3978  19 
 3979  23 
 3980  14 
 3981  19 
 3982  22 
 3983  29 
 3984  22 
 3985  16 
 3986  18 
 3987  24 
 3988  22 
 3989  33 
 3990  35 
 3991  35 
 3992  28 
 3993  25 
 3994  27 
 3995  38 
 3996  27 
 3997  38 
 3998  44 
 3999  44 
 4000  44 
 4001  46 
 4002  46 
 4003  47 
 4004  39 
 4005  44 
 4006  52 
 4007  60 
 4008  59 
 4009  57 
 4010  66 
 4011  69 
 4012  70 
 4013  74 
 4014  68 
 4015  90 
 4016  89 
 4017  92 
 4018  81 
 4019  80 
 4020  77 
 4021  98 
 4022  64 
 4023  71 
 4024  96 
 4025  84 
 4026  91 
 4027  100 
 4028  87 
 4029  86 
 4030  86 
 4031  91 
 4032  104 
 4033  86 
 4034  86 
 4035  90 
 4036  85 
 4037  119 
 4038  83 
 4039  100 
 4040  80 
 4041  82 
 4042  92 
 4043  68 
 4044  64 
 4045  73 
 4046  54 
 4047  66 
 4048  44 
 4049  50 
 4050  32 
 4051  63 
 4052  51 
 4053  37 
 4054  49 
 4055  53 
 4056  45 
 4057  47 
 4058  32 
 4059  36 
 4060  29 
 4061  35 
 4062  27 
 4063  30 
 4064  20 
 4065  20 
 4066  22 
 4067  23 
 4068  15 
 4069  18 
 4070  6 
 4071  12 
 4072  14 
 4073  16 
 4074  12 
 4075  14 
 4076  6 
 4077  8 
 4078  7 
 4079  7 
 4080  10 
 4081  8 
 4082  8 
 4083  5 
 4084  5 
 4085  7 
 4086  11 
 4087  4 
 4088  8 
 4089  4 
 4090  8 
 4091  5 
 4092  10 
 4093  6 
 4094  8 
 4095  6 
 4096  9 
 4097  13 
 4098  9 
 4099  8 
 4100  8 
 4101  5 
 4102  9 
 4103  12 
 4104  4 
 4105  10 
 4106  6 
 4107  7 
 4108  5 
 4109  11 
 4110  4 
 4111  9 
 4112  7 
 4113  3 
 4114  6 
 4115  4 
 4116  10 
 4117  12 
 4118  6 
 4119  8 
 4120  8 
 4121  4 
 4122  5 
 4123  13 
 4124  4 
 4125  3 
 4126  11 
 4127  7 
 4128  2 
 4129  7 
 4130  7 
 4131  9 
 4132  9 
 4133  7 
 4134  11 
 4135  10 
 4136  7 
 4137  11 
 4138  9 
 4139  4 
 4140  6 
 4141  12 
 4142  9 
 4143  5 
 4144  10 
 4145  9 
 4146  7 
 4147  9 
 4148  5 
 4149  7 
 4150  6 
 4151  9 
 4152  6 
 4153  4 
 4154  8 
 4155  6 
 4156  7 
 4157  3 
 4158  11 
 4159  5 
 4160  7 
 4161  3 
 4162  9 
 4163  11 
 4164  3 
 4165  8 
 4166  4 
 4167  14 
 4168  15 
 4169  12 
 4170  7 
 4171  4 
 4172  7 
 4173  3 
 4174  7 
 4175  8 
 4176  5 
 4177  7 
 4178  5 
 4179  6 
 4180  14 
 4181  6 
 4182  6 
 4183  6 
 4184  12 
 4185  12 
 4186  8 
 4187  7 
 4188  6 
 4189  10 
 4190  4 
 4191  4 
 4192  7 
 4193  15 
 4194  6 
 4195  11 
 4196  9 
 4197  8 
 4198  8 
 4199  5 
 4200  7 
 4201  8 
 4202  7 
 4203  10 
 4204  15 
 4205  11 
 4206  5 
 4207  12 
 4208  7 
 4209  8 
 4210  7 
 4211  3 
 4212  5 
 4213  9 
 4214  8 
 4215  9 
 4216  5 
 4217  12 
 4218  6 
 4219  10 
 4220  11 
 4221  4 
 4222  6 
 4223  5 
 4224  8 
 4225  5 
 4226  8 
 4227  8 
 4228  10 
 4229  1 
 4230  9 
 4231  3 
 4232  10 
 4233  8 
 4234  10 
 4235  6 
 4236  11 
 4237  8 
 4238  6 
 4239  12 
 4240  8 
 4241  8 
 4242  13 
 4243  9 
 4244  8 
 4245  7 
 4246  3 
 4247  8 
 4248  12 
 4249  8 
 4250  8 
 4251  9 
 4252  17 
 4253  9 
 4254  6 
 4255  8 
 4256  5 
 4257  4 
 4258  6 
 4259  11 
 4260  6 
 4261  9 
 4262  11 
 4263  3 
 4264  9 
 4265  6 
 4266  11 
 4267  11 
 4268  7 
 4269  5 
 4270  9 
 4271  7 
 4272  10 
 4273  9 
 4274  9 
 4275  10 
 4276  8 
 4277  10 
 4278  10 
 4279  18 
 4280  10 
 4281  20 
 4282  21 
 4283  13 
 4284  14 
 4285  11 
 4286  11 
 4287  16 
 4288  5 
 4289  10 
 4290  14 
 4291  17 
 4292  22 
 4293  18 
 4294  13 
 4295  21 
 4296  28 
 4297  15 
 4298  23 
 4299  29 
 4300  19 
 4301  27 
 4302  37 
 4303  28 
 4304  26 
 4305  27 
 4306  39 
 4307  43 
 4308  41 
 4309  39 
 4310  49 
 4311  47 
 4312  47 
 4313  57 
 4314  62 
 4315  70 
 4316  70 
 4317  70 
 4318  89 
 4319  90 
 4320  99 
 4321  79 
 4322  99 
 4323  88 
 4324  114 
 4325  121 
 4326  134 
 4327  154 
 4328  172 
 4329  133 
 4330  193 
 4331  164 
 4332  216 
 4333  237 
 4334  241 
 4335  247 
 4336  242 
 4337  313 
 4338  297 
 4339  353 
 4340  402 
 4341  407 
 4342  452 
 4343  468 
 4344  532 
 4345  561 
 4346  610 
 4347  647 
 4348  745 
 4349  779 
 4350  889 
 4351  919 
 4352  984 
 4353  1146 
 4354  1204 
 4355  1209 
 4356  1309 
 4357  1345 
 4358  1469 
 4359  1501 
 4360  1576 
 4361  1647 
 4362  1720 
 4363  1723 
 4364  1834 
 4365  1825 
 4366  1758 
 4367  1787 
 4368  1787 
 4369  1823 
 4370  1647 
 4371  1604 
 4372  1516 
 4373  1571 
 4374  1439 
 4375  1410 
 4376  1357 
 4377  1229 
 4378  1181 
 4379  1070 
 4380  984 
 4381  884 
 4382  793 
 4383  731 
 4384  631 
 4385  614 
 4386  513 
 4387  514 
 4388  441 
 4389  323 
 4390  306 
 4391  275 
 4392  246 
 4393  217 
 4394  190 
 4395  153 
 4396  145 
 4397  139 
 4398  119 
 4399  110 
 4400  98 
 4401  72 
 4402  61 
 4403  60 
 4404  51 
 4405  50 
 4406  37 
 4407  32 
 4408  37 
 4409  37 
 4410  28 
 4411  23 
 4412  26 
 4413  22 
 4414  21 
 4415  17 
 4416  11 
 4417  19 
 4418  15 
 4419  12 
 4420  20 
 4421  19 
 4422  12 
 4423  17 
 4424  9 
 4425  12 
 4426  12 
 4427  13 
 4428  14 
 4429  11 
 4430  9 
 4431  5 
 4432  8 
 4433  7 
 4434  9 
 4435  6 
 4436  8 
 4437  7 
 4438  12 
 4439  13 
 4440  11 
 4441  18 
 4442  9 
 4443  5 
 4444  6 
 4445  11 
 4446  11 
 4447  5 
 4448  9 
 4449  11 
 4450  9 
 4451  11 
 4452  12 
 4453  9 
 4454  8 
 4455  11 
 4456  10 
 4457  13 
 4458  9 
 4459  20 
 4460  14 
 4461  17 
 4462  20 
 4463  17 
 4464  14 
 4465  30 
 4466  35 
 4467  23 
 4468  29 
 4469  31 
 4470  41 
 4471  40 
 4472  42 
 4473  46 
 4474  38 
 4475  47 
 4476  59 
 4477  63 
 4478  55 
 4479  61 
 4480  63 
 4481  74 
 4482  68 
 4483  63 
 4484  61 
 4485  62 
 4486  46 
 4487  59 
 4488  65 
 4489  57 
 4490  53 
 4491  48 
 4492  54 
 4493  46 
 4494  40 
 4495  44 
 4496  43 
 4497  36 
 4498  31 
 4499  38 
 4500  15 
 4501  19 
 4502  26 
 4503  20 
 4504  22 
 4505  23 
 4506  12 
 4507  13 
 4508  15 
 4509  10 
 4510  7 
 4511  16 
 4512  7 
 4513  2 
 4514  9 
 4515  7 
 4516  5 
 4517  4 
 4518  3 
 4519  4 
 4520  1 
 4521  6 
 4522  2 
 4523  7 
 4524  2 
 4525  5 
 4526  3 
 4527  5 
 4528  4 
 4529  5 
 4530  3 
 4531  3 
 4532  3 
 4533  3 
 4534  7 
 4535  4 
 4536  3 
 4537  5 
 4538  2 
 4539  4 
 4540  0 
 4541  1 
 4542  4 
 4543  0 
 4544  4 
 4545  3 
 4546  5 
 4547  5 
 4548  2 
 4549  2 
 4550  2 
 4551  1 
 4552  5 
 4553  4 
 4554  1 
 4555  4 
 4556  3 
 4557  7 
 4558  5 
 4559  3 
 4560  2 
 4561  5 
 4562  11 
 4563  4 
 4564  4 
 4565  2 
 4566  3 
 4567  2 
 4568  2 
 4569  4 
 4570  4 
 4571  5 
 4572  2 
 4573  3 
 4574  4 
 4575  3 
 4576  3 
 4577  6 
 4578  10 
 4579  3 
 4580  12 
 4581  5 
 4582  4 
 4583  12 
 4584  6 
 4585  4 
 4586  10 
 4587  10 
 4588  11 
 4589  4 
 4590  4 
 4591  3 
 4592  6 
 4593  5 
 4594  9 
 4595  6 
 4596  8 
 4597  9 
 4598  9 
 4599  10 
 4600  17 
 4601  12 
 4602  17 
 4603  13 
 4604  9 
 4605  19 
 4606  11 
 4607  15 
 4608  17 
 4609  21 
 4610  24 
 4611  29 
 4612  34 
 4613  34 
 4614  31 
 4615  31 
 4616  43 
 4617  40 
 4618  47 
 4619  46 
 4620  63 
 4621  73 
 4622  66 
 4623  62 
 4624  83 
 4625  91 
 4626  102 
 4627  110 
 4628  108 
 4629  125 
 4630  151 
 4631  152 
 4632  150 
 4633  168 
 4634  204 
 4635  199 
 4636  220 
 4637  223 
 4638  233 
 4639  286 
 4640  271 
 4641  308 
 4642  310 
 4643  350 
 4644  373 
 4645  396 
 4646  410 
 4647  463 
 4648  393 
 4649  479 
 4650  474 
 4651  506 
 4652  540 
 4653  523 
 4654  582 
 4655  589 
 4656  582 
 4657  645 
 4658  641 
 4659  650 
 4660  690 
 4661  668 
 4662  651 
 4663  731 
 4664  730 
 4665  726 
 4666  683 
 4667  731 
 4668  763 
 4669  707 
 4670  741 
 4671  682 
 4672  684 
 4673  734 
 4674  717 
 4675  686 
 4676  625 
 4677  699 
 4678  684 
 4679  632 
 4680  609 
 4681  513 
 4682  517 
 4683  509 
 4684  429 
 4685  485 
 4686  408 
 4687  417 
 4688  378 
 4689  333 
 4690  359 
 4691  294 
 4692  263 
 4693  254 
 4694  218 
 4695  193 
 4696  182 
 4697  156 
 4698  152 
 4699  127 
 4700  117 
 4701  100 
 4702  82 
 4703  82 
 4704  74 
 4705  54 
 4706  50 
 4707  40 
 4708  50 
 4709  33 
 4710  38 
 4711  20 
 4712  24 
 4713  22 
 4714  19 
 4715  14 
 4716  7 
 4717  6 
 4718  11 
 4719  10 
 4720  9 
 4721  5 
 4722  9 
 4723  6 
 4724  6 
 4725  5 
 4726  7 
 4727  10 
 4728  5 
 4729  9 
 4730  11 
 4731  9 
 4732  7 
 4733  10 
 4734  15 
 4735  13 
 4736  15 
 4737  17 
 4738  16 
 4739  20 
 4740  18 
 4741  20 
 4742  21 
 4743  18 
 4744  29 
 4745  24 
 4746  31 
 4747  39 
 4748  30 
 4749  39 
 4750  33 
 4751  37 
 4752  46 
 4753  52 
 4754  63 
 4755  62 
 4756  72 
 4757  63 
 4758  71 
 4759  66 
 4760  92 
 4761  83 
 4762  107 
 4763  101 
 4764  80 
 4765  88 
 4766  91 
 4767  82 
 4768  80 
 4769  74 
 4770  65 
 4771  72 
 4772  60 
 4773  77 
 4774  60 
 4775  63 
 4776  44 
 4777  50 
 4778  57 
 4779  33 
 4780  34 
 4781  29 
 4782  27 
 4783  19 
 4784  21 
 4785  34 
 4786  17 
 4787  21 
 4788  20 
 4789  13 
 4790  17 
 4791  11 
 4792  13 
 4793  13 
 4794  9 
 4795  9 
 4796  10 
 4797  11 
 4798  7 
 4799  9 
 4800  5 
 4801  12 
 4802  11 
 4803  9 
 4804  10 
 4805  14 
 4806  9 
 4807  11 
 4808  12 
 4809  11 
 4810  14 
 4811  12 
 4812  7 
 4813  8 
 4814  12 
 4815  11 
 4816  9 
 4817  15 
 4818  11 
 4819  11 
 4820  11 
 4821  8 
 4822  12 
 4823  10 
 4824  11 
 4825  11 
 4826  11 
 4827  11 
 4828  7 
 4829  11 
 4830  9 
 4831  9 
 4832  10 
 4833  7 
 4834  11 
 4835  12 
 4836  6 
 4837  3 
 4838  4 
 4839  8 
 4840  2 
 4841  1 
 4842  5 
 4843  1 
 4844  6 
 4845  1 
 4846  1 
 4847  2 
 4848  1 
 4849  1 
 4850  1 
 4851  0 
 4852  0 
 4853  0 
 4854  0 
 4855  0 
 4856  0 
 4857  1 
 4858  0 
 4859  0 
 4860  0 
 4861  0 
 4862  0 
 4863  0 
 4864  0 
 4865  0 
 4866  0 
 4867  0 
 4868  0 
 4869  0 
 4870  0 
 4871  0 
 4872  0 
 4873  0 
 4874  0 
 4875  0 
 4876  0 
 4877  0 
 4878  1 
 4879  0 
 4880  0 
 4881  0 
 4882  0 
 4883  0 
 4884  0 
 4885  0 
 4886  1 
 4887  0 
 4888  0 
 4889  0 
 4890  0 
 4891  0 
 4892  0 
 4893  0 
 4894  0 
 4895  0 
 4896  0 
 4897  1 
 4898  0 
 4899  1 
 4900  0 
 4901  0 
 4902  0 
 4903  0 
 4904  0 
 4905  0 
 4906  0 
 4907  0 
 4908  0 
 4909  0 
 4910  0 
 4911  1 
 4912  0 
 4913  1 
 4914  0 
 4915  0 
 4916  0 
 4917  0 
 4918  0 
 4919  0 
 4920  1 
 4921  0 
 4922  0 
 4923  0 
 4924  0 
 4925  0 
 4926  0 
 4927  0 
 4928  0 
 4929  0 
 4930  0 
 4931  0 
 4932  0 
 4933  0 
 4934  0 
 4935  0 
 4936  0 
 4937  2 
 4938  0 
 4939  0 
 4940  0 
 4941  0 
 4942  0 
 4943  0 
 4944  2 
 4945  0 
 4946  0 
 4947  0 
 4948  0 
 4949  0 
 4950  0 
 4951  0 
 4952  0 
 4953  0 
 4954  0 
 4955  0 
 4956  0 
 4957  0 
 4958  0 
 4959  0 
 4960  0 
 4961  0 
 4962  0 
 4963  0 
 4964  0 
 4965  0 
 4966  0 
 4967  0 
 4968  0 
 4969  0 
 4970  0 
 4971  0 
 4972  0 
 4973  0 
 4974  0 
 4975  0 
 4976  0 
 4977  0 
 4978  0 
 4979  0 
 4980  0 
 4981  0 
 4982  0 
 4983  0 
 4984  0 
 4985  0 
 4986  0 
 4987  0 
 4988  0 
 4989  1 
 4990  0 
 4991  0 
 4992  0 
 4993  0 
 4994  0 
 4995  0 
 4996  0 
 4997  0 
 4998  0 
 4999  0 
 5000  0 
 5001  0 
 5002  0 
 5003  0 
 5004  0 
 5005  0 
 5006  0 
 5007  0 
 5008  0 
 5009  0 
 5010  0 
 5011  0 
 5012  0 
 5013  0 
 5014  0 
 5015  0 
 5016  0 
 5017  0 
 5018  0 
 5019  0 
 5020  0 
 5021  0 
 5022  0 
 5023  0 
 5024  0 
 5025  0 
 5026  0 
 5027  0 
 5028  0 
 5029  0 
 5030  0 
 5031  0 
 5032  0 
 5033  0 
 5034  0 
 5035  0 
 5036  0 
 5037  0 
 5038  0 
 5039  0 
 5040  0 
 5041  0 
 5042  0 
 5043  1 
 5044  0 
 5045  0 
 5046  0 
 5047  0 
 5048  0 
 5049  0 
 5050  0 
 5051  0 
 5052  0 
 5053  0 
 5054  0 
 5055  0 
 5056  0 
 5057  0 
 5058  0 
 5059  0 
 5060  0 
 5061  0 
 5062  0 
 5063  0 
 5064  0 
 5065  0 
 5066  0 
 5067  0 
 5068  0 
 5069  0 
 5070  0 
 5071  0 
 5072  0 
 5073  0 
 5074  0 
 5075  0 
 5076  0 
 5077  0 
 5078  0 
 5079  0 
 5080  0 
 5081  0 
 5082  1 
 5083  0 
 5084  0 
 5085  0 
 5086  0 
 5087  0 
 5088  0 
 5089  0 
 5090  0 
 5091  0 
 5092  0 
 5093  0 
 5094  0 
 5095  0 
 5096  0 
 5097  0 
 5098  0 
 5099  0 
 5100  0 
 5101  0 
 5102  0 
 5103  0 
 5104  0 
 5105  0 
 5106  0 
 5107  0 
 5108  0 
 5109  1 
 5110  0 
 5111  0 
 5112  1 
 5113  0 
 5114  0 
 5115  0 
 5116  0 
 5117  0 
 5118  0 
 5119  0 
 5120  0 
 5121  0 
 5122  0 
 5123  0 
 5124  0 
 5125  0 
 5126  0 
 5127  0 
 5128  0 
 5129  0 
 5130  0 
 5131  0 
 5132  0 
 5133  0 
 5134  0 
 5135  0 
 5136  0 
 5137  1 
 5138  0 
 5139  0 
 5140  0 
 5141  0 
 5142  0 
 5143  0 
 5144  0 
 5145  0 
 5146  0 
 5147  0 
 5148  0 
 5149  0 
 5150  0 
 5151  0 
 5152  0 
 5153  0 
 5154  0 
 5155  0 
 5156  0 
 5157  0 
 5158  0 
 5159  0 
 5160  0 
 5161  0 
 5162  0 
 5163  1 
 5164  0 
 5165  0 
 5166  0 
 5167  0 
 5168  0 
 5169  0 
 5170  0 
 5171  0 
 5172  0 
 5173  0 
 5174  0 
 5175  0 
 5176  0 
 5177  0 
 5178  0 
 5179  0 
 5180  0 
 5181  0 
 5182  0 
 5183  0 
 5184  0 
 5185  0 
 5186  0 
 5187  0 
 5188  0 
 5189  0 
 5190  2 
 5191  0 
 5192  0 
 5193  0 
 5194  0 
 5195  0 
 5196  0 
 5197  0 
 5198  0 
 5199  0 
 5200  0 
 5201  0 
 5202  0 
 5203  0 
 5204  0 
 5205  0 
 5206  0 
 5207  0 
 5208  0 
 5209  0 
 5210  0 
 5211  0 
 5212  0 
 5213  0 
 5214  0 
 5215  0 
 5216  0 
 5217  0 
 5218  1 
 5219  0 
 5220  0 
 5221  0 
 5222  0 
 5223  0 
 5224  0 
 5225  0 
 5226  0 
 5227  0 
 5228  0 
 5229  0 
 5230  0 
 5231  0 
 5232  0 
 5233  0 
 5234  0 
 5235  0 
 5236  0 
 5237  1 
 5238  0 
 5239  0 
 5240  1 
 5241  1 
 5242  0 
 5243  0 
 5244  0 
 5245  0 
 5246  0 
 5247  0 
 5248  0 
 5249  0 
 5250  0 
 5251  0 
 5252  0 
 5253  0 
 5254  0 
 5255  0 
 5256  1 
 5257  0 
 5258  0 
 5259  0 
 5260  0 
 5261  0 
 5262  0 
 5263  0 
 5264  0 
 5265  0 
 5266  0 
 5267  0 
 5268  0 
 5269  0 
 5270  0 
 5271  0 
 5272  0 
 5273  0 
 5274  0 
 5275  1 
 5276  0 
 5277  1 
 5278  0 
 5279  0 
 5280  0 
 5281  0 
 5282  0 
 5283  0 
 5284  0 
 5285  1 
 5286  0 
 5287  0 
 5288  0 
 5289  0 
 5290  0 
 5291  0 
 5292  0 
 5293  0 
 5294  0 
 5295  0 
 5296  0 
 5297  0 
 5298  0 
 5299  0 
 5300  0 
 5301  1 
 5302  0 
 5303  0 
 5304  0 
 5305  0 
 5306  0 
 5307  0 
 5308  0 
 5309  0 
 5310  0 
 5311  0 
 5312  0 
 5313  0 
 5314  0 
 5315  0 
 5316  1 
 5317  0 
 5318  0 
 5319  0 
 5320  0 
 5321  0 
 5322  0 
 5323  0 
 5324  0 
 5325  0 
 5326  0 
 5327  0 
 5328  0 
 5329  1 
 5330  0 
 5331  0 
 5332  0 
 5333  0 
 5334  0 
 5335  0 
 5336  0 
 5337  0 
 5338  0 
 5339  0 
 5340  0 
 5341  0 
 5342  0 
 5343  0 
 5344  0 
 5345  1 
 5346  0 
 5347  0 
 5348  0 
 5349  0 
 5350  0 
 5351  0 
 5352  0 
 5353  0 
 5354  0 
 5355  0 
 5356  0 
 5357  0 
 5358  0 
 5359  0 
 5360  0 
 5361  0 
 5362  0 
 5363  0 
 5364  0 
 5365  0 
 5366  0 
 5367  1 
 5368  0 
 5369  0 
 5370  0 
 5371  0 
 5372  0 
 5373  0 
 5374  0 
 5375  0 
 5376  0 
 5377  0 
 5378  0 
 5379  0 
 5380  0 
 5381  0 
 5382  0 
 5383  0 
 5384  0 
 5385  0 
 5386  0 
 5387  0 
 5388  0 
 5389  0 
 5390  0 
 5391  0 
 5392  0 
 5393  0 
 5394  0 
 5395  0 
 5396  0 
 5397  0 
 5398  0 
 5399  0 
 5400  0 
 5401  0 
 5402  0 
 5403  0 
 5404  0 
 5405  0 
 5406  0 
 5407  0 
 5408  0 
 5409  0 
 5410  0 
 5411  0 
 5412  0 
 5413  0 
 5414  0 
 5415  0 
 5416  0 
 5417  0 
 5418  0 
 5419  0 
 5420  0 
 5421  0 
 5422  0 
 5423  0 
 5424  0 
 5425  0 
 5426  0 
 5427  0 
 5428  0 
 5429  0 
 5430  0 
 5431  0 
 5432  0 
 5433  0 
 5434  0 
 5435  0 
 5436  0 
 5437  0 
 5438  0 
 5439  0 
 5440  0 
 5441  0 
 5442  0 
 5443  0 
 5444  0 
 5445  1 
 5446  0 
 5447  0 
 5448  0 
 5449  0 
 5450  0 
 5451  0 
 5452  0 
 5453  0 
 5454  0 
 5455  0 
 5456  1 
 5457  0 
 5458  0 
 5459  0 
 5460  0 
 5461  0 
 5462  1 
 5463  0 
 5464  0 
 5465  0 
 5466  0 
 5467  0 
 5468  0 
 5469  0 
 5470  0 
 5471  0 
 5472  0 
 5473  0 
 5474  0 
 5475  0 
 5476  0 
 5477  0 
 5478  0 
 5479  0 
 5480  0 
 5481  0 
 5482  0 
 5483  0 
 5484  0 
 5485  0 
 5486  0 
 5487  0 
 5488  0 
 5489  0 
 5490  0 
 5491  0 
 5492  0 
 5493  0 
 5494  0 
 5495  0 
 5496  0 
 5497  0 
 5498  0 
 5499  0 
 5500  0 
 5501  0 
 5502  0 
 5503  0 
 5504  0 
 5505  0 
 5506  0 
 5507  0 
 5508  0 
 5509  0 
 5510  0 
 5511  0 
 5512  0 
 5513  0 
 5514  0 
 5515  0 
 5516  0 
 5517  0 
 5518  0 
 5519  0 
 5520  0 
 5521  0 
 5522  0 
 5523  0 
 5524  0 
 5525  0 
 5526  0 
 5527  0 
 5528  0 
 5529  0 
 5530  0 
 5531  0 
 5532  0 
 5533  1 
 5534  0 
 5535  0 
 5536  0 
 5537  0 
 5538  0 
 5539  0 
 5540  0 
 5541  0 
 5542  0 
 5543  0 
 5544  0 
 5545  0 
 5546  0 
 5547  0 
 5548  0 
 5549  0 
 5550  0 
 5551  0 
 5552  0 
 5553  0 
 5554  0 
 5555  0 
 5556  0 
 5557  0 
 5558  0 
 5559  0 
 5560  0 
 5561  0 
 5562  0 
 5563  0 
 5564  0 
 5565  0 
 5566  0 
 5567  0 
 5568  0 
 5569  0 
 5570  0 
 5571  0 
 5572  0 
 5573  0 
 5574  0 
 5575  1 
 5576  0 
 5577  0 
 5578  0 
 5579  0 
 5580  0 
 5581  0 
 5582  0 
 5583  0 
 5584  0 
 5585  0 
 5586  1 
 5587  0 
 5588  0 
 5589  0 
 5590  0 
 5591  0 
 5592  0 
 5593  0 
 5594  0 
 5595  0 
 5596  0 
 5597  0 
 5598  0 
 5599  0 
 5600  0 
 5601  0 
 5602  0 
 5603  0 
 5604  0 
 5605  0 
 5606  0 
 5607  0 
 5608  0 
 5609  0 
 5610  0 
 5611  0 
 5612  0 
 5613  0 
 5614  0 
 5615  1 
 5616  0 
 5617  0 
 5618  0 
 5619  0 
 5620  0 
 5621  0 
 5622  0 
 5623  0 
 5624  0 
 5625  0 
 5626  0 
 5627  0 
 5628  0 
 5629  0 
 5630  0 
 5631  0 
 5632  0 
 5633  1 
 5634  0 
 5635  0 
 5636  0 
 5637  0 
 5638  0 
 5639  0 
 5640  0 
 5641  0 
 5642  0 
 5643  0 
 5644  0 
 5645  0 
 5646  0 
 5647  0 
 5648  0 
 5649  0 
 5650  0 
 5651  0 
 5652  0 
 5653  0 
 5654  0 
 5655  0 
 5656  0 
 5657  0 
 5658  0 
 5659  0 
 5660  0 
 5661  0 
 5662  1 
 5663  0 
 5664  0 
 5665  0 
 5666  0 
 5667  0 
 5668  0 
 5669  0 
 5670  0 
 5671  0 
 5672  0 
 5673  0 
 5674  0 
 5675  0 
 5676  0 
 5677  0 
 5678  0 
 5679  0 
 5680  0 
 5681  0 
 5682  0 
 5683  0 
 5684  0 
 5685  0 
 5686  0 
 5687  0 
 5688  0 
 5689  0 
 5690  1 
 5691  0 
 5692  0 
 5693  0 
 5694  0 
 5695  0 
 5696  0 
 5697  0 
 5698  0 
 5699  0 
 5700  0 
 5701  0 
 5702  1 
 5703  1 
 5704  0 
 5705  0 
 5706  1 
 5707  1 
 5708  0 
 5709  0 
 5710  0 
 5711  0 
 5712  0 
 5713  0 
 5714  0 
 5715  0 
 5716  0 
 5717  0 
 5718  0 
 5719  0 
 5720  0 
 5721  0 
 5722  0 
 5723  0 
 5724  0 
 5725  0 
 5726  1 
 5727  0 
 5728  0 
 5729  0 
 5730  0 
 5731  0 
 5732  1 
 5733  1 
 5734  0 
 5735  0 
 5736  0 
 5737  0 
 5738  0 
 5739  0 
 5740  0 
 5741  0 
 5742  0 
 5743  0 
 5744  1 
 5745  1 
 5746  0 
 5747  0 
 5748  1 
 5749  0 
 5750  0 
 5751  0 
 5752  1 
 5753  1 
 5754  0 
 5755  1 
 5756  0 
 5757  0 
 5758  0 
 5759  0 
 5760  0 
 5761  0 
 5762  0 
 5763  0 
 5764  1 
 5765  0 
 5766  1 
 5767  0 
 5768  0 
 5769  0 
 5770  0 
 5771  1 
 5772  0 
 5773  0 
 5774  0 
 5775  0 
 5776  0 
 5777  0 
 5778  0 
 5779  0 
 5780  0 
 5781  0 
 5782  1 
 5783  0 
 5784  1 
 5785  0 
 5786  0 
 5787  0 
 5788  1 
 5789  0 
 5790  0 
 5791  1 
 5792  0 
 5793  0 
 5794  0 
 5795  0 
 5796  0 
 5797  1 
 5798  0 
 5799  0 
 5800  1 
 5801  0 
 5802  0 
 5803  1 
 5804  0 
 5805  0 
 5806  0 
 5807  0 
 5808  1 
 5809  0 
 5810  0 
 5811  0 
 5812  1 
 5813  0 
 5814  0 
 5815  0 
 5816  0 
 5817  0 
 5818  0 
 5819  0 
 5820  0 
 5821  0 
 5822  0 
 5823  0 
 5824  1 
 5825  1 
 5826  0 
 5827  0 
 5828  1 
 5829  0 
 5830  0 
 5831  0 
 5832  0 
 5833  1 
 5834  1 
 5835  0 
 5836  2 
 5837  0 
 5838  0 
 5839  0 
 5840  0 
 5841  0 
 5842  0 
 5843  0 
 5844  0 
 5845  1 
 5846  1 
 5847  0 
 5848  0 
 5849  0 
 5850  0 
 5851  0 
 5852  0 
 5853  0 
 5854  0 
 5855  1 
 5856  0 
 5857  0 
 5858  0 
 5859  0 
 5860  0 
 5861  0 
 5862  1 
 5863  0 
 5864  0 
 5865  2 
 5866  1 
 5867  0 
 5868  0 
 5869  1 
 5870  1 
 5871  0 
 5872  0 
 5873  0 
 5874  0 
 5875  0 
 5876  0 
 5877  0 
 5878  0 
 5879  0 
 5880  0 
 5881  0 
 5882  0 
 5883  0 
 5884  0 
 5885  0 
 5886  1 
 5887  0 
 5888  0 
 5889  1 
 5890  0 
 5891  1 
 5892  0 
 5893  0 
 5894  1 
 5895  0 
 5896  0 
 5897  0 
 5898  0 
 5899  0 
 5900  0 
 5901  0 
 5902  0 
 5903  1 
 5904  0 
 5905  0 
 5906  0 
 5907  0 
 5908  0 
 5909  0 
 5910  0 
 5911  1 
 5912  0 
 5913  0 
 5914  0 
 5915  0 
 5916  1 
 5917  0 
 5918  0 
 5919  0 
 5920  0 
 5921  0 
 5922  1 
 5923  0 
 5924  1 
 5925  0 
 5926  0 
 5927  0 
 5928  0 
 5929  0 
 5930  2 
 5931  0 
 5932  1 
 5933  0 
 5934  0 
 5935  0 
 5936  0 
 5937  0 
 5938  1 
 5939  1 
 5940  0 
 5941  0 
 5942  0 
 5943  0 
 5944  0 
 5945  0 
 5946  0 
 5947  0 
 5948  0 
 5949  0 
 5950  0 
 5951  0 
 5952  0 
 5953  0 
 5954  1 
 5955  0 
 5956  0 
 5957  0 
 5958  0 
 5959  0 
 5960  0 
 5961  0 
 5962  0 
 5963  0 
 5964  1 
 5965  1 
 5966  0 
 5967  0 
 5968  0 
 5969  0 
 5970  0 
 5971  0 
 5972  0 
 5973  0 
 5974  1 
 5975  1 
 5976  0 
 5977  0 
 5978  1 
 5979  1 
 5980  0 
 5981  0 
 5982  0 
 5983  0 
 5984  1 
 5985  0 
 5986  0 
 5987  0 
 5988  0 
 5989  0 
 5990  0 
 5991  0 
 5992  0 
 5993  0 
 5994  0 
 5995  0 
 5996  0 
 5997  0 
 5998  1 
 5999  0 
 6000  0 
 6001  0 
 6002  0 
 6003  1 
 6004  0 
 6005  0 
 6006  0 
 6007  0 
 6008  0 
 6009  0 
 6010  0 
 6011  0 
 6012  0 
 6013  0 
 6014  0 
 6015  0 
 6016  0 
 6017  0 
 6018  0 
 6019  0 
 6020  0 
 6021  0 
 6022  0 
 6023  0 
 6024  0 
 6025  0 
 6026  1 
 6027  0 
 6028  0 
 6029  0 
 6030  0 
 6031  1 
 6032  0 
 6033  0 
 6034  0 
 6035  0 
 6036  0 
 6037  0 
 6038  0 
 6039  0 
 6040  0 
 6041  0 
 6042  0 
 6043  0 
 6044  0 
 6045  0 
 6046  0 
 6047  0 
 6048  0 
 6049  0 
 6050  0 
 6051  0 
 6052  0 
 6053  0 
 6054  0 
 6055  0 
 6056  0 
 6057  0 
 6058  0 
 6059  0 
 6060  0 
 6061  0 
 6062  0 
 6063  0 
 6064  0 
 6065  0 
 6066  0 
 6067  0 
 6068  0 
 6069  0 
 6070  0 
 6071  0 
 6072  0 
 6073  0 
 6074  0 
 6075  0 
 6076  0 
 6077  0 
 6078  0 
 6079  0 
 6080  0 
 6081  0 
 6082  0 
 6083  0 
 6084  0 
 6085  0 
 6086  0 
 6087  0 
 6088  0 
 6089  0 
 6090  0 
 6091  0 
 6092  0 
 6093  0 
 6094  0 
 6095  0 
 6096  0 
 6097  0 
 6098  0 
 6099  0 
 6100  0 
 6101  0 
 6102  0 
 6103  0 
 6104  0 
 6105  0 
 6106  0 
 6107  0 
 6108  0 
 6109  0 
 6110  0 
 6111  0 
 6112  0 
 6113  0 
 6114  0 
 6115  0 
 6116  0 
 6117  0 
 6118  0 
 6119  0 
 6120  0 
 6121  0 
 6122  0 
 6123  0 
 6124  0 
 6125  0 
 6126  0 
 6127  0 
 6128  0 
 6129  0 
 6130  0 
 6131  0 
 6132  0 
 6133  0 
 6134  0 
 6135  0 
 6136  0 
 6137  0 
 6138  0 
 6139  0 
 6140  0 
 6141  0 
 6142  0 
 6143  0 
 6144  0 
 6145  0 
 6146  0 
 6147  0 
 6148  0 
 6149  0 
 6150  0 
 6151  0 
 6152  0 
 6153  0 
 6154  0 
 6155  0 
 6156  0 
 6157  0 
 6158  0 
 6159  0 
 6160  0 
 6161  0 
 6162  0 
 6163  1 
 6164  0 
 6165  0 
 6166  0 
 6167  0 
 6168  0 
 6169  0 
 6170  0 
 6171  0 
 6172  0 
 6173  0 
 6174  0 
 6175  0 
 6176  1 
 6177  0 
 6178  0 
 6179  0 
 6180  0 
 6181  0 
 6182  0 
 6183  0 
 6184  0 
 6185  0 
 6186  0 
 6187  0 
 6188  0 
 6189  0 
 6190  0 
 6191  0 
 6192  0 
 6193  0 
 6194  0 
 6195  0 
 6196  0 
 6197  0 
 6198  0 
 6199  0 
 6200  0 
 6201  0 
 6202  0 
 6203  0 
 6204  0 
 6205  0 
 6206  0 
 6207  0 
 6208  0 
 6209  0 
 6210  0 
 6211  0 
 6212  0 
 6213  0 
 6214  0 
 6215  0 
 6216  0 
 6217  0 
 6218  0 
 6219  0 
 6220  0 
 6221  0 
 6222  0 
 6223  0 
 6224  0 
 6225  0 
 6226  0 
 6227  0 
 6228  0 
 6229  0 
 6230  0 
 6231  0 
 6232  0 
 6233  0 
 6234  0 
 6235  0 
 6236  0 
 6237  0 
 6238  0 
 6239  0 
 6240  0 
 6241  0 
 6242  0 
 6243  0 
 6244  0 
 6245  0 
 6246  0 
 6247  0 
 6248  0 
 6249  0 
 6250  0 
 6251  0 
 6252  0 
 6253  0 
 6254  0 
 6255  0 
 6256  0 
 6257  0 
 6258  0 
 6259  0 
 6260  0 
 6261  0 
 6262  0 
 6263  0 
 6264  0 
 6265  0 
 6266  0 
 6267  0 
 6268  0 
 6269  0 
 6270  0 
 6271  0 
 6272  0 
 6273  0 
 6274  0 
 6275  0 
 6276  0 
 6277  0 
 6278  0 
 6279  0 
 6280  0 
 6281  0 
 6282  0 
 6283  0 
 6284  0 
 6285  0 
 6286  0 
 6287  0 
 6288  0 
 6289  0 
 6290  0 
 6291  0 
 6292  0 
 6293  0 
 6294  0 
 6295  0 
 6296  0 
 6297  0 
 6298  0 
 6299  0 
 6300  0 
 6301  0 
 6302  0 
 6303  0 
 6304  0 
 6305  0 
 6306  0 
 6307  0 
 6308  0 
 6309  0 
 6310  0 
 6311  1 
 6312  0 
 6313  0 
 6314  0 
 6315  0 
 6316  0 
 6317  0 
 6318  0 
 6319  0 
 6320  0 
 6321  0 
 6322  0 
 6323  0 
 6324  0 
 6325  0 
 6326  0 
 6327  0 
 6328  0 
 6329  0 
 6330  0 
 6331  0 
 6332  0 
 6333  0 
 6334  0 
 6335  0 
 6336  0 
 6337  0 
 6338  0 
 6339  0 
 6340  0 
 6341  0 
 6342  0 
 6343  0 
 6344  0 
 6345  0 
 6346  0 
 6347  0 
 6348  0 
 6349  0 
 6350  0 
 6351  0 
 6352  0 
 6353  0 
 6354  0 
 6355  0 
 6356  0 
 6357  0 
 6358  0 
 6359  0 
 6360  0 
 6361  0 
 6362  0 
 6363  0 
 6364  0 
 6365  0 
 6366  0 
 6367  0 
 6368  0 
 6369  0 
 6370  0 
 6371  1 
 6372  0 
 6373  0 
 6374  0 
 6375  0 
 6376  0 
 6377  0 
 6378  0 
 6379  0 
 6380  0 
 6381  0 
 6382  0 
 6383  0 
 6384  0 
 6385  0 
 6386  0 
 6387  0 
 6388  0 
 6389  0 
 6390  0 
 6391  0 
 6392  0 
 6393  0 
 6394  0 
 6395  0 
 6396  0 
 6397  0 
 6398  0 
 6399  0 
 6400  0 
 6401  0 
 6402  0 
 6403  0 
 6404  0 
 6405  0 
 6406  0 
 6407  0 
 6408  0 
 6409  0 
 6410  0 
 6411  0 
 6412  0 
 6413  0 
 6414  0 
 6415  0 
 6416  0 
 6417  0 
 6418  0 
 6419  0 
 6420  0 
 6421  0 
 6422  0 
 6423  0 
 6424  0 
 6425  0 
 6426  0 
 6427  0 
 6428  0 
 6429  0 
 6430  0 
 6431  0 
 6432  0 
 6433  0 
 6434  0 
 6435  0 
 6436  0 
 6437  0 
 6438  0 
 6439  0 
 6440  0 
 6441  0 
 6442  0 
 6443  0 
 6444  0 
 6445  0 
 6446  0 
 6447  0 
 6448  0 
 6449  0 
 6450  0 
 6451  0 
 6452  0 
 6453  0 
 6454  0 
 6455  0 
 6456  0 
 6457  0 
 6458  0 
 6459  0 
 6460  0 
 6461  0 
 6462  0 
 6463  0 
 6464  0 
 6465  0 
 6466  0 
 6467  0 
 6468  0 
 6469  0 
 6470  0 
 6471  0 
 6472  0 
 6473  0 
 6474  0 
 6475  0 
 6476  0 
 6477  0 
 6478  0 
 6479  0 
 6480  0 
 6481  0 
 6482  0 
 6483  0 
 6484  0 
 6485  1 
 6486  1 
 6487  0 
 6488  0 
 6489  1 
 6490  0 
 6491  0 
 6492  0 
 6493  0 
 6494  0 
 6495  0 
 6496  0 
 6497  0 
 6498  0 
 6499  0 
 6500  0 
 6501  0 
 6502  0 
 6503  0 
 6504  0 
 6505  0 
 6506  0 
 6507  0 
 6508  0 
 6509  0 
 6510  0 
 6511  0 
 6512  0 
 6513  0 
 6514  0 
 6515  0 
 6516  0 
 6517  0 
 6518  0 
 6519  0 
 6520  0 
 6521  0 
 6522  0 
 6523  0 
 6524  0 
 6525  0 
 6526  0 
 6527  0 
 6528  0 
 6529  0 
 6530  0 
 6531  0 
 6532  0 
 6533  0 
 6534  0 
 6535  0 
 6536  0 
 6537  0 
 6538  0 
 6539  0 
 6540  0 
 6541  0 
 6542  0 
 6543  0 
 6544  0 
 6545  0 
 6546  0 
 6547  0 
 6548  0 
 6549  0 
 6550  0 
 6551  0 
 6552  0 
 6553  0 
 6554  0 
 6555  0 
 6556  0 
 6557  0 
 6558  0 
 6559  0 
 6560  0 
 6561  0 
 6562  0 
 6563  0 
 6564  0 
 6565  0 
 6566  0 
 6567  0 
 6568  0 
 6569  0 
 6570  0 
 6571  0 
 6572  0 
 6573  0 
 6574  0 
 6575  0 
 6576  0 
 6577  0 
 6578  0 
 6579  0 
 6580  0 
 6581  0 
 6582  0 
 6583  0 
 6584  0 
 6585  0 
 6586  0 
 6587  0 
 6588  0 
 6589  0 
 6590  0 
 6591  0 
 6592  0 
 6593  0 
 6594  0 
 6595  0 
 6596  0 
 6597  0 
 6598  0 
 6599  0 
 6600  0 
 6601  0 
 6602  0 
 6603  0 
 6604  0 
 6605  0 
 6606  0 
 6607  0 
 6608  0 
 6609  0 
 6610  0 
 6611  1 
 6612  0 
 6613  0 
 6614  0 
 6615  0 
 6616  0 
 6617  0 
 6618  0 
 6619  0 
 6620  0 
 6621  0 
 6622  0 
 6623  0 
 6624  0 
 6625  0 
 6626  0 
 6627  0 
 6628  0 
 6629  1 
 6630  0 
 6631  0 
 6632  0 
 6633  0 
 6634  0 
 6635  0 
 6636  0 
 6637  0 
 6638  0 
 6639  0 
 6640  0 
 6641  0 
 6642  0 
 6643  0 
 6644  0 
 6645  0 
 6646  0 
 6647  0 
 6648  0 
 6649  0 
 6650  0 
 6651  0 
 6652  0 
 6653  0 
 6654  0 
 6655  0 
 6656  0 
 6657  0 
 6658  0 
 6659  0 
 6660  0 
 6661  0 
 6662  0 
 6663  0 
 6664  0 
 6665  0 
 6666  0 
 6667  0 
 6668  0 
 6669  0 
 6670  0 
 6671  0 
 6672  0 
 6673  0 
 6674  0 
 6675  0 
 6676  0 
 6677  0 
 6678  0 
 6679  0 
 6680  0 
 6681  0 
 6682  0 
 6683  0 
 6684  0 
 6685  0 
 6686  0 
 6687  0 
 6688  0 
 6689  0 
 6690  0 
 6691  0 
 6692  0 
 6693  0 
 6694  0 
 6695  0 
 6696  0 
 6697  0 
 6698  0 
 6699  0 
 6700  0 
 6701  0 
 6702  0 
 6703  0 
 6704  0 
 6705  0 
 6706  0 
 6707  0 
 6708  0 
 6709  0 
 6710  1 
 6711  0 
 6712  0 
 6713  0 
 6714  0 
 6715  0 
 6716  0 
 6717  0 
 6718  0 
 6719  0 
 6720  0 
 6721  0 
 6722  0 
 6723  0 
 6724  0 
 6725  0 
 6726  0 
 6727  0 
 6728  0 
 6729  0 
 6730  0 
 6731  0 
 6732  0 
 6733  0 
 6734  0 
 6735  1 
 6736  0 
 6737  0 
 6738  0 
 6739  0 
 6740  0 
 6741  0 
 6742  0 
 6743  0 
 6744  0 
 6745  0 
 6746  0 
 6747  0 
 6748  0 
 6749  0 
 6750  0 
 6751  0 
 6752  0 
 6753  0 
 6754  0 
 6755  0 
 6756  0 
 6757  0 
 6758  0 
 6759  0 
 6760  0 
 6761  0 
 6762  0 
 6763  0 
 6764  0 
 6765  0 
 6766  0 
 6767  0 
 6768  0 
 6769  0 
 6770  0 
 6771  0 
 6772  0 
 6773  0 
 6774  0 
 6775  0 
 6776  0 
 6777  0 
 6778  0 
 6779  0 
 6780  0 
 6781  0 
 6782  0 
 6783  0 
 6784  0 
 6785  0 
 6786  0 
 6787  0 
 6788  0 
 6789  0 
 6790  0 
 6791  0 
 6792  0 
 6793  0 
 6794  0 
 6795  0 
 6796  0 
 6797  0 
 6798  0 
 6799  0 
 6800  0 
 6801  0 
 6802  0 
 6803  0 
 6804  0 
 6805  0 
 6806  0 
 6807  0 
 6808  0 
 6809  0 
 6810  0 
 6811  0 
 6812  0 
 6813  0 
 6814  0 
 6815  0 
 6816  0 
 6817  0 
 6818  0 
 6819  0 
 6820  0 
 6821  0 
 6822  0 
 6823  0 
 6824  0 
 6825  0 
 6826  0 
 6827  0 
 6828  0 
 6829  0 
 6830  0 
 6831  0 
 6832  0 
 6833  0 
 6834  0 
 6835  0 
 6836  0 
 6837  0 
 6838  0 
 6839  0 
 6840  0 
 6841  0 
 6842  0 
 6843  0 
 6844  0 
 6845  0 
 6846  0 
 6847  0 
 6848  0 
 6849  0 
 6850  0 
 6851  0 
 6852  0 
 6853  0 
 6854  0 
 6855  0 
 6856  0 
 6857  0 
 6858  0 
 6859  0 
 6860  0 
 6861  0 
 6862  0 
 6863  0 
 6864  0 
 6865  0 
 6866  0 
 6867  0 
 6868  0 
 6869  0 
 6870  0 
 6871  0 
 6872  0 
 6873  0 
 6874  0 
 6875  0 
 6876  1 
 6877  0 
 6878  0 
 6879  0 
 6880  0 
 6881  0 
 6882  0 
 6883  0 
 6884  0 
 6885  0 
 6886  0 
 6887  0 
 6888  0 
 6889  0 
 6890  0 
 6891  0 
 6892  0 
 6893  0 
 6894  0 
 6895  0 
 6896  0 
 6897  0 
 6898  0 
 6899  0 
 6900  0 
 6901  0 
 6902  0 
 6903  0 
 6904  0 
 6905  0 
 6906  0 
 6907  0 
 6908  0 
 6909  0 
 6910  0 
 6911  0 
 6912  0 
 6913  0 
 6914  0 
 6915  0 
 6916  0 
 6917  0 
 6918  0 
 6919  0 
 6920  0 
 6921  0 
 6922  0 
 6923  0 
 6924  0 
 6925  0 
 6926  0 
 6927  0 
 6928  0 
 6929  0 
 6930  0 
 6931  0 
 6932  0 
 6933  0 
 6934  0 
 6935  0 
 6936  0 
 6937  0 
 6938  0 
 6939  0 
 6940  0 
 6941  0 
 6942  0 
 6943  0 
 6944  0 
 6945  0 
 6946  0 
 6947  0 
 6948  0 
 6949  0 
 6950  0 
 6951  0 
 6952  0 
 6953  0 
 6954  0 
 6955  0 
 6956  0 
 6957  0 
 6958  0 
 6959  0 
 6960  0 
 6961  0 
 6962  0 
 6963  0 
 6964  0 
 6965  0 
 6966  0 
 6967  0 
 6968  0 
 6969  0 
 6970  0 
 6971  0 
 6972  0 
 6973  0 
 6974  0 
 6975  0 
 6976  0 
 6977  0 
 6978  0 
 6979  0 
 6980  0 
 6981  0 
 6982  0 
 6983  0 
 6984  0 
 6985  0 
 6986  0 
 6987  0 
 6988  0 
 6989  0 
 6990  0 
 6991  0 
 6992  0 
 6993  0 
 6994  0 
 6995  0 
 6996  0 
 6997  0 
 6998  0 
 6999  0 
 7000  0 
 7001  0 
 7002  0 
 7003  0 
 7004  0 
 7005  0 
 7006  0 
 7007  0 
 7008  0 
 7009  0 
 7010  0 
 7011  0 
 7012  0 
 7013  0 
 7014  0 
 7015  0 
 7016  0 
 7017  0 
 7018  0 
 7019  0 
 7020  0 
 7021  0 
 7022  0 
 7023  0 
 7024  0 
 7025  0 
 7026  0 
 7027  0 
 7028  0 
 7029  0 
 7030  0 
 7031  0 
 7032  0 
 7033  1 
 7034  1 
 7035  0 
 7036  0 
 7037  0 
 7038  0 
 7039  0 
 7040  0 
 7041  0 
 7042  0 
 7043  0 
 7044  0 
 7045  0 
 7046  0 
 7047  0 
 7048  0 
 7049  0 
 7050  1 
 7051  0 
 7052  1 
 7053  0 
 7054  0 
 7055  0 
 7056  0 
 7057  0 
 7058  0 
 7059  0 
 7060  0 
 7061  0 
 7062  0 
 7063  0 
 7064  0 
 7065  0 
 7066  0 
 7067  0 
 7068  0 
 7069  0 
 7070  0 
 7071  0 
 7072  0 
 7073  0 
 7074  0 
 7075  0 
 7076  0 
 7077  0 
 7078  0 
 7079  1 
 7080  0 
 7081  0 
 7082  0 
 7083  0 
 7084  0 
 7085  0 
 7086  0 
 7087  0 
 7088  0 
 7089  0 
 7090  0 
 7091  0 
 7092  0 
 7093  0 
 7094  0 
 7095  0 
 7096  0 
 7097  0 
 7098  0 
 7099  0 
 7100  0 
 7101  0 
 7102  0 
 7103  0 
 7104  0 
 7105  0 
 7106  0 
 7107  0 
 7108  0 
 7109  0 
 7110  0 
 7111  0 
 7112  0 
 7113  0 
 7114  0 
 7115  0 
 7116  0 
 7117  0 
 7118  0 
 7119  0 
 7120  0 
 7121  0 
 7122  0 
 7123  0 
 7124  0 
 7125  0 
 7126  0 
 7127  0 
 7128  0 
 7129  1 
 7130  0 
 7131  0 
 7132  0 
 7133  0 
 7134  0 
 7135  0 
 7136  0 
 7137  0 
 7138  0 
 7139  0 
 7140  0 
 7141  0 
 7142  0 
 7143  0 
 7144  0 
 7145  0 
 7146  0 
 7147  0 
 7148  0 
 7149  0 
 7150  0 
 7151  0 
 7152  0 
 7153  0 
 7154  0 
 7155  0 
 7156  0 
 7157  0 
 7158  0 
 7159  0 
 7160  0 
 7161  0 
 7162  0 
 7163  0 
 7164  0 
 7165  0 
 7166  0 
 7167  0 
 7168  0 
 7169  0 
 7170  0 
 7171  0 
 7172  1 
 7173  0 
 7174  0 
 7175  0 
 7176  0 
 7177  0 
 7178  0 
 7179  0 
 7180  0 
 7181  0 
 7182  0 
 7183  0 
 7184  0 
 7185  0 
 7186  0 
 7187  0 
 7188  0 
 7189  0 
 7190  0 
 7191  0 
 7192  0 
 7193  0 
 7194  0 
 7195  0 
 7196  0 
 7197  0 
 7198  0 
 7199  0 
 7200  0 
 7201  0 
 7202  0 
 7203  0 
 7204  0 
 7205  0 
 7206  0 
 7207  0 
 7208  0 
 7209  0 
 7210  0 
 7211  0 
 7212  0 
 7213  0 
 7214  0 
 7215  0 
 7216  0 
 7217  0 
 7218  0 
 7219  0 
 7220  0 
 7221  0 
 7222  0 
 7223  0 
 7224  1 
 7225  0 
 7226  0 
 7227  0 
 7228  0 
 7229  0 
 7230  0 
 7231  0 
 7232  0 
 7233  0 
 7234  0 
 7235  0 
 7236  0 
 7237  0 
 7238  0 
 7239  0 
 7240  0 
 7241  0 
 7242  0 
 7243  0 
 7244  0 
 7245  0 
 7246  0 
 7247  0 
 7248  0 
 7249  0 
 7250  0 
 7251  0 
 7252  0 
 7253  0 
 7254  0 
 7255  0 
 7256  0 
 7257  0 
 7258  0 
 7259  0 
 7260  1 
 7261  0 
 7262  0 
 7263  0 
 7264  0 
 7265  0 
 7266  0 
 7267  0 
 7268  0 
 7269  0 
 7270  0 
 7271  0 
 7272  0 
 7273  0 
 7274  0 
 7275  0 
 7276  1 
 7277  0 
 7278  0 
 7279  0 
 7280  0 
 7281  0 
 7282  0 
 7283  0 
 7284  0 
 7285  0 
 7286  0 
 7287  0 
 7288  0 
 7289  0 
 7290  0 
 7291  0 
 7292  0 
 7293  0 
 7294  0 
 7295  0 
 7296  0 
 7297  0 
 7298  0 
 7299  0 
 7300  0 
 7301  0 
 7302  0 
 7303  0 
 7304  0 
 7305  0 
 7306  0 
 7307  0 
 7308  0 
 7309  0 
 7310  0 
 7311  0 
 7312  0 
 7313  0 
 7314  0 
 7315  1 
 7316  0 
 7317  0 
 7318  0 
 7319  0 
 7320  0 
 7321  0 
 7322  0 
 7323  0 
 7324  0 
 7325  0 
 7326  0 
 7327  0 
 7328  0 
 7329  0 
 7330  0 
 7331  0 
 7332  0 
 7333  0 
 7334  0 
 7335  0 
 7336  0 
 7337  0 
 7338  0 
 7339  0 
 7340  0 
 7341  0 
 7342  0 
 7343  0 
 7344  0 
 7345  0 
 7346  0 
 7347  0 
 7348  0 
 7349  0 
 7350  0 
 7351  0 
 7352  1 
 7353  1 
 7354  0 
 7355  0 
 7356  0 
 7357  0 
 7358  0 
 7359  0 
 7360  0 
 7361  0 
 7362  0 
 7363  0 
 7364  0 
 7365  0 
 7366  0 
 7367  0 
 7368  0 
 7369  0 
 7370  0 
 7371  0 
 7372  0 
 7373  0 
 7374  0 
 7375  0 
 7376  0 
 7377  0 
 7378  0 
 7379  0 
 7380  0 
 7381  0 
 7382  0 
 7383  0 
 7384  0 
 7385  0 
 7386  0 
 7387  0 
 7388  0 
 7389  0 
 7390  0 
 7391  0 
 7392  0 
 7393  0 
 7394  0 
 7395  0 
 7396  0 
 7397  0 
 7398  0 
 7399  0 
 7400  0 
 7401  0 
 7402  0 
 7403  0 
 7404  0 
 7405  0 
 7406  0 
 7407  0 
 7408  0 
 7409  0 
 7410  0 
 7411  0 
 7412  0 
 7413  0 
 7414  0 
 7415  0 
 7416  0 
 7417  0 
 7418  0 
 7419  0 
 7420  0 
 7421  0 
 7422  0 
 7423  0 
 7424  1 
 7425  0 
 7426  1 
 7427  0 
 7428  0 
 7429  0 
 7430  0 
 7431  0 
 7432  0 
 7433  0 
 7434  0 
 7435  0 
 7436  0 
 7437  0 
 7438  0 
 7439  0 
 7440  0 
 7441  0 
 7442  0 
 7443  0 
 7444  0 
 7445  0 
 7446  0 
 7447  1 
 7448  0 
 7449  0 
 7450  0 
 7451  0 
 7452  0 
 7453  0 
 7454  0 
 7455  0 
 7456  0 
 7457  0 
 7458  0 
 7459  0 
 7460  0 
 7461  0 
 7462  0 
 7463  0 
 7464  0 
 7465  0 
 7466  0 
 7467  0 
 7468  0 
 7469  0 
 7470  0 
 7471  0 
 7472  0 
 7473  0 
 7474  0 
 7475  0 
 7476  0 
 7477  0 
 7478  1 
 7479  0 
 7480  0 
 7481  0 
 7482  0 
 7483  0 
 7484  0 
 7485  0 
 7486  0 
 7487  0 
 7488  0 
 7489  0 
 7490  0 
 7491  0 
 7492  0 
 7493  0 
 7494  0 
 7495  0 
 7496  0 
 7497  0 
 7498  0 
 7499  0 
 7500  0 
 7501  0 
 7502  0 
 7503  0 
 7504  0 
 7505  1 
 7506  0 
 7507  0 
 7508  0 
 7509  0 
 7510  0 
 7511  0 
 7512  0 
 7513  0 
 7514  0 
 7515  0 
 7516  0 
 7517  1 
 7518  0 
 7519  0 
 7520  0 
 7521  0 
 7522  0 
 7523  0 
 7524  0 
 7525  0 
 7526  0 
 7527  0 
 7528  0 
 7529  0 
 7530  0 
 7531  0 
 7532  0 
 7533  0 
 7534  1 
 7535  0 
 7536  0 
 7537  0 
 7538  0 
 7539  0 
 7540  0 
 7541  0 
 7542  0 
 7543  0 
 7544  0 
 7545  0 
 7546  0 
 7547  0 
 7548  0 
 7549  0 
 7550  0 
 7551  0 
 7552  0 
 7553  0 
 7554  0 
 7555  0 
 7556  0 
 7557  0 
 7558  0 
 7559  0 
 7560  0 
 7561  0 
 7562  1 
 7563  0 
 7564  1 
 7565  0 
 7566  0 
 7567  0 
 7568  0 
 7569  0 
 7570  0 
 7571  0 
 7572  0 
 7573  0 
 7574  1 
 7575  0 
 7576  1 
 7577  0 
 7578  0 
 7579  0 
 7580  0 
 7581  0 
 7582  0 
 7583  1 
 7584  0 
 7585  0 
 7586  0 
 7587  1 
 7588  0 
 7589  1 
 7590  0 
 7591  0 
 7592  0 
 7593  0 
 7594  1 
 7595  0 
 7596  0 
 7597  0 
 7598  0 
 7599  0 
 7600  0 
 7601  0 
 7602  0 
 7603  0 
 7604  0 
 7605  0 
 7606  0 
 7607  0 
 7608  0 
 7609  0 
 7610  0 
 7611  0 
 7612  0 
 7613  0 
 7614  0 
 7615  0 
 7616  0 
 7617  0 
 7618  0 
 7619  0 
 7620  0 
 7621  0 
 7622  0 
 7623  0 
 7624  0 
 7625  0 
 7626  0 
 7627  0 
 7628  0 
 7629  0 
 7630  0 
 7631  0 
 7632  0 
 7633  1 
 7634  1 
 7635  1 
 7636  0 
 7637  0 
 7638  0 
 7639  0 
 7640  0 
 7641  0 
 7642  0 
 7643  0 
 7644  2 
 7645  0 
 7646  0 
 7647  0 
 7648  1 
 7649  0 
 7650  0 
 7651  0 
 7652  0 
 7653  1 
 7654  0 
 7655  0 
 7656  0 
 7657  0 
 7658  2 
 7659  0 
 7660  0 
 7661  0 
 7662  1 
 7663  1 
 7664  0 
 7665  0 
 7666  1 
 7667  0 
 7668  0 
 7669  1 
 7670  1 
 7671  1 
 7672  0 
 7673  1 
 7674  0 
 7675  0 
 7676  0 
 7677  0 
 7678  0 
 7679  0 
 7680  0 
 7681  0 
 7682  0 
 7683  0 
 7684  0 
 7685  0 
 7686  0 
 7687  0 
 7688  0 
 7689  0 
 7690  0 
 7691  1 
 7692  1 
 7693  1 
 7694  0 
 7695  0 
 7696  0 
 7697  1 
 7698  0 
 7699  0 
 7700  0 
 7701  2 
 7702  0 
 7703  0 
 7704  0 
 7705  0 
 7706  1 
 7707  1 
 7708  2 
 7709  0 
 7710  0 
 7711  0 
 7712  0 
 7713  1 
 7714  1 
 7715  2 
 7716  1 
 7717  1 
 7718  1 
 7719  0 
 7720  1 
 7721  0 
 7722  0 
 7723  1 
 7724  1 
 7725  1 
 7726  3 
 7727  0 
 7728  1 
 7729  0 
 7730  1 
 7731  0 
 7732  0 
 7733  0 
 7734  0 
 7735  0 
 7736  0 
 7737  1 
 7738  0 
 7739  0 
 7740  0 
 7741  0 
 7742  0 
 7743  1 
 7744  0 
 7745  1 
 7746  0 
 7747  0 
 7748  1 
 7749  0 
 7750  0 
 7751  0 
 7752  0 
 7753  0 
 7754  1 
 7755  0 
 7756  0 
 7757  0 
 7758  0 
 7759  0 
 7760  1 
 7761  0 
 7762  0 
 7763  0 
 7764  0 
 7765  0 
 7766  0 
 7767  0 
 7768  0 
 7769  0 
 7770  0 
 7771  0 
 7772  0 
 7773  0 
 7774  0 
 7775  0 
 7776  0 
 7777  0 
 7778  0 
 7779  0 
 7780  0 
 7781  0 
 7782  0 
 7783  0 
 7784  0 
 7785  0 
 7786  1 
 7787  0 
 7788  0 
 7789  1 
 7790  0 
 7791  0 
 7792  0 
 7793  0 
 7794  0 
 7795  1 
 7796  1 
 7797  0 
 7798  0 
 7799  0 
 7800  0 
 7801  0 
 7802  0 
 7803  0 
 7804  0 
 7805  0 
 7806  0 
 7807  0 
 7808  0 
 7809  0 
 7810  0 
 7811  0 
 7812  0 
 7813  0 
 7814  0 
 7815  0 
 7816  0 
 7817  0 
 7818  0 
 7819  0 
 7820  0 
 7821  0 
 7822  0 
 7823  0 
 7824  0 
 7825  0 
 7826  0 
 7827  0 
 7828  0 
 7829  0 
 7830  0 
 7831  0 
 7832  0 
 7833  0 
 7834  0 
 7835  0 
 7836  0 
 7837  0 
 7838  0 
 7839  0 
 7840  0 
 7841  0 
 7842  0 
 7843  0 
 7844  0 
 7845  0 
 7846  0 
 7847  0 
 7848  0 
 7849  0 
 7850  0 
 7851  0 
 7852  0 
 7853  0 
 7854  0 
 7855  0 
 7856  0 
 7857  0 
 7858  0 
 7859  0 
 7860  0 
 7861  0 
 7862  0 
 7863  0 
 7864  0 
 7865  0 
 7866  0 
 7867  1 
 7868  0 
 7869  0 
 7870  0 
 7871  0 
 7872  0 
 7873  0 
 7874  0 
 7875  1 
 7876  0 
 7877  1 
 7878  0 
 7879  0 
 7880  0 
 7881  0 
 7882  0 
 7883  0 
 7884  0 
 7885  0 
 7886  0 
 7887  0 
 7888  0 
 7889  0 
 7890  0 
 7891  0 
 7892  0 
 7893  0 
 7894  0 
 7895  0 
 7896  0 
 7897  0 
 7898  0 
 7899  0 
 7900  0 
 7901  0 
 7902  0 
 7903  0 
 7904  0 
 7905  0 
 7906  0 
 7907  0 
 7908  0 
 7909  0 
 7910  1 
 7911  0 
 7912  0 
 7913  0 
 7914  0 
 7915  0 
 7916  0 
 7917  0 
 7918  0 
 7919  0 
 7920  0 
 7921  0 
 7922  0 
 7923  0 
 7924  0 
 7925  0 
 7926  0 
 7927  0 
 7928  0 
 7929  0 
 7930  0 
 7931  0 
 7932  0 
 7933  0 
 7934  0 
 7935  0 
 7936  0 
 7937  0 
 7938  0 
 7939  0 
 7940  0 
 7941  0 
 7942  0 
 7943  0 
 7944  0 
 7945  0 
 7946  0 
 7947  0 
 7948  0 
 7949  0 
 7950  0 
 7951  0 
 7952  0 
 7953  0 
 7954  0 
 7955  0 
 7956  0 
 7957  0 
 7958  0 
 7959  0 
 7960  0 
 7961  1 
 7962  0 
 7963  0 
 7964  0 
 7965  0 
 7966  0 
 7967  0 
 7968  0 
 7969  0 
 7970  0 
 7971  0 
 7972  0 
 7973  0 
 7974  0 
 7975  0 
 7976  0 
 7977  0 
 7978  0 
 7979  0 
 7980  0 
 7981  0 
 7982  0 
 7983  0 
 7984  0 
 7985  0 
 7986  0 
 7987  0 
 7988  0 
 7989  0 
 7990  0 
 7991  0 
 7992  0 
 7993  0 
 7994  0 
 7995  0 
 7996  0 
 7997  0 
 7998  0 
 7999  0 
 8000  0 
 8001  0 
 8002  0 
 8003  0 
 8004  0 
 8005  0 
 8006  0 
 8007  0 
 8008  0 
 8009  0 
 8010  0 
 8011  0 
 8012  0 
 8013  0 
 8014  0 
 8015  0 
 8016  0 
 8017  0 
 8018  0 
 8019  0 
 8020  0 
 8021  0 
 8022  0 
 8023  0 
 8024  0 
 8025  0 
 8026  0 
 8027  0 
 8028  0 
 8029  0 
 8030  0 
 8031  0 
 8032  0 
 8033  0 
 8034  0 
 8035  1 
 8036  0 
 8037  0 
 8038  0 
 8039  0 
 8040  0 
 8041  0 
 8042  0 
 8043  0 
 8044  0 
 8045  0 
 8046  0 
 8047  0 
 8048  0 
 8049  0 
 8050  0 
 8051  0 
 8052  0 
 8053  0 
 8054  0 
 8055  0 
 8056  0 
 8057  0 
 8058  0 
 8059  0 
 8060  0 
 8061  0 
 8062  0 
 8063  0 
 8064  0 
 8065  0 
 8066  0 
 8067  0 
 8068  0 
 8069  0 
 8070  0 
 8071  0 
 8072  0 
 8073  0 
 8074  0 
 8075  0 
 8076  0 
 8077  0 
 8078  0 
 8079  0 
 8080  0 
 8081  0 
 8082  0 
 8083  0 
 8084  0 
 8085  0 
 8086  0 
 8087  0 
 8088  0 
 8089  0 
 8090  1 
 8091  0 
 8092  0 
 8093  1 
 8094  0 
 8095  0 
 8096  0 
 8097  0 
 8098  0 
 8099  0 
 8100  0 
 8101  0 
 8102  0 
 8103  0 
 8104  0 
 8105  0 
 8106  0 
 8107  0 
 8108  0 
 8109  0 
 8110  0 
 8111  0 
 8112  0 
 8113  0 
 8114  0 
 8115  0 
 8116  0 
 8117  0 
 8118  0 
 8119  0 
 8120  0 
 8121  0 
 8122  0 
 8123  0 
 8124  0 
 8125  0 
 8126  0 
 8127  0 
 8128  0 
 8129  0 
 8130  0 
 8131  0 
 8132  0 
 8133  0 
 8134  0 
 8135  0 
 8136  0 
 8137  0 
 8138  0 
 8139  0 
 8140  0 
 8141  0 
 8142  0 
 8143  0 
 8144  0 
 8145  0 
 8146  0 
 8147  0 
 8148  0 
 8149  0 
 8150  0 
 8151  0 
 8152  0 
 8153  0 
 8154  0 
 8155  0 
 8156  0 
 8157  0 
 8158  0 
 8159  0 
 8160  0 
 8161  0 
 8162  0 
 8163  0 
 8164  0 
 8165  0 
 8166  0 
 8167  0 
 8168  0 
 8169  0 
 8170  0 
 8171  0 
 8172  0 
 8173  0 
 8174  0 
 8175  0 
 8176  0 
 8177  0 
 8178  0 
 8179  0 
 8180  0 
 8181  0 
 8182  0 
 8183  0 
 8184  0 
 8185  0 
 8186  0 
 8187  0 
 8188  0 
 8189  0 
 8190  0 
 8191  0 
