 0  1761 
 1  1768 
 2  0 
 3  0 
 4  0 
 5  0 
 6  0 
 7  0 
 8  0 
 9  0 
 10  0 
 11  0 
 12  0 
 13  0 
 14  0 
 15  0 
 16  0 
 17  0 
 18  0 
 19  0 
 20  0 
 21  0 
 22  0 
 23  0 
 24  0 
 25  0 
 26  0 
 27  0 
 28  0 
 29  0 
 30  0 
 31  0 
 32  0 
 33  0 
 34  0 
 35  0 
 36  0 
 37  0 
 38  0 
 39  0 
 40  0 
 41  0 
 42  0 
 43  0 
 44  0 
 45  0 
 46  0 
 47  0 
 48  0 
 49  0 
 50  0 
 51  0 
 52  0 
 53  0 
 54  0 
 55  0 
 56  0 
 57  0 
 58  0 
 59  0 
 60  0 
 61  0 
 62  0 
 63  0 
 64  0 
 65  0 
 66  0 
 67  0 
 68  0 
 69  0 
 70  0 
 71  0 
 72  0 
 73  0 
 74  0 
 75  0 
 76  0 
 77  0 
 78  0 
 79  0 
 80  0 
 81  0 
 82  0 
 83  0 
 84  0 
 85  0 
 86  0 
 87  0 
 88  0 
 89  0 
 90  0 
 91  0 
 92  0 
 93  0 
 94  0 
 95  0 
 96  0 
 97  0 
 98  0 
 99  0 
 100  0 
 101  0 
 102  0 
 103  0 
 104  0 
 105  0 
 106  0 
 107  0 
 108  0 
 109  0 
 110  0 
 111  0 
 112  0 
 113  0 
 114  0 
 115  0 
 116  0 
 117  0 
 118  0 
 119  0 
 120  0 
 121  0 
 122  0 
 123  0 
 124  0 
 125  0 
 126  0 
 127  0 
 128  0 
 129  0 
 130  0 
 131  0 
 132  0 
 133  0 
 134  0 
 135  0 
 136  0 
 137  0 
 138  0 
 139  0 
 140  0 
 141  0 
 142  0 
 143  0 
 144  0 
 145  0 
 146  0 
 147  0 
 148  0 
 149  0 
 150  0 
 151  0 
 152  0 
 153  0 
 154  0 
 155  0 
 156  0 
 157  0 
 158  0 
 159  0 
 160  0 
 161  0 
 162  0 
 163  0 
 164  0 
 165  0 
 166  0 
 167  0 
 168  0 
 169  0 
 170  0 
 171  0 
 172  0 
 173  0 
 174  0 
 175  0 
 176  0 
 177  0 
 178  0 
 179  0 
 180  0 
 181  0 
 182  0 
 183  0 
 184  0 
 185  0 
 186  0 
 187  0 
 188  0 
 189  0 
 190  0 
 191  0 
 192  0 
 193  0 
 194  0 
 195  0 
 196  0 
 197  0 
 198  0 
 199  0 
 200  0 
 201  0 
 202  0 
 203  0 
 204  0 
 205  0 
 206  0 
 207  0 
 208  0 
 209  0 
 210  0 
 211  0 
 212  0 
 213  0 
 214  0 
 215  0 
 216  0 
 217  0 
 218  0 
 219  0 
 220  0 
 221  0 
 222  0 
 223  0 
 224  0 
 225  0 
 226  0 
 227  0 
 228  0 
 229  0 
 230  0 
 231  0 
 232  0 
 233  0 
 234  0 
 235  0 
 236  0 
 237  0 
 238  0 
 239  0 
 240  0 
 241  0 
 242  0 
 243  0 
 244  0 
 245  0 
 246  0 
 247  0 
 248  0 
 249  0 
 250  1 
 251  0 
 252  127 
 253  274 
 254  272 
 255  249 
 256  221 
 257  218 
 258  221 
 259  225 
 260  235 
 261  200 
 262  186 
 263  205 
 264  211 
 265  194 
 266  182 
 267  170 
 268  194 
 269  150 
 270  186 
 271  159 
 272  126 
 273  156 
 274  156 
 275  139 
 276  161 
 277  146 
 278  151 
 279  135 
 280  128 
 281  136 
 282  131 
 283  146 
 284  141 
 285  136 
 286  132 
 287  121 
 288  106 
 289  107 
 290  96 
 291  129 
 292  106 
 293  102 
 294  114 
 295  105 
 296  109 
 297  114 
 298  114 
 299  90 
 300  101 
 301  101 
 302  92 
 303  94 
 304  89 
 305  102 
 306  92 
 307  91 
 308  89 
 309  77 
 310  92 
 311  79 
 312  92 
 313  89 
 314  102 
 315  84 
 316  86 
 317  83 
 318  86 
 319  105 
 320  79 
 321  69 
 322  68 
 323  82 
 324  76 
 325  64 
 326  68 
 327  63 
 328  58 
 329  67 
 330  67 
 331  59 
 332  65 
 333  65 
 334  54 
 335  52 
 336  66 
 337  54 
 338  49 
 339  51 
 340  51 
 341  58 
 342  54 
 343  49 
 344  49 
 345  53 
 346  58 
 347  62 
 348  45 
 349  37 
 350  43 
 351  42 
 352  58 
 353  51 
 354  37 
 355  40 
 356  41 
 357  38 
 358  51 
 359  40 
 360  37 
 361  38 
 362  39 
 363  33 
 364  39 
 365  40 
 366  38 
 367  41 
 368  49 
 369  38 
 370  29 
 371  27 
 372  34 
 373  26 
 374  30 
 375  24 
 376  27 
 377  21 
 378  25 
 379  25 
 380  24 
 381  29 
 382  30 
 383  21 
 384  30 
 385  29 
 386  18 
 387  19 
 388  19 
 389  20 
 390  31 
 391  24 
 392  30 
 393  23 
 394  18 
 395  22 
 396  18 
 397  20 
 398  21 
 399  17 
 400  24 
 401  21 
 402  19 
 403  16 
 404  19 
 405  25 
 406  18 
 407  23 
 408  17 
 409  28 
 410  24 
 411  17 
 412  17 
 413  23 
 414  21 
 415  14 
 416  23 
 417  17 
 418  18 
 419  27 
 420  18 
 421  20 
 422  12 
 423  24 
 424  23 
 425  19 
 426  23 
 427  17 
 428  14 
 429  14 
 430  12 
 431  15 
 432  14 
 433  17 
 434  14 
 435  23 
 436  17 
 437  10 
 438  18 
 439  20 
 440  15 
 441  15 
 442  18 
 443  14 
 444  19 
 445  14 
 446  11 
 447  17 
 448  18 
 449  15 
 450  12 
 451  25 
 452  19 
 453  12 
 454  14 
 455  8 
 456  11 
 457  19 
 458  9 
 459  17 
 460  15 
 461  15 
 462  15 
 463  11 
 464  17 
 465  15 
 466  12 
 467  16 
 468  13 
 469  23 
 470  22 
 471  20 
 472  15 
 473  8 
 474  15 
 475  12 
 476  19 
 477  12 
 478  18 
 479  12 
 480  9 
 481  15 
 482  25 
 483  13 
 484  20 
 485  11 
 486  12 
 487  9 
 488  16 
 489  10 
 490  17 
 491  15 
 492  20 
 493  20 
 494  14 
 495  18 
 496  15 
 497  14 
 498  13 
 499  20 
 500  12 
 501  17 
 502  12 
 503  16 
 504  11 
 505  16 
 506  4 
 507  16 
 508  19 
 509  10 
 510  12 
 511  12 
 512  11 
 513  12 
 514  11 
 515  20 
 516  12 
 517  13 
 518  12 
 519  14 
 520  14 
 521  12 
 522  11 
 523  11 
 524  19 
 525  16 
 526  15 
 527  12 
 528  21 
 529  17 
 530  24 
 531  11 
 532  21 
 533  14 
 534  18 
 535  16 
 536  13 
 537  23 
 538  7 
 539  16 
 540  26 
 541  22 
 542  16 
 543  14 
 544  14 
 545  9 
 546  17 
 547  14 
 548  24 
 549  12 
 550  15 
 551  22 
 552  13 
 553  14 
 554  14 
 555  14 
 556  13 
 557  12 
 558  8 
 559  11 
 560  14 
 561  25 
 562  14 
 563  13 
 564  12 
 565  17 
 566  19 
 567  18 
 568  14 
 569  15 
 570  12 
 571  12 
 572  19 
 573  16 
 574  18 
 575  18 
 576  9 
 577  9 
 578  12 
 579  22 
 580  6 
 581  23 
 582  12 
 583  15 
 584  16 
 585  13 
 586  15 
 587  14 
 588  25 
 589  26 
 590  25 
 591  19 
 592  20 
 593  19 
 594  22 
 595  32 
 596  13 
 597  13 
 598  17 
 599  24 
 600  23 
 601  18 
 602  21 
 603  17 
 604  29 
 605  19 
 606  25 
 607  21 
 608  17 
 609  21 
 610  15 
 611  18 
 612  27 
 613  14 
 614  15 
 615  16 
 616  21 
 617  16 
 618  17 
 619  27 
 620  33 
 621  24 
 622  27 
 623  20 
 624  19 
 625  24 
 626  22 
 627  27 
 628  33 
 629  35 
 630  29 
 631  33 
 632  26 
 633  25 
 634  33 
 635  33 
 636  26 
 637  25 
 638  31 
 639  24 
 640  28 
 641  33 
 642  33 
 643  28 
 644  36 
 645  34 
 646  36 
 647  40 
 648  39 
 649  41 
 650  33 
 651  42 
 652  38 
 653  32 
 654  37 
 655  45 
 656  45 
 657  34 
 658  48 
 659  45 
 660  37 
 661  43 
 662  32 
 663  44 
 664  39 
 665  46 
 666  60 
 667  56 
 668  66 
 669  49 
 670  57 
 671  72 
 672  65 
 673  51 
 674  61 
 675  54 
 676  65 
 677  64 
 678  69 
 679  85 
 680  65 
 681  79 
 682  88 
 683  76 
 684  87 
 685  89 
 686  82 
 687  91 
 688  84 
 689  103 
 690  94 
 691  112 
 692  91 
 693  119 
 694  113 
 695  112 
 696  122 
 697  118 
 698  123 
 699  122 
 700  144 
 701  129 
 702  140 
 703  140 
 704  122 
 705  127 
 706  144 
 707  149 
 708  159 
 709  166 
 710  175 
 711  189 
 712  162 
 713  188 
 714  222 
 715  181 
 716  184 
 717  190 
 718  207 
 719  199 
 720  234 
 721  199 
 722  227 
 723  214 
 724  228 
 725  221 
 726  219 
 727  228 
 728  222 
 729  235 
 730  233 
 731  271 
 732  227 
 733  249 
 734  244 
 735  244 
 736  266 
 737  243 
 738  264 
 739  220 
 740  236 
 741  225 
 742  261 
 743  272 
 744  248 
 745  264 
 746  238 
 747  282 
 748  249 
 749  248 
 750  236 
 751  241 
 752  248 
 753  231 
 754  223 
 755  245 
 756  231 
 757  245 
 758  245 
 759  223 
 760  232 
 761  221 
 762  209 
 763  206 
 764  204 
 765  195 
 766  205 
 767  188 
 768  179 
 769  188 
 770  170 
 771  184 
 772  184 
 773  170 
 774  171 
 775  163 
 776  177 
 777  142 
 778  160 
 779  144 
 780  163 
 781  139 
 782  122 
 783  114 
 784  132 
 785  107 
 786  109 
 787  123 
 788  90 
 789  89 
 790  96 
 791  115 
 792  72 
 793  78 
 794  64 
 795  84 
 796  87 
 797  75 
 798  70 
 799  70 
 800  57 
 801  53 
 802  47 
 803  47 
 804  41 
 805  40 
 806  51 
 807  55 
 808  48 
 809  55 
 810  44 
 811  26 
 812  36 
 813  37 
 814  30 
 815  31 
 816  27 
 817  21 
 818  25 
 819  22 
 820  20 
 821  19 
 822  22 
 823  17 
 824  23 
 825  18 
 826  13 
 827  19 
 828  16 
 829  17 
 830  18 
 831  17 
 832  12 
 833  15 
 834  19 
 835  14 
 836  12 
 837  15 
 838  11 
 839  19 
 840  12 
 841  11 
 842  16 
 843  13 
 844  13 
 845  13 
 846  15 
 847  12 
 848  12 
 849  12 
 850  12 
 851  13 
 852  18 
 853  13 
 854  14 
 855  14 
 856  13 
 857  10 
 858  15 
 859  6 
 860  9 
 861  10 
 862  10 
 863  10 
 864  8 
 865  10 
 866  13 
 867  7 
 868  13 
 869  10 
 870  6 
 871  8 
 872  16 
 873  10 
 874  7 
 875  11 
 876  11 
 877  10 
 878  10 
 879  16 
 880  9 
 881  15 
 882  11 
 883  11 
 884  11 
 885  11 
 886  14 
 887  6 
 888  9 
 889  10 
 890  4 
 891  9 
 892  8 
 893  10 
 894  4 
 895  12 
 896  12 
 897  12 
 898  9 
 899  4 
 900  12 
 901  8 
 902  9 
 903  9 
 904  8 
 905  11 
 906  9 
 907  15 
 908  11 
 909  10 
 910  5 
 911  9 
 912  9 
 913  6 
 914  10 
 915  11 
 916  8 
 917  11 
 918  9 
 919  6 
 920  11 
 921  8 
 922  7 
 923  11 
 924  8 
 925  5 
 926  7 
 927  11 
 928  5 
 929  13 
 930  13 
 931  3 
 932  8 
 933  9 
 934  11 
 935  14 
 936  8 
 937  6 
 938  4 
 939  6 
 940  6 
 941  13 
 942  9 
 943  6 
 944  7 
 945  10 
 946  12 
 947  15 
 948  2 
 949  15 
 950  13 
 951  8 
 952  10 
 953  6 
 954  12 
 955  12 
 956  5 
 957  4 
 958  8 
 959  12 
 960  10 
 961  9 
 962  12 
 963  12 
 964  12 
 965  12 
 966  8 
 967  12 
 968  8 
 969  12 
 970  9 
 971  13 
 972  9 
 973  11 
 974  7 
 975  10 
 976  10 
 977  15 
 978  10 
 979  9 
 980  8 
 981  9 
 982  11 
 983  14 
 984  11 
 985  9 
 986  11 
 987  13 
 988  9 
 989  8 
 990  8 
 991  5 
 992  8 
 993  5 
 994  8 
 995  11 
 996  10 
 997  10 
 998  8 
 999  9 
 1000  13 
 1001  13 
 1002  13 
 1003  8 
 1004  10 
 1005  7 
 1006  10 
 1007  9 
 1008  7 
 1009  7 
 1010  14 
 1011  10 
 1012  8 
 1013  6 
 1014  12 
 1015  8 
 1016  8 
 1017  9 
 1018  11 
 1019  8 
 1020  12 
 1021  9 
 1022  8 
 1023  12 
 1024  11 
 1025  10 
 1026  6 
 1027  4 
 1028  7 
 1029  7 
 1030  7 
 1031  17 
 1032  10 
 1033  11 
 1034  15 
 1035  14 
 1036  12 
 1037  7 
 1038  8 
 1039  10 
 1040  4 
 1041  7 
 1042  5 
 1043  3 
 1044  6 
 1045  9 
 1046  13 
 1047  12 
 1048  11 
 1049  13 
 1050  11 
 1051  6 
 1052  6 
 1053  8 
 1054  7 
 1055  8 
 1056  8 
 1057  5 
 1058  14 
 1059  14 
 1060  8 
 1061  3 
 1062  7 
 1063  4 
 1064  13 
 1065  8 
 1066  5 
 1067  13 
 1068  8 
 1069  13 
 1070  7 
 1071  14 
 1072  11 
 1073  2 
 1074  6 
 1075  7 
 1076  7 
 1077  12 
 1078  10 
 1079  5 
 1080  8 
 1081  5 
 1082  7 
 1083  4 
 1084  12 
 1085  6 
 1086  10 
 1087  13 
 1088  7 
 1089  9 
 1090  4 
 1091  10 
 1092  10 
 1093  8 
 1094  10 
 1095  3 
 1096  10 
 1097  8 
 1098  4 
 1099  6 
 1100  4 
 1101  11 
 1102  3 
 1103  10 
 1104  6 
 1105  7 
 1106  3 
 1107  8 
 1108  9 
 1109  9 
 1110  12 
 1111  8 
 1112  1 
 1113  11 
 1114  5 
 1115  10 
 1116  3 
 1117  10 
 1118  12 
 1119  5 
 1120  2 
 1121  6 
 1122  4 
 1123  15 
 1124  8 
 1125  11 
 1126  4 
 1127  14 
 1128  5 
 1129  14 
 1130  4 
 1131  2 
 1132  5 
 1133  8 
 1134  11 
 1135  12 
 1136  10 
 1137  10 
 1138  5 
 1139  2 
 1140  7 
 1141  10 
 1142  7 
 1143  8 
 1144  12 
 1145  5 
 1146  8 
 1147  8 
 1148  10 
 1149  12 
 1150  12 
 1151  8 
 1152  6 
 1153  5 
 1154  7 
 1155  9 
 1156  12 
 1157  13 
 1158  6 
 1159  12 
 1160  6 
 1161  9 
 1162  7 
 1163  6 
 1164  6 
 1165  7 
 1166  7 
 1167  6 
 1168  16 
 1169  6 
 1170  6 
 1171  6 
 1172  5 
 1173  9 
 1174  9 
 1175  9 
 1176  6 
 1177  7 
 1178  8 
 1179  6 
 1180  11 
 1181  7 
 1182  13 
 1183  9 
 1184  10 
 1185  7 
 1186  12 
 1187  8 
 1188  10 
 1189  10 
 1190  2 
 1191  6 
 1192  9 
 1193  9 
 1194  7 
 1195  8 
 1196  5 
 1197  5 
 1198  11 
 1199  8 
 1200  10 
 1201  9 
 1202  10 
 1203  4 
 1204  8 
 1205  7 
 1206  3 
 1207  9 
 1208  11 
 1209  7 
 1210  9 
 1211  8 
 1212  9 
 1213  7 
 1214  11 
 1215  12 
 1216  9 
 1217  8 
 1218  5 
 1219  11 
 1220  8 
 1221  4 
 1222  11 
 1223  5 
 1224  12 
 1225  6 
 1226  7 
 1227  9 
 1228  12 
 1229  9 
 1230  8 
 1231  9 
 1232  7 
 1233  4 
 1234  6 
 1235  10 
 1236  8 
 1237  12 
 1238  6 
 1239  5 
 1240  10 
 1241  13 
 1242  7 
 1243  6 
 1244  7 
 1245  4 
 1246  5 
 1247  5 
 1248  3 
 1249  12 
 1250  6 
 1251  11 
 1252  7 
 1253  7 
 1254  9 
 1255  6 
 1256  8 
 1257  8 
 1258  5 
 1259  10 
 1260  6 
 1261  7 
 1262  7 
 1263  6 
 1264  10 
 1265  6 
 1266  11 
 1267  4 
 1268  7 
 1269  7 
 1270  7 
 1271  7 
 1272  12 
 1273  8 
 1274  10 
 1275  6 
 1276  11 
 1277  7 
 1278  7 
 1279  5 
 1280  10 
 1281  3 
 1282  8 
 1283  9 
 1284  10 
 1285  8 
 1286  8 
 1287  10 
 1288  6 
 1289  13 
 1290  6 
 1291  11 
 1292  5 
 1293  2 
 1294  9 
 1295  12 
 1296  11 
 1297  8 
 1298  11 
 1299  5 
 1300  4 
 1301  7 
 1302  9 
 1303  4 
 1304  6 
 1305  8 
 1306  11 
 1307  9 
 1308  5 
 1309  5 
 1310  8 
 1311  8 
 1312  10 
 1313  8 
 1314  12 
 1315  5 
 1316  5 
 1317  6 
 1318  8 
 1319  7 
 1320  7 
 1321  5 
 1322  6 
 1323  11 
 1324  13 
 1325  8 
 1326  6 
 1327  7 
 1328  3 
 1329  7 
 1330  10 
 1331  10 
 1332  6 
 1333  12 
 1334  9 
 1335  10 
 1336  9 
 1337  7 
 1338  13 
 1339  6 
 1340  8 
 1341  9 
 1342  6 
 1343  5 
 1344  7 
 1345  5 
 1346  6 
 1347  6 
 1348  9 
 1349  4 
 1350  6 
 1351  6 
 1352  7 
 1353  9 
 1354  9 
 1355  9 
 1356  10 
 1357  8 
 1358  14 
 1359  7 
 1360  7 
 1361  9 
 1362  7 
 1363  8 
 1364  4 
 1365  5 
 1366  6 
 1367  7 
 1368  9 
 1369  12 
 1370  7 
 1371  8 
 1372  11 
 1373  8 
 1374  3 
 1375  6 
 1376  10 
 1377  6 
 1378  7 
 1379  5 
 1380  7 
 1381  9 
 1382  9 
 1383  5 
 1384  8 
 1385  8 
 1386  4 
 1387  11 
 1388  5 
 1389  12 
 1390  10 
 1391  11 
 1392  7 
 1393  8 
 1394  13 
 1395  14 
 1396  9 
 1397  8 
 1398  3 
 1399  5 
 1400  7 
 1401  12 
 1402  7 
 1403  4 
 1404  8 
 1405  12 
 1406  8 
 1407  3 
 1408  7 
 1409  12 
 1410  8 
 1411  10 
 1412  6 
 1413  8 
 1414  7 
 1415  3 
 1416  10 
 1417  10 
 1418  7 
 1419  6 
 1420  3 
 1421  6 
 1422  4 
 1423  6 
 1424  8 
 1425  9 
 1426  4 
 1427  7 
 1428  6 
 1429  4 
 1430  4 
 1431  10 
 1432  12 
 1433  10 
 1434  7 
 1435  7 
 1436  6 
 1437  5 
 1438  5 
 1439  8 
 1440  8 
 1441  8 
 1442  6 
 1443  6 
 1444  7 
 1445  8 
 1446  9 
 1447  6 
 1448  6 
 1449  4 
 1450  12 
 1451  6 
 1452  5 
 1453  2 
 1454  8 
 1455  5 
 1456  11 
 1457  6 
 1458  3 
 1459  10 
 1460  6 
 1461  4 
 1462  11 
 1463  9 
 1464  8 
 1465  10 
 1466  7 
 1467  9 
 1468  8 
 1469  11 
 1470  5 
 1471  5 
 1472  8 
 1473  9 
 1474  11 
 1475  12 
 1476  7 
 1477  7 
 1478  7 
 1479  7 
 1480  11 
 1481  9 
 1482  4 
 1483  5 
 1484  11 
 1485  12 
 1486  11 
 1487  4 
 1488  11 
 1489  4 
 1490  4 
 1491  11 
 1492  5 
 1493  2 
 1494  7 
 1495  10 
 1496  3 
 1497  6 
 1498  13 
 1499  4 
 1500  10 
 1501  10 
 1502  11 
 1503  11 
 1504  11 
 1505  6 
 1506  10 
 1507  7 
 1508  6 
 1509  4 
 1510  10 
 1511  6 
 1512  8 
 1513  6 
 1514  8 
 1515  6 
 1516  4 
 1517  5 
 1518  6 
 1519  8 
 1520  11 
 1521  8 
 1522  7 
 1523  3 
 1524  13 
 1525  3 
 1526  11 
 1527  6 
 1528  9 
 1529  10 
 1530  5 
 1531  3 
 1532  9 
 1533  9 
 1534  5 
 1535  7 
 1536  5 
 1537  8 
 1538  6 
 1539  1 
 1540  11 
 1541  9 
 1542  8 
 1543  5 
 1544  3 
 1545  6 
 1546  8 
 1547  7 
 1548  7 
 1549  12 
 1550  6 
 1551  6 
 1552  8 
 1553  8 
 1554  6 
 1555  7 
 1556  7 
 1557  8 
 1558  7 
 1559  7 
 1560  9 
 1561  11 
 1562  6 
 1563  4 
 1564  4 
 1565  10 
 1566  8 
 1567  8 
 1568  6 
 1569  2 
 1570  5 
 1571  7 
 1572  9 
 1573  6 
 1574  9 
 1575  3 
 1576  8 
 1577  10 
 1578  5 
 1579  7 
 1580  9 
 1581  5 
 1582  5 
 1583  9 
 1584  8 
 1585  6 
 1586  4 
 1587  5 
 1588  6 
 1589  4 
 1590  13 
 1591  7 
 1592  9 
 1593  9 
 1594  7 
 1595  10 
 1596  13 
 1597  4 
 1598  8 
 1599  2 
 1600  9 
 1601  3 
 1602  9 
 1603  4 
 1604  9 
 1605  8 
 1606  7 
 1607  10 
 1608  9 
 1609  10 
 1610  8 
 1611  4 
 1612  7 
 1613  6 
 1614  9 
 1615  6 
 1616  6 
 1617  5 
 1618  8 
 1619  3 
 1620  9 
 1621  6 
 1622  3 
 1623  7 
 1624  2 
 1625  7 
 1626  7 
 1627  7 
 1628  9 
 1629  9 
 1630  10 
 1631  7 
 1632  6 
 1633  2 
 1634  10 
 1635  5 
 1636  10 
 1637  6 
 1638  9 
 1639  5 
 1640  5 
 1641  9 
 1642  7 
 1643  5 
 1644  7 
 1645  6 
 1646  5 
 1647  12 
 1648  4 
 1649  6 
 1650  6 
 1651  7 
 1652  7 
 1653  5 
 1654  8 
 1655  9 
 1656  7 
 1657  7 
 1658  10 
 1659  8 
 1660  16 
 1661  4 
 1662  4 
 1663  7 
 1664  7 
 1665  7 
 1666  9 
 1667  13 
 1668  5 
 1669  9 
 1670  6 
 1671  2 
 1672  7 
 1673  5 
 1674  13 
 1675  6 
 1676  8 
 1677  4 
 1678  7 
 1679  10 
 1680  5 
 1681  5 
 1682  7 
 1683  7 
 1684  3 
 1685  9 
 1686  7 
 1687  3 
 1688  9 
 1689  4 
 1690  11 
 1691  8 
 1692  5 
 1693  7 
 1694  5 
 1695  6 
 1696  10 
 1697  3 
 1698  4 
 1699  7 
 1700  6 
 1701  6 
 1702  11 
 1703  5 
 1704  6 
 1705  4 
 1706  10 
 1707  11 
 1708  6 
 1709  5 
 1710  14 
 1711  9 
 1712  5 
 1713  4 
 1714  12 
 1715  5 
 1716  7 
 1717  8 
 1718  13 
 1719  5 
 1720  4 
 1721  6 
 1722  9 
 1723  8 
 1724  7 
 1725  6 
 1726  4 
 1727  10 
 1728  5 
 1729  8 
 1730  2 
 1731  9 
 1732  8 
 1733  10 
 1734  7 
 1735  9 
 1736  5 
 1737  6 
 1738  10 
 1739  7 
 1740  6 
 1741  6 
 1742  10 
 1743  5 
 1744  4 
 1745  4 
 1746  6 
 1747  5 
 1748  7 
 1749  7 
 1750  9 
 1751  5 
 1752  11 
 1753  7 
 1754  5 
 1755  10 
 1756  6 
 1757  7 
 1758  3 
 1759  6 
 1760  7 
 1761  5 
 1762  7 
 1763  11 
 1764  9 
 1765  8 
 1766  5 
 1767  10 
 1768  6 
 1769  8 
 1770  5 
 1771  8 
 1772  9 
 1773  9 
 1774  9 
 1775  3 
 1776  10 
 1777  8 
 1778  9 
 1779  8 
 1780  4 
 1781  5 
 1782  6 
 1783  7 
 1784  10 
 1785  5 
 1786  13 
 1787  10 
 1788  3 
 1789  2 
 1790  12 
 1791  13 
 1792  9 
 1793  16 
 1794  4 
 1795  3 
 1796  4 
 1797  11 
 1798  5 
 1799  10 
 1800  6 
 1801  8 
 1802  7 
 1803  11 
 1804  8 
 1805  2 
 1806  7 
 1807  4 
 1808  5 
 1809  5 
 1810  7 
 1811  11 
 1812  9 
 1813  8 
 1814  5 
 1815  8 
 1816  9 
 1817  12 
 1818  4 
 1819  7 
 1820  5 
 1821  6 
 1822  9 
 1823  5 
 1824  4 
 1825  2 
 1826  5 
 1827  10 
 1828  13 
 1829  8 
 1830  7 
 1831  4 
 1832  9 
 1833  5 
 1834  10 
 1835  4 
 1836  11 
 1837  10 
 1838  7 
 1839  9 
 1840  6 
 1841  3 
 1842  6 
 1843  7 
 1844  8 
 1845  2 
 1846  5 
 1847  5 
 1848  7 
 1849  11 
 1850  8 
 1851  7 
 1852  7 
 1853  7 
 1854  6 
 1855  9 
 1856  4 
 1857  9 
 1858  14 
 1859  10 
 1860  8 
 1861  5 
 1862  7 
 1863  11 
 1864  10 
 1865  10 
 1866  6 
 1867  9 
 1868  4 
 1869  3 
 1870  7 
 1871  8 
 1872  7 
 1873  11 
 1874  12 
 1875  8 
 1876  5 
 1877  12 
 1878  8 
 1879  5 
 1880  6 
 1881  8 
 1882  3 
 1883  3 
 1884  6 
 1885  5 
 1886  12 
 1887  4 
 1888  2 
 1889  6 
 1890  8 
 1891  5 
 1892  10 
 1893  15 
 1894  3 
 1895  6 
 1896  5 
 1897  5 
 1898  6 
 1899  8 
 1900  7 
 1901  8 
 1902  4 
 1903  9 
 1904  7 
 1905  8 
 1906  13 
 1907  7 
 1908  8 
 1909  12 
 1910  5 
 1911  8 
 1912  10 
 1913  4 
 1914  7 
 1915  8 
 1916  5 
 1917  5 
 1918  5 
 1919  8 
 1920  5 
 1921  6 
 1922  10 
 1923  7 
 1924  5 
 1925  8 
 1926  6 
 1927  5 
 1928  6 
 1929  7 
 1930  7 
 1931  10 
 1932  6 
 1933  4 
 1934  4 
 1935  6 
 1936  7 
 1937  6 
 1938  8 
 1939  7 
 1940  6 
 1941  3 
 1942  8 
 1943  5 
 1944  9 
 1945  7 
 1946  13 
 1947  8 
 1948  3 
 1949  8 
 1950  9 
 1951  7 
 1952  5 
 1953  7 
 1954  8 
 1955  8 
 1956  4 
 1957  6 
 1958  5 
 1959  6 
 1960  12 
 1961  6 
 1962  9 
 1963  7 
 1964  12 
 1965  7 
 1966  5 
 1967  5 
 1968  12 
 1969  9 
 1970  2 
 1971  4 
 1972  6 
 1973  7 
 1974  12 
 1975  1 
 1976  7 
 1977  9 
 1978  6 
 1979  6 
 1980  14 
 1981  7 
 1982  3 
 1983  7 
 1984  9 
 1985  2 
 1986  7 
 1987  8 
 1988  9 
 1989  4 
 1990  10 
 1991  13 
 1992  10 
 1993  4 
 1994  8 
 1995  7 
 1996  6 
 1997  6 
 1998  6 
 1999  9 
 2000  6 
 2001  5 
 2002  4 
 2003  6 
 2004  4 
 2005  5 
 2006  13 
 2007  7 
 2008  6 
 2009  8 
 2010  7 
 2011  3 
 2012  2 
 2013  14 
 2014  6 
 2015  5 
 2016  7 
 2017  7 
 2018  4 
 2019  5 
 2020  5 
 2021  11 
 2022  8 
 2023  5 
 2024  10 
 2025  5 
 2026  7 
 2027  7 
 2028  7 
 2029  4 
 2030  6 
 2031  5 
 2032  6 
 2033  9 
 2034  7 
 2035  6 
 2036  5 
 2037  12 
 2038  11 
 2039  8 
 2040  5 
 2041  6 
 2042  10 
 2043  6 
 2044  5 
 2045  9 
 2046  11 
 2047  6 
 2048  6 
 2049  7 
 2050  7 
 2051  5 
 2052  10 
 2053  6 
 2054  6 
 2055  5 
 2056  9 
 2057  7 
 2058  7 
 2059  5 
 2060  4 
 2061  8 
 2062  6 
 2063  5 
 2064  10 
 2065  6 
 2066  4 
 2067  4 
 2068  7 
 2069  6 
 2070  7 
 2071  6 
 2072  2 
 2073  3 
 2074  7 
 2075  7 
 2076  9 
 2077  5 
 2078  13 
 2079  4 
 2080  9 
 2081  5 
 2082  13 
 2083  7 
 2084  2 
 2085  8 
 2086  4 
 2087  5 
 2088  7 
 2089  8 
 2090  8 
 2091  7 
 2092  8 
 2093  6 
 2094  4 
 2095  7 
 2096  11 
 2097  10 
 2098  7 
 2099  6 
 2100  1 
 2101  3 
 2102  7 
 2103  7 
 2104  5 
 2105  11 
 2106  6 
 2107  8 
 2108  6 
 2109  5 
 2110  5 
 2111  8 
 2112  5 
 2113  4 
 2114  10 
 2115  7 
 2116  6 
 2117  13 
 2118  9 
 2119  9 
 2120  8 
 2121  4 
 2122  6 
 2123  4 
 2124  7 
 2125  5 
 2126  6 
 2127  10 
 2128  5 
 2129  15 
 2130  10 
 2131  5 
 2132  5 
 2133  5 
 2134  5 
 2135  5 
 2136  11 
 2137  5 
 2138  6 
 2139  5 
 2140  1 
 2141  7 
 2142  1 
 2143  7 
 2144  9 
 2145  5 
 2146  11 
 2147  8 
 2148  8 
 2149  7 
 2150  11 
 2151  5 
 2152  6 
 2153  4 
 2154  7 
 2155  6 
 2156  11 
 2157  13 
 2158  6 
 2159  7 
 2160  7 
 2161  4 
 2162  6 
 2163  6 
 2164  8 
 2165  8 
 2166  6 
 2167  4 
 2168  10 
 2169  8 
 2170  7 
 2171  8 
 2172  2 
 2173  4 
 2174  13 
 2175  4 
 2176  7 
 2177  2 
 2178  7 
 2179  6 
 2180  6 
 2181  14 
 2182  7 
 2183  5 
 2184  11 
 2185  6 
 2186  9 
 2187  4 
 2188  4 
 2189  0 
 2190  6 
 2191  7 
 2192  9 
 2193  9 
 2194  5 
 2195  3 
 2196  3 
 2197  8 
 2198  6 
 2199  4 
 2200  11 
 2201  3 
 2202  10 
 2203  4 
 2204  6 
 2205  15 
 2206  5 
 2207  9 
 2208  7 
 2209  6 
 2210  4 
 2211  7 
 2212  6 
 2213  7 
 2214  4 
 2215  7 
 2216  7 
 2217  6 
 2218  5 
 2219  6 
 2220  6 
 2221  7 
 2222  6 
 2223  7 
 2224  13 
 2225  6 
 2226  6 
 2227  9 
 2228  7 
 2229  6 
 2230  4 
 2231  9 
 2232  2 
 2233  8 
 2234  3 
 2235  8 
 2236  5 
 2237  8 
 2238  7 
 2239  9 
 2240  6 
 2241  4 
 2242  3 
 2243  5 
 2244  5 
 2245  7 
 2246  7 
 2247  3 
 2248  6 
 2249  17 
 2250  8 
 2251  11 
 2252  6 
 2253  7 
 2254  10 
 2255  8 
 2256  7 
 2257  9 
 2258  6 
 2259  6 
 2260  7 
 2261  5 
 2262  8 
 2263  5 
 2264  7 
 2265  11 
 2266  7 
 2267  8 
 2268  6 
 2269  4 
 2270  4 
 2271  6 
 2272  8 
 2273  11 
 2274  9 
 2275  9 
 2276  6 
 2277  9 
 2278  9 
 2279  6 
 2280  6 
 2281  3 
 2282  8 
 2283  2 
 2284  5 
 2285  10 
 2286  9 
 2287  8 
 2288  5 
 2289  7 
 2290  8 
 2291  8 
 2292  5 
 2293  6 
 2294  11 
 2295  3 
 2296  7 
 2297  5 
 2298  7 
 2299  4 
 2300  5 
 2301  5 
 2302  4 
 2303  5 
 2304  8 
 2305  3 
 2306  5 
 2307  4 
 2308  5 
 2309  4 
 2310  7 
 2311  8 
 2312  6 
 2313  10 
 2314  2 
 2315  14 
 2316  15 
 2317  9 
 2318  10 
 2319  4 
 2320  7 
 2321  9 
 2322  6 
 2323  4 
 2324  7 
 2325  7 
 2326  12 
 2327  7 
 2328  11 
 2329  4 
 2330  8 
 2331  7 
 2332  6 
 2333  5 
 2334  5 
 2335  12 
 2336  9 
 2337  6 
 2338  4 
 2339  10 
 2340  9 
 2341  4 
 2342  4 
 2343  6 
 2344  2 
 2345  5 
 2346  6 
 2347  3 
 2348  10 
 2349  5 
 2350  11 
 2351  6 
 2352  9 
 2353  6 
 2354  8 
 2355  7 
 2356  5 
 2357  10 
 2358  7 
 2359  8 
 2360  4 
 2361  12 
 2362  10 
 2363  2 
 2364  2 
 2365  3 
 2366  5 
 2367  5 
 2368  6 
 2369  4 
 2370  7 
 2371  1 
 2372  6 
 2373  8 
 2374  6 
 2375  7 
 2376  6 
 2377  7 
 2378  14 
 2379  5 
 2380  4 
 2381  3 
 2382  4 
 2383  6 
 2384  4 
 2385  2 
 2386  10 
 2387  6 
 2388  8 
 2389  3 
 2390  3 
 2391  9 
 2392  4 
 2393  9 
 2394  8 
 2395  5 
 2396  4 
 2397  4 
 2398  9 
 2399  3 
 2400  6 
 2401  10 
 2402  3 
 2403  8 
 2404  8 
 2405  4 
 2406  6 
 2407  8 
 2408  7 
 2409  4 
 2410  6 
 2411  8 
 2412  3 
 2413  5 
 2414  8 
 2415  4 
 2416  4 
 2417  4 
 2418  7 
 2419  12 
 2420  10 
 2421  4 
 2422  8 
 2423  4 
 2424  6 
 2425  5 
 2426  3 
 2427  6 
 2428  12 
 2429  9 
 2430  10 
 2431  7 
 2432  2 
 2433  8 
 2434  4 
 2435  6 
 2436  4 
 2437  7 
 2438  7 
 2439  5 
 2440  6 
 2441  7 
 2442  11 
 2443  3 
 2444  3 
 2445  9 
 2446  4 
 2447  1 
 2448  4 
 2449  5 
 2450  11 
 2451  4 
 2452  14 
 2453  2 
 2454  6 
 2455  3 
 2456  3 
 2457  7 
 2458  7 
 2459  6 
 2460  9 
 2461  6 
 2462  3 
 2463  6 
 2464  5 
 2465  9 
 2466  4 
 2467  6 
 2468  9 
 2469  8 
 2470  4 
 2471  8 
 2472  7 
 2473  9 
 2474  4 
 2475  6 
 2476  10 
 2477  5 
 2478  7 
 2479  10 
 2480  7 
 2481  4 
 2482  2 
 2483  9 
 2484  6 
 2485  6 
 2486  1 
 2487  5 
 2488  7 
 2489  8 
 2490  5 
 2491  11 
 2492  3 
 2493  8 
 2494  6 
 2495  10 
 2496  8 
 2497  7 
 2498  4 
 2499  10 
 2500  4 
 2501  4 
 2502  0 
 2503  6 
 2504  8 
 2505  7 
 2506  3 
 2507  4 
 2508  4 
 2509  7 
 2510  10 
 2511  5 
 2512  3 
 2513  7 
 2514  5 
 2515  6 
 2516  4 
 2517  7 
 2518  8 
 2519  9 
 2520  6 
 2521  3 
 2522  4 
 2523  8 
 2524  14 
 2525  12 
 2526  9 
 2527  10 
 2528  9 
 2529  7 
 2530  9 
 2531  10 
 2532  5 
 2533  5 
 2534  7 
 2535  10 
 2536  7 
 2537  7 
 2538  1 
 2539  4 
 2540  9 
 2541  5 
 2542  10 
 2543  5 
 2544  4 
 2545  8 
 2546  4 
 2547  3 
 2548  3 
 2549  7 
 2550  7 
 2551  8 
 2552  5 
 2553  4 
 2554  6 
 2555  5 
 2556  10 
 2557  4 
 2558  4 
 2559  6 
 2560  6 
 2561  7 
 2562  8 
 2563  2 
 2564  7 
 2565  6 
 2566  9 
 2567  14 
 2568  2 
 2569  4 
 2570  8 
 2571  6 
 2572  8 
 2573  8 
 2574  4 
 2575  8 
 2576  6 
 2577  4 
 2578  5 
 2579  7 
 2580  9 
 2581  10 
 2582  10 
 2583  8 
 2584  5 
 2585  5 
 2586  3 
 2587  4 
 2588  6 
 2589  4 
 2590  8 
 2591  10 
 2592  6 
 2593  4 
 2594  7 
 2595  5 
 2596  6 
 2597  9 
 2598  6 
 2599  4 
 2600  13 
 2601  7 
 2602  6 
 2603  4 
 2604  9 
 2605  5 
 2606  10 
 2607  3 
 2608  6 
 2609  7 
 2610  6 
 2611  7 
 2612  2 
 2613  9 
 2614  4 
 2615  2 
 2616  5 
 2617  9 
 2618  8 
 2619  6 
 2620  2 
 2621  2 
 2622  5 
 2623  6 
 2624  12 
 2625  9 
 2626  4 
 2627  12 
 2628  10 
 2629  7 
 2630  4 
 2631  4 
 2632  8 
 2633  6 
 2634  5 
 2635  4 
 2636  7 
 2637  7 
 2638  4 
 2639  8 
 2640  5 
 2641  10 
 2642  8 
 2643  3 
 2644  10 
 2645  3 
 2646  4 
 2647  8 
 2648  6 
 2649  9 
 2650  7 
 2651  4 
 2652  7 
 2653  8 
 2654  10 
 2655  6 
 2656  5 
 2657  7 
 2658  5 
 2659  5 
 2660  12 
 2661  6 
 2662  4 
 2663  6 
 2664  7 
 2665  6 
 2666  7 
 2667  9 
 2668  7 
 2669  3 
 2670  9 
 2671  5 
 2672  5 
 2673  8 
 2674  4 
 2675  3 
 2676  11 
 2677  7 
 2678  6 
 2679  4 
 2680  8 
 2681  9 
 2682  3 
 2683  3 
 2684  5 
 2685  5 
 2686  6 
 2687  7 
 2688  11 
 2689  7 
 2690  4 
 2691  6 
 2692  6 
 2693  4 
 2694  2 
 2695  10 
 2696  6 
 2697  5 
 2698  7 
 2699  6 
 2700  4 
 2701  4 
 2702  7 
 2703  4 
 2704  6 
 2705  3 
 2706  8 
 2707  5 
 2708  3 
 2709  10 
 2710  11 
 2711  7 
 2712  6 
 2713  7 
 2714  3 
 2715  8 
 2716  4 
 2717  8 
 2718  4 
 2719  7 
 2720  7 
 2721  4 
 2722  4 
 2723  2 
 2724  6 
 2725  12 
 2726  10 
 2727  10 
 2728  2 
 2729  6 
 2730  9 
 2731  6 
 2732  4 
 2733  8 
 2734  5 
 2735  2 
 2736  8 
 2737  4 
 2738  5 
 2739  8 
 2740  8 
 2741  8 
 2742  7 
 2743  10 
 2744  5 
 2745  9 
 2746  6 
 2747  7 
 2748  7 
 2749  6 
 2750  10 
 2751  8 
 2752  2 
 2753  2 
 2754  5 
 2755  8 
 2756  3 
 2757  6 
 2758  6 
 2759  6 
 2760  6 
 2761  9 
 2762  3 
 2763  13 
 2764  5 
 2765  6 
 2766  9 
 2767  4 
 2768  4 
 2769  9 
 2770  3 
 2771  6 
 2772  4 
 2773  6 
 2774  4 
 2775  5 
 2776  6 
 2777  8 
 2778  4 
 2779  8 
 2780  5 
 2781  7 
 2782  7 
 2783  9 
 2784  11 
 2785  4 
 2786  7 
 2787  4 
 2788  6 
 2789  8 
 2790  4 
 2791  6 
 2792  4 
 2793  2 
 2794  5 
 2795  3 
 2796  9 
 2797  5 
 2798  9 
 2799  3 
 2800  3 
 2801  9 
 2802  9 
 2803  7 
 2804  2 
 2805  3 
 2806  6 
 2807  7 
 2808  10 
 2809  12 
 2810  8 
 2811  4 
 2812  6 
 2813  9 
 2814  6 
 2815  10 
 2816  5 
 2817  8 
 2818  6 
 2819  9 
 2820  4 
 2821  1 
 2822  5 
 2823  5 
 2824  6 
 2825  8 
 2826  3 
 2827  11 
 2828  4 
 2829  5 
 2830  8 
 2831  2 
 2832  9 
 2833  11 
 2834  6 
 2835  8 
 2836  5 
 2837  6 
 2838  2 
 2839  6 
 2840  6 
 2841  5 
 2842  5 
 2843  7 
 2844  7 
 2845  9 
 2846  4 
 2847  4 
 2848  6 
 2849  6 
 2850  5 
 2851  2 
 2852  10 
 2853  4 
 2854  3 
 2855  2 
 2856  12 
 2857  4 
 2858  3 
 2859  5 
 2860  6 
 2861  8 
 2862  11 
 2863  6 
 2864  5 
 2865  8 
 2866  4 
 2867  8 
 2868  8 
 2869  4 
 2870  7 
 2871  6 
 2872  6 
 2873  7 
 2874  4 
 2875  7 
 2876  3 
 2877  3 
 2878  4 
 2879  8 
 2880  11 
 2881  6 
 2882  2 
 2883  5 
 2884  5 
 2885  6 
 2886  5 
 2887  7 
 2888  9 
 2889  7 
 2890  8 
 2891  4 
 2892  5 
 2893  8 
 2894  2 
 2895  7 
 2896  8 
 2897  5 
 2898  4 
 2899  6 
 2900  10 
 2901  3 
 2902  4 
 2903  4 
 2904  11 
 2905  2 
 2906  4 
 2907  5 
 2908  7 
 2909  4 
 2910  5 
 2911  6 
 2912  7 
 2913  3 
 2914  5 
 2915  5 
 2916  4 
 2917  4 
 2918  3 
 2919  4 
 2920  2 
 2921  6 
 2922  4 
 2923  7 
 2924  7 
 2925  5 
 2926  4 
 2927  7 
 2928  6 
 2929  9 
 2930  9 
 2931  7 
 2932  4 
 2933  5 
 2934  1 
 2935  7 
 2936  5 
 2937  8 
 2938  3 
 2939  7 
 2940  6 
 2941  5 
 2942  4 
 2943  5 
 2944  7 
 2945  7 
 2946  7 
 2947  5 
 2948  4 
 2949  9 
 2950  6 
 2951  4 
 2952  5 
 2953  6 
 2954  1 
 2955  7 
 2956  4 
 2957  7 
 2958  10 
 2959  6 
 2960  8 
 2961  15 
 2962  8 
 2963  4 
 2964  8 
 2965  8 
 2966  7 
 2967  2 
 2968  7 
 2969  4 
 2970  3 
 2971  9 
 2972  7 
 2973  9 
 2974  7 
 2975  6 
 2976  13 
 2977  0 
 2978  6 
 2979  10 
 2980  7 
 2981  11 
 2982  7 
 2983  6 
 2984  7 
 2985  6 
 2986  10 
 2987  8 
 2988  11 
 2989  6 
 2990  5 
 2991  4 
 2992  6 
 2993  5 
 2994  7 
 2995  3 
 2996  7 
 2997  6 
 2998  4 
 2999  8 
 3000  8 
 3001  6 
 3002  5 
 3003  5 
 3004  7 
 3005  4 
 3006  5 
 3007  4 
 3008  4 
 3009  5 
 3010  6 
 3011  6 
 3012  10 
 3013  2 
 3014  3 
 3015  4 
 3016  5 
 3017  5 
 3018  4 
 3019  13 
 3020  6 
 3021  7 
 3022  9 
 3023  4 
 3024  5 
 3025  2 
 3026  6 
 3027  2 
 3028  15 
 3029  5 
 3030  10 
 3031  8 
 3032  4 
 3033  5 
 3034  6 
 3035  1 
 3036  5 
 3037  10 
 3038  9 
 3039  9 
 3040  8 
 3041  8 
 3042  8 
 3043  8 
 3044  8 
 3045  4 
 3046  8 
 3047  3 
 3048  6 
 3049  7 
 3050  6 
 3051  6 
 3052  7 
 3053  5 
 3054  3 
 3055  5 
 3056  7 
 3057  5 
 3058  3 
 3059  6 
 3060  6 
 3061  6 
 3062  6 
 3063  7 
 3064  8 
 3065  9 
 3066  5 
 3067  7 
 3068  3 
 3069  2 
 3070  3 
 3071  4 
 3072  8 
 3073  4 
 3074  10 
 3075  10 
 3076  5 
 3077  10 
 3078  7 
 3079  5 
 3080  7 
 3081  4 
 3082  8 
 3083  1 
 3084  5 
 3085  8 
 3086  8 
 3087  11 
 3088  2 
 3089  4 
 3090  3 
 3091  5 
 3092  6 
 3093  9 
 3094  10 
 3095  5 
 3096  8 
 3097  9 
 3098  11 
 3099  5 
 3100  4 
 3101  5 
 3102  7 
 3103  10 
 3104  9 
 3105  7 
 3106  3 
 3107  6 
 3108  2 
 3109  7 
 3110  6 
 3111  7 
 3112  6 
 3113  6 
 3114  3 
 3115  4 
 3116  5 
 3117  9 
 3118  8 
 3119  8 
 3120  5 
 3121  6 
 3122  8 
 3123  5 
 3124  3 
 3125  4 
 3126  7 
 3127  1 
 3128  6 
 3129  5 
 3130  6 
 3131  3 
 3132  4 
 3133  6 
 3134  3 
 3135  8 
 3136  4 
 3137  6 
 3138  5 
 3139  9 
 3140  4 
 3141  10 
 3142  5 
 3143  5 
 3144  8 
 3145  7 
 3146  5 
 3147  5 
 3148  8 
 3149  6 
 3150  4 
 3151  6 
 3152  7 
 3153  2 
 3154  9 
 3155  4 
 3156  5 
 3157  5 
 3158  9 
 3159  7 
 3160  4 
 3161  8 
 3162  6 
 3163  4 
 3164  3 
 3165  8 
 3166  5 
 3167  8 
 3168  3 
 3169  3 
 3170  9 
 3171  8 
 3172  6 
 3173  6 
 3174  7 
 3175  4 
 3176  4 
 3177  2 
 3178  9 
 3179  7 
 3180  7 
 3181  10 
 3182  8 
 3183  7 
 3184  7 
 3185  6 
 3186  8 
 3187  9 
 3188  8 
 3189  6 
 3190  2 
 3191  7 
 3192  7 
 3193  6 
 3194  10 
 3195  10 
 3196  5 
 3197  5 
 3198  9 
 3199  12 
 3200  5 
 3201  6 
 3202  9 
 3203  7 
 3204  3 
 3205  6 
 3206  7 
 3207  6 
 3208  4 
 3209  3 
 3210  7 
 3211  4 
 3212  3 
 3213  7 
 3214  9 
 3215  7 
 3216  5 
 3217  11 
 3218  5 
 3219  6 
 3220  4 
 3221  5 
 3222  5 
 3223  6 
 3224  4 
 3225  5 
 3226  5 
 3227  7 
 3228  7 
 3229  4 
 3230  8 
 3231  4 
 3232  9 
 3233  6 
 3234  8 
 3235  6 
 3236  5 
 3237  7 
 3238  3 
 3239  5 
 3240  10 
 3241  6 
 3242  7 
 3243  6 
 3244  3 
 3245  8 
 3246  8 
 3247  6 
 3248  6 
 3249  4 
 3250  7 
 3251  6 
 3252  5 
 3253  5 
 3254  6 
 3255  5 
 3256  7 
 3257  3 
 3258  3 
 3259  5 
 3260  6 
 3261  4 
 3262  5 
 3263  7 
 3264  5 
 3265  4 
 3266  6 
 3267  10 
 3268  7 
 3269  9 
 3270  4 
 3271  8 
 3272  7 
 3273  3 
 3274  8 
 3275  6 
 3276  13 
 3277  6 
 3278  6 
 3279  7 
 3280  5 
 3281  4 
 3282  7 
 3283  9 
 3284  3 
 3285  5 
 3286  8 
 3287  5 
 3288  8 
 3289  4 
 3290  7 
 3291  4 
 3292  6 
 3293  5 
 3294  6 
 3295  6 
 3296  6 
 3297  10 
 3298  6 
 3299  6 
 3300  7 
 3301  6 
 3302  3 
 3303  8 
 3304  6 
 3305  5 
 3306  5 
 3307  4 
 3308  1 
 3309  2 
 3310  7 
 3311  6 
 3312  7 
 3313  8 
 3314  10 
 3315  8 
 3316  9 
 3317  6 
 3318  5 
 3319  5 
 3320  3 
 3321  2 
 3322  4 
 3323  10 
 3324  6 
 3325  6 
 3326  5 
 3327  9 
 3328  3 
 3329  5 
 3330  9 
 3331  4 
 3332  4 
 3333  7 
 3334  4 
 3335  7 
 3336  4 
 3337  5 
 3338  6 
 3339  9 
 3340  5 
 3341  11 
 3342  11 
 3343  11 
 3344  4 
 3345  5 
 3346  6 
 3347  5 
 3348  7 
 3349  5 
 3350  8 
 3351  4 
 3352  3 
 3353  11 
 3354  6 
 3355  5 
 3356  6 
 3357  4 
 3358  7 
 3359  7 
 3360  4 
 3361  5 
 3362  5 
 3363  7 
 3364  6 
 3365  4 
 3366  3 
 3367  4 
 3368  6 
 3369  9 
 3370  3 
 3371  6 
 3372  5 
 3373  3 
 3374  4 
 3375  8 
 3376  9 
 3377  11 
 3378  7 
 3379  5 
 3380  3 
 3381  3 
 3382  11 
 3383  7 
 3384  11 
 3385  4 
 3386  5 
 3387  4 
 3388  5 
 3389  4 
 3390  6 
 3391  5 
 3392  8 
 3393  4 
 3394  5 
 3395  7 
 3396  3 
 3397  6 
 3398  3 
 3399  6 
 3400  12 
 3401  5 
 3402  7 
 3403  7 
 3404  7 
 3405  6 
 3406  1 
 3407  9 
 3408  5 
 3409  5 
 3410  7 
 3411  6 
 3412  4 
 3413  2 
 3414  5 
 3415  7 
 3416  12 
 3417  4 
 3418  7 
 3419  7 
 3420  5 
 3421  7 
 3422  2 
 3423  2 
 3424  7 
 3425  2 
 3426  8 
 3427  6 
 3428  9 
 3429  1 
 3430  8 
 3431  4 
 3432  3 
 3433  4 
 3434  5 
 3435  5 
 3436  11 
 3437  6 
 3438  5 
 3439  2 
 3440  6 
 3441  6 
 3442  6 
 3443  5 
 3444  2 
 3445  5 
 3446  6 
 3447  4 
 3448  5 
 3449  7 
 3450  6 
 3451  8 
 3452  3 
 3453  9 
 3454  7 
 3455  5 
 3456  3 
 3457  5 
 3458  9 
 3459  9 
 3460  5 
 3461  3 
 3462  3 
 3463  8 
 3464  9 
 3465  4 
 3466  2 
 3467  6 
 3468  6 
 3469  7 
 3470  7 
 3471  9 
 3472  10 
 3473  8 
 3474  6 
 3475  4 
 3476  7 
 3477  4 
 3478  2 
 3479  6 
 3480  6 
 3481  7 
 3482  7 
 3483  6 
 3484  5 
 3485  7 
 3486  8 
 3487  7 
 3488  4 
 3489  4 
 3490  4 
 3491  7 
 3492  2 
 3493  8 
 3494  4 
 3495  3 
 3496  6 
 3497  2 
 3498  3 
 3499  6 
 3500  3 
 3501  2 
 3502  4 
 3503  3 
 3504  5 
 3505  9 
 3506  4 
 3507  6 
 3508  3 
 3509  7 
 3510  6 
 3511  5 
 3512  6 
 3513  6 
 3514  5 
 3515  7 
 3516  3 
 3517  2 
 3518  5 
 3519  9 
 3520  8 
 3521  5 
 3522  1 
 3523  6 
 3524  4 
 3525  5 
 3526  7 
 3527  2 
 3528  2 
 3529  8 
 3530  8 
 3531  6 
 3532  8 
 3533  9 
 3534  3 
 3535  8 
 3536  8 
 3537  3 
 3538  3 
 3539  2 
 3540  8 
 3541  3 
 3542  5 
 3543  5 
 3544  3 
 3545  11 
 3546  6 
 3547  11 
 3548  8 
 3549  12 
 3550  11 
 3551  9 
 3552  10 
 3553  5 
 3554  2 
 3555  8 
 3556  8 
 3557  6 
 3558  8 
 3559  9 
 3560  6 
 3561  12 
 3562  2 
 3563  10 
 3564  7 
 3565  12 
 3566  7 
 3567  7 
 3568  15 
 3569  12 
 3570  10 
 3571  13 
 3572  10 
 3573  6 
 3574  12 
 3575  9 
 3576  12 
 3577  13 
 3578  13 
 3579  15 
 3580  11 
 3581  16 
 3582  19 
 3583  9 
 3584  14 
 3585  13 
 3586  19 
 3587  19 
 3588  16 
 3589  24 
 3590  22 
 3591  14 
 3592  14 
 3593  13 
 3594  14 
 3595  15 
 3596  15 
 3597  12 
 3598  11 
 3599  12 
 3600  15 
 3601  7 
 3602  12 
 3603  9 
 3604  13 
 3605  5 
 3606  13 
 3607  10 
 3608  10 
 3609  6 
 3610  14 
 3611  7 
 3612  8 
 3613  12 
 3614  6 
 3615  7 
 3616  8 
 3617  8 
 3618  5 
 3619  11 
 3620  10 
 3621  6 
 3622  12 
 3623  7 
 3624  8 
 3625  6 
 3626  5 
 3627  8 
 3628  7 
 3629  8 
 3630  7 
 3631  7 
 3632  6 
 3633  7 
 3634  6 
 3635  4 
 3636  4 
 3637  5 
 3638  3 
 3639  8 
 3640  6 
 3641  1 
 3642  3 
 3643  6 
 3644  8 
 3645  9 
 3646  7 
 3647  11 
 3648  7 
 3649  4 
 3650  5 
 3651  5 
 3652  2 
 3653  7 
 3654  6 
 3655  5 
 3656  7 
 3657  4 
 3658  3 
 3659  5 
 3660  5 
 3661  7 
 3662  5 
 3663  4 
 3664  7 
 3665  5 
 3666  7 
 3667  5 
 3668  11 
 3669  3 
 3670  5 
 3671  4 
 3672  5 
 3673  5 
 3674  5 
 3675  6 
 3676  7 
 3677  3 
 3678  1 
 3679  3 
 3680  7 
 3681  4 
 3682  7 
 3683  8 
 3684  2 
 3685  1 
 3686  2 
 3687  6 
 3688  4 
 3689  10 
 3690  8 
 3691  4 
 3692  9 
 3693  3 
 3694  6 
 3695  5 
 3696  7 
 3697  3 
 3698  6 
 3699  7 
 3700  4 
 3701  3 
 3702  6 
 3703  6 
 3704  5 
 3705  5 
 3706  2 
 3707  3 
 3708  5 
 3709  9 
 3710  6 
 3711  5 
 3712  8 
 3713  8 
 3714  1 
 3715  5 
 3716  6 
 3717  4 
 3718  7 
 3719  6 
 3720  5 
 3721  7 
 3722  8 
 3723  3 
 3724  3 
 3725  4 
 3726  4 
 3727  8 
 3728  10 
 3729  6 
 3730  7 
 3731  7 
 3732  6 
 3733  3 
 3734  9 
 3735  7 
 3736  6 
 3737  3 
 3738  5 
 3739  7 
 3740  8 
 3741  8 
 3742  4 
 3743  7 
 3744  2 
 3745  3 
 3746  5 
 3747  4 
 3748  8 
 3749  5 
 3750  7 
 3751  0 
 3752  6 
 3753  10 
 3754  12 
 3755  6 
 3756  6 
 3757  12 
 3758  7 
 3759  5 
 3760  8 
 3761  6 
 3762  7 
 3763  5 
 3764  3 
 3765  12 
 3766  9 
 3767  2 
 3768  5 
 3769  7 
 3770  5 
 3771  5 
 3772  9 
 3773  4 
 3774  6 
 3775  2 
 3776  2 
 3777  5 
 3778  4 
 3779  2 
 3780  11 
 3781  3 
 3782  8 
 3783  7 
 3784  4 
 3785  4 
 3786  3 
 3787  3 
 3788  6 
 3789  5 
 3790  3 
 3791  7 
 3792  10 
 3793  2 
 3794  2 
 3795  9 
 3796  6 
 3797  6 
 3798  7 
 3799  6 
 3800  6 
 3801  7 
 3802  6 
 3803  7 
 3804  7 
 3805  8 
 3806  8 
 3807  5 
 3808  4 
 3809  8 
 3810  8 
 3811  6 
 3812  5 
 3813  4 
 3814  6 
 3815  4 
 3816  6 
 3817  7 
 3818  3 
 3819  8 
 3820  4 
 3821  7 
 3822  5 
 3823  6 
 3824  9 
 3825  8 
 3826  5 
 3827  3 
 3828  6 
 3829  5 
 3830  6 
 3831  4 
 3832  6 
 3833  8 
 3834  5 
 3835  4 
 3836  6 
 3837  9 
 3838  7 
 3839  6 
 3840  7 
 3841  9 
 3842  7 
 3843  4 
 3844  2 
 3845  5 
 3846  4 
 3847  6 
 3848  7 
 3849  5 
 3850  3 
 3851  6 
 3852  6 
 3853  5 
 3854  9 
 3855  4 
 3856  4 
 3857  7 
 3858  8 
 3859  7 
 3860  6 
 3861  3 
 3862  7 
 3863  7 
 3864  4 
 3865  8 
 3866  6 
 3867  8 
 3868  7 
 3869  5 
 3870  5 
 3871  8 
 3872  3 
 3873  5 
 3874  6 
 3875  9 
 3876  7 
 3877  8 
 3878  5 
 3879  7 
 3880  3 
 3881  3 
 3882  3 
 3883  1 
 3884  8 
 3885  5 
 3886  4 
 3887  9 
 3888  3 
 3889  3 
 3890  7 
 3891  4 
 3892  8 
 3893  9 
 3894  3 
 3895  4 
 3896  3 
 3897  3 
 3898  3 
 3899  1 
 3900  6 
 3901  5 
 3902  10 
 3903  3 
 3904  8 
 3905  4 
 3906  5 
 3907  7 
 3908  5 
 3909  5 
 3910  5 
 3911  6 
 3912  10 
 3913  6 
 3914  4 
 3915  3 
 3916  7 
 3917  6 
 3918  5 
 3919  4 
 3920  4 
 3921  8 
 3922  5 
 3923  6 
 3924  5 
 3925  5 
 3926  7 
 3927  6 
 3928  5 
 3929  10 
 3930  7 
 3931  7 
 3932  5 
 3933  4 
 3934  5 
 3935  2 
 3936  11 
 3937  5 
 3938  4 
 3939  5 
 3940  8 
 3941  4 
 3942  6 
 3943  3 
 3944  4 
 3945  4 
 3946  6 
 3947  9 
 3948  4 
 3949  4 
 3950  10 
 3951  7 
 3952  7 
 3953  4 
 3954  5 
 3955  5 
 3956  5 
 3957  2 
 3958  3 
 3959  4 
 3960  3 
 3961  4 
 3962  4 
 3963  6 
 3964  6 
 3965  5 
 3966  4 
 3967  7 
 3968  5 
 3969  6 
 3970  6 
 3971  5 
 3972  7 
 3973  5 
 3974  4 
 3975  11 
 3976  2 
 3977  7 
 3978  7 
 3979  6 
 3980  8 
 3981  4 
 3982  6 
 3983  7 
 3984  2 
 3985  1 
 3986  4 
 3987  7 
 3988  3 
 3989  7 
 3990  6 
 3991  9 
 3992  5 
 3993  6 
 3994  6 
 3995  9 
 3996  10 
 3997  5 
 3998  7 
 3999  8 
 4000  9 
 4001  8 
 4002  6 
 4003  9 
 4004  9 
 4005  5 
 4006  6 
 4007  6 
 4008  4 
 4009  6 
 4010  6 
 4011  10 
 4012  5 
 4013  4 
 4014  2 
 4015  6 
 4016  5 
 4017  5 
 4018  5 
 4019  6 
 4020  7 
 4021  7 
 4022  5 
 4023  7 
 4024  5 
 4025  4 
 4026  12 
 4027  5 
 4028  5 
 4029  4 
 4030  5 
 4031  1 
 4032  4 
 4033  3 
 4034  5 
 4035  5 
 4036  2 
 4037  3 
 4038  5 
 4039  9 
 4040  5 
 4041  6 
 4042  4 
 4043  6 
 4044  4 
 4045  3 
 4046  4 
 4047  4 
 4048  7 
 4049  4 
 4050  5 
 4051  4 
 4052  7 
 4053  5 
 4054  6 
 4055  3 
 4056  2 
 4057  6 
 4058  6 
 4059  7 
 4060  8 
 4061  5 
 4062  1 
 4063  6 
 4064  4 
 4065  6 
 4066  6 
 4067  4 
 4068  5 
 4069  6 
 4070  3 
 4071  7 
 4072  9 
 4073  4 
 4074  4 
 4075  10 
 4076  7 
 4077  8 
 4078  4 
 4079  5 
 4080  1 
 4081  6 
 4082  6 
 4083  10 
 4084  5 
 4085  4 
 4086  4 
 4087  7 
 4088  3 
 4089  7 
 4090  3 
 4091  4 
 4092  7 
 4093  3 
 4094  9 
 4095  4 
 4096  8 
 4097  8 
 4098  8 
 4099  6 
 4100  5 
 4101  8 
 4102  7 
 4103  5 
 4104  5 
 4105  5 
 4106  4 
 4107  5 
 4108  3 
 4109  6 
 4110  10 
 4111  7 
 4112  3 
 4113  10 
 4114  4 
 4115  3 
 4116  5 
 4117  7 
 4118  8 
 4119  7 
 4120  9 
 4121  11 
 4122  8 
 4123  6 
 4124  3 
 4125  5 
 4126  4 
 4127  10 
 4128  7 
 4129  5 
 4130  3 
 4131  11 
 4132  7 
 4133  8 
 4134  3 
 4135  4 
 4136  6 
 4137  6 
 4138  6 
 4139  3 
 4140  5 
 4141  7 
 4142  8 
 4143  4 
 4144  5 
 4145  5 
 4146  4 
 4147  5 
 4148  6 
 4149  2 
 4150  5 
 4151  3 
 4152  3 
 4153  5 
 4154  5 
 4155  6 
 4156  3 
 4157  3 
 4158  2 
 4159  4 
 4160  5 
 4161  4 
 4162  5 
 4163  9 
 4164  10 
 4165  3 
 4166  6 
 4167  3 
 4168  7 
 4169  8 
 4170  5 
 4171  6 
 4172  4 
 4173  1 
 4174  7 
 4175  2 
 4176  5 
 4177  4 
 4178  2 
 4179  5 
 4180  6 
 4181  4 
 4182  5 
 4183  9 
 4184  8 
 4185  3 
 4186  5 
 4187  3 
 4188  6 
 4189  9 
 4190  7 
 4191  5 
 4192  3 
 4193  2 
 4194  2 
 4195  4 
 4196  8 
 4197  3 
 4198  8 
 4199  6 
 4200  5 
 4201  6 
 4202  3 
 4203  6 
 4204  6 
 4205  6 
 4206  4 
 4207  4 
 4208  6 
 4209  4 
 4210  5 
 4211  4 
 4212  5 
 4213  8 
 4214  9 
 4215  2 
 4216  8 
 4217  3 
 4218  8 
 4219  3 
 4220  6 
 4221  6 
 4222  6 
 4223  4 
 4224  8 
 4225  8 
 4226  3 
 4227  5 
 4228  4 
 4229  6 
 4230  4 
 4231  4 
 4232  7 
 4233  1 
 4234  6 
 4235  5 
 4236  4 
 4237  4 
 4238  4 
 4239  4 
 4240  5 
 4241  8 
 4242  3 
 4243  8 
 4244  7 
 4245  6 
 4246  7 
 4247  8 
 4248  3 
 4249  5 
 4250  2 
 4251  11 
 4252  6 
 4253  4 
 4254  5 
 4255  7 
 4256  3 
 4257  10 
 4258  7 
 4259  7 
 4260  7 
 4261  10 
 4262  6 
 4263  8 
 4264  5 
 4265  6 
 4266  4 
 4267  10 
 4268  3 
 4269  4 
 4270  7 
 4271  3 
 4272  6 
 4273  5 
 4274  7 
 4275  8 
 4276  6 
 4277  5 
 4278  10 
 4279  12 
 4280  5 
 4281  7 
 4282  4 
 4283  6 
 4284  2 
 4285  7 
 4286  8 
 4287  11 
 4288  5 
 4289  9 
 4290  10 
 4291  11 
 4292  7 
 4293  10 
 4294  7 
 4295  4 
 4296  9 
 4297  13 
 4298  8 
 4299  7 
 4300  6 
 4301  12 
 4302  10 
 4303  14 
 4304  14 
 4305  7 
 4306  10 
 4307  9 
 4308  14 
 4309  16 
 4310  12 
 4311  6 
 4312  7 
 4313  18 
 4314  11 
 4315  21 
 4316  8 
 4317  19 
 4318  10 
 4319  13 
 4320  12 
 4321  28 
 4322  16 
 4323  13 
 4324  19 
 4325  6 
 4326  14 
 4327  11 
 4328  20 
 4329  15 
 4330  19 
 4331  19 
 4332  15 
 4333  11 
 4334  13 
 4335  10 
 4336  17 
 4337  17 
 4338  17 
 4339  7 
 4340  16 
 4341  21 
 4342  11 
 4343  13 
 4344  8 
 4345  9 
 4346  10 
 4347  13 
 4348  9 
 4349  11 
 4350  6 
 4351  11 
 4352  11 
 4353  9 
 4354  8 
 4355  8 
 4356  6 
 4357  6 
 4358  7 
 4359  4 
 4360  11 
 4361  10 
 4362  5 
 4363  6 
 4364  9 
 4365  8 
 4366  7 
 4367  4 
 4368  7 
 4369  14 
 4370  8 
 4371  5 
 4372  4 
 4373  6 
 4374  6 
 4375  13 
 4376  5 
 4377  2 
 4378  11 
 4379  4 
 4380  6 
 4381  9 
 4382  3 
 4383  10 
 4384  7 
 4385  6 
 4386  8 
 4387  6 
 4388  4 
 4389  7 
 4390  9 
 4391  6 
 4392  2 
 4393  4 
 4394  6 
 4395  6 
 4396  9 
 4397  7 
 4398  7 
 4399  6 
 4400  3 
 4401  11 
 4402  8 
 4403  4 
 4404  12 
 4405  4 
 4406  7 
 4407  8 
 4408  5 
 4409  9 
 4410  10 
 4411  14 
 4412  15 
 4413  8 
 4414  15 
 4415  10 
 4416  10 
 4417  13 
 4418  20 
 4419  17 
 4420  20 
 4421  16 
 4422  13 
 4423  19 
 4424  15 
 4425  15 
 4426  28 
 4427  20 
 4428  21 
 4429  35 
 4430  28 
 4431  35 
 4432  39 
 4433  34 
 4434  35 
 4435  43 
 4436  30 
 4437  44 
 4438  46 
 4439  40 
 4440  37 
 4441  43 
 4442  44 
 4443  50 
 4444  59 
 4445  53 
 4446  68 
 4447  70 
 4448  70 
 4449  61 
 4450  65 
 4451  71 
 4452  57 
 4453  84 
 4454  67 
 4455  80 
 4456  81 
 4457  78 
 4458  83 
 4459  85 
 4460  77 
 4461  82 
 4462  87 
 4463  74 
 4464  84 
 4465  72 
 4466  103 
 4467  80 
 4468  74 
 4469  62 
 4470  78 
 4471  80 
 4472  62 
 4473  72 
 4474  64 
 4475  69 
 4476  64 
 4477  61 
 4478  56 
 4479  56 
 4480  50 
 4481  55 
 4482  35 
 4483  33 
 4484  30 
 4485  33 
 4486  29 
 4487  31 
 4488  23 
 4489  28 
 4490  27 
 4491  21 
 4492  32 
 4493  16 
 4494  19 
 4495  16 
 4496  8 
 4497  20 
 4498  16 
 4499  14 
 4500  8 
 4501  10 
 4502  5 
 4503  8 
 4504  13 
 4505  7 
 4506  9 
 4507  7 
 4508  6 
 4509  2 
 4510  7 
 4511  7 
 4512  7 
 4513  2 
 4514  4 
 4515  8 
 4516  7 
 4517  5 
 4518  6 
 4519  8 
 4520  4 
 4521  3 
 4522  10 
 4523  8 
 4524  7 
 4525  5 
 4526  4 
 4527  7 
 4528  10 
 4529  4 
 4530  5 
 4531  3 
 4532  2 
 4533  6 
 4534  4 
 4535  6 
 4536  4 
 4537  4 
 4538  5 
 4539  6 
 4540  5 
 4541  6 
 4542  5 
 4543  6 
 4544  6 
 4545  4 
 4546  7 
 4547  9 
 4548  5 
 4549  8 
 4550  3 
 4551  4 
 4552  6 
 4553  3 
 4554  7 
 4555  11 
 4556  6 
 4557  4 
 4558  6 
 4559  10 
 4560  8 
 4561  4 
 4562  5 
 4563  7 
 4564  4 
 4565  12 
 4566  6 
 4567  7 
 4568  6 
 4569  5 
 4570  9 
 4571  3 
 4572  5 
 4573  10 
 4574  7 
 4575  5 
 4576  5 
 4577  7 
 4578  5 
 4579  8 
 4580  5 
 4581  6 
 4582  5 
 4583  6 
 4584  5 
 4585  9 
 4586  5 
 4587  5 
 4588  5 
 4589  12 
 4590  8 
 4591  5 
 4592  7 
 4593  7 
 4594  9 
 4595  8 
 4596  6 
 4597  5 
 4598  7 
 4599  3 
 4600  7 
 4601  7 
 4602  4 
 4603  12 
 4604  9 
 4605  5 
 4606  13 
 4607  8 
 4608  4 
 4609  7 
 4610  7 
 4611  9 
 4612  8 
 4613  8 
 4614  2 
 4615  6 
 4616  7 
 4617  7 
 4618  10 
 4619  10 
 4620  3 
 4621  7 
 4622  8 
 4623  7 
 4624  10 
 4625  5 
 4626  4 
 4627  7 
 4628  10 
 4629  3 
 4630  5 
 4631  10 
 4632  4 
 4633  5 
 4634  7 
 4635  6 
 4636  10 
 4637  9 
 4638  9 
 4639  5 
 4640  3 
 4641  3 
 4642  6 
 4643  9 
 4644  8 
 4645  6 
 4646  6 
 4647  9 
 4648  6 
 4649  8 
 4650  11 
 4651  5 
 4652  4 
 4653  7 
 4654  7 
 4655  6 
 4656  11 
 4657  4 
 4658  10 
 4659  6 
 4660  10 
 4661  3 
 4662  10 
 4663  8 
 4664  9 
 4665  9 
 4666  7 
 4667  11 
 4668  5 
 4669  11 
 4670  3 
 4671  1 
 4672  6 
 4673  8 
 4674  4 
 4675  9 
 4676  9 
 4677  9 
 4678  10 
 4679  4 
 4680  3 
 4681  4 
 4682  7 
 4683  8 
 4684  4 
 4685  4 
 4686  6 
 4687  8 
 4688  7 
 4689  3 
 4690  16 
 4691  12 
 4692  4 
 4693  6 
 4694  10 
 4695  6 
 4696  7 
 4697  5 
 4698  7 
 4699  8 
 4700  6 
 4701  8 
 4702  8 
 4703  7 
 4704  9 
 4705  10 
 4706  4 
 4707  6 
 4708  6 
 4709  11 
 4710  4 
 4711  7 
 4712  3 
 4713  9 
 4714  9 
 4715  12 
 4716  7 
 4717  7 
 4718  7 
 4719  6 
 4720  6 
 4721  11 
 4722  10 
 4723  10 
 4724  13 
 4725  6 
 4726  5 
 4727  9 
 4728  6 
 4729  8 
 4730  9 
 4731  8 
 4732  10 
 4733  13 
 4734  8 
 4735  13 
 4736  3 
 4737  6 
 4738  4 
 4739  9 
 4740  7 
 4741  7 
 4742  8 
 4743  9 
 4744  6 
 4745  9 
 4746  5 
 4747  12 
 4748  7 
 4749  10 
 4750  10 
 4751  10 
 4752  14 
 4753  5 
 4754  12 
 4755  8 
 4756  14 
 4757  8 
 4758  9 
 4759  12 
 4760  11 
 4761  12 
 4762  11 
 4763  5 
 4764  12 
 4765  12 
 4766  19 
 4767  12 
 4768  13 
 4769  21 
 4770  32 
 4771  23 
 4772  31 
 4773  26 
 4774  30 
 4775  22 
 4776  36 
 4777  33 
 4778  44 
 4779  29 
 4780  39 
 4781  41 
 4782  58 
 4783  47 
 4784  61 
 4785  67 
 4786  75 
 4787  86 
 4788  83 
 4789  101 
 4790  87 
 4791  96 
 4792  111 
 4793  117 
 4794  120 
 4795  148 
 4796  146 
 4797  164 
 4798  181 
 4799  187 
 4800  220 
 4801  249 
 4802  231 
 4803  279 
 4804  314 
 4805  341 
 4806  397 
 4807  417 
 4808  430 
 4809  477 
 4810  566 
 4811  595 
 4812  656 
 4813  678 
 4814  776 
 4815  859 
 4816  961 
 4817  959 
 4818  1109 
 4819  1123 
 4820  1280 
 4821  1302 
 4822  1365 
 4823  1468 
 4824  1628 
 4825  1602 
 4826  1620 
 4827  1642 
 4828  1589 
 4829  1666 
 4830  1676 
 4831  1626 
 4832  1659 
 4833  1596 
 4834  1547 
 4835  1443 
 4836  1345 
 4837  1312 
 4838  1219 
 4839  1110 
 4840  1043 
 4841  949 
 4842  901 
 4843  745 
 4844  706 
 4845  631 
 4846  570 
 4847  448 
 4848  425 
 4849  350 
 4850  333 
 4851  280 
 4852  215 
 4853  208 
 4854  193 
 4855  145 
 4856  132 
 4857  113 
 4858  88 
 4859  72 
 4860  63 
 4861  43 
 4862  35 
 4863  41 
 4864  42 
 4865  32 
 4866  25 
 4867  42 
 4868  29 
 4869  28 
 4870  28 
 4871  28 
 4872  18 
 4873  15 
 4874  12 
 4875  13 
 4876  18 
 4877  15 
 4878  13 
 4879  7 
 4880  13 
 4881  18 
 4882  11 
 4883  14 
 4884  13 
 4885  11 
 4886  8 
 4887  7 
 4888  10 
 4889  12 
 4890  7 
 4891  7 
 4892  8 
 4893  7 
 4894  9 
 4895  8 
 4896  9 
 4897  9 
 4898  10 
 4899  4 
 4900  10 
 4901  5 
 4902  12 
 4903  7 
 4904  9 
 4905  9 
 4906  4 
 4907  12 
 4908  11 
 4909  8 
 4910  4 
 4911  5 
 4912  4 
 4913  5 
 4914  9 
 4915  11 
 4916  10 
 4917  9 
 4918  9 
 4919  12 
 4920  11 
 4921  9 
 4922  10 
 4923  11 
 4924  12 
 4925  14 
 4926  6 
 4927  10 
 4928  15 
 4929  11 
 4930  16 
 4931  20 
 4932  18 
 4933  15 
 4934  20 
 4935  17 
 4936  19 
 4937  17 
 4938  25 
 4939  17 
 4940  25 
 4941  23 
 4942  37 
 4943  42 
 4944  40 
 4945  25 
 4946  53 
 4947  47 
 4948  60 
 4949  61 
 4950  57 
 4951  58 
 4952  71 
 4953  68 
 4954  66 
 4955  63 
 4956  74 
 4957  73 
 4958  64 
 4959  84 
 4960  93 
 4961  92 
 4962  60 
 4963  71 
 4964  67 
 4965  83 
 4966  75 
 4967  57 
 4968  48 
 4969  49 
 4970  60 
 4971  48 
 4972  46 
 4973  29 
 4974  34 
 4975  23 
 4976  21 
 4977  26 
 4978  20 
 4979  13 
 4980  14 
 4981  13 
 4982  10 
 4983  5 
 4984  6 
 4985  8 
 4986  7 
 4987  3 
 4988  4 
 4989  5 
 4990  5 
 4991  3 
 4992  2 
 4993  2 
 4994  4 
 4995  5 
 4996  4 
 4997  3 
 4998  1 
 4999  4 
 5000  1 
 5001  3 
 5002  3 
 5003  2 
 5004  3 
 5005  1 
 5006  5 
 5007  1 
 5008  5 
 5009  2 
 5010  3 
 5011  4 
 5012  1 
 5013  1 
 5014  3 
 5015  0 
 5016  1 
 5017  3 
 5018  1 
 5019  3 
 5020  4 
 5021  1 
 5022  1 
 5023  2 
 5024  1 
 5025  1 
 5026  3 
 5027  3 
 5028  2 
 5029  1 
 5030  4 
 5031  1 
 5032  2 
 5033  3 
 5034  0 
 5035  2 
 5036  2 
 5037  0 
 5038  2 
 5039  1 
 5040  0 
 5041  1 
 5042  1 
 5043  3 
 5044  2 
 5045  1 
 5046  8 
 5047  1 
 5048  2 
 5049  2 
 5050  2 
 5051  1 
 5052  2 
 5053  5 
 5054  4 
 5055  1 
 5056  4 
 5057  3 
 5058  2 
 5059  3 
 5060  7 
 5061  1 
 5062  2 
 5063  6 
 5064  5 
 5065  0 
 5066  3 
 5067  1 
 5068  2 
 5069  3 
 5070  1 
 5071  3 
 5072  5 
 5073  2 
 5074  1 
 5075  3 
 5076  2 
 5077  5 
 5078  3 
 5079  4 
 5080  9 
 5081  3 
 5082  3 
 5083  1 
 5084  8 
 5085  5 
 5086  4 
 5087  6 
 5088  4 
 5089  5 
 5090  5 
 5091  6 
 5092  7 
 5093  4 
 5094  3 
 5095  7 
 5096  3 
 5097  9 
 5098  9 
 5099  3 
 5100  9 
 5101  9 
 5102  11 
 5103  11 
 5104  11 
 5105  19 
 5106  14 
 5107  16 
 5108  17 
 5109  15 
 5110  21 
 5111  17 
 5112  26 
 5113  27 
 5114  30 
 5115  30 
 5116  21 
 5117  29 
 5118  31 
 5119  36 
 5120  53 
 5121  46 
 5122  56 
 5123  48 
 5124  75 
 5125  77 
 5126  85 
 5127  81 
 5128  99 
 5129  108 
 5130  89 
 5131  127 
 5132  142 
 5133  143 
 5134  156 
 5135  160 
 5136  182 
 5137  201 
 5138  196 
 5139  226 
 5140  210 
 5141  220 
 5142  245 
 5143  292 
 5144  294 
 5145  347 
 5146  309 
 5147  320 
 5148  378 
 5149  413 
 5150  436 
 5151  433 
 5152  463 
 5153  496 
 5154  472 
 5155  496 
 5156  515 
 5157  587 
 5158  608 
 5159  562 
 5160  608 
 5161  610 
 5162  636 
 5163  639 
 5164  639 
 5165  639 
 5166  681 
 5167  675 
 5168  655 
 5169  688 
 5170  648 
 5171  671 
 5172  643 
 5173  627 
 5174  566 
 5175  569 
 5176  555 
 5177  504 
 5178  477 
 5179  492 
 5180  452 
 5181  414 
 5182  415 
 5183  388 
 5184  339 
 5185  285 
 5186  245 
 5187  271 
 5188  228 
 5189  207 
 5190  180 
 5191  164 
 5192  162 
 5193  132 
 5194  124 
 5195  92 
 5196  88 
 5197  102 
 5198  93 
 5199  44 
 5200  48 
 5201  37 
 5202  40 
 5203  31 
 5204  21 
 5205  22 
 5206  23 
 5207  13 
 5208  12 
 5209  8 
 5210  12 
 5211  11 
 5212  8 
 5213  7 
 5214  5 
 5215  7 
 5216  5 
 5217  0 
 5218  6 
 5219  4 
 5220  3 
 5221  1 
 5222  2 
 5223  2 
 5224  4 
 5225  0 
 5226  6 
 5227  4 
 5228  6 
 5229  3 
 5230  4 
 5231  4 
 5232  3 
 5233  6 
 5234  3 
 5235  7 
 5236  3 
 5237  6 
 5238  12 
 5239  11 
 5240  5 
 5241  6 
 5242  12 
 5243  9 
 5244  7 
 5245  18 
 5246  16 
 5247  18 
 5248  11 
 5249  19 
 5250  17 
 5251  21 
 5252  29 
 5253  45 
 5254  33 
 5255  47 
 5256  45 
 5257  46 
 5258  39 
 5259  59 
 5260  59 
 5261  58 
 5262  72 
 5263  69 
 5264  64 
 5265  60 
 5266  62 
 5267  82 
 5268  75 
 5269  72 
 5270  62 
 5271  65 
 5272  66 
 5273  52 
 5274  64 
 5275  63 
 5276  52 
 5277  59 
 5278  45 
 5279  56 
 5280  42 
 5281  37 
 5282  33 
 5283  29 
 5284  21 
 5285  22 
 5286  24 
 5287  14 
 5288  12 
 5289  11 
 5290  11 
 5291  10 
 5292  11 
 5293  3 
 5294  3 
 5295  7 
 5296  4 
 5297  9 
 5298  4 
 5299  3 
 5300  4 
 5301  2 
 5302  7 
 5303  6 
 5304  10 
 5305  7 
 5306  9 
 5307  6 
 5308  5 
 5309  13 
 5310  4 
 5311  9 
 5312  8 
 5313  8 
 5314  9 
 5315  9 
 5316  8 
 5317  8 
 5318  13 
 5319  4 
 5320  5 
 5321  9 
 5322  5 
 5323  7 
 5324  6 
 5325  7 
 5326  9 
 5327  5 
 5328  9 
 5329  8 
 5330  6 
 5331  6 
 5332  9 
 5333  7 
 5334  3 
 5335  9 
 5336  7 
 5337  9 
 5338  9 
 5339  8 
 5340  9 
 5341  4 
 5342  3 
 5343  1 
 5344  6 
 5345  2 
 5346  3 
 5347  10 
 5348  4 
 5349  3 
 5350  2 
 5351  3 
 5352  1 
 5353  1 
 5354  2 
 5355  2 
 5356  1 
 5357  3 
 5358  0 
 5359  1 
 5360  0 
 5361  2 
 5362  0 
 5363  1 
 5364  0 
 5365  0 
 5366  1 
 5367  0 
 5368  0 
 5369  0 
 5370  0 
 5371  0 
 5372  0 
 5373  0 
 5374  0 
 5375  0 
 5376  0 
 5377  0 
 5378  0 
 5379  0 
 5380  0 
 5381  0 
 5382  0 
 5383  0 
 5384  1 
 5385  0 
 5386  0 
 5387  0 
 5388  0 
 5389  0 
 5390  0 
 5391  0 
 5392  0 
 5393  0 
 5394  0 
 5395  0 
 5396  0 
 5397  0 
 5398  0 
 5399  0 
 5400  1 
 5401  0 
 5402  0 
 5403  0 
 5404  0 
 5405  0 
 5406  0 
 5407  0 
 5408  0 
 5409  0 
 5410  0 
 5411  0 
 5412  0 
 5413  0 
 5414  0 
 5415  0 
 5416  0 
 5417  1 
 5418  0 
 5419  0 
 5420  0 
 5421  0 
 5422  0 
 5423  0 
 5424  0 
 5425  0 
 5426  0 
 5427  0 
 5428  0 
 5429  0 
 5430  0 
 5431  0 
 5432  0 
 5433  0 
 5434  0 
 5435  0 
 5436  0 
 5437  0 
 5438  0 
 5439  0 
 5440  0 
 5441  0 
 5442  0 
 5443  0 
 5444  0 
 5445  0 
 5446  0 
 5447  0 
 5448  0 
 5449  0 
 5450  0 
 5451  0 
 5452  0 
 5453  0 
 5454  0 
 5455  0 
 5456  0 
 5457  0 
 5458  0 
 5459  0 
 5460  0 
 5461  0 
 5462  1 
 5463  0 
 5464  0 
 5465  0 
 5466  0 
 5467  0 
 5468  0 
 5469  0 
 5470  0 
 5471  0 
 5472  0 
 5473  0 
 5474  0 
 5475  0 
 5476  0 
 5477  0 
 5478  0 
 5479  0 
 5480  0 
 5481  0 
 5482  0 
 5483  0 
 5484  0 
 5485  0 
 5486  0 
 5487  0 
 5488  0 
 5489  0 
 5490  0 
 5491  0 
 5492  1 
 5493  0 
 5494  0 
 5495  0 
 5496  0 
 5497  0 
 5498  0 
 5499  0 
 5500  0 
 5501  0 
 5502  0 
 5503  0 
 5504  0 
 5505  0 
 5506  0 
 5507  0 
 5508  1 
 5509  0 
 5510  0 
 5511  0 
 5512  0 
 5513  0 
 5514  0 
 5515  0 
 5516  0 
 5517  0 
 5518  0 
 5519  0 
 5520  0 
 5521  0 
 5522  0 
 5523  0 
 5524  0 
 5525  1 
 5526  0 
 5527  0 
 5528  0 
 5529  0 
 5530  0 
 5531  0 
 5532  0 
 5533  0 
 5534  0 
 5535  0 
 5536  0 
 5537  0 
 5538  0 
 5539  0 
 5540  0 
 5541  0 
 5542  0 
 5543  0 
 5544  0 
 5545  0 
 5546  0 
 5547  1 
 5548  0 
 5549  0 
 5550  0 
 5551  0 
 5552  0 
 5553  0 
 5554  0 
 5555  1 
 5556  0 
 5557  0 
 5558  0 
 5559  0 
 5560  0 
 5561  0 
 5562  0 
 5563  1 
 5564  0 
 5565  0 
 5566  0 
 5567  0 
 5568  0 
 5569  0 
 5570  0 
 5571  0 
 5572  0 
 5573  0 
 5574  0 
 5575  0 
 5576  0 
 5577  0 
 5578  0 
 5579  0 
 5580  0 
 5581  0 
 5582  0 
 5583  0 
 5584  0 
 5585  0 
 5586  0 
 5587  0 
 5588  0 
 5589  0 
 5590  0 
 5591  0 
 5592  0 
 5593  0 
 5594  0 
 5595  0 
 5596  0 
 5597  0 
 5598  0 
 5599  0 
 5600  0 
 5601  0 
 5602  0 
 5603  0 
 5604  0 
 5605  0 
 5606  0 
 5607  0 
 5608  0 
 5609  0 
 5610  0 
 5611  0 
 5612  0 
 5613  0 
 5614  0 
 5615  0 
 5616  0 
 5617  0 
 5618  0 
 5619  0 
 5620  0 
 5621  0 
 5622  0 
 5623  0 
 5624  0 
 5625  0 
 5626  0 
 5627  0 
 5628  0 
 5629  0 
 5630  0 
 5631  0 
 5632  0 
 5633  0 
 5634  0 
 5635  0 
 5636  0 
 5637  0 
 5638  0 
 5639  0 
 5640  0 
 5641  0 
 5642  0 
 5643  0 
 5644  0 
 5645  0 
 5646  0 
 5647  0 
 5648  0 
 5649  0 
 5650  0 
 5651  0 
 5652  0 
 5653  0 
 5654  0 
 5655  0 
 5656  0 
 5657  0 
 5658  0 
 5659  0 
 5660  0 
 5661  0 
 5662  0 
 5663  0 
 5664  0 
 5665  0 
 5666  0 
 5667  0 
 5668  0 
 5669  1 
 5670  0 
 5671  0 
 5672  0 
 5673  1 
 5674  0 
 5675  0 
 5676  0 
 5677  0 
 5678  0 
 5679  0 
 5680  0 
 5681  0 
 5682  0 
 5683  0 
 5684  0 
 5685  0 
 5686  0 
 5687  0 
 5688  0 
 5689  0 
 5690  0 
 5691  0 
 5692  0 
 5693  0 
 5694  1 
 5695  0 
 5696  0 
 5697  0 
 5698  0 
 5699  0 
 5700  0 
 5701  0 
 5702  0 
 5703  0 
 5704  1 
 5705  0 
 5706  0 
 5707  0 
 5708  0 
 5709  0 
 5710  0 
 5711  0 
 5712  0 
 5713  0 
 5714  0 
 5715  0 
 5716  0 
 5717  0 
 5718  0 
 5719  0 
 5720  0 
 5721  0 
 5722  0 
 5723  0 
 5724  0 
 5725  0 
 5726  0 
 5727  0 
 5728  0 
 5729  0 
 5730  0 
 5731  0 
 5732  0 
 5733  0 
 5734  0 
 5735  0 
 5736  0 
 5737  0 
 5738  0 
 5739  0 
 5740  0 
 5741  0 
 5742  0 
 5743  0 
 5744  0 
 5745  0 
 5746  0 
 5747  0 
 5748  0 
 5749  0 
 5750  0 
 5751  0 
 5752  0 
 5753  0 
 5754  0 
 5755  0 
 5756  0 
 5757  0 
 5758  0 
 5759  0 
 5760  0 
 5761  0 
 5762  0 
 5763  0 
 5764  0 
 5765  0 
 5766  0 
 5767  0 
 5768  0 
 5769  0 
 5770  0 
 5771  0 
 5772  0 
 5773  0 
 5774  0 
 5775  0 
 5776  0 
 5777  0 
 5778  0 
 5779  0 
 5780  0 
 5781  0 
 5782  0 
 5783  0 
 5784  0 
 5785  0 
 5786  0 
 5787  0 
 5788  0 
 5789  0 
 5790  0 
 5791  0 
 5792  0 
 5793  0 
 5794  0 
 5795  0 
 5796  0 
 5797  0 
 5798  0 
 5799  0 
 5800  0 
 5801  0 
 5802  0 
 5803  0 
 5804  0 
 5805  0 
 5806  0 
 5807  0 
 5808  0 
 5809  0 
 5810  0 
 5811  1 
 5812  0 
 5813  0 
 5814  0 
 5815  0 
 5816  0 
 5817  0 
 5818  0 
 5819  0 
 5820  0 
 5821  0 
 5822  0 
 5823  0 
 5824  0 
 5825  0 
 5826  0 
 5827  0 
 5828  0 
 5829  1 
 5830  0 
 5831  0 
 5832  0 
 5833  0 
 5834  0 
 5835  0 
 5836  0 
 5837  0 
 5838  0 
 5839  0 
 5840  0 
 5841  0 
 5842  0 
 5843  0 
 5844  0 
 5845  0 
 5846  0 
 5847  0 
 5848  0 
 5849  0 
 5850  0 
 5851  0 
 5852  1 
 5853  0 
 5854  0 
 5855  0 
 5856  0 
 5857  0 
 5858  0 
 5859  0 
 5860  0 
 5861  0 
 5862  0 
 5863  0 
 5864  0 
 5865  0 
 5866  0 
 5867  0 
 5868  0 
 5869  0 
 5870  0 
 5871  0 
 5872  0 
 5873  0 
 5874  0 
 5875  0 
 5876  0 
 5877  0 
 5878  0 
 5879  0 
 5880  0 
 5881  0 
 5882  0 
 5883  0 
 5884  0 
 5885  0 
 5886  0 
 5887  0 
 5888  0 
 5889  0 
 5890  0 
 5891  0 
 5892  0 
 5893  0 
 5894  0 
 5895  0 
 5896  0 
 5897  0 
 5898  0 
 5899  0 
 5900  0 
 5901  0 
 5902  0 
 5903  0 
 5904  0 
 5905  0 
 5906  0 
 5907  0 
 5908  0 
 5909  0 
 5910  1 
 5911  0 
 5912  0 
 5913  0 
 5914  0 
 5915  0 
 5916  0 
 5917  0 
 5918  0 
 5919  0 
 5920  0 
 5921  0 
 5922  0 
 5923  0 
 5924  0 
 5925  0 
 5926  0 
 5927  0 
 5928  0 
 5929  0 
 5930  0 
 5931  0 
 5932  0 
 5933  0 
 5934  0 
 5935  0 
 5936  0 
 5937  0 
 5938  1 
 5939  0 
 5940  0 
 5941  0 
 5942  0 
 5943  0 
 5944  0 
 5945  1 
 5946  0 
 5947  0 
 5948  0 
 5949  1 
 5950  0 
 5951  0 
 5952  0 
 5953  0 
 5954  0 
 5955  0 
 5956  0 
 5957  0 
 5958  0 
 5959  1 
 5960  0 
 5961  1 
 5962  1 
 5963  0 
 5964  0 
 5965  0 
 5966  0 
 5967  0 
 5968  0 
 5969  0 
 5970  0 
 5971  0 
 5972  0 
 5973  0 
 5974  0 
 5975  0 
 5976  1 
 5977  0 
 5978  0 
 5979  0 
 5980  0 
 5981  0 
 5982  0 
 5983  0 
 5984  0 
 5985  0 
 5986  0 
 5987  1 
 5988  0 
 5989  0 
 5990  1 
 5991  1 
 5992  1 
 5993  0 
 5994  0 
 5995  0 
 5996  0 
 5997  0 
 5998  1 
 5999  0 
 6000  0 
 6001  0 
 6002  0 
 6003  1 
 6004  2 
 6005  0 
 6006  0 
 6007  0 
 6008  0 
 6009  0 
 6010  0 
 6011  0 
 6012  0 
 6013  1 
 6014  1 
 6015  0 
 6016  1 
 6017  0 
 6018  0 
 6019  0 
 6020  0 
 6021  0 
 6022  1 
 6023  0 
 6024  0 
 6025  0 
 6026  0 
 6027  0 
 6028  0 
 6029  0 
 6030  0 
 6031  0 
 6032  0 
 6033  0 
 6034  0 
 6035  0 
 6036  0 
 6037  0 
 6038  0 
 6039  0 
 6040  0 
 6041  0 
 6042  0 
 6043  0 
 6044  0 
 6045  0 
 6046  0 
 6047  1 
 6048  1 
 6049  0 
 6050  0 
 6051  1 
 6052  2 
 6053  1 
 6054  0 
 6055  0 
 6056  0 
 6057  0 
 6058  1 
 6059  0 
 6060  0 
 6061  0 
 6062  0 
 6063  0 
 6064  0 
 6065  1 
 6066  0 
 6067  0 
 6068  0 
 6069  0 
 6070  0 
 6071  0 
 6072  0 
 6073  3 
 6074  0 
 6075  0 
 6076  0 
 6077  0 
 6078  0 
 6079  0 
 6080  0 
 6081  0 
 6082  1 
 6083  0 
 6084  0 
 6085  0 
 6086  0 
 6087  0 
 6088  1 
 6089  0 
 6090  0 
 6091  0 
 6092  0 
 6093  0 
 6094  0 
 6095  0 
 6096  0 
 6097  1 
 6098  0 
 6099  0 
 6100  0 
 6101  0 
 6102  0 
 6103  0 
 6104  0 
 6105  0 
 6106  0 
 6107  0 
 6108  0 
 6109  0 
 6110  0 
 6111  0 
 6112  2 
 6113  0 
 6114  0 
 6115  1 
 6116  0 
 6117  0 
 6118  0 
 6119  1 
 6120  0 
 6121  0 
 6122  0 
 6123  0 
 6124  0 
 6125  0 
 6126  0 
 6127  1 
 6128  0 
 6129  0 
 6130  0 
 6131  0 
 6132  1 
 6133  0 
 6134  0 
 6135  0 
 6136  0 
 6137  0 
 6138  0 
 6139  0 
 6140  0 
 6141  0 
 6142  0 
 6143  1 
 6144  0 
 6145  1 
 6146  0 
 6147  0 
 6148  1 
 6149  0 
 6150  1 
 6151  0 
 6152  0 
 6153  0 
 6154  1 
 6155  0 
 6156  0 
 6157  1 
 6158  2 
 6159  1 
 6160  1 
 6161  0 
 6162  0 
 6163  0 
 6164  1 
 6165  0 
 6166  0 
 6167  0 
 6168  0 
 6169  1 
 6170  1 
 6171  1 
 6172  0 
 6173  0 
 6174  0 
 6175  1 
 6176  0 
 6177  1 
 6178  0 
 6179  0 
 6180  0 
 6181  1 
 6182  0 
 6183  0 
 6184  1 
 6185  0 
 6186  2 
 6187  0 
 6188  1 
 6189  0 
 6190  1 
 6191  1 
 6192  0 
 6193  0 
 6194  0 
 6195  0 
 6196  0 
 6197  1 
 6198  0 
 6199  1 
 6200  0 
 6201  1 
 6202  0 
 6203  0 
 6204  0 
 6205  1 
 6206  0 
 6207  0 
 6208  0 
 6209  0 
 6210  0 
 6211  0 
 6212  0 
 6213  0 
 6214  0 
 6215  0 
 6216  0 
 6217  0 
 6218  0 
 6219  0 
 6220  0 
 6221  0 
 6222  0 
 6223  0 
 6224  0 
 6225  0 
 6226  0 
 6227  0 
 6228  0 
 6229  0 
 6230  0 
 6231  0 
 6232  0 
 6233  0 
 6234  0 
 6235  0 
 6236  0 
 6237  0 
 6238  0 
 6239  0 
 6240  0 
 6241  0 
 6242  0 
 6243  0 
 6244  0 
 6245  0 
 6246  0 
 6247  0 
 6248  0 
 6249  0 
 6250  0 
 6251  0 
 6252  0 
 6253  0 
 6254  0 
 6255  0 
 6256  0 
 6257  0 
 6258  0 
 6259  0 
 6260  0 
 6261  0 
 6262  0 
 6263  0 
 6264  0 
 6265  0 
 6266  0 
 6267  0 
 6268  0 
 6269  0 
 6270  0 
 6271  0 
 6272  0 
 6273  0 
 6274  0 
 6275  0 
 6276  0 
 6277  0 
 6278  0 
 6279  0 
 6280  0 
 6281  0 
 6282  0 
 6283  0 
 6284  0 
 6285  0 
 6286  0 
 6287  0 
 6288  0 
 6289  0 
 6290  0 
 6291  0 
 6292  0 
 6293  0 
 6294  0 
 6295  0 
 6296  0 
 6297  0 
 6298  0 
 6299  0 
 6300  0 
 6301  0 
 6302  0 
 6303  0 
 6304  0 
 6305  0 
 6306  0 
 6307  0 
 6308  0 
 6309  0 
 6310  0 
 6311  0 
 6312  0 
 6313  0 
 6314  0 
 6315  0 
 6316  0 
 6317  0 
 6318  0 
 6319  0 
 6320  0 
 6321  0 
 6322  0 
 6323  0 
 6324  0 
 6325  0 
 6326  0 
 6327  0 
 6328  0 
 6329  0 
 6330  0 
 6331  0 
 6332  0 
 6333  0 
 6334  0 
 6335  0 
 6336  0 
 6337  0 
 6338  0 
 6339  0 
 6340  0 
 6341  0 
 6342  0 
 6343  0 
 6344  0 
 6345  0 
 6346  0 
 6347  0 
 6348  0 
 6349  0 
 6350  0 
 6351  0 
 6352  0 
 6353  0 
 6354  0 
 6355  0 
 6356  0 
 6357  0 
 6358  0 
 6359  0 
 6360  0 
 6361  0 
 6362  0 
 6363  0 
 6364  0 
 6365  0 
 6366  0 
 6367  0 
 6368  0 
 6369  0 
 6370  1 
 6371  0 
 6372  0 
 6373  0 
 6374  0 
 6375  0 
 6376  0 
 6377  0 
 6378  0 
 6379  0 
 6380  0 
 6381  0 
 6382  0 
 6383  0 
 6384  0 
 6385  0 
 6386  0 
 6387  0 
 6388  0 
 6389  0 
 6390  0 
 6391  0 
 6392  0 
 6393  0 
 6394  0 
 6395  0 
 6396  0 
 6397  0 
 6398  0 
 6399  0 
 6400  0 
 6401  0 
 6402  0 
 6403  0 
 6404  0 
 6405  0 
 6406  0 
 6407  0 
 6408  0 
 6409  0 
 6410  0 
 6411  0 
 6412  0 
 6413  0 
 6414  0 
 6415  0 
 6416  0 
 6417  0 
 6418  0 
 6419  0 
 6420  0 
 6421  0 
 6422  0 
 6423  0 
 6424  0 
 6425  0 
 6426  0 
 6427  0 
 6428  0 
 6429  0 
 6430  0 
 6431  0 
 6432  0 
 6433  0 
 6434  0 
 6435  0 
 6436  0 
 6437  0 
 6438  0 
 6439  0 
 6440  0 
 6441  1 
 6442  0 
 6443  0 
 6444  0 
 6445  0 
 6446  0 
 6447  0 
 6448  0 
 6449  0 
 6450  0 
 6451  0 
 6452  0 
 6453  0 
 6454  0 
 6455  0 
 6456  0 
 6457  0 
 6458  0 
 6459  0 
 6460  0 
 6461  0 
 6462  0 
 6463  0 
 6464  0 
 6465  0 
 6466  0 
 6467  0 
 6468  0 
 6469  0 
 6470  0 
 6471  0 
 6472  0 
 6473  0 
 6474  0 
 6475  0 
 6476  0 
 6477  0 
 6478  0 
 6479  0 
 6480  0 
 6481  0 
 6482  0 
 6483  0 
 6484  0 
 6485  0 
 6486  0 
 6487  0 
 6488  0 
 6489  1 
 6490  0 
 6491  0 
 6492  0 
 6493  0 
 6494  0 
 6495  0 
 6496  0 
 6497  0 
 6498  0 
 6499  1 
 6500  0 
 6501  0 
 6502  0 
 6503  0 
 6504  0 
 6505  0 
 6506  0 
 6507  0 
 6508  0 
 6509  0 
 6510  0 
 6511  0 
 6512  0 
 6513  0 
 6514  0 
 6515  0 
 6516  0 
 6517  0 
 6518  0 
 6519  0 
 6520  0 
 6521  0 
 6522  0 
 6523  0 
 6524  0 
 6525  0 
 6526  0 
 6527  0 
 6528  0 
 6529  0 
 6530  0 
 6531  0 
 6532  0 
 6533  0 
 6534  0 
 6535  0 
 6536  0 
 6537  0 
 6538  0 
 6539  0 
 6540  0 
 6541  0 
 6542  0 
 6543  0 
 6544  0 
 6545  0 
 6546  0 
 6547  0 
 6548  0 
 6549  0 
 6550  0 
 6551  0 
 6552  0 
 6553  0 
 6554  0 
 6555  0 
 6556  0 
 6557  0 
 6558  0 
 6559  0 
 6560  0 
 6561  0 
 6562  0 
 6563  0 
 6564  0 
 6565  0 
 6566  0 
 6567  0 
 6568  0 
 6569  0 
 6570  0 
 6571  0 
 6572  0 
 6573  0 
 6574  0 
 6575  0 
 6576  0 
 6577  0 
 6578  0 
 6579  0 
 6580  0 
 6581  0 
 6582  0 
 6583  0 
 6584  0 
 6585  0 
 6586  0 
 6587  0 
 6588  0 
 6589  0 
 6590  0 
 6591  0 
 6592  0 
 6593  0 
 6594  0 
 6595  0 
 6596  0 
 6597  0 
 6598  0 
 6599  0 
 6600  0 
 6601  0 
 6602  0 
 6603  0 
 6604  0 
 6605  0 
 6606  0 
 6607  0 
 6608  0 
 6609  0 
 6610  0 
 6611  0 
 6612  0 
 6613  0 
 6614  0 
 6615  0 
 6616  0 
 6617  0 
 6618  0 
 6619  0 
 6620  0 
 6621  0 
 6622  1 
 6623  0 
 6624  0 
 6625  0 
 6626  0 
 6627  0 
 6628  0 
 6629  0 
 6630  0 
 6631  0 
 6632  0 
 6633  0 
 6634  0 
 6635  0 
 6636  0 
 6637  0 
 6638  0 
 6639  0 
 6640  0 
 6641  1 
 6642  0 
 6643  0 
 6644  0 
 6645  0 
 6646  0 
 6647  0 
 6648  0 
 6649  0 
 6650  0 
 6651  0 
 6652  0 
 6653  0 
 6654  0 
 6655  0 
 6656  0 
 6657  0 
 6658  0 
 6659  0 
 6660  0 
 6661  0 
 6662  0 
 6663  0 
 6664  0 
 6665  0 
 6666  0 
 6667  0 
 6668  0 
 6669  0 
 6670  0 
 6671  0 
 6672  0 
 6673  0 
 6674  0 
 6675  0 
 6676  0 
 6677  0 
 6678  0 
 6679  0 
 6680  0 
 6681  0 
 6682  0 
 6683  0 
 6684  0 
 6685  0 
 6686  0 
 6687  0 
 6688  0 
 6689  0 
 6690  0 
 6691  0 
 6692  0 
 6693  0 
 6694  0 
 6695  0 
 6696  0 
 6697  0 
 6698  0 
 6699  0 
 6700  0 
 6701  0 
 6702  0 
 6703  0 
 6704  0 
 6705  0 
 6706  0 
 6707  0 
 6708  0 
 6709  0 
 6710  0 
 6711  0 
 6712  0 
 6713  0 
 6714  0 
 6715  0 
 6716  0 
 6717  0 
 6718  0 
 6719  0 
 6720  0 
 6721  0 
 6722  0 
 6723  0 
 6724  0 
 6725  0 
 6726  0 
 6727  0 
 6728  0 
 6729  0 
 6730  0 
 6731  0 
 6732  0 
 6733  0 
 6734  0 
 6735  0 
 6736  0 
 6737  0 
 6738  0 
 6739  0 
 6740  0 
 6741  0 
 6742  0 
 6743  0 
 6744  0 
 6745  0 
 6746  0 
 6747  0 
 6748  0 
 6749  0 
 6750  0 
 6751  0 
 6752  0 
 6753  0 
 6754  0 
 6755  0 
 6756  0 
 6757  0 
 6758  0 
 6759  0 
 6760  0 
 6761  0 
 6762  0 
 6763  0 
 6764  0 
 6765  0 
 6766  0 
 6767  0 
 6768  0 
 6769  0 
 6770  0 
 6771  0 
 6772  0 
 6773  0 
 6774  0 
 6775  0 
 6776  0 
 6777  0 
 6778  0 
 6779  0 
 6780  0 
 6781  0 
 6782  0 
 6783  0 
 6784  0 
 6785  0 
 6786  0 
 6787  0 
 6788  0 
 6789  0 
 6790  1 
 6791  0 
 6792  0 
 6793  0 
 6794  0 
 6795  0 
 6796  0 
 6797  0 
 6798  0 
 6799  0 
 6800  0 
 6801  0 
 6802  0 
 6803  0 
 6804  0 
 6805  0 
 6806  0 
 6807  0 
 6808  0 
 6809  0 
 6810  0 
 6811  0 
 6812  0 
 6813  0 
 6814  0 
 6815  0 
 6816  0 
 6817  0 
 6818  0 
 6819  0 
 6820  0 
 6821  0 
 6822  0 
 6823  0 
 6824  0 
 6825  0 
 6826  0 
 6827  0 
 6828  0 
 6829  0 
 6830  0 
 6831  0 
 6832  0 
 6833  0 
 6834  0 
 6835  0 
 6836  0 
 6837  0 
 6838  0 
 6839  0 
 6840  0 
 6841  0 
 6842  0 
 6843  0 
 6844  0 
 6845  0 
 6846  0 
 6847  0 
 6848  0 
 6849  0 
 6850  0 
 6851  0 
 6852  0 
 6853  0 
 6854  0 
 6855  0 
 6856  0 
 6857  0 
 6858  0 
 6859  0 
 6860  0 
 6861  0 
 6862  0 
 6863  0 
 6864  0 
 6865  0 
 6866  0 
 6867  0 
 6868  0 
 6869  0 
 6870  0 
 6871  0 
 6872  0 
 6873  0 
 6874  0 
 6875  0 
 6876  0 
 6877  0 
 6878  0 
 6879  0 
 6880  0 
 6881  0 
 6882  0 
 6883  0 
 6884  0 
 6885  0 
 6886  0 
 6887  0 
 6888  0 
 6889  0 
 6890  0 
 6891  0 
 6892  0 
 6893  0 
 6894  0 
 6895  0 
 6896  0 
 6897  0 
 6898  1 
 6899  0 
 6900  0 
 6901  0 
 6902  0 
 6903  0 
 6904  0 
 6905  0 
 6906  0 
 6907  0 
 6908  0 
 6909  0 
 6910  0 
 6911  0 
 6912  0 
 6913  0 
 6914  0 
 6915  0 
 6916  0 
 6917  0 
 6918  0 
 6919  0 
 6920  0 
 6921  0 
 6922  0 
 6923  0 
 6924  0 
 6925  0 
 6926  0 
 6927  0 
 6928  0 
 6929  0 
 6930  0 
 6931  0 
 6932  0 
 6933  0 
 6934  0 
 6935  0 
 6936  0 
 6937  0 
 6938  0 
 6939  0 
 6940  0 
 6941  0 
 6942  0 
 6943  0 
 6944  0 
 6945  0 
 6946  0 
 6947  0 
 6948  0 
 6949  0 
 6950  0 
 6951  0 
 6952  0 
 6953  0 
 6954  0 
 6955  0 
 6956  0 
 6957  0 
 6958  0 
 6959  0 
 6960  0 
 6961  0 
 6962  0 
 6963  0 
 6964  0 
 6965  0 
 6966  0 
 6967  0 
 6968  0 
 6969  0 
 6970  0 
 6971  0 
 6972  0 
 6973  0 
 6974  0 
 6975  0 
 6976  0 
 6977  0 
 6978  0 
 6979  0 
 6980  0 
 6981  0 
 6982  0 
 6983  0 
 6984  0 
 6985  0 
 6986  0 
 6987  0 
 6988  0 
 6989  0 
 6990  0 
 6991  0 
 6992  0 
 6993  0 
 6994  0 
 6995  0 
 6996  0 
 6997  0 
 6998  0 
 6999  0 
 7000  0 
 7001  0 
 7002  0 
 7003  0 
 7004  0 
 7005  0 
 7006  0 
 7007  0 
 7008  1 
 7009  0 
 7010  0 
 7011  0 
 7012  0 
 7013  0 
 7014  0 
 7015  0 
 7016  0 
 7017  0 
 7018  0 
 7019  0 
 7020  0 
 7021  0 
 7022  0 
 7023  0 
 7024  0 
 7025  0 
 7026  1 
 7027  0 
 7028  0 
 7029  0 
 7030  0 
 7031  0 
 7032  0 
 7033  0 
 7034  0 
 7035  0 
 7036  0 
 7037  0 
 7038  0 
 7039  0 
 7040  0 
 7041  0 
 7042  0 
 7043  0 
 7044  0 
 7045  0 
 7046  0 
 7047  0 
 7048  0 
 7049  0 
 7050  0 
 7051  0 
 7052  0 
 7053  0 
 7054  0 
 7055  0 
 7056  0 
 7057  0 
 7058  0 
 7059  0 
 7060  0 
 7061  1 
 7062  0 
 7063  0 
 7064  0 
 7065  0 
 7066  0 
 7067  0 
 7068  0 
 7069  0 
 7070  0 
 7071  0 
 7072  0 
 7073  0 
 7074  0 
 7075  0 
 7076  0 
 7077  0 
 7078  0 
 7079  0 
 7080  0 
 7081  0 
 7082  0 
 7083  0 
 7084  0 
 7085  0 
 7086  0 
 7087  0 
 7088  0 
 7089  0 
 7090  0 
 7091  0 
 7092  0 
 7093  0 
 7094  0 
 7095  0 
 7096  0 
 7097  0 
 7098  0 
 7099  0 
 7100  0 
 7101  0 
 7102  0 
 7103  0 
 7104  0 
 7105  0 
 7106  0 
 7107  0 
 7108  0 
 7109  0 
 7110  0 
 7111  0 
 7112  0 
 7113  0 
 7114  0 
 7115  0 
 7116  0 
 7117  0 
 7118  0 
 7119  0 
 7120  0 
 7121  0 
 7122  0 
 7123  0 
 7124  0 
 7125  0 
 7126  0 
 7127  0 
 7128  0 
 7129  0 
 7130  0 
 7131  0 
 7132  0 
 7133  0 
 7134  0 
 7135  0 
 7136  0 
 7137  0 
 7138  0 
 7139  0 
 7140  0 
 7141  0 
 7142  0 
 7143  0 
 7144  0 
 7145  0 
 7146  0 
 7147  0 
 7148  0 
 7149  0 
 7150  0 
 7151  0 
 7152  0 
 7153  0 
 7154  0 
 7155  0 
 7156  0 
 7157  0 
 7158  0 
 7159  0 
 7160  0 
 7161  0 
 7162  0 
 7163  0 
 7164  0 
 7165  0 
 7166  0 
 7167  0 
 7168  0 
 7169  0 
 7170  0 
 7171  0 
 7172  0 
 7173  0 
 7174  0 
 7175  0 
 7176  0 
 7177  0 
 7178  0 
 7179  0 
 7180  0 
 7181  0 
 7182  0 
 7183  0 
 7184  0 
 7185  0 
 7186  0 
 7187  0 
 7188  0 
 7189  0 
 7190  0 
 7191  0 
 7192  0 
 7193  0 
 7194  0 
 7195  0 
 7196  0 
 7197  0 
 7198  0 
 7199  0 
 7200  0 
 7201  0 
 7202  0 
 7203  0 
 7204  0 
 7205  0 
 7206  0 
 7207  0 
 7208  0 
 7209  0 
 7210  0 
 7211  0 
 7212  0 
 7213  0 
 7214  0 
 7215  0 
 7216  0 
 7217  0 
 7218  0 
 7219  0 
 7220  0 
 7221  0 
 7222  0 
 7223  0 
 7224  0 
 7225  0 
 7226  0 
 7227  0 
 7228  0 
 7229  0 
 7230  0 
 7231  0 
 7232  0 
 7233  0 
 7234  0 
 7235  0 
 7236  0 
 7237  0 
 7238  0 
 7239  0 
 7240  0 
 7241  0 
 7242  0 
 7243  0 
 7244  0 
 7245  0 
 7246  0 
 7247  0 
 7248  0 
 7249  0 
 7250  0 
 7251  0 
 7252  0 
 7253  0 
 7254  0 
 7255  0 
 7256  0 
 7257  0 
 7258  0 
 7259  0 
 7260  0 
 7261  0 
 7262  0 
 7263  0 
 7264  0 
 7265  0 
 7266  0 
 7267  0 
 7268  0 
 7269  0 
 7270  0 
 7271  0 
 7272  0 
 7273  0 
 7274  0 
 7275  0 
 7276  0 
 7277  0 
 7278  0 
 7279  0 
 7280  0 
 7281  0 
 7282  0 
 7283  0 
 7284  0 
 7285  0 
 7286  0 
 7287  0 
 7288  0 
 7289  0 
 7290  0 
 7291  0 
 7292  0 
 7293  0 
 7294  0 
 7295  0 
 7296  0 
 7297  0 
 7298  0 
 7299  0 
 7300  0 
 7301  0 
 7302  0 
 7303  0 
 7304  0 
 7305  0 
 7306  0 
 7307  0 
 7308  0 
 7309  0 
 7310  0 
 7311  0 
 7312  0 
 7313  0 
 7314  0 
 7315  0 
 7316  0 
 7317  0 
 7318  0 
 7319  0 
 7320  0 
 7321  0 
 7322  0 
 7323  0 
 7324  0 
 7325  0 
 7326  0 
 7327  0 
 7328  0 
 7329  0 
 7330  0 
 7331  0 
 7332  0 
 7333  0 
 7334  0 
 7335  0 
 7336  0 
 7337  0 
 7338  0 
 7339  0 
 7340  0 
 7341  0 
 7342  0 
 7343  0 
 7344  0 
 7345  0 
 7346  0 
 7347  0 
 7348  0 
 7349  0 
 7350  0 
 7351  0 
 7352  0 
 7353  0 
 7354  0 
 7355  0 
 7356  0 
 7357  0 
 7358  0 
 7359  0 
 7360  0 
 7361  0 
 7362  0 
 7363  0 
 7364  0 
 7365  0 
 7366  0 
 7367  0 
 7368  0 
 7369  0 
 7370  0 
 7371  0 
 7372  0 
 7373  0 
 7374  0 
 7375  0 
 7376  0 
 7377  0 
 7378  0 
 7379  0 
 7380  0 
 7381  0 
 7382  0 
 7383  0 
 7384  0 
 7385  0 
 7386  0 
 7387  0 
 7388  0 
 7389  0 
 7390  0 
 7391  0 
 7392  0 
 7393  0 
 7394  0 
 7395  0 
 7396  0 
 7397  0 
 7398  0 
 7399  0 
 7400  0 
 7401  0 
 7402  0 
 7403  0 
 7404  0 
 7405  0 
 7406  0 
 7407  0 
 7408  0 
 7409  0 
 7410  0 
 7411  0 
 7412  0 
 7413  0 
 7414  0 
 7415  0 
 7416  0 
 7417  0 
 7418  0 
 7419  0 
 7420  0 
 7421  0 
 7422  0 
 7423  0 
 7424  0 
 7425  0 
 7426  0 
 7427  1 
 7428  0 
 7429  0 
 7430  0 
 7431  0 
 7432  0 
 7433  0 
 7434  0 
 7435  0 
 7436  0 
 7437  0 
 7438  0 
 7439  0 
 7440  0 
 7441  0 
 7442  0 
 7443  0 
 7444  0 
 7445  0 
 7446  0 
 7447  0 
 7448  0 
 7449  0 
 7450  0 
 7451  0 
 7452  0 
 7453  0 
 7454  0 
 7455  0 
 7456  0 
 7457  0 
 7458  0 
 7459  0 
 7460  0 
 7461  0 
 7462  0 
 7463  0 
 7464  0 
 7465  0 
 7466  0 
 7467  0 
 7468  0 
 7469  0 
 7470  0 
 7471  0 
 7472  0 
 7473  0 
 7474  0 
 7475  0 
 7476  0 
 7477  0 
 7478  0 
 7479  0 
 7480  0 
 7481  0 
 7482  0 
 7483  0 
 7484  0 
 7485  0 
 7486  0 
 7487  0 
 7488  0 
 7489  0 
 7490  0 
 7491  0 
 7492  0 
 7493  0 
 7494  0 
 7495  0 
 7496  0 
 7497  0 
 7498  0 
 7499  0 
 7500  0 
 7501  0 
 7502  0 
 7503  0 
 7504  0 
 7505  0 
 7506  0 
 7507  0 
 7508  0 
 7509  0 
 7510  0 
 7511  0 
 7512  0 
 7513  0 
 7514  0 
 7515  0 
 7516  0 
 7517  0 
 7518  0 
 7519  0 
 7520  0 
 7521  0 
 7522  0 
 7523  0 
 7524  0 
 7525  1 
 7526  0 
 7527  0 
 7528  0 
 7529  0 
 7530  0 
 7531  0 
 7532  0 
 7533  0 
 7534  0 
 7535  0 
 7536  0 
 7537  0 
 7538  0 
 7539  0 
 7540  0 
 7541  0 
 7542  0 
 7543  0 
 7544  0 
 7545  0 
 7546  0 
 7547  0 
 7548  0 
 7549  0 
 7550  0 
 7551  0 
 7552  0 
 7553  0 
 7554  0 
 7555  0 
 7556  0 
 7557  0 
 7558  0 
 7559  0 
 7560  0 
 7561  0 
 7562  0 
 7563  0 
 7564  0 
 7565  0 
 7566  0 
 7567  0 
 7568  0 
 7569  0 
 7570  0 
 7571  0 
 7572  0 
 7573  0 
 7574  0 
 7575  0 
 7576  0 
 7577  0 
 7578  0 
 7579  0 
 7580  0 
 7581  0 
 7582  0 
 7583  0 
 7584  0 
 7585  0 
 7586  0 
 7587  0 
 7588  0 
 7589  0 
 7590  0 
 7591  0 
 7592  0 
 7593  0 
 7594  0 
 7595  0 
 7596  0 
 7597  0 
 7598  0 
 7599  0 
 7600  0 
 7601  0 
 7602  0 
 7603  0 
 7604  0 
 7605  0 
 7606  0 
 7607  0 
 7608  0 
 7609  0 
 7610  0 
 7611  0 
 7612  0 
 7613  0 
 7614  0 
 7615  0 
 7616  0 
 7617  0 
 7618  0 
 7619  0 
 7620  0 
 7621  0 
 7622  0 
 7623  0 
 7624  0 
 7625  0 
 7626  0 
 7627  0 
 7628  0 
 7629  0 
 7630  0 
 7631  0 
 7632  0 
 7633  0 
 7634  0 
 7635  0 
 7636  0 
 7637  0 
 7638  0 
 7639  0 
 7640  0 
 7641  0 
 7642  0 
 7643  0 
 7644  0 
 7645  0 
 7646  0 
 7647  0 
 7648  0 
 7649  0 
 7650  0 
 7651  0 
 7652  0 
 7653  0 
 7654  0 
 7655  0 
 7656  0 
 7657  0 
 7658  0 
 7659  0 
 7660  0 
 7661  0 
 7662  0 
 7663  0 
 7664  0 
 7665  0 
 7666  0 
 7667  0 
 7668  0 
 7669  0 
 7670  0 
 7671  0 
 7672  0 
 7673  0 
 7674  0 
 7675  0 
 7676  0 
 7677  0 
 7678  0 
 7679  0 
 7680  0 
 7681  0 
 7682  0 
 7683  0 
 7684  0 
 7685  0 
 7686  0 
 7687  0 
 7688  0 
 7689  0 
 7690  0 
 7691  0 
 7692  0 
 7693  0 
 7694  0 
 7695  0 
 7696  0 
 7697  0 
 7698  0 
 7699  0 
 7700  0 
 7701  0 
 7702  0 
 7703  0 
 7704  0 
 7705  0 
 7706  0 
 7707  0 
 7708  0 
 7709  0 
 7710  0 
 7711  0 
 7712  0 
 7713  1 
 7714  0 
 7715  0 
 7716  0 
 7717  0 
 7718  0 
 7719  0 
 7720  0 
 7721  0 
 7722  0 
 7723  0 
 7724  0 
 7725  0 
 7726  0 
 7727  0 
 7728  0 
 7729  0 
 7730  0 
 7731  0 
 7732  0 
 7733  0 
 7734  0 
 7735  0 
 7736  0 
 7737  0 
 7738  0 
 7739  0 
 7740  0 
 7741  0 
 7742  0 
 7743  0 
 7744  0 
 7745  0 
 7746  0 
 7747  0 
 7748  0 
 7749  0 
 7750  0 
 7751  0 
 7752  0 
 7753  0 
 7754  0 
 7755  0 
 7756  0 
 7757  0 
 7758  0 
 7759  0 
 7760  0 
 7761  1 
 7762  0 
 7763  0 
 7764  0 
 7765  0 
 7766  0 
 7767  0 
 7768  0 
 7769  0 
 7770  1 
 7771  0 
 7772  0 
 7773  0 
 7774  0 
 7775  0 
 7776  0 
 7777  0 
 7778  0 
 7779  0 
 7780  0 
 7781  0 
 7782  0 
 7783  0 
 7784  0 
 7785  0 
 7786  0 
 7787  0 
 7788  0 
 7789  0 
 7790  0 
 7791  0 
 7792  0 
 7793  0 
 7794  0 
 7795  0 
 7796  0 
 7797  0 
 7798  0 
 7799  0 
 7800  0 
 7801  0 
 7802  0 
 7803  0 
 7804  0 
 7805  0 
 7806  0 
 7807  0 
 7808  0 
 7809  0 
 7810  0 
 7811  0 
 7812  0 
 7813  0 
 7814  0 
 7815  0 
 7816  0 
 7817  1 
 7818  0 
 7819  0 
 7820  0 
 7821  0 
 7822  0 
 7823  0 
 7824  0 
 7825  0 
 7826  1 
 7827  0 
 7828  0 
 7829  0 
 7830  0 
 7831  0 
 7832  0 
 7833  0 
 7834  0 
 7835  0 
 7836  0 
 7837  0 
 7838  0 
 7839  0 
 7840  0 
 7841  0 
 7842  1 
 7843  0 
 7844  1 
 7845  0 
 7846  0 
 7847  0 
 7848  0 
 7849  1 
 7850  0 
 7851  1 
 7852  0 
 7853  0 
 7854  0 
 7855  0 
 7856  0 
 7857  0 
 7858  0 
 7859  0 
 7860  0 
 7861  0 
 7862  0 
 7863  0 
 7864  0 
 7865  0 
 7866  0 
 7867  1 
 7868  0 
 7869  0 
 7870  0 
 7871  0 
 7872  0 
 7873  0 
 7874  0 
 7875  1 
 7876  0 
 7877  0 
 7878  0 
 7879  0 
 7880  0 
 7881  0 
 7882  0 
 7883  1 
 7884  0 
 7885  0 
 7886  1 
 7887  1 
 7888  0 
 7889  0 
 7890  0 
 7891  0 
 7892  0 
 7893  0 
 7894  0 
 7895  0 
 7896  0 
 7897  0 
 7898  0 
 7899  2 
 7900  0 
 7901  0 
 7902  0 
 7903  0 
 7904  0 
 7905  0 
 7906  0 
 7907  1 
 7908  0 
 7909  1 
 7910  1 
 7911  0 
 7912  0 
 7913  0 
 7914  0 
 7915  0 
 7916  0 
 7917  1 
 7918  0 
 7919  0 
 7920  1 
 7921  0 
 7922  0 
 7923  1 
 7924  0 
 7925  1 
 7926  0 
 7927  0 
 7928  0 
 7929  0 
 7930  0 
 7931  0 
 7932  1 
 7933  0 
 7934  0 
 7935  0 
 7936  0 
 7937  1 
 7938  0 
 7939  0 
 7940  0 
 7941  0 
 7942  1 
 7943  0 
 7944  0 
 7945  0 
 7946  1 
 7947  0 
 7948  0 
 7949  0 
 7950  0 
 7951  0 
 7952  1 
 7953  0 
 7954  0 
 7955  0 
 7956  0 
 7957  0 
 7958  0 
 7959  0 
 7960  0 
 7961  0 
 7962  0 
 7963  0 
 7964  1 
 7965  0 
 7966  0 
 7967  1 
 7968  0 
 7969  0 
 7970  0 
 7971  0 
 7972  0 
 7973  0 
 7974  0 
 7975  0 
 7976  0 
 7977  0 
 7978  0 
 7979  0 
 7980  0 
 7981  1 
 7982  1 
 7983  0 
 7984  0 
 7985  1 
 7986  1 
 7987  0 
 7988  2 
 7989  0 
 7990  1 
 7991  0 
 7992  0 
 7993  0 
 7994  0 
 7995  0 
 7996  0 
 7997  0 
 7998  0 
 7999  0 
 8000  1 
 8001  1 
 8002  0 
 8003  0 
 8004  0 
 8005  1 
 8006  1 
 8007  0 
 8008  1 
 8009  0 
 8010  0 
 8011  2 
 8012  2 
 8013  0 
 8014  0 
 8015  0 
 8016  0 
 8017  0 
 8018  0 
 8019  1 
 8020  0 
 8021  0 
 8022  0 
 8023  0 
 8024  0 
 8025  0 
 8026  0 
 8027  0 
 8028  1 
 8029  0 
 8030  1 
 8031  0 
 8032  1 
 8033  0 
 8034  0 
 8035  0 
 8036  0 
 8037  0 
 8038  1 
 8039  0 
 8040  0 
 8041  1 
 8042  0 
 8043  0 
 8044  1 
 8045  1 
 8046  1 
 8047  0 
 8048  1 
 8049  1 
 8050  1 
 8051  0 
 8052  0 
 8053  0 
 8054  0 
 8055  0 
 8056  0 
 8057  0 
 8058  1 
 8059  0 
 8060  1 
 8061  0 
 8062  0 
 8063  0 
 8064  1 
 8065  0 
 8066  0 
 8067  0 
 8068  0 
 8069  1 
 8070  0 
 8071  0 
 8072  1 
 8073  0 
 8074  0 
 8075  1 
 8076  0 
 8077  0 
 8078  0 
 8079  0 
 8080  1 
 8081  0 
 8082  0 
 8083  0 
 8084  1 
 8085  0 
 8086  0 
 8087  0 
 8088  0 
 8089  0 
 8090  0 
 8091  0 
 8092  0 
 8093  0 
 8094  0 
 8095  0 
 8096  0 
 8097  0 
 8098  0 
 8099  0 
 8100  0 
 8101  0 
 8102  0 
 8103  0 
 8104  0 
 8105  0 
 8106  0 
 8107  0 
 8108  0 
 8109  1 
 8110  0 
 8111  0 
 8112  0 
 8113  0 
 8114  0 
 8115  0 
 8116  1 
 8117  0 
 8118  0 
 8119  0 
 8120  1 
 8121  0 
 8122  0 
 8123  0 
 8124  0 
 8125  0 
 8126  0 
 8127  0 
 8128  0 
 8129  0 
 8130  0 
 8131  0 
 8132  0 
 8133  0 
 8134  0 
 8135  0 
 8136  0 
 8137  0 
 8138  0 
 8139  0 
 8140  0 
 8141  1 
 8142  0 
 8143  1 
 8144  0 
 8145  0 
 8146  0 
 8147  0 
 8148  0 
 8149  0 
 8150  0 
 8151  0 
 8152  0 
 8153  0 
 8154  0 
 8155  0 
 8156  0 
 8157  0 
 8158  0 
 8159  0 
 8160  0 
 8161  0 
 8162  0 
 8163  0 
 8164  0 
 8165  0 
 8166  0 
 8167  0 
 8168  0 
 8169  0 
 8170  0 
 8171  0 
 8172  0 
 8173  0 
 8174  0 
 8175  0 
 8176  0 
 8177  0 
 8178  1 
 8179  0 
 8180  1 
 8181  0 
 8182  0 
 8183  0 
 8184  0 
 8185  0 
 8186  0 
 8187  0 
 8188  0 
 8189  0 
 8190  0 
 8191  0 
