 0  984 
 1  995 
 2  0 
 3  0 
 4  0 
 5  0 
 6  0 
 7  0 
 8  0 
 9  0 
 10  0 
 11  0 
 12  0 
 13  0 
 14  0 
 15  0 
 16  0 
 17  0 
 18  0 
 19  0 
 20  0 
 21  0 
 22  0 
 23  0 
 24  0 
 25  0 
 26  0 
 27  0 
 28  0 
 29  0 
 30  0 
 31  0 
 32  0 
 33  0 
 34  0 
 35  0 
 36  0 
 37  0 
 38  0 
 39  0 
 40  0 
 41  0 
 42  0 
 43  0 
 44  0 
 45  0 
 46  0 
 47  0 
 48  0 
 49  0 
 50  0 
 51  0 
 52  0 
 53  0 
 54  0 
 55  0 
 56  0 
 57  0 
 58  0 
 59  0 
 60  0 
 61  0 
 62  0 
 63  0 
 64  0 
 65  0 
 66  0 
 67  0 
 68  0 
 69  0 
 70  0 
 71  0 
 72  0 
 73  0 
 74  0 
 75  0 
 76  0 
 77  0 
 78  0 
 79  0 
 80  0 
 81  0 
 82  0 
 83  0 
 84  0 
 85  0 
 86  0 
 87  0 
 88  0 
 89  0 
 90  0 
 91  0 
 92  0 
 93  0 
 94  0 
 95  0 
 96  0 
 97  0 
 98  0 
 99  0 
 100  0 
 101  0 
 102  0 
 103  0 
 104  0 
 105  0 
 106  0 
 107  0 
 108  0 
 109  0 
 110  0 
 111  0 
 112  0 
 113  0 
 114  0 
 115  0 
 116  0 
 117  0 
 118  0 
 119  0 
 120  0 
 121  0 
 122  0 
 123  0 
 124  0 
 125  0 
 126  0 
 127  0 
 128  0 
 129  0 
 130  0 
 131  0 
 132  0 
 133  0 
 134  0 
 135  0 
 136  0 
 137  0 
 138  0 
 139  0 
 140  0 
 141  0 
 142  0 
 143  0 
 144  0 
 145  0 
 146  0 
 147  0 
 148  0 
 149  0 
 150  0 
 151  0 
 152  0 
 153  0 
 154  0 
 155  0 
 156  0 
 157  0 
 158  0 
 159  0 
 160  0 
 161  0 
 162  0 
 163  0 
 164  0 
 165  0 
 166  0 
 167  0 
 168  0 
 169  0 
 170  0 
 171  0 
 172  0 
 173  0 
 174  0 
 175  0 
 176  0 
 177  0 
 178  0 
 179  0 
 180  0 
 181  0 
 182  0 
 183  0 
 184  0 
 185  0 
 186  0 
 187  0 
 188  0 
 189  0 
 190  0 
 191  0 
 192  0 
 193  0 
 194  0 
 195  0 
 196  0 
 197  0 
 198  0 
 199  0 
 200  0 
 201  0 
 202  0 
 203  0 
 204  0 
 205  0 
 206  0 
 207  0 
 208  0 
 209  0 
 210  0 
 211  0 
 212  0 
 213  0 
 214  0 
 215  0 
 216  0 
 217  0 
 218  0 
 219  0 
 220  0 
 221  0 
 222  0 
 223  0 
 224  0 
 225  0 
 226  0 
 227  0 
 228  0 
 229  0 
 230  0 
 231  0 
 232  0 
 233  0 
 234  0 
 235  0 
 236  0 
 237  0 
 238  0 
 239  0 
 240  0 
 241  0 
 242  0 
 243  0 
 244  0 
 245  0 
 246  0 
 247  0 
 248  0 
 249  0 
 250  0 
 251  2 
 252  74 
 253  127 
 254  146 
 255  124 
 256  137 
 257  134 
 258  123 
 259  118 
 260  120 
 261  99 
 262  124 
 263  107 
 264  121 
 265  119 
 266  120 
 267  94 
 268  128 
 269  121 
 270  105 
 271  108 
 272  96 
 273  97 
 274  99 
 275  85 
 276  80 
 277  83 
 278  94 
 279  85 
 280  102 
 281  70 
 282  87 
 283  89 
 284  78 
 285  87 
 286  64 
 287  96 
 288  78 
 289  70 
 290  67 
 291  76 
 292  98 
 293  78 
 294  74 
 295  75 
 296  78 
 297  66 
 298  64 
 299  78 
 300  69 
 301  57 
 302  58 
 303  61 
 304  77 
 305  69 
 306  63 
 307  60 
 308  74 
 309  71 
 310  68 
 311  67 
 312  63 
 313  55 
 314  64 
 315  74 
 316  57 
 317  63 
 318  75 
 319  59 
 320  64 
 321  60 
 322  56 
 323  53 
 324  62 
 325  79 
 326  48 
 327  55 
 328  76 
 329  56 
 330  69 
 331  62 
 332  61 
 333  58 
 334  59 
 335  64 
 336  50 
 337  51 
 338  45 
 339  56 
 340  56 
 341  63 
 342  96 
 343  83 
 344  68 
 345  64 
 346  69 
 347  55 
 348  56 
 349  65 
 350  60 
 351  55 
 352  70 
 353  56 
 354  54 
 355  69 
 356  76 
 357  56 
 358  60 
 359  48 
 360  46 
 361  58 
 362  60 
 363  55 
 364  55 
 365  56 
 366  57 
 367  39 
 368  69 
 369  63 
 370  69 
 371  63 
 372  59 
 373  72 
 374  57 
 375  47 
 376  73 
 377  63 
 378  55 
 379  55 
 380  63 
 381  64 
 382  58 
 383  54 
 384  59 
 385  58 
 386  65 
 387  65 
 388  49 
 389  64 
 390  70 
 391  69 
 392  63 
 393  68 
 394  72 
 395  59 
 396  60 
 397  72 
 398  66 
 399  78 
 400  70 
 401  66 
 402  65 
 403  60 
 404  61 
 405  67 
 406  70 
 407  85 
 408  87 
 409  84 
 410  63 
 411  76 
 412  80 
 413  81 
 414  73 
 415  68 
 416  78 
 417  71 
 418  88 
 419  68 
 420  78 
 421  76 
 422  77 
 423  100 
 424  73 
 425  84 
 426  100 
 427  80 
 428  68 
 429  81 
 430  89 
 431  92 
 432  82 
 433  97 
 434  103 
 435  113 
 436  115 
 437  105 
 438  104 
 439  88 
 440  109 
 441  119 
 442  133 
 443  103 
 444  115 
 445  127 
 446  136 
 447  127 
 448  148 
 449  142 
 450  137 
 451  132 
 452  148 
 453  152 
 454  153 
 455  159 
 456  156 
 457  167 
 458  139 
 459  166 
 460  172 
 461  180 
 462  182 
 463  175 
 464  192 
 465  184 
 466  228 
 467  199 
 468  245 
 469  246 
 470  213 
 471  207 
 472  262 
 473  229 
 474  246 
 475  254 
 476  243 
 477  260 
 478  278 
 479  305 
 480  305 
 481  319 
 482  286 
 483  288 
 484  315 
 485  330 
 486  318 
 487  317 
 488  356 
 489  319 
 490  363 
 491  359 
 492  395 
 493  411 
 494  424 
 495  383 
 496  410 
 497  424 
 498  435 
 499  421 
 500  430 
 501  410 
 502  413 
 503  426 
 504  430 
 505  459 
 506  421 
 507  427 
 508  452 
 509  414 
 510  449 
 511  439 
 512  398 
 513  418 
 514  429 
 515  436 
 516  391 
 517  433 
 518  381 
 519  407 
 520  384 
 521  407 
 522  397 
 523  388 
 524  355 
 525  366 
 526  359 
 527  370 
 528  331 
 529  319 
 530  353 
 531  287 
 532  306 
 533  300 
 534  296 
 535  309 
 536  316 
 537  272 
 538  262 
 539  252 
 540  256 
 541  244 
 542  239 
 543  206 
 544  212 
 545  199 
 546  200 
 547  194 
 548  188 
 549  179 
 550  172 
 551  151 
 552  142 
 553  145 
 554  135 
 555  126 
 556  121 
 557  122 
 558  106 
 559  107 
 560  104 
 561  115 
 562  93 
 563  79 
 564  93 
 565  93 
 566  80 
 567  57 
 568  77 
 569  62 
 570  81 
 571  71 
 572  75 
 573  53 
 574  57 
 575  60 
 576  45 
 577  48 
 578  51 
 579  60 
 580  47 
 581  59 
 582  40 
 583  43 
 584  58 
 585  32 
 586  50 
 587  38 
 588  59 
 589  54 
 590  47 
 591  57 
 592  51 
 593  45 
 594  41 
 595  33 
 596  30 
 597  54 
 598  40 
 599  42 
 600  44 
 601  41 
 602  46 
 603  41 
 604  27 
 605  42 
 606  34 
 607  42 
 608  34 
 609  40 
 610  34 
 611  37 
 612  35 
 613  43 
 614  35 
 615  38 
 616  38 
 617  25 
 618  50 
 619  34 
 620  31 
 621  39 
 622  33 
 623  40 
 624  31 
 625  48 
 626  37 
 627  40 
 628  33 
 629  27 
 630  33 
 631  40 
 632  34 
 633  39 
 634  26 
 635  40 
 636  41 
 637  46 
 638  26 
 639  33 
 640  31 
 641  31 
 642  36 
 643  40 
 644  34 
 645  25 
 646  38 
 647  20 
 648  34 
 649  35 
 650  26 
 651  34 
 652  27 
 653  29 
 654  31 
 655  22 
 656  39 
 657  24 
 658  34 
 659  25 
 660  26 
 661  26 
 662  27 
 663  30 
 664  32 
 665  30 
 666  37 
 667  30 
 668  25 
 669  40 
 670  21 
 671  33 
 672  29 
 673  32 
 674  35 
 675  36 
 676  27 
 677  38 
 678  30 
 679  34 
 680  29 
 681  23 
 682  33 
 683  24 
 684  42 
 685  42 
 686  45 
 687  29 
 688  24 
 689  30 
 690  26 
 691  29 
 692  31 
 693  35 
 694  26 
 695  33 
 696  31 
 697  28 
 698  32 
 699  17 
 700  31 
 701  32 
 702  31 
 703  34 
 704  32 
 705  31 
 706  36 
 707  38 
 708  34 
 709  35 
 710  33 
 711  28 
 712  32 
 713  36 
 714  19 
 715  28 
 716  31 
 717  29 
 718  29 
 719  25 
 720  29 
 721  33 
 722  28 
 723  33 
 724  34 
 725  32 
 726  25 
 727  30 
 728  29 
 729  26 
 730  33 
 731  41 
 732  35 
 733  39 
 734  28 
 735  27 
 736  31 
 737  30 
 738  25 
 739  25 
 740  26 
 741  32 
 742  32 
 743  24 
 744  38 
 745  27 
 746  24 
 747  27 
 748  28 
 749  31 
 750  41 
 751  23 
 752  30 
 753  31 
 754  29 
 755  32 
 756  27 
 757  24 
 758  24 
 759  21 
 760  29 
 761  40 
 762  34 
 763  31 
 764  31 
 765  28 
 766  34 
 767  23 
 768  27 
 769  31 
 770  22 
 771  33 
 772  28 
 773  26 
 774  30 
 775  37 
 776  31 
 777  25 
 778  30 
 779  28 
 780  30 
 781  38 
 782  34 
 783  22 
 784  28 
 785  26 
 786  40 
 787  37 
 788  28 
 789  29 
 790  33 
 791  17 
 792  30 
 793  32 
 794  31 
 795  28 
 796  26 
 797  26 
 798  27 
 799  37 
 800  18 
 801  25 
 802  36 
 803  30 
 804  22 
 805  37 
 806  38 
 807  36 
 808  30 
 809  24 
 810  27 
 811  31 
 812  16 
 813  28 
 814  35 
 815  25 
 816  19 
 817  34 
 818  35 
 819  28 
 820  38 
 821  34 
 822  30 
 823  30 
 824  27 
 825  32 
 826  31 
 827  30 
 828  30 
 829  31 
 830  31 
 831  18 
 832  36 
 833  24 
 834  32 
 835  26 
 836  27 
 837  19 
 838  30 
 839  24 
 840  27 
 841  27 
 842  32 
 843  27 
 844  31 
 845  23 
 846  25 
 847  22 
 848  25 
 849  25 
 850  20 
 851  26 
 852  20 
 853  20 
 854  21 
 855  35 
 856  25 
 857  33 
 858  21 
 859  21 
 860  25 
 861  25 
 862  21 
 863  20 
 864  26 
 865  42 
 866  33 
 867  20 
 868  32 
 869  28 
 870  24 
 871  21 
 872  31 
 873  30 
 874  27 
 875  20 
 876  18 
 877  22 
 878  29 
 879  29 
 880  22 
 881  37 
 882  13 
 883  21 
 884  25 
 885  24 
 886  32 
 887  29 
 888  21 
 889  28 
 890  33 
 891  18 
 892  24 
 893  31 
 894  26 
 895  38 
 896  25 
 897  18 
 898  23 
 899  22 
 900  28 
 901  25 
 902  28 
 903  29 
 904  35 
 905  23 
 906  20 
 907  31 
 908  23 
 909  36 
 910  25 
 911  26 
 912  30 
 913  29 
 914  26 
 915  23 
 916  24 
 917  22 
 918  30 
 919  25 
 920  25 
 921  27 
 922  32 
 923  24 
 924  30 
 925  22 
 926  36 
 927  22 
 928  27 
 929  25 
 930  23 
 931  19 
 932  33 
 933  25 
 934  23 
 935  42 
 936  28 
 937  24 
 938  21 
 939  30 
 940  22 
 941  26 
 942  32 
 943  34 
 944  33 
 945  20 
 946  19 
 947  31 
 948  22 
 949  22 
 950  30 
 951  18 
 952  16 
 953  30 
 954  27 
 955  23 
 956  26 
 957  26 
 958  27 
 959  31 
 960  24 
 961  27 
 962  28 
 963  22 
 964  24 
 965  22 
 966  20 
 967  21 
 968  28 
 969  23 
 970  24 
 971  19 
 972  32 
 973  17 
 974  21 
 975  29 
 976  20 
 977  17 
 978  27 
 979  26 
 980  26 
 981  19 
 982  23 
 983  28 
 984  25 
 985  19 
 986  29 
 987  22 
 988  24 
 989  22 
 990  35 
 991  32 
 992  25 
 993  34 
 994  29 
 995  33 
 996  19 
 997  17 
 998  24 
 999  18 
 1000  20 
 1001  23 
 1002  34 
 1003  31 
 1004  26 
 1005  24 
 1006  20 
 1007  29 
 1008  22 
 1009  27 
 1010  29 
 1011  26 
 1012  31 
 1013  20 
 1014  20 
 1015  37 
 1016  28 
 1017  27 
 1018  23 
 1019  27 
 1020  25 
 1021  34 
 1022  21 
 1023  28 
 1024  26 
 1025  26 
 1026  16 
 1027  19 
 1028  19 
 1029  22 
 1030  34 
 1031  24 
 1032  30 
 1033  28 
 1034  28 
 1035  25 
 1036  23 
 1037  30 
 1038  21 
 1039  30 
 1040  28 
 1041  24 
 1042  29 
 1043  28 
 1044  25 
 1045  25 
 1046  27 
 1047  28 
 1048  19 
 1049  24 
 1050  20 
 1051  23 
 1052  33 
 1053  23 
 1054  23 
 1055  24 
 1056  35 
 1057  30 
 1058  19 
 1059  27 
 1060  22 
 1061  24 
 1062  26 
 1063  29 
 1064  20 
 1065  29 
 1066  19 
 1067  23 
 1068  20 
 1069  24 
 1070  27 
 1071  22 
 1072  25 
 1073  25 
 1074  36 
 1075  19 
 1076  21 
 1077  20 
 1078  18 
 1079  36 
 1080  27 
 1081  25 
 1082  18 
 1083  23 
 1084  19 
 1085  18 
 1086  31 
 1087  22 
 1088  19 
 1089  39 
 1090  15 
 1091  23 
 1092  23 
 1093  28 
 1094  22 
 1095  21 
 1096  23 
 1097  17 
 1098  29 
 1099  24 
 1100  25 
 1101  25 
 1102  24 
 1103  29 
 1104  20 
 1105  23 
 1106  23 
 1107  30 
 1108  23 
 1109  14 
 1110  35 
 1111  31 
 1112  24 
 1113  20 
 1114  30 
 1115  22 
 1116  25 
 1117  34 
 1118  27 
 1119  23 
 1120  22 
 1121  20 
 1122  19 
 1123  29 
 1124  26 
 1125  22 
 1126  17 
 1127  29 
 1128  22 
 1129  19 
 1130  32 
 1131  17 
 1132  23 
 1133  21 
 1134  23 
 1135  23 
 1136  27 
 1137  28 
 1138  18 
 1139  19 
 1140  18 
 1141  21 
 1142  16 
 1143  35 
 1144  23 
 1145  27 
 1146  21 
 1147  22 
 1148  25 
 1149  27 
 1150  13 
 1151  29 
 1152  27 
 1153  22 
 1154  23 
 1155  20 
 1156  26 
 1157  25 
 1158  19 
 1159  21 
 1160  20 
 1161  29 
 1162  22 
 1163  20 
 1164  16 
 1165  36 
 1166  22 
 1167  25 
 1168  31 
 1169  16 
 1170  19 
 1171  18 
 1172  37 
 1173  15 
 1174  23 
 1175  21 
 1176  19 
 1177  20 
 1178  20 
 1179  18 
 1180  22 
 1181  22 
 1182  16 
 1183  16 
 1184  23 
 1185  13 
 1186  22 
 1187  29 
 1188  23 
 1189  19 
 1190  30 
 1191  33 
 1192  16 
 1193  23 
 1194  22 
 1195  23 
 1196  16 
 1197  23 
 1198  29 
 1199  21 
 1200  24 
 1201  23 
 1202  21 
 1203  17 
 1204  20 
 1205  20 
 1206  16 
 1207  24 
 1208  21 
 1209  22 
 1210  27 
 1211  19 
 1212  21 
 1213  26 
 1214  13 
 1215  19 
 1216  15 
 1217  20 
 1218  24 
 1219  35 
 1220  18 
 1221  22 
 1222  29 
 1223  21 
 1224  15 
 1225  25 
 1226  24 
 1227  24 
 1228  23 
 1229  20 
 1230  24 
 1231  35 
 1232  20 
 1233  15 
 1234  22 
 1235  21 
 1236  26 
 1237  21 
 1238  13 
 1239  27 
 1240  26 
 1241  20 
 1242  17 
 1243  23 
 1244  19 
 1245  26 
 1246  23 
 1247  20 
 1248  22 
 1249  23 
 1250  26 
 1251  19 
 1252  21 
 1253  14 
 1254  24 
 1255  26 
 1256  22 
 1257  18 
 1258  31 
 1259  13 
 1260  23 
 1261  23 
 1262  25 
 1263  24 
 1264  20 
 1265  25 
 1266  23 
 1267  17 
 1268  17 
 1269  18 
 1270  23 
 1271  22 
 1272  20 
 1273  20 
 1274  27 
 1275  28 
 1276  16 
 1277  21 
 1278  29 
 1279  27 
 1280  28 
 1281  17 
 1282  28 
 1283  18 
 1284  17 
 1285  22 
 1286  20 
 1287  25 
 1288  16 
 1289  18 
 1290  22 
 1291  29 
 1292  19 
 1293  21 
 1294  20 
 1295  22 
 1296  19 
 1297  14 
 1298  32 
 1299  23 
 1300  19 
 1301  24 
 1302  20 
 1303  21 
 1304  23 
 1305  20 
 1306  15 
 1307  24 
 1308  22 
 1309  16 
 1310  21 
 1311  21 
 1312  17 
 1313  21 
 1314  22 
 1315  23 
 1316  20 
 1317  26 
 1318  18 
 1319  26 
 1320  17 
 1321  19 
 1322  21 
 1323  27 
 1324  15 
 1325  20 
 1326  23 
 1327  28 
 1328  28 
 1329  21 
 1330  19 
 1331  21 
 1332  20 
 1333  19 
 1334  24 
 1335  16 
 1336  26 
 1337  18 
 1338  24 
 1339  16 
 1340  24 
 1341  30 
 1342  24 
 1343  25 
 1344  23 
 1345  26 
 1346  24 
 1347  24 
 1348  16 
 1349  20 
 1350  24 
 1351  24 
 1352  20 
 1353  14 
 1354  20 
 1355  23 
 1356  22 
 1357  32 
 1358  27 
 1359  21 
 1360  18 
 1361  14 
 1362  19 
 1363  19 
 1364  22 
 1365  20 
 1366  24 
 1367  27 
 1368  27 
 1369  15 
 1370  27 
 1371  21 
 1372  28 
 1373  18 
 1374  20 
 1375  23 
 1376  20 
 1377  17 
 1378  26 
 1379  21 
 1380  16 
 1381  14 
 1382  24 
 1383  24 
 1384  23 
 1385  27 
 1386  23 
 1387  20 
 1388  28 
 1389  27 
 1390  17 
 1391  23 
 1392  25 
 1393  29 
 1394  27 
 1395  20 
 1396  29 
 1397  32 
 1398  15 
 1399  15 
 1400  20 
 1401  13 
 1402  20 
 1403  29 
 1404  23 
 1405  23 
 1406  20 
 1407  20 
 1408  18 
 1409  15 
 1410  28 
 1411  21 
 1412  26 
 1413  20 
 1414  23 
 1415  25 
 1416  19 
 1417  28 
 1418  19 
 1419  19 
 1420  19 
 1421  23 
 1422  24 
 1423  14 
 1424  24 
 1425  27 
 1426  24 
 1427  22 
 1428  22 
 1429  25 
 1430  19 
 1431  22 
 1432  13 
 1433  27 
 1434  19 
 1435  11 
 1436  24 
 1437  20 
 1438  27 
 1439  17 
 1440  22 
 1441  24 
 1442  17 
 1443  21 
 1444  25 
 1445  17 
 1446  22 
 1447  13 
 1448  15 
 1449  15 
 1450  15 
 1451  23 
 1452  16 
 1453  22 
 1454  21 
 1455  21 
 1456  23 
 1457  23 
 1458  24 
 1459  17 
 1460  24 
 1461  15 
 1462  23 
 1463  26 
 1464  18 
 1465  24 
 1466  22 
 1467  16 
 1468  22 
 1469  26 
 1470  25 
 1471  17 
 1472  26 
 1473  26 
 1474  14 
 1475  18 
 1476  20 
 1477  19 
 1478  23 
 1479  23 
 1480  22 
 1481  21 
 1482  18 
 1483  23 
 1484  15 
 1485  15 
 1486  13 
 1487  28 
 1488  25 
 1489  22 
 1490  17 
 1491  24 
 1492  21 
 1493  14 
 1494  17 
 1495  18 
 1496  22 
 1497  17 
 1498  21 
 1499  27 
 1500  18 
 1501  12 
 1502  20 
 1503  7 
 1504  20 
 1505  23 
 1506  21 
 1507  21 
 1508  18 
 1509  19 
 1510  10 
 1511  16 
 1512  18 
 1513  24 
 1514  17 
 1515  19 
 1516  25 
 1517  17 
 1518  29 
 1519  25 
 1520  15 
 1521  15 
 1522  17 
 1523  23 
 1524  18 
 1525  12 
 1526  20 
 1527  25 
 1528  19 
 1529  22 
 1530  12 
 1531  16 
 1532  29 
 1533  18 
 1534  13 
 1535  25 
 1536  20 
 1537  35 
 1538  17 
 1539  20 
 1540  13 
 1541  19 
 1542  14 
 1543  20 
 1544  14 
 1545  16 
 1546  27 
 1547  21 
 1548  22 
 1549  17 
 1550  20 
 1551  19 
 1552  22 
 1553  12 
 1554  27 
 1555  34 
 1556  23 
 1557  15 
 1558  19 
 1559  25 
 1560  22 
 1561  19 
 1562  27 
 1563  18 
 1564  21 
 1565  21 
 1566  16 
 1567  18 
 1568  19 
 1569  13 
 1570  22 
 1571  21 
 1572  14 
 1573  17 
 1574  22 
 1575  28 
 1576  19 
 1577  34 
 1578  17 
 1579  26 
 1580  23 
 1581  20 
 1582  15 
 1583  19 
 1584  25 
 1585  22 
 1586  24 
 1587  23 
 1588  29 
 1589  16 
 1590  17 
 1591  29 
 1592  15 
 1593  14 
 1594  16 
 1595  22 
 1596  18 
 1597  24 
 1598  20 
 1599  21 
 1600  16 
 1601  17 
 1602  16 
 1603  19 
 1604  22 
 1605  21 
 1606  16 
 1607  18 
 1608  14 
 1609  26 
 1610  17 
 1611  23 
 1612  20 
 1613  20 
 1614  17 
 1615  15 
 1616  23 
 1617  19 
 1618  22 
 1619  14 
 1620  17 
 1621  21 
 1622  17 
 1623  23 
 1624  22 
 1625  17 
 1626  21 
 1627  20 
 1628  25 
 1629  12 
 1630  17 
 1631  23 
 1632  19 
 1633  16 
 1634  17 
 1635  27 
 1636  18 
 1637  16 
 1638  21 
 1639  21 
 1640  15 
 1641  11 
 1642  19 
 1643  22 
 1644  15 
 1645  16 
 1646  11 
 1647  22 
 1648  5 
 1649  15 
 1650  21 
 1651  24 
 1652  16 
 1653  23 
 1654  20 
 1655  21 
 1656  20 
 1657  22 
 1658  26 
 1659  20 
 1660  22 
 1661  15 
 1662  22 
 1663  15 
 1664  12 
 1665  19 
 1666  20 
 1667  23 
 1668  22 
 1669  18 
 1670  19 
 1671  22 
 1672  18 
 1673  27 
 1674  14 
 1675  23 
 1676  21 
 1677  24 
 1678  19 
 1679  18 
 1680  23 
 1681  21 
 1682  19 
 1683  18 
 1684  16 
 1685  23 
 1686  17 
 1687  17 
 1688  21 
 1689  25 
 1690  13 
 1691  16 
 1692  21 
 1693  21 
 1694  11 
 1695  19 
 1696  24 
 1697  15 
 1698  23 
 1699  20 
 1700  13 
 1701  17 
 1702  15 
 1703  18 
 1704  13 
 1705  18 
 1706  24 
 1707  19 
 1708  18 
 1709  39 
 1710  20 
 1711  20 
 1712  17 
 1713  24 
 1714  29 
 1715  16 
 1716  17 
 1717  20 
 1718  16 
 1719  13 
 1720  12 
 1721  26 
 1722  20 
 1723  22 
 1724  21 
 1725  17 
 1726  22 
 1727  19 
 1728  14 
 1729  30 
 1730  19 
 1731  17 
 1732  18 
 1733  17 
 1734  24 
 1735  18 
 1736  28 
 1737  25 
 1738  18 
 1739  18 
 1740  20 
 1741  19 
 1742  21 
 1743  20 
 1744  15 
 1745  17 
 1746  20 
 1747  21 
 1748  14 
 1749  21 
 1750  18 
 1751  27 
 1752  15 
 1753  20 
 1754  20 
 1755  16 
 1756  18 
 1757  18 
 1758  13 
 1759  22 
 1760  18 
 1761  12 
 1762  15 
 1763  24 
 1764  23 
 1765  14 
 1766  23 
 1767  13 
 1768  22 
 1769  20 
 1770  18 
 1771  20 
 1772  18 
 1773  17 
 1774  20 
 1775  17 
 1776  22 
 1777  19 
 1778  13 
 1779  18 
 1780  22 
 1781  18 
 1782  22 
 1783  17 
 1784  14 
 1785  23 
 1786  16 
 1787  17 
 1788  12 
 1789  23 
 1790  19 
 1791  15 
 1792  20 
 1793  17 
 1794  18 
 1795  20 
 1796  22 
 1797  18 
 1798  17 
 1799  25 
 1800  16 
 1801  19 
 1802  21 
 1803  21 
 1804  19 
 1805  26 
 1806  21 
 1807  30 
 1808  24 
 1809  16 
 1810  26 
 1811  19 
 1812  15 
 1813  14 
 1814  24 
 1815  25 
 1816  18 
 1817  11 
 1818  19 
 1819  19 
 1820  28 
 1821  17 
 1822  25 
 1823  16 
 1824  17 
 1825  22 
 1826  20 
 1827  17 
 1828  22 
 1829  20 
 1830  18 
 1831  17 
 1832  20 
 1833  19 
 1834  14 
 1835  30 
 1836  15 
 1837  20 
 1838  16 
 1839  17 
 1840  19 
 1841  22 
 1842  21 
 1843  21 
 1844  21 
 1845  16 
 1846  18 
 1847  16 
 1848  19 
 1849  20 
 1850  16 
 1851  14 
 1852  26 
 1853  27 
 1854  23 
 1855  22 
 1856  18 
 1857  25 
 1858  18 
 1859  11 
 1860  22 
 1861  21 
 1862  21 
 1863  23 
 1864  18 
 1865  20 
 1866  24 
 1867  23 
 1868  13 
 1869  18 
 1870  22 
 1871  19 
 1872  19 
 1873  21 
 1874  12 
 1875  20 
 1876  22 
 1877  19 
 1878  27 
 1879  13 
 1880  17 
 1881  19 
 1882  19 
 1883  26 
 1884  10 
 1885  18 
 1886  16 
 1887  20 
 1888  15 
 1889  14 
 1890  25 
 1891  21 
 1892  11 
 1893  16 
 1894  14 
 1895  15 
 1896  13 
 1897  20 
 1898  14 
 1899  16 
 1900  18 
 1901  25 
 1902  14 
 1903  23 
 1904  9 
 1905  16 
 1906  18 
 1907  21 
 1908  18 
 1909  12 
 1910  21 
 1911  19 
 1912  23 
 1913  13 
 1914  17 
 1915  24 
 1916  22 
 1917  10 
 1918  13 
 1919  14 
 1920  16 
 1921  17 
 1922  12 
 1923  16 
 1924  16 
 1925  20 
 1926  16 
 1927  16 
 1928  22 
 1929  18 
 1930  19 
 1931  19 
 1932  13 
 1933  9 
 1934  20 
 1935  27 
 1936  17 
 1937  12 
 1938  20 
 1939  15 
 1940  16 
 1941  16 
 1942  14 
 1943  13 
 1944  25 
 1945  14 
 1946  21 
 1947  18 
 1948  25 
 1949  19 
 1950  10 
 1951  25 
 1952  18 
 1953  20 
 1954  18 
 1955  17 
 1956  16 
 1957  18 
 1958  12 
 1959  18 
 1960  18 
 1961  22 
 1962  10 
 1963  18 
 1964  18 
 1965  18 
 1966  18 
 1967  23 
 1968  15 
 1969  19 
 1970  19 
 1971  11 
 1972  20 
 1973  15 
 1974  10 
 1975  13 
 1976  22 
 1977  19 
 1978  17 
 1979  10 
 1980  17 
 1981  15 
 1982  19 
 1983  23 
 1984  19 
 1985  22 
 1986  18 
 1987  17 
 1988  17 
 1989  17 
 1990  22 
 1991  20 
 1992  18 
 1993  15 
 1994  22 
 1995  20 
 1996  17 
 1997  17 
 1998  15 
 1999  20 
 2000  19 
 2001  19 
 2002  12 
 2003  17 
 2004  16 
 2005  13 
 2006  18 
 2007  16 
 2008  11 
 2009  16 
 2010  28 
 2011  25 
 2012  14 
 2013  16 
 2014  25 
 2015  10 
 2016  12 
 2017  13 
 2018  13 
 2019  22 
 2020  18 
 2021  23 
 2022  12 
 2023  13 
 2024  17 
 2025  11 
 2026  14 
 2027  20 
 2028  16 
 2029  23 
 2030  17 
 2031  8 
 2032  19 
 2033  19 
 2034  11 
 2035  10 
 2036  15 
 2037  13 
 2038  13 
 2039  15 
 2040  21 
 2041  19 
 2042  15 
 2043  12 
 2044  14 
 2045  22 
 2046  21 
 2047  21 
 2048  17 
 2049  18 
 2050  19 
 2051  13 
 2052  14 
 2053  24 
 2054  19 
 2055  15 
 2056  16 
 2057  15 
 2058  19 
 2059  13 
 2060  12 
 2061  13 
 2062  14 
 2063  20 
 2064  15 
 2065  13 
 2066  21 
 2067  17 
 2068  14 
 2069  22 
 2070  27 
 2071  22 
 2072  15 
 2073  15 
 2074  18 
 2075  14 
 2076  11 
 2077  15 
 2078  9 
 2079  14 
 2080  9 
 2081  14 
 2082  17 
 2083  20 
 2084  11 
 2085  18 
 2086  18 
 2087  15 
 2088  13 
 2089  9 
 2090  10 
 2091  11 
 2092  19 
 2093  14 
 2094  12 
 2095  16 
 2096  21 
 2097  12 
 2098  20 
 2099  15 
 2100  13 
 2101  17 
 2102  24 
 2103  17 
 2104  11 
 2105  18 
 2106  14 
 2107  16 
 2108  12 
 2109  13 
 2110  12 
 2111  14 
 2112  19 
 2113  20 
 2114  14 
 2115  11 
 2116  7 
 2117  16 
 2118  22 
 2119  17 
 2120  14 
 2121  20 
 2122  23 
 2123  21 
 2124  23 
 2125  13 
 2126  23 
 2127  14 
 2128  19 
 2129  19 
 2130  20 
 2131  6 
 2132  19 
 2133  19 
 2134  19 
 2135  20 
 2136  18 
 2137  12 
 2138  22 
 2139  15 
 2140  13 
 2141  22 
 2142  21 
 2143  12 
 2144  16 
 2145  17 
 2146  14 
 2147  16 
 2148  16 
 2149  21 
 2150  24 
 2151  15 
 2152  15 
 2153  15 
 2154  12 
 2155  20 
 2156  13 
 2157  21 
 2158  15 
 2159  20 
 2160  23 
 2161  15 
 2162  19 
 2163  11 
 2164  16 
 2165  17 
 2166  7 
 2167  16 
 2168  3 
 2169  16 
 2170  11 
 2171  24 
 2172  19 
 2173  15 
 2174  9 
 2175  18 
 2176  14 
 2177  11 
 2178  14 
 2179  12 
 2180  14 
 2181  14 
 2182  15 
 2183  14 
 2184  12 
 2185  24 
 2186  14 
 2187  15 
 2188  20 
 2189  19 
 2190  12 
 2191  23 
 2192  16 
 2193  18 
 2194  12 
 2195  15 
 2196  14 
 2197  18 
 2198  17 
 2199  14 
 2200  20 
 2201  16 
 2202  19 
 2203  17 
 2204  15 
 2205  10 
 2206  12 
 2207  16 
 2208  18 
 2209  14 
 2210  13 
 2211  19 
 2212  16 
 2213  14 
 2214  20 
 2215  30 
 2216  21 
 2217  12 
 2218  12 
 2219  22 
 2220  22 
 2221  16 
 2222  16 
 2223  22 
 2224  12 
 2225  21 
 2226  13 
 2227  23 
 2228  17 
 2229  18 
 2230  18 
 2231  26 
 2232  14 
 2233  23 
 2234  21 
 2235  16 
 2236  19 
 2237  13 
 2238  13 
 2239  17 
 2240  16 
 2241  17 
 2242  15 
 2243  19 
 2244  13 
 2245  17 
 2246  18 
 2247  17 
 2248  11 
 2249  11 
 2250  19 
 2251  18 
 2252  19 
 2253  12 
 2254  22 
 2255  19 
 2256  17 
 2257  17 
 2258  18 
 2259  18 
 2260  15 
 2261  16 
 2262  25 
 2263  19 
 2264  19 
 2265  25 
 2266  17 
 2267  8 
 2268  17 
 2269  18 
 2270  14 
 2271  18 
 2272  23 
 2273  18 
 2274  12 
 2275  21 
 2276  19 
 2277  20 
 2278  24 
 2279  14 
 2280  13 
 2281  14 
 2282  18 
 2283  11 
 2284  16 
 2285  18 
 2286  14 
 2287  16 
 2288  16 
 2289  15 
 2290  20 
 2291  17 
 2292  16 
 2293  12 
 2294  16 
 2295  17 
 2296  15 
 2297  18 
 2298  19 
 2299  15 
 2300  10 
 2301  7 
 2302  17 
 2303  13 
 2304  23 
 2305  21 
 2306  21 
 2307  16 
 2308  15 
 2309  11 
 2310  16 
 2311  15 
 2312  15 
 2313  18 
 2314  25 
 2315  27 
 2316  13 
 2317  18 
 2318  9 
 2319  15 
 2320  14 
 2321  16 
 2322  14 
 2323  17 
 2324  12 
 2325  14 
 2326  12 
 2327  11 
 2328  16 
 2329  14 
 2330  13 
 2331  8 
 2332  15 
 2333  11 
 2334  10 
 2335  12 
 2336  17 
 2337  19 
 2338  10 
 2339  19 
 2340  12 
 2341  13 
 2342  14 
 2343  10 
 2344  19 
 2345  8 
 2346  22 
 2347  22 
 2348  15 
 2349  18 
 2350  24 
 2351  17 
 2352  13 
 2353  19 
 2354  9 
 2355  15 
 2356  22 
 2357  11 
 2358  17 
 2359  12 
 2360  19 
 2361  13 
 2362  11 
 2363  16 
 2364  20 
 2365  14 
 2366  20 
 2367  14 
 2368  8 
 2369  13 
 2370  13 
 2371  13 
 2372  12 
 2373  18 
 2374  16 
 2375  12 
 2376  21 
 2377  18 
 2378  20 
 2379  17 
 2380  16 
 2381  12 
 2382  8 
 2383  21 
 2384  9 
 2385  17 
 2386  10 
 2387  15 
 2388  24 
 2389  13 
 2390  9 
 2391  11 
 2392  11 
 2393  8 
 2394  12 
 2395  17 
 2396  17 
 2397  13 
 2398  16 
 2399  21 
 2400  11 
 2401  23 
 2402  15 
 2403  7 
 2404  16 
 2405  9 
 2406  19 
 2407  8 
 2408  15 
 2409  14 
 2410  16 
 2411  19 
 2412  18 
 2413  12 
 2414  16 
 2415  12 
 2416  18 
 2417  14 
 2418  17 
 2419  10 
 2420  13 
 2421  18 
 2422  15 
 2423  18 
 2424  14 
 2425  18 
 2426  12 
 2427  8 
 2428  16 
 2429  16 
 2430  13 
 2431  19 
 2432  22 
 2433  17 
 2434  14 
 2435  18 
 2436  12 
 2437  15 
 2438  12 
 2439  14 
 2440  11 
 2441  19 
 2442  19 
 2443  11 
 2444  13 
 2445  12 
 2446  16 
 2447  10 
 2448  13 
 2449  10 
 2450  23 
 2451  20 
 2452  10 
 2453  21 
 2454  7 
 2455  16 
 2456  21 
 2457  14 
 2458  14 
 2459  19 
 2460  26 
 2461  14 
 2462  19 
 2463  13 
 2464  14 
 2465  14 
 2466  12 
 2467  15 
 2468  15 
 2469  19 
 2470  15 
 2471  13 
 2472  9 
 2473  12 
 2474  15 
 2475  13 
 2476  8 
 2477  11 
 2478  16 
 2479  14 
 2480  13 
 2481  11 
 2482  12 
 2483  19 
 2484  21 
 2485  14 
 2486  13 
 2487  7 
 2488  13 
 2489  18 
 2490  9 
 2491  27 
 2492  13 
 2493  19 
 2494  9 
 2495  14 
 2496  14 
 2497  13 
 2498  9 
 2499  19 
 2500  15 
 2501  17 
 2502  19 
 2503  9 
 2504  12 
 2505  20 
 2506  14 
 2507  20 
 2508  17 
 2509  13 
 2510  22 
 2511  16 
 2512  19 
 2513  12 
 2514  15 
 2515  18 
 2516  14 
 2517  11 
 2518  17 
 2519  21 
 2520  13 
 2521  17 
 2522  11 
 2523  21 
 2524  12 
 2525  18 
 2526  11 
 2527  15 
 2528  19 
 2529  14 
 2530  16 
 2531  14 
 2532  17 
 2533  9 
 2534  22 
 2535  15 
 2536  14 
 2537  15 
 2538  16 
 2539  11 
 2540  11 
 2541  15 
 2542  8 
 2543  22 
 2544  14 
 2545  13 
 2546  20 
 2547  7 
 2548  14 
 2549  18 
 2550  12 
 2551  23 
 2552  14 
 2553  23 
 2554  11 
 2555  20 
 2556  19 
 2557  16 
 2558  9 
 2559  14 
 2560  11 
 2561  11 
 2562  12 
 2563  15 
 2564  11 
 2565  18 
 2566  20 
 2567  20 
 2568  16 
 2569  11 
 2570  10 
 2571  17 
 2572  11 
 2573  28 
 2574  11 
 2575  20 
 2576  17 
 2577  14 
 2578  13 
 2579  18 
 2580  21 
 2581  26 
 2582  11 
 2583  6 
 2584  14 
 2585  16 
 2586  14 
 2587  18 
 2588  21 
 2589  11 
 2590  24 
 2591  17 
 2592  17 
 2593  13 
 2594  17 
 2595  15 
 2596  20 
 2597  11 
 2598  14 
 2599  19 
 2600  19 
 2601  21 
 2602  19 
 2603  26 
 2604  21 
 2605  18 
 2606  6 
 2607  22 
 2608  26 
 2609  21 
 2610  24 
 2611  28 
 2612  22 
 2613  29 
 2614  20 
 2615  20 
 2616  17 
 2617  24 
 2618  19 
 2619  28 
 2620  21 
 2621  15 
 2622  15 
 2623  27 
 2624  20 
 2625  24 
 2626  17 
 2627  23 
 2628  17 
 2629  22 
 2630  21 
 2631  30 
 2632  22 
 2633  19 
 2634  28 
 2635  30 
 2636  30 
 2637  29 
 2638  23 
 2639  32 
 2640  21 
 2641  33 
 2642  40 
 2643  28 
 2644  18 
 2645  31 
 2646  25 
 2647  21 
 2648  29 
 2649  22 
 2650  27 
 2651  30 
 2652  33 
 2653  36 
 2654  25 
 2655  35 
 2656  28 
 2657  22 
 2658  30 
 2659  32 
 2660  25 
 2661  26 
 2662  22 
 2663  36 
 2664  34 
 2665  25 
 2666  27 
 2667  27 
 2668  19 
 2669  33 
 2670  33 
 2671  25 
 2672  35 
 2673  35 
 2674  34 
 2675  31 
 2676  28 
 2677  29 
 2678  16 
 2679  33 
 2680  32 
 2681  31 
 2682  25 
 2683  29 
 2684  33 
 2685  37 
 2686  39 
 2687  31 
 2688  46 
 2689  33 
 2690  31 
 2691  29 
 2692  38 
 2693  42 
 2694  37 
 2695  48 
 2696  45 
 2697  54 
 2698  53 
 2699  49 
 2700  59 
 2701  52 
 2702  49 
 2703  45 
 2704  46 
 2705  60 
 2706  69 
 2707  66 
 2708  56 
 2709  58 
 2710  64 
 2711  55 
 2712  75 
 2713  68 
 2714  87 
 2715  67 
 2716  83 
 2717  73 
 2718  79 
 2719  89 
 2720  90 
 2721  90 
 2722  106 
 2723  83 
 2724  94 
 2725  84 
 2726  101 
 2727  82 
 2728  80 
 2729  98 
 2730  91 
 2731  81 
 2732  99 
 2733  88 
 2734  80 
 2735  102 
 2736  69 
 2737  101 
 2738  97 
 2739  104 
 2740  80 
 2741  86 
 2742  80 
 2743  85 
 2744  74 
 2745  75 
 2746  75 
 2747  56 
 2748  76 
 2749  59 
 2750  62 
 2751  52 
 2752  55 
 2753  55 
 2754  43 
 2755  47 
 2756  48 
 2757  35 
 2758  40 
 2759  38 
 2760  30 
 2761  36 
 2762  21 
 2763  21 
 2764  15 
 2765  21 
 2766  19 
 2767  5 
 2768  23 
 2769  19 
 2770  22 
 2771  19 
 2772  19 
 2773  20 
 2774  17 
 2775  14 
 2776  13 
 2777  7 
 2778  21 
 2779  20 
 2780  10 
 2781  19 
 2782  13 
 2783  11 
 2784  12 
 2785  10 
 2786  17 
 2787  18 
 2788  8 
 2789  16 
 2790  12 
 2791  15 
 2792  14 
 2793  13 
 2794  18 
 2795  13 
 2796  11 
 2797  8 
 2798  11 
 2799  4 
 2800  17 
 2801  25 
 2802  20 
 2803  21 
 2804  10 
 2805  11 
 2806  15 
 2807  17 
 2808  14 
 2809  16 
 2810  18 
 2811  20 
 2812  21 
 2813  13 
 2814  16 
 2815  18 
 2816  14 
 2817  19 
 2818  14 
 2819  8 
 2820  15 
 2821  13 
 2822  14 
 2823  14 
 2824  14 
 2825  24 
 2826  22 
 2827  11 
 2828  13 
 2829  15 
 2830  16 
 2831  20 
 2832  24 
 2833  19 
 2834  21 
 2835  18 
 2836  16 
 2837  16 
 2838  9 
 2839  19 
 2840  24 
 2841  13 
 2842  26 
 2843  19 
 2844  22 
 2845  13 
 2846  14 
 2847  24 
 2848  19 
 2849  22 
 2850  19 
 2851  22 
 2852  20 
 2853  18 
 2854  25 
 2855  34 
 2856  26 
 2857  24 
 2858  24 
 2859  25 
 2860  29 
 2861  25 
 2862  30 
 2863  36 
 2864  33 
 2865  24 
 2866  34 
 2867  37 
 2868  36 
 2869  31 
 2870  39 
 2871  22 
 2872  45 
 2873  37 
 2874  45 
 2875  43 
 2876  44 
 2877  41 
 2878  57 
 2879  48 
 2880  51 
 2881  58 
 2882  58 
 2883  42 
 2884  48 
 2885  57 
 2886  69 
 2887  72 
 2888  75 
 2889  77 
 2890  72 
 2891  73 
 2892  90 
 2893  97 
 2894  88 
 2895  106 
 2896  85 
 2897  117 
 2898  100 
 2899  137 
 2900  121 
 2901  123 
 2902  132 
 2903  152 
 2904  157 
 2905  157 
 2906  168 
 2907  188 
 2908  173 
 2909  192 
 2910  195 
 2911  244 
 2912  224 
 2913  251 
 2914  266 
 2915  290 
 2916  291 
 2917  308 
 2918  315 
 2919  344 
 2920  362 
 2921  382 
 2922  411 
 2923  426 
 2924  434 
 2925  457 
 2926  530 
 2927  561 
 2928  519 
 2929  664 
 2930  685 
 2931  718 
 2932  731 
 2933  836 
 2934  869 
 2935  975 
 2936  1046 
 2937  1106 
 2938  1210 
 2939  1325 
 2940  1446 
 2941  1604 
 2942  1702 
 2943  1848 
 2944  1985 
 2945  2119 
 2946  2352 
 2947  2569 
 2948  2751 
 2949  2791 
 2950  2964 
 2951  3075 
 2952  3328 
 2953  3571 
 2954  3730 
 2955  3747 
 2956  3790 
 2957  3853 
 2958  3970 
 2959  3850 
 2960  3750 
 2961  3821 
 2962  3650 
 2963  3399 
 2964  3262 
 2965  3147 
 2966  2843 
 2967  2632 
 2968  2415 
 2969  2189 
 2970  2028 
 2971  1812 
 2972  1568 
 2973  1369 
 2974  1213 
 2975  1000 
 2976  881 
 2977  776 
 2978  622 
 2979  564 
 2980  460 
 2981  373 
 2982  309 
 2983  274 
 2984  235 
 2985  212 
 2986  168 
 2987  165 
 2988  135 
 2989  119 
 2990  113 
 2991  85 
 2992  83 
 2993  96 
 2994  71 
 2995  68 
 2996  87 
 2997  58 
 2998  65 
 2999  46 
 3000  63 
 3001  60 
 3002  70 
 3003  49 
 3004  47 
 3005  55 
 3006  57 
 3007  74 
 3008  75 
 3009  75 
 3010  64 
 3011  69 
 3012  74 
 3013  94 
 3014  82 
 3015  84 
 3016  84 
 3017  101 
 3018  113 
 3019  95 
 3020  89 
 3021  116 
 3022  129 
 3023  127 
 3024  143 
 3025  137 
 3026  150 
 3027  146 
 3028  161 
 3029  182 
 3030  179 
 3031  180 
 3032  192 
 3033  207 
 3034  202 
 3035  209 
 3036  194 
 3037  195 
 3038  171 
 3039  149 
 3040  147 
 3041  174 
 3042  156 
 3043  160 
 3044  131 
 3045  118 
 3046  111 
 3047  106 
 3048  105 
 3049  89 
 3050  99 
 3051  98 
 3052  80 
 3053  66 
 3054  73 
 3055  56 
 3056  73 
 3057  68 
 3058  66 
 3059  69 
 3060  66 
 3061  72 
 3062  67 
 3063  73 
 3064  73 
 3065  72 
 3066  68 
 3067  84 
 3068  104 
 3069  73 
 3070  96 
 3071  109 
 3072  102 
 3073  101 
 3074  111 
 3075  109 
 3076  132 
 3077  127 
 3078  151 
 3079  107 
 3080  150 
 3081  159 
 3082  149 
 3083  176 
 3084  164 
 3085  201 
 3086  199 
 3087  215 
 3088  187 
 3089  222 
 3090  228 
 3091  245 
 3092  236 
 3093  255 
 3094  271 
 3095  278 
 3096  285 
 3097  330 
 3098  356 
 3099  351 
 3100  363 
 3101  377 
 3102  419 
 3103  446 
 3104  449 
 3105  439 
 3106  462 
 3107  512 
 3108  528 
 3109  565 
 3110  560 
 3111  657 
 3112  643 
 3113  659 
 3114  675 
 3115  696 
 3116  812 
 3117  817 
 3118  858 
 3119  865 
 3120  932 
 3121  1000 
 3122  990 
 3123  1038 
 3124  1093 
 3125  1135 
 3126  1165 
 3127  1193 
 3128  1255 
 3129  1292 
 3130  1322 
 3131  1380 
 3132  1436 
 3133  1437 
 3134  1429 
 3135  1502 
 3136  1517 
 3137  1559 
 3138  1615 
 3139  1671 
 3140  1641 
 3141  1703 
 3142  1767 
 3143  1759 
 3144  1792 
 3145  1772 
 3146  1763 
 3147  1693 
 3148  1780 
 3149  1834 
 3150  1733 
 3151  1671 
 3152  1701 
 3153  1703 
 3154  1622 
 3155  1612 
 3156  1524 
 3157  1493 
 3158  1476 
 3159  1372 
 3160  1261 
 3161  1259 
 3162  1238 
 3163  1137 
 3164  1010 
 3165  993 
 3166  854 
 3167  830 
 3168  796 
 3169  687 
 3170  637 
 3171  547 
 3172  483 
 3173  441 
 3174  399 
 3175  335 
 3176  305 
 3177  251 
 3178  231 
 3179  174 
 3180  176 
 3181  156 
 3182  142 
 3183  107 
 3184  98 
 3185  70 
 3186  87 
 3187  58 
 3188  56 
 3189  61 
 3190  62 
 3191  65 
 3192  61 
 3193  53 
 3194  56 
 3195  64 
 3196  66 
 3197  71 
 3198  94 
 3199  72 
 3200  97 
 3201  103 
 3202  101 
 3203  120 
 3204  131 
 3205  135 
 3206  139 
 3207  168 
 3208  152 
 3209  195 
 3210  193 
 3211  197 
 3212  219 
 3213  216 
 3214  233 
 3215  263 
 3216  251 
 3217  226 
 3218  250 
 3219  270 
 3220  256 
 3221  254 
 3222  275 
 3223  280 
 3224  208 
 3225  197 
 3226  196 
 3227  145 
 3228  145 
 3229  131 
 3230  133 
 3231  104 
 3232  90 
 3233  96 
 3234  72 
 3235  82 
 3236  58 
 3237  58 
 3238  58 
 3239  49 
 3240  37 
 3241  45 
 3242  36 
 3243  33 
 3244  38 
 3245  37 
 3246  32 
 3247  28 
 3248  31 
 3249  45 
 3250  40 
 3251  28 
 3252  34 
 3253  41 
 3254  39 
 3255  26 
 3256  30 
 3257  39 
 3258  31 
 3259  30 
 3260  30 
 3261  27 
 3262  28 
 3263  17 
 3264  15 
 3265  16 
 3266  15 
 3267  14 
 3268  16 
 3269  4 
 3270  10 
 3271  11 
 3272  10 
 3273  7 
 3274  6 
 3275  3 
 3276  3 
 3277  2 
 3278  2 
 3279  1 
 3280  0 
 3281  7 
 3282  3 
 3283  4 
 3284  1 
 3285  0 
 3286  2 
 3287  0 
 3288  0 
 3289  0 
 3290  1 
 3291  0 
 3292  2 
 3293  0 
 3294  1 
 3295  1 
 3296  0 
 3297  0 
 3298  0 
 3299  1 
 3300  0 
 3301  0 
 3302  0 
 3303  0 
 3304  0 
 3305  0 
 3306  0 
 3307  0 
 3308  1 
 3309  0 
 3310  1 
 3311  0 
 3312  0 
 3313  0 
 3314  0 
 3315  1 
 3316  0 
 3317  1 
 3318  0 
 3319  2 
 3320  0 
 3321  2 
 3322  0 
 3323  1 
 3324  1 
 3325  0 
 3326  0 
 3327  1 
 3328  0 
 3329  0 
 3330  0 
 3331  0 
 3332  0 
 3333  0 
 3334  0 
 3335  1 
 3336  0 
 3337  0 
 3338  1 
 3339  0 
 3340  0 
 3341  0 
 3342  0 
 3343  1 
 3344  1 
 3345  0 
 3346  0 
 3347  0 
 3348  0 
 3349  0 
 3350  0 
 3351  0 
 3352  0 
 3353  0 
 3354  1 
 3355  0 
 3356  0 
 3357  0 
 3358  3 
 3359  1 
 3360  0 
 3361  0 
 3362  1 
 3363  0 
 3364  0 
 3365  1 
 3366  0 
 3367  0 
 3368  1 
 3369  0 
 3370  0 
 3371  1 
 3372  0 
 3373  0 
 3374  0 
 3375  2 
 3376  0 
 3377  0 
 3378  3 
 3379  3 
 3380  1 
 3381  0 
 3382  1 
 3383  0 
 3384  0 
 3385  1 
 3386  0 
 3387  1 
 3388  1 
 3389  0 
 3390  1 
 3391  0 
 3392  0 
 3393  0 
 3394  1 
 3395  0 
 3396  0 
 3397  1 
 3398  0 
 3399  0 
 3400  1 
 3401  0 
 3402  0 
 3403  0 
 3404  1 
 3405  1 
 3406  1 
 3407  0 
 3408  1 
 3409  0 
 3410  0 
 3411  0 
 3412  2 
 3413  0 
 3414  0 
 3415  0 
 3416  0 
 3417  1 
 3418  1 
 3419  0 
 3420  0 
 3421  1 
 3422  1 
 3423  3 
 3424  0 
 3425  2 
 3426  0 
 3427  1 
 3428  0 
 3429  0 
 3430  0 
 3431  1 
 3432  1 
 3433  0 
 3434  0 
 3435  0 
 3436  0 
 3437  0 
 3438  0 
 3439  0 
 3440  1 
 3441  0 
 3442  0 
 3443  0 
 3444  1 
 3445  0 
 3446  0 
 3447  0 
 3448  0 
 3449  0 
 3450  0 
 3451  0 
 3452  2 
 3453  0 
 3454  0 
 3455  0 
 3456  0 
 3457  0 
 3458  2 
 3459  0 
 3460  0 
 3461  0 
 3462  1 
 3463  0 
 3464  0 
 3465  0 
 3466  2 
 3467  0 
 3468  0 
 3469  1 
 3470  0 
 3471  0 
 3472  0 
 3473  0 
 3474  1 
 3475  0 
 3476  1 
 3477  0 
 3478  0 
 3479  0 
 3480  0 
 3481  0 
 3482  0 
 3483  0 
 3484  0 
 3485  0 
 3486  0 
 3487  1 
 3488  0 
 3489  0 
 3490  0 
 3491  0 
 3492  0 
 3493  0 
 3494  0 
 3495  0 
 3496  0 
 3497  0 
 3498  0 
 3499  2 
 3500  0 
 3501  0 
 3502  0 
 3503  0 
 3504  0 
 3505  0 
 3506  0 
 3507  0 
 3508  0 
 3509  0 
 3510  0 
 3511  0 
 3512  0 
 3513  0 
 3514  0 
 3515  1 
 3516  0 
 3517  0 
 3518  0 
 3519  0 
 3520  0 
 3521  0 
 3522  1 
 3523  0 
 3524  0 
 3525  0 
 3526  1 
 3527  1 
 3528  0 
 3529  0 
 3530  1 
 3531  1 
 3532  0 
 3533  0 
 3534  1 
 3535  0 
 3536  0 
 3537  1 
 3538  0 
 3539  2 
 3540  0 
 3541  1 
 3542  2 
 3543  0 
 3544  0 
 3545  0 
 3546  1 
 3547  0 
 3548  0 
 3549  0 
 3550  0 
 3551  0 
 3552  2 
 3553  0 
 3554  1 
 3555  0 
 3556  0 
 3557  0 
 3558  0 
 3559  1 
 3560  0 
 3561  1 
 3562  1 
 3563  0 
 3564  0 
 3565  0 
 3566  1 
 3567  0 
 3568  0 
 3569  0 
 3570  2 
 3571  0 
 3572  0 
 3573  0 
 3574  0 
 3575  0 
 3576  0 
 3577  0 
 3578  1 
 3579  1 
 3580  0 
 3581  0 
 3582  0 
 3583  0 
 3584  0 
 3585  1 
 3586  1 
 3587  0 
 3588  1 
 3589  0 
 3590  1 
 3591  0 
 3592  0 
 3593  0 
 3594  1 
 3595  0 
 3596  0 
 3597  0 
 3598  0 
 3599  1 
 3600  0 
 3601  0 
 3602  0 
 3603  0 
 3604  1 
 3605  0 
 3606  0 
 3607  0 
 3608  0 
 3609  0 
 3610  0 
 3611  3 
 3612  0 
 3613  0 
 3614  0 
 3615  0 
 3616  1 
 3617  1 
 3618  0 
 3619  0 
 3620  0 
 3621  1 
 3622  0 
 3623  0 
 3624  0 
 3625  1 
 3626  0 
 3627  1 
 3628  0 
 3629  1 
 3630  0 
 3631  0 
 3632  1 
 3633  0 
 3634  0 
 3635  0 
 3636  0 
 3637  0 
 3638  0 
 3639  0 
 3640  0 
 3641  0 
 3642  0 
 3643  0 
 3644  0 
 3645  0 
 3646  0 
 3647  1 
 3648  0 
 3649  0 
 3650  0 
 3651  1 
 3652  1 
 3653  0 
 3654  0 
 3655  0 
 3656  0 
 3657  0 
 3658  1 
 3659  1 
 3660  0 
 3661  0 
 3662  0 
 3663  0 
 3664  1 
 3665  0 
 3666  0 
 3667  0 
 3668  0 
 3669  0 
 3670  0 
 3671  1 
 3672  0 
 3673  0 
 3674  0 
 3675  0 
 3676  0 
 3677  1 
 3678  0 
 3679  0 
 3680  0 
 3681  1 
 3682  0 
 3683  0 
 3684  0 
 3685  0 
 3686  0 
 3687  1 
 3688  0 
 3689  0 
 3690  1 
 3691  0 
 3692  0 
 3693  0 
 3694  0 
 3695  0 
 3696  0 
 3697  0 
 3698  0 
 3699  0 
 3700  0 
 3701  0 
 3702  0 
 3703  0 
 3704  0 
 3705  0 
 3706  0 
 3707  0 
 3708  0 
 3709  0 
 3710  1 
 3711  0 
 3712  0 
 3713  0 
 3714  0 
 3715  0 
 3716  0 
 3717  0 
 3718  1 
 3719  0 
 3720  0 
 3721  0 
 3722  0 
 3723  0 
 3724  0 
 3725  0 
 3726  0 
 3727  0 
 3728  0 
 3729  0 
 3730  0 
 3731  0 
 3732  0 
 3733  0 
 3734  0 
 3735  0 
 3736  0 
 3737  0 
 3738  1 
 3739  0 
 3740  0 
 3741  1 
 3742  0 
 3743  0 
 3744  0 
 3745  0 
 3746  0 
 3747  0 
 3748  0 
 3749  0 
 3750  0 
 3751  0 
 3752  0 
 3753  1 
 3754  0 
 3755  1 
 3756  1 
 3757  0 
 3758  0 
 3759  1 
 3760  0 
 3761  0 
 3762  0 
 3763  0 
 3764  0 
 3765  0 
 3766  0 
 3767  0 
 3768  1 
 3769  0 
 3770  0 
 3771  0 
 3772  0 
 3773  1 
 3774  1 
 3775  0 
 3776  0 
 3777  1 
 3778  0 
 3779  0 
 3780  0 
 3781  1 
 3782  0 
 3783  0 
 3784  0 
 3785  0 
 3786  1 
 3787  0 
 3788  0 
 3789  0 
 3790  0 
 3791  0 
 3792  1 
 3793  0 
 3794  0 
 3795  0 
 3796  0 
 3797  0 
 3798  0 
 3799  0 
 3800  0 
 3801  0 
 3802  0 
 3803  0 
 3804  0 
 3805  0 
 3806  0 
 3807  0 
 3808  0 
 3809  0 
 3810  0 
 3811  0 
 3812  1 
 3813  0 
 3814  1 
 3815  1 
 3816  0 
 3817  0 
 3818  0 
 3819  0 
 3820  2 
 3821  0 
 3822  0 
 3823  0 
 3824  1 
 3825  0 
 3826  0 
 3827  0 
 3828  0 
 3829  0 
 3830  0 
 3831  1 
 3832  0 
 3833  1 
 3834  0 
 3835  0 
 3836  0 
 3837  0 
 3838  0 
 3839  0 
 3840  0 
 3841  0 
 3842  0 
 3843  1 
 3844  0 
 3845  0 
 3846  0 
 3847  1 
 3848  1 
 3849  1 
 3850  0 
 3851  0 
 3852  1 
 3853  0 
 3854  0 
 3855  0 
 3856  0 
 3857  0 
 3858  0 
 3859  2 
 3860  0 
 3861  0 
 3862  0 
 3863  0 
 3864  0 
 3865  0 
 3866  0 
 3867  0 
 3868  0 
 3869  0 
 3870  0 
 3871  0 
 3872  0 
 3873  0 
 3874  0 
 3875  0 
 3876  0 
 3877  0 
 3878  1 
 3879  0 
 3880  0 
 3881  0 
 3882  0 
 3883  0 
 3884  0 
 3885  0 
 3886  0 
 3887  0 
 3888  0 
 3889  0 
 3890  0 
 3891  0 
 3892  1 
 3893  0 
 3894  0 
 3895  0 
 3896  0 
 3897  0 
 3898  0 
 3899  0 
 3900  0 
 3901  1 
 3902  2 
 3903  0 
 3904  0 
 3905  0 
 3906  0 
 3907  1 
 3908  0 
 3909  0 
 3910  0 
 3911  0 
 3912  0 
 3913  0 
 3914  1 
 3915  0 
 3916  0 
 3917  0 
 3918  0 
 3919  1 
 3920  0 
 3921  0 
 3922  0 
 3923  0 
 3924  0 
 3925  0 
 3926  0 
 3927  0 
 3928  0 
 3929  0 
 3930  0 
 3931  1 
 3932  0 
 3933  0 
 3934  1 
 3935  1 
 3936  0 
 3937  0 
 3938  0 
 3939  0 
 3940  0 
 3941  0 
 3942  1 
 3943  1 
 3944  0 
 3945  0 
 3946  2 
 3947  0 
 3948  0 
 3949  0 
 3950  1 
 3951  0 
 3952  0 
 3953  0 
 3954  0 
 3955  0 
 3956  1 
 3957  0 
 3958  0 
 3959  0 
 3960  0 
 3961  0 
 3962  0 
 3963  0 
 3964  0 
 3965  1 
 3966  0 
 3967  0 
 3968  0 
 3969  0 
 3970  0 
 3971  0 
 3972  0 
 3973  0 
 3974  0 
 3975  0 
 3976  0 
 3977  0 
 3978  0 
 3979  0 
 3980  0 
 3981  0 
 3982  0 
 3983  0 
 3984  0 
 3985  0 
 3986  0 
 3987  2 
 3988  0 
 3989  0 
 3990  0 
 3991  0 
 3992  0 
 3993  0 
 3994  0 
 3995  0 
 3996  0 
 3997  0 
 3998  0 
 3999  0 
 4000  1 
 4001  0 
 4002  1 
 4003  0 
 4004  1 
 4005  0 
 4006  0 
 4007  1 
 4008  0 
 4009  0 
 4010  0 
 4011  0 
 4012  1 
 4013  0 
 4014  1 
 4015  0 
 4016  0 
 4017  0 
 4018  0 
 4019  0 
 4020  0 
 4021  0 
 4022  0 
 4023  1 
 4024  1 
 4025  0 
 4026  0 
 4027  0 
 4028  0 
 4029  0 
 4030  0 
 4031  0 
 4032  0 
 4033  0 
 4034  2 
 4035  0 
 4036  0 
 4037  0 
 4038  0 
 4039  0 
 4040  0 
 4041  0 
 4042  1 
 4043  0 
 4044  0 
 4045  0 
 4046  0 
 4047  1 
 4048  0 
 4049  0 
 4050  0 
 4051  0 
 4052  0 
 4053  0 
 4054  0 
 4055  1 
 4056  0 
 4057  0 
 4058  0 
 4059  0 
 4060  0 
 4061  0 
 4062  0 
 4063  0 
 4064  0 
 4065  0 
 4066  0 
 4067  0 
 4068  0 
 4069  0 
 4070  1 
 4071  0 
 4072  1 
 4073  0 
 4074  0 
 4075  0 
 4076  0 
 4077  0 
 4078  0 
 4079  0 
 4080  0 
 4081  0 
 4082  0 
 4083  0 
 4084  1 
 4085  1 
 4086  0 
 4087  0 
 4088  0 
 4089  0 
 4090  1 
 4091  0 
 4092  0 
 4093  0 
 4094  0 
 4095  0 
 4096  0 
 4097  0 
 4098  0 
 4099  0 
 4100  0 
 4101  0 
 4102  0 
 4103  0 
 4104  0 
 4105  0 
 4106  0 
 4107  0 
 4108  0 
 4109  0 
 4110  0 
 4111  0 
 4112  0 
 4113  0 
 4114  0 
 4115  0 
 4116  0 
 4117  0 
 4118  0 
 4119  0 
 4120  0 
 4121  1 
 4122  1 
 4123  0 
 4124  0 
 4125  0 
 4126  0 
 4127  0 
 4128  0 
 4129  0 
 4130  0 
 4131  0 
 4132  0 
 4133  0 
 4134  0 
 4135  0 
 4136  0 
 4137  0 
 4138  0 
 4139  0 
 4140  0 
 4141  0 
 4142  2 
 4143  0 
 4144  0 
 4145  0 
 4146  0 
 4147  0 
 4148  0 
 4149  1 
 4150  0 
 4151  0 
 4152  0 
 4153  0 
 4154  0 
 4155  1 
 4156  0 
 4157  0 
 4158  0 
 4159  0 
 4160  1 
 4161  0 
 4162  0 
 4163  0 
 4164  0 
 4165  0 
 4166  0 
 4167  0 
 4168  0 
 4169  1 
 4170  0 
 4171  2 
 4172  0 
 4173  0 
 4174  0 
 4175  1 
 4176  0 
 4177  0 
 4178  0 
 4179  0 
 4180  0 
 4181  0 
 4182  0 
 4183  0 
 4184  0 
 4185  0 
 4186  1 
 4187  0 
 4188  2 
 4189  0 
 4190  0 
 4191  0 
 4192  0 
 4193  1 
 4194  0 
 4195  0 
 4196  0 
 4197  0 
 4198  1 
 4199  0 
 4200  0 
 4201  0 
 4202  1 
 4203  0 
 4204  0 
 4205  0 
 4206  1 
 4207  0 
 4208  0 
 4209  0 
 4210  2 
 4211  0 
 4212  0 
 4213  0 
 4214  0 
 4215  0 
 4216  0 
 4217  0 
 4218  0 
 4219  1 
 4220  0 
 4221  0 
 4222  1 
 4223  0 
 4224  0 
 4225  0 
 4226  0 
 4227  1 
 4228  0 
 4229  1 
 4230  0 
 4231  0 
 4232  1 
 4233  0 
 4234  0 
 4235  0 
 4236  1 
 4237  0 
 4238  0 
 4239  0 
 4240  0 
 4241  0 
 4242  0 
 4243  0 
 4244  0 
 4245  0 
 4246  0 
 4247  0 
 4248  0 
 4249  0 
 4250  0 
 4251  0 
 4252  0 
 4253  0 
 4254  1 
 4255  0 
 4256  0 
 4257  0 
 4258  0 
 4259  0 
 4260  0 
 4261  0 
 4262  0 
 4263  0 
 4264  0 
 4265  0 
 4266  0 
 4267  1 
 4268  0 
 4269  0 
 4270  0 
 4271  1 
 4272  0 
 4273  0 
 4274  0 
 4275  0 
 4276  0 
 4277  0 
 4278  2 
 4279  1 
 4280  0 
 4281  0 
 4282  0 
 4283  0 
 4284  0 
 4285  0 
 4286  0 
 4287  0 
 4288  0 
 4289  0 
 4290  1 
 4291  0 
 4292  0 
 4293  1 
 4294  0 
 4295  0 
 4296  1 
 4297  0 
 4298  0 
 4299  0 
 4300  0 
 4301  0 
 4302  0 
 4303  0 
 4304  0 
 4305  0 
 4306  1 
 4307  0 
 4308  0 
 4309  0 
 4310  0 
 4311  0 
 4312  0 
 4313  0 
 4314  0 
 4315  0 
 4316  0 
 4317  0 
 4318  0 
 4319  0 
 4320  0 
 4321  0 
 4322  0 
 4323  0 
 4324  0 
 4325  1 
 4326  0 
 4327  0 
 4328  0 
 4329  1 
 4330  0 
 4331  0 
 4332  0 
 4333  0 
 4334  0 
 4335  0 
 4336  0 
 4337  0 
 4338  0 
 4339  0 
 4340  0 
 4341  0 
 4342  0 
 4343  0 
 4344  0 
 4345  0 
 4346  1 
 4347  0 
 4348  0 
 4349  1 
 4350  0 
 4351  0 
 4352  0 
 4353  0 
 4354  0 
 4355  1 
 4356  0 
 4357  0 
 4358  0 
 4359  0 
 4360  0 
 4361  0 
 4362  0 
 4363  0 
 4364  0 
 4365  1 
 4366  0 
 4367  1 
 4368  0 
 4369  0 
 4370  0 
 4371  0 
 4372  0 
 4373  0 
 4374  0 
 4375  0 
 4376  0 
 4377  0 
 4378  0 
 4379  0 
 4380  0 
 4381  0 
 4382  0 
 4383  0 
 4384  0 
 4385  0 
 4386  1 
 4387  0 
 4388  0 
 4389  1 
 4390  0 
 4391  2 
 4392  0 
 4393  1 
 4394  0 
 4395  0 
 4396  0 
 4397  1 
 4398  2 
 4399  0 
 4400  0 
 4401  0 
 4402  0 
 4403  0 
 4404  0 
 4405  0 
 4406  0 
 4407  0 
 4408  0 
 4409  0 
 4410  1 
 4411  0 
 4412  0 
 4413  0 
 4414  0 
 4415  1 
 4416  1 
 4417  0 
 4418  0 
 4419  0 
 4420  0 
 4421  0 
 4422  0 
 4423  0 
 4424  1 
 4425  0 
 4426  0 
 4427  0 
 4428  0 
 4429  0 
 4430  0 
 4431  0 
 4432  0 
 4433  0 
 4434  0 
 4435  0 
 4436  0 
 4437  0 
 4438  1 
 4439  0 
 4440  0 
 4441  0 
 4442  0 
 4443  0 
 4444  0 
 4445  0 
 4446  1 
 4447  0 
 4448  0 
 4449  0 
 4450  0 
 4451  0 
 4452  0 
 4453  0 
 4454  0 
 4455  0 
 4456  0 
 4457  0 
 4458  0 
 4459  0 
 4460  0 
 4461  0 
 4462  0 
 4463  0 
 4464  0 
 4465  1 
 4466  0 
 4467  0 
 4468  1 
 4469  0 
 4470  0 
 4471  0 
 4472  0 
 4473  0 
 4474  0 
 4475  0 
 4476  0 
 4477  0 
 4478  0 
 4479  0 
 4480  0 
 4481  1 
 4482  0 
 4483  0 
 4484  0 
 4485  1 
 4486  0 
 4487  0 
 4488  0 
 4489  0 
 4490  0 
 4491  0 
 4492  0 
 4493  0 
 4494  0 
 4495  0 
 4496  1 
 4497  0 
 4498  0 
 4499  0 
 4500  0 
 4501  0 
 4502  1 
 4503  1 
 4504  0 
 4505  0 
 4506  0 
 4507  0 
 4508  0 
 4509  0 
 4510  0 
 4511  1 
 4512  0 
 4513  0 
 4514  0 
 4515  0 
 4516  0 
 4517  0 
 4518  0 
 4519  1 
 4520  0 
 4521  0 
 4522  0 
 4523  1 
 4524  0 
 4525  0 
 4526  0 
 4527  0 
 4528  0 
 4529  0 
 4530  0 
 4531  0 
 4532  0 
 4533  0 
 4534  1 
 4535  1 
 4536  1 
 4537  0 
 4538  0 
 4539  0 
 4540  1 
 4541  0 
 4542  0 
 4543  0 
 4544  0 
 4545  0 
 4546  0 
 4547  0 
 4548  0 
 4549  1 
 4550  0 
 4551  0 
 4552  1 
 4553  0 
 4554  0 
 4555  0 
 4556  0 
 4557  0 
 4558  1 
 4559  0 
 4560  0 
 4561  0 
 4562  0 
 4563  0 
 4564  0 
 4565  0 
 4566  0 
 4567  0 
 4568  0 
 4569  0 
 4570  0 
 4571  0 
 4572  0 
 4573  0 
 4574  0 
 4575  0 
 4576  0 
 4577  0 
 4578  0 
 4579  0 
 4580  0 
 4581  0 
 4582  0 
 4583  0 
 4584  0 
 4585  0 
 4586  0 
 4587  0 
 4588  1 
 4589  0 
 4590  0 
 4591  0 
 4592  0 
 4593  0 
 4594  1 
 4595  0 
 4596  0 
 4597  1 
 4598  0 
 4599  0 
 4600  0 
 4601  0 
 4602  0 
 4603  0 
 4604  0 
 4605  0 
 4606  0 
 4607  0 
 4608  0 
 4609  0 
 4610  0 
 4611  0 
 4612  0 
 4613  0 
 4614  0 
 4615  0 
 4616  0 
 4617  0 
 4618  0 
 4619  1 
 4620  0 
 4621  0 
 4622  0 
 4623  1 
 4624  0 
 4625  0 
 4626  0 
 4627  0 
 4628  0 
 4629  0 
 4630  0 
 4631  1 
 4632  0 
 4633  0 
 4634  0 
 4635  0 
 4636  0 
 4637  0 
 4638  0 
 4639  0 
 4640  0 
 4641  0 
 4642  0 
 4643  0 
 4644  0 
 4645  0 
 4646  0 
 4647  0 
 4648  0 
 4649  0 
 4650  0 
 4651  1 
 4652  0 
 4653  0 
 4654  0 
 4655  0 
 4656  0 
 4657  0 
 4658  0 
 4659  0 
 4660  0 
 4661  0 
 4662  0 
 4663  0 
 4664  0 
 4665  1 
 4666  0 
 4667  0 
 4668  0 
 4669  0 
 4670  0 
 4671  0 
 4672  0 
 4673  0 
 4674  1 
 4675  0 
 4676  0 
 4677  0 
 4678  0 
 4679  0 
 4680  0 
 4681  2 
 4682  0 
 4683  1 
 4684  0 
 4685  0 
 4686  0 
 4687  0 
 4688  0 
 4689  0 
 4690  0 
 4691  0 
 4692  0 
 4693  0 
 4694  0 
 4695  1 
 4696  0 
 4697  0 
 4698  0 
 4699  1 
 4700  0 
 4701  0 
 4702  1 
 4703  0 
 4704  1 
 4705  0 
 4706  0 
 4707  0 
 4708  0 
 4709  0 
 4710  0 
 4711  0 
 4712  0 
 4713  0 
 4714  0 
 4715  0 
 4716  0 
 4717  1 
 4718  0 
 4719  0 
 4720  1 
 4721  1 
 4722  0 
 4723  1 
 4724  0 
 4725  0 
 4726  0 
 4727  0 
 4728  0 
 4729  0 
 4730  0 
 4731  0 
 4732  0 
 4733  1 
 4734  0 
 4735  1 
 4736  1 
 4737  0 
 4738  0 
 4739  1 
 4740  1 
 4741  0 
 4742  0 
 4743  0 
 4744  1 
 4745  0 
 4746  0 
 4747  0 
 4748  0 
 4749  0 
 4750  0 
 4751  0 
 4752  0 
 4753  0 
 4754  0 
 4755  1 
 4756  0 
 4757  0 
 4758  0 
 4759  0 
 4760  0 
 4761  1 
 4762  0 
 4763  0 
 4764  0 
 4765  0 
 4766  0 
 4767  0 
 4768  0 
 4769  0 
 4770  0 
 4771  0 
 4772  0 
 4773  0 
 4774  1 
 4775  0 
 4776  0 
 4777  0 
 4778  0 
 4779  1 
 4780  0 
 4781  0 
 4782  0 
 4783  0 
 4784  0 
 4785  0 
 4786  1 
 4787  0 
 4788  0 
 4789  0 
 4790  0 
 4791  0 
 4792  1 
 4793  0 
 4794  1 
 4795  0 
 4796  0 
 4797  2 
 4798  0 
 4799  0 
 4800  0 
 4801  0 
 4802  0 
 4803  0 
 4804  1 
 4805  0 
 4806  0 
 4807  0 
 4808  0 
 4809  0 
 4810  0 
 4811  1 
 4812  0 
 4813  0 
 4814  0 
 4815  1 
 4816  0 
 4817  0 
 4818  0 
 4819  0 
 4820  0 
 4821  0 
 4822  0 
 4823  0 
 4824  0 
 4825  0 
 4826  0 
 4827  1 
 4828  0 
 4829  1 
 4830  0 
 4831  0 
 4832  0 
 4833  0 
 4834  0 
 4835  0 
 4836  1 
 4837  0 
 4838  0 
 4839  0 
 4840  0 
 4841  0 
 4842  0 
 4843  0 
 4844  0 
 4845  0 
 4846  1 
 4847  0 
 4848  0 
 4849  0 
 4850  0 
 4851  1 
 4852  1 
 4853  0 
 4854  0 
 4855  0 
 4856  0 
 4857  0 
 4858  0 
 4859  0 
 4860  1 
 4861  0 
 4862  0 
 4863  0 
 4864  0 
 4865  0 
 4866  0 
 4867  0 
 4868  0 
 4869  0 
 4870  1 
 4871  0 
 4872  0 
 4873  0 
 4874  0 
 4875  1 
 4876  0 
 4877  0 
 4878  0 
 4879  0 
 4880  0 
 4881  0 
 4882  0 
 4883  0 
 4884  0 
 4885  0 
 4886  0 
 4887  1 
 4888  0 
 4889  0 
 4890  0 
 4891  0 
 4892  0 
 4893  1 
 4894  0 
 4895  0 
 4896  0 
 4897  0 
 4898  0 
 4899  0 
 4900  0 
 4901  0 
 4902  1 
 4903  0 
 4904  0 
 4905  0 
 4906  0 
 4907  0 
 4908  0 
 4909  0 
 4910  0 
 4911  0 
 4912  0 
 4913  0 
 4914  0 
 4915  0 
 4916  0 
 4917  0 
 4918  1 
 4919  0 
 4920  0 
 4921  0 
 4922  1 
 4923  0 
 4924  0 
 4925  0 
 4926  0 
 4927  0 
 4928  0 
 4929  0 
 4930  0 
 4931  0 
 4932  0 
 4933  0 
 4934  0 
 4935  0 
 4936  0 
 4937  1 
 4938  0 
 4939  1 
 4940  0 
 4941  1 
 4942  0 
 4943  0 
 4944  0 
 4945  0 
 4946  0 
 4947  1 
 4948  0 
 4949  0 
 4950  0 
 4951  0 
 4952  1 
 4953  0 
 4954  0 
 4955  0 
 4956  0 
 4957  1 
 4958  0 
 4959  0 
 4960  0 
 4961  0 
 4962  1 
 4963  1 
 4964  1 
 4965  0 
 4966  0 
 4967  0 
 4968  0 
 4969  1 
 4970  0 
 4971  1 
 4972  0 
 4973  0 
 4974  0 
 4975  0 
 4976  0 
 4977  1 
 4978  0 
 4979  0 
 4980  0 
 4981  0 
 4982  0 
 4983  0 
 4984  0 
 4985  0 
 4986  0 
 4987  0 
 4988  0 
 4989  0 
 4990  0 
 4991  0 
 4992  0 
 4993  0 
 4994  0 
 4995  0 
 4996  0 
 4997  0 
 4998  0 
 4999  0 
 5000  0 
 5001  0 
 5002  1 
 5003  0 
 5004  0 
 5005  0 
 5006  0 
 5007  0 
 5008  0 
 5009  0 
 5010  0 
 5011  0 
 5012  1 
 5013  0 
 5014  0 
 5015  0 
 5016  0 
 5017  0 
 5018  0 
 5019  0 
 5020  0 
 5021  0 
 5022  0 
 5023  0 
 5024  0 
 5025  0 
 5026  0 
 5027  1 
 5028  0 
 5029  0 
 5030  0 
 5031  0 
 5032  1 
 5033  0 
 5034  0 
 5035  0 
 5036  0 
 5037  0 
 5038  0 
 5039  0 
 5040  0 
 5041  0 
 5042  1 
 5043  0 
 5044  0 
 5045  0 
 5046  0 
 5047  0 
 5048  0 
 5049  0 
 5050  0 
 5051  0 
 5052  1 
 5053  0 
 5054  0 
 5055  0 
 5056  0 
 5057  1 
 5058  0 
 5059  1 
 5060  0 
 5061  0 
 5062  0 
 5063  1 
 5064  0 
 5065  0 
 5066  0 
 5067  0 
 5068  0 
 5069  1 
 5070  0 
 5071  0 
 5072  0 
 5073  0 
 5074  0 
 5075  0 
 5076  0 
 5077  0 
 5078  0 
 5079  0 
 5080  0 
 5081  0 
 5082  0 
 5083  0 
 5084  0 
 5085  0 
 5086  1 
 5087  0 
 5088  0 
 5089  1 
 5090  0 
 5091  0 
 5092  0 
 5093  0 
 5094  0 
 5095  0 
 5096  0 
 5097  0 
 5098  1 
 5099  1 
 5100  0 
 5101  0 
 5102  0 
 5103  1 
 5104  0 
 5105  0 
 5106  0 
 5107  1 
 5108  0 
 5109  0 
 5110  2 
 5111  0 
 5112  0 
 5113  0 
 5114  0 
 5115  0 
 5116  0 
 5117  0 
 5118  0 
 5119  0 
 5120  0 
 5121  0 
 5122  0 
 5123  1 
 5124  0 
 5125  1 
 5126  0 
 5127  1 
 5128  1 
 5129  0 
 5130  0 
 5131  0 
 5132  0 
 5133  0 
 5134  0 
 5135  0 
 5136  0 
 5137  0 
 5138  0 
 5139  1 
 5140  2 
 5141  0 
 5142  0 
 5143  0 
 5144  1 
 5145  0 
 5146  0 
 5147  1 
 5148  1 
 5149  1 
 5150  0 
 5151  1 
 5152  0 
 5153  0 
 5154  0 
 5155  0 
 5156  0 
 5157  0 
 5158  0 
 5159  0 
 5160  1 
 5161  0 
 5162  0 
 5163  2 
 5164  0 
 5165  1 
 5166  0 
 5167  0 
 5168  0 
 5169  0 
 5170  1 
 5171  0 
 5172  0 
 5173  1 
 5174  0 
 5175  1 
 5176  0 
 5177  0 
 5178  0 
 5179  0 
 5180  0 
 5181  0 
 5182  0 
 5183  1 
 5184  0 
 5185  2 
 5186  1 
 5187  0 
 5188  0 
 5189  0 
 5190  4 
 5191  0 
 5192  0 
 5193  0 
 5194  0 
 5195  0 
 5196  1 
 5197  0 
 5198  1 
 5199  1 
 5200  0 
 5201  1 
 5202  1 
 5203  1 
 5204  0 
 5205  0 
 5206  0 
 5207  0 
 5208  1 
 5209  0 
 5210  1 
 5211  3 
 5212  0 
 5213  1 
 5214  2 
 5215  1 
 5216  0 
 5217  0 
 5218  0 
 5219  0 
 5220  0 
 5221  0 
 5222  0 
 5223  0 
 5224  0 
 5225  0 
 5226  1 
 5227  0 
 5228  0 
 5229  0 
 5230  0 
 5231  1 
 5232  1 
 5233  1 
 5234  1 
 5235  0 
 5236  0 
 5237  0 
 5238  0 
 5239  2 
 5240  1 
 5241  0 
 5242  1 
 5243  0 
 5244  0 
 5245  1 
 5246  0 
 5247  0 
 5248  0 
 5249  0 
 5250  0 
 5251  0 
 5252  0 
 5253  1 
 5254  0 
 5255  1 
 5256  1 
 5257  0 
 5258  0 
 5259  0 
 5260  0 
 5261  1 
 5262  0 
 5263  0 
 5264  1 
 5265  0 
 5266  1 
 5267  1 
 5268  0 
 5269  2 
 5270  0 
 5271  0 
 5272  1 
 5273  0 
 5274  0 
 5275  0 
 5276  0 
 5277  0 
 5278  0 
 5279  0 
 5280  0 
 5281  0 
 5282  0 
 5283  2 
 5284  0 
 5285  0 
 5286  3 
 5287  0 
 5288  0 
 5289  1 
 5290  0 
 5291  0 
 5292  0 
 5293  0 
 5294  0 
 5295  0 
 5296  0 
 5297  0 
 5298  0 
 5299  0 
 5300  0 
 5301  0 
 5302  0 
 5303  0 
 5304  0 
 5305  0 
 5306  0 
 5307  0 
 5308  0 
 5309  0 
 5310  0 
 5311  0 
 5312  0 
 5313  1 
 5314  0 
 5315  0 
 5316  1 
 5317  0 
 5318  0 
 5319  0 
 5320  0 
 5321  0 
 5322  0 
 5323  1 
 5324  0 
 5325  0 
 5326  0 
 5327  0 
 5328  0 
 5329  0 
 5330  0 
 5331  1 
 5332  0 
 5333  0 
 5334  0 
 5335  0 
 5336  0 
 5337  0 
 5338  1 
 5339  1 
 5340  1 
 5341  1 
 5342  0 
 5343  0 
 5344  0 
 5345  0 
 5346  1 
 5347  0 
 5348  0 
 5349  1 
 5350  0 
 5351  0 
 5352  0 
 5353  1 
 5354  0 
 5355  0 
 5356  0 
 5357  0 
 5358  0 
 5359  0 
 5360  0 
 5361  0 
 5362  0 
 5363  0 
 5364  0 
 5365  0 
 5366  1 
 5367  0 
 5368  0 
 5369  0 
 5370  0 
 5371  0 
 5372  0 
 5373  0 
 5374  0 
 5375  0 
 5376  0 
 5377  0 
 5378  0 
 5379  0 
 5380  0 
 5381  0 
 5382  0 
 5383  0 
 5384  0 
 5385  0 
 5386  0 
 5387  0 
 5388  0 
 5389  0 
 5390  0 
 5391  0 
 5392  0 
 5393  0 
 5394  0 
 5395  0 
 5396  0 
 5397  0 
 5398  0 
 5399  0 
 5400  0 
 5401  0 
 5402  1 
 5403  0 
 5404  0 
 5405  0 
 5406  0 
 5407  0 
 5408  0 
 5409  0 
 5410  0 
 5411  1 
 5412  0 
 5413  0 
 5414  0 
 5415  0 
 5416  1 
 5417  0 
 5418  0 
 5419  0 
 5420  0 
 5421  1 
 5422  1 
 5423  0 
 5424  0 
 5425  0 
 5426  0 
 5427  0 
 5428  0 
 5429  0 
 5430  1 
 5431  0 
 5432  0 
 5433  1 
 5434  0 
 5435  0 
 5436  0 
 5437  1 
 5438  0 
 5439  0 
 5440  0 
 5441  0 
 5442  0 
 5443  0 
 5444  0 
 5445  0 
 5446  0 
 5447  0 
 5448  0 
 5449  0 
 5450  0 
 5451  1 
 5452  0 
 5453  0 
 5454  0 
 5455  0 
 5456  0 
 5457  0 
 5458  0 
 5459  0 
 5460  0 
 5461  0 
 5462  1 
 5463  0 
 5464  1 
 5465  1 
 5466  0 
 5467  2 
 5468  1 
 5469  0 
 5470  0 
 5471  0 
 5472  0 
 5473  0 
 5474  1 
 5475  0 
 5476  0 
 5477  1 
 5478  0 
 5479  1 
 5480  0 
 5481  0 
 5482  0 
 5483  1 
 5484  1 
 5485  0 
 5486  0 
 5487  0 
 5488  0 
 5489  0 
 5490  0 
 5491  0 
 5492  0 
 5493  0 
 5494  0 
 5495  0 
 5496  0 
 5497  0 
 5498  0 
 5499  1 
 5500  0 
 5501  0 
 5502  0 
 5503  0 
 5504  0 
 5505  0 
 5506  0 
 5507  0 
 5508  0 
 5509  0 
 5510  0 
 5511  0 
 5512  0 
 5513  0 
 5514  0 
 5515  0 
 5516  0 
 5517  0 
 5518  0 
 5519  0 
 5520  0 
 5521  0 
 5522  0 
 5523  0 
 5524  1 
 5525  0 
 5526  0 
 5527  0 
 5528  0 
 5529  0 
 5530  0 
 5531  0 
 5532  0 
 5533  0 
 5534  0 
 5535  1 
 5536  0 
 5537  1 
 5538  0 
 5539  0 
 5540  0 
 5541  0 
 5542  1 
 5543  0 
 5544  0 
 5545  0 
 5546  0 
 5547  0 
 5548  2 
 5549  0 
 5550  0 
 5551  0 
 5552  0 
 5553  0 
 5554  1 
 5555  0 
 5556  0 
 5557  0 
 5558  0 
 5559  0 
 5560  0 
 5561  1 
 5562  0 
 5563  0 
 5564  0 
 5565  0 
 5566  1 
 5567  0 
 5568  1 
 5569  1 
 5570  0 
 5571  1 
 5572  0 
 5573  1 
 5574  0 
 5575  0 
 5576  0 
 5577  0 
 5578  0 
 5579  0 
 5580  0 
 5581  0 
 5582  1 
 5583  0 
 5584  1 
 5585  0 
 5586  0 
 5587  0 
 5588  1 
 5589  0 
 5590  0 
 5591  0 
 5592  0 
 5593  0 
 5594  1 
 5595  1 
 5596  0 
 5597  0 
 5598  0 
 5599  0 
 5600  1 
 5601  1 
 5602  0 
 5603  1 
 5604  1 
 5605  0 
 5606  1 
 5607  0 
 5608  0 
 5609  0 
 5610  0 
 5611  0 
 5612  0 
 5613  0 
 5614  0 
 5615  0 
 5616  0 
 5617  0 
 5618  0 
 5619  0 
 5620  0 
 5621  1 
 5622  0 
 5623  0 
 5624  0 
 5625  0 
 5626  0 
 5627  0 
 5628  0 
 5629  1 
 5630  0 
 5631  0 
 5632  0 
 5633  0 
 5634  0 
 5635  0 
 5636  1 
 5637  1 
 5638  0 
 5639  0 
 5640  0 
 5641  0 
 5642  0 
 5643  0 
 5644  0 
 5645  0 
 5646  0 
 5647  1 
 5648  1 
 5649  0 
 5650  0 
 5651  0 
 5652  0 
 5653  0 
 5654  0 
 5655  0 
 5656  1 
 5657  1 
 5658  0 
 5659  0 
 5660  1 
 5661  0 
 5662  0 
 5663  0 
 5664  0 
 5665  0 
 5666  0 
 5667  0 
 5668  1 
 5669  0 
 5670  0 
 5671  0 
 5672  0 
 5673  0 
 5674  0 
 5675  0 
 5676  0 
 5677  1 
 5678  1 
 5679  1 
 5680  0 
 5681  0 
 5682  0 
 5683  2 
 5684  0 
 5685  0 
 5686  0 
 5687  0 
 5688  0 
 5689  1 
 5690  0 
 5691  0 
 5692  0 
 5693  1 
 5694  1 
 5695  0 
 5696  0 
 5697  0 
 5698  0 
 5699  0 
 5700  0 
 5701  0 
 5702  1 
 5703  0 
 5704  0 
 5705  0 
 5706  0 
 5707  0 
 5708  0 
 5709  0 
 5710  0 
 5711  0 
 5712  0 
 5713  0 
 5714  1 
 5715  0 
 5716  0 
 5717  0 
 5718  0 
 5719  0 
 5720  0 
 5721  0 
 5722  1 
 5723  0 
 5724  0 
 5725  0 
 5726  0 
 5727  1 
 5728  0 
 5729  0 
 5730  0 
 5731  0 
 5732  0 
 5733  0 
 5734  0 
 5735  0 
 5736  0 
 5737  0 
 5738  0 
 5739  1 
 5740  0 
 5741  1 
 5742  0 
 5743  0 
 5744  0 
 5745  0 
 5746  0 
 5747  0 
 5748  0 
 5749  0 
 5750  1 
 5751  1 
 5752  0 
 5753  0 
 5754  0 
 5755  0 
 5756  1 
 5757  0 
 5758  0 
 5759  0 
 5760  1 
 5761  0 
 5762  0 
 5763  0 
 5764  1 
 5765  0 
 5766  0 
 5767  0 
 5768  0 
 5769  0 
 5770  2 
 5771  1 
 5772  0 
 5773  0 
 5774  0 
 5775  0 
 5776  1 
 5777  1 
 5778  2 
 5779  0 
 5780  0 
 5781  1 
 5782  0 
 5783  0 
 5784  2 
 5785  1 
 5786  0 
 5787  0 
 5788  2 
 5789  0 
 5790  0 
 5791  0 
 5792  0 
 5793  0 
 5794  1 
 5795  1 
 5796  0 
 5797  0 
 5798  0 
 5799  0 
 5800  1 
 5801  0 
 5802  0 
 5803  0 
 5804  1 
 5805  0 
 5806  0 
 5807  1 
 5808  1 
 5809  0 
 5810  1 
 5811  0 
 5812  0 
 5813  2 
 5814  0 
 5815  0 
 5816  0 
 5817  0 
 5818  1 
 5819  1 
 5820  0 
 5821  0 
 5822  0 
 5823  0 
 5824  0 
 5825  1 
 5826  1 
 5827  0 
 5828  1 
 5829  1 
 5830  1 
 5831  0 
 5832  0 
 5833  0 
 5834  0 
 5835  0 
 5836  0 
 5837  0 
 5838  0 
 5839  0 
 5840  0 
 5841  0 
 5842  0 
 5843  0 
 5844  0 
 5845  1 
 5846  0 
 5847  0 
 5848  0 
 5849  0 
 5850  0 
 5851  0 
 5852  0 
 5853  1 
 5854  0 
 5855  0 
 5856  0 
 5857  0 
 5858  0 
 5859  0 
 5860  0 
 5861  0 
 5862  1 
 5863  0 
 5864  0 
 5865  0 
 5866  0 
 5867  0 
 5868  0 
 5869  0 
 5870  2 
 5871  0 
 5872  0 
 5873  0 
 5874  0 
 5875  0 
 5876  1 
 5877  0 
 5878  0 
 5879  0 
 5880  0 
 5881  0 
 5882  0 
 5883  0 
 5884  0 
 5885  0 
 5886  1 
 5887  0 
 5888  0 
 5889  1 
 5890  0 
 5891  0 
 5892  0 
 5893  1 
 5894  1 
 5895  0 
 5896  0 
 5897  0 
 5898  0 
 5899  0 
 5900  0 
 5901  0 
 5902  0 
 5903  0 
 5904  0 
 5905  1 
 5906  0 
 5907  0 
 5908  0 
 5909  0 
 5910  0 
 5911  0 
 5912  0 
 5913  0 
 5914  0 
 5915  0 
 5916  0 
 5917  0 
 5918  0 
 5919  0 
 5920  0 
 5921  0 
 5922  0 
 5923  0 
 5924  0 
 5925  0 
 5926  0 
 5927  0 
 5928  0 
 5929  0 
 5930  0 
 5931  0 
 5932  0 
 5933  0 
 5934  0 
 5935  0 
 5936  0 
 5937  0 
 5938  0 
 5939  1 
 5940  0 
 5941  0 
 5942  0 
 5943  0 
 5944  1 
 5945  1 
 5946  0 
 5947  0 
 5948  0 
 5949  0 
 5950  0 
 5951  0 
 5952  0 
 5953  0 
 5954  0 
 5955  0 
 5956  0 
 5957  0 
 5958  0 
 5959  0 
 5960  1 
 5961  1 
 5962  0 
 5963  0 
 5964  0 
 5965  0 
 5966  0 
 5967  0 
 5968  1 
 5969  1 
 5970  0 
 5971  0 
 5972  0 
 5973  1 
 5974  0 
 5975  0 
 5976  0 
 5977  0 
 5978  0 
 5979  0 
 5980  0 
 5981  0 
 5982  1 
 5983  0 
 5984  0 
 5985  0 
 5986  1 
 5987  0 
 5988  0 
 5989  0 
 5990  0 
 5991  0 
 5992  1 
 5993  0 
 5994  2 
 5995  0 
 5996  0 
 5997  1 
 5998  1 
 5999  2 
 6000  0 
 6001  0 
 6002  1 
 6003  0 
 6004  0 
 6005  0 
 6006  0 
 6007  0 
 6008  0 
 6009  1 
 6010  1 
 6011  0 
 6012  2 
 6013  0 
 6014  1 
 6015  0 
 6016  1 
 6017  0 
 6018  1 
 6019  0 
 6020  0 
 6021  0 
 6022  0 
 6023  0 
 6024  0 
 6025  0 
 6026  0 
 6027  0 
 6028  1 
 6029  0 
 6030  0 
 6031  0 
 6032  0 
 6033  0 
 6034  1 
 6035  0 
 6036  1 
 6037  0 
 6038  0 
 6039  1 
 6040  0 
 6041  0 
 6042  0 
 6043  0 
 6044  0 
 6045  0 
 6046  0 
 6047  0 
 6048  0 
 6049  0 
 6050  0 
 6051  0 
 6052  0 
 6053  0 
 6054  1 
 6055  0 
 6056  0 
 6057  0 
 6058  0 
 6059  0 
 6060  0 
 6061  0 
 6062  0 
 6063  0 
 6064  0 
 6065  0 
 6066  0 
 6067  0 
 6068  0 
 6069  0 
 6070  0 
 6071  0 
 6072  0 
 6073  0 
 6074  1 
 6075  0 
 6076  0 
 6077  0 
 6078  0 
 6079  0 
 6080  0 
 6081  0 
 6082  0 
 6083  0 
 6084  0 
 6085  0 
 6086  0 
 6087  0 
 6088  0 
 6089  0 
 6090  0 
 6091  0 
 6092  0 
 6093  0 
 6094  0 
 6095  0 
 6096  0 
 6097  0 
 6098  0 
 6099  1 
 6100  0 
 6101  1 
 6102  0 
 6103  0 
 6104  1 
 6105  0 
 6106  0 
 6107  0 
 6108  0 
 6109  0 
 6110  0 
 6111  0 
 6112  0 
 6113  0 
 6114  0 
 6115  0 
 6116  0 
 6117  0 
 6118  0 
 6119  1 
 6120  0 
 6121  0 
 6122  0 
 6123  0 
 6124  0 
 6125  1 
 6126  0 
 6127  0 
 6128  0 
 6129  0 
 6130  0 
 6131  0 
 6132  0 
 6133  0 
 6134  0 
 6135  0 
 6136  0 
 6137  0 
 6138  0 
 6139  0 
 6140  0 
 6141  0 
 6142  0 
 6143  0 
 6144  0 
 6145  0 
 6146  0 
 6147  0 
 6148  0 
 6149  0 
 6150  0 
 6151  0 
 6152  0 
 6153  0 
 6154  0 
 6155  0 
 6156  0 
 6157  0 
 6158  0 
 6159  0 
 6160  0 
 6161  0 
 6162  0 
 6163  0 
 6164  0 
 6165  2 
 6166  0 
 6167  0 
 6168  0 
 6169  0 
 6170  0 
 6171  1 
 6172  0 
 6173  0 
 6174  0 
 6175  0 
 6176  0 
 6177  0 
 6178  0 
 6179  0 
 6180  0 
 6181  0 
 6182  0 
 6183  0 
 6184  0 
 6185  0 
 6186  0 
 6187  0 
 6188  0 
 6189  0 
 6190  0 
 6191  0 
 6192  0 
 6193  1 
 6194  0 
 6195  0 
 6196  0 
 6197  1 
 6198  0 
 6199  0 
 6200  0 
 6201  0 
 6202  0 
 6203  0 
 6204  0 
 6205  1 
 6206  0 
 6207  0 
 6208  0 
 6209  0 
 6210  1 
 6211  0 
 6212  0 
 6213  0 
 6214  0 
 6215  0 
 6216  0 
 6217  0 
 6218  0 
 6219  0 
 6220  2 
 6221  0 
 6222  0 
 6223  0 
 6224  0 
 6225  0 
 6226  0 
 6227  0 
 6228  0 
 6229  0 
 6230  0 
 6231  0 
 6232  0 
 6233  0 
 6234  0 
 6235  0 
 6236  0 
 6237  0 
 6238  0 
 6239  0 
 6240  0 
 6241  0 
 6242  0 
 6243  0 
 6244  0 
 6245  0 
 6246  0 
 6247  0 
 6248  0 
 6249  0 
 6250  0 
 6251  0 
 6252  0 
 6253  0 
 6254  0 
 6255  0 
 6256  0 
 6257  0 
 6258  0 
 6259  0 
 6260  0 
 6261  0 
 6262  0 
 6263  0 
 6264  0 
 6265  0 
 6266  0 
 6267  0 
 6268  0 
 6269  0 
 6270  0 
 6271  0 
 6272  0 
 6273  0 
 6274  0 
 6275  0 
 6276  0 
 6277  0 
 6278  0 
 6279  0 
 6280  0 
 6281  0 
 6282  0 
 6283  0 
 6284  0 
 6285  0 
 6286  0 
 6287  0 
 6288  0 
 6289  0 
 6290  0 
 6291  0 
 6292  0 
 6293  0 
 6294  0 
 6295  0 
 6296  0 
 6297  0 
 6298  0 
 6299  0 
 6300  0 
 6301  0 
 6302  0 
 6303  0 
 6304  0 
 6305  0 
 6306  0 
 6307  0 
 6308  0 
 6309  0 
 6310  0 
 6311  0 
 6312  0 
 6313  0 
 6314  0 
 6315  0 
 6316  0 
 6317  0 
 6318  0 
 6319  0 
 6320  0 
 6321  0 
 6322  0 
 6323  0 
 6324  1 
 6325  0 
 6326  0 
 6327  0 
 6328  0 
 6329  0 
 6330  0 
 6331  0 
 6332  0 
 6333  0 
 6334  0 
 6335  0 
 6336  0 
 6337  0 
 6338  0 
 6339  0 
 6340  0 
 6341  0 
 6342  0 
 6343  0 
 6344  0 
 6345  0 
 6346  0 
 6347  0 
 6348  0 
 6349  0 
 6350  0 
 6351  0 
 6352  0 
 6353  0 
 6354  0 
 6355  0 
 6356  0 
 6357  0 
 6358  0 
 6359  0 
 6360  0 
 6361  0 
 6362  0 
 6363  0 
 6364  0 
 6365  0 
 6366  0 
 6367  0 
 6368  0 
 6369  0 
 6370  0 
 6371  0 
 6372  0 
 6373  0 
 6374  0 
 6375  0 
 6376  0 
 6377  0 
 6378  0 
 6379  0 
 6380  0 
 6381  0 
 6382  0 
 6383  0 
 6384  0 
 6385  0 
 6386  0 
 6387  0 
 6388  0 
 6389  0 
 6390  0 
 6391  0 
 6392  0 
 6393  0 
 6394  0 
 6395  0 
 6396  0 
 6397  0 
 6398  0 
 6399  0 
 6400  0 
 6401  0 
 6402  0 
 6403  0 
 6404  0 
 6405  0 
 6406  0 
 6407  0 
 6408  0 
 6409  0 
 6410  0 
 6411  0 
 6412  0 
 6413  0 
 6414  0 
 6415  0 
 6416  0 
 6417  0 
 6418  0 
 6419  0 
 6420  0 
 6421  0 
 6422  0 
 6423  0 
 6424  0 
 6425  0 
 6426  0 
 6427  0 
 6428  0 
 6429  0 
 6430  0 
 6431  0 
 6432  0 
 6433  0 
 6434  0 
 6435  0 
 6436  0 
 6437  0 
 6438  0 
 6439  0 
 6440  0 
 6441  0 
 6442  0 
 6443  0 
 6444  0 
 6445  0 
 6446  0 
 6447  0 
 6448  0 
 6449  0 
 6450  0 
 6451  0 
 6452  0 
 6453  0 
 6454  0 
 6455  0 
 6456  0 
 6457  0 
 6458  0 
 6459  0 
 6460  0 
 6461  0 
 6462  0 
 6463  0 
 6464  0 
 6465  0 
 6466  0 
 6467  0 
 6468  0 
 6469  0 
 6470  0 
 6471  0 
 6472  0 
 6473  0 
 6474  0 
 6475  0 
 6476  0 
 6477  0 
 6478  0 
 6479  0 
 6480  0 
 6481  0 
 6482  0 
 6483  0 
 6484  0 
 6485  0 
 6486  0 
 6487  0 
 6488  0 
 6489  0 
 6490  0 
 6491  0 
 6492  0 
 6493  0 
 6494  0 
 6495  0 
 6496  0 
 6497  0 
 6498  0 
 6499  0 
 6500  0 
 6501  0 
 6502  0 
 6503  0 
 6504  0 
 6505  0 
 6506  0 
 6507  0 
 6508  0 
 6509  0 
 6510  0 
 6511  0 
 6512  0 
 6513  0 
 6514  0 
 6515  0 
 6516  0 
 6517  0 
 6518  0 
 6519  0 
 6520  0 
 6521  0 
 6522  0 
 6523  0 
 6524  0 
 6525  0 
 6526  0 
 6527  0 
 6528  0 
 6529  0 
 6530  0 
 6531  0 
 6532  0 
 6533  0 
 6534  0 
 6535  0 
 6536  0 
 6537  0 
 6538  0 
 6539  0 
 6540  0 
 6541  0 
 6542  0 
 6543  0 
 6544  0 
 6545  0 
 6546  0 
 6547  0 
 6548  0 
 6549  0 
 6550  0 
 6551  0 
 6552  0 
 6553  0 
 6554  0 
 6555  0 
 6556  0 
 6557  0 
 6558  0 
 6559  0 
 6560  0 
 6561  0 
 6562  0 
 6563  0 
 6564  0 
 6565  0 
 6566  0 
 6567  0 
 6568  0 
 6569  0 
 6570  0 
 6571  0 
 6572  0 
 6573  0 
 6574  0 
 6575  0 
 6576  0 
 6577  0 
 6578  0 
 6579  0 
 6580  0 
 6581  0 
 6582  0 
 6583  0 
 6584  0 
 6585  0 
 6586  0 
 6587  0 
 6588  0 
 6589  0 
 6590  0 
 6591  0 
 6592  0 
 6593  0 
 6594  0 
 6595  0 
 6596  0 
 6597  0 
 6598  0 
 6599  0 
 6600  0 
 6601  0 
 6602  0 
 6603  0 
 6604  0 
 6605  0 
 6606  0 
 6607  0 
 6608  0 
 6609  0 
 6610  0 
 6611  0 
 6612  0 
 6613  0 
 6614  0 
 6615  0 
 6616  0 
 6617  0 
 6618  0 
 6619  0 
 6620  0 
 6621  0 
 6622  0 
 6623  0 
 6624  0 
 6625  0 
 6626  0 
 6627  0 
 6628  0 
 6629  0 
 6630  0 
 6631  0 
 6632  0 
 6633  0 
 6634  0 
 6635  0 
 6636  0 
 6637  0 
 6638  0 
 6639  0 
 6640  1 
 6641  1 
 6642  0 
 6643  0 
 6644  0 
 6645  0 
 6646  0 
 6647  0 
 6648  0 
 6649  0 
 6650  0 
 6651  0 
 6652  0 
 6653  0 
 6654  0 
 6655  0 
 6656  0 
 6657  0 
 6658  0 
 6659  0 
 6660  2 
 6661  0 
 6662  1 
 6663  0 
 6664  0 
 6665  0 
 6666  0 
 6667  0 
 6668  0 
 6669  0 
 6670  0 
 6671  0 
 6672  0 
 6673  0 
 6674  0 
 6675  0 
 6676  0 
 6677  0 
 6678  0 
 6679  0 
 6680  0 
 6681  1 
 6682  0 
 6683  0 
 6684  0 
 6685  0 
 6686  0 
 6687  0 
 6688  0 
 6689  0 
 6690  0 
 6691  0 
 6692  1 
 6693  0 
 6694  0 
 6695  0 
 6696  0 
 6697  0 
 6698  0 
 6699  0 
 6700  0 
 6701  0 
 6702  0 
 6703  0 
 6704  0 
 6705  0 
 6706  0 
 6707  1 
 6708  0 
 6709  0 
 6710  0 
 6711  0 
 6712  1 
 6713  0 
 6714  0 
 6715  0 
 6716  0 
 6717  0 
 6718  0 
 6719  0 
 6720  0 
 6721  0 
 6722  0 
 6723  0 
 6724  0 
 6725  0 
 6726  0 
 6727  1 
 6728  2 
 6729  1 
 6730  0 
 6731  1 
 6732  0 
 6733  0 
 6734  1 
 6735  2 
 6736  0 
 6737  1 
 6738  1 
 6739  0 
 6740  0 
 6741  0 
 6742  1 
 6743  1 
 6744  0 
 6745  0 
 6746  0 
 6747  0 
 6748  0 
 6749  1 
 6750  0 
 6751  0 
 6752  1 
 6753  0 
 6754  0 
 6755  1 
 6756  0 
 6757  0 
 6758  0 
 6759  0 
 6760  0 
 6761  0 
 6762  0 
 6763  2 
 6764  1 
 6765  1 
 6766  1 
 6767  0 
 6768  0 
 6769  0 
 6770  0 
 6771  0 
 6772  0 
 6773  1 
 6774  1 
 6775  0 
 6776  2 
 6777  0 
 6778  1 
 6779  3 
 6780  0 
 6781  0 
 6782  0 
 6783  1 
 6784  0 
 6785  0 
 6786  1 
 6787  0 
 6788  0 
 6789  1 
 6790  1 
 6791  0 
 6792  0 
 6793  1 
 6794  3 
 6795  0 
 6796  0 
 6797  0 
 6798  1 
 6799  1 
 6800  1 
 6801  1 
 6802  0 
 6803  0 
 6804  2 
 6805  1 
 6806  0 
 6807  0 
 6808  1 
 6809  1 
 6810  2 
 6811  0 
 6812  1 
 6813  0 
 6814  0 
 6815  0 
 6816  0 
 6817  0 
 6818  1 
 6819  0 
 6820  1 
 6821  0 
 6822  0 
 6823  1 
 6824  1 
 6825  0 
 6826  0 
 6827  0 
 6828  2 
 6829  0 
 6830  0 
 6831  0 
 6832  1 
 6833  2 
 6834  1 
 6835  2 
 6836  0 
 6837  0 
 6838  3 
 6839  0 
 6840  1 
 6841  0 
 6842  0 
 6843  1 
 6844  1 
 6845  0 
 6846  1 
 6847  1 
 6848  2 
 6849  0 
 6850  1 
 6851  0 
 6852  0 
 6853  0 
 6854  0 
 6855  0 
 6856  0 
 6857  0 
 6858  1 
 6859  0 
 6860  1 
 6861  0 
 6862  1 
 6863  0 
 6864  1 
 6865  1 
 6866  0 
 6867  0 
 6868  1 
 6869  1 
 6870  0 
 6871  0 
 6872  0 
 6873  0 
 6874  0 
 6875  0 
 6876  0 
 6877  0 
 6878  0 
 6879  1 
 6880  0 
 6881  1 
 6882  0 
 6883  0 
 6884  0 
 6885  0 
 6886  0 
 6887  0 
 6888  1 
 6889  1 
 6890  0 
 6891  0 
 6892  0 
 6893  0 
 6894  0 
 6895  0 
 6896  0 
 6897  0 
 6898  0 
 6899  0 
 6900  0 
 6901  0 
 6902  0 
 6903  0 
 6904  0 
 6905  0 
 6906  0 
 6907  0 
 6908  0 
 6909  0 
 6910  1 
 6911  0 
 6912  0 
 6913  0 
 6914  0 
 6915  0 
 6916  0 
 6917  0 
 6918  0 
 6919  0 
 6920  0 
 6921  0 
 6922  0 
 6923  0 
 6924  0 
 6925  0 
 6926  0 
 6927  0 
 6928  0 
 6929  0 
 6930  0 
 6931  0 
 6932  0 
 6933  0 
 6934  0 
 6935  0 
 6936  0 
 6937  0 
 6938  0 
 6939  0 
 6940  0 
 6941  0 
 6942  0 
 6943  0 
 6944  0 
 6945  0 
 6946  0 
 6947  0 
 6948  0 
 6949  0 
 6950  0 
 6951  0 
 6952  0 
 6953  0 
 6954  0 
 6955  0 
 6956  0 
 6957  0 
 6958  0 
 6959  0 
 6960  0 
 6961  0 
 6962  0 
 6963  0 
 6964  0 
 6965  0 
 6966  0 
 6967  0 
 6968  0 
 6969  0 
 6970  0 
 6971  0 
 6972  0 
 6973  0 
 6974  0 
 6975  0 
 6976  0 
 6977  0 
 6978  0 
 6979  0 
 6980  0 
 6981  0 
 6982  0 
 6983  0 
 6984  0 
 6985  0 
 6986  0 
 6987  0 
 6988  0 
 6989  0 
 6990  0 
 6991  0 
 6992  0 
 6993  0 
 6994  0 
 6995  0 
 6996  0 
 6997  0 
 6998  0 
 6999  0 
 7000  0 
 7001  0 
 7002  0 
 7003  0 
 7004  0 
 7005  0 
 7006  0 
 7007  0 
 7008  0 
 7009  0 
 7010  0 
 7011  0 
 7012  0 
 7013  0 
 7014  0 
 7015  0 
 7016  0 
 7017  0 
 7018  0 
 7019  0 
 7020  0 
 7021  0 
 7022  0 
 7023  0 
 7024  0 
 7025  0 
 7026  0 
 7027  0 
 7028  0 
 7029  0 
 7030  0 
 7031  0 
 7032  0 
 7033  0 
 7034  0 
 7035  0 
 7036  0 
 7037  0 
 7038  0 
 7039  0 
 7040  0 
 7041  0 
 7042  0 
 7043  0 
 7044  0 
 7045  0 
 7046  0 
 7047  0 
 7048  0 
 7049  0 
 7050  0 
 7051  0 
 7052  0 
 7053  0 
 7054  0 
 7055  0 
 7056  0 
 7057  0 
 7058  0 
 7059  0 
 7060  0 
 7061  0 
 7062  0 
 7063  0 
 7064  0 
 7065  0 
 7066  0 
 7067  0 
 7068  0 
 7069  0 
 7070  0 
 7071  0 
 7072  0 
 7073  0 
 7074  0 
 7075  0 
 7076  0 
 7077  0 
 7078  0 
 7079  0 
 7080  0 
 7081  0 
 7082  0 
 7083  0 
 7084  0 
 7085  0 
 7086  0 
 7087  0 
 7088  0 
 7089  0 
 7090  0 
 7091  0 
 7092  0 
 7093  0 
 7094  0 
 7095  0 
 7096  0 
 7097  0 
 7098  0 
 7099  0 
 7100  0 
 7101  0 
 7102  0 
 7103  0 
 7104  0 
 7105  0 
 7106  0 
 7107  0 
 7108  0 
 7109  0 
 7110  0 
 7111  0 
 7112  0 
 7113  0 
 7114  0 
 7115  0 
 7116  0 
 7117  0 
 7118  0 
 7119  0 
 7120  0 
 7121  0 
 7122  0 
 7123  0 
 7124  0 
 7125  0 
 7126  0 
 7127  0 
 7128  0 
 7129  0 
 7130  0 
 7131  0 
 7132  0 
 7133  0 
 7134  0 
 7135  0 
 7136  0 
 7137  0 
 7138  0 
 7139  0 
 7140  0 
 7141  0 
 7142  0 
 7143  0 
 7144  0 
 7145  0 
 7146  0 
 7147  0 
 7148  0 
 7149  0 
 7150  0 
 7151  0 
 7152  0 
 7153  0 
 7154  0 
 7155  0 
 7156  0 
 7157  0 
 7158  0 
 7159  0 
 7160  0 
 7161  0 
 7162  0 
 7163  0 
 7164  0 
 7165  0 
 7166  0 
 7167  0 
 7168  0 
 7169  0 
 7170  0 
 7171  0 
 7172  0 
 7173  0 
 7174  0 
 7175  0 
 7176  0 
 7177  0 
 7178  0 
 7179  0 
 7180  0 
 7181  0 
 7182  0 
 7183  0 
 7184  0 
 7185  0 
 7186  0 
 7187  0 
 7188  0 
 7189  0 
 7190  0 
 7191  0 
 7192  0 
 7193  0 
 7194  0 
 7195  0 
 7196  0 
 7197  0 
 7198  0 
 7199  0 
 7200  0 
 7201  0 
 7202  0 
 7203  0 
 7204  0 
 7205  0 
 7206  0 
 7207  0 
 7208  0 
 7209  0 
 7210  0 
 7211  0 
 7212  0 
 7213  0 
 7214  0 
 7215  0 
 7216  0 
 7217  0 
 7218  0 
 7219  0 
 7220  0 
 7221  0 
 7222  0 
 7223  0 
 7224  0 
 7225  0 
 7226  0 
 7227  0 
 7228  0 
 7229  0 
 7230  0 
 7231  0 
 7232  0 
 7233  0 
 7234  0 
 7235  0 
 7236  0 
 7237  0 
 7238  0 
 7239  0 
 7240  0 
 7241  0 
 7242  0 
 7243  0 
 7244  0 
 7245  0 
 7246  0 
 7247  0 
 7248  0 
 7249  0 
 7250  0 
 7251  0 
 7252  0 
 7253  0 
 7254  0 
 7255  0 
 7256  0 
 7257  0 
 7258  0 
 7259  0 
 7260  0 
 7261  0 
 7262  0 
 7263  0 
 7264  0 
 7265  0 
 7266  0 
 7267  0 
 7268  0 
 7269  0 
 7270  0 
 7271  0 
 7272  0 
 7273  0 
 7274  0 
 7275  0 
 7276  0 
 7277  0 
 7278  0 
 7279  0 
 7280  0 
 7281  0 
 7282  0 
 7283  0 
 7284  0 
 7285  0 
 7286  0 
 7287  0 
 7288  0 
 7289  0 
 7290  0 
 7291  0 
 7292  0 
 7293  0 
 7294  0 
 7295  0 
 7296  0 
 7297  0 
 7298  0 
 7299  0 
 7300  0 
 7301  0 
 7302  0 
 7303  0 
 7304  0 
 7305  0 
 7306  0 
 7307  0 
 7308  0 
 7309  0 
 7310  1 
 7311  0 
 7312  0 
 7313  0 
 7314  0 
 7315  0 
 7316  0 
 7317  0 
 7318  0 
 7319  0 
 7320  0 
 7321  0 
 7322  0 
 7323  0 
 7324  0 
 7325  0 
 7326  0 
 7327  0 
 7328  0 
 7329  0 
 7330  0 
 7331  0 
 7332  0 
 7333  0 
 7334  0 
 7335  0 
 7336  0 
 7337  0 
 7338  0 
 7339  0 
 7340  0 
 7341  0 
 7342  0 
 7343  0 
 7344  0 
 7345  0 
 7346  0 
 7347  0 
 7348  0 
 7349  0 
 7350  0 
 7351  0 
 7352  0 
 7353  0 
 7354  0 
 7355  0 
 7356  0 
 7357  0 
 7358  0 
 7359  0 
 7360  0 
 7361  0 
 7362  0 
 7363  0 
 7364  0 
 7365  0 
 7366  0 
 7367  0 
 7368  0 
 7369  0 
 7370  0 
 7371  0 
 7372  0 
 7373  0 
 7374  0 
 7375  0 
 7376  0 
 7377  0 
 7378  0 
 7379  0 
 7380  0 
 7381  0 
 7382  0 
 7383  0 
 7384  0 
 7385  0 
 7386  0 
 7387  0 
 7388  0 
 7389  0 
 7390  0 
 7391  0 
 7392  0 
 7393  0 
 7394  0 
 7395  0 
 7396  0 
 7397  0 
 7398  0 
 7399  0 
 7400  0 
 7401  0 
 7402  0 
 7403  0 
 7404  0 
 7405  0 
 7406  0 
 7407  0 
 7408  0 
 7409  0 
 7410  0 
 7411  0 
 7412  0 
 7413  0 
 7414  0 
 7415  0 
 7416  0 
 7417  0 
 7418  0 
 7419  0 
 7420  0 
 7421  0 
 7422  0 
 7423  0 
 7424  0 
 7425  0 
 7426  0 
 7427  0 
 7428  0 
 7429  0 
 7430  0 
 7431  0 
 7432  0 
 7433  0 
 7434  0 
 7435  0 
 7436  0 
 7437  0 
 7438  0 
 7439  0 
 7440  0 
 7441  0 
 7442  0 
 7443  0 
 7444  0 
 7445  0 
 7446  0 
 7447  0 
 7448  0 
 7449  0 
 7450  0 
 7451  0 
 7452  0 
 7453  0 
 7454  0 
 7455  0 
 7456  0 
 7457  0 
 7458  0 
 7459  0 
 7460  0 
 7461  0 
 7462  0 
 7463  0 
 7464  0 
 7465  0 
 7466  0 
 7467  0 
 7468  0 
 7469  0 
 7470  0 
 7471  0 
 7472  0 
 7473  0 
 7474  0 
 7475  0 
 7476  0 
 7477  0 
 7478  0 
 7479  0 
 7480  0 
 7481  0 
 7482  0 
 7483  0 
 7484  0 
 7485  0 
 7486  0 
 7487  0 
 7488  0 
 7489  0 
 7490  0 
 7491  0 
 7492  0 
 7493  0 
 7494  0 
 7495  0 
 7496  0 
 7497  0 
 7498  0 
 7499  0 
 7500  0 
 7501  0 
 7502  0 
 7503  0 
 7504  0 
 7505  0 
 7506  0 
 7507  0 
 7508  0 
 7509  0 
 7510  0 
 7511  0 
 7512  0 
 7513  0 
 7514  0 
 7515  0 
 7516  0 
 7517  0 
 7518  0 
 7519  0 
 7520  0 
 7521  0 
 7522  0 
 7523  0 
 7524  0 
 7525  0 
 7526  0 
 7527  0 
 7528  0 
 7529  0 
 7530  0 
 7531  0 
 7532  0 
 7533  0 
 7534  0 
 7535  0 
 7536  0 
 7537  0 
 7538  0 
 7539  0 
 7540  0 
 7541  0 
 7542  0 
 7543  0 
 7544  0 
 7545  0 
 7546  0 
 7547  0 
 7548  0 
 7549  0 
 7550  0 
 7551  0 
 7552  0 
 7553  0 
 7554  0 
 7555  0 
 7556  0 
 7557  0 
 7558  0 
 7559  0 
 7560  0 
 7561  0 
 7562  0 
 7563  0 
 7564  0 
 7565  0 
 7566  0 
 7567  0 
 7568  0 
 7569  0 
 7570  0 
 7571  0 
 7572  0 
 7573  0 
 7574  0 
 7575  0 
 7576  0 
 7577  0 
 7578  0 
 7579  0 
 7580  0 
 7581  0 
 7582  0 
 7583  0 
 7584  0 
 7585  0 
 7586  0 
 7587  0 
 7588  0 
 7589  0 
 7590  0 
 7591  0 
 7592  0 
 7593  0 
 7594  0 
 7595  0 
 7596  0 
 7597  0 
 7598  0 
 7599  0 
 7600  0 
 7601  0 
 7602  0 
 7603  0 
 7604  0 
 7605  0 
 7606  0 
 7607  0 
 7608  0 
 7609  0 
 7610  0 
 7611  0 
 7612  0 
 7613  0 
 7614  0 
 7615  0 
 7616  0 
 7617  0 
 7618  0 
 7619  0 
 7620  0 
 7621  0 
 7622  0 
 7623  0 
 7624  0 
 7625  0 
 7626  0 
 7627  0 
 7628  0 
 7629  0 
 7630  0 
 7631  0 
 7632  0 
 7633  0 
 7634  0 
 7635  0 
 7636  0 
 7637  0 
 7638  0 
 7639  0 
 7640  0 
 7641  0 
 7642  0 
 7643  0 
 7644  0 
 7645  0 
 7646  0 
 7647  0 
 7648  0 
 7649  0 
 7650  0 
 7651  0 
 7652  0 
 7653  0 
 7654  0 
 7655  0 
 7656  0 
 7657  0 
 7658  0 
 7659  0 
 7660  0 
 7661  0 
 7662  0 
 7663  0 
 7664  0 
 7665  0 
 7666  0 
 7667  0 
 7668  0 
 7669  0 
 7670  0 
 7671  0 
 7672  0 
 7673  0 
 7674  0 
 7675  0 
 7676  0 
 7677  0 
 7678  0 
 7679  0 
 7680  0 
 7681  0 
 7682  0 
 7683  0 
 7684  0 
 7685  0 
 7686  0 
 7687  0 
 7688  0 
 7689  0 
 7690  0 
 7691  0 
 7692  0 
 7693  0 
 7694  0 
 7695  0 
 7696  0 
 7697  0 
 7698  0 
 7699  0 
 7700  0 
 7701  0 
 7702  0 
 7703  0 
 7704  0 
 7705  0 
 7706  0 
 7707  0 
 7708  0 
 7709  0 
 7710  0 
 7711  0 
 7712  0 
 7713  0 
 7714  0 
 7715  0 
 7716  0 
 7717  0 
 7718  0 
 7719  0 
 7720  0 
 7721  0 
 7722  0 
 7723  0 
 7724  0 
 7725  0 
 7726  0 
 7727  0 
 7728  0 
 7729  0 
 7730  0 
 7731  0 
 7732  0 
 7733  0 
 7734  0 
 7735  0 
 7736  0 
 7737  0 
 7738  0 
 7739  0 
 7740  0 
 7741  0 
 7742  0 
 7743  0 
 7744  0 
 7745  0 
 7746  0 
 7747  0 
 7748  0 
 7749  0 
 7750  0 
 7751  0 
 7752  0 
 7753  0 
 7754  0 
 7755  0 
 7756  0 
 7757  0 
 7758  0 
 7759  0 
 7760  0 
 7761  0 
 7762  0 
 7763  0 
 7764  0 
 7765  0 
 7766  0 
 7767  0 
 7768  0 
 7769  0 
 7770  0 
 7771  0 
 7772  0 
 7773  0 
 7774  0 
 7775  0 
 7776  0 
 7777  0 
 7778  0 
 7779  0 
 7780  0 
 7781  0 
 7782  0 
 7783  0 
 7784  0 
 7785  0 
 7786  0 
 7787  0 
 7788  0 
 7789  0 
 7790  0 
 7791  0 
 7792  0 
 7793  0 
 7794  0 
 7795  0 
 7796  0 
 7797  0 
 7798  0 
 7799  0 
 7800  0 
 7801  0 
 7802  0 
 7803  0 
 7804  0 
 7805  0 
 7806  0 
 7807  0 
 7808  0 
 7809  0 
 7810  0 
 7811  0 
 7812  0 
 7813  0 
 7814  0 
 7815  0 
 7816  0 
 7817  0 
 7818  0 
 7819  0 
 7820  0 
 7821  0 
 7822  0 
 7823  0 
 7824  0 
 7825  0 
 7826  0 
 7827  0 
 7828  0 
 7829  0 
 7830  0 
 7831  0 
 7832  0 
 7833  0 
 7834  0 
 7835  0 
 7836  0 
 7837  0 
 7838  0 
 7839  0 
 7840  0 
 7841  0 
 7842  0 
 7843  0 
 7844  0 
 7845  0 
 7846  0 
 7847  0 
 7848  0 
 7849  0 
 7850  0 
 7851  0 
 7852  0 
 7853  0 
 7854  0 
 7855  0 
 7856  0 
 7857  0 
 7858  0 
 7859  0 
 7860  0 
 7861  0 
 7862  0 
 7863  0 
 7864  0 
 7865  0 
 7866  0 
 7867  0 
 7868  0 
 7869  0 
 7870  0 
 7871  0 
 7872  0 
 7873  0 
 7874  0 
 7875  0 
 7876  0 
 7877  0 
 7878  0 
 7879  0 
 7880  0 
 7881  0 
 7882  0 
 7883  0 
 7884  0 
 7885  0 
 7886  0 
 7887  0 
 7888  0 
 7889  0 
 7890  0 
 7891  0 
 7892  0 
 7893  0 
 7894  0 
 7895  0 
 7896  0 
 7897  0 
 7898  0 
 7899  0 
 7900  0 
 7901  0 
 7902  0 
 7903  0 
 7904  0 
 7905  0 
 7906  0 
 7907  0 
 7908  0 
 7909  0 
 7910  0 
 7911  0 
 7912  0 
 7913  0 
 7914  0 
 7915  0 
 7916  0 
 7917  0 
 7918  0 
 7919  0 
 7920  0 
 7921  0 
 7922  0 
 7923  0 
 7924  0 
 7925  0 
 7926  0 
 7927  0 
 7928  0 
 7929  0 
 7930  0 
 7931  0 
 7932  0 
 7933  0 
 7934  0 
 7935  0 
 7936  0 
 7937  0 
 7938  0 
 7939  0 
 7940  0 
 7941  0 
 7942  0 
 7943  0 
 7944  0 
 7945  0 
 7946  0 
 7947  0 
 7948  0 
 7949  0 
 7950  0 
 7951  0 
 7952  0 
 7953  0 
 7954  0 
 7955  0 
 7956  0 
 7957  0 
 7958  0 
 7959  0 
 7960  0 
 7961  0 
 7962  0 
 7963  0 
 7964  0 
 7965  0 
 7966  0 
 7967  0 
 7968  0 
 7969  0 
 7970  0 
 7971  0 
 7972  0 
 7973  0 
 7974  0 
 7975  0 
 7976  0 
 7977  0 
 7978  0 
 7979  0 
 7980  0 
 7981  0 
 7982  0 
 7983  0 
 7984  0 
 7985  0 
 7986  0 
 7987  0 
 7988  0 
 7989  0 
 7990  0 
 7991  0 
 7992  0 
 7993  0 
 7994  0 
 7995  0 
 7996  0 
 7997  0 
 7998  0 
 7999  0 
 8000  0 
 8001  0 
 8002  0 
 8003  0 
 8004  0 
 8005  0 
 8006  0 
 8007  0 
 8008  0 
 8009  0 
 8010  0 
 8011  0 
 8012  0 
 8013  0 
 8014  0 
 8015  0 
 8016  0 
 8017  0 
 8018  0 
 8019  0 
 8020  0 
 8021  0 
 8022  0 
 8023  0 
 8024  0 
 8025  0 
 8026  0 
 8027  0 
 8028  0 
 8029  0 
 8030  0 
 8031  0 
 8032  0 
 8033  0 
 8034  0 
 8035  0 
 8036  0 
 8037  0 
 8038  0 
 8039  0 
 8040  0 
 8041  0 
 8042  0 
 8043  0 
 8044  0 
 8045  0 
 8046  0 
 8047  0 
 8048  0 
 8049  0 
 8050  0 
 8051  0 
 8052  0 
 8053  0 
 8054  0 
 8055  0 
 8056  0 
 8057  0 
 8058  0 
 8059  0 
 8060  0 
 8061  0 
 8062  0 
 8063  0 
 8064  0 
 8065  0 
 8066  0 
 8067  0 
 8068  0 
 8069  0 
 8070  0 
 8071  0 
 8072  0 
 8073  0 
 8074  0 
 8075  0 
 8076  0 
 8077  0 
 8078  0 
 8079  0 
 8080  0 
 8081  0 
 8082  0 
 8083  0 
 8084  0 
 8085  0 
 8086  0 
 8087  0 
 8088  0 
 8089  0 
 8090  0 
 8091  0 
 8092  0 
 8093  0 
 8094  0 
 8095  0 
 8096  0 
 8097  0 
 8098  0 
 8099  0 
 8100  0 
 8101  0 
 8102  0 
 8103  0 
 8104  0 
 8105  0 
 8106  0 
 8107  0 
 8108  0 
 8109  0 
 8110  0 
 8111  0 
 8112  0 
 8113  0 
 8114  0 
 8115  0 
 8116  0 
 8117  0 
 8118  0 
 8119  0 
 8120  0 
 8121  0 
 8122  0 
 8123  0 
 8124  0 
 8125  0 
 8126  0 
 8127  0 
 8128  0 
 8129  0 
 8130  0 
 8131  0 
 8132  0 
 8133  0 
 8134  0 
 8135  0 
 8136  0 
 8137  0 
 8138  0 
 8139  0 
 8140  0 
 8141  0 
 8142  0 
 8143  0 
 8144  0 
 8145  0 
 8146  0 
 8147  0 
 8148  0 
 8149  0 
 8150  0 
 8151  0 
 8152  0 
 8153  0 
 8154  0 
 8155  0 
 8156  0 
 8157  0 
 8158  0 
 8159  0 
 8160  0 
 8161  0 
 8162  0 
 8163  0 
 8164  0 
 8165  0 
 8166  0 
 8167  0 
 8168  0 
 8169  0 
 8170  0 
 8171  0 
 8172  0 
 8173  0 
 8174  0 
 8175  0 
 8176  0 
 8177  0 
 8178  0 
 8179  0 
 8180  0 
 8181  0 
 8182  0 
 8183  0 
 8184  0 
 8185  0 
 8186  0 
 8187  0 
 8188  0 
 8189  0 
 8190  0 
 8191  0 
