 0  733 
 1  760 
 2  0 
 3  0 
 4  0 
 5  0 
 6  0 
 7  0 
 8  0 
 9  0 
 10  0 
 11  0 
 12  0 
 13  0 
 14  0 
 15  0 
 16  0 
 17  0 
 18  0 
 19  0 
 20  0 
 21  0 
 22  0 
 23  0 
 24  0 
 25  0 
 26  0 
 27  0 
 28  0 
 29  0 
 30  0 
 31  0 
 32  0 
 33  0 
 34  0 
 35  0 
 36  0 
 37  0 
 38  0 
 39  0 
 40  0 
 41  0 
 42  0 
 43  0 
 44  0 
 45  0 
 46  0 
 47  0 
 48  0 
 49  0 
 50  0 
 51  0 
 52  0 
 53  0 
 54  0 
 55  0 
 56  0 
 57  0 
 58  0 
 59  0 
 60  0 
 61  0 
 62  0 
 63  0 
 64  0 
 65  0 
 66  0 
 67  0 
 68  0 
 69  0 
 70  0 
 71  0 
 72  0 
 73  0 
 74  0 
 75  0 
 76  0 
 77  0 
 78  0 
 79  0 
 80  0 
 81  0 
 82  0 
 83  0 
 84  0 
 85  0 
 86  0 
 87  0 
 88  0 
 89  0 
 90  0 
 91  0 
 92  0 
 93  0 
 94  0 
 95  0 
 96  0 
 97  0 
 98  0 
 99  0 
 100  0 
 101  0 
 102  0 
 103  0 
 104  0 
 105  0 
 106  0 
 107  0 
 108  0 
 109  0 
 110  0 
 111  0 
 112  0 
 113  0 
 114  0 
 115  0 
 116  0 
 117  0 
 118  0 
 119  0 
 120  0 
 121  0 
 122  0 
 123  0 
 124  0 
 125  0 
 126  0 
 127  0 
 128  0 
 129  0 
 130  0 
 131  0 
 132  0 
 133  0 
 134  0 
 135  0 
 136  0 
 137  0 
 138  0 
 139  0 
 140  0 
 141  0 
 142  0 
 143  0 
 144  0 
 145  0 
 146  0 
 147  0 
 148  0 
 149  0 
 150  0 
 151  0 
 152  0 
 153  0 
 154  0 
 155  0 
 156  0 
 157  0 
 158  0 
 159  0 
 160  0 
 161  0 
 162  0 
 163  0 
 164  0 
 165  0 
 166  0 
 167  0 
 168  0 
 169  0 
 170  0 
 171  0 
 172  0 
 173  0 
 174  0 
 175  0 
 176  0 
 177  0 
 178  0 
 179  0 
 180  0 
 181  0 
 182  0 
 183  0 
 184  0 
 185  0 
 186  0 
 187  0 
 188  0 
 189  0 
 190  0 
 191  0 
 192  0 
 193  0 
 194  0 
 195  0 
 196  0 
 197  0 
 198  0 
 199  0 
 200  0 
 201  0 
 202  0 
 203  0 
 204  0 
 205  0 
 206  0 
 207  0 
 208  0 
 209  0 
 210  0 
 211  0 
 212  0 
 213  0 
 214  0 
 215  0 
 216  0 
 217  0 
 218  0 
 219  0 
 220  0 
 221  0 
 222  0 
 223  0 
 224  0 
 225  0 
 226  0 
 227  0 
 228  0 
 229  0 
 230  0 
 231  0 
 232  0 
 233  0 
 234  0 
 235  0 
 236  0 
 237  0 
 238  0 
 239  0 
 240  0 
 241  0 
 242  0 
 243  0 
 244  0 
 245  2 
 246  0 
 247  3 
 248  6 
 249  2 
 250  12 
 251  15 
 252  270 
 253  478 
 254  474 
 255  453 
 256  473 
 257  506 
 258  492 
 259  475 
 260  465 
 261  475 
 262  475 
 263  483 
 264  516 
 265  469 
 266  444 
 267  513 
 268  484 
 269  481 
 270  449 
 271  522 
 272  535 
 273  540 
 274  510 
 275  524 
 276  519 
 277  537 
 278  505 
 279  542 
 280  527 
 281  543 
 282  481 
 283  559 
 284  563 
 285  554 
 286  539 
 287  559 
 288  510 
 289  586 
 290  566 
 291  548 
 292  584 
 293  622 
 294  566 
 295  565 
 296  567 
 297  567 
 298  590 
 299  601 
 300  588 
 301  603 
 302  589 
 303  629 
 304  592 
 305  630 
 306  620 
 307  602 
 308  613 
 309  642 
 310  634 
 311  667 
 312  644 
 313  647 
 314  660 
 315  704 
 316  685 
 317  722 
 318  730 
 319  654 
 320  718 
 321  719 
 322  713 
 323  719 
 324  706 
 325  758 
 326  723 
 327  758 
 328  747 
 329  734 
 330  751 
 331  767 
 332  783 
 333  754 
 334  757 
 335  819 
 336  806 
 337  805 
 338  798 
 339  772 
 340  816 
 341  803 
 342  831 
 343  820 
 344  840 
 345  842 
 346  861 
 347  889 
 348  881 
 349  803 
 350  826 
 351  871 
 352  921 
 353  904 
 354  875 
 355  857 
 356  856 
 357  912 
 358  895 
 359  866 
 360  881 
 361  900 
 362  952 
 363  937 
 364  989 
 365  959 
 366  960 
 367  983 
 368  923 
 369  967 
 370  983 
 371  990 
 372  949 
 373  1052 
 374  1009 
 375  1001 
 376  1023 
 377  1014 
 378  1011 
 379  1062 
 380  1045 
 381  1049 
 382  1049 
 383  1052 
 384  1085 
 385  1069 
 386  1014 
 387  1061 
 388  1042 
 389  1091 
 390  1035 
 391  1137 
 392  1073 
 393  1129 
 394  1081 
 395  1045 
 396  1181 
 397  1027 
 398  1124 
 399  1143 
 400  1084 
 401  1118 
 402  1151 
 403  1155 
 404  1099 
 405  1133 
 406  1115 
 407  1187 
 408  1109 
 409  1113 
 410  1124 
 411  1157 
 412  1162 
 413  1193 
 414  1206 
 415  1186 
 416  1136 
 417  1136 
 418  1173 
 419  1205 
 420  1130 
 421  1194 
 422  1154 
 423  1208 
 424  1145 
 425  1146 
 426  1129 
 427  1125 
 428  1157 
 429  1093 
 430  1163 
 431  1159 
 432  1147 
 433  1154 
 434  1109 
 435  1082 
 436  1106 
 437  1178 
 438  1162 
 439  1140 
 440  1087 
 441  1142 
 442  1097 
 443  1125 
 444  1125 
 445  1178 
 446  1135 
 447  1074 
 448  1102 
 449  1116 
 450  1076 
 451  1107 
 452  1061 
 453  1016 
 454  1029 
 455  1084 
 456  1052 
 457  1073 
 458  1030 
 459  1063 
 460  1047 
 461  1044 
 462  1063 
 463  949 
 464  1012 
 465  1016 
 466  961 
 467  974 
 468  946 
 469  958 
 470  941 
 471  921 
 472  871 
 473  905 
 474  939 
 475  873 
 476  880 
 477  845 
 478  867 
 479  867 
 480  863 
 481  881 
 482  844 
 483  828 
 484  849 
 485  818 
 486  793 
 487  794 
 488  779 
 489  760 
 490  747 
 491  739 
 492  701 
 493  690 
 494  699 
 495  700 
 496  681 
 497  674 
 498  691 
 499  643 
 500  634 
 501  573 
 502  628 
 503  625 
 504  542 
 505  556 
 506  558 
 507  541 
 508  502 
 509  530 
 510  526 
 511  502 
 512  494 
 513  456 
 514  463 
 515  473 
 516  414 
 517  434 
 518  432 
 519  430 
 520  367 
 521  377 
 522  363 
 523  374 
 524  371 
 525  351 
 526  378 
 527  331 
 528  304 
 529  330 
 530  293 
 531  292 
 532  271 
 533  239 
 534  280 
 535  220 
 536  275 
 537  265 
 538  236 
 539  221 
 540  241 
 541  202 
 542  187 
 543  192 
 544  218 
 545  186 
 546  191 
 547  175 
 548  183 
 549  183 
 550  189 
 551  191 
 552  204 
 553  176 
 554  171 
 555  167 
 556  143 
 557  154 
 558  142 
 559  163 
 560  162 
 561  158 
 562  150 
 563  157 
 564  168 
 565  115 
 566  153 
 567  154 
 568  142 
 569  146 
 570  167 
 571  153 
 572  153 
 573  138 
 574  156 
 575  162 
 576  143 
 577  130 
 578  127 
 579  135 
 580  123 
 581  135 
 582  156 
 583  155 
 584  144 
 585  143 
 586  148 
 587  128 
 588  140 
 589  156 
 590  144 
 591  138 
 592  139 
 593  130 
 594  134 
 595  129 
 596  122 
 597  133 
 598  132 
 599  149 
 600  138 
 601  126 
 602  144 
 603  144 
 604  110 
 605  123 
 606  124 
 607  135 
 608  138 
 609  129 
 610  126 
 611  127 
 612  127 
 613  109 
 614  136 
 615  121 
 616  134 
 617  111 
 618  119 
 619  114 
 620  138 
 621  114 
 622  122 
 623  131 
 624  133 
 625  136 
 626  123 
 627  111 
 628  106 
 629  132 
 630  137 
 631  136 
 632  130 
 633  129 
 634  107 
 635  124 
 636  114 
 637  134 
 638  126 
 639  106 
 640  120 
 641  126 
 642  115 
 643  127 
 644  132 
 645  103 
 646  95 
 647  111 
 648  125 
 649  121 
 650  137 
 651  120 
 652  135 
 653  122 
 654  110 
 655  139 
 656  97 
 657  105 
 658  120 
 659  105 
 660  111 
 661  117 
 662  137 
 663  119 
 664  124 
 665  123 
 666  127 
 667  145 
 668  113 
 669  110 
 670  99 
 671  103 
 672  101 
 673  114 
 674  121 
 675  124 
 676  107 
 677  104 
 678  132 
 679  119 
 680  116 
 681  114 
 682  112 
 683  104 
 684  103 
 685  99 
 686  104 
 687  109 
 688  93 
 689  112 
 690  108 
 691  107 
 692  92 
 693  121 
 694  99 
 695  114 
 696  112 
 697  110 
 698  116 
 699  95 
 700  98 
 701  106 
 702  84 
 703  115 
 704  100 
 705  102 
 706  111 
 707  80 
 708  86 
 709  90 
 710  90 
 711  102 
 712  110 
 713  92 
 714  85 
 715  97 
 716  96 
 717  96 
 718  91 
 719  99 
 720  89 
 721  102 
 722  93 
 723  81 
 724  103 
 725  101 
 726  108 
 727  81 
 728  87 
 729  102 
 730  100 
 731  84 
 732  109 
 733  91 
 734  97 
 735  94 
 736  81 
 737  78 
 738  104 
 739  101 
 740  95 
 741  126 
 742  100 
 743  105 
 744  109 
 745  90 
 746  81 
 747  101 
 748  85 
 749  85 
 750  84 
 751  86 
 752  87 
 753  89 
 754  90 
 755  95 
 756  100 
 757  88 
 758  86 
 759  96 
 760  71 
 761  88 
 762  95 
 763  92 
 764  74 
 765  85 
 766  92 
 767  84 
 768  92 
 769  68 
 770  80 
 771  76 
 772  100 
 773  84 
 774  78 
 775  75 
 776  84 
 777  84 
 778  73 
 779  72 
 780  84 
 781  78 
 782  68 
 783  77 
 784  67 
 785  71 
 786  72 
 787  67 
 788  71 
 789  68 
 790  64 
 791  60 
 792  84 
 793  72 
 794  69 
 795  68 
 796  74 
 797  71 
 798  67 
 799  73 
 800  65 
 801  64 
 802  78 
 803  54 
 804  55 
 805  67 
 806  46 
 807  61 
 808  64 
 809  44 
 810  59 
 811  72 
 812  49 
 813  55 
 814  57 
 815  45 
 816  60 
 817  58 
 818  54 
 819  56 
 820  53 
 821  49 
 822  59 
 823  49 
 824  67 
 825  46 
 826  52 
 827  54 
 828  43 
 829  53 
 830  44 
 831  43 
 832  57 
 833  40 
 834  39 
 835  55 
 836  48 
 837  69 
 838  35 
 839  56 
 840  30 
 841  59 
 842  48 
 843  46 
 844  44 
 845  54 
 846  52 
 847  46 
 848  44 
 849  57 
 850  47 
 851  50 
 852  53 
 853  43 
 854  45 
 855  44 
 856  32 
 857  43 
 858  48 
 859  42 
 860  55 
 861  48 
 862  43 
 863  43 
 864  43 
 865  42 
 866  47 
 867  42 
 868  52 
 869  61 
 870  51 
 871  42 
 872  41 
 873  46 
 874  35 
 875  43 
 876  42 
 877  47 
 878  49 
 879  39 
 880  52 
 881  50 
 882  42 
 883  43 
 884  42 
 885  48 
 886  47 
 887  41 
 888  44 
 889  41 
 890  30 
 891  32 
 892  26 
 893  45 
 894  34 
 895  52 
 896  49 
 897  32 
 898  44 
 899  41 
 900  41 
 901  33 
 902  38 
 903  40 
 904  42 
 905  31 
 906  25 
 907  42 
 908  42 
 909  39 
 910  32 
 911  38 
 912  38 
 913  55 
 914  50 
 915  39 
 916  45 
 917  50 
 918  42 
 919  48 
 920  26 
 921  37 
 922  39 
 923  38 
 924  44 
 925  40 
 926  36 
 927  41 
 928  34 
 929  27 
 930  36 
 931  33 
 932  44 
 933  40 
 934  50 
 935  27 
 936  34 
 937  42 
 938  37 
 939  33 
 940  41 
 941  37 
 942  32 
 943  28 
 944  44 
 945  48 
 946  29 
 947  26 
 948  38 
 949  32 
 950  41 
 951  38 
 952  36 
 953  38 
 954  47 
 955  43 
 956  39 
 957  41 
 958  48 
 959  33 
 960  33 
 961  45 
 962  31 
 963  24 
 964  32 
 965  40 
 966  41 
 967  33 
 968  31 
 969  41 
 970  39 
 971  40 
 972  45 
 973  34 
 974  35 
 975  39 
 976  40 
 977  29 
 978  32 
 979  38 
 980  36 
 981  34 
 982  40 
 983  40 
 984  36 
 985  33 
 986  36 
 987  25 
 988  41 
 989  34 
 990  41 
 991  30 
 992  42 
 993  30 
 994  42 
 995  36 
 996  33 
 997  35 
 998  34 
 999  48 
 1000  41 
 1001  41 
 1002  32 
 1003  34 
 1004  30 
 1005  44 
 1006  45 
 1007  32 
 1008  48 
 1009  19 
 1010  43 
 1011  35 
 1012  32 
 1013  30 
 1014  38 
 1015  37 
 1016  37 
 1017  29 
 1018  34 
 1019  40 
 1020  32 
 1021  39 
 1022  40 
 1023  28 
 1024  35 
 1025  37 
 1026  40 
 1027  36 
 1028  34 
 1029  40 
 1030  33 
 1031  39 
 1032  37 
 1033  34 
 1034  34 
 1035  37 
 1036  25 
 1037  39 
 1038  27 
 1039  31 
 1040  27 
 1041  17 
 1042  28 
 1043  33 
 1044  31 
 1045  26 
 1046  26 
 1047  40 
 1048  43 
 1049  37 
 1050  28 
 1051  27 
 1052  30 
 1053  29 
 1054  30 
 1055  20 
 1056  30 
 1057  29 
 1058  36 
 1059  31 
 1060  32 
 1061  27 
 1062  40 
 1063  28 
 1064  40 
 1065  33 
 1066  40 
 1067  37 
 1068  30 
 1069  27 
 1070  30 
 1071  43 
 1072  37 
 1073  33 
 1074  34 
 1075  27 
 1076  30 
 1077  32 
 1078  30 
 1079  37 
 1080  31 
 1081  28 
 1082  26 
 1083  38 
 1084  31 
 1085  29 
 1086  28 
 1087  29 
 1088  23 
 1089  21 
 1090  26 
 1091  29 
 1092  26 
 1093  30 
 1094  32 
 1095  32 
 1096  38 
 1097  27 
 1098  27 
 1099  28 
 1100  23 
 1101  18 
 1102  33 
 1103  35 
 1104  25 
 1105  32 
 1106  31 
 1107  36 
 1108  39 
 1109  27 
 1110  30 
 1111  26 
 1112  32 
 1113  35 
 1114  41 
 1115  21 
 1116  22 
 1117  31 
 1118  24 
 1119  31 
 1120  29 
 1121  22 
 1122  28 
 1123  23 
 1124  23 
 1125  24 
 1126  39 
 1127  31 
 1128  26 
 1129  32 
 1130  25 
 1131  37 
 1132  30 
 1133  28 
 1134  30 
 1135  35 
 1136  34 
 1137  25 
 1138  31 
 1139  32 
 1140  25 
 1141  27 
 1142  29 
 1143  31 
 1144  25 
 1145  30 
 1146  36 
 1147  21 
 1148  28 
 1149  34 
 1150  31 
 1151  30 
 1152  30 
 1153  30 
 1154  22 
 1155  28 
 1156  29 
 1157  30 
 1158  26 
 1159  28 
 1160  36 
 1161  27 
 1162  33 
 1163  33 
 1164  31 
 1165  37 
 1166  29 
 1167  32 
 1168  29 
 1169  31 
 1170  27 
 1171  24 
 1172  32 
 1173  24 
 1174  32 
 1175  30 
 1176  22 
 1177  36 
 1178  31 
 1179  16 
 1180  19 
 1181  33 
 1182  26 
 1183  27 
 1184  27 
 1185  23 
 1186  29 
 1187  30 
 1188  34 
 1189  21 
 1190  37 
 1191  23 
 1192  29 
 1193  29 
 1194  33 
 1195  35 
 1196  24 
 1197  22 
 1198  36 
 1199  30 
 1200  27 
 1201  23 
 1202  18 
 1203  30 
 1204  25 
 1205  32 
 1206  27 
 1207  36 
 1208  27 
 1209  18 
 1210  19 
 1211  25 
 1212  36 
 1213  26 
 1214  30 
 1215  20 
 1216  18 
 1217  15 
 1218  28 
 1219  25 
 1220  29 
 1221  32 
 1222  30 
 1223  27 
 1224  25 
 1225  29 
 1226  33 
 1227  30 
 1228  29 
 1229  31 
 1230  23 
 1231  22 
 1232  29 
 1233  25 
 1234  22 
 1235  22 
 1236  27 
 1237  26 
 1238  23 
 1239  23 
 1240  26 
 1241  31 
 1242  38 
 1243  31 
 1244  21 
 1245  27 
 1246  27 
 1247  31 
 1248  18 
 1249  26 
 1250  33 
 1251  19 
 1252  19 
 1253  26 
 1254  24 
 1255  24 
 1256  26 
 1257  26 
 1258  22 
 1259  32 
 1260  27 
 1261  25 
 1262  21 
 1263  33 
 1264  25 
 1265  31 
 1266  20 
 1267  22 
 1268  24 
 1269  21 
 1270  27 
 1271  25 
 1272  29 
 1273  12 
 1274  26 
 1275  20 
 1276  32 
 1277  16 
 1278  22 
 1279  28 
 1280  24 
 1281  30 
 1282  24 
 1283  28 
 1284  22 
 1285  30 
 1286  24 
 1287  24 
 1288  26 
 1289  19 
 1290  21 
 1291  26 
 1292  16 
 1293  27 
 1294  24 
 1295  20 
 1296  24 
 1297  25 
 1298  23 
 1299  28 
 1300  31 
 1301  17 
 1302  13 
 1303  34 
 1304  16 
 1305  20 
 1306  25 
 1307  26 
 1308  32 
 1309  26 
 1310  22 
 1311  21 
 1312  26 
 1313  23 
 1314  24 
 1315  32 
 1316  23 
 1317  21 
 1318  29 
 1319  22 
 1320  27 
 1321  29 
 1322  18 
 1323  30 
 1324  24 
 1325  21 
 1326  28 
 1327  30 
 1328  30 
 1329  31 
 1330  32 
 1331  22 
 1332  21 
 1333  22 
 1334  21 
 1335  20 
 1336  27 
 1337  29 
 1338  19 
 1339  28 
 1340  27 
 1341  24 
 1342  20 
 1343  19 
 1344  27 
 1345  21 
 1346  22 
 1347  26 
 1348  23 
 1349  23 
 1350  28 
 1351  16 
 1352  30 
 1353  26 
 1354  27 
 1355  21 
 1356  18 
 1357  18 
 1358  21 
 1359  30 
 1360  26 
 1361  20 
 1362  26 
 1363  26 
 1364  20 
 1365  26 
 1366  33 
 1367  25 
 1368  31 
 1369  30 
 1370  22 
 1371  27 
 1372  26 
 1373  26 
 1374  16 
 1375  23 
 1376  24 
 1377  21 
 1378  34 
 1379  20 
 1380  25 
 1381  20 
 1382  18 
 1383  27 
 1384  22 
 1385  25 
 1386  31 
 1387  21 
 1388  19 
 1389  24 
 1390  24 
 1391  24 
 1392  23 
 1393  17 
 1394  25 
 1395  25 
 1396  17 
 1397  21 
 1398  21 
 1399  22 
 1400  25 
 1401  25 
 1402  31 
 1403  22 
 1404  16 
 1405  31 
 1406  17 
 1407  26 
 1408  22 
 1409  25 
 1410  19 
 1411  15 
 1412  24 
 1413  22 
 1414  18 
 1415  17 
 1416  23 
 1417  31 
 1418  19 
 1419  28 
 1420  20 
 1421  29 
 1422  23 
 1423  16 
 1424  22 
 1425  19 
 1426  20 
 1427  19 
 1428  18 
 1429  25 
 1430  24 
 1431  26 
 1432  28 
 1433  29 
 1434  25 
 1435  20 
 1436  22 
 1437  18 
 1438  24 
 1439  28 
 1440  23 
 1441  24 
 1442  22 
 1443  15 
 1444  20 
 1445  18 
 1446  23 
 1447  25 
 1448  24 
 1449  22 
 1450  27 
 1451  25 
 1452  28 
 1453  13 
 1454  20 
 1455  23 
 1456  29 
 1457  20 
 1458  25 
 1459  20 
 1460  14 
 1461  21 
 1462  27 
 1463  19 
 1464  15 
 1465  21 
 1466  15 
 1467  19 
 1468  22 
 1469  26 
 1470  16 
 1471  17 
 1472  27 
 1473  11 
 1474  24 
 1475  33 
 1476  20 
 1477  21 
 1478  17 
 1479  14 
 1480  19 
 1481  18 
 1482  16 
 1483  22 
 1484  20 
 1485  31 
 1486  16 
 1487  17 
 1488  26 
 1489  22 
 1490  9 
 1491  24 
 1492  19 
 1493  24 
 1494  25 
 1495  27 
 1496  19 
 1497  20 
 1498  23 
 1499  29 
 1500  22 
 1501  20 
 1502  22 
 1503  16 
 1504  17 
 1505  23 
 1506  16 
 1507  23 
 1508  27 
 1509  19 
 1510  28 
 1511  23 
 1512  21 
 1513  19 
 1514  24 
 1515  20 
 1516  12 
 1517  19 
 1518  19 
 1519  16 
 1520  20 
 1521  26 
 1522  36 
 1523  18 
 1524  21 
 1525  21 
 1526  18 
 1527  18 
 1528  14 
 1529  24 
 1530  14 
 1531  28 
 1532  24 
 1533  22 
 1534  22 
 1535  18 
 1536  18 
 1537  18 
 1538  15 
 1539  28 
 1540  12 
 1541  14 
 1542  14 
 1543  31 
 1544  18 
 1545  18 
 1546  18 
 1547  18 
 1548  24 
 1549  11 
 1550  24 
 1551  14 
 1552  18 
 1553  18 
 1554  17 
 1555  23 
 1556  31 
 1557  29 
 1558  23 
 1559  26 
 1560  14 
 1561  22 
 1562  18 
 1563  16 
 1564  22 
 1565  18 
 1566  22 
 1567  22 
 1568  17 
 1569  16 
 1570  18 
 1571  31 
 1572  20 
 1573  20 
 1574  6 
 1575  19 
 1576  23 
 1577  15 
 1578  21 
 1579  26 
 1580  15 
 1581  22 
 1582  17 
 1583  19 
 1584  16 
 1585  26 
 1586  21 
 1587  21 
 1588  31 
 1589  22 
 1590  19 
 1591  21 
 1592  16 
 1593  14 
 1594  22 
 1595  25 
 1596  18 
 1597  23 
 1598  21 
 1599  13 
 1600  17 
 1601  21 
 1602  20 
 1603  21 
 1604  25 
 1605  15 
 1606  10 
 1607  15 
 1608  20 
 1609  22 
 1610  25 
 1611  24 
 1612  21 
 1613  14 
 1614  23 
 1615  14 
 1616  18 
 1617  21 
 1618  13 
 1619  23 
 1620  18 
 1621  17 
 1622  14 
 1623  18 
 1624  11 
 1625  12 
 1626  16 
 1627  19 
 1628  27 
 1629  19 
 1630  14 
 1631  18 
 1632  22 
 1633  19 
 1634  21 
 1635  22 
 1636  17 
 1637  24 
 1638  13 
 1639  20 
 1640  23 
 1641  22 
 1642  14 
 1643  14 
 1644  21 
 1645  18 
 1646  21 
 1647  23 
 1648  15 
 1649  16 
 1650  20 
 1651  22 
 1652  19 
 1653  18 
 1654  13 
 1655  22 
 1656  26 
 1657  14 
 1658  15 
 1659  18 
 1660  23 
 1661  28 
 1662  25 
 1663  28 
 1664  32 
 1665  15 
 1666  26 
 1667  26 
 1668  24 
 1669  19 
 1670  21 
 1671  24 
 1672  24 
 1673  23 
 1674  15 
 1675  11 
 1676  21 
 1677  20 
 1678  23 
 1679  16 
 1680  21 
 1681  20 
 1682  24 
 1683  15 
 1684  17 
 1685  20 
 1686  21 
 1687  14 
 1688  22 
 1689  26 
 1690  19 
 1691  21 
 1692  26 
 1693  28 
 1694  16 
 1695  31 
 1696  24 
 1697  21 
 1698  14 
 1699  27 
 1700  19 
 1701  16 
 1702  27 
 1703  28 
 1704  32 
 1705  35 
 1706  26 
 1707  31 
 1708  26 
 1709  38 
 1710  32 
 1711  35 
 1712  28 
 1713  29 
 1714  36 
 1715  35 
 1716  31 
 1717  33 
 1718  28 
 1719  40 
 1720  42 
 1721  49 
 1722  43 
 1723  40 
 1724  48 
 1725  45 
 1726  44 
 1727  54 
 1728  53 
 1729  47 
 1730  37 
 1731  38 
 1732  60 
 1733  45 
 1734  68 
 1735  57 
 1736  53 
 1737  61 
 1738  62 
 1739  65 
 1740  66 
 1741  62 
 1742  95 
 1743  67 
 1744  81 
 1745  78 
 1746  90 
 1747  90 
 1748  94 
 1749  97 
 1750  94 
 1751  93 
 1752  93 
 1753  124 
 1754  110 
 1755  121 
 1756  146 
 1757  109 
 1758  140 
 1759  120 
 1760  148 
 1761  139 
 1762  123 
 1763  154 
 1764  191 
 1765  151 
 1766  182 
 1767  202 
 1768  175 
 1769  162 
 1770  183 
 1771  226 
 1772  233 
 1773  205 
 1774  209 
 1775  242 
 1776  263 
 1777  245 
 1778  257 
 1779  259 
 1780  285 
 1781  290 
 1782  302 
 1783  302 
 1784  312 
 1785  312 
 1786  303 
 1787  343 
 1788  358 
 1789  350 
 1790  353 
 1791  377 
 1792  378 
 1793  402 
 1794  387 
 1795  394 
 1796  399 
 1797  404 
 1798  408 
 1799  440 
 1800  407 
 1801  463 
 1802  419 
 1803  452 
 1804  462 
 1805  487 
 1806  468 
 1807  482 
 1808  497 
 1809  525 
 1810  524 
 1811  527 
 1812  528 
 1813  504 
 1814  493 
 1815  504 
 1816  558 
 1817  573 
 1818  514 
 1819  506 
 1820  537 
 1821  539 
 1822  539 
 1823  544 
 1824  552 
 1825  519 
 1826  557 
 1827  494 
 1828  487 
 1829  511 
 1830  513 
 1831  524 
 1832  535 
 1833  531 
 1834  520 
 1835  551 
 1836  534 
 1837  532 
 1838  566 
 1839  508 
 1840  508 
 1841  499 
 1842  467 
 1843  459 
 1844  459 
 1845  487 
 1846  522 
 1847  476 
 1848  430 
 1849  484 
 1850  465 
 1851  434 
 1852  432 
 1853  421 
 1854  424 
 1855  420 
 1856  414 
 1857  399 
 1858  382 
 1859  366 
 1860  391 
 1861  349 
 1862  344 
 1863  317 
 1864  334 
 1865  343 
 1866  314 
 1867  326 
 1868  289 
 1869  335 
 1870  266 
 1871  283 
 1872  261 
 1873  275 
 1874  236 
 1875  245 
 1876  245 
 1877  229 
 1878  208 
 1879  218 
 1880  191 
 1881  227 
 1882  177 
 1883  165 
 1884  174 
 1885  176 
 1886  187 
 1887  163 
 1888  133 
 1889  158 
 1890  130 
 1891  146 
 1892  116 
 1893  129 
 1894  108 
 1895  112 
 1896  104 
 1897  98 
 1898  91 
 1899  83 
 1900  81 
 1901  79 
 1902  87 
 1903  89 
 1904  68 
 1905  67 
 1906  49 
 1907  66 
 1908  49 
 1909  49 
 1910  53 
 1911  60 
 1912  38 
 1913  35 
 1914  54 
 1915  30 
 1916  43 
 1917  30 
 1918  32 
 1919  38 
 1920  31 
 1921  28 
 1922  33 
 1923  26 
 1924  25 
 1925  33 
 1926  17 
 1927  28 
 1928  27 
 1929  20 
 1930  21 
 1931  17 
 1932  16 
 1933  30 
 1934  20 
 1935  23 
 1936  14 
 1937  19 
 1938  15 
 1939  15 
 1940  17 
 1941  15 
 1942  21 
 1943  19 
 1944  25 
 1945  25 
 1946  11 
 1947  21 
 1948  18 
 1949  21 
 1950  13 
 1951  13 
 1952  14 
 1953  16 
 1954  18 
 1955  10 
 1956  19 
 1957  25 
 1958  17 
 1959  15 
 1960  16 
 1961  13 
 1962  22 
 1963  15 
 1964  14 
 1965  11 
 1966  17 
 1967  16 
 1968  13 
 1969  11 
 1970  9 
 1971  9 
 1972  18 
 1973  12 
 1974  15 
 1975  11 
 1976  11 
 1977  12 
 1978  11 
 1979  10 
 1980  18 
 1981  14 
 1982  10 
 1983  17 
 1984  12 
 1985  15 
 1986  9 
 1987  19 
 1988  11 
 1989  19 
 1990  8 
 1991  13 
 1992  19 
 1993  16 
 1994  10 
 1995  22 
 1996  12 
 1997  17 
 1998  17 
 1999  11 
 2000  21 
 2001  10 
 2002  23 
 2003  8 
 2004  12 
 2005  15 
 2006  11 
 2007  19 
 2008  15 
 2009  18 
 2010  14 
 2011  16 
 2012  9 
 2013  12 
 2014  10 
 2015  12 
 2016  8 
 2017  16 
 2018  14 
 2019  18 
 2020  10 
 2021  16 
 2022  15 
 2023  11 
 2024  15 
 2025  14 
 2026  9 
 2027  12 
 2028  9 
 2029  8 
 2030  8 
 2031  18 
 2032  17 
 2033  14 
 2034  15 
 2035  18 
 2036  13 
 2037  8 
 2038  17 
 2039  12 
 2040  15 
 2041  15 
 2042  13 
 2043  7 
 2044  14 
 2045  13 
 2046  21 
 2047  17 
 2048  10 
 2049  13 
 2050  13 
 2051  16 
 2052  18 
 2053  10 
 2054  13 
 2055  11 
 2056  7 
 2057  13 
 2058  9 
 2059  10 
 2060  16 
 2061  18 
 2062  13 
 2063  14 
 2064  8 
 2065  10 
 2066  12 
 2067  10 
 2068  9 
 2069  8 
 2070  10 
 2071  17 
 2072  13 
 2073  9 
 2074  17 
 2075  16 
 2076  6 
 2077  6 
 2078  14 
 2079  10 
 2080  17 
 2081  9 
 2082  15 
 2083  14 
 2084  11 
 2085  16 
 2086  9 
 2087  13 
 2088  13 
 2089  19 
 2090  10 
 2091  13 
 2092  8 
 2093  7 
 2094  18 
 2095  18 
 2096  9 
 2097  13 
 2098  9 
 2099  6 
 2100  7 
 2101  25 
 2102  10 
 2103  11 
 2104  16 
 2105  10 
 2106  13 
 2107  13 
 2108  11 
 2109  14 
 2110  18 
 2111  11 
 2112  17 
 2113  14 
 2114  16 
 2115  10 
 2116  15 
 2117  15 
 2118  16 
 2119  8 
 2120  11 
 2121  11 
 2122  21 
 2123  13 
 2124  9 
 2125  8 
 2126  10 
 2127  8 
 2128  11 
 2129  16 
 2130  12 
 2131  16 
 2132  10 
 2133  11 
 2134  7 
 2135  4 
 2136  17 
 2137  13 
 2138  18 
 2139  12 
 2140  19 
 2141  14 
 2142  22 
 2143  12 
 2144  15 
 2145  8 
 2146  9 
 2147  15 
 2148  8 
 2149  4 
 2150  9 
 2151  12 
 2152  17 
 2153  7 
 2154  7 
 2155  8 
 2156  16 
 2157  11 
 2158  13 
 2159  17 
 2160  12 
 2161  10 
 2162  6 
 2163  11 
 2164  7 
 2165  19 
 2166  10 
 2167  6 
 2168  10 
 2169  13 
 2170  12 
 2171  14 
 2172  10 
 2173  10 
 2174  8 
 2175  11 
 2176  5 
 2177  10 
 2178  22 
 2179  15 
 2180  15 
 2181  10 
 2182  11 
 2183  10 
 2184  5 
 2185  18 
 2186  13 
 2187  16 
 2188  13 
 2189  11 
 2190  9 
 2191  11 
 2192  9 
 2193  7 
 2194  9 
 2195  17 
 2196  14 
 2197  15 
 2198  17 
 2199  8 
 2200  11 
 2201  14 
 2202  21 
 2203  15 
 2204  8 
 2205  17 
 2206  12 
 2207  19 
 2208  4 
 2209  8 
 2210  7 
 2211  12 
 2212  10 
 2213  17 
 2214  6 
 2215  11 
 2216  16 
 2217  15 
 2218  10 
 2219  21 
 2220  12 
 2221  10 
 2222  10 
 2223  16 
 2224  22 
 2225  6 
 2226  11 
 2227  9 
 2228  10 
 2229  11 
 2230  10 
 2231  11 
 2232  12 
 2233  16 
 2234  18 
 2235  12 
 2236  10 
 2237  15 
 2238  8 
 2239  9 
 2240  13 
 2241  8 
 2242  14 
 2243  7 
 2244  11 
 2245  13 
 2246  10 
 2247  15 
 2248  14 
 2249  11 
 2250  10 
 2251  11 
 2252  14 
 2253  8 
 2254  14 
 2255  14 
 2256  7 
 2257  11 
 2258  16 
 2259  14 
 2260  10 
 2261  7 
 2262  14 
 2263  11 
 2264  10 
 2265  16 
 2266  8 
 2267  10 
 2268  12 
 2269  10 
 2270  20 
 2271  9 
 2272  10 
 2273  13 
 2274  12 
 2275  11 
 2276  12 
 2277  13 
 2278  8 
 2279  11 
 2280  7 
 2281  10 
 2282  14 
 2283  14 
 2284  12 
 2285  13 
 2286  16 
 2287  14 
 2288  10 
 2289  6 
 2290  6 
 2291  6 
 2292  15 
 2293  6 
 2294  7 
 2295  6 
 2296  9 
 2297  9 
 2298  6 
 2299  9 
 2300  5 
 2301  10 
 2302  11 
 2303  8 
 2304  10 
 2305  18 
 2306  10 
 2307  6 
 2308  17 
 2309  11 
 2310  12 
 2311  7 
 2312  12 
 2313  13 
 2314  6 
 2315  6 
 2316  14 
 2317  4 
 2318  12 
 2319  10 
 2320  11 
 2321  14 
 2322  12 
 2323  13 
 2324  6 
 2325  11 
 2326  11 
 2327  8 
 2328  20 
 2329  12 
 2330  9 
 2331  9 
 2332  13 
 2333  15 
 2334  6 
 2335  23 
 2336  4 
 2337  9 
 2338  10 
 2339  16 
 2340  12 
 2341  15 
 2342  10 
 2343  9 
 2344  18 
 2345  15 
 2346  9 
 2347  14 
 2348  8 
 2349  12 
 2350  7 
 2351  11 
 2352  13 
 2353  13 
 2354  11 
 2355  13 
 2356  8 
 2357  12 
 2358  11 
 2359  12 
 2360  11 
 2361  14 
 2362  11 
 2363  13 
 2364  15 
 2365  5 
 2366  13 
 2367  11 
 2368  6 
 2369  11 
 2370  14 
 2371  13 
 2372  14 
 2373  13 
 2374  13 
 2375  8 
 2376  10 
 2377  11 
 2378  8 
 2379  12 
 2380  12 
 2381  17 
 2382  15 
 2383  10 
 2384  15 
 2385  13 
 2386  14 
 2387  5 
 2388  12 
 2389  17 
 2390  17 
 2391  9 
 2392  17 
 2393  7 
 2394  10 
 2395  6 
 2396  13 
 2397  12 
 2398  17 
 2399  9 
 2400  10 
 2401  11 
 2402  15 
 2403  11 
 2404  10 
 2405  12 
 2406  11 
 2407  14 
 2408  10 
 2409  7 
 2410  19 
 2411  13 
 2412  14 
 2413  8 
 2414  14 
 2415  15 
 2416  11 
 2417  8 
 2418  16 
 2419  13 
 2420  5 
 2421  10 
 2422  6 
 2423  12 
 2424  12 
 2425  12 
 2426  15 
 2427  6 
 2428  9 
 2429  10 
 2430  6 
 2431  10 
 2432  14 
 2433  7 
 2434  9 
 2435  13 
 2436  9 
 2437  15 
 2438  11 
 2439  9 
 2440  8 
 2441  7 
 2442  13 
 2443  12 
 2444  12 
 2445  12 
 2446  6 
 2447  15 
 2448  14 
 2449  13 
 2450  12 
 2451  14 
 2452  9 
 2453  11 
 2454  7 
 2455  5 
 2456  12 
 2457  6 
 2458  15 
 2459  11 
 2460  10 
 2461  14 
 2462  10 
 2463  17 
 2464  9 
 2465  13 
 2466  11 
 2467  6 
 2468  7 
 2469  15 
 2470  6 
 2471  15 
 2472  12 
 2473  11 
 2474  12 
 2475  14 
 2476  5 
 2477  12 
 2478  10 
 2479  8 
 2480  12 
 2481  10 
 2482  14 
 2483  11 
 2484  10 
 2485  11 
 2486  12 
 2487  5 
 2488  5 
 2489  10 
 2490  12 
 2491  11 
 2492  6 
 2493  14 
 2494  13 
 2495  11 
 2496  10 
 2497  16 
 2498  8 
 2499  8 
 2500  15 
 2501  12 
 2502  8 
 2503  5 
 2504  13 
 2505  7 
 2506  10 
 2507  10 
 2508  7 
 2509  15 
 2510  7 
 2511  9 
 2512  15 
 2513  10 
 2514  14 
 2515  9 
 2516  13 
 2517  10 
 2518  10 
 2519  14 
 2520  9 
 2521  9 
 2522  13 
 2523  13 
 2524  9 
 2525  14 
 2526  12 
 2527  13 
 2528  11 
 2529  10 
 2530  8 
 2531  11 
 2532  14 
 2533  10 
 2534  9 
 2535  17 
 2536  17 
 2537  6 
 2538  10 
 2539  10 
 2540  10 
 2541  13 
 2542  9 
 2543  14 
 2544  12 
 2545  10 
 2546  10 
 2547  9 
 2548  13 
 2549  15 
 2550  17 
 2551  17 
 2552  11 
 2553  9 
 2554  11 
 2555  12 
 2556  12 
 2557  10 
 2558  10 
 2559  7 
 2560  8 
 2561  14 
 2562  10 
 2563  13 
 2564  8 
 2565  18 
 2566  14 
 2567  8 
 2568  16 
 2569  9 
 2570  9 
 2571  15 
 2572  8 
 2573  4 
 2574  9 
 2575  7 
 2576  9 
 2577  7 
 2578  14 
 2579  8 
 2580  9 
 2581  14 
 2582  10 
 2583  10 
 2584  12 
 2585  16 
 2586  13 
 2587  13 
 2588  8 
 2589  13 
 2590  20 
 2591  15 
 2592  11 
 2593  17 
 2594  13 
 2595  13 
 2596  7 
 2597  14 
 2598  10 
 2599  12 
 2600  14 
 2601  7 
 2602  11 
 2603  4 
 2604  14 
 2605  9 
 2606  9 
 2607  8 
 2608  15 
 2609  8 
 2610  12 
 2611  9 
 2612  10 
 2613  11 
 2614  12 
 2615  9 
 2616  11 
 2617  11 
 2618  12 
 2619  9 
 2620  11 
 2621  14 
 2622  11 
 2623  10 
 2624  10 
 2625  8 
 2626  15 
 2627  13 
 2628  7 
 2629  8 
 2630  9 
 2631  7 
 2632  13 
 2633  13 
 2634  17 
 2635  12 
 2636  8 
 2637  11 
 2638  10 
 2639  14 
 2640  10 
 2641  13 
 2642  13 
 2643  13 
 2644  9 
 2645  8 
 2646  4 
 2647  16 
 2648  14 
 2649  10 
 2650  17 
 2651  7 
 2652  7 
 2653  10 
 2654  14 
 2655  11 
 2656  11 
 2657  16 
 2658  9 
 2659  8 
 2660  9 
 2661  16 
 2662  13 
 2663  13 
 2664  12 
 2665  16 
 2666  12 
 2667  10 
 2668  18 
 2669  11 
 2670  14 
 2671  14 
 2672  21 
 2673  15 
 2674  6 
 2675  7 
 2676  13 
 2677  10 
 2678  11 
 2679  15 
 2680  13 
 2681  13 
 2682  15 
 2683  7 
 2684  14 
 2685  24 
 2686  14 
 2687  7 
 2688  8 
 2689  15 
 2690  13 
 2691  15 
 2692  12 
 2693  17 
 2694  16 
 2695  16 
 2696  13 
 2697  7 
 2698  11 
 2699  12 
 2700  11 
 2701  8 
 2702  10 
 2703  19 
 2704  7 
 2705  16 
 2706  13 
 2707  13 
 2708  5 
 2709  14 
 2710  14 
 2711  20 
 2712  21 
 2713  18 
 2714  18 
 2715  12 
 2716  16 
 2717  20 
 2718  16 
 2719  17 
 2720  18 
 2721  18 
 2722  15 
 2723  12 
 2724  21 
 2725  17 
 2726  21 
 2727  16 
 2728  18 
 2729  14 
 2730  15 
 2731  20 
 2732  11 
 2733  15 
 2734  14 
 2735  14 
 2736  19 
 2737  18 
 2738  15 
 2739  14 
 2740  14 
 2741  10 
 2742  16 
 2743  12 
 2744  13 
 2745  18 
 2746  19 
 2747  16 
 2748  15 
 2749  12 
 2750  13 
 2751  12 
 2752  10 
 2753  10 
 2754  18 
 2755  14 
 2756  16 
 2757  14 
 2758  15 
 2759  12 
 2760  8 
 2761  17 
 2762  13 
 2763  10 
 2764  13 
 2765  16 
 2766  16 
 2767  14 
 2768  22 
 2769  12 
 2770  11 
 2771  18 
 2772  12 
 2773  15 
 2774  10 
 2775  10 
 2776  10 
 2777  12 
 2778  4 
 2779  13 
 2780  13 
 2781  15 
 2782  8 
 2783  13 
 2784  7 
 2785  12 
 2786  12 
 2787  17 
 2788  11 
 2789  6 
 2790  13 
 2791  11 
 2792  13 
 2793  9 
 2794  12 
 2795  5 
 2796  12 
 2797  9 
 2798  11 
 2799  11 
 2800  8 
 2801  12 
 2802  12 
 2803  8 
 2804  9 
 2805  14 
 2806  11 
 2807  20 
 2808  12 
 2809  17 
 2810  16 
 2811  7 
 2812  17 
 2813  12 
 2814  10 
 2815  7 
 2816  15 
 2817  14 
 2818  8 
 2819  12 
 2820  15 
 2821  12 
 2822  12 
 2823  7 
 2824  6 
 2825  10 
 2826  6 
 2827  20 
 2828  18 
 2829  17 
 2830  16 
 2831  12 
 2832  18 
 2833  16 
 2834  6 
 2835  14 
 2836  10 
 2837  8 
 2838  11 
 2839  10 
 2840  7 
 2841  13 
 2842  10 
 2843  11 
 2844  9 
 2845  2 
 2846  14 
 2847  7 
 2848  22 
 2849  9 
 2850  10 
 2851  6 
 2852  13 
 2853  12 
 2854  12 
 2855  14 
 2856  11 
 2857  14 
 2858  11 
 2859  9 
 2860  10 
 2861  5 
 2862  9 
 2863  14 
 2864  14 
 2865  15 
 2866  11 
 2867  12 
 2868  14 
 2869  10 
 2870  10 
 2871  12 
 2872  7 
 2873  12 
 2874  11 
 2875  11 
 2876  14 
 2877  6 
 2878  7 
 2879  20 
 2880  10 
 2881  15 
 2882  8 
 2883  14 
 2884  9 
 2885  10 
 2886  9 
 2887  7 
 2888  17 
 2889  21 
 2890  10 
 2891  10 
 2892  12 
 2893  6 
 2894  17 
 2895  6 
 2896  11 
 2897  12 
 2898  12 
 2899  14 
 2900  10 
 2901  11 
 2902  10 
 2903  21 
 2904  11 
 2905  15 
 2906  10 
 2907  17 
 2908  9 
 2909  11 
 2910  18 
 2911  13 
 2912  8 
 2913  7 
 2914  13 
 2915  14 
 2916  14 
 2917  9 
 2918  10 
 2919  5 
 2920  9 
 2921  11 
 2922  9 
 2923  13 
 2924  12 
 2925  9 
 2926  11 
 2927  21 
 2928  15 
 2929  17 
 2930  11 
 2931  10 
 2932  9 
 2933  14 
 2934  20 
 2935  10 
 2936  9 
 2937  8 
 2938  8 
 2939  8 
 2940  14 
 2941  8 
 2942  9 
 2943  11 
 2944  11 
 2945  10 
 2946  11 
 2947  16 
 2948  11 
 2949  10 
 2950  9 
 2951  15 
 2952  11 
 2953  10 
 2954  11 
 2955  16 
 2956  13 
 2957  12 
 2958  12 
 2959  16 
 2960  12 
 2961  10 
 2962  7 
 2963  10 
 2964  8 
 2965  8 
 2966  9 
 2967  13 
 2968  12 
 2969  12 
 2970  13 
 2971  18 
 2972  11 
 2973  11 
 2974  13 
 2975  9 
 2976  12 
 2977  10 
 2978  14 
 2979  9 
 2980  14 
 2981  12 
 2982  6 
 2983  11 
 2984  19 
 2985  13 
 2986  10 
 2987  10 
 2988  8 
 2989  5 
 2990  14 
 2991  11 
 2992  7 
 2993  18 
 2994  13 
 2995  16 
 2996  10 
 2997  9 
 2998  17 
 2999  11 
 3000  8 
 3001  9 
 3002  12 
 3003  7 
 3004  14 
 3005  13 
 3006  13 
 3007  8 
 3008  12 
 3009  8 
 3010  10 
 3011  11 
 3012  13 
 3013  9 
 3014  7 
 3015  15 
 3016  14 
 3017  11 
 3018  10 
 3019  5 
 3020  10 
 3021  6 
 3022  13 
 3023  11 
 3024  7 
 3025  11 
 3026  14 
 3027  9 
 3028  10 
 3029  9 
 3030  14 
 3031  10 
 3032  14 
 3033  15 
 3034  12 
 3035  13 
 3036  8 
 3037  10 
 3038  9 
 3039  11 
 3040  11 
 3041  10 
 3042  13 
 3043  12 
 3044  10 
 3045  14 
 3046  8 
 3047  11 
 3048  11 
 3049  15 
 3050  8 
 3051  10 
 3052  17 
 3053  16 
 3054  15 
 3055  13 
 3056  7 
 3057  12 
 3058  13 
 3059  16 
 3060  12 
 3061  10 
 3062  13 
 3063  6 
 3064  12 
 3065  20 
 3066  12 
 3067  9 
 3068  12 
 3069  13 
 3070  12 
 3071  20 
 3072  21 
 3073  11 
 3074  12 
 3075  10 
 3076  12 
 3077  10 
 3078  11 
 3079  16 
 3080  16 
 3081  14 
 3082  17 
 3083  11 
 3084  12 
 3085  14 
 3086  16 
 3087  14 
 3088  9 
 3089  7 
 3090  8 
 3091  18 
 3092  10 
 3093  15 
 3094  8 
 3095  17 
 3096  17 
 3097  11 
 3098  15 
 3099  13 
 3100  10 
 3101  16 
 3102  9 
 3103  16 
 3104  14 
 3105  11 
 3106  10 
 3107  14 
 3108  10 
 3109  9 
 3110  17 
 3111  9 
 3112  9 
 3113  18 
 3114  8 
 3115  10 
 3116  9 
 3117  5 
 3118  9 
 3119  11 
 3120  6 
 3121  14 
 3122  5 
 3123  12 
 3124  10 
 3125  13 
 3126  11 
 3127  15 
 3128  14 
 3129  4 
 3130  9 
 3131  11 
 3132  16 
 3133  8 
 3134  10 
 3135  9 
 3136  13 
 3137  15 
 3138  16 
 3139  13 
 3140  16 
 3141  15 
 3142  8 
 3143  13 
 3144  14 
 3145  14 
 3146  13 
 3147  16 
 3148  16 
 3149  6 
 3150  13 
 3151  15 
 3152  7 
 3153  7 
 3154  8 
 3155  15 
 3156  13 
 3157  11 
 3158  18 
 3159  11 
 3160  10 
 3161  12 
 3162  10 
 3163  11 
 3164  13 
 3165  10 
 3166  20 
 3167  14 
 3168  9 
 3169  15 
 3170  13 
 3171  13 
 3172  11 
 3173  13 
 3174  16 
 3175  8 
 3176  13 
 3177  14 
 3178  15 
 3179  11 
 3180  15 
 3181  8 
 3182  14 
 3183  13 
 3184  16 
 3185  8 
 3186  14 
 3187  13 
 3188  7 
 3189  10 
 3190  11 
 3191  6 
 3192  16 
 3193  13 
 3194  12 
 3195  8 
 3196  14 
 3197  12 
 3198  13 
 3199  13 
 3200  11 
 3201  13 
 3202  12 
 3203  16 
 3204  11 
 3205  11 
 3206  8 
 3207  16 
 3208  14 
 3209  16 
 3210  16 
 3211  20 
 3212  9 
 3213  10 
 3214  11 
 3215  10 
 3216  13 
 3217  15 
 3218  16 
 3219  13 
 3220  17 
 3221  11 
 3222  19 
 3223  19 
 3224  9 
 3225  14 
 3226  11 
 3227  9 
 3228  16 
 3229  18 
 3230  12 
 3231  12 
 3232  13 
 3233  19 
 3234  15 
 3235  16 
 3236  13 
 3237  13 
 3238  11 
 3239  11 
 3240  12 
 3241  17 
 3242  20 
 3243  19 
 3244  12 
 3245  17 
 3246  18 
 3247  16 
 3248  10 
 3249  11 
 3250  15 
 3251  15 
 3252  12 
 3253  16 
 3254  14 
 3255  15 
 3256  10 
 3257  20 
 3258  11 
 3259  15 
 3260  18 
 3261  18 
 3262  17 
 3263  10 
 3264  9 
 3265  12 
 3266  17 
 3267  11 
 3268  21 
 3269  21 
 3270  13 
 3271  15 
 3272  14 
 3273  11 
 3274  6 
 3275  14 
 3276  9 
 3277  15 
 3278  16 
 3279  14 
 3280  10 
 3281  11 
 3282  13 
 3283  16 
 3284  14 
 3285  17 
 3286  12 
 3287  10 
 3288  12 
 3289  23 
 3290  16 
 3291  15 
 3292  13 
 3293  14 
 3294  20 
 3295  14 
 3296  11 
 3297  15 
 3298  9 
 3299  20 
 3300  17 
 3301  18 
 3302  8 
 3303  17 
 3304  21 
 3305  10 
 3306  15 
 3307  8 
 3308  13 
 3309  12 
 3310  13 
 3311  19 
 3312  13 
 3313  13 
 3314  11 
 3315  22 
 3316  21 
 3317  18 
 3318  17 
 3319  12 
 3320  8 
 3321  16 
 3322  9 
 3323  23 
 3324  19 
 3325  11 
 3326  14 
 3327  10 
 3328  11 
 3329  11 
 3330  10 
 3331  15 
 3332  19 
 3333  15 
 3334  14 
 3335  13 
 3336  11 
 3337  13 
 3338  15 
 3339  17 
 3340  15 
 3341  11 
 3342  16 
 3343  18 
 3344  16 
 3345  9 
 3346  15 
 3347  17 
 3348  14 
 3349  14 
 3350  15 
 3351  15 
 3352  23 
 3353  14 
 3354  17 
 3355  8 
 3356  11 
 3357  13 
 3358  17 
 3359  13 
 3360  8 
 3361  14 
 3362  15 
 3363  13 
 3364  20 
 3365  14 
 3366  18 
 3367  7 
 3368  16 
 3369  12 
 3370  13 
 3371  16 
 3372  14 
 3373  10 
 3374  16 
 3375  20 
 3376  9 
 3377  18 
 3378  24 
 3379  12 
 3380  24 
 3381  8 
 3382  8 
 3383  20 
 3384  8 
 3385  20 
 3386  21 
 3387  17 
 3388  17 
 3389  11 
 3390  20 
 3391  16 
 3392  11 
 3393  17 
 3394  14 
 3395  22 
 3396  10 
 3397  11 
 3398  15 
 3399  12 
 3400  19 
 3401  20 
 3402  14 
 3403  9 
 3404  12 
 3405  12 
 3406  18 
 3407  20 
 3408  13 
 3409  19 
 3410  8 
 3411  18 
 3412  14 
 3413  14 
 3414  5 
 3415  8 
 3416  12 
 3417  19 
 3418  17 
 3419  16 
 3420  17 
 3421  16 
 3422  15 
 3423  23 
 3424  6 
 3425  16 
 3426  17 
 3427  12 
 3428  13 
 3429  8 
 3430  14 
 3431  8 
 3432  14 
 3433  16 
 3434  18 
 3435  22 
 3436  10 
 3437  10 
 3438  20 
 3439  11 
 3440  18 
 3441  12 
 3442  17 
 3443  20 
 3444  13 
 3445  17 
 3446  13 
 3447  12 
 3448  17 
 3449  15 
 3450  10 
 3451  15 
 3452  17 
 3453  17 
 3454  18 
 3455  15 
 3456  14 
 3457  16 
 3458  18 
 3459  14 
 3460  19 
 3461  24 
 3462  21 
 3463  11 
 3464  13 
 3465  15 
 3466  16 
 3467  14 
 3468  23 
 3469  17 
 3470  8 
 3471  14 
 3472  20 
 3473  16 
 3474  14 
 3475  11 
 3476  12 
 3477  22 
 3478  19 
 3479  16 
 3480  13 
 3481  20 
 3482  14 
 3483  19 
 3484  9 
 3485  25 
 3486  15 
 3487  11 
 3488  17 
 3489  17 
 3490  24 
 3491  17 
 3492  17 
 3493  23 
 3494  18 
 3495  24 
 3496  13 
 3497  18 
 3498  22 
 3499  18 
 3500  25 
 3501  16 
 3502  19 
 3503  13 
 3504  15 
 3505  15 
 3506  18 
 3507  28 
 3508  18 
 3509  23 
 3510  27 
 3511  26 
 3512  14 
 3513  9 
 3514  13 
 3515  13 
 3516  27 
 3517  16 
 3518  29 
 3519  16 
 3520  15 
 3521  13 
 3522  17 
 3523  28 
 3524  28 
 3525  24 
 3526  22 
 3527  28 
 3528  21 
 3529  22 
 3530  22 
 3531  28 
 3532  18 
 3533  23 
 3534  27 
 3535  17 
 3536  25 
 3537  27 
 3538  25 
 3539  14 
 3540  29 
 3541  23 
 3542  27 
 3543  24 
 3544  31 
 3545  28 
 3546  28 
 3547  39 
 3548  35 
 3549  35 
 3550  22 
 3551  23 
 3552  36 
 3553  35 
 3554  30 
 3555  45 
 3556  34 
 3557  26 
 3558  34 
 3559  44 
 3560  40 
 3561  35 
 3562  29 
 3563  34 
 3564  41 
 3565  36 
 3566  36 
 3567  50 
 3568  53 
 3569  50 
 3570  58 
 3571  58 
 3572  45 
 3573  44 
 3574  48 
 3575  67 
 3576  60 
 3577  57 
 3578  69 
 3579  52 
 3580  71 
 3581  76 
 3582  75 
 3583  61 
 3584  75 
 3585  64 
 3586  71 
 3587  72 
 3588  81 
 3589  95 
 3590  76 
 3591  76 
 3592  106 
 3593  72 
 3594  92 
 3595  103 
 3596  83 
 3597  89 
 3598  116 
 3599  86 
 3600  110 
 3601  97 
 3602  122 
 3603  103 
 3604  128 
 3605  123 
 3606  137 
 3607  129 
 3608  145 
 3609  125 
 3610  130 
 3611  157 
 3612  168 
 3613  158 
 3614  149 
 3615  181 
 3616  182 
 3617  173 
 3618  155 
 3619  204 
 3620  180 
 3621  199 
 3622  203 
 3623  208 
 3624  244 
 3625  232 
 3626  239 
 3627  250 
 3628  212 
 3629  259 
 3630  266 
 3631  273 
 3632  277 
 3633  270 
 3634  302 
 3635  281 
 3636  298 
 3637  275 
 3638  305 
 3639  294 
 3640  327 
 3641  336 
 3642  298 
 3643  300 
 3644  319 
 3645  300 
 3646  328 
 3647  282 
 3648  304 
 3649  344 
 3650  297 
 3651  329 
 3652  325 
 3653  292 
 3654  308 
 3655  281 
 3656  297 
 3657  307 
 3658  282 
 3659  283 
 3660  290 
 3661  269 
 3662  265 
 3663  246 
 3664  241 
 3665  242 
 3666  247 
 3667  204 
 3668  226 
 3669  215 
 3670  180 
 3671  180 
 3672  163 
 3673  173 
 3674  146 
 3675  134 
 3676  122 
 3677  129 
 3678  107 
 3679  103 
 3680  92 
 3681  106 
 3682  78 
 3683  96 
 3684  91 
 3685  82 
 3686  57 
 3687  55 
 3688  52 
 3689  66 
 3690  46 
 3691  53 
 3692  55 
 3693  46 
 3694  54 
 3695  38 
 3696  32 
 3697  42 
 3698  37 
 3699  36 
 3700  30 
 3701  29 
 3702  37 
 3703  38 
 3704  23 
 3705  28 
 3706  32 
 3707  24 
 3708  37 
 3709  44 
 3710  40 
 3711  43 
 3712  36 
 3713  42 
 3714  37 
 3715  45 
 3716  32 
 3717  33 
 3718  36 
 3719  40 
 3720  47 
 3721  38 
 3722  39 
 3723  45 
 3724  41 
 3725  45 
 3726  51 
 3727  73 
 3728  64 
 3729  51 
 3730  60 
 3731  42 
 3732  64 
 3733  70 
 3734  85 
 3735  79 
 3736  69 
 3737  98 
 3738  89 
 3739  105 
 3740  106 
 3741  90 
 3742  139 
 3743  132 
 3744  116 
 3745  125 
 3746  161 
 3747  140 
 3748  170 
 3749  137 
 3750  204 
 3751  218 
 3752  218 
 3753  241 
 3754  230 
 3755  252 
 3756  297 
 3757  307 
 3758  347 
 3759  308 
 3760  370 
 3761  379 
 3762  425 
 3763  468 
 3764  469 
 3765  538 
 3766  624 
 3767  587 
 3768  621 
 3769  671 
 3770  754 
 3771  827 
 3772  870 
 3773  975 
 3774  1012 
 3775  1128 
 3776  1192 
 3777  1356 
 3778  1352 
 3779  1441 
 3780  1600 
 3781  1714 
 3782  1849 
 3783  1860 
 3784  2001 
 3785  2140 
 3786  2270 
 3787  2392 
 3788  2589 
 3789  2759 
 3790  2835 
 3791  3113 
 3792  3134 
 3793  3216 
 3794  3358 
 3795  3563 
 3796  3705 
 3797  3773 
 3798  3868 
 3799  3975 
 3800  4057 
 3801  4223 
 3802  4188 
 3803  4333 
 3804  4360 
 3805  4331 
 3806  4467 
 3807  4316 
 3808  4310 
 3809  4488 
 3810  4285 
 3811  4218 
 3812  4188 
 3813  3981 
 3814  3960 
 3815  3898 
 3816  3793 
 3817  3751 
 3818  3622 
 3819  3427 
 3820  3229 
 3821  3144 
 3822  3002 
 3823  2830 
 3824  2716 
 3825  2627 
 3826  2388 
 3827  2286 
 3828  2121 
 3829  2000 
 3830  1782 
 3831  1775 
 3832  1603 
 3833  1504 
 3834  1369 
 3835  1273 
 3836  1234 
 3837  1176 
 3838  1047 
 3839  996 
 3840  911 
 3841  889 
 3842  770 
 3843  730 
 3844  692 
 3845  637 
 3846  585 
 3847  579 
 3848  545 
 3849  523 
 3850  470 
 3851  534 
 3852  469 
 3853  476 
 3854  468 
 3855  427 
 3856  446 
 3857  443 
 3858  442 
 3859  434 
 3860  422 
 3861  447 
 3862  380 
 3863  422 
 3864  432 
 3865  436 
 3866  438 
 3867  446 
 3868  444 
 3869  436 
 3870  444 
 3871  407 
 3872  404 
 3873  470 
 3874  494 
 3875  499 
 3876  526 
 3877  476 
 3878  475 
 3879  505 
 3880  544 
 3881  523 
 3882  536 
 3883  583 
 3884  568 
 3885  645 
 3886  599 
 3887  663 
 3888  673 
 3889  726 
 3890  722 
 3891  757 
 3892  809 
 3893  899 
 3894  976 
 3895  958 
 3896  996 
 3897  1019 
 3898  1160 
 3899  1184 
 3900  1219 
 3901  1282 
 3902  1283 
 3903  1454 
 3904  1457 
 3905  1450 
 3906  1589 
 3907  1739 
 3908  1796 
 3909  1816 
 3910  1882 
 3911  2061 
 3912  1969 
 3913  2206 
 3914  2208 
 3915  2312 
 3916  2383 
 3917  2414 
 3918  2553 
 3919  2636 
 3920  2637 
 3921  2729 
 3922  2776 
 3923  2973 
 3924  2899 
 3925  3025 
 3926  2985 
 3927  3078 
 3928  3133 
 3929  3145 
 3930  3158 
 3931  3181 
 3932  3233 
 3933  3172 
 3934  3168 
 3935  3173 
 3936  3137 
 3937  3113 
 3938  3142 
 3939  3055 
 3940  2930 
 3941  2861 
 3942  2859 
 3943  2867 
 3944  2768 
 3945  2631 
 3946  2641 
 3947  2514 
 3948  2392 
 3949  2263 
 3950  2101 
 3951  2121 
 3952  2026 
 3953  1919 
 3954  1862 
 3955  1765 
 3956  1696 
 3957  1606 
 3958  1460 
 3959  1437 
 3960  1336 
 3961  1257 
 3962  1188 
 3963  1149 
 3964  1095 
 3965  1015 
 3966  921 
 3967  923 
 3968  838 
 3969  789 
 3970  761 
 3971  741 
 3972  690 
 3973  665 
 3974  658 
 3975  617 
 3976  662 
 3977  560 
 3978  566 
 3979  576 
 3980  559 
 3981  498 
 3982  486 
 3983  502 
 3984  477 
 3985  493 
 3986  478 
 3987  438 
 3988  403 
 3989  402 
 3990  402 
 3991  400 
 3992  366 
 3993  375 
 3994  334 
 3995  330 
 3996  331 
 3997  297 
 3998  249 
 3999  272 
 4000  254 
 4001  234 
 4002  220 
 4003  210 
 4004  224 
 4005  182 
 4006  185 
 4007  174 
 4008  169 
 4009  140 
 4010  131 
 4011  147 
 4012  133 
 4013  136 
 4014  101 
 4015  88 
 4016  94 
 4017  78 
 4018  86 
 4019  64 
 4020  54 
 4021  57 
 4022  49 
 4023  53 
 4024  53 
 4025  41 
 4026  46 
 4027  28 
 4028  34 
 4029  36 
 4030  27 
 4031  26 
 4032  23 
 4033  29 
 4034  20 
 4035  18 
 4036  30 
 4037  12 
 4038  16 
 4039  8 
 4040  12 
 4041  12 
 4042  12 
 4043  11 
 4044  6 
 4045  9 
 4046  9 
 4047  7 
 4048  11 
 4049  10 
 4050  10 
 4051  5 
 4052  6 
 4053  7 
 4054  9 
 4055  6 
 4056  6 
 4057  8 
 4058  9 
 4059  8 
 4060  10 
 4061  8 
 4062  3 
 4063  7 
 4064  5 
 4065  6 
 4066  6 
 4067  7 
 4068  8 
 4069  4 
 4070  6 
 4071  4 
 4072  4 
 4073  9 
 4074  8 
 4075  4 
 4076  9 
 4077  5 
 4078  3 
 4079  4 
 4080  10 
 4081  6 
 4082  4 
 4083  3 
 4084  5 
 4085  7 
 4086  6 
 4087  4 
 4088  5 
 4089  5 
 4090  2 
 4091  7 
 4092  4 
 4093  8 
 4094  6 
 4095  4 
 4096  5 
 4097  4 
 4098  6 
 4099  1 
 4100  7 
 4101  3 
 4102  1 
 4103  6 
 4104  6 
 4105  2 
 4106  5 
 4107  5 
 4108  3 
 4109  3 
 4110  3 
 4111  6 
 4112  6 
 4113  2 
 4114  5 
 4115  2 
 4116  8 
 4117  4 
 4118  7 
 4119  3 
 4120  3 
 4121  4 
 4122  5 
 4123  5 
 4124  7 
 4125  4 
 4126  2 
 4127  1 
 4128  5 
 4129  3 
 4130  4 
 4131  3 
 4132  6 
 4133  5 
 4134  7 
 4135  6 
 4136  3 
 4137  5 
 4138  6 
 4139  1 
 4140  3 
 4141  3 
 4142  3 
 4143  5 
 4144  5 
 4145  4 
 4146  4 
 4147  6 
 4148  2 
 4149  4 
 4150  2 
 4151  2 
 4152  6 
 4153  4 
 4154  2 
 4155  3 
 4156  8 
 4157  3 
 4158  2 
 4159  2 
 4160  4 
 4161  4 
 4162  4 
 4163  3 
 4164  6 
 4165  4 
 4166  2 
 4167  3 
 4168  2 
 4169  1 
 4170  2 
 4171  5 
 4172  8 
 4173  1 
 4174  4 
 4175  4 
 4176  4 
 4177  5 
 4178  1 
 4179  1 
 4180  3 
 4181  1 
 4182  1 
 4183  4 
 4184  1 
 4185  3 
 4186  1 
 4187  4 
 4188  3 
 4189  6 
 4190  6 
 4191  5 
 4192  6 
 4193  1 
 4194  8 
 4195  3 
 4196  1 
 4197  7 
 4198  2 
 4199  1 
 4200  1 
 4201  4 
 4202  3 
 4203  4 
 4204  6 
 4205  2 
 4206  4 
 4207  2 
 4208  5 
 4209  4 
 4210  3 
 4211  5 
 4212  2 
 4213  1 
 4214  5 
 4215  0 
 4216  1 
 4217  3 
 4218  5 
 4219  2 
 4220  1 
 4221  2 
 4222  1 
 4223  4 
 4224  5 
 4225  3 
 4226  3 
 4227  2 
 4228  3 
 4229  1 
 4230  4 
 4231  3 
 4232  5 
 4233  3 
 4234  4 
 4235  4 
 4236  4 
 4237  2 
 4238  6 
 4239  6 
 4240  0 
 4241  4 
 4242  3 
 4243  3 
 4244  0 
 4245  4 
 4246  0 
 4247  4 
 4248  3 
 4249  5 
 4250  5 
 4251  4 
 4252  1 
 4253  1 
 4254  3 
 4255  1 
 4256  1 
 4257  3 
 4258  0 
 4259  3 
 4260  4 
 4261  1 
 4262  2 
 4263  2 
 4264  1 
 4265  1 
 4266  4 
 4267  1 
 4268  1 
 4269  3 
 4270  3 
 4271  3 
 4272  1 
 4273  1 
 4274  2 
 4275  3 
 4276  1 
 4277  1 
 4278  1 
 4279  3 
 4280  5 
 4281  3 
 4282  2 
 4283  2 
 4284  0 
 4285  1 
 4286  2 
 4287  3 
 4288  4 
 4289  2 
 4290  2 
 4291  2 
 4292  5 
 4293  6 
 4294  6 
 4295  1 
 4296  1 
 4297  1 
 4298  2 
 4299  0 
 4300  0 
 4301  0 
 4302  2 
 4303  3 
 4304  0 
 4305  4 
 4306  0 
 4307  1 
 4308  1 
 4309  3 
 4310  0 
 4311  1 
 4312  0 
 4313  1 
 4314  0 
 4315  0 
 4316  4 
 4317  3 
 4318  3 
 4319  1 
 4320  1 
 4321  0 
 4322  2 
 4323  2 
 4324  4 
 4325  3 
 4326  1 
 4327  4 
 4328  4 
 4329  1 
 4330  0 
 4331  1 
 4332  2 
 4333  1 
 4334  4 
 4335  3 
 4336  2 
 4337  1 
 4338  3 
 4339  0 
 4340  4 
 4341  3 
 4342  1 
 4343  2 
 4344  2 
 4345  3 
 4346  1 
 4347  1 
 4348  0 
 4349  2 
 4350  6 
 4351  1 
 4352  2 
 4353  0 
 4354  0 
 4355  3 
 4356  4 
 4357  3 
 4358  2 
 4359  1 
 4360  3 
 4361  2 
 4362  2 
 4363  0 
 4364  1 
 4365  0 
 4366  2 
 4367  0 
 4368  0 
 4369  0 
 4370  2 
 4371  1 
 4372  2 
 4373  1 
 4374  4 
 4375  0 
 4376  0 
 4377  3 
 4378  2 
 4379  3 
 4380  2 
 4381  1 
 4382  2 
 4383  0 
 4384  2 
 4385  1 
 4386  5 
 4387  1 
 4388  2 
 4389  0 
 4390  2 
 4391  3 
 4392  1 
 4393  0 
 4394  0 
 4395  2 
 4396  0 
 4397  3 
 4398  1 
 4399  1 
 4400  0 
 4401  1 
 4402  0 
 4403  2 
 4404  5 
 4405  3 
 4406  0 
 4407  0 
 4408  0 
 4409  0 
 4410  4 
 4411  1 
 4412  1 
 4413  0 
 4414  1 
 4415  3 
 4416  1 
 4417  2 
 4418  2 
 4419  2 
 4420  2 
 4421  5 
 4422  0 
 4423  2 
 4424  0 
 4425  2 
 4426  0 
 4427  1 
 4428  4 
 4429  1 
 4430  0 
 4431  1 
 4432  0 
 4433  2 
 4434  0 
 4435  0 
 4436  1 
 4437  0 
 4438  2 
 4439  2 
 4440  1 
 4441  0 
 4442  0 
 4443  1 
 4444  1 
 4445  1 
 4446  0 
 4447  1 
 4448  0 
 4449  1 
 4450  1 
 4451  0 
 4452  2 
 4453  3 
 4454  3 
 4455  4 
 4456  3 
 4457  1 
 4458  2 
 4459  1 
 4460  3 
 4461  1 
 4462  2 
 4463  2 
 4464  0 
 4465  1 
 4466  1 
 4467  1 
 4468  0 
 4469  1 
 4470  2 
 4471  1 
 4472  2 
 4473  0 
 4474  2 
 4475  2 
 4476  5 
 4477  1 
 4478  1 
 4479  2 
 4480  1 
 4481  0 
 4482  0 
 4483  2 
 4484  0 
 4485  1 
 4486  1 
 4487  1 
 4488  1 
 4489  0 
 4490  3 
 4491  2 
 4492  0 
 4493  0 
 4494  0 
 4495  0 
 4496  2 
 4497  1 
 4498  3 
 4499  1 
 4500  1 
 4501  0 
 4502  2 
 4503  0 
 4504  1 
 4505  0 
 4506  3 
 4507  2 
 4508  1 
 4509  0 
 4510  1 
 4511  0 
 4512  3 
 4513  2 
 4514  3 
 4515  1 
 4516  2 
 4517  1 
 4518  1 
 4519  2 
 4520  0 
 4521  1 
 4522  1 
 4523  1 
 4524  0 
 4525  3 
 4526  1 
 4527  1 
 4528  0 
 4529  1 
 4530  0 
 4531  0 
 4532  1 
 4533  3 
 4534  2 
 4535  0 
 4536  0 
 4537  0 
 4538  0 
 4539  2 
 4540  1 
 4541  0 
 4542  1 
 4543  0 
 4544  0 
 4545  2 
 4546  0 
 4547  0 
 4548  3 
 4549  1 
 4550  0 
 4551  0 
 4552  0 
 4553  1 
 4554  2 
 4555  0 
 4556  0 
 4557  0 
 4558  1 
 4559  0 
 4560  0 
 4561  1 
 4562  1 
 4563  0 
 4564  0 
 4565  0 
 4566  1 
 4567  0 
 4568  1 
 4569  0 
 4570  1 
 4571  0 
 4572  0 
 4573  0 
 4574  0 
 4575  0 
 4576  2 
 4577  3 
 4578  0 
 4579  2 
 4580  3 
 4581  1 
 4582  0 
 4583  2 
 4584  0 
 4585  1 
 4586  0 
 4587  3 
 4588  0 
 4589  0 
 4590  0 
 4591  1 
 4592  2 
 4593  1 
 4594  0 
 4595  1 
 4596  1 
 4597  2 
 4598  1 
 4599  0 
 4600  1 
 4601  1 
 4602  1 
 4603  0 
 4604  0 
 4605  2 
 4606  0 
 4607  1 
 4608  1 
 4609  1 
 4610  0 
 4611  3 
 4612  0 
 4613  0 
 4614  1 
 4615  2 
 4616  2 
 4617  2 
 4618  1 
 4619  2 
 4620  2 
 4621  1 
 4622  0 
 4623  1 
 4624  1 
 4625  1 
 4626  2 
 4627  0 
 4628  3 
 4629  1 
 4630  0 
 4631  0 
 4632  1 
 4633  0 
 4634  1 
 4635  0 
 4636  1 
 4637  0 
 4638  3 
 4639  0 
 4640  1 
 4641  2 
 4642  1 
 4643  1 
 4644  2 
 4645  0 
 4646  0 
 4647  0 
 4648  0 
 4649  1 
 4650  0 
 4651  2 
 4652  0 
 4653  0 
 4654  1 
 4655  0 
 4656  1 
 4657  1 
 4658  0 
 4659  1 
 4660  1 
 4661  0 
 4662  0 
 4663  0 
 4664  0 
 4665  0 
 4666  0 
 4667  0 
 4668  0 
 4669  1 
 4670  2 
 4671  2 
 4672  1 
 4673  1 
 4674  3 
 4675  1 
 4676  1 
 4677  1 
 4678  1 
 4679  0 
 4680  0 
 4681  1 
 4682  1 
 4683  0 
 4684  0 
 4685  1 
 4686  0 
 4687  0 
 4688  0 
 4689  3 
 4690  0 
 4691  1 
 4692  0 
 4693  0 
 4694  2 
 4695  0 
 4696  1 
 4697  0 
 4698  0 
 4699  0 
 4700  1 
 4701  0 
 4702  2 
 4703  0 
 4704  2 
 4705  0 
 4706  1 
 4707  0 
 4708  1 
 4709  1 
 4710  0 
 4711  0 
 4712  0 
 4713  0 
 4714  0 
 4715  0 
 4716  0 
 4717  1 
 4718  0 
 4719  1 
 4720  1 
 4721  1 
 4722  4 
 4723  1 
 4724  1 
 4725  2 
 4726  0 
 4727  0 
 4728  1 
 4729  2 
 4730  0 
 4731  0 
 4732  0 
 4733  2 
 4734  2 
 4735  0 
 4736  1 
 4737  0 
 4738  3 
 4739  1 
 4740  1 
 4741  0 
 4742  2 
 4743  2 
 4744  1 
 4745  1 
 4746  2 
 4747  1 
 4748  1 
 4749  0 
 4750  2 
 4751  1 
 4752  1 
 4753  1 
 4754  0 
 4755  0 
 4756  2 
 4757  1 
 4758  0 
 4759  1 
 4760  1 
 4761  3 
 4762  0 
 4763  0 
 4764  1 
 4765  0 
 4766  1 
 4767  0 
 4768  1 
 4769  2 
 4770  0 
 4771  0 
 4772  1 
 4773  1 
 4774  1 
 4775  0 
 4776  0 
 4777  1 
 4778  2 
 4779  0 
 4780  2 
 4781  0 
 4782  0 
 4783  1 
 4784  0 
 4785  0 
 4786  0 
 4787  1 
 4788  0 
 4789  0 
 4790  2 
 4791  3 
 4792  0 
 4793  2 
 4794  1 
 4795  0 
 4796  1 
 4797  0 
 4798  1 
 4799  0 
 4800  2 
 4801  1 
 4802  0 
 4803  1 
 4804  1 
 4805  0 
 4806  0 
 4807  0 
 4808  0 
 4809  0 
 4810  1 
 4811  0 
 4812  0 
 4813  1 
 4814  1 
 4815  1 
 4816  0 
 4817  2 
 4818  0 
 4819  0 
 4820  2 
 4821  0 
 4822  0 
 4823  1 
 4824  0 
 4825  1 
 4826  0 
 4827  0 
 4828  2 
 4829  0 
 4830  2 
 4831  1 
 4832  0 
 4833  1 
 4834  3 
 4835  1 
 4836  0 
 4837  0 
 4838  0 
 4839  1 
 4840  3 
 4841  0 
 4842  1 
 4843  1 
 4844  0 
 4845  0 
 4846  2 
 4847  2 
 4848  1 
 4849  1 
 4850  0 
 4851  0 
 4852  2 
 4853  0 
 4854  0 
 4855  0 
 4856  1 
 4857  0 
 4858  0 
 4859  0 
 4860  1 
 4861  0 
 4862  0 
 4863  0 
 4864  0 
 4865  1 
 4866  0 
 4867  0 
 4868  1 
 4869  2 
 4870  0 
 4871  0 
 4872  1 
 4873  0 
 4874  0 
 4875  1 
 4876  2 
 4877  0 
 4878  1 
 4879  0 
 4880  2 
 4881  1 
 4882  1 
 4883  2 
 4884  1 
 4885  2 
 4886  0 
 4887  1 
 4888  1 
 4889  0 
 4890  0 
 4891  2 
 4892  0 
 4893  2 
 4894  1 
 4895  0 
 4896  1 
 4897  1 
 4898  2 
 4899  0 
 4900  1 
 4901  2 
 4902  0 
 4903  0 
 4904  0 
 4905  2 
 4906  1 
 4907  0 
 4908  1 
 4909  1 
 4910  1 
 4911  0 
 4912  0 
 4913  0 
 4914  0 
 4915  0 
 4916  1 
 4917  1 
 4918  0 
 4919  1 
 4920  1 
 4921  0 
 4922  0 
 4923  0 
 4924  0 
 4925  0 
 4926  2 
 4927  2 
 4928  1 
 4929  0 
 4930  1 
 4931  1 
 4932  0 
 4933  1 
 4934  0 
 4935  0 
 4936  1 
 4937  2 
 4938  0 
 4939  1 
 4940  0 
 4941  0 
 4942  3 
 4943  0 
 4944  0 
 4945  0 
 4946  1 
 4947  1 
 4948  0 
 4949  1 
 4950  0 
 4951  0 
 4952  0 
 4953  2 
 4954  0 
 4955  0 
 4956  2 
 4957  2 
 4958  1 
 4959  2 
 4960  2 
 4961  0 
 4962  0 
 4963  0 
 4964  1 
 4965  0 
 4966  0 
 4967  1 
 4968  0 
 4969  1 
 4970  0 
 4971  0 
 4972  2 
 4973  0 
 4974  1 
 4975  0 
 4976  0 
 4977  0 
 4978  0 
 4979  1 
 4980  1 
 4981  0 
 4982  0 
 4983  1 
 4984  1 
 4985  0 
 4986  0 
 4987  1 
 4988  1 
 4989  0 
 4990  1 
 4991  1 
 4992  0 
 4993  0 
 4994  0 
 4995  0 
 4996  1 
 4997  1 
 4998  0 
 4999  0 
 5000  1 
 5001  1 
 5002  1 
 5003  0 
 5004  0 
 5005  1 
 5006  2 
 5007  3 
 5008  1 
 5009  0 
 5010  0 
 5011  2 
 5012  0 
 5013  0 
 5014  0 
 5015  0 
 5016  0 
 5017  2 
 5018  2 
 5019  0 
 5020  0 
 5021  1 
 5022  0 
 5023  1 
 5024  1 
 5025  2 
 5026  0 
 5027  1 
 5028  1 
 5029  1 
 5030  1 
 5031  1 
 5032  1 
 5033  0 
 5034  3 
 5035  0 
 5036  1 
 5037  1 
 5038  2 
 5039  0 
 5040  0 
 5041  0 
 5042  0 
 5043  0 
 5044  0 
 5045  2 
 5046  0 
 5047  1 
 5048  2 
 5049  0 
 5050  0 
 5051  1 
 5052  1 
 5053  0 
 5054  2 
 5055  1 
 5056  2 
 5057  0 
 5058  1 
 5059  1 
 5060  0 
 5061  0 
 5062  2 
 5063  0 
 5064  1 
 5065  1 
 5066  0 
 5067  1 
 5068  1 
 5069  1 
 5070  0 
 5071  0 
 5072  2 
 5073  0 
 5074  0 
 5075  2 
 5076  0 
 5077  1 
 5078  0 
 5079  2 
 5080  0 
 5081  0 
 5082  1 
 5083  1 
 5084  1 
 5085  1 
 5086  0 
 5087  0 
 5088  1 
 5089  1 
 5090  0 
 5091  1 
 5092  0 
 5093  0 
 5094  0 
 5095  0 
 5096  2 
 5097  0 
 5098  0 
 5099  1 
 5100  1 
 5101  0 
 5102  1 
 5103  0 
 5104  0 
 5105  0 
 5106  1 
 5107  1 
 5108  0 
 5109  1 
 5110  2 
 5111  0 
 5112  1 
 5113  0 
 5114  1 
 5115  0 
 5116  0 
 5117  0 
 5118  1 
 5119  1 
 5120  0 
 5121  2 
 5122  0 
 5123  0 
 5124  0 
 5125  0 
 5126  0 
 5127  1 
 5128  1 
 5129  0 
 5130  0 
 5131  0 
 5132  0 
 5133  0 
 5134  1 
 5135  1 
 5136  0 
 5137  0 
 5138  1 
 5139  1 
 5140  1 
 5141  1 
 5142  0 
 5143  2 
 5144  2 
 5145  0 
 5146  0 
 5147  1 
 5148  0 
 5149  0 
 5150  0 
 5151  1 
 5152  0 
 5153  0 
 5154  0 
 5155  0 
 5156  0 
 5157  1 
 5158  1 
 5159  0 
 5160  0 
 5161  2 
 5162  0 
 5163  0 
 5164  1 
 5165  0 
 5166  0 
 5167  1 
 5168  1 
 5169  0 
 5170  0 
 5171  1 
 5172  1 
 5173  0 
 5174  1 
 5175  0 
 5176  1 
 5177  0 
 5178  1 
 5179  1 
 5180  0 
 5181  0 
 5182  1 
 5183  0 
 5184  2 
 5185  1 
 5186  0 
 5187  0 
 5188  0 
 5189  2 
 5190  0 
 5191  1 
 5192  0 
 5193  1 
 5194  1 
 5195  0 
 5196  1 
 5197  0 
 5198  0 
 5199  0 
 5200  0 
 5201  1 
 5202  1 
 5203  1 
 5204  0 
 5205  0 
 5206  0 
 5207  2 
 5208  1 
 5209  0 
 5210  2 
 5211  2 
 5212  2 
 5213  3 
 5214  0 
 5215  1 
 5216  0 
 5217  0 
 5218  0 
 5219  0 
 5220  1 
 5221  1 
 5222  1 
 5223  0 
 5224  0 
 5225  1 
 5226  1 
 5227  0 
 5228  0 
 5229  0 
 5230  0 
 5231  1 
 5232  0 
 5233  0 
 5234  1 
 5235  0 
 5236  0 
 5237  0 
 5238  0 
 5239  1 
 5240  0 
 5241  0 
 5242  1 
 5243  0 
 5244  2 
 5245  0 
 5246  0 
 5247  1 
 5248  0 
 5249  2 
 5250  2 
 5251  0 
 5252  2 
 5253  0 
 5254  0 
 5255  0 
 5256  0 
 5257  0 
 5258  1 
 5259  1 
 5260  0 
 5261  1 
 5262  1 
 5263  1 
 5264  1 
 5265  0 
 5266  1 
 5267  0 
 5268  1 
 5269  0 
 5270  1 
 5271  0 
 5272  1 
 5273  0 
 5274  0 
 5275  0 
 5276  0 
 5277  0 
 5278  0 
 5279  1 
 5280  0 
 5281  0 
 5282  1 
 5283  0 
 5284  1 
 5285  0 
 5286  1 
 5287  0 
 5288  2 
 5289  2 
 5290  0 
 5291  0 
 5292  0 
 5293  1 
 5294  0 
 5295  0 
 5296  2 
 5297  0 
 5298  0 
 5299  2 
 5300  0 
 5301  0 
 5302  1 
 5303  0 
 5304  1 
 5305  1 
 5306  0 
 5307  2 
 5308  1 
 5309  1 
 5310  1 
 5311  4 
 5312  0 
 5313  2 
 5314  1 
 5315  1 
 5316  0 
 5317  1 
 5318  1 
 5319  1 
 5320  0 
 5321  1 
 5322  3 
 5323  0 
 5324  1 
 5325  1 
 5326  0 
 5327  0 
 5328  3 
 5329  1 
 5330  0 
 5331  1 
 5332  3 
 5333  2 
 5334  0 
 5335  0 
 5336  1 
 5337  1 
 5338  1 
 5339  0 
 5340  1 
 5341  1 
 5342  1 
 5343  1 
 5344  1 
 5345  0 
 5346  0 
 5347  0 
 5348  0 
 5349  0 
 5350  0 
 5351  0 
 5352  2 
 5353  1 
 5354  1 
 5355  2 
 5356  2 
 5357  0 
 5358  2 
 5359  0 
 5360  0 
 5361  3 
 5362  0 
 5363  2 
 5364  1 
 5365  0 
 5366  2 
 5367  0 
 5368  0 
 5369  0 
 5370  1 
 5371  1 
 5372  1 
 5373  1 
 5374  0 
 5375  0 
 5376  1 
 5377  0 
 5378  2 
 5379  1 
 5380  1 
 5381  2 
 5382  1 
 5383  0 
 5384  0 
 5385  2 
 5386  0 
 5387  1 
 5388  0 
 5389  0 
 5390  0 
 5391  0 
 5392  0 
 5393  0 
 5394  0 
 5395  1 
 5396  1 
 5397  0 
 5398  0 
 5399  0 
 5400  0 
 5401  0 
 5402  1 
 5403  0 
 5404  1 
 5405  1 
 5406  0 
 5407  0 
 5408  1 
 5409  0 
 5410  0 
 5411  1 
 5412  2 
 5413  1 
 5414  0 
 5415  0 
 5416  0 
 5417  0 
 5418  1 
 5419  0 
 5420  1 
 5421  2 
 5422  4 
 5423  0 
 5424  0 
 5425  1 
 5426  0 
 5427  0 
 5428  1 
 5429  2 
 5430  1 
 5431  2 
 5432  1 
 5433  1 
 5434  1 
 5435  0 
 5436  1 
 5437  0 
 5438  1 
 5439  2 
 5440  0 
 5441  0 
 5442  1 
 5443  1 
 5444  1 
 5445  1 
 5446  1 
 5447  0 
 5448  0 
 5449  1 
 5450  0 
 5451  1 
 5452  1 
 5453  0 
 5454  1 
 5455  0 
 5456  0 
 5457  1 
 5458  1 
 5459  3 
 5460  0 
 5461  0 
 5462  0 
 5463  0 
 5464  1 
 5465  0 
 5466  1 
 5467  1 
 5468  0 
 5469  1 
 5470  1 
 5471  0 
 5472  1 
 5473  1 
 5474  0 
 5475  1 
 5476  3 
 5477  0 
 5478  0 
 5479  2 
 5480  3 
 5481  0 
 5482  0 
 5483  0 
 5484  1 
 5485  2 
 5486  2 
 5487  2 
 5488  0 
 5489  2 
 5490  1 
 5491  0 
 5492  0 
 5493  2 
 5494  0 
 5495  0 
 5496  0 
 5497  2 
 5498  0 
 5499  1 
 5500  1 
 5501  1 
 5502  1 
 5503  1 
 5504  0 
 5505  0 
 5506  0 
 5507  0 
 5508  1 
 5509  3 
 5510  1 
 5511  0 
 5512  2 
 5513  0 
 5514  1 
 5515  0 
 5516  1 
 5517  1 
 5518  1 
 5519  1 
 5520  0 
 5521  1 
 5522  4 
 5523  1 
 5524  1 
 5525  1 
 5526  0 
 5527  1 
 5528  1 
 5529  0 
 5530  1 
 5531  0 
 5532  1 
 5533  0 
 5534  1 
 5535  1 
 5536  0 
 5537  0 
 5538  1 
 5539  1 
 5540  3 
 5541  0 
 5542  0 
 5543  1 
 5544  0 
 5545  3 
 5546  0 
 5547  1 
 5548  1 
 5549  2 
 5550  0 
 5551  0 
 5552  1 
 5553  2 
 5554  0 
 5555  1 
 5556  3 
 5557  0 
 5558  0 
 5559  2 
 5560  0 
 5561  1 
 5562  0 
 5563  3 
 5564  0 
 5565  0 
 5566  0 
 5567  2 
 5568  1 
 5569  0 
 5570  0 
 5571  0 
 5572  0 
 5573  0 
 5574  0 
 5575  0 
 5576  2 
 5577  0 
 5578  0 
 5579  1 
 5580  1 
 5581  1 
 5582  1 
 5583  1 
 5584  0 
 5585  2 
 5586  1 
 5587  1 
 5588  0 
 5589  1 
 5590  0 
 5591  0 
 5592  0 
 5593  0 
 5594  0 
 5595  0 
 5596  0 
 5597  2 
 5598  0 
 5599  1 
 5600  0 
 5601  2 
 5602  0 
 5603  1 
 5604  2 
 5605  1 
 5606  1 
 5607  0 
 5608  0 
 5609  0 
 5610  2 
 5611  1 
 5612  0 
 5613  1 
 5614  1 
 5615  1 
 5616  1 
 5617  0 
 5618  1 
 5619  2 
 5620  3 
 5621  2 
 5622  0 
 5623  2 
 5624  0 
 5625  1 
 5626  0 
 5627  0 
 5628  0 
 5629  0 
 5630  0 
 5631  0 
 5632  0 
 5633  1 
 5634  1 
 5635  0 
 5636  0 
 5637  0 
 5638  2 
 5639  0 
 5640  1 
 5641  0 
 5642  1 
 5643  1 
 5644  0 
 5645  1 
 5646  1 
 5647  1 
 5648  1 
 5649  0 
 5650  1 
 5651  2 
 5652  1 
 5653  0 
 5654  1 
 5655  0 
 5656  0 
 5657  0 
 5658  0 
 5659  1 
 5660  1 
 5661  1 
 5662  2 
 5663  0 
 5664  0 
 5665  0 
 5666  1 
 5667  0 
 5668  1 
 5669  1 
 5670  2 
 5671  1 
 5672  0 
 5673  0 
 5674  1 
 5675  1 
 5676  0 
 5677  1 
 5678  0 
 5679  0 
 5680  2 
 5681  0 
 5682  0 
 5683  1 
 5684  0 
 5685  1 
 5686  0 
 5687  1 
 5688  1 
 5689  1 
 5690  0 
 5691  0 
 5692  0 
 5693  1 
 5694  0 
 5695  0 
 5696  1 
 5697  1 
 5698  0 
 5699  0 
 5700  2 
 5701  1 
 5702  2 
 5703  0 
 5704  0 
 5705  1 
 5706  3 
 5707  0 
 5708  1 
 5709  1 
 5710  0 
 5711  0 
 5712  0 
 5713  0 
 5714  0 
 5715  1 
 5716  1 
 5717  1 
 5718  3 
 5719  0 
 5720  0 
 5721  1 
 5722  2 
 5723  0 
 5724  0 
 5725  0 
 5726  0 
 5727  0 
 5728  0 
 5729  1 
 5730  0 
 5731  0 
 5732  2 
 5733  1 
 5734  0 
 5735  0 
 5736  0 
 5737  1 
 5738  2 
 5739  0 
 5740  0 
 5741  0 
 5742  0 
 5743  2 
 5744  0 
 5745  0 
 5746  1 
 5747  0 
 5748  1 
 5749  0 
 5750  0 
 5751  0 
 5752  0 
 5753  0 
 5754  0 
 5755  0 
 5756  1 
 5757  0 
 5758  0 
 5759  1 
 5760  0 
 5761  0 
 5762  1 
 5763  0 
 5764  0 
 5765  1 
 5766  0 
 5767  0 
 5768  1 
 5769  1 
 5770  0 
 5771  1 
 5772  1 
 5773  0 
 5774  0 
 5775  0 
 5776  0 
 5777  0 
 5778  0 
 5779  0 
 5780  0 
 5781  0 
 5782  0 
 5783  0 
 5784  2 
 5785  0 
 5786  2 
 5787  0 
 5788  0 
 5789  1 
 5790  1 
 5791  0 
 5792  0 
 5793  2 
 5794  0 
 5795  0 
 5796  0 
 5797  0 
 5798  0 
 5799  0 
 5800  1 
 5801  0 
 5802  0 
 5803  0 
 5804  0 
 5805  0 
 5806  0 
 5807  0 
 5808  1 
 5809  0 
 5810  0 
 5811  0 
 5812  0 
 5813  1 
 5814  0 
 5815  0 
 5816  1 
 5817  0 
 5818  1 
 5819  0 
 5820  0 
 5821  2 
 5822  2 
 5823  0 
 5824  0 
 5825  0 
 5826  1 
 5827  0 
 5828  1 
 5829  0 
 5830  1 
 5831  0 
 5832  0 
 5833  0 
 5834  0 
 5835  0 
 5836  0 
 5837  0 
 5838  0 
 5839  1 
 5840  0 
 5841  0 
 5842  0 
 5843  0 
 5844  1 
 5845  0 
 5846  1 
 5847  0 
 5848  0 
 5849  0 
 5850  0 
 5851  0 
 5852  2 
 5853  0 
 5854  1 
 5855  0 
 5856  0 
 5857  0 
 5858  0 
 5859  1 
 5860  0 
 5861  0 
 5862  0 
 5863  0 
 5864  1 
 5865  0 
 5866  0 
 5867  0 
 5868  0 
 5869  0 
 5870  0 
 5871  0 
 5872  0 
 5873  2 
 5874  3 
 5875  0 
 5876  0 
 5877  0 
 5878  0 
 5879  1 
 5880  0 
 5881  0 
 5882  1 
 5883  0 
 5884  0 
 5885  0 
 5886  1 
 5887  0 
 5888  0 
 5889  1 
 5890  0 
 5891  0 
 5892  0 
 5893  0 
 5894  1 
 5895  3 
 5896  0 
 5897  2 
 5898  2 
 5899  1 
 5900  0 
 5901  0 
 5902  0 
 5903  0 
 5904  1 
 5905  0 
 5906  0 
 5907  0 
 5908  0 
 5909  0 
 5910  1 
 5911  0 
 5912  1 
 5913  0 
 5914  0 
 5915  1 
 5916  2 
 5917  0 
 5918  1 
 5919  1 
 5920  0 
 5921  0 
 5922  2 
 5923  0 
 5924  2 
 5925  0 
 5926  0 
 5927  0 
 5928  3 
 5929  0 
 5930  1 
 5931  0 
 5932  0 
 5933  0 
 5934  0 
 5935  1 
 5936  1 
 5937  0 
 5938  0 
 5939  0 
 5940  0 
 5941  1 
 5942  1 
 5943  1 
 5944  0 
 5945  0 
 5946  1 
 5947  1 
 5948  0 
 5949  0 
 5950  0 
 5951  0 
 5952  1 
 5953  1 
 5954  1 
 5955  1 
 5956  0 
 5957  0 
 5958  0 
 5959  0 
 5960  0 
 5961  0 
 5962  0 
 5963  2 
 5964  1 
 5965  1 
 5966  0 
 5967  0 
 5968  0 
 5969  1 
 5970  1 
 5971  0 
 5972  2 
 5973  1 
 5974  2 
 5975  0 
 5976  0 
 5977  0 
 5978  2 
 5979  0 
 5980  1 
 5981  0 
 5982  1 
 5983  2 
 5984  0 
 5985  0 
 5986  2 
 5987  1 
 5988  0 
 5989  0 
 5990  0 
 5991  1 
 5992  1 
 5993  0 
 5994  1 
 5995  0 
 5996  0 
 5997  0 
 5998  0 
 5999  0 
 6000  0 
 6001  1 
 6002  1 
 6003  0 
 6004  1 
 6005  0 
 6006  1 
 6007  1 
 6008  0 
 6009  1 
 6010  0 
 6011  2 
 6012  0 
 6013  0 
 6014  0 
 6015  0 
 6016  1 
 6017  1 
 6018  0 
 6019  0 
 6020  0 
 6021  0 
 6022  0 
 6023  1 
 6024  0 
 6025  1 
 6026  0 
 6027  0 
 6028  0 
 6029  0 
 6030  0 
 6031  0 
 6032  0 
 6033  0 
 6034  1 
 6035  0 
 6036  0 
 6037  0 
 6038  1 
 6039  0 
 6040  0 
 6041  2 
 6042  0 
 6043  0 
 6044  0 
 6045  0 
 6046  0 
 6047  0 
 6048  0 
 6049  0 
 6050  0 
 6051  0 
 6052  1 
 6053  0 
 6054  1 
 6055  0 
 6056  1 
 6057  0 
 6058  0 
 6059  0 
 6060  0 
 6061  0 
 6062  1 
 6063  0 
 6064  1 
 6065  0 
 6066  0 
 6067  0 
 6068  0 
 6069  1 
 6070  1 
 6071  2 
 6072  0 
 6073  0 
 6074  0 
 6075  0 
 6076  1 
 6077  1 
 6078  0 
 6079  0 
 6080  0 
 6081  1 
 6082  0 
 6083  1 
 6084  1 
 6085  0 
 6086  0 
 6087  2 
 6088  0 
 6089  0 
 6090  0 
 6091  0 
 6092  0 
 6093  0 
 6094  1 
 6095  0 
 6096  1 
 6097  0 
 6098  1 
 6099  0 
 6100  1 
 6101  1 
 6102  0 
 6103  0 
 6104  0 
 6105  0 
 6106  0 
 6107  0 
 6108  1 
 6109  2 
 6110  0 
 6111  0 
 6112  0 
 6113  0 
 6114  0 
 6115  1 
 6116  0 
 6117  0 
 6118  0 
 6119  0 
 6120  0 
 6121  1 
 6122  0 
 6123  0 
 6124  0 
 6125  0 
 6126  0 
 6127  1 
 6128  0 
 6129  0 
 6130  0 
 6131  1 
 6132  1 
 6133  2 
 6134  1 
 6135  0 
 6136  0 
 6137  0 
 6138  1 
 6139  0 
 6140  0 
 6141  1 
 6142  1 
 6143  0 
 6144  1 
 6145  0 
 6146  0 
 6147  1 
 6148  0 
 6149  1 
 6150  0 
 6151  0 
 6152  0 
 6153  0 
 6154  0 
 6155  1 
 6156  0 
 6157  0 
 6158  0 
 6159  0 
 6160  0 
 6161  0 
 6162  0 
 6163  0 
 6164  1 
 6165  0 
 6166  0 
 6167  0 
 6168  3 
 6169  0 
 6170  0 
 6171  0 
 6172  1 
 6173  0 
 6174  1 
 6175  0 
 6176  0 
 6177  1 
 6178  1 
 6179  0 
 6180  0 
 6181  0 
 6182  0 
 6183  0 
 6184  0 
 6185  0 
 6186  0 
 6187  1 
 6188  0 
 6189  0 
 6190  1 
 6191  1 
 6192  0 
 6193  0 
 6194  0 
 6195  0 
 6196  2 
 6197  0 
 6198  0 
 6199  1 
 6200  1 
 6201  0 
 6202  2 
 6203  0 
 6204  2 
 6205  0 
 6206  0 
 6207  0 
 6208  1 
 6209  0 
 6210  1 
 6211  0 
 6212  0 
 6213  0 
 6214  1 
 6215  0 
 6216  0 
 6217  1 
 6218  1 
 6219  0 
 6220  0 
 6221  0 
 6222  0 
 6223  1 
 6224  0 
 6225  0 
 6226  0 
 6227  2 
 6228  0 
 6229  0 
 6230  0 
 6231  0 
 6232  0 
 6233  1 
 6234  0 
 6235  0 
 6236  0 
 6237  0 
 6238  0 
 6239  0 
 6240  1 
 6241  0 
 6242  0 
 6243  1 
 6244  0 
 6245  0 
 6246  1 
 6247  0 
 6248  0 
 6249  0 
 6250  0 
 6251  0 
 6252  2 
 6253  0 
 6254  0 
 6255  0 
 6256  0 
 6257  1 
 6258  0 
 6259  0 
 6260  1 
 6261  1 
 6262  0 
 6263  0 
 6264  0 
 6265  1 
 6266  1 
 6267  0 
 6268  1 
 6269  0 
 6270  1 
 6271  1 
 6272  1 
 6273  0 
 6274  1 
 6275  1 
 6276  0 
 6277  0 
 6278  1 
 6279  0 
 6280  0 
 6281  1 
 6282  0 
 6283  1 
 6284  1 
 6285  0 
 6286  0 
 6287  0 
 6288  0 
 6289  0 
 6290  0 
 6291  1 
 6292  1 
 6293  0 
 6294  0 
 6295  0 
 6296  1 
 6297  0 
 6298  0 
 6299  0 
 6300  1 
 6301  0 
 6302  0 
 6303  1 
 6304  0 
 6305  0 
 6306  0 
 6307  0 
 6308  0 
 6309  1 
 6310  1 
 6311  0 
 6312  1 
 6313  0 
 6314  1 
 6315  0 
 6316  0 
 6317  0 
 6318  1 
 6319  0 
 6320  0 
 6321  0 
 6322  1 
 6323  0 
 6324  0 
 6325  0 
 6326  1 
 6327  0 
 6328  0 
 6329  1 
 6330  1 
 6331  1 
 6332  0 
 6333  2 
 6334  0 
 6335  1 
 6336  0 
 6337  1 
 6338  0 
 6339  0 
 6340  1 
 6341  0 
 6342  0 
 6343  1 
 6344  0 
 6345  0 
 6346  0 
 6347  0 
 6348  0 
 6349  0 
 6350  1 
 6351  0 
 6352  1 
 6353  0 
 6354  0 
 6355  0 
 6356  0 
 6357  1 
 6358  0 
 6359  1 
 6360  0 
 6361  1 
 6362  0 
 6363  0 
 6364  0 
 6365  0 
 6366  1 
 6367  0 
 6368  1 
 6369  0 
 6370  0 
 6371  0 
 6372  0 
 6373  1 
 6374  0 
 6375  0 
 6376  0 
 6377  0 
 6378  0 
 6379  3 
 6380  0 
 6381  0 
 6382  0 
 6383  0 
 6384  0 
 6385  0 
 6386  0 
 6387  0 
 6388  1 
 6389  0 
 6390  0 
 6391  0 
 6392  0 
 6393  0 
 6394  1 
 6395  0 
 6396  1 
 6397  2 
 6398  0 
 6399  1 
 6400  0 
 6401  0 
 6402  0 
 6403  0 
 6404  0 
 6405  1 
 6406  0 
 6407  0 
 6408  0 
 6409  0 
 6410  1 
 6411  0 
 6412  2 
 6413  1 
 6414  2 
 6415  0 
 6416  0 
 6417  0 
 6418  1 
 6419  0 
 6420  2 
 6421  1 
 6422  2 
 6423  2 
 6424  0 
 6425  0 
 6426  0 
 6427  0 
 6428  2 
 6429  1 
 6430  0 
 6431  0 
 6432  1 
 6433  2 
 6434  1 
 6435  1 
 6436  1 
 6437  0 
 6438  0 
 6439  0 
 6440  1 
 6441  1 
 6442  1 
 6443  0 
 6444  0 
 6445  0 
 6446  0 
 6447  1 
 6448  1 
 6449  0 
 6450  2 
 6451  1 
 6452  1 
 6453  2 
 6454  1 
 6455  1 
 6456  0 
 6457  0 
 6458  0 
 6459  0 
 6460  0 
 6461  1 
 6462  1 
 6463  0 
 6464  0 
 6465  0 
 6466  0 
 6467  0 
 6468  1 
 6469  1 
 6470  1 
 6471  0 
 6472  0 
 6473  0 
 6474  1 
 6475  1 
 6476  0 
 6477  1 
 6478  1 
 6479  0 
 6480  1 
 6481  2 
 6482  0 
 6483  2 
 6484  0 
 6485  1 
 6486  0 
 6487  2 
 6488  2 
 6489  0 
 6490  0 
 6491  0 
 6492  0 
 6493  0 
 6494  1 
 6495  0 
 6496  0 
 6497  1 
 6498  0 
 6499  0 
 6500  1 
 6501  0 
 6502  1 
 6503  0 
 6504  2 
 6505  0 
 6506  3 
 6507  2 
 6508  1 
 6509  0 
 6510  1 
 6511  2 
 6512  2 
 6513  1 
 6514  0 
 6515  0 
 6516  1 
 6517  1 
 6518  1 
 6519  0 
 6520  1 
 6521  3 
 6522  0 
 6523  0 
 6524  1 
 6525  2 
 6526  0 
 6527  0 
 6528  4 
 6529  2 
 6530  1 
 6531  2 
 6532  0 
 6533  1 
 6534  0 
 6535  1 
 6536  1 
 6537  0 
 6538  3 
 6539  2 
 6540  0 
 6541  1 
 6542  1 
 6543  1 
 6544  1 
 6545  0 
 6546  1 
 6547  0 
 6548  0 
 6549  1 
 6550  1 
 6551  2 
 6552  1 
 6553  0 
 6554  0 
 6555  3 
 6556  0 
 6557  1 
 6558  1 
 6559  1 
 6560  0 
 6561  0 
 6562  0 
 6563  3 
 6564  1 
 6565  1 
 6566  0 
 6567  3 
 6568  1 
 6569  0 
 6570  2 
 6571  1 
 6572  0 
 6573  0 
 6574  0 
 6575  1 
 6576  1 
 6577  3 
 6578  0 
 6579  0 
 6580  0 
 6581  2 
 6582  1 
 6583  0 
 6584  1 
 6585  1 
 6586  0 
 6587  1 
 6588  0 
 6589  2 
 6590  1 
 6591  0 
 6592  0 
 6593  1 
 6594  1 
 6595  1 
 6596  0 
 6597  1 
 6598  0 
 6599  0 
 6600  0 
 6601  1 
 6602  0 
 6603  0 
 6604  0 
 6605  1 
 6606  0 
 6607  1 
 6608  1 
 6609  1 
 6610  1 
 6611  1 
 6612  1 
 6613  0 
 6614  1 
 6615  0 
 6616  0 
 6617  0 
 6618  0 
 6619  0 
 6620  1 
 6621  1 
 6622  1 
 6623  0 
 6624  0 
 6625  0 
 6626  1 
 6627  2 
 6628  0 
 6629  1 
 6630  0 
 6631  1 
 6632  2 
 6633  0 
 6634  1 
 6635  0 
 6636  1 
 6637  0 
 6638  0 
 6639  0 
 6640  0 
 6641  1 
 6642  0 
 6643  1 
 6644  2 
 6645  0 
 6646  1 
 6647  0 
 6648  0 
 6649  0 
 6650  0 
 6651  0 
 6652  1 
 6653  1 
 6654  1 
 6655  0 
 6656  0 
 6657  0 
 6658  0 
 6659  0 
 6660  0 
 6661  0 
 6662  0 
 6663  0 
 6664  1 
 6665  0 
 6666  0 
 6667  0 
 6668  0 
 6669  0 
 6670  0 
 6671  3 
 6672  0 
 6673  0 
 6674  1 
 6675  0 
 6676  1 
 6677  0 
 6678  0 
 6679  1 
 6680  0 
 6681  1 
 6682  1 
 6683  2 
 6684  0 
 6685  1 
 6686  1 
 6687  1 
 6688  0 
 6689  1 
 6690  0 
 6691  0 
 6692  1 
 6693  0 
 6694  0 
 6695  0 
 6696  0 
 6697  1 
 6698  0 
 6699  0 
 6700  0 
 6701  1 
 6702  0 
 6703  1 
 6704  0 
 6705  0 
 6706  0 
 6707  0 
 6708  0 
 6709  1 
 6710  2 
 6711  2 
 6712  1 
 6713  1 
 6714  0 
 6715  0 
 6716  1 
 6717  1 
 6718  0 
 6719  1 
 6720  1 
 6721  1 
 6722  1 
 6723  1 
 6724  0 
 6725  0 
 6726  0 
 6727  0 
 6728  0 
 6729  0 
 6730  1 
 6731  1 
 6732  1 
 6733  1 
 6734  0 
 6735  1 
 6736  0 
 6737  1 
 6738  0 
 6739  3 
 6740  0 
 6741  0 
 6742  2 
 6743  0 
 6744  0 
 6745  0 
 6746  0 
 6747  0 
 6748  0 
 6749  0 
 6750  1 
 6751  0 
 6752  2 
 6753  1 
 6754  0 
 6755  0 
 6756  0 
 6757  0 
 6758  0 
 6759  0 
 6760  0 
 6761  1 
 6762  0 
 6763  1 
 6764  0 
 6765  0 
 6766  1 
 6767  2 
 6768  2 
 6769  0 
 6770  0 
 6771  3 
 6772  0 
 6773  0 
 6774  2 
 6775  0 
 6776  0 
 6777  0 
 6778  1 
 6779  2 
 6780  0 
 6781  0 
 6782  1 
 6783  0 
 6784  1 
 6785  0 
 6786  0 
 6787  0 
 6788  1 
 6789  1 
 6790  0 
 6791  2 
 6792  0 
 6793  1 
 6794  3 
 6795  0 
 6796  0 
 6797  0 
 6798  1 
 6799  0 
 6800  1 
 6801  0 
 6802  0 
 6803  0 
 6804  0 
 6805  0 
 6806  0 
 6807  1 
 6808  0 
 6809  0 
 6810  0 
 6811  0 
 6812  1 
 6813  0 
 6814  0 
 6815  0 
 6816  0 
 6817  0 
 6818  0 
 6819  0 
 6820  0 
 6821  0 
 6822  0 
 6823  0 
 6824  0 
 6825  0 
 6826  1 
 6827  1 
 6828  0 
 6829  0 
 6830  0 
 6831  0 
 6832  0 
 6833  0 
 6834  2 
 6835  1 
 6836  0 
 6837  0 
 6838  0 
 6839  2 
 6840  0 
 6841  0 
 6842  0 
 6843  1 
 6844  0 
 6845  0 
 6846  1 
 6847  1 
 6848  1 
 6849  0 
 6850  0 
 6851  1 
 6852  0 
 6853  0 
 6854  0 
 6855  0 
 6856  0 
 6857  0 
 6858  0 
 6859  0 
 6860  1 
 6861  0 
 6862  0 
 6863  1 
 6864  2 
 6865  1 
 6866  1 
 6867  0 
 6868  0 
 6869  0 
 6870  0 
 6871  0 
 6872  0 
 6873  1 
 6874  2 
 6875  0 
 6876  0 
 6877  0 
 6878  1 
 6879  0 
 6880  0 
 6881  0 
 6882  0 
 6883  0 
 6884  1 
 6885  1 
 6886  0 
 6887  1 
 6888  1 
 6889  1 
 6890  0 
 6891  0 
 6892  0 
 6893  2 
 6894  0 
 6895  0 
 6896  0 
 6897  0 
 6898  0 
 6899  0 
 6900  1 
 6901  1 
 6902  1 
 6903  0 
 6904  2 
 6905  0 
 6906  0 
 6907  0 
 6908  0 
 6909  1 
 6910  1 
 6911  0 
 6912  1 
 6913  0 
 6914  0 
 6915  1 
 6916  1 
 6917  0 
 6918  0 
 6919  1 
 6920  0 
 6921  0 
 6922  1 
 6923  0 
 6924  0 
 6925  0 
 6926  0 
 6927  0 
 6928  1 
 6929  1 
 6930  0 
 6931  1 
 6932  0 
 6933  0 
 6934  0 
 6935  2 
 6936  0 
 6937  1 
 6938  1 
 6939  0 
 6940  2 
 6941  0 
 6942  0 
 6943  0 
 6944  1 
 6945  0 
 6946  0 
 6947  0 
 6948  0 
 6949  0 
 6950  0 
 6951  1 
 6952  1 
 6953  0 
 6954  0 
 6955  0 
 6956  0 
 6957  0 
 6958  0 
 6959  0 
 6960  1 
 6961  0 
 6962  0 
 6963  2 
 6964  0 
 6965  0 
 6966  0 
 6967  0 
 6968  1 
 6969  1 
 6970  1 
 6971  0 
 6972  0 
 6973  0 
 6974  0 
 6975  0 
 6976  0 
 6977  0 
 6978  1 
 6979  0 
 6980  0 
 6981  2 
 6982  0 
 6983  0 
 6984  0 
 6985  0 
 6986  0 
 6987  4 
 6988  0 
 6989  0 
 6990  0 
 6991  0 
 6992  0 
 6993  0 
 6994  1 
 6995  1 
 6996  0 
 6997  0 
 6998  0 
 6999  0 
 7000  1 
 7001  0 
 7002  1 
 7003  0 
 7004  0 
 7005  0 
 7006  1 
 7007  0 
 7008  0 
 7009  2 
 7010  3 
 7011  0 
 7012  0 
 7013  0 
 7014  1 
 7015  1 
 7016  0 
 7017  1 
 7018  0 
 7019  1 
 7020  0 
 7021  1 
 7022  0 
 7023  0 
 7024  0 
 7025  1 
 7026  0 
 7027  0 
 7028  0 
 7029  1 
 7030  0 
 7031  0 
 7032  0 
 7033  0 
 7034  0 
 7035  0 
 7036  0 
 7037  2 
 7038  0 
 7039  2 
 7040  0 
 7041  1 
 7042  0 
 7043  0 
 7044  2 
 7045  0 
 7046  0 
 7047  2 
 7048  1 
 7049  0 
 7050  0 
 7051  0 
 7052  1 
 7053  0 
 7054  1 
 7055  3 
 7056  0 
 7057  0 
 7058  0 
 7059  0 
 7060  0 
 7061  0 
 7062  0 
 7063  0 
 7064  0 
 7065  1 
 7066  0 
 7067  0 
 7068  1 
 7069  1 
 7070  1 
 7071  0 
 7072  0 
 7073  0 
 7074  0 
 7075  1 
 7076  0 
 7077  0 
 7078  0 
 7079  1 
 7080  0 
 7081  0 
 7082  1 
 7083  2 
 7084  0 
 7085  0 
 7086  0 
 7087  0 
 7088  0 
 7089  1 
 7090  2 
 7091  0 
 7092  2 
 7093  2 
 7094  2 
 7095  1 
 7096  0 
 7097  1 
 7098  0 
 7099  0 
 7100  1 
 7101  1 
 7102  2 
 7103  2 
 7104  1 
 7105  0 
 7106  1 
 7107  1 
 7108  0 
 7109  0 
 7110  0 
 7111  1 
 7112  0 
 7113  2 
 7114  0 
 7115  0 
 7116  3 
 7117  0 
 7118  0 
 7119  1 
 7120  1 
 7121  0 
 7122  1 
 7123  3 
 7124  0 
 7125  1 
 7126  0 
 7127  2 
 7128  2 
 7129  1 
 7130  3 
 7131  0 
 7132  2 
 7133  0 
 7134  0 
 7135  0 
 7136  1 
 7137  0 
 7138  0 
 7139  0 
 7140  1 
 7141  2 
 7142  0 
 7143  1 
 7144  0 
 7145  0 
 7146  3 
 7147  0 
 7148  3 
 7149  0 
 7150  0 
 7151  1 
 7152  0 
 7153  1 
 7154  1 
 7155  0 
 7156  0 
 7157  1 
 7158  0 
 7159  0 
 7160  4 
 7161  0 
 7162  2 
 7163  0 
 7164  0 
 7165  1 
 7166  1 
 7167  0 
 7168  0 
 7169  0 
 7170  0 
 7171  0 
 7172  0 
 7173  1 
 7174  0 
 7175  0 
 7176  0 
 7177  0 
 7178  0 
 7179  0 
 7180  0 
 7181  0 
 7182  0 
 7183  1 
 7184  0 
 7185  1 
 7186  2 
 7187  1 
 7188  1 
 7189  0 
 7190  0 
 7191  3 
 7192  1 
 7193  0 
 7194  0 
 7195  1 
 7196  0 
 7197  0 
 7198  0 
 7199  2 
 7200  1 
 7201  1 
 7202  2 
 7203  0 
 7204  1 
 7205  0 
 7206  0 
 7207  0 
 7208  1 
 7209  0 
 7210  1 
 7211  1 
 7212  0 
 7213  2 
 7214  0 
 7215  1 
 7216  1 
 7217  1 
 7218  0 
 7219  1 
 7220  0 
 7221  0 
 7222  0 
 7223  1 
 7224  1 
 7225  0 
 7226  1 
 7227  0 
 7228  0 
 7229  1 
 7230  2 
 7231  0 
 7232  1 
 7233  2 
 7234  1 
 7235  0 
 7236  0 
 7237  0 
 7238  0 
 7239  1 
 7240  0 
 7241  1 
 7242  0 
 7243  2 
 7244  1 
 7245  1 
 7246  0 
 7247  2 
 7248  2 
 7249  0 
 7250  0 
 7251  0 
 7252  0 
 7253  0 
 7254  1 
 7255  2 
 7256  0 
 7257  0 
 7258  1 
 7259  0 
 7260  1 
 7261  1 
 7262  1 
 7263  0 
 7264  4 
 7265  3 
 7266  0 
 7267  0 
 7268  3 
 7269  0 
 7270  0 
 7271  0 
 7272  0 
 7273  1 
 7274  0 
 7275  1 
 7276  2 
 7277  1 
 7278  0 
 7279  1 
 7280  0 
 7281  1 
 7282  0 
 7283  1 
 7284  0 
 7285  0 
 7286  0 
 7287  3 
 7288  0 
 7289  1 
 7290  2 
 7291  0 
 7292  0 
 7293  0 
 7294  0 
 7295  0 
 7296  0 
 7297  1 
 7298  1 
 7299  3 
 7300  0 
 7301  1 
 7302  0 
 7303  0 
 7304  1 
 7305  1 
 7306  1 
 7307  1 
 7308  0 
 7309  2 
 7310  2 
 7311  3 
 7312  0 
 7313  1 
 7314  4 
 7315  0 
 7316  1 
 7317  0 
 7318  0 
 7319  0 
 7320  1 
 7321  2 
 7322  1 
 7323  2 
 7324  0 
 7325  0 
 7326  1 
 7327  3 
 7328  1 
 7329  2 
 7330  0 
 7331  0 
 7332  0 
 7333  0 
 7334  0 
 7335  2 
 7336  0 
 7337  1 
 7338  0 
 7339  1 
 7340  1 
 7341  1 
 7342  2 
 7343  0 
 7344  0 
 7345  5 
 7346  0 
 7347  1 
 7348  0 
 7349  2 
 7350  1 
 7351  0 
 7352  0 
 7353  0 
 7354  0 
 7355  1 
 7356  0 
 7357  3 
 7358  2 
 7359  0 
 7360  0 
 7361  0 
 7362  1 
 7363  0 
 7364  2 
 7365  0 
 7366  0 
 7367  1 
 7368  0 
 7369  0 
 7370  0 
 7371  0 
 7372  1 
 7373  0 
 7374  1 
 7375  0 
 7376  0 
 7377  3 
 7378  1 
 7379  1 
 7380  1 
 7381  1 
 7382  2 
 7383  0 
 7384  1 
 7385  0 
 7386  0 
 7387  2 
 7388  2 
 7389  1 
 7390  1 
 7391  0 
 7392  0 
 7393  0 
 7394  1 
 7395  2 
 7396  2 
 7397  0 
 7398  1 
 7399  0 
 7400  2 
 7401  0 
 7402  0 
 7403  2 
 7404  1 
 7405  0 
 7406  2 
 7407  0 
 7408  2 
 7409  0 
 7410  3 
 7411  1 
 7412  2 
 7413  1 
 7414  2 
 7415  3 
 7416  0 
 7417  0 
 7418  0 
 7419  0 
 7420  2 
 7421  0 
 7422  0 
 7423  1 
 7424  1 
 7425  1 
 7426  0 
 7427  3 
 7428  0 
 7429  1 
 7430  0 
 7431  0 
 7432  0 
 7433  4 
 7434  1 
 7435  1 
 7436  0 
 7437  0 
 7438  1 
 7439  1 
 7440  0 
 7441  2 
 7442  1 
 7443  0 
 7444  0 
 7445  1 
 7446  2 
 7447  0 
 7448  0 
 7449  4 
 7450  1 
 7451  0 
 7452  1 
 7453  1 
 7454  1 
 7455  1 
 7456  2 
 7457  2 
 7458  1 
 7459  0 
 7460  0 
 7461  0 
 7462  0 
 7463  1 
 7464  0 
 7465  0 
 7466  0 
 7467  1 
 7468  4 
 7469  1 
 7470  0 
 7471  0 
 7472  0 
 7473  1 
 7474  0 
 7475  0 
 7476  0 
 7477  3 
 7478  1 
 7479  1 
 7480  0 
 7481  1 
 7482  0 
 7483  0 
 7484  1 
 7485  2 
 7486  0 
 7487  2 
 7488  2 
 7489  0 
 7490  0 
 7491  0 
 7492  1 
 7493  1 
 7494  0 
 7495  1 
 7496  1 
 7497  1 
 7498  2 
 7499  0 
 7500  2 
 7501  3 
 7502  1 
 7503  2 
 7504  0 
 7505  2 
 7506  0 
 7507  2 
 7508  1 
 7509  0 
 7510  0 
 7511  1 
 7512  2 
 7513  1 
 7514  1 
 7515  2 
 7516  1 
 7517  2 
 7518  0 
 7519  2 
 7520  0 
 7521  1 
 7522  1 
 7523  3 
 7524  1 
 7525  0 
 7526  0 
 7527  1 
 7528  0 
 7529  0 
 7530  0 
 7531  1 
 7532  0 
 7533  0 
 7534  2 
 7535  0 
 7536  4 
 7537  2 
 7538  0 
 7539  0 
 7540  1 
 7541  3 
 7542  1 
 7543  0 
 7544  1 
 7545  2 
 7546  2 
 7547  1 
 7548  0 
 7549  1 
 7550  0 
 7551  0 
 7552  2 
 7553  0 
 7554  0 
 7555  0 
 7556  0 
 7557  0 
 7558  0 
 7559  1 
 7560  0 
 7561  2 
 7562  0 
 7563  0 
 7564  1 
 7565  3 
 7566  2 
 7567  0 
 7568  1 
 7569  0 
 7570  2 
 7571  1 
 7572  2 
 7573  0 
 7574  1 
 7575  0 
 7576  2 
 7577  0 
 7578  0 
 7579  1 
 7580  0 
 7581  1 
 7582  0 
 7583  2 
 7584  0 
 7585  1 
 7586  1 
 7587  2 
 7588  1 
 7589  1 
 7590  0 
 7591  0 
 7592  2 
 7593  1 
 7594  1 
 7595  0 
 7596  0 
 7597  0 
 7598  0 
 7599  0 
 7600  1 
 7601  1 
 7602  1 
 7603  0 
 7604  0 
 7605  1 
 7606  1 
 7607  2 
 7608  4 
 7609  4 
 7610  1 
 7611  0 
 7612  0 
 7613  2 
 7614  0 
 7615  2 
 7616  1 
 7617  1 
 7618  3 
 7619  0 
 7620  3 
 7621  2 
 7622  2 
 7623  0 
 7624  5 
 7625  0 
 7626  0 
 7627  2 
 7628  1 
 7629  0 
 7630  4 
 7631  1 
 7632  3 
 7633  0 
 7634  1 
 7635  0 
 7636  0 
 7637  0 
 7638  2 
 7639  2 
 7640  0 
 7641  0 
 7642  1 
 7643  3 
 7644  0 
 7645  4 
 7646  1 
 7647  0 
 7648  1 
 7649  4 
 7650  0 
 7651  2 
 7652  0 
 7653  1 
 7654  0 
 7655  3 
 7656  1 
 7657  2 
 7658  1 
 7659  0 
 7660  0 
 7661  2 
 7662  0 
 7663  0 
 7664  0 
 7665  1 
 7666  2 
 7667  1 
 7668  0 
 7669  1 
 7670  1 
 7671  0 
 7672  1 
 7673  2 
 7674  0 
 7675  0 
 7676  1 
 7677  1 
 7678  1 
 7679  0 
 7680  0 
 7681  0 
 7682  1 
 7683  0 
 7684  0 
 7685  0 
 7686  0 
 7687  0 
 7688  0 
 7689  0 
 7690  0 
 7691  0 
 7692  0 
 7693  1 
 7694  0 
 7695  1 
 7696  1 
 7697  0 
 7698  2 
 7699  0 
 7700  0 
 7701  0 
 7702  0 
 7703  0 
 7704  1 
 7705  0 
 7706  0 
 7707  1 
 7708  0 
 7709  0 
 7710  1 
 7711  1 
 7712  1 
 7713  1 
 7714  2 
 7715  0 
 7716  0 
 7717  0 
 7718  1 
 7719  0 
 7720  0 
 7721  0 
 7722  0 
 7723  0 
 7724  1 
 7725  0 
 7726  0 
 7727  0 
 7728  0 
 7729  1 
 7730  0 
 7731  0 
 7732  2 
 7733  0 
 7734  0 
 7735  1 
 7736  1 
 7737  1 
 7738  0 
 7739  0 
 7740  0 
 7741  0 
 7742  1 
 7743  1 
 7744  1 
 7745  0 
 7746  0 
 7747  1 
 7748  0 
 7749  0 
 7750  1 
 7751  0 
 7752  0 
 7753  0 
 7754  0 
 7755  0 
 7756  0 
 7757  0 
 7758  0 
 7759  1 
 7760  0 
 7761  0 
 7762  0 
 7763  0 
 7764  0 
 7765  0 
 7766  0 
 7767  0 
 7768  1 
 7769  0 
 7770  0 
 7771  0 
 7772  1 
 7773  0 
 7774  0 
 7775  0 
 7776  0 
 7777  2 
 7778  1 
 7779  0 
 7780  0 
 7781  0 
 7782  0 
 7783  1 
 7784  1 
 7785  0 
 7786  0 
 7787  0 
 7788  0 
 7789  0 
 7790  0 
 7791  1 
 7792  0 
 7793  1 
 7794  0 
 7795  0 
 7796  0 
 7797  0 
 7798  0 
 7799  0 
 7800  0 
 7801  1 
 7802  0 
 7803  0 
 7804  0 
 7805  1 
 7806  0 
 7807  0 
 7808  0 
 7809  0 
 7810  1 
 7811  0 
 7812  0 
 7813  0 
 7814  0 
 7815  0 
 7816  0 
 7817  0 
 7818  0 
 7819  1 
 7820  0 
 7821  1 
 7822  0 
 7823  0 
 7824  0 
 7825  0 
 7826  0 
 7827  0 
 7828  0 
 7829  0 
 7830  0 
 7831  0 
 7832  1 
 7833  0 
 7834  0 
 7835  0 
 7836  0 
 7837  0 
 7838  0 
 7839  0 
 7840  0 
 7841  0 
 7842  0 
 7843  0 
 7844  0 
 7845  0 
 7846  0 
 7847  0 
 7848  0 
 7849  0 
 7850  0 
 7851  0 
 7852  0 
 7853  0 
 7854  0 
 7855  0 
 7856  0 
 7857  0 
 7858  0 
 7859  0 
 7860  0 
 7861  0 
 7862  0 
 7863  1 
 7864  0 
 7865  0 
 7866  0 
 7867  0 
 7868  0 
 7869  0 
 7870  0 
 7871  0 
 7872  0 
 7873  0 
 7874  0 
 7875  0 
 7876  0 
 7877  0 
 7878  0 
 7879  0 
 7880  0 
 7881  0 
 7882  0 
 7883  0 
 7884  0 
 7885  0 
 7886  0 
 7887  0 
 7888  0 
 7889  0 
 7890  0 
 7891  0 
 7892  0 
 7893  0 
 7894  0 
 7895  0 
 7896  0 
 7897  0 
 7898  1 
 7899  0 
 7900  0 
 7901  0 
 7902  0 
 7903  0 
 7904  0 
 7905  0 
 7906  0 
 7907  0 
 7908  0 
 7909  0 
 7910  0 
 7911  1 
 7912  0 
 7913  0 
 7914  0 
 7915  0 
 7916  0 
 7917  0 
 7918  0 
 7919  0 
 7920  0 
 7921  0 
 7922  0 
 7923  0 
 7924  0 
 7925  0 
 7926  0 
 7927  0 
 7928  0 
 7929  0 
 7930  0 
 7931  0 
 7932  1 
 7933  0 
 7934  0 
 7935  0 
 7936  0 
 7937  0 
 7938  0 
 7939  0 
 7940  0 
 7941  0 
 7942  0 
 7943  0 
 7944  0 
 7945  0 
 7946  0 
 7947  1 
 7948  0 
 7949  0 
 7950  0 
 7951  0 
 7952  0 
 7953  0 
 7954  0 
 7955  0 
 7956  0 
 7957  0 
 7958  0 
 7959  0 
 7960  0 
 7961  0 
 7962  0 
 7963  0 
 7964  0 
 7965  0 
 7966  0 
 7967  0 
 7968  0 
 7969  0 
 7970  1 
 7971  0 
 7972  0 
 7973  0 
 7974  0 
 7975  0 
 7976  0 
 7977  0 
 7978  0 
 7979  0 
 7980  0 
 7981  1 
 7982  0 
 7983  0 
 7984  0 
 7985  0 
 7986  0 
 7987  0 
 7988  0 
 7989  0 
 7990  0 
 7991  1 
 7992  0 
 7993  0 
 7994  1 
 7995  1 
 7996  0 
 7997  0 
 7998  0 
 7999  0 
 8000  0 
 8001  0 
 8002  0 
 8003  0 
 8004  0 
 8005  0 
 8006  0 
 8007  0 
 8008  0 
 8009  0 
 8010  0 
 8011  0 
 8012  0 
 8013  0 
 8014  0 
 8015  0 
 8016  0 
 8017  0 
 8018  0 
 8019  0 
 8020  0 
 8021  0 
 8022  0 
 8023  0 
 8024  0 
 8025  0 
 8026  0 
 8027  0 
 8028  1 
 8029  0 
 8030  0 
 8031  0 
 8032  0 
 8033  0 
 8034  0 
 8035  0 
 8036  0 
 8037  0 
 8038  1 
 8039  0 
 8040  0 
 8041  0 
 8042  0 
 8043  1 
 8044  0 
 8045  0 
 8046  0 
 8047  0 
 8048  0 
 8049  1 
 8050  0 
 8051  0 
 8052  0 
 8053  2 
 8054  0 
 8055  0 
 8056  1 
 8057  0 
 8058  0 
 8059  0 
 8060  0 
 8061  0 
 8062  0 
 8063  0 
 8064  0 
 8065  1 
 8066  0 
 8067  0 
 8068  0 
 8069  0 
 8070  1 
 8071  0 
 8072  0 
 8073  0 
 8074  0 
 8075  1 
 8076  0 
 8077  0 
 8078  0 
 8079  1 
 8080  0 
 8081  0 
 8082  0 
 8083  0 
 8084  0 
 8085  0 
 8086  0 
 8087  1 
 8088  1 
 8089  0 
 8090  0 
 8091  0 
 8092  0 
 8093  0 
 8094  1 
 8095  0 
 8096  1 
 8097  0 
 8098  1 
 8099  0 
 8100  0 
 8101  0 
 8102  0 
 8103  0 
 8104  1 
 8105  0 
 8106  1 
 8107  1 
 8108  1 
 8109  0 
 8110  0 
 8111  0 
 8112  0 
 8113  0 
 8114  0 
 8115  1 
 8116  0 
 8117  1 
 8118  2 
 8119  0 
 8120  0 
 8121  0 
 8122  0 
 8123  2 
 8124  1 
 8125  1 
 8126  3 
 8127  1 
 8128  0 
 8129  0 
 8130  1 
 8131  1 
 8132  1 
 8133  0 
 8134  0 
 8135  1 
 8136  0 
 8137  2 
 8138  1 
 8139  0 
 8140  0 
 8141  1 
 8142  0 
 8143  0 
 8144  1 
 8145  0 
 8146  0 
 8147  0 
 8148  1 
 8149  0 
 8150  0 
 8151  0 
 8152  0 
 8153  1 
 8154  1 
 8155  1 
 8156  0 
 8157  3 
 8158  0 
 8159  1 
 8160  0 
 8161  0 
 8162  0 
 8163  2 
 8164  1 
 8165  1 
 8166  0 
 8167  0 
 8168  2 
 8169  2 
 8170  0 
 8171  0 
 8172  1 
 8173  0 
 8174  1 
 8175  0 
 8176  0 
 8177  0 
 8178  1 
 8179  0 
 8180  0 
 8181  1 
 8182  2 
 8183  1 
 8184  1 
 8185  0 
 8186  0 
 8187  2 
 8188  0 
 8189  0 
 8190  0 
 8191  0 
