 0  1184 
 1  1191 
 2  0 
 3  0 
 4  0 
 5  0 
 6  0 
 7  0 
 8  0 
 9  0 
 10  0 
 11  0 
 12  0 
 13  0 
 14  0 
 15  0 
 16  0 
 17  0 
 18  0 
 19  0 
 20  0 
 21  0 
 22  0 
 23  0 
 24  0 
 25  0 
 26  0 
 27  0 
 28  0 
 29  0 
 30  0 
 31  0 
 32  0 
 33  0 
 34  0 
 35  0 
 36  0 
 37  0 
 38  0 
 39  0 
 40  0 
 41  0 
 42  0 
 43  0 
 44  0 
 45  0 
 46  0 
 47  0 
 48  0 
 49  0 
 50  0 
 51  0 
 52  0 
 53  0 
 54  0 
 55  0 
 56  0 
 57  0 
 58  0 
 59  0 
 60  0 
 61  0 
 62  0 
 63  0 
 64  0 
 65  0 
 66  0 
 67  0 
 68  0 
 69  0 
 70  0 
 71  0 
 72  0 
 73  0 
 74  0 
 75  0 
 76  0 
 77  0 
 78  0 
 79  0 
 80  0 
 81  0 
 82  0 
 83  0 
 84  0 
 85  0 
 86  0 
 87  0 
 88  0 
 89  0 
 90  0 
 91  0 
 92  0 
 93  0 
 94  0 
 95  0 
 96  0 
 97  0 
 98  0 
 99  0 
 100  0 
 101  0 
 102  0 
 103  0 
 104  0 
 105  0 
 106  0 
 107  0 
 108  0 
 109  0 
 110  0 
 111  0 
 112  0 
 113  0 
 114  0 
 115  0 
 116  0 
 117  0 
 118  0 
 119  0 
 120  0 
 121  0 
 122  0 
 123  0 
 124  0 
 125  0 
 126  0 
 127  0 
 128  0 
 129  0 
 130  0 
 131  0 
 132  0 
 133  0 
 134  0 
 135  0 
 136  0 
 137  0 
 138  0 
 139  0 
 140  0 
 141  0 
 142  0 
 143  0 
 144  0 
 145  0 
 146  0 
 147  0 
 148  0 
 149  0 
 150  0 
 151  0 
 152  0 
 153  0 
 154  0 
 155  0 
 156  0 
 157  0 
 158  0 
 159  0 
 160  0 
 161  0 
 162  0 
 163  0 
 164  0 
 165  0 
 166  0 
 167  0 
 168  0 
 169  0 
 170  0 
 171  0 
 172  0 
 173  0 
 174  0 
 175  0 
 176  0 
 177  0 
 178  0 
 179  0 
 180  0 
 181  0 
 182  0 
 183  0 
 184  0 
 185  0 
 186  0 
 187  0 
 188  0 
 189  0 
 190  0 
 191  0 
 192  0 
 193  0 
 194  0 
 195  0 
 196  0 
 197  0 
 198  0 
 199  0 
 200  0 
 201  0 
 202  0 
 203  0 
 204  0 
 205  0 
 206  0 
 207  0 
 208  0 
 209  0 
 210  0 
 211  0 
 212  0 
 213  0 
 214  0 
 215  0 
 216  0 
 217  0 
 218  0 
 219  0 
 220  0 
 221  0 
 222  0 
 223  0 
 224  0 
 225  0 
 226  0 
 227  0 
 228  0 
 229  0 
 230  0 
 231  0 
 232  0 
 233  0 
 234  0 
 235  0 
 236  0 
 237  0 
 238  0 
 239  0 
 240  0 
 241  0 
 242  0 
 243  0 
 244  0 
 245  0 
 246  0 
 247  0 
 248  0 
 249  0 
 250  1 
 251  1 
 252  149 
 253  242 
 254  263 
 255  260 
 256  227 
 257  235 
 258  258 
 259  225 
 260  228 
 261  230 
 262  254 
 263  211 
 264  216 
 265  197 
 266  193 
 267  208 
 268  193 
 269  203 
 270  184 
 271  171 
 272  179 
 273  175 
 274  170 
 275  196 
 276  190 
 277  179 
 278  165 
 279  160 
 280  162 
 281  169 
 282  170 
 283  161 
 284  157 
 285  154 
 286  153 
 287  141 
 288  142 
 289  165 
 290  148 
 291  183 
 292  170 
 293  138 
 294  133 
 295  127 
 296  132 
 297  141 
 298  134 
 299  131 
 300  114 
 301  116 
 302  134 
 303  137 
 304  141 
 305  131 
 306  139 
 307  123 
 308  121 
 309  148 
 310  119 
 311  116 
 312  114 
 313  131 
 314  129 
 315  99 
 316  116 
 317  112 
 318  95 
 319  110 
 320  92 
 321  94 
 322  85 
 323  109 
 324  95 
 325  86 
 326  94 
 327  108 
 328  98 
 329  82 
 330  106 
 331  91 
 332  87 
 333  99 
 334  81 
 335  87 
 336  84 
 337  81 
 338  83 
 339  69 
 340  74 
 341  70 
 342  80 
 343  78 
 344  77 
 345  87 
 346  65 
 347  66 
 348  80 
 349  68 
 350  72 
 351  79 
 352  85 
 353  66 
 354  55 
 355  53 
 356  67 
 357  64 
 358  56 
 359  79 
 360  76 
 361  67 
 362  64 
 363  66 
 364  62 
 365  64 
 366  69 
 367  52 
 368  47 
 369  51 
 370  35 
 371  73 
 372  42 
 373  63 
 374  57 
 375  56 
 376  47 
 377  57 
 378  60 
 379  52 
 380  61 
 381  51 
 382  54 
 383  47 
 384  57 
 385  46 
 386  41 
 387  36 
 388  44 
 389  65 
 390  52 
 391  52 
 392  55 
 393  55 
 394  59 
 395  47 
 396  46 
 397  50 
 398  64 
 399  46 
 400  47 
 401  57 
 402  48 
 403  54 
 404  58 
 405  43 
 406  43 
 407  54 
 408  53 
 409  43 
 410  48 
 411  53 
 412  43 
 413  51 
 414  47 
 415  44 
 416  53 
 417  40 
 418  46 
 419  40 
 420  51 
 421  43 
 422  50 
 423  53 
 424  45 
 425  45 
 426  46 
 427  52 
 428  50 
 429  55 
 430  38 
 431  45 
 432  54 
 433  43 
 434  51 
 435  44 
 436  40 
 437  48 
 438  46 
 439  32 
 440  42 
 441  38 
 442  42 
 443  50 
 444  43 
 445  57 
 446  49 
 447  47 
 448  49 
 449  37 
 450  40 
 451  33 
 452  43 
 453  25 
 454  42 
 455  38 
 456  50 
 457  44 
 458  40 
 459  39 
 460  55 
 461  32 
 462  38 
 463  38 
 464  32 
 465  36 
 466  44 
 467  33 
 468  40 
 469  43 
 470  43 
 471  40 
 472  42 
 473  40 
 474  50 
 475  46 
 476  33 
 477  45 
 478  28 
 479  51 
 480  39 
 481  41 
 482  43 
 483  39 
 484  43 
 485  47 
 486  30 
 487  55 
 488  47 
 489  37 
 490  30 
 491  39 
 492  39 
 493  43 
 494  23 
 495  42 
 496  33 
 497  29 
 498  46 
 499  41 
 500  35 
 501  34 
 502  40 
 503  38 
 504  45 
 505  34 
 506  30 
 507  39 
 508  52 
 509  35 
 510  39 
 511  37 
 512  37 
 513  50 
 514  51 
 515  58 
 516  34 
 517  41 
 518  45 
 519  34 
 520  46 
 521  36 
 522  43 
 523  49 
 524  45 
 525  40 
 526  45 
 527  37 
 528  44 
 529  46 
 530  29 
 531  31 
 532  40 
 533  51 
 534  47 
 535  47 
 536  43 
 537  49 
 538  38 
 539  31 
 540  41 
 541  37 
 542  49 
 543  44 
 544  38 
 545  42 
 546  41 
 547  43 
 548  56 
 549  54 
 550  43 
 551  36 
 552  42 
 553  56 
 554  45 
 555  39 
 556  60 
 557  47 
 558  41 
 559  47 
 560  49 
 561  59 
 562  39 
 563  49 
 564  54 
 565  60 
 566  53 
 567  44 
 568  64 
 569  65 
 570  65 
 571  54 
 572  55 
 573  53 
 574  65 
 575  48 
 576  58 
 577  45 
 578  60 
 579  58 
 580  51 
 581  52 
 582  59 
 583  69 
 584  51 
 585  65 
 586  57 
 587  48 
 588  62 
 589  73 
 590  94 
 591  73 
 592  78 
 593  61 
 594  94 
 595  76 
 596  87 
 597  69 
 598  71 
 599  64 
 600  69 
 601  86 
 602  80 
 603  86 
 604  90 
 605  72 
 606  95 
 607  93 
 608  93 
 609  108 
 610  96 
 611  95 
 612  103 
 613  114 
 614  107 
 615  101 
 616  112 
 617  87 
 618  82 
 619  114 
 620  136 
 621  136 
 622  112 
 623  116 
 624  125 
 625  114 
 626  114 
 627  140 
 628  134 
 629  136 
 630  143 
 631  166 
 632  138 
 633  157 
 634  168 
 635  149 
 636  152 
 637  148 
 638  163 
 639  197 
 640  170 
 641  164 
 642  210 
 643  206 
 644  190 
 645  202 
 646  188 
 647  196 
 648  198 
 649  224 
 650  212 
 651  192 
 652  203 
 653  211 
 654  209 
 655  222 
 656  229 
 657  228 
 658  237 
 659  236 
 660  230 
 661  233 
 662  264 
 663  238 
 664  251 
 665  248 
 666  272 
 667  248 
 668  286 
 669  223 
 670  242 
 671  250 
 672  245 
 673  228 
 674  246 
 675  252 
 676  233 
 677  264 
 678  266 
 679  245 
 680  238 
 681  261 
 682  267 
 683  252 
 684  253 
 685  253 
 686  250 
 687  259 
 688  260 
 689  245 
 690  264 
 691  209 
 692  247 
 693  232 
 694  244 
 695  216 
 696  242 
 697  261 
 698  223 
 699  220 
 700  222 
 701  223 
 702  206 
 703  222 
 704  208 
 705  213 
 706  211 
 707  205 
 708  197 
 709  196 
 710  197 
 711  174 
 712  193 
 713  185 
 714  162 
 715  179 
 716  188 
 717  152 
 718  139 
 719  171 
 720  139 
 721  163 
 722  162 
 723  149 
 724  148 
 725  141 
 726  131 
 727  130 
 728  126 
 729  114 
 730  109 
 731  123 
 732  119 
 733  95 
 734  115 
 735  113 
 736  100 
 737  93 
 738  88 
 739  94 
 740  95 
 741  91 
 742  79 
 743  80 
 744  72 
 745  80 
 746  74 
 747  67 
 748  68 
 749  71 
 750  62 
 751  54 
 752  63 
 753  62 
 754  70 
 755  86 
 756  52 
 757  54 
 758  53 
 759  51 
 760  34 
 761  45 
 762  51 
 763  52 
 764  35 
 765  51 
 766  44 
 767  32 
 768  41 
 769  44 
 770  33 
 771  48 
 772  39 
 773  36 
 774  34 
 775  43 
 776  28 
 777  35 
 778  33 
 779  32 
 780  28 
 781  32 
 782  31 
 783  31 
 784  27 
 785  26 
 786  20 
 787  21 
 788  25 
 789  28 
 790  23 
 791  32 
 792  15 
 793  28 
 794  26 
 795  30 
 796  27 
 797  30 
 798  23 
 799  29 
 800  31 
 801  23 
 802  22 
 803  23 
 804  24 
 805  28 
 806  27 
 807  25 
 808  31 
 809  18 
 810  30 
 811  19 
 812  30 
 813  20 
 814  23 
 815  25 
 816  21 
 817  21 
 818  16 
 819  18 
 820  17 
 821  24 
 822  25 
 823  26 
 824  19 
 825  27 
 826  32 
 827  28 
 828  24 
 829  11 
 830  20 
 831  22 
 832  28 
 833  27 
 834  25 
 835  20 
 836  22 
 837  29 
 838  28 
 839  15 
 840  24 
 841  21 
 842  29 
 843  21 
 844  16 
 845  20 
 846  29 
 847  17 
 848  18 
 849  23 
 850  20 
 851  29 
 852  27 
 853  26 
 854  29 
 855  19 
 856  23 
 857  18 
 858  17 
 859  20 
 860  24 
 861  18 
 862  25 
 863  22 
 864  25 
 865  29 
 866  32 
 867  16 
 868  31 
 869  20 
 870  11 
 871  16 
 872  27 
 873  23 
 874  22 
 875  22 
 876  26 
 877  17 
 878  19 
 879  25 
 880  27 
 881  25 
 882  20 
 883  21 
 884  28 
 885  22 
 886  30 
 887  19 
 888  16 
 889  16 
 890  20 
 891  17 
 892  22 
 893  22 
 894  17 
 895  20 
 896  20 
 897  18 
 898  14 
 899  20 
 900  17 
 901  21 
 902  28 
 903  21 
 904  15 
 905  22 
 906  24 
 907  14 
 908  18 
 909  21 
 910  25 
 911  23 
 912  24 
 913  19 
 914  25 
 915  28 
 916  22 
 917  20 
 918  17 
 919  22 
 920  20 
 921  22 
 922  24 
 923  28 
 924  31 
 925  15 
 926  15 
 927  23 
 928  16 
 929  21 
 930  14 
 931  21 
 932  20 
 933  15 
 934  23 
 935  21 
 936  21 
 937  17 
 938  17 
 939  16 
 940  29 
 941  21 
 942  25 
 943  20 
 944  26 
 945  19 
 946  15 
 947  27 
 948  20 
 949  21 
 950  13 
 951  18 
 952  21 
 953  25 
 954  17 
 955  18 
 956  18 
 957  20 
 958  29 
 959  21 
 960  21 
 961  27 
 962  20 
 963  23 
 964  25 
 965  19 
 966  23 
 967  12 
 968  14 
 969  31 
 970  23 
 971  34 
 972  19 
 973  25 
 974  18 
 975  15 
 976  19 
 977  22 
 978  17 
 979  27 
 980  19 
 981  15 
 982  24 
 983  24 
 984  20 
 985  20 
 986  26 
 987  22 
 988  20 
 989  18 
 990  28 
 991  26 
 992  24 
 993  16 
 994  24 
 995  23 
 996  16 
 997  25 
 998  21 
 999  29 
 1000  19 
 1001  22 
 1002  15 
 1003  14 
 1004  16 
 1005  18 
 1006  25 
 1007  24 
 1008  10 
 1009  21 
 1010  10 
 1011  21 
 1012  21 
 1013  26 
 1014  20 
 1015  13 
 1016  23 
 1017  21 
 1018  20 
 1019  20 
 1020  13 
 1021  29 
 1022  19 
 1023  27 
 1024  18 
 1025  22 
 1026  16 
 1027  20 
 1028  10 
 1029  30 
 1030  20 
 1031  19 
 1032  25 
 1033  15 
 1034  23 
 1035  18 
 1036  26 
 1037  22 
 1038  15 
 1039  20 
 1040  18 
 1041  11 
 1042  13 
 1043  17 
 1044  13 
 1045  15 
 1046  17 
 1047  18 
 1048  19 
 1049  11 
 1050  16 
 1051  23 
 1052  17 
 1053  17 
 1054  19 
 1055  12 
 1056  18 
 1057  20 
 1058  11 
 1059  19 
 1060  19 
 1061  24 
 1062  19 
 1063  22 
 1064  15 
 1065  20 
 1066  18 
 1067  15 
 1068  19 
 1069  19 
 1070  17 
 1071  20 
 1072  12 
 1073  21 
 1074  15 
 1075  17 
 1076  15 
 1077  20 
 1078  17 
 1079  20 
 1080  13 
 1081  18 
 1082  22 
 1083  13 
 1084  14 
 1085  16 
 1086  10 
 1087  17 
 1088  17 
 1089  11 
 1090  16 
 1091  9 
 1092  16 
 1093  16 
 1094  15 
 1095  18 
 1096  17 
 1097  21 
 1098  12 
 1099  21 
 1100  15 
 1101  13 
 1102  18 
 1103  17 
 1104  14 
 1105  17 
 1106  16 
 1107  12 
 1108  15 
 1109  21 
 1110  19 
 1111  12 
 1112  19 
 1113  14 
 1114  19 
 1115  14 
 1116  15 
 1117  14 
 1118  12 
 1119  20 
 1120  17 
 1121  17 
 1122  14 
 1123  17 
 1124  19 
 1125  12 
 1126  22 
 1127  19 
 1128  18 
 1129  15 
 1130  18 
 1131  11 
 1132  13 
 1133  13 
 1134  22 
 1135  12 
 1136  17 
 1137  17 
 1138  8 
 1139  12 
 1140  17 
 1141  15 
 1142  11 
 1143  13 
 1144  13 
 1145  22 
 1146  14 
 1147  18 
 1148  13 
 1149  21 
 1150  18 
 1151  21 
 1152  21 
 1153  23 
 1154  12 
 1155  13 
 1156  10 
 1157  17 
 1158  23 
 1159  14 
 1160  30 
 1161  12 
 1162  16 
 1163  14 
 1164  16 
 1165  25 
 1166  10 
 1167  15 
 1168  19 
 1169  11 
 1170  17 
 1171  20 
 1172  13 
 1173  12 
 1174  15 
 1175  16 
 1176  19 
 1177  22 
 1178  14 
 1179  10 
 1180  22 
 1181  13 
 1182  10 
 1183  11 
 1184  16 
 1185  16 
 1186  21 
 1187  20 
 1188  17 
 1189  17 
 1190  19 
 1191  18 
 1192  17 
 1193  17 
 1194  18 
 1195  14 
 1196  22 
 1197  10 
 1198  13 
 1199  10 
 1200  15 
 1201  11 
 1202  16 
 1203  9 
 1204  17 
 1205  16 
 1206  17 
 1207  14 
 1208  14 
 1209  21 
 1210  13 
 1211  11 
 1212  19 
 1213  12 
 1214  15 
 1215  12 
 1216  18 
 1217  20 
 1218  13 
 1219  9 
 1220  16 
 1221  22 
 1222  14 
 1223  18 
 1224  15 
 1225  24 
 1226  24 
 1227  7 
 1228  14 
 1229  16 
 1230  18 
 1231  12 
 1232  18 
 1233  14 
 1234  21 
 1235  19 
 1236  16 
 1237  11 
 1238  16 
 1239  9 
 1240  13 
 1241  10 
 1242  16 
 1243  14 
 1244  20 
 1245  14 
 1246  20 
 1247  17 
 1248  13 
 1249  24 
 1250  18 
 1251  17 
 1252  10 
 1253  10 
 1254  24 
 1255  13 
 1256  10 
 1257  18 
 1258  14 
 1259  25 
 1260  12 
 1261  19 
 1262  11 
 1263  10 
 1264  12 
 1265  14 
 1266  11 
 1267  21 
 1268  16 
 1269  13 
 1270  11 
 1271  16 
 1272  16 
 1273  16 
 1274  19 
 1275  14 
 1276  12 
 1277  15 
 1278  15 
 1279  15 
 1280  14 
 1281  11 
 1282  14 
 1283  14 
 1284  8 
 1285  17 
 1286  18 
 1287  11 
 1288  8 
 1289  19 
 1290  19 
 1291  18 
 1292  21 
 1293  17 
 1294  16 
 1295  14 
 1296  19 
 1297  15 
 1298  14 
 1299  9 
 1300  17 
 1301  14 
 1302  13 
 1303  13 
 1304  19 
 1305  11 
 1306  12 
 1307  13 
 1308  20 
 1309  11 
 1310  11 
 1311  17 
 1312  16 
 1313  14 
 1314  18 
 1315  17 
 1316  12 
 1317  10 
 1318  14 
 1319  6 
 1320  9 
 1321  15 
 1322  15 
 1323  17 
 1324  12 
 1325  12 
 1326  11 
 1327  15 
 1328  11 
 1329  13 
 1330  13 
 1331  16 
 1332  10 
 1333  9 
 1334  15 
 1335  8 
 1336  12 
 1337  14 
 1338  19 
 1339  11 
 1340  17 
 1341  10 
 1342  8 
 1343  8 
 1344  16 
 1345  18 
 1346  18 
 1347  12 
 1348  12 
 1349  15 
 1350  23 
 1351  13 
 1352  10 
 1353  10 
 1354  13 
 1355  10 
 1356  22 
 1357  15 
 1358  15 
 1359  18 
 1360  14 
 1361  18 
 1362  13 
 1363  14 
 1364  15 
 1365  16 
 1366  10 
 1367  10 
 1368  17 
 1369  12 
 1370  20 
 1371  13 
 1372  7 
 1373  17 
 1374  11 
 1375  4 
 1376  16 
 1377  8 
 1378  12 
 1379  10 
 1380  6 
 1381  15 
 1382  19 
 1383  8 
 1384  16 
 1385  12 
 1386  12 
 1387  17 
 1388  9 
 1389  17 
 1390  10 
 1391  17 
 1392  13 
 1393  10 
 1394  16 
 1395  10 
 1396  14 
 1397  7 
 1398  13 
 1399  11 
 1400  15 
 1401  9 
 1402  12 
 1403  12 
 1404  12 
 1405  16 
 1406  15 
 1407  10 
 1408  12 
 1409  17 
 1410  7 
 1411  10 
 1412  13 
 1413  18 
 1414  13 
 1415  13 
 1416  13 
 1417  8 
 1418  8 
 1419  7 
 1420  12 
 1421  19 
 1422  7 
 1423  11 
 1424  16 
 1425  13 
 1426  9 
 1427  13 
 1428  7 
 1429  18 
 1430  15 
 1431  15 
 1432  10 
 1433  6 
 1434  14 
 1435  10 
 1436  12 
 1437  11 
 1438  9 
 1439  11 
 1440  11 
 1441  13 
 1442  9 
 1443  16 
 1444  9 
 1445  15 
 1446  5 
 1447  7 
 1448  8 
 1449  13 
 1450  13 
 1451  13 
 1452  13 
 1453  8 
 1454  15 
 1455  10 
 1456  10 
 1457  14 
 1458  16 
 1459  13 
 1460  5 
 1461  9 
 1462  8 
 1463  9 
 1464  14 
 1465  14 
 1466  11 
 1467  9 
 1468  13 
 1469  8 
 1470  8 
 1471  7 
 1472  8 
 1473  10 
 1474  13 
 1475  16 
 1476  15 
 1477  5 
 1478  16 
 1479  18 
 1480  9 
 1481  17 
 1482  14 
 1483  12 
 1484  9 
 1485  12 
 1486  13 
 1487  9 
 1488  7 
 1489  12 
 1490  13 
 1491  15 
 1492  5 
 1493  17 
 1494  16 
 1495  13 
 1496  9 
 1497  13 
 1498  17 
 1499  11 
 1500  6 
 1501  10 
 1502  7 
 1503  8 
 1504  12 
 1505  16 
 1506  7 
 1507  21 
 1508  9 
 1509  12 
 1510  13 
 1511  10 
 1512  17 
 1513  16 
 1514  11 
 1515  18 
 1516  16 
 1517  14 
 1518  13 
 1519  14 
 1520  12 
 1521  11 
 1522  10 
 1523  15 
 1524  11 
 1525  7 
 1526  8 
 1527  8 
 1528  11 
 1529  6 
 1530  10 
 1531  13 
 1532  9 
 1533  13 
 1534  18 
 1535  10 
 1536  5 
 1537  12 
 1538  9 
 1539  8 
 1540  11 
 1541  11 
 1542  13 
 1543  12 
 1544  10 
 1545  7 
 1546  7 
 1547  15 
 1548  11 
 1549  10 
 1550  17 
 1551  17 
 1552  14 
 1553  10 
 1554  12 
 1555  11 
 1556  8 
 1557  11 
 1558  12 
 1559  11 
 1560  10 
 1561  12 
 1562  11 
 1563  13 
 1564  10 
 1565  10 
 1566  11 
 1567  13 
 1568  11 
 1569  14 
 1570  8 
 1571  9 
 1572  13 
 1573  9 
 1574  9 
 1575  8 
 1576  6 
 1577  11 
 1578  11 
 1579  11 
 1580  15 
 1581  12 
 1582  13 
 1583  10 
 1584  11 
 1585  6 
 1586  13 
 1587  11 
 1588  8 
 1589  10 
 1590  2 
 1591  11 
 1592  6 
 1593  17 
 1594  15 
 1595  10 
 1596  8 
 1597  6 
 1598  8 
 1599  14 
 1600  9 
 1601  5 
 1602  14 
 1603  17 
 1604  13 
 1605  12 
 1606  13 
 1607  12 
 1608  6 
 1609  7 
 1610  10 
 1611  10 
 1612  9 
 1613  11 
 1614  14 
 1615  13 
 1616  11 
 1617  12 
 1618  14 
 1619  12 
 1620  13 
 1621  10 
 1622  5 
 1623  10 
 1624  11 
 1625  12 
 1626  5 
 1627  3 
 1628  9 
 1629  10 
 1630  11 
 1631  9 
 1632  10 
 1633  12 
 1634  9 
 1635  10 
 1636  10 
 1637  5 
 1638  11 
 1639  10 
 1640  11 
 1641  13 
 1642  20 
 1643  14 
 1644  10 
 1645  7 
 1646  12 
 1647  6 
 1648  14 
 1649  10 
 1650  7 
 1651  6 
 1652  9 
 1653  12 
 1654  9 
 1655  8 
 1656  7 
 1657  11 
 1658  13 
 1659  6 
 1660  8 
 1661  10 
 1662  9 
 1663  6 
 1664  9 
 1665  8 
 1666  8 
 1667  6 
 1668  11 
 1669  9 
 1670  11 
 1671  14 
 1672  13 
 1673  5 
 1674  8 
 1675  3 
 1676  8 
 1677  9 
 1678  9 
 1679  12 
 1680  15 
 1681  10 
 1682  11 
 1683  10 
 1684  9 
 1685  6 
 1686  4 
 1687  12 
 1688  14 
 1689  8 
 1690  12 
 1691  11 
 1692  11 
 1693  6 
 1694  11 
 1695  11 
 1696  12 
 1697  16 
 1698  10 
 1699  15 
 1700  16 
 1701  11 
 1702  8 
 1703  13 
 1704  9 
 1705  9 
 1706  5 
 1707  6 
 1708  15 
 1709  2 
 1710  11 
 1711  6 
 1712  10 
 1713  11 
 1714  8 
 1715  10 
 1716  12 
 1717  9 
 1718  12 
 1719  8 
 1720  7 
 1721  11 
 1722  8 
 1723  12 
 1724  10 
 1725  8 
 1726  6 
 1727  13 
 1728  14 
 1729  8 
 1730  10 
 1731  12 
 1732  7 
 1733  6 
 1734  5 
 1735  10 
 1736  10 
 1737  9 
 1738  7 
 1739  14 
 1740  11 
 1741  11 
 1742  7 
 1743  9 
 1744  7 
 1745  5 
 1746  7 
 1747  8 
 1748  14 
 1749  8 
 1750  10 
 1751  14 
 1752  13 
 1753  8 
 1754  12 
 1755  11 
 1756  14 
 1757  8 
 1758  8 
 1759  15 
 1760  13 
 1761  9 
 1762  7 
 1763  5 
 1764  9 
 1765  5 
 1766  9 
 1767  7 
 1768  11 
 1769  4 
 1770  6 
 1771  8 
 1772  5 
 1773  8 
 1774  8 
 1775  6 
 1776  8 
 1777  13 
 1778  11 
 1779  10 
 1780  20 
 1781  7 
 1782  8 
 1783  10 
 1784  8 
 1785  8 
 1786  8 
 1787  16 
 1788  10 
 1789  7 
 1790  11 
 1791  10 
 1792  11 
 1793  11 
 1794  10 
 1795  8 
 1796  11 
 1797  9 
 1798  12 
 1799  8 
 1800  6 
 1801  8 
 1802  11 
 1803  11 
 1804  9 
 1805  11 
 1806  7 
 1807  9 
 1808  12 
 1809  13 
 1810  8 
 1811  9 
 1812  9 
 1813  9 
 1814  8 
 1815  9 
 1816  10 
 1817  11 
 1818  14 
 1819  5 
 1820  10 
 1821  6 
 1822  8 
 1823  8 
 1824  10 
 1825  6 
 1826  11 
 1827  7 
 1828  4 
 1829  17 
 1830  8 
 1831  18 
 1832  9 
 1833  7 
 1834  6 
 1835  10 
 1836  7 
 1837  6 
 1838  9 
 1839  9 
 1840  8 
 1841  10 
 1842  5 
 1843  6 
 1844  13 
 1845  7 
 1846  12 
 1847  8 
 1848  6 
 1849  10 
 1850  7 
 1851  12 
 1852  12 
 1853  8 
 1854  13 
 1855  7 
 1856  9 
 1857  9 
 1858  6 
 1859  8 
 1860  7 
 1861  11 
 1862  11 
 1863  11 
 1864  5 
 1865  11 
 1866  6 
 1867  10 
 1868  12 
 1869  5 
 1870  9 
 1871  6 
 1872  11 
 1873  11 
 1874  20 
 1875  8 
 1876  4 
 1877  6 
 1878  15 
 1879  3 
 1880  7 
 1881  13 
 1882  11 
 1883  8 
 1884  7 
 1885  7 
 1886  10 
 1887  9 
 1888  5 
 1889  8 
 1890  13 
 1891  7 
 1892  9 
 1893  6 
 1894  5 
 1895  6 
 1896  10 
 1897  11 
 1898  4 
 1899  6 
 1900  9 
 1901  10 
 1902  7 
 1903  16 
 1904  8 
 1905  8 
 1906  8 
 1907  13 
 1908  9 
 1909  8 
 1910  7 
 1911  7 
 1912  2 
 1913  10 
 1914  10 
 1915  6 
 1916  3 
 1917  11 
 1918  3 
 1919  11 
 1920  7 
 1921  13 
 1922  10 
 1923  7 
 1924  8 
 1925  14 
 1926  11 
 1927  6 
 1928  15 
 1929  6 
 1930  6 
 1931  14 
 1932  8 
 1933  7 
 1934  8 
 1935  7 
 1936  10 
 1937  9 
 1938  10 
 1939  16 
 1940  6 
 1941  8 
 1942  4 
 1943  9 
 1944  16 
 1945  9 
 1946  9 
 1947  9 
 1948  8 
 1949  9 
 1950  4 
 1951  6 
 1952  14 
 1953  3 
 1954  8 
 1955  12 
 1956  10 
 1957  11 
 1958  5 
 1959  2 
 1960  13 
 1961  5 
 1962  11 
 1963  4 
 1964  5 
 1965  9 
 1966  15 
 1967  5 
 1968  8 
 1969  7 
 1970  11 
 1971  9 
 1972  14 
 1973  2 
 1974  4 
 1975  8 
 1976  4 
 1977  12 
 1978  11 
 1979  4 
 1980  3 
 1981  8 
 1982  10 
 1983  3 
 1984  5 
 1985  2 
 1986  7 
 1987  5 
 1988  4 
 1989  3 
 1990  9 
 1991  5 
 1992  11 
 1993  11 
 1994  4 
 1995  9 
 1996  9 
 1997  12 
 1998  10 
 1999  7 
 2000  8 
 2001  2 
 2002  8 
 2003  7 
 2004  14 
 2005  14 
 2006  9 
 2007  3 
 2008  6 
 2009  9 
 2010  10 
 2011  11 
 2012  11 
 2013  9 
 2014  6 
 2015  5 
 2016  7 
 2017  8 
 2018  9 
 2019  6 
 2020  6 
 2021  9 
 2022  5 
 2023  11 
 2024  7 
 2025  4 
 2026  8 
 2027  5 
 2028  9 
 2029  11 
 2030  10 
 2031  9 
 2032  7 
 2033  5 
 2034  10 
 2035  10 
 2036  3 
 2037  6 
 2038  11 
 2039  10 
 2040  8 
 2041  5 
 2042  11 
 2043  3 
 2044  7 
 2045  7 
 2046  3 
 2047  4 
 2048  9 
 2049  3 
 2050  12 
 2051  6 
 2052  7 
 2053  8 
 2054  6 
 2055  7 
 2056  11 
 2057  9 
 2058  10 
 2059  5 
 2060  6 
 2061  1 
 2062  5 
 2063  9 
 2064  7 
 2065  9 
 2066  9 
 2067  7 
 2068  13 
 2069  10 
 2070  8 
 2071  2 
 2072  12 
 2073  6 
 2074  8 
 2075  5 
 2076  5 
 2077  11 
 2078  7 
 2079  6 
 2080  9 
 2081  9 
 2082  9 
 2083  8 
 2084  7 
 2085  4 
 2086  10 
 2087  4 
 2088  12 
 2089  7 
 2090  7 
 2091  11 
 2092  7 
 2093  8 
 2094  4 
 2095  6 
 2096  8 
 2097  6 
 2098  6 
 2099  6 
 2100  6 
 2101  7 
 2102  4 
 2103  10 
 2104  5 
 2105  8 
 2106  7 
 2107  3 
 2108  7 
 2109  9 
 2110  5 
 2111  4 
 2112  11 
 2113  9 
 2114  14 
 2115  8 
 2116  9 
 2117  9 
 2118  10 
 2119  4 
 2120  11 
 2121  7 
 2122  10 
 2123  8 
 2124  5 
 2125  11 
 2126  7 
 2127  5 
 2128  5 
 2129  3 
 2130  5 
 2131  9 
 2132  4 
 2133  8 
 2134  7 
 2135  7 
 2136  7 
 2137  5 
 2138  5 
 2139  7 
 2140  3 
 2141  6 
 2142  5 
 2143  9 
 2144  5 
 2145  12 
 2146  5 
 2147  8 
 2148  5 
 2149  14 
 2150  12 
 2151  13 
 2152  7 
 2153  9 
 2154  5 
 2155  6 
 2156  5 
 2157  12 
 2158  6 
 2159  5 
 2160  8 
 2161  5 
 2162  2 
 2163  8 
 2164  6 
 2165  6 
 2166  3 
 2167  8 
 2168  4 
 2169  6 
 2170  7 
 2171  2 
 2172  6 
 2173  12 
 2174  3 
 2175  2 
 2176  7 
 2177  8 
 2178  8 
 2179  8 
 2180  12 
 2181  7 
 2182  8 
 2183  7 
 2184  9 
 2185  6 
 2186  12 
 2187  6 
 2188  2 
 2189  17 
 2190  8 
 2191  6 
 2192  4 
 2193  4 
 2194  5 
 2195  8 
 2196  3 
 2197  9 
 2198  5 
 2199  6 
 2200  7 
 2201  8 
 2202  8 
 2203  9 
 2204  7 
 2205  4 
 2206  7 
 2207  4 
 2208  8 
 2209  4 
 2210  6 
 2211  4 
 2212  7 
 2213  4 
 2214  4 
 2215  6 
 2216  8 
 2217  6 
 2218  7 
 2219  11 
 2220  6 
 2221  8 
 2222  9 
 2223  9 
 2224  6 
 2225  4 
 2226  8 
 2227  3 
 2228  3 
 2229  9 
 2230  4 
 2231  2 
 2232  11 
 2233  6 
 2234  6 
 2235  7 
 2236  6 
 2237  6 
 2238  9 
 2239  2 
 2240  9 
 2241  12 
 2242  5 
 2243  5 
 2244  11 
 2245  6 
 2246  5 
 2247  8 
 2248  4 
 2249  13 
 2250  7 
 2251  5 
 2252  5 
 2253  8 
 2254  7 
 2255  7 
 2256  4 
 2257  8 
 2258  6 
 2259  5 
 2260  4 
 2261  5 
 2262  7 
 2263  9 
 2264  5 
 2265  3 
 2266  9 
 2267  5 
 2268  6 
 2269  6 
 2270  8 
 2271  10 
 2272  5 
 2273  4 
 2274  5 
 2275  8 
 2276  8 
 2277  7 
 2278  10 
 2279  5 
 2280  5 
 2281  5 
 2282  7 
 2283  9 
 2284  4 
 2285  10 
 2286  7 
 2287  6 
 2288  8 
 2289  7 
 2290  9 
 2291  10 
 2292  5 
 2293  4 
 2294  7 
 2295  4 
 2296  4 
 2297  9 
 2298  11 
 2299  9 
 2300  7 
 2301  9 
 2302  4 
 2303  4 
 2304  7 
 2305  9 
 2306  8 
 2307  7 
 2308  3 
 2309  7 
 2310  3 
 2311  4 
 2312  5 
 2313  7 
 2314  7 
 2315  2 
 2316  5 
 2317  4 
 2318  4 
 2319  3 
 2320  7 
 2321  5 
 2322  6 
 2323  4 
 2324  7 
 2325  7 
 2326  9 
 2327  4 
 2328  5 
 2329  5 
 2330  8 
 2331  8 
 2332  0 
 2333  11 
 2334  12 
 2335  7 
 2336  5 
 2337  8 
 2338  8 
 2339  6 
 2340  5 
 2341  4 
 2342  14 
 2343  8 
 2344  11 
 2345  11 
 2346  7 
 2347  6 
 2348  8 
 2349  10 
 2350  5 
 2351  9 
 2352  7 
 2353  7 
 2354  6 
 2355  6 
 2356  6 
 2357  8 
 2358  6 
 2359  8 
 2360  9 
 2361  3 
 2362  6 
 2363  10 
 2364  9 
 2365  2 
 2366  5 
 2367  7 
 2368  6 
 2369  4 
 2370  6 
 2371  6 
 2372  4 
 2373  12 
 2374  5 
 2375  5 
 2376  6 
 2377  3 
 2378  6 
 2379  7 
 2380  4 
 2381  2 
 2382  5 
 2383  4 
 2384  6 
 2385  5 
 2386  5 
 2387  4 
 2388  5 
 2389  5 
 2390  4 
 2391  5 
 2392  7 
 2393  10 
 2394  7 
 2395  9 
 2396  6 
 2397  8 
 2398  8 
 2399  7 
 2400  10 
 2401  4 
 2402  6 
 2403  9 
 2404  6 
 2405  4 
 2406  3 
 2407  9 
 2408  9 
 2409  7 
 2410  5 
 2411  5 
 2412  6 
 2413  5 
 2414  9 
 2415  6 
 2416  8 
 2417  2 
 2418  3 
 2419  10 
 2420  8 
 2421  8 
 2422  2 
 2423  6 
 2424  4 
 2425  7 
 2426  6 
 2427  2 
 2428  7 
 2429  7 
 2430  8 
 2431  4 
 2432  8 
 2433  9 
 2434  5 
 2435  9 
 2436  7 
 2437  6 
 2438  6 
 2439  5 
 2440  7 
 2441  9 
 2442  7 
 2443  4 
 2444  4 
 2445  6 
 2446  8 
 2447  6 
 2448  8 
 2449  4 
 2450  6 
 2451  5 
 2452  8 
 2453  6 
 2454  7 
 2455  3 
 2456  8 
 2457  4 
 2458  7 
 2459  7 
 2460  4 
 2461  3 
 2462  7 
 2463  4 
 2464  5 
 2465  3 
 2466  8 
 2467  8 
 2468  10 
 2469  5 
 2470  10 
 2471  6 
 2472  5 
 2473  7 
 2474  7 
 2475  6 
 2476  6 
 2477  3 
 2478  5 
 2479  5 
 2480  5 
 2481  4 
 2482  4 
 2483  6 
 2484  3 
 2485  5 
 2486  8 
 2487  3 
 2488  1 
 2489  3 
 2490  6 
 2491  11 
 2492  4 
 2493  2 
 2494  8 
 2495  5 
 2496  7 
 2497  2 
 2498  6 
 2499  8 
 2500  7 
 2501  3 
 2502  6 
 2503  10 
 2504  4 
 2505  7 
 2506  7 
 2507  8 
 2508  2 
 2509  4 
 2510  4 
 2511  7 
 2512  8 
 2513  11 
 2514  3 
 2515  6 
 2516  5 
 2517  4 
 2518  2 
 2519  6 
 2520  3 
 2521  3 
 2522  3 
 2523  5 
 2524  3 
 2525  7 
 2526  5 
 2527  7 
 2528  5 
 2529  2 
 2530  5 
 2531  5 
 2532  6 
 2533  5 
 2534  5 
 2535  7 
 2536  5 
 2537  6 
 2538  7 
 2539  7 
 2540  5 
 2541  3 
 2542  2 
 2543  2 
 2544  5 
 2545  6 
 2546  5 
 2547  5 
 2548  4 
 2549  6 
 2550  8 
 2551  6 
 2552  4 
 2553  4 
 2554  3 
 2555  9 
 2556  9 
 2557  6 
 2558  4 
 2559  4 
 2560  5 
 2561  4 
 2562  7 
 2563  4 
 2564  0 
 2565  6 
 2566  7 
 2567  2 
 2568  6 
 2569  7 
 2570  3 
 2571  5 
 2572  7 
 2573  3 
 2574  7 
 2575  4 
 2576  5 
 2577  6 
 2578  4 
 2579  3 
 2580  5 
 2581  6 
 2582  3 
 2583  4 
 2584  11 
 2585  6 
 2586  8 
 2587  7 
 2588  2 
 2589  5 
 2590  11 
 2591  3 
 2592  6 
 2593  8 
 2594  5 
 2595  3 
 2596  8 
 2597  0 
 2598  11 
 2599  3 
 2600  3 
 2601  7 
 2602  6 
 2603  6 
 2604  6 
 2605  4 
 2606  6 
 2607  4 
 2608  5 
 2609  6 
 2610  8 
 2611  7 
 2612  6 
 2613  9 
 2614  6 
 2615  2 
 2616  6 
 2617  8 
 2618  3 
 2619  8 
 2620  7 
 2621  2 
 2622  4 
 2623  5 
 2624  7 
 2625  3 
 2626  7 
 2627  9 
 2628  7 
 2629  8 
 2630  5 
 2631  7 
 2632  6 
 2633  5 
 2634  3 
 2635  5 
 2636  6 
 2637  6 
 2638  8 
 2639  2 
 2640  6 
 2641  7 
 2642  2 
 2643  7 
 2644  9 
 2645  5 
 2646  6 
 2647  8 
 2648  4 
 2649  5 
 2650  2 
 2651  3 
 2652  8 
 2653  6 
 2654  3 
 2655  9 
 2656  6 
 2657  4 
 2658  4 
 2659  6 
 2660  7 
 2661  9 
 2662  3 
 2663  8 
 2664  5 
 2665  5 
 2666  9 
 2667  1 
 2668  5 
 2669  9 
 2670  5 
 2671  3 
 2672  7 
 2673  1 
 2674  3 
 2675  4 
 2676  3 
 2677  6 
 2678  6 
 2679  5 
 2680  4 
 2681  4 
 2682  6 
 2683  5 
 2684  4 
 2685  7 
 2686  7 
 2687  3 
 2688  3 
 2689  8 
 2690  5 
 2691  3 
 2692  4 
 2693  4 
 2694  6 
 2695  5 
 2696  6 
 2697  6 
 2698  5 
 2699  5 
 2700  4 
 2701  4 
 2702  6 
 2703  3 
 2704  12 
 2705  4 
 2706  4 
 2707  5 
 2708  4 
 2709  5 
 2710  3 
 2711  10 
 2712  3 
 2713  5 
 2714  6 
 2715  5 
 2716  5 
 2717  3 
 2718  4 
 2719  4 
 2720  10 
 2721  3 
 2722  8 
 2723  5 
 2724  7 
 2725  5 
 2726  5 
 2727  5 
 2728  4 
 2729  7 
 2730  4 
 2731  3 
 2732  8 
 2733  9 
 2734  5 
 2735  7 
 2736  6 
 2737  4 
 2738  4 
 2739  8 
 2740  4 
 2741  5 
 2742  8 
 2743  3 
 2744  6 
 2745  11 
 2746  6 
 2747  5 
 2748  5 
 2749  8 
 2750  9 
 2751  5 
 2752  4 
 2753  5 
 2754  5 
 2755  4 
 2756  4 
 2757  9 
 2758  1 
 2759  1 
 2760  5 
 2761  4 
 2762  4 
 2763  4 
 2764  6 
 2765  2 
 2766  7 
 2767  8 
 2768  4 
 2769  2 
 2770  9 
 2771  7 
 2772  3 
 2773  1 
 2774  8 
 2775  4 
 2776  7 
 2777  6 
 2778  6 
 2779  5 
 2780  4 
 2781  4 
 2782  5 
 2783  5 
 2784  10 
 2785  6 
 2786  3 
 2787  3 
 2788  12 
 2789  2 
 2790  12 
 2791  6 
 2792  4 
 2793  6 
 2794  5 
 2795  3 
 2796  9 
 2797  8 
 2798  6 
 2799  4 
 2800  6 
 2801  3 
 2802  5 
 2803  3 
 2804  3 
 2805  6 
 2806  8 
 2807  9 
 2808  5 
 2809  7 
 2810  2 
 2811  4 
 2812  4 
 2813  1 
 2814  2 
 2815  7 
 2816  5 
 2817  2 
 2818  6 
 2819  5 
 2820  8 
 2821  2 
 2822  2 
 2823  4 
 2824  3 
 2825  4 
 2826  8 
 2827  4 
 2828  7 
 2829  4 
 2830  4 
 2831  3 
 2832  7 
 2833  2 
 2834  4 
 2835  4 
 2836  4 
 2837  4 
 2838  2 
 2839  5 
 2840  4 
 2841  10 
 2842  4 
 2843  1 
 2844  7 
 2845  6 
 2846  6 
 2847  3 
 2848  11 
 2849  7 
 2850  6 
 2851  4 
 2852  6 
 2853  5 
 2854  3 
 2855  4 
 2856  2 
 2857  6 
 2858  4 
 2859  6 
 2860  1 
 2861  9 
 2862  2 
 2863  3 
 2864  8 
 2865  5 
 2866  4 
 2867  6 
 2868  7 
 2869  5 
 2870  5 
 2871  4 
 2872  4 
 2873  6 
 2874  5 
 2875  4 
 2876  6 
 2877  5 
 2878  2 
 2879  6 
 2880  2 
 2881  4 
 2882  4 
 2883  3 
 2884  5 
 2885  4 
 2886  4 
 2887  6 
 2888  2 
 2889  4 
 2890  10 
 2891  7 
 2892  7 
 2893  4 
 2894  6 
 2895  7 
 2896  5 
 2897  5 
 2898  5 
 2899  7 
 2900  5 
 2901  6 
 2902  6 
 2903  4 
 2904  5 
 2905  5 
 2906  8 
 2907  6 
 2908  6 
 2909  5 
 2910  4 
 2911  6 
 2912  8 
 2913  4 
 2914  4 
 2915  6 
 2916  3 
 2917  3 
 2918  7 
 2919  4 
 2920  4 
 2921  5 
 2922  6 
 2923  4 
 2924  12 
 2925  3 
 2926  5 
 2927  6 
 2928  4 
 2929  7 
 2930  7 
 2931  4 
 2932  7 
 2933  6 
 2934  9 
 2935  9 
 2936  3 
 2937  5 
 2938  4 
 2939  5 
 2940  5 
 2941  5 
 2942  7 
 2943  5 
 2944  7 
 2945  3 
 2946  4 
 2947  7 
 2948  10 
 2949  5 
 2950  2 
 2951  9 
 2952  9 
 2953  1 
 2954  9 
 2955  4 
 2956  5 
 2957  7 
 2958  8 
 2959  7 
 2960  5 
 2961  2 
 2962  5 
 2963  2 
 2964  5 
 2965  5 
 2966  7 
 2967  3 
 2968  3 
 2969  3 
 2970  7 
 2971  3 
 2972  2 
 2973  5 
 2974  4 
 2975  9 
 2976  7 
 2977  5 
 2978  7 
 2979  7 
 2980  2 
 2981  5 
 2982  4 
 2983  4 
 2984  2 
 2985  6 
 2986  4 
 2987  9 
 2988  4 
 2989  5 
 2990  4 
 2991  6 
 2992  2 
 2993  7 
 2994  7 
 2995  3 
 2996  6 
 2997  3 
 2998  5 
 2999  8 
 3000  4 
 3001  5 
 3002  8 
 3003  4 
 3004  3 
 3005  1 
 3006  3 
 3007  6 
 3008  7 
 3009  5 
 3010  2 
 3011  8 
 3012  2 
 3013  6 
 3014  3 
 3015  1 
 3016  10 
 3017  5 
 3018  7 
 3019  3 
 3020  5 
 3021  4 
 3022  6 
 3023  11 
 3024  3 
 3025  3 
 3026  5 
 3027  7 
 3028  1 
 3029  7 
 3030  5 
 3031  1 
 3032  4 
 3033  3 
 3034  5 
 3035  7 
 3036  4 
 3037  3 
 3038  5 
 3039  6 
 3040  9 
 3041  6 
 3042  3 
 3043  7 
 3044  8 
 3045  5 
 3046  4 
 3047  9 
 3048  2 
 3049  4 
 3050  5 
 3051  3 
 3052  8 
 3053  6 
 3054  9 
 3055  11 
 3056  3 
 3057  5 
 3058  5 
 3059  9 
 3060  12 
 3061  5 
 3062  3 
 3063  6 
 3064  6 
 3065  6 
 3066  7 
 3067  7 
 3068  12 
 3069  8 
 3070  6 
 3071  7 
 3072  6 
 3073  4 
 3074  7 
 3075  7 
 3076  6 
 3077  8 
 3078  8 
 3079  12 
 3080  9 
 3081  13 
 3082  4 
 3083  9 
 3084  13 
 3085  6 
 3086  13 
 3087  15 
 3088  9 
 3089  7 
 3090  3 
 3091  9 
 3092  7 
 3093  10 
 3094  13 
 3095  11 
 3096  8 
 3097  10 
 3098  15 
 3099  10 
 3100  10 
 3101  14 
 3102  6 
 3103  10 
 3104  12 
 3105  9 
 3106  11 
 3107  12 
 3108  7 
 3109  9 
 3110  9 
 3111  11 
 3112  8 
 3113  5 
 3114  12 
 3115  15 
 3116  7 
 3117  6 
 3118  9 
 3119  10 
 3120  14 
 3121  12 
 3122  4 
 3123  7 
 3124  14 
 3125  5 
 3126  6 
 3127  12 
 3128  6 
 3129  13 
 3130  9 
 3131  2 
 3132  12 
 3133  3 
 3134  10 
 3135  2 
 3136  7 
 3137  5 
 3138  4 
 3139  7 
 3140  4 
 3141  4 
 3142  2 
 3143  6 
 3144  9 
 3145  3 
 3146  3 
 3147  2 
 3148  4 
 3149  4 
 3150  10 
 3151  3 
 3152  3 
 3153  5 
 3154  5 
 3155  6 
 3156  2 
 3157  6 
 3158  5 
 3159  8 
 3160  5 
 3161  7 
 3162  5 
 3163  3 
 3164  1 
 3165  5 
 3166  3 
 3167  4 
 3168  6 
 3169  2 
 3170  3 
 3171  3 
 3172  3 
 3173  6 
 3174  5 
 3175  5 
 3176  3 
 3177  7 
 3178  3 
 3179  6 
 3180  4 
 3181  3 
 3182  2 
 3183  4 
 3184  4 
 3185  4 
 3186  3 
 3187  3 
 3188  7 
 3189  0 
 3190  3 
 3191  7 
 3192  3 
 3193  7 
 3194  6 
 3195  7 
 3196  3 
 3197  7 
 3198  3 
 3199  8 
 3200  7 
 3201  2 
 3202  4 
 3203  3 
 3204  6 
 3205  5 
 3206  12 
 3207  6 
 3208  4 
 3209  2 
 3210  6 
 3211  1 
 3212  5 
 3213  5 
 3214  10 
 3215  5 
 3216  5 
 3217  3 
 3218  5 
 3219  2 
 3220  5 
 3221  2 
 3222  4 
 3223  8 
 3224  8 
 3225  6 
 3226  5 
 3227  3 
 3228  1 
 3229  4 
 3230  4 
 3231  4 
 3232  1 
 3233  6 
 3234  4 
 3235  6 
 3236  3 
 3237  3 
 3238  4 
 3239  2 
 3240  4 
 3241  10 
 3242  8 
 3243  6 
 3244  7 
 3245  12 
 3246  3 
 3247  7 
 3248  3 
 3249  5 
 3250  5 
 3251  7 
 3252  2 
 3253  6 
 3254  5 
 3255  5 
 3256  2 
 3257  5 
 3258  3 
 3259  3 
 3260  2 
 3261  3 
 3262  3 
 3263  7 
 3264  5 
 3265  4 
 3266  5 
 3267  3 
 3268  3 
 3269  4 
 3270  6 
 3271  4 
 3272  5 
 3273  2 
 3274  6 
 3275  1 
 3276  8 
 3277  4 
 3278  9 
 3279  2 
 3280  5 
 3281  7 
 3282  3 
 3283  4 
 3284  2 
 3285  3 
 3286  1 
 3287  7 
 3288  6 
 3289  2 
 3290  5 
 3291  7 
 3292  3 
 3293  7 
 3294  5 
 3295  5 
 3296  2 
 3297  8 
 3298  6 
 3299  11 
 3300  3 
 3301  5 
 3302  7 
 3303  4 
 3304  5 
 3305  4 
 3306  5 
 3307  7 
 3308  5 
 3309  4 
 3310  8 
 3311  1 
 3312  2 
 3313  6 
 3314  7 
 3315  2 
 3316  6 
 3317  6 
 3318  8 
 3319  2 
 3320  7 
 3321  1 
 3322  2 
 3323  6 
 3324  9 
 3325  8 
 3326  7 
 3327  4 
 3328  6 
 3329  3 
 3330  3 
 3331  3 
 3332  5 
 3333  6 
 3334  6 
 3335  7 
 3336  8 
 3337  1 
 3338  10 
 3339  5 
 3340  4 
 3341  3 
 3342  4 
 3343  4 
 3344  3 
 3345  6 
 3346  4 
 3347  4 
 3348  3 
 3349  4 
 3350  3 
 3351  6 
 3352  4 
 3353  3 
 3354  3 
 3355  3 
 3356  4 
 3357  6 
 3358  10 
 3359  7 
 3360  3 
 3361  5 
 3362  7 
 3363  3 
 3364  2 
 3365  2 
 3366  6 
 3367  2 
 3368  3 
 3369  2 
 3370  2 
 3371  3 
 3372  5 
 3373  4 
 3374  7 
 3375  4 
 3376  3 
 3377  2 
 3378  2 
 3379  3 
 3380  3 
 3381  6 
 3382  8 
 3383  3 
 3384  4 
 3385  6 
 3386  1 
 3387  2 
 3388  4 
 3389  2 
 3390  1 
 3391  6 
 3392  3 
 3393  7 
 3394  4 
 3395  4 
 3396  6 
 3397  5 
 3398  5 
 3399  5 
 3400  9 
 3401  4 
 3402  4 
 3403  5 
 3404  4 
 3405  5 
 3406  7 
 3407  3 
 3408  3 
 3409  4 
 3410  4 
 3411  4 
 3412  3 
 3413  3 
 3414  3 
 3415  5 
 3416  5 
 3417  6 
 3418  3 
 3419  4 
 3420  4 
 3421  6 
 3422  4 
 3423  1 
 3424  5 
 3425  6 
 3426  9 
 3427  4 
 3428  4 
 3429  3 
 3430  4 
 3431  6 
 3432  2 
 3433  5 
 3434  5 
 3435  5 
 3436  2 
 3437  5 
 3438  2 
 3439  1 
 3440  3 
 3441  3 
 3442  4 
 3443  5 
 3444  3 
 3445  3 
 3446  9 
 3447  2 
 3448  3 
 3449  6 
 3450  4 
 3451  3 
 3452  4 
 3453  9 
 3454  6 
 3455  2 
 3456  1 
 3457  5 
 3458  2 
 3459  6 
 3460  7 
 3461  6 
 3462  3 
 3463  2 
 3464  6 
 3465  2 
 3466  1 
 3467  5 
 3468  6 
 3469  5 
 3470  7 
 3471  3 
 3472  8 
 3473  4 
 3474  7 
 3475  3 
 3476  4 
 3477  5 
 3478  4 
 3479  1 
 3480  5 
 3481  4 
 3482  6 
 3483  4 
 3484  7 
 3485  5 
 3486  7 
 3487  7 
 3488  5 
 3489  6 
 3490  5 
 3491  3 
 3492  4 
 3493  4 
 3494  5 
 3495  4 
 3496  5 
 3497  7 
 3498  6 
 3499  5 
 3500  3 
 3501  1 
 3502  5 
 3503  3 
 3504  4 
 3505  4 
 3506  5 
 3507  9 
 3508  4 
 3509  2 
 3510  5 
 3511  3 
 3512  7 
 3513  1 
 3514  3 
 3515  7 
 3516  2 
 3517  1 
 3518  5 
 3519  5 
 3520  4 
 3521  4 
 3522  5 
 3523  9 
 3524  4 
 3525  3 
 3526  1 
 3527  6 
 3528  3 
 3529  6 
 3530  5 
 3531  4 
 3532  7 
 3533  7 
 3534  5 
 3535  2 
 3536  5 
 3537  3 
 3538  4 
 3539  5 
 3540  7 
 3541  7 
 3542  4 
 3543  6 
 3544  3 
 3545  6 
 3546  5 
 3547  5 
 3548  3 
 3549  4 
 3550  8 
 3551  2 
 3552  4 
 3553  5 
 3554  3 
 3555  3 
 3556  2 
 3557  4 
 3558  3 
 3559  3 
 3560  6 
 3561  6 
 3562  8 
 3563  1 
 3564  4 
 3565  5 
 3566  1 
 3567  4 
 3568  3 
 3569  7 
 3570  5 
 3571  3 
 3572  5 
 3573  5 
 3574  7 
 3575  5 
 3576  7 
 3577  5 
 3578  2 
 3579  4 
 3580  3 
 3581  5 
 3582  1 
 3583  4 
 3584  5 
 3585  4 
 3586  6 
 3587  8 
 3588  5 
 3589  4 
 3590  6 
 3591  2 
 3592  3 
 3593  4 
 3594  6 
 3595  7 
 3596  3 
 3597  3 
 3598  3 
 3599  5 
 3600  4 
 3601  2 
 3602  7 
 3603  4 
 3604  5 
 3605  7 
 3606  9 
 3607  5 
 3608  3 
 3609  7 
 3610  2 
 3611  10 
 3612  8 
 3613  3 
 3614  2 
 3615  6 
 3616  3 
 3617  4 
 3618  4 
 3619  2 
 3620  7 
 3621  4 
 3622  6 
 3623  5 
 3624  5 
 3625  3 
 3626  4 
 3627  9 
 3628  9 
 3629  4 
 3630  3 
 3631  5 
 3632  4 
 3633  8 
 3634  6 
 3635  8 
 3636  8 
 3637  8 
 3638  7 
 3639  5 
 3640  5 
 3641  6 
 3642  8 
 3643  4 
 3644  2 
 3645  6 
 3646  7 
 3647  4 
 3648  5 
 3649  3 
 3650  5 
 3651  5 
 3652  3 
 3653  7 
 3654  4 
 3655  4 
 3656  5 
 3657  1 
 3658  4 
 3659  6 
 3660  9 
 3661  3 
 3662  5 
 3663  3 
 3664  4 
 3665  6 
 3666  5 
 3667  5 
 3668  4 
 3669  4 
 3670  2 
 3671  1 
 3672  3 
 3673  7 
 3674  8 
 3675  3 
 3676  2 
 3677  4 
 3678  3 
 3679  5 
 3680  3 
 3681  5 
 3682  6 
 3683  9 
 3684  7 
 3685  5 
 3686  7 
 3687  4 
 3688  4 
 3689  6 
 3690  4 
 3691  6 
 3692  3 
 3693  5 
 3694  4 
 3695  1 
 3696  7 
 3697  3 
 3698  7 
 3699  5 
 3700  1 
 3701  4 
 3702  1 
 3703  5 
 3704  9 
 3705  4 
 3706  7 
 3707  1 
 3708  8 
 3709  6 
 3710  8 
 3711  3 
 3712  6 
 3713  7 
 3714  3 
 3715  5 
 3716  4 
 3717  4 
 3718  9 
 3719  4 
 3720  2 
 3721  1 
 3722  7 
 3723  1 
 3724  6 
 3725  8 
 3726  9 
 3727  6 
 3728  4 
 3729  7 
 3730  4 
 3731  9 
 3732  5 
 3733  5 
 3734  3 
 3735  7 
 3736  7 
 3737  6 
 3738  4 
 3739  6 
 3740  7 
 3741  6 
 3742  4 
 3743  7 
 3744  5 
 3745  8 
 3746  8 
 3747  7 
 3748  3 
 3749  8 
 3750  5 
 3751  3 
 3752  7 
 3753  5 
 3754  8 
 3755  8 
 3756  6 
 3757  3 
 3758  1 
 3759  5 
 3760  7 
 3761  8 
 3762  2 
 3763  4 
 3764  8 
 3765  3 
 3766  5 
 3767  5 
 3768  4 
 3769  6 
 3770  6 
 3771  2 
 3772  4 
 3773  5 
 3774  4 
 3775  2 
 3776  6 
 3777  5 
 3778  7 
 3779  4 
 3780  5 
 3781  7 
 3782  6 
 3783  6 
 3784  4 
 3785  5 
 3786  5 
 3787  6 
 3788  4 
 3789  12 
 3790  6 
 3791  6 
 3792  6 
 3793  3 
 3794  3 
 3795  7 
 3796  7 
 3797  6 
 3798  2 
 3799  5 
 3800  10 
 3801  4 
 3802  4 
 3803  5 
 3804  6 
 3805  5 
 3806  4 
 3807  8 
 3808  4 
 3809  7 
 3810  7 
 3811  4 
 3812  8 
 3813  4 
 3814  2 
 3815  7 
 3816  7 
 3817  7 
 3818  8 
 3819  10 
 3820  9 
 3821  7 
 3822  7 
 3823  5 
 3824  8 
 3825  13 
 3826  18 
 3827  11 
 3828  13 
 3829  9 
 3830  14 
 3831  10 
 3832  14 
 3833  6 
 3834  6 
 3835  9 
 3836  10 
 3837  11 
 3838  14 
 3839  12 
 3840  15 
 3841  18 
 3842  16 
 3843  14 
 3844  9 
 3845  22 
 3846  10 
 3847  15 
 3848  19 
 3849  19 
 3850  15 
 3851  23 
 3852  15 
 3853  13 
 3854  12 
 3855  16 
 3856  15 
 3857  14 
 3858  10 
 3859  14 
 3860  10 
 3861  11 
 3862  16 
 3863  15 
 3864  13 
 3865  15 
 3866  16 
 3867  10 
 3868  9 
 3869  20 
 3870  14 
 3871  13 
 3872  18 
 3873  15 
 3874  11 
 3875  12 
 3876  15 
 3877  10 
 3878  7 
 3879  5 
 3880  6 
 3881  6 
 3882  9 
 3883  12 
 3884  12 
 3885  10 
 3886  11 
 3887  11 
 3888  7 
 3889  10 
 3890  5 
 3891  4 
 3892  7 
 3893  4 
 3894  14 
 3895  10 
 3896  7 
 3897  4 
 3898  7 
 3899  6 
 3900  6 
 3901  8 
 3902  6 
 3903  7 
 3904  7 
 3905  6 
 3906  7 
 3907  6 
 3908  10 
 3909  8 
 3910  2 
 3911  7 
 3912  10 
 3913  10 
 3914  10 
 3915  9 
 3916  11 
 3917  9 
 3918  5 
 3919  15 
 3920  10 
 3921  17 
 3922  10 
 3923  27 
 3924  10 
 3925  14 
 3926  18 
 3927  20 
 3928  25 
 3929  14 
 3930  23 
 3931  17 
 3932  29 
 3933  17 
 3934  22 
 3935  22 
 3936  25 
 3937  19 
 3938  29 
 3939  21 
 3940  42 
 3941  39 
 3942  33 
 3943  40 
 3944  29 
 3945  47 
 3946  44 
 3947  47 
 3948  48 
 3949  69 
 3950  52 
 3951  64 
 3952  65 
 3953  51 
 3954  65 
 3955  64 
 3956  67 
 3957  86 
 3958  73 
 3959  65 
 3960  64 
 3961  86 
 3962  84 
 3963  89 
 3964  79 
 3965  81 
 3966  81 
 3967  91 
 3968  83 
 3969  85 
 3970  89 
 3971  96 
 3972  102 
 3973  92 
 3974  87 
 3975  92 
 3976  85 
 3977  93 
 3978  101 
 3979  96 
 3980  98 
 3981  85 
 3982  95 
 3983  70 
 3984  68 
 3985  82 
 3986  65 
 3987  95 
 3988  63 
 3989  80 
 3990  58 
 3991  60 
 3992  69 
 3993  60 
 3994  52 
 3995  50 
 3996  56 
 3997  40 
 3998  56 
 3999  34 
 4000  44 
 4001  33 
 4002  40 
 4003  33 
 4004  25 
 4005  22 
 4006  19 
 4007  23 
 4008  10 
 4009  15 
 4010  13 
 4011  13 
 4012  17 
 4013  15 
 4014  16 
 4015  7 
 4016  7 
 4017  7 
 4018  5 
 4019  11 
 4020  11 
 4021  4 
 4022  12 
 4023  9 
 4024  9 
 4025  5 
 4026  6 
 4027  8 
 4028  4 
 4029  5 
 4030  5 
 4031  3 
 4032  3 
 4033  7 
 4034  5 
 4035  3 
 4036  4 
 4037  2 
 4038  2 
 4039  8 
 4040  5 
 4041  3 
 4042  6 
 4043  8 
 4044  7 
 4045  9 
 4046  5 
 4047  2 
 4048  6 
 4049  6 
 4050  12 
 4051  6 
 4052  5 
 4053  4 
 4054  7 
 4055  6 
 4056  3 
 4057  5 
 4058  3 
 4059  3 
 4060  4 
 4061  9 
 4062  6 
 4063  5 
 4064  11 
 4065  4 
 4066  5 
 4067  4 
 4068  5 
 4069  5 
 4070  2 
 4071  7 
 4072  7 
 4073  5 
 4074  8 
 4075  3 
 4076  4 
 4077  4 
 4078  4 
 4079  2 
 4080  7 
 4081  5 
 4082  7 
 4083  7 
 4084  5 
 4085  10 
 4086  2 
 4087  3 
 4088  3 
 4089  2 
 4090  8 
 4091  3 
 4092  8 
 4093  3 
 4094  6 
 4095  6 
 4096  5 
 4097  5 
 4098  3 
 4099  5 
 4100  5 
 4101  3 
 4102  7 
 4103  7 
 4104  6 
 4105  7 
 4106  7 
 4107  5 
 4108  8 
 4109  10 
 4110  8 
 4111  8 
 4112  11 
 4113  5 
 4114  4 
 4115  6 
 4116  8 
 4117  5 
 4118  8 
 4119  7 
 4120  10 
 4121  7 
 4122  3 
 4123  6 
 4124  5 
 4125  6 
 4126  5 
 4127  3 
 4128  4 
 4129  8 
 4130  7 
 4131  3 
 4132  4 
 4133  12 
 4134  8 
 4135  5 
 4136  3 
 4137  6 
 4138  4 
 4139  7 
 4140  9 
 4141  8 
 4142  4 
 4143  7 
 4144  1 
 4145  6 
 4146  8 
 4147  5 
 4148  3 
 4149  3 
 4150  8 
 4151  5 
 4152  3 
 4153  3 
 4154  10 
 4155  3 
 4156  3 
 4157  3 
 4158  6 
 4159  8 
 4160  8 
 4161  8 
 4162  6 
 4163  12 
 4164  7 
 4165  8 
 4166  2 
 4167  4 
 4168  6 
 4169  4 
 4170  6 
 4171  6 
 4172  5 
 4173  4 
 4174  3 
 4175  1 
 4176  12 
 4177  8 
 4178  9 
 4179  10 
 4180  9 
 4181  7 
 4182  4 
 4183  9 
 4184  9 
 4185  6 
 4186  7 
 4187  4 
 4188  3 
 4189  5 
 4190  12 
 4191  4 
 4192  4 
 4193  6 
 4194  2 
 4195  4 
 4196  4 
 4197  6 
 4198  9 
 4199  9 
 4200  4 
 4201  9 
 4202  4 
 4203  3 
 4204  7 
 4205  7 
 4206  7 
 4207  6 
 4208  10 
 4209  12 
 4210  3 
 4211  4 
 4212  9 
 4213  11 
 4214  4 
 4215  7 
 4216  9 
 4217  10 
 4218  13 
 4219  9 
 4220  10 
 4221  11 
 4222  13 
 4223  10 
 4224  9 
 4225  18 
 4226  16 
 4227  12 
 4228  14 
 4229  13 
 4230  15 
 4231  20 
 4232  14 
 4233  19 
 4234  21 
 4235  23 
 4236  27 
 4237  19 
 4238  34 
 4239  27 
 4240  21 
 4241  26 
 4242  23 
 4243  37 
 4244  38 
 4245  48 
 4246  52 
 4247  38 
 4248  52 
 4249  46 
 4250  70 
 4251  51 
 4252  58 
 4253  80 
 4254  61 
 4255  85 
 4256  97 
 4257  116 
 4258  132 
 4259  92 
 4260  119 
 4261  153 
 4262  162 
 4263  156 
 4264  171 
 4265  201 
 4266  222 
 4267  195 
 4268  230 
 4269  299 
 4270  285 
 4271  326 
 4272  371 
 4273  376 
 4274  445 
 4275  501 
 4276  527 
 4277  540 
 4278  600 
 4279  641 
 4280  754 
 4281  739 
 4282  844 
 4283  945 
 4284  942 
 4285  1058 
 4286  1091 
 4287  1191 
 4288  1330 
 4289  1374 
 4290  1399 
 4291  1468 
 4292  1532 
 4293  1539 
 4294  1667 
 4295  1769 
 4296  1773 
 4297  1760 
 4298  1741 
 4299  1791 
 4300  1757 
 4301  1819 
 4302  1701 
 4303  1711 
 4304  1579 
 4305  1618 
 4306  1562 
 4307  1427 
 4308  1329 
 4309  1197 
 4310  1144 
 4311  1073 
 4312  983 
 4313  952 
 4314  883 
 4315  762 
 4316  710 
 4317  619 
 4318  584 
 4319  495 
 4320  452 
 4321  401 
 4322  369 
 4323  301 
 4324  260 
 4325  254 
 4326  212 
 4327  162 
 4328  128 
 4329  130 
 4330  102 
 4331  93 
 4332  84 
 4333  89 
 4334  59 
 4335  68 
 4336  55 
 4337  34 
 4338  47 
 4339  39 
 4340  33 
 4341  24 
 4342  23 
 4343  28 
 4344  17 
 4345  18 
 4346  28 
 4347  23 
 4348  11 
 4349  23 
 4350  12 
 4351  21 
 4352  12 
 4353  10 
 4354  11 
 4355  15 
 4356  14 
 4357  10 
 4358  11 
 4359  16 
 4360  15 
 4361  10 
 4362  6 
 4363  11 
 4364  6 
 4365  6 
 4366  6 
 4367  8 
 4368  12 
 4369  6 
 4370  6 
 4371  6 
 4372  12 
 4373  8 
 4374  15 
 4375  17 
 4376  13 
 4377  10 
 4378  9 
 4379  8 
 4380  12 
 4381  7 
 4382  8 
 4383  11 
 4384  8 
 4385  18 
 4386  12 
 4387  19 
 4388  15 
 4389  14 
 4390  12 
 4391  11 
 4392  20 
 4393  22 
 4394  25 
 4395  33 
 4396  36 
 4397  26 
 4398  31 
 4399  32 
 4400  34 
 4401  53 
 4402  42 
 4403  36 
 4404  58 
 4405  38 
 4406  51 
 4407  65 
 4408  44 
 4409  62 
 4410  65 
 4411  66 
 4412  72 
 4413  71 
 4414  63 
 4415  68 
 4416  80 
 4417  64 
 4418  57 
 4419  58 
 4420  61 
 4421  43 
 4422  66 
 4423  65 
 4424  46 
 4425  37 
 4426  32 
 4427  33 
 4428  29 
 4429  32 
 4430  25 
 4431  21 
 4432  16 
 4433  20 
 4434  21 
 4435  17 
 4436  12 
 4437  14 
 4438  6 
 4439  4 
 4440  5 
 4441  6 
 4442  3 
 4443  10 
 4444  8 
 4445  6 
 4446  6 
 4447  1 
 4448  3 
 4449  4 
 4450  7 
 4451  4 
 4452  1 
 4453  2 
 4454  1 
 4455  2 
 4456  5 
 4457  3 
 4458  1 
 4459  3 
 4460  4 
 4461  4 
 4462  3 
 4463  1 
 4464  5 
 4465  4 
 4466  3 
 4467  5 
 4468  2 
 4469  1 
 4470  5 
 4471  6 
 4472  3 
 4473  4 
 4474  2 
 4475  3 
 4476  2 
 4477  5 
 4478  0 
 4479  4 
 4480  0 
 4481  1 
 4482  4 
 4483  0 
 4484  2 
 4485  6 
 4486  6 
 4487  2 
 4488  3 
 4489  4 
 4490  2 
 4491  6 
 4492  4 
 4493  0 
 4494  7 
 4495  2 
 4496  3 
 4497  6 
 4498  3 
 4499  6 
 4500  6 
 4501  6 
 4502  3 
 4503  3 
 4504  2 
 4505  8 
 4506  7 
 4507  4 
 4508  4 
 4509  2 
 4510  4 
 4511  10 
 4512  2 
 4513  8 
 4514  9 
 4515  9 
 4516  7 
 4517  4 
 4518  11 
 4519  2 
 4520  6 
 4521  5 
 4522  6 
 4523  12 
 4524  12 
 4525  6 
 4526  12 
 4527  7 
 4528  9 
 4529  12 
 4530  18 
 4531  12 
 4532  14 
 4533  17 
 4534  22 
 4535  19 
 4536  12 
 4537  17 
 4538  20 
 4539  28 
 4540  27 
 4541  30 
 4542  36 
 4543  28 
 4544  41 
 4545  39 
 4546  39 
 4547  55 
 4548  67 
 4549  70 
 4550  55 
 4551  72 
 4552  99 
 4553  97 
 4554  102 
 4555  110 
 4556  138 
 4557  139 
 4558  146 
 4559  154 
 4560  163 
 4561  178 
 4562  200 
 4563  213 
 4564  201 
 4565  268 
 4566  253 
 4567  316 
 4568  300 
 4569  311 
 4570  331 
 4571  406 
 4572  421 
 4573  413 
 4574  436 
 4575  451 
 4576  459 
 4577  520 
 4578  497 
 4579  543 
 4580  551 
 4581  595 
 4582  590 
 4583  628 
 4584  676 
 4585  677 
 4586  705 
 4587  723 
 4588  761 
 4589  808 
 4590  747 
 4591  749 
 4592  783 
 4593  796 
 4594  818 
 4595  836 
 4596  800 
 4597  867 
 4598  789 
 4599  789 
 4600  779 
 4601  736 
 4602  752 
 4603  761 
 4604  696 
 4605  654 
 4606  648 
 4607  624 
 4608  561 
 4609  570 
 4610  524 
 4611  498 
 4612  485 
 4613  436 
 4614  430 
 4615  360 
 4616  303 
 4617  315 
 4618  272 
 4619  271 
 4620  273 
 4621  202 
 4622  158 
 4623  157 
 4624  136 
 4625  111 
 4626  110 
 4627  89 
 4628  77 
 4629  99 
 4630  62 
 4631  55 
 4632  60 
 4633  52 
 4634  33 
 4635  29 
 4636  21 
 4637  21 
 4638  15 
 4639  15 
 4640  11 
 4641  12 
 4642  12 
 4643  9 
 4644  9 
 4645  9 
 4646  5 
 4647  8 
 4648  12 
 4649  5 
 4650  8 
 4651  16 
 4652  7 
 4653  11 
 4654  8 
 4655  9 
 4656  16 
 4657  10 
 4658  11 
 4659  14 
 4660  17 
 4661  12 
 4662  16 
 4663  13 
 4664  19 
 4665  29 
 4666  29 
 4667  25 
 4668  42 
 4669  41 
 4670  40 
 4671  40 
 4672  42 
 4673  42 
 4674  35 
 4675  63 
 4676  71 
 4677  63 
 4678  70 
 4679  89 
 4680  87 
 4681  93 
 4682  92 
 4683  68 
 4684  87 
 4685  87 
 4686  91 
 4687  93 
 4688  108 
 4689  72 
 4690  72 
 4691  73 
 4692  78 
 4693  70 
 4694  76 
 4695  69 
 4696  78 
 4697  58 
 4698  55 
 4699  36 
 4700  55 
 4701  44 
 4702  35 
 4703  28 
 4704  34 
 4705  26 
 4706  23 
 4707  15 
 4708  14 
 4709  12 
 4710  16 
 4711  10 
 4712  24 
 4713  15 
 4714  9 
 4715  7 
 4716  14 
 4717  11 
 4718  9 
 4719  10 
 4720  14 
 4721  8 
 4722  15 
 4723  11 
 4724  10 
 4725  8 
 4726  12 
 4727  9 
 4728  9 
 4729  8 
 4730  12 
 4731  11 
 4732  9 
 4733  9 
 4734  11 
 4735  17 
 4736  13 
 4737  13 
 4738  11 
 4739  11 
 4740  11 
 4741  10 
 4742  11 
 4743  17 
 4744  10 
 4745  6 
 4746  12 
 4747  10 
 4748  10 
 4749  6 
 4750  8 
 4751  6 
 4752  11 
 4753  3 
 4754  8 
 4755  7 
 4756  9 
 4757  4 
 4758  3 
 4759  3 
 4760  3 
 4761  3 
 4762  4 
 4763  0 
 4764  2 
 4765  0 
 4766  1 
 4767  1 
 4768  0 
 4769  0 
 4770  2 
 4771  0 
 4772  0 
 4773  0 
 4774  1 
 4775  1 
 4776  1 
 4777  0 
 4778  1 
 4779  0 
 4780  0 
 4781  0 
 4782  0 
 4783  0 
 4784  0 
 4785  0 
 4786  0 
 4787  0 
 4788  0 
 4789  0 
 4790  0 
 4791  0 
 4792  0 
 4793  0 
 4794  0 
 4795  1 
 4796  1 
 4797  0 
 4798  0 
 4799  0 
 4800  0 
 4801  0 
 4802  0 
 4803  0 
 4804  0 
 4805  0 
 4806  0 
 4807  0 
 4808  1 
 4809  0 
 4810  0 
 4811  0 
 4812  0 
 4813  0 
 4814  1 
 4815  0 
 4816  0 
 4817  0 
 4818  0 
 4819  0 
 4820  0 
 4821  0 
 4822  0 
 4823  0 
 4824  0 
 4825  0 
 4826  0 
 4827  0 
 4828  0 
 4829  0 
 4830  0 
 4831  0 
 4832  0 
 4833  0 
 4834  0 
 4835  0 
 4836  0 
 4837  0 
 4838  0 
 4839  0 
 4840  0 
 4841  0 
 4842  0 
 4843  0 
 4844  0 
 4845  0 
 4846  0 
 4847  0 
 4848  0 
 4849  0 
 4850  0 
 4851  0 
 4852  0 
 4853  0 
 4854  0 
 4855  0 
 4856  0 
 4857  0 
 4858  0 
 4859  0 
 4860  1 
 4861  0 
 4862  0 
 4863  0 
 4864  0 
 4865  0 
 4866  0 
 4867  1 
 4868  0 
 4869  0 
 4870  0 
 4871  0 
 4872  0 
 4873  0 
 4874  0 
 4875  2 
 4876  1 
 4877  0 
 4878  0 
 4879  0 
 4880  0 
 4881  1 
 4882  0 
 4883  0 
 4884  0 
 4885  0 
 4886  0 
 4887  0 
 4888  0 
 4889  0 
 4890  0 
 4891  0 
 4892  0 
 4893  0 
 4894  1 
 4895  1 
 4896  0 
 4897  0 
 4898  0 
 4899  0 
 4900  0 
 4901  0 
 4902  0 
 4903  0 
 4904  0 
 4905  0 
 4906  0 
 4907  0 
 4908  0 
 4909  0 
 4910  0 
 4911  0 
 4912  0 
 4913  0 
 4914  0 
 4915  0 
 4916  0 
 4917  0 
 4918  0 
 4919  0 
 4920  0 
 4921  0 
 4922  0 
 4923  1 
 4924  0 
 4925  0 
 4926  0 
 4927  0 
 4928  0 
 4929  0 
 4930  0 
 4931  0 
 4932  0 
 4933  0 
 4934  0 
 4935  0 
 4936  0 
 4937  0 
 4938  0 
 4939  0 
 4940  0 
 4941  0 
 4942  0 
 4943  0 
 4944  0 
 4945  0 
 4946  0 
 4947  0 
 4948  0 
 4949  0 
 4950  1 
 4951  0 
 4952  0 
 4953  0 
 4954  0 
 4955  0 
 4956  0 
 4957  0 
 4958  0 
 4959  0 
 4960  0 
 4961  0 
 4962  0 
 4963  0 
 4964  0 
 4965  0 
 4966  0 
 4967  0 
 4968  0 
 4969  0 
 4970  1 
 4971  0 
 4972  0 
 4973  0 
 4974  0 
 4975  0 
 4976  1 
 4977  0 
 4978  0 
 4979  0 
 4980  1 
 4981  0 
 4982  0 
 4983  0 
 4984  0 
 4985  0 
 4986  0 
 4987  0 
 4988  0 
 4989  0 
 4990  0 
 4991  0 
 4992  0 
 4993  0 
 4994  0 
 4995  0 
 4996  0 
 4997  0 
 4998  1 
 4999  0 
 5000  0 
 5001  1 
 5002  0 
 5003  0 
 5004  0 
 5005  0 
 5006  1 
 5007  0 
 5008  0 
 5009  0 
 5010  0 
 5011  0 
 5012  0 
 5013  0 
 5014  0 
 5015  1 
 5016  0 
 5017  1 
 5018  0 
 5019  0 
 5020  0 
 5021  0 
 5022  0 
 5023  0 
 5024  0 
 5025  0 
 5026  0 
 5027  0 
 5028  0 
 5029  0 
 5030  0 
 5031  0 
 5032  0 
 5033  0 
 5034  0 
 5035  0 
 5036  0 
 5037  0 
 5038  0 
 5039  0 
 5040  0 
 5041  0 
 5042  0 
 5043  0 
 5044  1 
 5045  1 
 5046  0 
 5047  0 
 5048  0 
 5049  0 
 5050  0 
 5051  0 
 5052  0 
 5053  0 
 5054  0 
 5055  0 
 5056  0 
 5057  0 
 5058  0 
 5059  0 
 5060  0 
 5061  0 
 5062  0 
 5063  0 
 5064  0 
 5065  0 
 5066  0 
 5067  0 
 5068  0 
 5069  0 
 5070  0 
 5071  0 
 5072  0 
 5073  0 
 5074  0 
 5075  0 
 5076  0 
 5077  0 
 5078  0 
 5079  0 
 5080  1 
 5081  0 
 5082  0 
 5083  0 
 5084  0 
 5085  0 
 5086  0 
 5087  0 
 5088  0 
 5089  0 
 5090  0 
 5091  0 
 5092  0 
 5093  0 
 5094  0 
 5095  0 
 5096  0 
 5097  0 
 5098  0 
 5099  0 
 5100  0 
 5101  0 
 5102  0 
 5103  0 
 5104  0 
 5105  0 
 5106  0 
 5107  0 
 5108  0 
 5109  0 
 5110  0 
 5111  0 
 5112  0 
 5113  0 
 5114  0 
 5115  0 
 5116  0 
 5117  0 
 5118  0 
 5119  0 
 5120  0 
 5121  0 
 5122  1 
 5123  0 
 5124  0 
 5125  0 
 5126  0 
 5127  0 
 5128  0 
 5129  0 
 5130  0 
 5131  0 
 5132  0 
 5133  0 
 5134  0 
 5135  0 
 5136  0 
 5137  0 
 5138  0 
 5139  0 
 5140  0 
 5141  0 
 5142  0 
 5143  0 
 5144  0 
 5145  0 
 5146  1 
 5147  1 
 5148  0 
 5149  0 
 5150  0 
 5151  1 
 5152  0 
 5153  0 
 5154  0 
 5155  0 
 5156  0 
 5157  0 
 5158  0 
 5159  0 
 5160  0 
 5161  0 
 5162  0 
 5163  0 
 5164  1 
 5165  0 
 5166  0 
 5167  0 
 5168  0 
 5169  0 
 5170  0 
 5171  0 
 5172  0 
 5173  0 
 5174  1 
 5175  0 
 5176  0 
 5177  0 
 5178  0 
 5179  1 
 5180  0 
 5181  0 
 5182  0 
 5183  0 
 5184  0 
 5185  0 
 5186  0 
 5187  0 
 5188  0 
 5189  0 
 5190  0 
 5191  0 
 5192  0 
 5193  0 
 5194  0 
 5195  0 
 5196  0 
 5197  0 
 5198  0 
 5199  0 
 5200  0 
 5201  0 
 5202  0 
 5203  0 
 5204  0 
 5205  0 
 5206  0 
 5207  0 
 5208  0 
 5209  0 
 5210  0 
 5211  0 
 5212  1 
 5213  0 
 5214  0 
 5215  0 
 5216  0 
 5217  0 
 5218  0 
 5219  0 
 5220  0 
 5221  0 
 5222  0 
 5223  1 
 5224  0 
 5225  0 
 5226  0 
 5227  0 
 5228  0 
 5229  0 
 5230  0 
 5231  0 
 5232  0 
 5233  0 
 5234  0 
 5235  0 
 5236  0 
 5237  0 
 5238  0 
 5239  0 
 5240  0 
 5241  0 
 5242  0 
 5243  0 
 5244  0 
 5245  0 
 5246  0 
 5247  0 
 5248  0 
 5249  0 
 5250  0 
 5251  0 
 5252  0 
 5253  0 
 5254  0 
 5255  0 
 5256  0 
 5257  0 
 5258  0 
 5259  0 
 5260  0 
 5261  0 
 5262  0 
 5263  0 
 5264  0 
 5265  0 
 5266  0 
 5267  0 
 5268  0 
 5269  0 
 5270  0 
 5271  0 
 5272  0 
 5273  0 
 5274  0 
 5275  0 
 5276  0 
 5277  0 
 5278  0 
 5279  0 
 5280  0 
 5281  0 
 5282  0 
 5283  0 
 5284  0 
 5285  0 
 5286  0 
 5287  0 
 5288  0 
 5289  0 
 5290  0 
 5291  0 
 5292  0 
 5293  0 
 5294  0 
 5295  0 
 5296  0 
 5297  0 
 5298  0 
 5299  0 
 5300  0 
 5301  0 
 5302  0 
 5303  0 
 5304  0 
 5305  0 
 5306  0 
 5307  0 
 5308  0 
 5309  0 
 5310  0 
 5311  0 
 5312  0 
 5313  0 
 5314  0 
 5315  0 
 5316  0 
 5317  0 
 5318  0 
 5319  0 
 5320  0 
 5321  0 
 5322  0 
 5323  0 
 5324  0 
 5325  0 
 5326  0 
 5327  0 
 5328  0 
 5329  0 
 5330  0 
 5331  0 
 5332  0 
 5333  0 
 5334  0 
 5335  0 
 5336  0 
 5337  0 
 5338  0 
 5339  0 
 5340  0 
 5341  0 
 5342  0 
 5343  0 
 5344  0 
 5345  0 
 5346  0 
 5347  0 
 5348  0 
 5349  0 
 5350  0 
 5351  0 
 5352  0 
 5353  0 
 5354  0 
 5355  0 
 5356  0 
 5357  0 
 5358  1 
 5359  0 
 5360  0 
 5361  0 
 5362  0 
 5363  0 
 5364  1 
 5365  0 
 5366  0 
 5367  0 
 5368  0 
 5369  0 
 5370  0 
 5371  0 
 5372  0 
 5373  0 
 5374  0 
 5375  0 
 5376  0 
 5377  0 
 5378  0 
 5379  0 
 5380  0 
 5381  0 
 5382  0 
 5383  0 
 5384  0 
 5385  0 
 5386  0 
 5387  0 
 5388  0 
 5389  0 
 5390  0 
 5391  0 
 5392  0 
 5393  0 
 5394  0 
 5395  0 
 5396  0 
 5397  0 
 5398  0 
 5399  0 
 5400  0 
 5401  0 
 5402  0 
 5403  0 
 5404  0 
 5405  0 
 5406  0 
 5407  1 
 5408  0 
 5409  0 
 5410  0 
 5411  0 
 5412  0 
 5413  0 
 5414  0 
 5415  1 
 5416  0 
 5417  0 
 5418  0 
 5419  0 
 5420  0 
 5421  0 
 5422  0 
 5423  0 
 5424  0 
 5425  0 
 5426  0 
 5427  0 
 5428  0 
 5429  0 
 5430  0 
 5431  0 
 5432  0 
 5433  0 
 5434  0 
 5435  0 
 5436  0 
 5437  0 
 5438  0 
 5439  0 
 5440  0 
 5441  0 
 5442  0 
 5443  0 
 5444  0 
 5445  0 
 5446  0 
 5447  1 
 5448  0 
 5449  0 
 5450  0 
 5451  0 
 5452  0 
 5453  0 
 5454  0 
 5455  0 
 5456  0 
 5457  0 
 5458  0 
 5459  0 
 5460  1 
 5461  0 
 5462  0 
 5463  0 
 5464  0 
 5465  0 
 5466  0 
 5467  0 
 5468  0 
 5469  0 
 5470  0 
 5471  0 
 5472  0 
 5473  0 
 5474  0 
 5475  0 
 5476  0 
 5477  0 
 5478  0 
 5479  0 
 5480  0 
 5481  0 
 5482  0 
 5483  0 
 5484  0 
 5485  0 
 5486  0 
 5487  0 
 5488  0 
 5489  0 
 5490  0 
 5491  0 
 5492  0 
 5493  0 
 5494  0 
 5495  0 
 5496  0 
 5497  0 
 5498  0 
 5499  0 
 5500  0 
 5501  0 
 5502  0 
 5503  0 
 5504  0 
 5505  0 
 5506  0 
 5507  0 
 5508  0 
 5509  0 
 5510  0 
 5511  0 
 5512  0 
 5513  0 
 5514  0 
 5515  0 
 5516  0 
 5517  0 
 5518  0 
 5519  0 
 5520  0 
 5521  0 
 5522  0 
 5523  0 
 5524  0 
 5525  0 
 5526  0 
 5527  0 
 5528  0 
 5529  0 
 5530  0 
 5531  0 
 5532  0 
 5533  0 
 5534  0 
 5535  0 
 5536  0 
 5537  0 
 5538  0 
 5539  0 
 5540  0 
 5541  0 
 5542  1 
 5543  0 
 5544  0 
 5545  0 
 5546  0 
 5547  0 
 5548  0 
 5549  0 
 5550  0 
 5551  0 
 5552  0 
 5553  0 
 5554  0 
 5555  0 
 5556  0 
 5557  0 
 5558  0 
 5559  0 
 5560  0 
 5561  0 
 5562  0 
 5563  0 
 5564  0 
 5565  0 
 5566  0 
 5567  0 
 5568  0 
 5569  0 
 5570  0 
 5571  0 
 5572  0 
 5573  0 
 5574  0 
 5575  0 
 5576  0 
 5577  0 
 5578  0 
 5579  0 
 5580  0 
 5581  0 
 5582  0 
 5583  0 
 5584  0 
 5585  0 
 5586  0 
 5587  0 
 5588  0 
 5589  0 
 5590  0 
 5591  0 
 5592  0 
 5593  0 
 5594  0 
 5595  0 
 5596  0 
 5597  0 
 5598  0 
 5599  0 
 5600  0 
 5601  0 
 5602  0 
 5603  0 
 5604  0 
 5605  0 
 5606  0 
 5607  0 
 5608  0 
 5609  0 
 5610  0 
 5611  0 
 5612  0 
 5613  0 
 5614  0 
 5615  0 
 5616  0 
 5617  0 
 5618  0 
 5619  0 
 5620  0 
 5621  0 
 5622  0 
 5623  1 
 5624  0 
 5625  0 
 5626  0 
 5627  0 
 5628  0 
 5629  0 
 5630  0 
 5631  0 
 5632  0 
 5633  0 
 5634  0 
 5635  0 
 5636  1 
 5637  0 
 5638  0 
 5639  0 
 5640  0 
 5641  0 
 5642  0 
 5643  0 
 5644  0 
 5645  0 
 5646  0 
 5647  0 
 5648  0 
 5649  0 
 5650  0 
 5651  0 
 5652  0 
 5653  0 
 5654  0 
 5655  0 
 5656  0 
 5657  0 
 5658  0 
 5659  0 
 5660  0 
 5661  0 
 5662  0 
 5663  0 
 5664  0 
 5665  0 
 5666  0 
 5667  0 
 5668  0 
 5669  0 
 5670  0 
 5671  0 
 5672  0 
 5673  1 
 5674  0 
 5675  0 
 5676  0 
 5677  0 
 5678  0 
 5679  0 
 5680  0 
 5681  0 
 5682  1 
 5683  0 
 5684  0 
 5685  0 
 5686  0 
 5687  0 
 5688  0 
 5689  0 
 5690  0 
 5691  0 
 5692  0 
 5693  0 
 5694  1 
 5695  0 
 5696  0 
 5697  0 
 5698  0 
 5699  0 
 5700  0 
 5701  0 
 5702  0 
 5703  0 
 5704  0 
 5705  0 
 5706  0 
 5707  0 
 5708  1 
 5709  1 
 5710  1 
 5711  0 
 5712  0 
 5713  0 
 5714  0 
 5715  0 
 5716  0 
 5717  1 
 5718  1 
 5719  0 
 5720  0 
 5721  0 
 5722  1 
 5723  0 
 5724  0 
 5725  0 
 5726  0 
 5727  0 
 5728  0 
 5729  0 
 5730  0 
 5731  0 
 5732  0 
 5733  0 
 5734  1 
 5735  0 
 5736  0 
 5737  0 
 5738  0 
 5739  0 
 5740  0 
 5741  0 
 5742  0 
 5743  0 
 5744  1 
 5745  1 
 5746  0 
 5747  0 
 5748  0 
 5749  0 
 5750  0 
 5751  0 
 5752  0 
 5753  0 
 5754  0 
 5755  0 
 5756  0 
 5757  0 
 5758  0 
 5759  0 
 5760  0 
 5761  0 
 5762  0 
 5763  0 
 5764  0 
 5765  0 
 5766  0 
 5767  0 
 5768  1 
 5769  0 
 5770  0 
 5771  0 
 5772  0 
 5773  0 
 5774  0 
 5775  0 
 5776  0 
 5777  0 
 5778  1 
 5779  0 
 5780  0 
 5781  0 
 5782  0 
 5783  1 
 5784  0 
 5785  0 
 5786  0 
 5787  1 
 5788  1 
 5789  0 
 5790  0 
 5791  0 
 5792  0 
 5793  0 
 5794  0 
 5795  0 
 5796  0 
 5797  1 
 5798  1 
 5799  0 
 5800  0 
 5801  1 
 5802  0 
 5803  0 
 5804  1 
 5805  0 
 5806  0 
 5807  1 
 5808  0 
 5809  0 
 5810  1 
 5811  0 
 5812  0 
 5813  0 
 5814  0 
 5815  0 
 5816  1 
 5817  0 
 5818  0 
 5819  0 
 5820  0 
 5821  0 
 5822  0 
 5823  0 
 5824  0 
 5825  0 
 5826  0 
 5827  0 
 5828  0 
 5829  0 
 5830  0 
 5831  0 
 5832  0 
 5833  0 
 5834  1 
 5835  0 
 5836  0 
 5837  0 
 5838  0 
 5839  0 
 5840  1 
 5841  2 
 5842  0 
 5843  2 
 5844  0 
 5845  0 
 5846  0 
 5847  0 
 5848  2 
 5849  0 
 5850  0 
 5851  0 
 5852  0 
 5853  0 
 5854  0 
 5855  0 
 5856  0 
 5857  1 
 5858  1 
 5859  0 
 5860  0 
 5861  0 
 5862  0 
 5863  0 
 5864  0 
 5865  0 
 5866  0 
 5867  1 
 5868  0 
 5869  0 
 5870  0 
 5871  0 
 5872  0 
 5873  0 
 5874  0 
 5875  1 
 5876  0 
 5877  0 
 5878  0 
 5879  1 
 5880  0 
 5881  0 
 5882  0 
 5883  0 
 5884  0 
 5885  1 
 5886  0 
 5887  0 
 5888  0 
 5889  0 
 5890  0 
 5891  0 
 5892  2 
 5893  0 
 5894  1 
 5895  0 
 5896  0 
 5897  1 
 5898  1 
 5899  0 
 5900  0 
 5901  0 
 5902  0 
 5903  1 
 5904  0 
 5905  0 
 5906  0 
 5907  0 
 5908  1 
 5909  1 
 5910  1 
 5911  0 
 5912  2 
 5913  0 
 5914  0 
 5915  1 
 5916  0 
 5917  1 
 5918  0 
 5919  0 
 5920  0 
 5921  0 
 5922  1 
 5923  0 
 5924  0 
 5925  1 
 5926  0 
 5927  0 
 5928  0 
 5929  0 
 5930  0 
 5931  0 
 5932  0 
 5933  1 
 5934  0 
 5935  0 
 5936  0 
 5937  0 
 5938  1 
 5939  1 
 5940  0 
 5941  1 
 5942  0 
 5943  0 
 5944  0 
 5945  0 
 5946  0 
 5947  1 
 5948  0 
 5949  0 
 5950  0 
 5951  0 
 5952  0 
 5953  0 
 5954  0 
 5955  0 
 5956  0 
 5957  0 
 5958  0 
 5959  0 
 5960  1 
 5961  1 
 5962  1 
 5963  0 
 5964  0 
 5965  0 
 5966  1 
 5967  0 
 5968  0 
 5969  0 
 5970  0 
 5971  1 
 5972  0 
 5973  0 
 5974  0 
 5975  0 
 5976  0 
 5977  0 
 5978  0 
 5979  0 
 5980  0 
 5981  0 
 5982  0 
 5983  1 
 5984  0 
 5985  0 
 5986  0 
 5987  0 
 5988  0 
 5989  0 
 5990  0 
 5991  0 
 5992  0 
 5993  0 
 5994  0 
 5995  0 
 5996  0 
 5997  0 
 5998  0 
 5999  0 
 6000  0 
 6001  0 
 6002  0 
 6003  0 
 6004  0 
 6005  0 
 6006  0 
 6007  0 
 6008  0 
 6009  0 
 6010  0 
 6011  0 
 6012  0 
 6013  0 
 6014  0 
 6015  0 
 6016  0 
 6017  0 
 6018  0 
 6019  0 
 6020  0 
 6021  0 
 6022  0 
 6023  0 
 6024  0 
 6025  0 
 6026  0 
 6027  1 
 6028  0 
 6029  0 
 6030  0 
 6031  0 
 6032  0 
 6033  0 
 6034  0 
 6035  0 
 6036  0 
 6037  0 
 6038  0 
 6039  0 
 6040  0 
 6041  0 
 6042  0 
 6043  0 
 6044  0 
 6045  0 
 6046  0 
 6047  0 
 6048  0 
 6049  0 
 6050  0 
 6051  0 
 6052  0 
 6053  0 
 6054  0 
 6055  0 
 6056  0 
 6057  0 
 6058  0 
 6059  0 
 6060  0 
 6061  0 
 6062  0 
 6063  0 
 6064  0 
 6065  0 
 6066  0 
 6067  0 
 6068  0 
 6069  0 
 6070  0 
 6071  0 
 6072  0 
 6073  0 
 6074  0 
 6075  0 
 6076  0 
 6077  0 
 6078  0 
 6079  0 
 6080  0 
 6081  0 
 6082  0 
 6083  0 
 6084  0 
 6085  0 
 6086  0 
 6087  0 
 6088  0 
 6089  0 
 6090  0 
 6091  0 
 6092  0 
 6093  0 
 6094  0 
 6095  0 
 6096  0 
 6097  0 
 6098  0 
 6099  0 
 6100  0 
 6101  0 
 6102  0 
 6103  0 
 6104  0 
 6105  0 
 6106  0 
 6107  0 
 6108  0 
 6109  0 
 6110  0 
 6111  0 
 6112  0 
 6113  0 
 6114  0 
 6115  0 
 6116  0 
 6117  0 
 6118  0 
 6119  0 
 6120  0 
 6121  0 
 6122  0 
 6123  0 
 6124  0 
 6125  0 
 6126  0 
 6127  0 
 6128  0 
 6129  0 
 6130  0 
 6131  0 
 6132  0 
 6133  0 
 6134  0 
 6135  0 
 6136  0 
 6137  0 
 6138  0 
 6139  0 
 6140  0 
 6141  0 
 6142  0 
 6143  0 
 6144  0 
 6145  0 
 6146  0 
 6147  0 
 6148  0 
 6149  0 
 6150  0 
 6151  1 
 6152  0 
 6153  0 
 6154  0 
 6155  0 
 6156  0 
 6157  0 
 6158  0 
 6159  0 
 6160  0 
 6161  0 
 6162  0 
 6163  0 
 6164  0 
 6165  0 
 6166  0 
 6167  0 
 6168  0 
 6169  0 
 6170  0 
 6171  1 
 6172  0 
 6173  0 
 6174  0 
 6175  0 
 6176  0 
 6177  0 
 6178  0 
 6179  0 
 6180  0 
 6181  0 
 6182  0 
 6183  0 
 6184  0 
 6185  0 
 6186  0 
 6187  0 
 6188  0 
 6189  0 
 6190  0 
 6191  0 
 6192  0 
 6193  0 
 6194  0 
 6195  0 
 6196  0 
 6197  0 
 6198  0 
 6199  0 
 6200  0 
 6201  0 
 6202  0 
 6203  0 
 6204  0 
 6205  0 
 6206  0 
 6207  0 
 6208  0 
 6209  0 
 6210  0 
 6211  0 
 6212  0 
 6213  0 
 6214  0 
 6215  0 
 6216  0 
 6217  0 
 6218  1 
 6219  0 
 6220  0 
 6221  0 
 6222  0 
 6223  0 
 6224  0 
 6225  0 
 6226  0 
 6227  0 
 6228  0 
 6229  0 
 6230  0 
 6231  0 
 6232  0 
 6233  0 
 6234  0 
 6235  0 
 6236  0 
 6237  0 
 6238  0 
 6239  0 
 6240  0 
 6241  0 
 6242  0 
 6243  0 
 6244  0 
 6245  0 
 6246  0 
 6247  0 
 6248  0 
 6249  1 
 6250  0 
 6251  0 
 6252  0 
 6253  0 
 6254  0 
 6255  0 
 6256  0 
 6257  0 
 6258  0 
 6259  0 
 6260  0 
 6261  0 
 6262  0 
 6263  0 
 6264  0 
 6265  0 
 6266  0 
 6267  0 
 6268  0 
 6269  0 
 6270  0 
 6271  0 
 6272  0 
 6273  0 
 6274  0 
 6275  0 
 6276  0 
 6277  0 
 6278  0 
 6279  0 
 6280  0 
 6281  0 
 6282  0 
 6283  0 
 6284  0 
 6285  0 
 6286  0 
 6287  0 
 6288  0 
 6289  0 
 6290  0 
 6291  0 
 6292  0 
 6293  0 
 6294  0 
 6295  0 
 6296  0 
 6297  0 
 6298  0 
 6299  0 
 6300  0 
 6301  0 
 6302  0 
 6303  0 
 6304  0 
 6305  0 
 6306  0 
 6307  0 
 6308  0 
 6309  0 
 6310  0 
 6311  0 
 6312  0 
 6313  0 
 6314  0 
 6315  0 
 6316  0 
 6317  0 
 6318  0 
 6319  0 
 6320  0 
 6321  0 
 6322  0 
 6323  0 
 6324  0 
 6325  0 
 6326  0 
 6327  0 
 6328  0 
 6329  0 
 6330  0 
 6331  0 
 6332  0 
 6333  0 
 6334  0 
 6335  0 
 6336  0 
 6337  0 
 6338  0 
 6339  0 
 6340  0 
 6341  0 
 6342  0 
 6343  0 
 6344  0 
 6345  0 
 6346  0 
 6347  0 
 6348  0 
 6349  0 
 6350  0 
 6351  0 
 6352  1 
 6353  0 
 6354  0 
 6355  0 
 6356  0 
 6357  0 
 6358  0 
 6359  0 
 6360  0 
 6361  0 
 6362  0 
 6363  0 
 6364  0 
 6365  0 
 6366  0 
 6367  0 
 6368  0 
 6369  0 
 6370  0 
 6371  0 
 6372  0 
 6373  0 
 6374  0 
 6375  0 
 6376  0 
 6377  0 
 6378  0 
 6379  0 
 6380  0 
 6381  1 
 6382  0 
 6383  0 
 6384  0 
 6385  0 
 6386  0 
 6387  0 
 6388  0 
 6389  0 
 6390  0 
 6391  0 
 6392  0 
 6393  0 
 6394  0 
 6395  0 
 6396  0 
 6397  0 
 6398  0 
 6399  0 
 6400  0 
 6401  0 
 6402  0 
 6403  0 
 6404  0 
 6405  0 
 6406  0 
 6407  0 
 6408  0 
 6409  0 
 6410  0 
 6411  0 
 6412  0 
 6413  0 
 6414  0 
 6415  0 
 6416  0 
 6417  0 
 6418  0 
 6419  0 
 6420  0 
 6421  1 
 6422  0 
 6423  0 
 6424  0 
 6425  0 
 6426  0 
 6427  0 
 6428  0 
 6429  0 
 6430  0 
 6431  0 
 6432  0 
 6433  0 
 6434  0 
 6435  0 
 6436  0 
 6437  0 
 6438  0 
 6439  0 
 6440  0 
 6441  0 
 6442  0 
 6443  0 
 6444  0 
 6445  0 
 6446  0 
 6447  0 
 6448  0 
 6449  0 
 6450  0 
 6451  0 
 6452  0 
 6453  0 
 6454  0 
 6455  0 
 6456  0 
 6457  0 
 6458  0 
 6459  0 
 6460  0 
 6461  1 
 6462  0 
 6463  0 
 6464  0 
 6465  0 
 6466  0 
 6467  0 
 6468  0 
 6469  0 
 6470  0 
 6471  0 
 6472  0 
 6473  0 
 6474  0 
 6475  0 
 6476  0 
 6477  0 
 6478  0 
 6479  0 
 6480  0 
 6481  0 
 6482  0 
 6483  0 
 6484  0 
 6485  0 
 6486  0 
 6487  0 
 6488  0 
 6489  0 
 6490  0 
 6491  0 
 6492  0 
 6493  0 
 6494  0 
 6495  0 
 6496  0 
 6497  0 
 6498  0 
 6499  0 
 6500  0 
 6501  0 
 6502  0 
 6503  0 
 6504  0 
 6505  0 
 6506  0 
 6507  0 
 6508  0 
 6509  0 
 6510  0 
 6511  0 
 6512  0 
 6513  0 
 6514  0 
 6515  0 
 6516  0 
 6517  0 
 6518  0 
 6519  0 
 6520  0 
 6521  1 
 6522  0 
 6523  0 
 6524  0 
 6525  0 
 6526  0 
 6527  0 
 6528  0 
 6529  0 
 6530  0 
 6531  0 
 6532  0 
 6533  0 
 6534  0 
 6535  0 
 6536  0 
 6537  0 
 6538  0 
 6539  0 
 6540  0 
 6541  0 
 6542  0 
 6543  0 
 6544  0 
 6545  0 
 6546  0 
 6547  0 
 6548  0 
 6549  0 
 6550  0 
 6551  0 
 6552  0 
 6553  0 
 6554  0 
 6555  0 
 6556  0 
 6557  0 
 6558  0 
 6559  0 
 6560  0 
 6561  0 
 6562  0 
 6563  0 
 6564  0 
 6565  0 
 6566  0 
 6567  0 
 6568  0 
 6569  0 
 6570  0 
 6571  0 
 6572  0 
 6573  0 
 6574  0 
 6575  0 
 6576  0 
 6577  0 
 6578  0 
 6579  0 
 6580  0 
 6581  0 
 6582  2 
 6583  0 
 6584  0 
 6585  0 
 6586  0 
 6587  0 
 6588  0 
 6589  0 
 6590  0 
 6591  0 
 6592  0 
 6593  0 
 6594  0 
 6595  0 
 6596  0 
 6597  1 
 6598  0 
 6599  0 
 6600  0 
 6601  0 
 6602  0 
 6603  0 
 6604  0 
 6605  0 
 6606  0 
 6607  0 
 6608  0 
 6609  0 
 6610  0 
 6611  0 
 6612  0 
 6613  0 
 6614  0 
 6615  0 
 6616  0 
 6617  0 
 6618  0 
 6619  0 
 6620  0 
 6621  0 
 6622  0 
 6623  0 
 6624  0 
 6625  0 
 6626  0 
 6627  0 
 6628  0 
 6629  0 
 6630  0 
 6631  0 
 6632  0 
 6633  0 
 6634  0 
 6635  0 
 6636  0 
 6637  0 
 6638  0 
 6639  0 
 6640  0 
 6641  0 
 6642  0 
 6643  0 
 6644  0 
 6645  0 
 6646  0 
 6647  0 
 6648  0 
 6649  0 
 6650  0 
 6651  0 
 6652  0 
 6653  0 
 6654  0 
 6655  0 
 6656  0 
 6657  0 
 6658  0 
 6659  0 
 6660  0 
 6661  0 
 6662  0 
 6663  0 
 6664  0 
 6665  0 
 6666  0 
 6667  0 
 6668  0 
 6669  0 
 6670  0 
 6671  0 
 6672  0 
 6673  0 
 6674  0 
 6675  0 
 6676  0 
 6677  0 
 6678  0 
 6679  0 
 6680  0 
 6681  0 
 6682  0 
 6683  0 
 6684  0 
 6685  0 
 6686  0 
 6687  0 
 6688  0 
 6689  0 
 6690  0 
 6691  0 
 6692  0 
 6693  0 
 6694  0 
 6695  0 
 6696  0 
 6697  0 
 6698  0 
 6699  0 
 6700  0 
 6701  0 
 6702  0 
 6703  0 
 6704  0 
 6705  0 
 6706  0 
 6707  0 
 6708  0 
 6709  0 
 6710  0 
 6711  0 
 6712  0 
 6713  0 
 6714  0 
 6715  0 
 6716  0 
 6717  0 
 6718  0 
 6719  0 
 6720  0 
 6721  0 
 6722  0 
 6723  0 
 6724  0 
 6725  1 
 6726  1 
 6727  0 
 6728  0 
 6729  0 
 6730  0 
 6731  0 
 6732  0 
 6733  0 
 6734  0 
 6735  0 
 6736  0 
 6737  0 
 6738  0 
 6739  0 
 6740  0 
 6741  0 
 6742  0 
 6743  0 
 6744  0 
 6745  0 
 6746  1 
 6747  0 
 6748  0 
 6749  0 
 6750  0 
 6751  0 
 6752  0 
 6753  0 
 6754  0 
 6755  0 
 6756  0 
 6757  0 
 6758  0 
 6759  0 
 6760  0 
 6761  0 
 6762  0 
 6763  0 
 6764  0 
 6765  0 
 6766  0 
 6767  0 
 6768  0 
 6769  0 
 6770  0 
 6771  0 
 6772  0 
 6773  0 
 6774  0 
 6775  0 
 6776  0 
 6777  0 
 6778  0 
 6779  0 
 6780  0 
 6781  0 
 6782  0 
 6783  0 
 6784  0 
 6785  0 
 6786  0 
 6787  0 
 6788  0 
 6789  0 
 6790  0 
 6791  0 
 6792  0 
 6793  0 
 6794  0 
 6795  0 
 6796  0 
 6797  0 
 6798  0 
 6799  0 
 6800  0 
 6801  0 
 6802  0 
 6803  0 
 6804  0 
 6805  0 
 6806  0 
 6807  0 
 6808  0 
 6809  0 
 6810  0 
 6811  0 
 6812  0 
 6813  0 
 6814  0 
 6815  0 
 6816  0 
 6817  0 
 6818  0 
 6819  0 
 6820  0 
 6821  0 
 6822  0 
 6823  0 
 6824  0 
 6825  0 
 6826  0 
 6827  0 
 6828  0 
 6829  0 
 6830  0 
 6831  0 
 6832  0 
 6833  0 
 6834  0 
 6835  0 
 6836  0 
 6837  0 
 6838  0 
 6839  0 
 6840  0 
 6841  0 
 6842  0 
 6843  0 
 6844  0 
 6845  0 
 6846  0 
 6847  0 
 6848  0 
 6849  0 
 6850  0 
 6851  1 
 6852  0 
 6853  0 
 6854  0 
 6855  0 
 6856  0 
 6857  0 
 6858  0 
 6859  0 
 6860  0 
 6861  0 
 6862  0 
 6863  0 
 6864  0 
 6865  0 
 6866  0 
 6867  0 
 6868  0 
 6869  0 
 6870  0 
 6871  0 
 6872  0 
 6873  0 
 6874  0 
 6875  0 
 6876  0 
 6877  0 
 6878  0 
 6879  0 
 6880  0 
 6881  0 
 6882  0 
 6883  0 
 6884  0 
 6885  0 
 6886  0 
 6887  0 
 6888  0 
 6889  0 
 6890  0 
 6891  0 
 6892  0 
 6893  0 
 6894  0 
 6895  0 
 6896  1 
 6897  0 
 6898  0 
 6899  0 
 6900  0 
 6901  1 
 6902  0 
 6903  0 
 6904  0 
 6905  0 
 6906  0 
 6907  0 
 6908  0 
 6909  0 
 6910  0 
 6911  0 
 6912  0 
 6913  0 
 6914  0 
 6915  0 
 6916  0 
 6917  0 
 6918  0 
 6919  0 
 6920  0 
 6921  0 
 6922  0 
 6923  0 
 6924  0 
 6925  0 
 6926  0 
 6927  1 
 6928  0 
 6929  0 
 6930  0 
 6931  0 
 6932  0 
 6933  0 
 6934  0 
 6935  0 
 6936  0 
 6937  0 
 6938  0 
 6939  0 
 6940  0 
 6941  0 
 6942  0 
 6943  0 
 6944  0 
 6945  0 
 6946  0 
 6947  0 
 6948  0 
 6949  0 
 6950  0 
 6951  0 
 6952  0 
 6953  0 
 6954  0 
 6955  0 
 6956  0 
 6957  0 
 6958  0 
 6959  0 
 6960  0 
 6961  0 
 6962  0 
 6963  0 
 6964  0 
 6965  0 
 6966  0 
 6967  0 
 6968  0 
 6969  0 
 6970  0 
 6971  0 
 6972  0 
 6973  0 
 6974  0 
 6975  0 
 6976  0 
 6977  0 
 6978  0 
 6979  0 
 6980  0 
 6981  0 
 6982  0 
 6983  0 
 6984  0 
 6985  0 
 6986  0 
 6987  0 
 6988  0 
 6989  0 
 6990  0 
 6991  1 
 6992  0 
 6993  0 
 6994  0 
 6995  0 
 6996  0 
 6997  0 
 6998  0 
 6999  0 
 7000  0 
 7001  0 
 7002  0 
 7003  0 
 7004  0 
 7005  0 
 7006  0 
 7007  0 
 7008  0 
 7009  0 
 7010  0 
 7011  0 
 7012  0 
 7013  0 
 7014  0 
 7015  1 
 7016  0 
 7017  0 
 7018  0 
 7019  0 
 7020  0 
 7021  0 
 7022  0 
 7023  0 
 7024  0 
 7025  0 
 7026  0 
 7027  0 
 7028  0 
 7029  0 
 7030  0 
 7031  0 
 7032  0 
 7033  0 
 7034  0 
 7035  0 
 7036  0 
 7037  0 
 7038  0 
 7039  0 
 7040  0 
 7041  0 
 7042  0 
 7043  0 
 7044  0 
 7045  0 
 7046  0 
 7047  0 
 7048  0 
 7049  0 
 7050  0 
 7051  0 
 7052  0 
 7053  0 
 7054  0 
 7055  0 
 7056  0 
 7057  0 
 7058  0 
 7059  0 
 7060  0 
 7061  0 
 7062  0 
 7063  1 
 7064  0 
 7065  0 
 7066  0 
 7067  0 
 7068  0 
 7069  0 
 7070  0 
 7071  0 
 7072  0 
 7073  0 
 7074  0 
 7075  0 
 7076  0 
 7077  0 
 7078  0 
 7079  0 
 7080  0 
 7081  0 
 7082  0 
 7083  0 
 7084  0 
 7085  0 
 7086  0 
 7087  0 
 7088  0 
 7089  0 
 7090  0 
 7091  0 
 7092  0 
 7093  0 
 7094  0 
 7095  0 
 7096  0 
 7097  0 
 7098  0 
 7099  0 
 7100  0 
 7101  0 
 7102  0 
 7103  0 
 7104  0 
 7105  0 
 7106  0 
 7107  0 
 7108  0 
 7109  0 
 7110  0 
 7111  0 
 7112  0 
 7113  0 
 7114  0 
 7115  1 
 7116  0 
 7117  0 
 7118  0 
 7119  0 
 7120  0 
 7121  0 
 7122  0 
 7123  0 
 7124  1 
 7125  0 
 7126  0 
 7127  0 
 7128  0 
 7129  0 
 7130  0 
 7131  0 
 7132  1 
 7133  0 
 7134  0 
 7135  0 
 7136  0 
 7137  0 
 7138  0 
 7139  0 
 7140  0 
 7141  0 
 7142  0 
 7143  0 
 7144  0 
 7145  0 
 7146  0 
 7147  0 
 7148  0 
 7149  0 
 7150  0 
 7151  0 
 7152  0 
 7153  0 
 7154  0 
 7155  0 
 7156  0 
 7157  0 
 7158  0 
 7159  0 
 7160  0 
 7161  0 
 7162  0 
 7163  0 
 7164  0 
 7165  0 
 7166  0 
 7167  0 
 7168  0 
 7169  0 
 7170  0 
 7171  0 
 7172  0 
 7173  0 
 7174  0 
 7175  0 
 7176  0 
 7177  0 
 7178  0 
 7179  1 
 7180  0 
 7181  0 
 7182  0 
 7183  0 
 7184  0 
 7185  0 
 7186  0 
 7187  0 
 7188  0 
 7189  0 
 7190  0 
 7191  0 
 7192  0 
 7193  0 
 7194  0 
 7195  0 
 7196  0 
 7197  0 
 7198  0 
 7199  0 
 7200  0 
 7201  0 
 7202  0 
 7203  0 
 7204  0 
 7205  0 
 7206  0 
 7207  0 
 7208  0 
 7209  0 
 7210  0 
 7211  0 
 7212  0 
 7213  0 
 7214  0 
 7215  0 
 7216  0 
 7217  0 
 7218  0 
 7219  0 
 7220  0 
 7221  0 
 7222  0 
 7223  0 
 7224  0 
 7225  0 
 7226  0 
 7227  0 
 7228  0 
 7229  0 
 7230  0 
 7231  0 
 7232  0 
 7233  0 
 7234  0 
 7235  0 
 7236  0 
 7237  0 
 7238  0 
 7239  0 
 7240  0 
 7241  0 
 7242  0 
 7243  0 
 7244  0 
 7245  0 
 7246  0 
 7247  0 
 7248  0 
 7249  0 
 7250  0 
 7251  0 
 7252  0 
 7253  0 
 7254  0 
 7255  0 
 7256  0 
 7257  0 
 7258  0 
 7259  1 
 7260  0 
 7261  0 
 7262  0 
 7263  0 
 7264  0 
 7265  0 
 7266  0 
 7267  0 
 7268  0 
 7269  0 
 7270  0 
 7271  0 
 7272  0 
 7273  0 
 7274  0 
 7275  0 
 7276  0 
 7277  0 
 7278  0 
 7279  0 
 7280  0 
 7281  0 
 7282  0 
 7283  0 
 7284  0 
 7285  0 
 7286  0 
 7287  0 
 7288  0 
 7289  0 
 7290  0 
 7291  0 
 7292  0 
 7293  0 
 7294  0 
 7295  0 
 7296  0 
 7297  0 
 7298  0 
 7299  0 
 7300  0 
 7301  0 
 7302  0 
 7303  0 
 7304  1 
 7305  0 
 7306  0 
 7307  0 
 7308  0 
 7309  0 
 7310  0 
 7311  0 
 7312  0 
 7313  0 
 7314  0 
 7315  0 
 7316  0 
 7317  0 
 7318  0 
 7319  0 
 7320  0 
 7321  0 
 7322  0 
 7323  0 
 7324  0 
 7325  0 
 7326  0 
 7327  1 
 7328  0 
 7329  0 
 7330  0 
 7331  0 
 7332  0 
 7333  0 
 7334  0 
 7335  0 
 7336  0 
 7337  0 
 7338  0 
 7339  0 
 7340  0 
 7341  0 
 7342  0 
 7343  0 
 7344  0 
 7345  0 
 7346  0 
 7347  0 
 7348  0 
 7349  0 
 7350  0 
 7351  0 
 7352  0 
 7353  0 
 7354  0 
 7355  0 
 7356  0 
 7357  0 
 7358  0 
 7359  0 
 7360  1 
 7361  0 
 7362  0 
 7363  0 
 7364  0 
 7365  0 
 7366  0 
 7367  0 
 7368  0 
 7369  0 
 7370  0 
 7371  0 
 7372  0 
 7373  0 
 7374  0 
 7375  0 
 7376  0 
 7377  0 
 7378  0 
 7379  0 
 7380  0 
 7381  0 
 7382  0 
 7383  0 
 7384  0 
 7385  0 
 7386  0 
 7387  0 
 7388  0 
 7389  0 
 7390  0 
 7391  0 
 7392  0 
 7393  1 
 7394  0 
 7395  0 
 7396  0 
 7397  0 
 7398  0 
 7399  0 
 7400  0 
 7401  0 
 7402  0 
 7403  0 
 7404  0 
 7405  0 
 7406  0 
 7407  0 
 7408  0 
 7409  0 
 7410  0 
 7411  0 
 7412  0 
 7413  0 
 7414  0 
 7415  0 
 7416  0 
 7417  0 
 7418  0 
 7419  0 
 7420  0 
 7421  0 
 7422  0 
 7423  0 
 7424  0 
 7425  0 
 7426  0 
 7427  0 
 7428  0 
 7429  0 
 7430  0 
 7431  0 
 7432  0 
 7433  0 
 7434  0 
 7435  0 
 7436  0 
 7437  0 
 7438  0 
 7439  0 
 7440  0 
 7441  0 
 7442  0 
 7443  0 
 7444  0 
 7445  0 
 7446  0 
 7447  0 
 7448  0 
 7449  0 
 7450  0 
 7451  0 
 7452  1 
 7453  0 
 7454  0 
 7455  0 
 7456  0 
 7457  0 
 7458  0 
 7459  0 
 7460  0 
 7461  0 
 7462  0 
 7463  0 
 7464  0 
 7465  0 
 7466  0 
 7467  0 
 7468  0 
 7469  0 
 7470  0 
 7471  0 
 7472  0 
 7473  0 
 7474  0 
 7475  0 
 7476  0 
 7477  1 
 7478  1 
 7479  0 
 7480  1 
 7481  0 
 7482  0 
 7483  0 
 7484  0 
 7485  0 
 7486  0 
 7487  0 
 7488  0 
 7489  0 
 7490  0 
 7491  0 
 7492  0 
 7493  0 
 7494  1 
 7495  0 
 7496  0 
 7497  0 
 7498  0 
 7499  0 
 7500  0 
 7501  0 
 7502  0 
 7503  0 
 7504  0 
 7505  0 
 7506  0 
 7507  0 
 7508  0 
 7509  0 
 7510  0 
 7511  0 
 7512  0 
 7513  0 
 7514  0 
 7515  0 
 7516  0 
 7517  0 
 7518  0 
 7519  0 
 7520  0 
 7521  0 
 7522  0 
 7523  0 
 7524  0 
 7525  0 
 7526  0 
 7527  0 
 7528  1 
 7529  0 
 7530  0 
 7531  0 
 7532  0 
 7533  0 
 7534  0 
 7535  0 
 7536  0 
 7537  0 
 7538  0 
 7539  0 
 7540  0 
 7541  0 
 7542  0 
 7543  0 
 7544  0 
 7545  0 
 7546  0 
 7547  0 
 7548  0 
 7549  1 
 7550  0 
 7551  0 
 7552  0 
 7553  0 
 7554  0 
 7555  0 
 7556  0 
 7557  0 
 7558  0 
 7559  1 
 7560  0 
 7561  1 
 7562  0 
 7563  0 
 7564  0 
 7565  0 
 7566  0 
 7567  0 
 7568  0 
 7569  0 
 7570  0 
 7571  0 
 7572  1 
 7573  0 
 7574  0 
 7575  0 
 7576  0 
 7577  0 
 7578  0 
 7579  0 
 7580  0 
 7581  0 
 7582  0 
 7583  0 
 7584  0 
 7585  0 
 7586  0 
 7587  0 
 7588  0 
 7589  0 
 7590  0 
 7591  0 
 7592  0 
 7593  1 
 7594  0 
 7595  0 
 7596  0 
 7597  0 
 7598  2 
 7599  1 
 7600  0 
 7601  0 
 7602  0 
 7603  0 
 7604  0 
 7605  0 
 7606  0 
 7607  0 
 7608  0 
 7609  0 
 7610  0 
 7611  0 
 7612  0 
 7613  0 
 7614  0 
 7615  0 
 7616  1 
 7617  1 
 7618  0 
 7619  0 
 7620  0 
 7621  1 
 7622  0 
 7623  0 
 7624  0 
 7625  0 
 7626  0 
 7627  0 
 7628  0 
 7629  0 
 7630  0 
 7631  0 
 7632  0 
 7633  0 
 7634  0 
 7635  0 
 7636  0 
 7637  0 
 7638  0 
 7639  0 
 7640  0 
 7641  1 
 7642  0 
 7643  1 
 7644  0 
 7645  0 
 7646  0 
 7647  1 
 7648  0 
 7649  0 
 7650  1 
 7651  0 
 7652  1 
 7653  0 
 7654  0 
 7655  1 
 7656  0 
 7657  0 
 7658  0 
 7659  1 
 7660  0 
 7661  0 
 7662  1 
 7663  0 
 7664  0 
 7665  0 
 7666  0 
 7667  0 
 7668  0 
 7669  1 
 7670  0 
 7671  0 
 7672  0 
 7673  0 
 7674  1 
 7675  2 
 7676  0 
 7677  0 
 7678  0 
 7679  2 
 7680  0 
 7681  1 
 7682  0 
 7683  1 
 7684  1 
 7685  0 
 7686  0 
 7687  0 
 7688  1 
 7689  0 
 7690  0 
 7691  0 
 7692  0 
 7693  0 
 7694  0 
 7695  0 
 7696  0 
 7697  0 
 7698  1 
 7699  1 
 7700  0 
 7701  0 
 7702  0 
 7703  0 
 7704  1 
 7705  0 
 7706  0 
 7707  0 
 7708  0 
 7709  0 
 7710  1 
 7711  0 
 7712  1 
 7713  1 
 7714  0 
 7715  0 
 7716  1 
 7717  0 
 7718  1 
 7719  0 
 7720  0 
 7721  1 
 7722  0 
 7723  0 
 7724  0 
 7725  0 
 7726  0 
 7727  0 
 7728  0 
 7729  1 
 7730  0 
 7731  2 
 7732  0 
 7733  0 
 7734  0 
 7735  0 
 7736  0 
 7737  0 
 7738  0 
 7739  0 
 7740  0 
 7741  0 
 7742  1 
 7743  0 
 7744  0 
 7745  1 
 7746  0 
 7747  0 
 7748  0 
 7749  1 
 7750  0 
 7751  0 
 7752  1 
 7753  0 
 7754  0 
 7755  0 
 7756  0 
 7757  1 
 7758  0 
 7759  0 
 7760  0 
 7761  0 
 7762  0 
 7763  0 
 7764  0 
 7765  0 
 7766  0 
 7767  0 
 7768  1 
 7769  0 
 7770  0 
 7771  0 
 7772  0 
 7773  0 
 7774  0 
 7775  0 
 7776  0 
 7777  0 
 7778  0 
 7779  0 
 7780  0 
 7781  0 
 7782  0 
 7783  0 
 7784  0 
 7785  0 
 7786  0 
 7787  0 
 7788  0 
 7789  0 
 7790  0 
 7791  0 
 7792  0 
 7793  0 
 7794  0 
 7795  1 
 7796  0 
 7797  0 
 7798  0 
 7799  0 
 7800  0 
 7801  0 
 7802  0 
 7803  0 
 7804  0 
 7805  0 
 7806  0 
 7807  0 
 7808  0 
 7809  0 
 7810  0 
 7811  0 
 7812  0 
 7813  0 
 7814  0 
 7815  0 
 7816  0 
 7817  0 
 7818  0 
 7819  0 
 7820  0 
 7821  0 
 7822  0 
 7823  0 
 7824  0 
 7825  0 
 7826  0 
 7827  0 
 7828  0 
 7829  0 
 7830  0 
 7831  0 
 7832  0 
 7833  0 
 7834  0 
 7835  0 
 7836  0 
 7837  0 
 7838  0 
 7839  0 
 7840  0 
 7841  0 
 7842  0 
 7843  0 
 7844  0 
 7845  0 
 7846  0 
 7847  0 
 7848  0 
 7849  0 
 7850  0 
 7851  0 
 7852  0 
 7853  0 
 7854  0 
 7855  0 
 7856  0 
 7857  0 
 7858  0 
 7859  0 
 7860  0 
 7861  0 
 7862  0 
 7863  0 
 7864  0 
 7865  0 
 7866  0 
 7867  1 
 7868  0 
 7869  0 
 7870  0 
 7871  0 
 7872  0 
 7873  0 
 7874  0 
 7875  0 
 7876  0 
 7877  0 
 7878  0 
 7879  0 
 7880  0 
 7881  0 
 7882  0 
 7883  0 
 7884  0 
 7885  0 
 7886  0 
 7887  0 
 7888  0 
 7889  0 
 7890  0 
 7891  0 
 7892  0 
 7893  0 
 7894  0 
 7895  0 
 7896  0 
 7897  0 
 7898  0 
 7899  0 
 7900  1 
 7901  0 
 7902  0 
 7903  0 
 7904  0 
 7905  0 
 7906  0 
 7907  0 
 7908  0 
 7909  0 
 7910  0 
 7911  0 
 7912  0 
 7913  0 
 7914  0 
 7915  0 
 7916  0 
 7917  0 
 7918  0 
 7919  0 
 7920  0 
 7921  0 
 7922  0 
 7923  0 
 7924  0 
 7925  0 
 7926  0 
 7927  0 
 7928  0 
 7929  0 
 7930  0 
 7931  0 
 7932  0 
 7933  1 
 7934  0 
 7935  0 
 7936  0 
 7937  0 
 7938  0 
 7939  0 
 7940  0 
 7941  0 
 7942  0 
 7943  0 
 7944  0 
 7945  0 
 7946  1 
 7947  0 
 7948  0 
 7949  0 
 7950  0 
 7951  0 
 7952  0 
 7953  0 
 7954  0 
 7955  0 
 7956  0 
 7957  0 
 7958  0 
 7959  0 
 7960  1 
 7961  0 
 7962  0 
 7963  0 
 7964  0 
 7965  0 
 7966  0 
 7967  0 
 7968  0 
 7969  0 
 7970  0 
 7971  0 
 7972  0 
 7973  0 
 7974  0 
 7975  0 
 7976  0 
 7977  0 
 7978  0 
 7979  0 
 7980  0 
 7981  1 
 7982  0 
 7983  0 
 7984  0 
 7985  0 
 7986  0 
 7987  0 
 7988  0 
 7989  0 
 7990  0 
 7991  0 
 7992  0 
 7993  0 
 7994  0 
 7995  0 
 7996  0 
 7997  0 
 7998  1 
 7999  0 
 8000  0 
 8001  0 
 8002  0 
 8003  0 
 8004  0 
 8005  0 
 8006  0 
 8007  0 
 8008  0 
 8009  0 
 8010  0 
 8011  0 
 8012  0 
 8013  0 
 8014  0 
 8015  0 
 8016  0 
 8017  0 
 8018  0 
 8019  0 
 8020  0 
 8021  0 
 8022  0 
 8023  0 
 8024  0 
 8025  0 
 8026  0 
 8027  0 
 8028  0 
 8029  0 
 8030  0 
 8031  0 
 8032  0 
 8033  0 
 8034  0 
 8035  0 
 8036  0 
 8037  0 
 8038  0 
 8039  0 
 8040  0 
 8041  0 
 8042  0 
 8043  0 
 8044  0 
 8045  0 
 8046  0 
 8047  0 
 8048  0 
 8049  0 
 8050  0 
 8051  0 
 8052  0 
 8053  0 
 8054  0 
 8055  0 
 8056  1 
 8057  0 
 8058  0 
 8059  1 
 8060  0 
 8061  0 
 8062  0 
 8063  0 
 8064  0 
 8065  0 
 8066  0 
 8067  0 
 8068  0 
 8069  0 
 8070  0 
 8071  0 
 8072  0 
 8073  0 
 8074  0 
 8075  0 
 8076  0 
 8077  0 
 8078  0 
 8079  0 
 8080  0 
 8081  0 
 8082  0 
 8083  0 
 8084  0 
 8085  0 
 8086  0 
 8087  0 
 8088  0 
 8089  0 
 8090  0 
 8091  0 
 8092  0 
 8093  0 
 8094  0 
 8095  0 
 8096  0 
 8097  0 
 8098  0 
 8099  0 
 8100  0 
 8101  0 
 8102  0 
 8103  0 
 8104  0 
 8105  0 
 8106  0 
 8107  0 
 8108  0 
 8109  0 
 8110  0 
 8111  0 
 8112  0 
 8113  0 
 8114  0 
 8115  0 
 8116  0 
 8117  0 
 8118  0 
 8119  0 
 8120  0 
 8121  0 
 8122  0 
 8123  0 
 8124  0 
 8125  0 
 8126  0 
 8127  0 
 8128  0 
 8129  0 
 8130  0 
 8131  0 
 8132  0 
 8133  0 
 8134  0 
 8135  0 
 8136  0 
 8137  0 
 8138  0 
 8139  0 
 8140  0 
 8141  0 
 8142  0 
 8143  0 
 8144  0 
 8145  0 
 8146  0 
 8147  0 
 8148  0 
 8149  0 
 8150  0 
 8151  0 
 8152  0 
 8153  0 
 8154  0 
 8155  0 
 8156  0 
 8157  0 
 8158  0 
 8159  0 
 8160  0 
 8161  0 
 8162  0 
 8163  0 
 8164  0 
 8165  0 
 8166  0 
 8167  0 
 8168  0 
 8169  0 
 8170  0 
 8171  0 
 8172  0 
 8173  0 
 8174  0 
 8175  0 
 8176  0 
 8177  0 
 8178  0 
 8179  0 
 8180  0 
 8181  0 
 8182  0 
 8183  0 
 8184  0 
 8185  0 
 8186  0 
 8187  0 
 8188  0 
 8189  0 
 8190  0 
 8191  0 
