 0  1749 
 1  1758 
 2  0 
 3  0 
 4  0 
 5  0 
 6  0 
 7  0 
 8  0 
 9  0 
 10  0 
 11  0 
 12  0 
 13  0 
 14  0 
 15  0 
 16  0 
 17  0 
 18  0 
 19  0 
 20  0 
 21  0 
 22  0 
 23  0 
 24  0 
 25  0 
 26  0 
 27  0 
 28  0 
 29  0 
 30  0 
 31  0 
 32  0 
 33  0 
 34  0 
 35  0 
 36  0 
 37  0 
 38  0 
 39  0 
 40  0 
 41  0 
 42  0 
 43  0 
 44  0 
 45  0 
 46  0 
 47  0 
 48  0 
 49  0 
 50  0 
 51  0 
 52  0 
 53  0 
 54  0 
 55  0 
 56  0 
 57  0 
 58  0 
 59  0 
 60  0 
 61  0 
 62  0 
 63  0 
 64  0 
 65  0 
 66  0 
 67  0 
 68  0 
 69  0 
 70  0 
 71  0 
 72  0 
 73  0 
 74  0 
 75  0 
 76  0 
 77  0 
 78  0 
 79  0 
 80  0 
 81  0 
 82  0 
 83  0 
 84  0 
 85  0 
 86  0 
 87  0 
 88  0 
 89  0 
 90  0 
 91  0 
 92  0 
 93  0 
 94  0 
 95  0 
 96  0 
 97  0 
 98  0 
 99  0 
 100  0 
 101  0 
 102  0 
 103  0 
 104  0 
 105  0 
 106  0 
 107  0 
 108  0 
 109  0 
 110  0 
 111  0 
 112  0 
 113  0 
 114  0 
 115  0 
 116  0 
 117  0 
 118  0 
 119  0 
 120  0 
 121  0 
 122  0 
 123  0 
 124  0 
 125  0 
 126  0 
 127  0 
 128  0 
 129  0 
 130  0 
 131  0 
 132  0 
 133  0 
 134  0 
 135  0 
 136  0 
 137  0 
 138  0 
 139  0 
 140  0 
 141  0 
 142  0 
 143  0 
 144  0 
 145  0 
 146  0 
 147  0 
 148  0 
 149  0 
 150  0 
 151  0 
 152  0 
 153  0 
 154  0 
 155  0 
 156  0 
 157  0 
 158  0 
 159  0 
 160  0 
 161  0 
 162  0 
 163  0 
 164  0 
 165  0 
 166  0 
 167  0 
 168  0 
 169  0 
 170  0 
 171  0 
 172  0 
 173  0 
 174  0 
 175  0 
 176  0 
 177  0 
 178  0 
 179  0 
 180  0 
 181  0 
 182  0 
 183  0 
 184  0 
 185  0 
 186  0 
 187  0 
 188  0 
 189  0 
 190  0 
 191  0 
 192  0 
 193  0 
 194  0 
 195  0 
 196  0 
 197  0 
 198  0 
 199  0 
 200  0 
 201  0 
 202  0 
 203  0 
 204  0 
 205  0 
 206  0 
 207  0 
 208  0 
 209  0 
 210  0 
 211  0 
 212  0 
 213  0 
 214  0 
 215  0 
 216  0 
 217  0 
 218  0 
 219  0 
 220  0 
 221  0 
 222  0 
 223  0 
 224  0 
 225  0 
 226  0 
 227  0 
 228  0 
 229  0 
 230  0 
 231  0 
 232  0 
 233  0 
 234  0 
 235  0 
 236  0 
 237  0 
 238  0 
 239  0 
 240  0 
 241  0 
 242  0 
 243  0 
 244  0 
 245  0 
 246  0 
 247  0 
 248  0 
 249  0 
 250  0 
 251  1 
 252  34 
 253  59 
 254  63 
 255  64 
 256  76 
 257  59 
 258  57 
 259  46 
 260  57 
 261  56 
 262  34 
 263  41 
 264  46 
 265  46 
 266  66 
 267  46 
 268  65 
 269  55 
 270  52 
 271  51 
 272  40 
 273  45 
 274  51 
 275  42 
 276  36 
 277  44 
 278  35 
 279  34 
 280  45 
 281  41 
 282  37 
 283  51 
 284  39 
 285  50 
 286  37 
 287  30 
 288  45 
 289  29 
 290  35 
 291  36 
 292  30 
 293  30 
 294  47 
 295  42 
 296  35 
 297  38 
 298  35 
 299  35 
 300  41 
 301  25 
 302  36 
 303  34 
 304  32 
 305  39 
 306  34 
 307  30 
 308  38 
 309  38 
 310  38 
 311  26 
 312  32 
 313  34 
 314  43 
 315  34 
 316  28 
 317  26 
 318  33 
 319  35 
 320  41 
 321  39 
 322  24 
 323  34 
 324  28 
 325  33 
 326  29 
 327  34 
 328  35 
 329  36 
 330  39 
 331  30 
 332  27 
 333  25 
 334  28 
 335  41 
 336  29 
 337  34 
 338  33 
 339  32 
 340  33 
 341  34 
 342  40 
 343  36 
 344  30 
 345  22 
 346  41 
 347  38 
 348  41 
 349  40 
 350  35 
 351  36 
 352  21 
 353  50 
 354  44 
 355  54 
 356  41 
 357  37 
 358  44 
 359  51 
 360  44 
 361  37 
 362  43 
 363  44 
 364  50 
 365  44 
 366  42 
 367  45 
 368  43 
 369  44 
 370  56 
 371  56 
 372  66 
 373  59 
 374  55 
 375  59 
 376  61 
 377  48 
 378  51 
 379  63 
 380  72 
 381  60 
 382  71 
 383  72 
 384  63 
 385  67 
 386  59 
 387  75 
 388  92 
 389  72 
 390  70 
 391  47 
 392  86 
 393  89 
 394  71 
 395  77 
 396  86 
 397  96 
 398  80 
 399  94 
 400  93 
 401  98 
 402  95 
 403  96 
 404  109 
 405  104 
 406  110 
 407  118 
 408  132 
 409  146 
 410  122 
 411  129 
 412  145 
 413  141 
 414  154 
 415  149 
 416  151 
 417  144 
 418  156 
 419  171 
 420  179 
 421  161 
 422  176 
 423  181 
 424  200 
 425  195 
 426  189 
 427  236 
 428  227 
 429  230 
 430  247 
 431  226 
 432  230 
 433  229 
 434  255 
 435  298 
 436  253 
 437  297 
 438  259 
 439  299 
 440  312 
 441  322 
 442  282 
 443  321 
 444  344 
 445  326 
 446  348 
 447  333 
 448  354 
 449  344 
 450  349 
 451  394 
 452  375 
 453  422 
 454  378 
 455  374 
 456  379 
 457  364 
 458  393 
 459  390 
 460  409 
 461  378 
 462  386 
 463  394 
 464  379 
 465  389 
 466  409 
 467  350 
 468  396 
 469  404 
 470  384 
 471  335 
 472  380 
 473  360 
 474  359 
 475  317 
 476  342 
 477  302 
 478  341 
 479  285 
 480  303 
 481  264 
 482  264 
 483  277 
 484  270 
 485  256 
 486  256 
 487  234 
 488  219 
 489  234 
 490  215 
 491  190 
 492  190 
 493  166 
 494  174 
 495  151 
 496  172 
 497  147 
 498  145 
 499  125 
 500  116 
 501  134 
 502  110 
 503  101 
 504  99 
 505  79 
 506  62 
 507  94 
 508  65 
 509  61 
 510  66 
 511  55 
 512  51 
 513  40 
 514  46 
 515  39 
 516  57 
 517  50 
 518  41 
 519  44 
 520  30 
 521  30 
 522  28 
 523  39 
 524  32 
 525  32 
 526  28 
 527  23 
 528  23 
 529  26 
 530  19 
 531  17 
 532  29 
 533  28 
 534  22 
 535  17 
 536  9 
 537  16 
 538  12 
 539  15 
 540  16 
 541  24 
 542  21 
 543  21 
 544  23 
 545  13 
 546  12 
 547  12 
 548  22 
 549  16 
 550  19 
 551  13 
 552  14 
 553  18 
 554  12 
 555  18 
 556  10 
 557  10 
 558  12 
 559  14 
 560  9 
 561  19 
 562  12 
 563  9 
 564  14 
 565  11 
 566  10 
 567  8 
 568  14 
 569  8 
 570  13 
 571  16 
 572  13 
 573  14 
 574  8 
 575  13 
 576  8 
 577  8 
 578  13 
 579  8 
 580  17 
 581  10 
 582  10 
 583  11 
 584  11 
 585  9 
 586  6 
 587  12 
 588  13 
 589  7 
 590  17 
 591  14 
 592  7 
 593  13 
 594  16 
 595  11 
 596  15 
 597  11 
 598  10 
 599  14 
 600  12 
 601  11 
 602  9 
 603  10 
 604  13 
 605  16 
 606  12 
 607  11 
 608  13 
 609  11 
 610  10 
 611  6 
 612  13 
 613  11 
 614  11 
 615  8 
 616  11 
 617  8 
 618  10 
 619  7 
 620  15 
 621  11 
 622  10 
 623  16 
 624  16 
 625  9 
 626  11 
 627  7 
 628  12 
 629  13 
 630  13 
 631  12 
 632  10 
 633  10 
 634  8 
 635  7 
 636  8 
 637  10 
 638  6 
 639  8 
 640  11 
 641  16 
 642  6 
 643  6 
 644  7 
 645  14 
 646  7 
 647  13 
 648  9 
 649  9 
 650  7 
 651  5 
 652  8 
 653  11 
 654  7 
 655  22 
 656  11 
 657  8 
 658  13 
 659  6 
 660  13 
 661  11 
 662  11 
 663  9 
 664  13 
 665  9 
 666  9 
 667  11 
 668  12 
 669  9 
 670  10 
 671  11 
 672  7 
 673  6 
 674  15 
 675  17 
 676  14 
 677  7 
 678  8 
 679  10 
 680  11 
 681  3 
 682  8 
 683  12 
 684  12 
 685  6 
 686  11 
 687  9 
 688  8 
 689  7 
 690  10 
 691  13 
 692  10 
 693  9 
 694  5 
 695  16 
 696  6 
 697  8 
 698  11 
 699  14 
 700  10 
 701  12 
 702  19 
 703  13 
 704  8 
 705  12 
 706  10 
 707  10 
 708  7 
 709  9 
 710  10 
 711  13 
 712  9 
 713  11 
 714  11 
 715  11 
 716  8 
 717  7 
 718  8 
 719  12 
 720  8 
 721  8 
 722  14 
 723  12 
 724  7 
 725  7 
 726  6 
 727  11 
 728  6 
 729  15 
 730  7 
 731  8 
 732  6 
 733  5 
 734  8 
 735  9 
 736  6 
 737  8 
 738  14 
 739  8 
 740  14 
 741  11 
 742  11 
 743  5 
 744  4 
 745  6 
 746  11 
 747  16 
 748  12 
 749  8 
 750  9 
 751  14 
 752  15 
 753  9 
 754  8 
 755  12 
 756  7 
 757  10 
 758  6 
 759  8 
 760  13 
 761  7 
 762  11 
 763  12 
 764  6 
 765  6 
 766  15 
 767  9 
 768  2 
 769  10 
 770  6 
 771  7 
 772  14 
 773  11 
 774  12 
 775  11 
 776  10 
 777  7 
 778  10 
 779  9 
 780  8 
 781  4 
 782  10 
 783  8 
 784  10 
 785  8 
 786  9 
 787  9 
 788  14 
 789  7 
 790  13 
 791  17 
 792  10 
 793  14 
 794  11 
 795  4 
 796  10 
 797  9 
 798  8 
 799  13 
 800  10 
 801  9 
 802  8 
 803  13 
 804  9 
 805  7 
 806  13 
 807  7 
 808  9 
 809  10 
 810  12 
 811  16 
 812  6 
 813  4 
 814  13 
 815  15 
 816  10 
 817  9 
 818  6 
 819  16 
 820  12 
 821  7 
 822  7 
 823  7 
 824  10 
 825  7 
 826  10 
 827  6 
 828  9 
 829  6 
 830  11 
 831  5 
 832  6 
 833  10 
 834  12 
 835  10 
 836  7 
 837  9 
 838  15 
 839  11 
 840  7 
 841  9 
 842  8 
 843  9 
 844  10 
 845  11 
 846  8 
 847  8 
 848  6 
 849  8 
 850  8 
 851  16 
 852  9 
 853  7 
 854  13 
 855  11 
 856  10 
 857  7 
 858  10 
 859  11 
 860  11 
 861  10 
 862  8 
 863  3 
 864  13 
 865  5 
 866  5 
 867  8 
 868  10 
 869  8 
 870  12 
 871  7 
 872  12 
 873  7 
 874  10 
 875  7 
 876  5 
 877  6 
 878  10 
 879  16 
 880  5 
 881  8 
 882  7 
 883  12 
 884  9 
 885  10 
 886  4 
 887  9 
 888  9 
 889  5 
 890  9 
 891  14 
 892  3 
 893  9 
 894  4 
 895  9 
 896  4 
 897  7 
 898  16 
 899  11 
 900  12 
 901  10 
 902  12 
 903  9 
 904  10 
 905  9 
 906  11 
 907  6 
 908  5 
 909  14 
 910  6 
 911  9 
 912  7 
 913  16 
 914  10 
 915  6 
 916  10 
 917  8 
 918  4 
 919  15 
 920  8 
 921  3 
 922  5 
 923  8 
 924  16 
 925  9 
 926  11 
 927  8 
 928  8 
 929  8 
 930  10 
 931  7 
 932  3 
 933  7 
 934  5 
 935  9 
 936  5 
 937  11 
 938  5 
 939  9 
 940  7 
 941  10 
 942  7 
 943  3 
 944  6 
 945  14 
 946  9 
 947  7 
 948  10 
 949  6 
 950  9 
 951  2 
 952  8 
 953  9 
 954  10 
 955  8 
 956  11 
 957  13 
 958  11 
 959  8 
 960  9 
 961  11 
 962  8 
 963  10 
 964  12 
 965  9 
 966  7 
 967  6 
 968  7 
 969  4 
 970  11 
 971  6 
 972  11 
 973  9 
 974  15 
 975  8 
 976  10 
 977  5 
 978  9 
 979  12 
 980  8 
 981  9 
 982  7 
 983  12 
 984  4 
 985  7 
 986  15 
 987  7 
 988  14 
 989  7 
 990  9 
 991  13 
 992  14 
 993  8 
 994  9 
 995  12 
 996  11 
 997  12 
 998  8 
 999  10 
 1000  9 
 1001  12 
 1002  13 
 1003  12 
 1004  8 
 1005  11 
 1006  7 
 1007  6 
 1008  4 
 1009  7 
 1010  8 
 1011  8 
 1012  5 
 1013  6 
 1014  9 
 1015  7 
 1016  8 
 1017  6 
 1018  7 
 1019  12 
 1020  7 
 1021  5 
 1022  4 
 1023  6 
 1024  5 
 1025  6 
 1026  10 
 1027  5 
 1028  7 
 1029  11 
 1030  14 
 1031  10 
 1032  8 
 1033  8 
 1034  11 
 1035  7 
 1036  7 
 1037  5 
 1038  8 
 1039  15 
 1040  8 
 1041  8 
 1042  12 
 1043  8 
 1044  3 
 1045  4 
 1046  6 
 1047  9 
 1048  11 
 1049  9 
 1050  12 
 1051  5 
 1052  10 
 1053  6 
 1054  7 
 1055  5 
 1056  9 
 1057  9 
 1058  5 
 1059  1 
 1060  7 
 1061  3 
 1062  10 
 1063  11 
 1064  10 
 1065  8 
 1066  7 
 1067  10 
 1068  6 
 1069  8 
 1070  7 
 1071  7 
 1072  6 
 1073  6 
 1074  8 
 1075  9 
 1076  14 
 1077  8 
 1078  7 
 1079  10 
 1080  11 
 1081  14 
 1082  10 
 1083  5 
 1084  15 
 1085  9 
 1086  6 
 1087  11 
 1088  8 
 1089  8 
 1090  7 
 1091  4 
 1092  11 
 1093  9 
 1094  10 
 1095  7 
 1096  5 
 1097  7 
 1098  8 
 1099  5 
 1100  5 
 1101  5 
 1102  5 
 1103  7 
 1104  9 
 1105  12 
 1106  7 
 1107  8 
 1108  9 
 1109  10 
 1110  9 
 1111  8 
 1112  10 
 1113  9 
 1114  7 
 1115  7 
 1116  14 
 1117  7 
 1118  8 
 1119  10 
 1120  5 
 1121  13 
 1122  7 
 1123  8 
 1124  13 
 1125  7 
 1126  8 
 1127  12 
 1128  9 
 1129  8 
 1130  9 
 1131  6 
 1132  5 
 1133  8 
 1134  10 
 1135  11 
 1136  11 
 1137  9 
 1138  4 
 1139  6 
 1140  6 
 1141  11 
 1142  7 
 1143  5 
 1144  5 
 1145  6 
 1146  13 
 1147  12 
 1148  7 
 1149  13 
 1150  8 
 1151  5 
 1152  6 
 1153  9 
 1154  7 
 1155  7 
 1156  8 
 1157  6 
 1158  10 
 1159  11 
 1160  5 
 1161  5 
 1162  7 
 1163  11 
 1164  6 
 1165  9 
 1166  8 
 1167  7 
 1168  6 
 1169  12 
 1170  11 
 1171  3 
 1172  6 
 1173  7 
 1174  8 
 1175  12 
 1176  4 
 1177  6 
 1178  12 
 1179  9 
 1180  15 
 1181  14 
 1182  10 
 1183  8 
 1184  5 
 1185  3 
 1186  7 
 1187  4 
 1188  5 
 1189  13 
 1190  11 
 1191  9 
 1192  9 
 1193  9 
 1194  10 
 1195  7 
 1196  6 
 1197  15 
 1198  7 
 1199  11 
 1200  8 
 1201  8 
 1202  9 
 1203  9 
 1204  9 
 1205  6 
 1206  14 
 1207  6 
 1208  10 
 1209  6 
 1210  7 
 1211  10 
 1212  12 
 1213  9 
 1214  9 
 1215  7 
 1216  6 
 1217  5 
 1218  7 
 1219  14 
 1220  4 
 1221  6 
 1222  6 
 1223  8 
 1224  10 
 1225  12 
 1226  9 
 1227  10 
 1228  13 
 1229  4 
 1230  8 
 1231  7 
 1232  6 
 1233  11 
 1234  12 
 1235  11 
 1236  10 
 1237  3 
 1238  9 
 1239  14 
 1240  11 
 1241  5 
 1242  9 
 1243  6 
 1244  8 
 1245  5 
 1246  13 
 1247  13 
 1248  8 
 1249  6 
 1250  6 
 1251  3 
 1252  4 
 1253  14 
 1254  9 
 1255  8 
 1256  6 
 1257  9 
 1258  8 
 1259  7 
 1260  4 
 1261  8 
 1262  9 
 1263  13 
 1264  8 
 1265  4 
 1266  10 
 1267  4 
 1268  13 
 1269  6 
 1270  7 
 1271  8 
 1272  8 
 1273  8 
 1274  6 
 1275  8 
 1276  13 
 1277  6 
 1278  15 
 1279  7 
 1280  7 
 1281  9 
 1282  8 
 1283  14 
 1284  4 
 1285  8 
 1286  11 
 1287  10 
 1288  6 
 1289  2 
 1290  8 
 1291  8 
 1292  9 
 1293  8 
 1294  6 
 1295  5 
 1296  8 
 1297  6 
 1298  10 
 1299  7 
 1300  9 
 1301  3 
 1302  10 
 1303  3 
 1304  8 
 1305  13 
 1306  9 
 1307  9 
 1308  11 
 1309  8 
 1310  9 
 1311  5 
 1312  5 
 1313  8 
 1314  8 
 1315  10 
 1316  5 
 1317  3 
 1318  7 
 1319  12 
 1320  9 
 1321  4 
 1322  6 
 1323  10 
 1324  7 
 1325  9 
 1326  7 
 1327  10 
 1328  8 
 1329  4 
 1330  7 
 1331  3 
 1332  4 
 1333  4 
 1334  3 
 1335  5 
 1336  13 
 1337  15 
 1338  6 
 1339  6 
 1340  13 
 1341  4 
 1342  10 
 1343  8 
 1344  8 
 1345  6 
 1346  4 
 1347  9 
 1348  4 
 1349  0 
 1350  7 
 1351  9 
 1352  9 
 1353  12 
 1354  7 
 1355  11 
 1356  7 
 1357  5 
 1358  5 
 1359  6 
 1360  6 
 1361  10 
 1362  10 
 1363  8 
 1364  4 
 1365  5 
 1366  6 
 1367  11 
 1368  4 
 1369  5 
 1370  7 
 1371  6 
 1372  7 
 1373  9 
 1374  12 
 1375  2 
 1376  13 
 1377  6 
 1378  11 
 1379  5 
 1380  7 
 1381  9 
 1382  9 
 1383  6 
 1384  1 
 1385  6 
 1386  7 
 1387  8 
 1388  5 
 1389  6 
 1390  10 
 1391  6 
 1392  8 
 1393  8 
 1394  12 
 1395  12 
 1396  11 
 1397  9 
 1398  5 
 1399  9 
 1400  7 
 1401  7 
 1402  5 
 1403  6 
 1404  11 
 1405  10 
 1406  9 
 1407  9 
 1408  7 
 1409  14 
 1410  13 
 1411  11 
 1412  11 
 1413  5 
 1414  11 
 1415  4 
 1416  4 
 1417  10 
 1418  11 
 1419  10 
 1420  6 
 1421  8 
 1422  5 
 1423  6 
 1424  7 
 1425  3 
 1426  12 
 1427  6 
 1428  12 
 1429  5 
 1430  9 
 1431  9 
 1432  8 
 1433  7 
 1434  4 
 1435  8 
 1436  8 
 1437  8 
 1438  8 
 1439  14 
 1440  5 
 1441  7 
 1442  8 
 1443  9 
 1444  7 
 1445  4 
 1446  14 
 1447  4 
 1448  8 
 1449  6 
 1450  4 
 1451  5 
 1452  8 
 1453  11 
 1454  8 
 1455  10 
 1456  4 
 1457  11 
 1458  7 
 1459  3 
 1460  7 
 1461  4 
 1462  5 
 1463  8 
 1464  14 
 1465  7 
 1466  9 
 1467  3 
 1468  4 
 1469  7 
 1470  6 
 1471  7 
 1472  7 
 1473  5 
 1474  7 
 1475  8 
 1476  11 
 1477  6 
 1478  3 
 1479  6 
 1480  11 
 1481  5 
 1482  3 
 1483  9 
 1484  10 
 1485  7 
 1486  7 
 1487  8 
 1488  4 
 1489  8 
 1490  7 
 1491  9 
 1492  2 
 1493  10 
 1494  5 
 1495  7 
 1496  13 
 1497  6 
 1498  7 
 1499  6 
 1500  9 
 1501  5 
 1502  6 
 1503  7 
 1504  4 
 1505  7 
 1506  8 
 1507  10 
 1508  7 
 1509  5 
 1510  8 
 1511  12 
 1512  6 
 1513  5 
 1514  6 
 1515  11 
 1516  6 
 1517  9 
 1518  12 
 1519  9 
 1520  7 
 1521  11 
 1522  6 
 1523  5 
 1524  3 
 1525  13 
 1526  6 
 1527  4 
 1528  12 
 1529  3 
 1530  9 
 1531  11 
 1532  6 
 1533  4 
 1534  9 
 1535  6 
 1536  7 
 1537  12 
 1538  6 
 1539  9 
 1540  12 
 1541  10 
 1542  11 
 1543  12 
 1544  6 
 1545  10 
 1546  14 
 1547  5 
 1548  5 
 1549  5 
 1550  12 
 1551  14 
 1552  5 
 1553  10 
 1554  11 
 1555  8 
 1556  7 
 1557  8 
 1558  6 
 1559  5 
 1560  10 
 1561  10 
 1562  7 
 1563  10 
 1564  10 
 1565  13 
 1566  9 
 1567  10 
 1568  13 
 1569  8 
 1570  12 
 1571  5 
 1572  8 
 1573  8 
 1574  13 
 1575  10 
 1576  12 
 1577  9 
 1578  13 
 1579  8 
 1580  13 
 1581  8 
 1582  9 
 1583  9 
 1584  11 
 1585  7 
 1586  6 
 1587  14 
 1588  9 
 1589  12 
 1590  16 
 1591  6 
 1592  6 
 1593  11 
 1594  11 
 1595  12 
 1596  10 
 1597  14 
 1598  11 
 1599  10 
 1600  12 
 1601  9 
 1602  13 
 1603  9 
 1604  7 
 1605  12 
 1606  10 
 1607  9 
 1608  9 
 1609  12 
 1610  10 
 1611  6 
 1612  4 
 1613  6 
 1614  12 
 1615  10 
 1616  5 
 1617  9 
 1618  13 
 1619  16 
 1620  8 
 1621  7 
 1622  12 
 1623  10 
 1624  8 
 1625  5 
 1626  6 
 1627  10 
 1628  9 
 1629  10 
 1630  6 
 1631  5 
 1632  10 
 1633  11 
 1634  8 
 1635  9 
 1636  6 
 1637  6 
 1638  7 
 1639  9 
 1640  10 
 1641  8 
 1642  4 
 1643  9 
 1644  7 
 1645  8 
 1646  10 
 1647  5 
 1648  9 
 1649  10 
 1650  9 
 1651  7 
 1652  8 
 1653  3 
 1654  5 
 1655  9 
 1656  6 
 1657  8 
 1658  12 
 1659  4 
 1660  6 
 1661  12 
 1662  9 
 1663  7 
 1664  12 
 1665  13 
 1666  14 
 1667  10 
 1668  12 
 1669  11 
 1670  8 
 1671  6 
 1672  12 
 1673  6 
 1674  9 
 1675  5 
 1676  6 
 1677  8 
 1678  4 
 1679  8 
 1680  4 
 1681  2 
 1682  8 
 1683  9 
 1684  4 
 1685  7 
 1686  15 
 1687  7 
 1688  9 
 1689  9 
 1690  10 
 1691  2 
 1692  6 
 1693  10 
 1694  6 
 1695  8 
 1696  6 
 1697  5 
 1698  7 
 1699  8 
 1700  6 
 1701  8 
 1702  7 
 1703  7 
 1704  6 
 1705  7 
 1706  7 
 1707  4 
 1708  9 
 1709  3 
 1710  9 
 1711  5 
 1712  6 
 1713  5 
 1714  9 
 1715  9 
 1716  8 
 1717  8 
 1718  6 
 1719  3 
 1720  7 
 1721  8 
 1722  5 
 1723  8 
 1724  8 
 1725  9 
 1726  5 
 1727  9 
 1728  11 
 1729  10 
 1730  11 
 1731  8 
 1732  15 
 1733  12 
 1734  11 
 1735  4 
 1736  12 
 1737  5 
 1738  4 
 1739  3 
 1740  8 
 1741  13 
 1742  7 
 1743  6 
 1744  5 
 1745  6 
 1746  3 
 1747  9 
 1748  7 
 1749  3 
 1750  12 
 1751  3 
 1752  8 
 1753  4 
 1754  5 
 1755  5 
 1756  9 
 1757  6 
 1758  13 
 1759  4 
 1760  7 
 1761  8 
 1762  9 
 1763  7 
 1764  7 
 1765  10 
 1766  5 
 1767  8 
 1768  7 
 1769  10 
 1770  10 
 1771  13 
 1772  7 
 1773  4 
 1774  11 
 1775  7 
 1776  9 
 1777  11 
 1778  5 
 1779  8 
 1780  5 
 1781  5 
 1782  5 
 1783  5 
 1784  10 
 1785  6 
 1786  8 
 1787  8 
 1788  6 
 1789  6 
 1790  6 
 1791  5 
 1792  5 
 1793  7 
 1794  12 
 1795  8 
 1796  9 
 1797  4 
 1798  5 
 1799  8 
 1800  7 
 1801  4 
 1802  3 
 1803  4 
 1804  5 
 1805  7 
 1806  9 
 1807  5 
 1808  2 
 1809  12 
 1810  11 
 1811  4 
 1812  7 
 1813  3 
 1814  10 
 1815  11 
 1816  10 
 1817  9 
 1818  6 
 1819  9 
 1820  6 
 1821  5 
 1822  5 
 1823  9 
 1824  7 
 1825  0 
 1826  10 
 1827  10 
 1828  9 
 1829  6 
 1830  9 
 1831  10 
 1832  9 
 1833  9 
 1834  6 
 1835  10 
 1836  13 
 1837  10 
 1838  12 
 1839  10 
 1840  11 
 1841  4 
 1842  5 
 1843  5 
 1844  6 
 1845  4 
 1846  12 
 1847  15 
 1848  4 
 1849  7 
 1850  11 
 1851  10 
 1852  10 
 1853  5 
 1854  8 
 1855  14 
 1856  11 
 1857  12 
 1858  5 
 1859  6 
 1860  7 
 1861  5 
 1862  5 
 1863  8 
 1864  8 
 1865  7 
 1866  0 
 1867  10 
 1868  11 
 1869  10 
 1870  10 
 1871  8 
 1872  9 
 1873  10 
 1874  5 
 1875  7 
 1876  5 
 1877  10 
 1878  9 
 1879  7 
 1880  8 
 1881  8 
 1882  5 
 1883  7 
 1884  9 
 1885  3 
 1886  6 
 1887  6 
 1888  10 
 1889  9 
 1890  5 
 1891  11 
 1892  10 
 1893  7 
 1894  12 
 1895  8 
 1896  5 
 1897  6 
 1898  9 
 1899  5 
 1900  11 
 1901  11 
 1902  7 
 1903  9 
 1904  7 
 1905  5 
 1906  10 
 1907  5 
 1908  8 
 1909  9 
 1910  7 
 1911  19 
 1912  7 
 1913  12 
 1914  6 
 1915  9 
 1916  9 
 1917  5 
 1918  12 
 1919  6 
 1920  4 
 1921  10 
 1922  8 
 1923  6 
 1924  8 
 1925  4 
 1926  8 
 1927  8 
 1928  6 
 1929  12 
 1930  9 
 1931  8 
 1932  8 
 1933  6 
 1934  5 
 1935  8 
 1936  13 
 1937  5 
 1938  12 
 1939  10 
 1940  7 
 1941  9 
 1942  8 
 1943  8 
 1944  11 
 1945  9 
 1946  5 
 1947  9 
 1948  6 
 1949  4 
 1950  7 
 1951  11 
 1952  8 
 1953  9 
 1954  8 
 1955  10 
 1956  8 
 1957  7 
 1958  6 
 1959  5 
 1960  6 
 1961  8 
 1962  6 
 1963  10 
 1964  6 
 1965  10 
 1966  8 
 1967  12 
 1968  17 
 1969  9 
 1970  8 
 1971  9 
 1972  2 
 1973  14 
 1974  8 
 1975  5 
 1976  7 
 1977  3 
 1978  5 
 1979  5 
 1980  10 
 1981  11 
 1982  5 
 1983  10 
 1984  7 
 1985  13 
 1986  7 
 1987  10 
 1988  8 
 1989  10 
 1990  6 
 1991  18 
 1992  9 
 1993  8 
 1994  4 
 1995  5 
 1996  5 
 1997  11 
 1998  3 
 1999  10 
 2000  6 
 2001  6 
 2002  9 
 2003  9 
 2004  9 
 2005  4 
 2006  5 
 2007  8 
 2008  8 
 2009  9 
 2010  5 
 2011  8 
 2012  6 
 2013  4 
 2014  8 
 2015  8 
 2016  6 
 2017  5 
 2018  7 
 2019  6 
 2020  6 
 2021  9 
 2022  4 
 2023  7 
 2024  8 
 2025  4 
 2026  9 
 2027  6 
 2028  9 
 2029  8 
 2030  12 
 2031  7 
 2032  7 
 2033  6 
 2034  6 
 2035  11 
 2036  5 
 2037  5 
 2038  10 
 2039  7 
 2040  8 
 2041  13 
 2042  12 
 2043  10 
 2044  11 
 2045  4 
 2046  5 
 2047  6 
 2048  9 
 2049  6 
 2050  9 
 2051  3 
 2052  9 
 2053  11 
 2054  5 
 2055  5 
 2056  5 
 2057  12 
 2058  7 
 2059  5 
 2060  3 
 2061  12 
 2062  8 
 2063  7 
 2064  3 
 2065  3 
 2066  7 
 2067  8 
 2068  12 
 2069  7 
 2070  8 
 2071  5 
 2072  6 
 2073  6 
 2074  10 
 2075  5 
 2076  8 
 2077  10 
 2078  4 
 2079  5 
 2080  3 
 2081  8 
 2082  5 
 2083  7 
 2084  7 
 2085  10 
 2086  11 
 2087  11 
 2088  11 
 2089  4 
 2090  7 
 2091  7 
 2092  8 
 2093  4 
 2094  9 
 2095  8 
 2096  5 
 2097  7 
 2098  2 
 2099  5 
 2100  3 
 2101  7 
 2102  3 
 2103  7 
 2104  8 
 2105  14 
 2106  8 
 2107  5 
 2108  8 
 2109  12 
 2110  6 
 2111  7 
 2112  6 
 2113  6 
 2114  7 
 2115  10 
 2116  3 
 2117  1 
 2118  8 
 2119  6 
 2120  4 
 2121  12 
 2122  7 
 2123  9 
 2124  4 
 2125  9 
 2126  7 
 2127  6 
 2128  12 
 2129  12 
 2130  8 
 2131  8 
 2132  6 
 2133  9 
 2134  11 
 2135  12 
 2136  9 
 2137  9 
 2138  7 
 2139  7 
 2140  11 
 2141  4 
 2142  15 
 2143  4 
 2144  10 
 2145  10 
 2146  12 
 2147  5 
 2148  8 
 2149  5 
 2150  5 
 2151  5 
 2152  10 
 2153  5 
 2154  7 
 2155  8 
 2156  12 
 2157  10 
 2158  6 
 2159  12 
 2160  2 
 2161  7 
 2162  9 
 2163  6 
 2164  12 
 2165  7 
 2166  8 
 2167  9 
 2168  3 
 2169  11 
 2170  14 
 2171  4 
 2172  9 
 2173  6 
 2174  10 
 2175  8 
 2176  3 
 2177  10 
 2178  4 
 2179  11 
 2180  9 
 2181  8 
 2182  10 
 2183  11 
 2184  10 
 2185  8 
 2186  7 
 2187  7 
 2188  5 
 2189  5 
 2190  7 
 2191  5 
 2192  10 
 2193  9 
 2194  8 
 2195  6 
 2196  1 
 2197  6 
 2198  4 
 2199  5 
 2200  7 
 2201  5 
 2202  13 
 2203  10 
 2204  8 
 2205  13 
 2206  11 
 2207  8 
 2208  4 
 2209  5 
 2210  8 
 2211  10 
 2212  6 
 2213  6 
 2214  6 
 2215  8 
 2216  6 
 2217  5 
 2218  8 
 2219  6 
 2220  8 
 2221  4 
 2222  4 
 2223  9 
 2224  9 
 2225  7 
 2226  8 
 2227  11 
 2228  6 
 2229  11 
 2230  8 
 2231  8 
 2232  7 
 2233  5 
 2234  8 
 2235  5 
 2236  10 
 2237  8 
 2238  8 
 2239  6 
 2240  9 
 2241  7 
 2242  9 
 2243  8 
 2244  13 
 2245  10 
 2246  10 
 2247  7 
 2248  7 
 2249  7 
 2250  7 
 2251  6 
 2252  4 
 2253  6 
 2254  7 
 2255  6 
 2256  9 
 2257  13 
 2258  4 
 2259  12 
 2260  6 
 2261  15 
 2262  6 
 2263  8 
 2264  8 
 2265  18 
 2266  9 
 2267  5 
 2268  14 
 2269  3 
 2270  8 
 2271  8 
 2272  14 
 2273  14 
 2274  6 
 2275  8 
 2276  8 
 2277  8 
 2278  3 
 2279  5 
 2280  4 
 2281  11 
 2282  13 
 2283  13 
 2284  6 
 2285  11 
 2286  15 
 2287  11 
 2288  12 
 2289  11 
 2290  10 
 2291  9 
 2292  3 
 2293  15 
 2294  6 
 2295  8 
 2296  9 
 2297  8 
 2298  6 
 2299  10 
 2300  9 
 2301  9 
 2302  9 
 2303  6 
 2304  7 
 2305  10 
 2306  9 
 2307  6 
 2308  9 
 2309  4 
 2310  9 
 2311  11 
 2312  10 
 2313  4 
 2314  12 
 2315  8 
 2316  4 
 2317  8 
 2318  11 
 2319  3 
 2320  6 
 2321  10 
 2322  4 
 2323  5 
 2324  7 
 2325  10 
 2326  6 
 2327  5 
 2328  8 
 2329  16 
 2330  8 
 2331  6 
 2332  6 
 2333  9 
 2334  7 
 2335  4 
 2336  3 
 2337  9 
 2338  5 
 2339  5 
 2340  6 
 2341  4 
 2342  10 
 2343  8 
 2344  9 
 2345  10 
 2346  5 
 2347  7 
 2348  8 
 2349  8 
 2350  9 
 2351  9 
 2352  1 
 2353  7 
 2354  12 
 2355  9 
 2356  9 
 2357  9 
 2358  7 
 2359  10 
 2360  10 
 2361  9 
 2362  6 
 2363  3 
 2364  7 
 2365  9 
 2366  4 
 2367  10 
 2368  9 
 2369  11 
 2370  12 
 2371  10 
 2372  10 
 2373  9 
 2374  17 
 2375  8 
 2376  10 
 2377  6 
 2378  10 
 2379  14 
 2380  13 
 2381  15 
 2382  8 
 2383  13 
 2384  10 
 2385  17 
 2386  16 
 2387  14 
 2388  11 
 2389  11 
 2390  11 
 2391  14 
 2392  12 
 2393  17 
 2394  13 
 2395  16 
 2396  18 
 2397  17 
 2398  18 
 2399  16 
 2400  23 
 2401  15 
 2402  19 
 2403  15 
 2404  21 
 2405  13 
 2406  15 
 2407  17 
 2408  18 
 2409  19 
 2410  28 
 2411  21 
 2412  19 
 2413  19 
 2414  17 
 2415  18 
 2416  22 
 2417  14 
 2418  26 
 2419  22 
 2420  20 
 2421  15 
 2422  23 
 2423  16 
 2424  11 
 2425  17 
 2426  13 
 2427  15 
 2428  19 
 2429  13 
 2430  15 
 2431  17 
 2432  19 
 2433  15 
 2434  21 
 2435  15 
 2436  14 
 2437  14 
 2438  18 
 2439  18 
 2440  24 
 2441  10 
 2442  19 
 2443  24 
 2444  31 
 2445  15 
 2446  23 
 2447  25 
 2448  17 
 2449  27 
 2450  28 
 2451  19 
 2452  19 
 2453  28 
 2454  22 
 2455  27 
 2456  33 
 2457  38 
 2458  45 
 2459  34 
 2460  46 
 2461  49 
 2462  45 
 2463  43 
 2464  42 
 2465  40 
 2466  52 
 2467  54 
 2468  57 
 2469  54 
 2470  55 
 2471  69 
 2472  69 
 2473  46 
 2474  62 
 2475  62 
 2476  70 
 2477  78 
 2478  68 
 2479  76 
 2480  71 
 2481  80 
 2482  72 
 2483  77 
 2484  72 
 2485  82 
 2486  80 
 2487  73 
 2488  76 
 2489  80 
 2490  65 
 2491  63 
 2492  75 
 2493  70 
 2494  75 
 2495  69 
 2496  64 
 2497  56 
 2498  52 
 2499  50 
 2500  62 
 2501  30 
 2502  46 
 2503  28 
 2504  42 
 2505  35 
 2506  38 
 2507  29 
 2508  35 
 2509  15 
 2510  26 
 2511  15 
 2512  20 
 2513  16 
 2514  15 
 2515  23 
 2516  11 
 2517  15 
 2518  17 
 2519  8 
 2520  10 
 2521  7 
 2522  8 
 2523  4 
 2524  9 
 2525  11 
 2526  11 
 2527  6 
 2528  13 
 2529  8 
 2530  6 
 2531  7 
 2532  7 
 2533  9 
 2534  8 
 2535  5 
 2536  6 
 2537  6 
 2538  8 
 2539  9 
 2540  7 
 2541  7 
 2542  16 
 2543  7 
 2544  6 
 2545  7 
 2546  6 
 2547  15 
 2548  6 
 2549  7 
 2550  10 
 2551  5 
 2552  4 
 2553  8 
 2554  6 
 2555  6 
 2556  7 
 2557  7 
 2558  9 
 2559  12 
 2560  12 
 2561  8 
 2562  8 
 2563  11 
 2564  12 
 2565  3 
 2566  9 
 2567  7 
 2568  9 
 2569  5 
 2570  4 
 2571  6 
 2572  11 
 2573  7 
 2574  10 
 2575  10 
 2576  11 
 2577  8 
 2578  11 
 2579  11 
 2580  9 
 2581  5 
 2582  8 
 2583  11 
 2584  6 
 2585  5 
 2586  7 
 2587  17 
 2588  9 
 2589  6 
 2590  16 
 2591  9 
 2592  16 
 2593  9 
 2594  8 
 2595  13 
 2596  14 
 2597  11 
 2598  17 
 2599  8 
 2600  9 
 2601  12 
 2602  10 
 2603  16 
 2604  14 
 2605  14 
 2606  9 
 2607  10 
 2608  7 
 2609  19 
 2610  10 
 2611  15 
 2612  17 
 2613  17 
 2614  11 
 2615  15 
 2616  18 
 2617  21 
 2618  17 
 2619  21 
 2620  25 
 2621  22 
 2622  19 
 2623  27 
 2624  23 
 2625  41 
 2626  39 
 2627  41 
 2628  43 
 2629  39 
 2630  49 
 2631  46 
 2632  60 
 2633  59 
 2634  59 
 2635  70 
 2636  70 
 2637  70 
 2638  88 
 2639  88 
 2640  106 
 2641  103 
 2642  105 
 2643  139 
 2644  149 
 2645  148 
 2646  141 
 2647  162 
 2648  169 
 2649  189 
 2650  193 
 2651  240 
 2652  232 
 2653  253 
 2654  299 
 2655  289 
 2656  312 
 2657  372 
 2658  360 
 2659  343 
 2660  409 
 2661  406 
 2662  457 
 2663  494 
 2664  492 
 2665  600 
 2666  654 
 2667  664 
 2668  685 
 2669  726 
 2670  786 
 2671  874 
 2672  924 
 2673  1002 
 2674  1118 
 2675  1287 
 2676  1353 
 2677  1485 
 2678  1668 
 2679  1766 
 2680  2023 
 2681  2146 
 2682  2415 
 2683  2608 
 2684  2761 
 2685  3007 
 2686  3345 
 2687  3470 
 2688  3694 
 2689  3851 
 2690  4052 
 2691  4159 
 2692  4225 
 2693  4129 
 2694  4183 
 2695  4024 
 2696  3897 
 2697  3690 
 2698  3426 
 2699  3187 
 2700  2940 
 2701  2625 
 2702  2282 
 2703  2028 
 2704  1760 
 2705  1410 
 2706  1232 
 2707  999 
 2708  901 
 2709  692 
 2710  587 
 2711  451 
 2712  354 
 2713  286 
 2714  258 
 2715  191 
 2716  127 
 2717  109 
 2718  103 
 2719  78 
 2720  65 
 2721  63 
 2722  76 
 2723  54 
 2724  55 
 2725  51 
 2726  45 
 2727  58 
 2728  31 
 2729  33 
 2730  37 
 2731  45 
 2732  40 
 2733  46 
 2734  47 
 2735  55 
 2736  31 
 2737  49 
 2738  49 
 2739  55 
 2740  53 
 2741  51 
 2742  71 
 2743  51 
 2744  60 
 2745  63 
 2746  67 
 2747  68 
 2748  86 
 2749  84 
 2750  87 
 2751  126 
 2752  113 
 2753  125 
 2754  139 
 2755  153 
 2756  121 
 2757  179 
 2758  170 
 2759  154 
 2760  149 
 2761  216 
 2762  186 
 2763  210 
 2764  214 
 2765  184 
 2766  174 
 2767  153 
 2768  144 
 2769  148 
 2770  119 
 2771  122 
 2772  103 
 2773  92 
 2774  75 
 2775  79 
 2776  58 
 2777  46 
 2778  41 
 2779  24 
 2780  30 
 2781  19 
 2782  32 
 2783  20 
 2784  25 
 2785  25 
 2786  23 
 2787  27 
 2788  13 
 2789  21 
 2790  18 
 2791  29 
 2792  25 
 2793  34 
 2794  31 
 2795  25 
 2796  38 
 2797  33 
 2798  28 
 2799  33 
 2800  27 
 2801  45 
 2802  49 
 2803  60 
 2804  46 
 2805  54 
 2806  57 
 2807  62 
 2808  76 
 2809  92 
 2810  77 
 2811  104 
 2812  94 
 2813  100 
 2814  126 
 2815  131 
 2816  131 
 2817  188 
 2818  186 
 2819  210 
 2820  202 
 2821  221 
 2822  233 
 2823  286 
 2824  260 
 2825  339 
 2826  358 
 2827  376 
 2828  419 
 2829  446 
 2830  480 
 2831  522 
 2832  541 
 2833  606 
 2834  626 
 2835  689 
 2836  724 
 2837  815 
 2838  820 
 2839  955 
 2840  1047 
 2841  1043 
 2842  1054 
 2843  1183 
 2844  1257 
 2845  1309 
 2846  1346 
 2847  1461 
 2848  1607 
 2849  1672 
 2850  1798 
 2851  1810 
 2852  1915 
 2853  2020 
 2854  2066 
 2855  2099 
 2856  2142 
 2857  2194 
 2858  2238 
 2859  2271 
 2860  2348 
 2861  2364 
 2862  2397 
 2863  2327 
 2864  2311 
 2865  2322 
 2866  2428 
 2867  2374 
 2868  2271 
 2869  2398 
 2870  2271 
 2871  2178 
 2872  2152 
 2873  2141 
 2874  1950 
 2875  2006 
 2876  1824 
 2877  1666 
 2878  1627 
 2879  1530 
 2880  1472 
 2881  1317 
 2882  1229 
 2883  1083 
 2884  983 
 2885  857 
 2886  797 
 2887  717 
 2888  557 
 2889  499 
 2890  409 
 2891  350 
 2892  343 
 2893  260 
 2894  229 
 2895  202 
 2896  136 
 2897  140 
 2898  108 
 2899  83 
 2900  85 
 2901  71 
 2902  63 
 2903  54 
 2904  70 
 2905  47 
 2906  64 
 2907  46 
 2908  67 
 2909  67 
 2910  73 
 2911  86 
 2912  88 
 2913  90 
 2914  114 
 2915  109 
 2916  122 
 2917  121 
 2918  160 
 2919  197 
 2920  162 
 2921  216 
 2922  249 
 2923  256 
 2924  234 
 2925  256 
 2926  308 
 2927  327 
 2928  300 
 2929  312 
 2930  341 
 2931  332 
 2932  323 
 2933  336 
 2934  267 
 2935  284 
 2936  225 
 2937  207 
 2938  199 
 2939  179 
 2940  139 
 2941  107 
 2942  135 
 2943  84 
 2944  87 
 2945  80 
 2946  69 
 2947  63 
 2948  46 
 2949  40 
 2950  39 
 2951  49 
 2952  49 
 2953  45 
 2954  40 
 2955  54 
 2956  37 
 2957  46 
 2958  56 
 2959  38 
 2960  36 
 2961  48 
 2962  35 
 2963  43 
 2964  31 
 2965  26 
 2966  29 
 2967  29 
 2968  29 
 2969  26 
 2970  36 
 2971  32 
 2972  22 
 2973  16 
 2974  17 
 2975  8 
 2976  11 
 2977  13 
 2978  7 
 2979  7 
 2980  3 
 2981  5 
 2982  3 
 2983  3 
 2984  0 
 2985  2 
 2986  1 
 2987  1 
 2988  2 
 2989  2 
 2990  1 
 2991  1 
 2992  1 
 2993  0 
 2994  0 
 2995  1 
 2996  1 
 2997  1 
 2998  0 
 2999  0 
 3000  0 
 3001  0 
 3002  0 
 3003  0 
 3004  0 
 3005  0 
 3006  0 
 3007  0 
 3008  0 
 3009  0 
 3010  1 
 3011  0 
 3012  0 
 3013  0 
 3014  0 
 3015  1 
 3016  1 
 3017  1 
 3018  0 
 3019  0 
 3020  0 
 3021  0 
 3022  0 
 3023  0 
 3024  0 
 3025  0 
 3026  0 
 3027  0 
 3028  0 
 3029  0 
 3030  0 
 3031  0 
 3032  0 
 3033  0 
 3034  2 
 3035  0 
 3036  0 
 3037  0 
 3038  0 
 3039  0 
 3040  0 
 3041  0 
 3042  2 
 3043  0 
 3044  0 
 3045  0 
 3046  0 
 3047  1 
 3048  0 
 3049  0 
 3050  0 
 3051  0 
 3052  0 
 3053  0 
 3054  1 
 3055  0 
 3056  0 
 3057  1 
 3058  0 
 3059  1 
 3060  0 
 3061  0 
 3062  0 
 3063  0 
 3064  0 
 3065  0 
 3066  0 
 3067  1 
 3068  1 
 3069  0 
 3070  0 
 3071  1 
 3072  0 
 3073  0 
 3074  1 
 3075  0 
 3076  0 
 3077  0 
 3078  0 
 3079  1 
 3080  0 
 3081  0 
 3082  0 
 3083  0 
 3084  2 
 3085  1 
 3086  1 
 3087  0 
 3088  0 
 3089  0 
 3090  0 
 3091  0 
 3092  0 
 3093  1 
 3094  0 
 3095  0 
 3096  0 
 3097  0 
 3098  0 
 3099  0 
 3100  0 
 3101  0 
 3102  0 
 3103  0 
 3104  0 
 3105  1 
 3106  0 
 3107  0 
 3108  0 
 3109  0 
 3110  0 
 3111  0 
 3112  0 
 3113  0 
 3114  0 
 3115  1 
 3116  0 
 3117  1 
 3118  1 
 3119  0 
 3120  0 
 3121  0 
 3122  1 
 3123  0 
 3124  0 
 3125  0 
 3126  0 
 3127  0 
 3128  1 
 3129  1 
 3130  0 
 3131  0 
 3132  0 
 3133  0 
 3134  0 
 3135  0 
 3136  1 
 3137  0 
 3138  0 
 3139  0 
 3140  0 
 3141  0 
 3142  0 
 3143  0 
 3144  0 
 3145  0 
 3146  0 
 3147  1 
 3148  0 
 3149  0 
 3150  0 
 3151  0 
 3152  0 
 3153  1 
 3154  0 
 3155  0 
 3156  0 
 3157  0 
 3158  0 
 3159  0 
 3160  0 
 3161  0 
 3162  1 
 3163  1 
 3164  0 
 3165  0 
 3166  0 
 3167  0 
 3168  1 
 3169  0 
 3170  0 
 3171  0 
 3172  0 
 3173  0 
 3174  0 
 3175  0 
 3176  0 
 3177  0 
 3178  0 
 3179  2 
 3180  0 
 3181  1 
 3182  0 
 3183  0 
 3184  0 
 3185  0 
 3186  0 
 3187  0 
 3188  0 
 3189  0 
 3190  0 
 3191  0 
 3192  1 
 3193  0 
 3194  0 
 3195  1 
 3196  1 
 3197  0 
 3198  0 
 3199  0 
 3200  0 
 3201  0 
 3202  0 
 3203  0 
 3204  1 
 3205  0 
 3206  0 
 3207  0 
 3208  0 
 3209  0 
 3210  0 
 3211  0 
 3212  0 
 3213  0 
 3214  0 
 3215  1 
 3216  1 
 3217  0 
 3218  0 
 3219  0 
 3220  0 
 3221  0 
 3222  0 
 3223  0 
 3224  0 
 3225  0 
 3226  0 
 3227  1 
 3228  0 
 3229  0 
 3230  2 
 3231  0 
 3232  0 
 3233  0 
 3234  0 
 3235  0 
 3236  0 
 3237  0 
 3238  0 
 3239  1 
 3240  1 
 3241  0 
 3242  2 
 3243  1 
 3244  0 
 3245  0 
 3246  0 
 3247  0 
 3248  0 
 3249  0 
 3250  0 
 3251  1 
 3252  0 
 3253  0 
 3254  0 
 3255  1 
 3256  0 
 3257  0 
 3258  0 
 3259  0 
 3260  0 
 3261  0 
 3262  0 
 3263  0 
 3264  0 
 3265  0 
 3266  0 
 3267  0 
 3268  1 
 3269  0 
 3270  0 
 3271  0 
 3272  0 
 3273  0 
 3274  0 
 3275  0 
 3276  0 
 3277  0 
 3278  2 
 3279  1 
 3280  0 
 3281  0 
 3282  0 
 3283  0 
 3284  0 
 3285  0 
 3286  0 
 3287  0 
 3288  0 
 3289  1 
 3290  0 
 3291  0 
 3292  0 
 3293  0 
 3294  0 
 3295  0 
 3296  0 
 3297  0 
 3298  0 
 3299  0 
 3300  0 
 3301  0 
 3302  0 
 3303  0 
 3304  1 
 3305  0 
 3306  0 
 3307  0 
 3308  0 
 3309  0 
 3310  0 
 3311  1 
 3312  0 
 3313  0 
 3314  0 
 3315  0 
 3316  1 
 3317  0 
 3318  0 
 3319  1 
 3320  0 
 3321  0 
 3322  0 
 3323  0 
 3324  0 
 3325  0 
 3326  0 
 3327  0 
 3328  0 
 3329  0 
 3330  0 
 3331  0 
 3332  0 
 3333  0 
 3334  0 
 3335  1 
 3336  0 
 3337  0 
 3338  0 
 3339  0 
 3340  0 
 3341  0 
 3342  0 
 3343  0 
 3344  0 
 3345  0 
 3346  0 
 3347  0 
 3348  0 
 3349  0 
 3350  0 
 3351  0 
 3352  0 
 3353  0 
 3354  0 
 3355  0 
 3356  0 
 3357  0 
 3358  0 
 3359  0 
 3360  0 
 3361  0 
 3362  0 
 3363  0 
 3364  0 
 3365  0 
 3366  1 
 3367  0 
 3368  0 
 3369  0 
 3370  0 
 3371  0 
 3372  0 
 3373  1 
 3374  0 
 3375  0 
 3376  0 
 3377  0 
 3378  0 
 3379  0 
 3380  0 
 3381  0 
 3382  0 
 3383  0 
 3384  0 
 3385  0 
 3386  0 
 3387  0 
 3388  0 
 3389  0 
 3390  0 
 3391  0 
 3392  0 
 3393  0 
 3394  0 
 3395  0 
 3396  0 
 3397  0 
 3398  0 
 3399  0 
 3400  0 
 3401  0 
 3402  0 
 3403  0 
 3404  0 
 3405  0 
 3406  1 
 3407  0 
 3408  0 
 3409  0 
 3410  0 
 3411  0 
 3412  0 
 3413  1 
 3414  0 
 3415  1 
 3416  0 
 3417  0 
 3418  0 
 3419  0 
 3420  0 
 3421  0 
 3422  0 
 3423  0 
 3424  0 
 3425  0 
 3426  0 
 3427  0 
 3428  1 
 3429  0 
 3430  0 
 3431  0 
 3432  1 
 3433  0 
 3434  0 
 3435  0 
 3436  0 
 3437  0 
 3438  1 
 3439  1 
 3440  0 
 3441  0 
 3442  0 
 3443  0 
 3444  0 
 3445  0 
 3446  0 
 3447  0 
 3448  0 
 3449  0 
 3450  0 
 3451  0 
 3452  0 
 3453  0 
 3454  0 
 3455  0 
 3456  0 
 3457  0 
 3458  0 
 3459  0 
 3460  0 
 3461  0 
 3462  0 
 3463  0 
 3464  0 
 3465  0 
 3466  0 
 3467  0 
 3468  0 
 3469  1 
 3470  0 
 3471  0 
 3472  0 
 3473  1 
 3474  0 
 3475  0 
 3476  0 
 3477  0 
 3478  0 
 3479  0 
 3480  0 
 3481  0 
 3482  0 
 3483  0 
 3484  0 
 3485  0 
 3486  0 
 3487  0 
 3488  0 
 3489  0 
 3490  0 
 3491  0 
 3492  0 
 3493  0 
 3494  1 
 3495  0 
 3496  0 
 3497  0 
 3498  0 
 3499  0 
 3500  0 
 3501  0 
 3502  0 
 3503  0 
 3504  0 
 3505  0 
 3506  0 
 3507  0 
 3508  0 
 3509  0 
 3510  0 
 3511  0 
 3512  0 
 3513  0 
 3514  0 
 3515  0 
 3516  0 
 3517  0 
 3518  0 
 3519  0 
 3520  0 
 3521  0 
 3522  0 
 3523  0 
 3524  0 
 3525  0 
 3526  0 
 3527  0 
 3528  0 
 3529  0 
 3530  0 
 3531  0 
 3532  0 
 3533  1 
 3534  0 
 3535  0 
 3536  0 
 3537  0 
 3538  0 
 3539  0 
 3540  0 
 3541  0 
 3542  0 
 3543  0 
 3544  1 
 3545  0 
 3546  0 
 3547  0 
 3548  0 
 3549  0 
 3550  0 
 3551  0 
 3552  0 
 3553  0 
 3554  1 
 3555  1 
 3556  0 
 3557  0 
 3558  0 
 3559  0 
 3560  0 
 3561  0 
 3562  0 
 3563  0 
 3564  0 
 3565  0 
 3566  0 
 3567  0 
 3568  0 
 3569  0 
 3570  0 
 3571  0 
 3572  0 
 3573  0 
 3574  0 
 3575  0 
 3576  0 
 3577  0 
 3578  0 
 3579  0 
 3580  0 
 3581  1 
 3582  0 
 3583  0 
 3584  0 
 3585  0 
 3586  0 
 3587  0 
 3588  0 
 3589  0 
 3590  0 
 3591  0 
 3592  0 
 3593  0 
 3594  0 
 3595  0 
 3596  0 
 3597  0 
 3598  0 
 3599  0 
 3600  0 
 3601  0 
 3602  0 
 3603  0 
 3604  0 
 3605  0 
 3606  0 
 3607  0 
 3608  0 
 3609  0 
 3610  0 
 3611  0 
 3612  0 
 3613  0 
 3614  0 
 3615  0 
 3616  0 
 3617  0 
 3618  0 
 3619  0 
 3620  0 
 3621  0 
 3622  0 
 3623  0 
 3624  0 
 3625  0 
 3626  0 
 3627  0 
 3628  0 
 3629  0 
 3630  0 
 3631  0 
 3632  0 
 3633  0 
 3634  0 
 3635  0 
 3636  0 
 3637  0 
 3638  0 
 3639  0 
 3640  0 
 3641  0 
 3642  0 
 3643  0 
 3644  0 
 3645  0 
 3646  0 
 3647  0 
 3648  0 
 3649  0 
 3650  0 
 3651  0 
 3652  0 
 3653  0 
 3654  0 
 3655  0 
 3656  0 
 3657  0 
 3658  0 
 3659  0 
 3660  0 
 3661  0 
 3662  0 
 3663  0 
 3664  0 
 3665  0 
 3666  0 
 3667  0 
 3668  0 
 3669  0 
 3670  0 
 3671  0 
 3672  1 
 3673  0 
 3674  0 
 3675  0 
 3676  0 
 3677  0 
 3678  0 
 3679  0 
 3680  0 
 3681  0 
 3682  0 
 3683  0 
 3684  0 
 3685  0 
 3686  0 
 3687  0 
 3688  0 
 3689  0 
 3690  0 
 3691  0 
 3692  0 
 3693  0 
 3694  0 
 3695  0 
 3696  0 
 3697  0 
 3698  0 
 3699  0 
 3700  0 
 3701  0 
 3702  0 
 3703  0 
 3704  0 
 3705  0 
 3706  0 
 3707  0 
 3708  0 
 3709  1 
 3710  0 
 3711  0 
 3712  0 
 3713  0 
 3714  0 
 3715  0 
 3716  0 
 3717  0 
 3718  0 
 3719  0 
 3720  1 
 3721  0 
 3722  0 
 3723  0 
 3724  1 
 3725  0 
 3726  0 
 3727  0 
 3728  0 
 3729  0 
 3730  0 
 3731  0 
 3732  0 
 3733  0 
 3734  0 
 3735  0 
 3736  1 
 3737  0 
 3738  0 
 3739  0 
 3740  0 
 3741  1 
 3742  1 
 3743  0 
 3744  0 
 3745  0 
 3746  0 
 3747  0 
 3748  0 
 3749  0 
 3750  0 
 3751  0 
 3752  0 
 3753  0 
 3754  0 
 3755  0 
 3756  0 
 3757  0 
 3758  0 
 3759  0 
 3760  0 
 3761  0 
 3762  0 
 3763  0 
 3764  0 
 3765  0 
 3766  0 
 3767  0 
 3768  0 
 3769  0 
 3770  0 
 3771  0 
 3772  1 
 3773  0 
 3774  0 
 3775  0 
 3776  0 
 3777  0 
 3778  0 
 3779  0 
 3780  0 
 3781  0 
 3782  0 
 3783  0 
 3784  0 
 3785  0 
 3786  0 
 3787  0 
 3788  0 
 3789  0 
 3790  0 
 3791  0 
 3792  0 
 3793  0 
 3794  0 
 3795  0 
 3796  0 
 3797  0 
 3798  0 
 3799  0 
 3800  0 
 3801  0 
 3802  0 
 3803  0 
 3804  0 
 3805  0 
 3806  0 
 3807  0 
 3808  0 
 3809  0 
 3810  0 
 3811  0 
 3812  0 
 3813  0 
 3814  0 
 3815  0 
 3816  0 
 3817  0 
 3818  0 
 3819  0 
 3820  0 
 3821  0 
 3822  0 
 3823  0 
 3824  0 
 3825  0 
 3826  0 
 3827  0 
 3828  0 
 3829  0 
 3830  0 
 3831  0 
 3832  0 
 3833  0 
 3834  0 
 3835  0 
 3836  0 
 3837  0 
 3838  2 
 3839  0 
 3840  0 
 3841  0 
 3842  0 
 3843  0 
 3844  0 
 3845  0 
 3846  0 
 3847  0 
 3848  0 
 3849  0 
 3850  0 
 3851  0 
 3852  0 
 3853  0 
 3854  0 
 3855  1 
 3856  0 
 3857  1 
 3858  0 
 3859  0 
 3860  0 
 3861  0 
 3862  0 
 3863  0 
 3864  0 
 3865  1 
 3866  0 
 3867  0 
 3868  0 
 3869  0 
 3870  0 
 3871  0 
 3872  0 
 3873  0 
 3874  0 
 3875  0 
 3876  0 
 3877  0 
 3878  0 
 3879  1 
 3880  0 
 3881  0 
 3882  0 
 3883  0 
 3884  0 
 3885  0 
 3886  0 
 3887  0 
 3888  0 
 3889  0 
 3890  1 
 3891  0 
 3892  0 
 3893  0 
 3894  0 
 3895  0 
 3896  0 
 3897  1 
 3898  0 
 3899  0 
 3900  0 
 3901  0 
 3902  0 
 3903  0 
 3904  0 
 3905  0 
 3906  0 
 3907  0 
 3908  0 
 3909  0 
 3910  0 
 3911  0 
 3912  0 
 3913  0 
 3914  1 
 3915  0 
 3916  0 
 3917  0 
 3918  0 
 3919  0 
 3920  1 
 3921  0 
 3922  0 
 3923  0 
 3924  0 
 3925  1 
 3926  0 
 3927  0 
 3928  0 
 3929  0 
 3930  0 
 3931  0 
 3932  0 
 3933  1 
 3934  0 
 3935  0 
 3936  0 
 3937  0 
 3938  0 
 3939  0 
 3940  0 
 3941  0 
 3942  0 
 3943  0 
 3944  0 
 3945  0 
 3946  0 
 3947  1 
 3948  0 
 3949  0 
 3950  0 
 3951  0 
 3952  0 
 3953  0 
 3954  0 
 3955  0 
 3956  0 
 3957  1 
 3958  0 
 3959  0 
 3960  0 
 3961  0 
 3962  0 
 3963  0 
 3964  0 
 3965  0 
 3966  0 
 3967  0 
 3968  0 
 3969  0 
 3970  0 
 3971  0 
 3972  0 
 3973  0 
 3974  0 
 3975  0 
 3976  0 
 3977  0 
 3978  0 
 3979  0 
 3980  0 
 3981  1 
 3982  0 
 3983  0 
 3984  0 
 3985  0 
 3986  0 
 3987  0 
 3988  0 
 3989  1 
 3990  0 
 3991  0 
 3992  0 
 3993  0 
 3994  0 
 3995  0 
 3996  1 
 3997  0 
 3998  0 
 3999  0 
 4000  0 
 4001  0 
 4002  0 
 4003  0 
 4004  0 
 4005  0 
 4006  1 
 4007  0 
 4008  0 
 4009  0 
 4010  0 
 4011  0 
 4012  0 
 4013  0 
 4014  0 
 4015  0 
 4016  0 
 4017  0 
 4018  0 
 4019  0 
 4020  0 
 4021  0 
 4022  0 
 4023  0 
 4024  0 
 4025  0 
 4026  0 
 4027  0 
 4028  0 
 4029  0 
 4030  0 
 4031  0 
 4032  0 
 4033  0 
 4034  0 
 4035  0 
 4036  0 
 4037  0 
 4038  0 
 4039  0 
 4040  0 
 4041  0 
 4042  0 
 4043  0 
 4044  1 
 4045  0 
 4046  0 
 4047  0 
 4048  0 
 4049  0 
 4050  0 
 4051  0 
 4052  0 
 4053  0 
 4054  0 
 4055  0 
 4056  0 
 4057  0 
 4058  0 
 4059  0 
 4060  0 
 4061  0 
 4062  0 
 4063  0 
 4064  0 
 4065  0 
 4066  0 
 4067  0 
 4068  0 
 4069  0 
 4070  0 
 4071  0 
 4072  0 
 4073  0 
 4074  0 
 4075  0 
 4076  0 
 4077  0 
 4078  0 
 4079  0 
 4080  0 
 4081  0 
 4082  0 
 4083  1 
 4084  0 
 4085  0 
 4086  0 
 4087  0 
 4088  0 
 4089  0 
 4090  0 
 4091  0 
 4092  0 
 4093  0 
 4094  0 
 4095  0 
 4096  0 
 4097  0 
 4098  0 
 4099  0 
 4100  0 
 4101  0 
 4102  0 
 4103  0 
 4104  0 
 4105  0 
 4106  0 
 4107  0 
 4108  0 
 4109  0 
 4110  0 
 4111  0 
 4112  0 
 4113  0 
 4114  0 
 4115  0 
 4116  0 
 4117  0 
 4118  0 
 4119  0 
 4120  0 
 4121  0 
 4122  0 
 4123  0 
 4124  0 
 4125  0 
 4126  0 
 4127  1 
 4128  0 
 4129  0 
 4130  0 
 4131  0 
 4132  0 
 4133  0 
 4134  0 
 4135  0 
 4136  0 
 4137  1 
 4138  0 
 4139  0 
 4140  0 
 4141  0 
 4142  0 
 4143  0 
 4144  0 
 4145  0 
 4146  0 
 4147  0 
 4148  1 
 4149  0 
 4150  0 
 4151  0 
 4152  0 
 4153  0 
 4154  0 
 4155  0 
 4156  0 
 4157  0 
 4158  0 
 4159  1 
 4160  0 
 4161  0 
 4162  0 
 4163  0 
 4164  0 
 4165  0 
 4166  0 
 4167  0 
 4168  0 
 4169  0 
 4170  0 
 4171  0 
 4172  0 
 4173  0 
 4174  0 
 4175  0 
 4176  0 
 4177  0 
 4178  0 
 4179  0 
 4180  0 
 4181  0 
 4182  0 
 4183  0 
 4184  0 
 4185  0 
 4186  0 
 4187  0 
 4188  0 
 4189  0 
 4190  0 
 4191  0 
 4192  0 
 4193  1 
 4194  0 
 4195  0 
 4196  1 
 4197  0 
 4198  0 
 4199  0 
 4200  0 
 4201  0 
 4202  0 
 4203  1 
 4204  0 
 4205  0 
 4206  0 
 4207  0 
 4208  0 
 4209  0 
 4210  0 
 4211  0 
 4212  0 
 4213  0 
 4214  1 
 4215  0 
 4216  0 
 4217  0 
 4218  0 
 4219  0 
 4220  0 
 4221  0 
 4222  0 
 4223  0 
 4224  0 
 4225  0 
 4226  0 
 4227  0 
 4228  0 
 4229  0 
 4230  0 
 4231  0 
 4232  0 
 4233  0 
 4234  0 
 4235  0 
 4236  0 
 4237  0 
 4238  0 
 4239  0 
 4240  0 
 4241  1 
 4242  0 
 4243  0 
 4244  0 
 4245  0 
 4246  1 
 4247  0 
 4248  0 
 4249  0 
 4250  0 
 4251  0 
 4252  0 
 4253  0 
 4254  0 
 4255  0 
 4256  0 
 4257  0 
 4258  0 
 4259  1 
 4260  0 
 4261  0 
 4262  0 
 4263  0 
 4264  0 
 4265  0 
 4266  0 
 4267  0 
 4268  1 
 4269  0 
 4270  0 
 4271  1 
 4272  0 
 4273  0 
 4274  0 
 4275  0 
 4276  0 
 4277  0 
 4278  0 
 4279  0 
 4280  0 
 4281  0 
 4282  0 
 4283  0 
 4284  0 
 4285  0 
 4286  0 
 4287  0 
 4288  0 
 4289  0 
 4290  0 
 4291  0 
 4292  0 
 4293  0 
 4294  0 
 4295  0 
 4296  0 
 4297  0 
 4298  0 
 4299  0 
 4300  0 
 4301  0 
 4302  0 
 4303  0 
 4304  0 
 4305  0 
 4306  0 
 4307  0 
 4308  0 
 4309  0 
 4310  0 
 4311  0 
 4312  0 
 4313  0 
 4314  0 
 4315  0 
 4316  0 
 4317  0 
 4318  0 
 4319  0 
 4320  0 
 4321  0 
 4322  0 
 4323  0 
 4324  0 
 4325  0 
 4326  0 
 4327  1 
 4328  0 
 4329  0 
 4330  0 
 4331  0 
 4332  0 
 4333  0 
 4334  0 
 4335  0 
 4336  0 
 4337  0 
 4338  0 
 4339  0 
 4340  0 
 4341  0 
 4342  0 
 4343  0 
 4344  1 
 4345  0 
 4346  0 
 4347  0 
 4348  0 
 4349  0 
 4350  1 
 4351  0 
 4352  0 
 4353  0 
 4354  0 
 4355  0 
 4356  0 
 4357  0 
 4358  0 
 4359  0 
 4360  0 
 4361  0 
 4362  0 
 4363  0 
 4364  0 
 4365  0 
 4366  0 
 4367  0 
 4368  0 
 4369  0 
 4370  0 
 4371  0 
 4372  0 
 4373  0 
 4374  0 
 4375  0 
 4376  0 
 4377  1 
 4378  0 
 4379  0 
 4380  0 
 4381  0 
 4382  0 
 4383  0 
 4384  0 
 4385  0 
 4386  0 
 4387  0 
 4388  0 
 4389  0 
 4390  0 
 4391  0 
 4392  0 
 4393  0 
 4394  0 
 4395  0 
 4396  0 
 4397  0 
 4398  0 
 4399  0 
 4400  0 
 4401  0 
 4402  0 
 4403  0 
 4404  0 
 4405  0 
 4406  0 
 4407  0 
 4408  0 
 4409  0 
 4410  0 
 4411  0 
 4412  2 
 4413  0 
 4414  0 
 4415  0 
 4416  0 
 4417  0 
 4418  0 
 4419  0 
 4420  0 
 4421  0 
 4422  0 
 4423  0 
 4424  0 
 4425  0 
 4426  0 
 4427  0 
 4428  0 
 4429  0 
 4430  0 
 4431  0 
 4432  0 
 4433  0 
 4434  0 
 4435  0 
 4436  0 
 4437  0 
 4438  0 
 4439  0 
 4440  0 
 4441  0 
 4442  0 
 4443  0 
 4444  1 
 4445  0 
 4446  0 
 4447  0 
 4448  0 
 4449  0 
 4450  1 
 4451  0 
 4452  0 
 4453  1 
 4454  0 
 4455  0 
 4456  0 
 4457  0 
 4458  0 
 4459  1 
 4460  0 
 4461  0 
 4462  0 
 4463  0 
 4464  0 
 4465  0 
 4466  0 
 4467  0 
 4468  0 
 4469  0 
 4470  0 
 4471  0 
 4472  0 
 4473  0 
 4474  0 
 4475  1 
 4476  0 
 4477  0 
 4478  0 
 4479  0 
 4480  0 
 4481  0 
 4482  0 
 4483  0 
 4484  0 
 4485  0 
 4486  0 
 4487  0 
 4488  0 
 4489  0 
 4490  0 
 4491  0 
 4492  0 
 4493  0 
 4494  0 
 4495  0 
 4496  0 
 4497  0 
 4498  0 
 4499  0 
 4500  0 
 4501  0 
 4502  0 
 4503  0 
 4504  0 
 4505  0 
 4506  0 
 4507  0 
 4508  0 
 4509  1 
 4510  0 
 4511  0 
 4512  0 
 4513  0 
 4514  0 
 4515  1 
 4516  0 
 4517  0 
 4518  0 
 4519  0 
 4520  0 
 4521  0 
 4522  0 
 4523  0 
 4524  0 
 4525  0 
 4526  1 
 4527  0 
 4528  0 
 4529  0 
 4530  0 
 4531  0 
 4532  0 
 4533  0 
 4534  0 
 4535  0 
 4536  0 
 4537  0 
 4538  0 
 4539  0 
 4540  0 
 4541  0 
 4542  0 
 4543  0 
 4544  0 
 4545  0 
 4546  0 
 4547  0 
 4548  0 
 4549  0 
 4550  0 
 4551  0 
 4552  0 
 4553  0 
 4554  0 
 4555  0 
 4556  0 
 4557  0 
 4558  0 
 4559  0 
 4560  0 
 4561  0 
 4562  0 
 4563  0 
 4564  1 
 4565  0 
 4566  0 
 4567  0 
 4568  0 
 4569  0 
 4570  0 
 4571  0 
 4572  1 
 4573  0 
 4574  0 
 4575  0 
 4576  0 
 4577  0 
 4578  0 
 4579  0 
 4580  0 
 4581  0 
 4582  0 
 4583  0 
 4584  0 
 4585  0 
 4586  0 
 4587  0 
 4588  0 
 4589  0 
 4590  0 
 4591  0 
 4592  0 
 4593  0 
 4594  0 
 4595  0 
 4596  0 
 4597  0 
 4598  0 
 4599  0 
 4600  0 
 4601  0 
 4602  0 
 4603  0 
 4604  0 
 4605  1 
 4606  0 
 4607  0 
 4608  0 
 4609  0 
 4610  0 
 4611  0 
 4612  0 
 4613  0 
 4614  0 
 4615  0 
 4616  1 
 4617  0 
 4618  0 
 4619  0 
 4620  0 
 4621  0 
 4622  0 
 4623  0 
 4624  0 
 4625  0 
 4626  0 
 4627  0 
 4628  0 
 4629  0 
 4630  0 
 4631  0 
 4632  0 
 4633  0 
 4634  0 
 4635  0 
 4636  0 
 4637  0 
 4638  0 
 4639  0 
 4640  0 
 4641  0 
 4642  0 
 4643  0 
 4644  0 
 4645  0 
 4646  0 
 4647  0 
 4648  0 
 4649  0 
 4650  0 
 4651  1 
 4652  0 
 4653  1 
 4654  0 
 4655  0 
 4656  0 
 4657  0 
 4658  0 
 4659  0 
 4660  0 
 4661  0 
 4662  0 
 4663  0 
 4664  0 
 4665  0 
 4666  0 
 4667  0 
 4668  0 
 4669  0 
 4670  0 
 4671  0 
 4672  0 
 4673  1 
 4674  0 
 4675  0 
 4676  0 
 4677  0 
 4678  0 
 4679  0 
 4680  0 
 4681  0 
 4682  0 
 4683  0 
 4684  0 
 4685  0 
 4686  0 
 4687  0 
 4688  0 
 4689  1 
 4690  0 
 4691  0 
 4692  0 
 4693  0 
 4694  0 
 4695  0 
 4696  0 
 4697  0 
 4698  0 
 4699  0 
 4700  0 
 4701  0 
 4702  0 
 4703  0 
 4704  1 
 4705  0 
 4706  0 
 4707  0 
 4708  0 
 4709  0 
 4710  0 
 4711  0 
 4712  0 
 4713  0 
 4714  0 
 4715  0 
 4716  0 
 4717  0 
 4718  0 
 4719  0 
 4720  0 
 4721  1 
 4722  0 
 4723  0 
 4724  0 
 4725  0 
 4726  0 
 4727  0 
 4728  0 
 4729  0 
 4730  0 
 4731  0 
 4732  0 
 4733  0 
 4734  1 
 4735  0 
 4736  1 
 4737  0 
 4738  0 
 4739  0 
 4740  0 
 4741  0 
 4742  0 
 4743  0 
 4744  1 
 4745  0 
 4746  0 
 4747  0 
 4748  0 
 4749  0 
 4750  0 
 4751  0 
 4752  0 
 4753  0 
 4754  0 
 4755  0 
 4756  0 
 4757  0 
 4758  0 
 4759  1 
 4760  1 
 4761  0 
 4762  0 
 4763  0 
 4764  0 
 4765  0 
 4766  0 
 4767  0 
 4768  0 
 4769  0 
 4770  0 
 4771  0 
 4772  0 
 4773  0 
 4774  0 
 4775  0 
 4776  0 
 4777  0 
 4778  0 
 4779  0 
 4780  0 
 4781  0 
 4782  0 
 4783  0 
 4784  0 
 4785  0 
 4786  0 
 4787  0 
 4788  0 
 4789  0 
 4790  0 
 4791  0 
 4792  0 
 4793  0 
 4794  0 
 4795  0 
 4796  0 
 4797  0 
 4798  0 
 4799  0 
 4800  0 
 4801  0 
 4802  0 
 4803  0 
 4804  0 
 4805  0 
 4806  0 
 4807  0 
 4808  0 
 4809  0 
 4810  0 
 4811  0 
 4812  0 
 4813  0 
 4814  0 
 4815  0 
 4816  1 
 4817  0 
 4818  0 
 4819  0 
 4820  0 
 4821  0 
 4822  0 
 4823  0 
 4824  0 
 4825  1 
 4826  0 
 4827  0 
 4828  0 
 4829  0 
 4830  0 
 4831  0 
 4832  0 
 4833  0 
 4834  0 
 4835  0 
 4836  0 
 4837  1 
 4838  0 
 4839  1 
 4840  0 
 4841  0 
 4842  0 
 4843  0 
 4844  0 
 4845  0 
 4846  0 
 4847  0 
 4848  0 
 4849  0 
 4850  0 
 4851  0 
 4852  0 
 4853  2 
 4854  0 
 4855  0 
 4856  0 
 4857  0 
 4858  1 
 4859  1 
 4860  0 
 4861  0 
 4862  0 
 4863  0 
 4864  0 
 4865  0 
 4866  0 
 4867  0 
 4868  0 
 4869  0 
 4870  0 
 4871  0 
 4872  0 
 4873  0 
 4874  0 
 4875  0 
 4876  0 
 4877  0 
 4878  0 
 4879  0 
 4880  0 
 4881  0 
 4882  0 
 4883  0 
 4884  0 
 4885  0 
 4886  0 
 4887  0 
 4888  0 
 4889  0 
 4890  1 
 4891  0 
 4892  0 
 4893  0 
 4894  0 
 4895  0 
 4896  0 
 4897  0 
 4898  0 
 4899  0 
 4900  0 
 4901  1 
 4902  0 
 4903  0 
 4904  1 
 4905  0 
 4906  0 
 4907  0 
 4908  0 
 4909  1 
 4910  0 
 4911  0 
 4912  0 
 4913  0 
 4914  0 
 4915  0 
 4916  0 
 4917  0 
 4918  0 
 4919  1 
 4920  0 
 4921  0 
 4922  0 
 4923  1 
 4924  0 
 4925  0 
 4926  0 
 4927  0 
 4928  2 
 4929  0 
 4930  0 
 4931  1 
 4932  0 
 4933  0 
 4934  0 
 4935  0 
 4936  0 
 4937  0 
 4938  0 
 4939  0 
 4940  0 
 4941  0 
 4942  0 
 4943  0 
 4944  0 
 4945  0 
 4946  0 
 4947  0 
 4948  0 
 4949  0 
 4950  0 
 4951  0 
 4952  0 
 4953  0 
 4954  0 
 4955  0 
 4956  1 
 4957  0 
 4958  1 
 4959  0 
 4960  0 
 4961  0 
 4962  0 
 4963  0 
 4964  0 
 4965  0 
 4966  0 
 4967  0 
 4968  1 
 4969  1 
 4970  0 
 4971  0 
 4972  0 
 4973  0 
 4974  1 
 4975  0 
 4976  0 
 4977  0 
 4978  0 
 4979  0 
 4980  0 
 4981  0 
 4982  0 
 4983  0 
 4984  0 
 4985  1 
 4986  1 
 4987  0 
 4988  0 
 4989  0 
 4990  0 
 4991  0 
 4992  0 
 4993  0 
 4994  0 
 4995  0 
 4996  1 
 4997  0 
 4998  0 
 4999  0 
 5000  0 
 5001  0 
 5002  0 
 5003  0 
 5004  0 
 5005  0 
 5006  0 
 5007  0 
 5008  1 
 5009  0 
 5010  0 
 5011  0 
 5012  0 
 5013  1 
 5014  0 
 5015  1 
 5016  0 
 5017  0 
 5018  1 
 5019  0 
 5020  1 
 5021  2 
 5022  1 
 5023  0 
 5024  0 
 5025  0 
 5026  0 
 5027  0 
 5028  0 
 5029  0 
 5030  0 
 5031  0 
 5032  0 
 5033  0 
 5034  1 
 5035  0 
 5036  1 
 5037  1 
 5038  1 
 5039  2 
 5040  0 
 5041  0 
 5042  0 
 5043  0 
 5044  1 
 5045  0 
 5046  0 
 5047  0 
 5048  1 
 5049  1 
 5050  0 
 5051  1 
 5052  0 
 5053  1 
 5054  0 
 5055  1 
 5056  1 
 5057  0 
 5058  0 
 5059  0 
 5060  1 
 5061  0 
 5062  0 
 5063  0 
 5064  0 
 5065  0 
 5066  1 
 5067  0 
 5068  2 
 5069  0 
 5070  0 
 5071  0 
 5072  0 
 5073  0 
 5074  0 
 5075  0 
 5076  0 
 5077  0 
 5078  0 
 5079  1 
 5080  0 
 5081  0 
 5082  0 
 5083  1 
 5084  0 
 5085  0 
 5086  0 
 5087  0 
 5088  0 
 5089  0 
 5090  1 
 5091  2 
 5092  0 
 5093  0 
 5094  0 
 5095  0 
 5096  0 
 5097  0 
 5098  0 
 5099  0 
 5100  0 
 5101  2 
 5102  0 
 5103  0 
 5104  0 
 5105  0 
 5106  1 
 5107  1 
 5108  0 
 5109  0 
 5110  0 
 5111  0 
 5112  1 
 5113  0 
 5114  0 
 5115  1 
 5116  0 
 5117  0 
 5118  0 
 5119  0 
 5120  0 
 5121  0 
 5122  0 
 5123  1 
 5124  0 
 5125  0 
 5126  1 
 5127  0 
 5128  1 
 5129  2 
 5130  1 
 5131  0 
 5132  1 
 5133  0 
 5134  0 
 5135  0 
 5136  1 
 5137  0 
 5138  0 
 5139  0 
 5140  1 
 5141  0 
 5142  1 
 5143  0 
 5144  0 
 5145  0 
 5146  0 
 5147  2 
 5148  1 
 5149  0 
 5150  0 
 5151  0 
 5152  0 
 5153  0 
 5154  0 
 5155  1 
 5156  0 
 5157  0 
 5158  1 
 5159  0 
 5160  0 
 5161  0 
 5162  0 
 5163  0 
 5164  0 
 5165  0 
 5166  0 
 5167  1 
 5168  0 
 5169  1 
 5170  0 
 5171  0 
 5172  1 
 5173  1 
 5174  0 
 5175  1 
 5176  0 
 5177  0 
 5178  0 
 5179  1 
 5180  2 
 5181  0 
 5182  1 
 5183  0 
 5184  0 
 5185  0 
 5186  0 
 5187  1 
 5188  1 
 5189  0 
 5190  1 
 5191  0 
 5192  0 
 5193  0 
 5194  0 
 5195  0 
 5196  1 
 5197  0 
 5198  1 
 5199  1 
 5200  0 
 5201  0 
 5202  0 
 5203  0 
 5204  0 
 5205  0 
 5206  0 
 5207  1 
 5208  1 
 5209  0 
 5210  0 
 5211  0 
 5212  0 
 5213  0 
 5214  0 
 5215  1 
 5216  0 
 5217  0 
 5218  0 
 5219  0 
 5220  0 
 5221  0 
 5222  0 
 5223  0 
 5224  0 
 5225  0 
 5226  0 
 5227  1 
 5228  0 
 5229  0 
 5230  0 
 5231  1 
 5232  0 
 5233  0 
 5234  0 
 5235  0 
 5236  0 
 5237  0 
 5238  0 
 5239  0 
 5240  0 
 5241  0 
 5242  0 
 5243  0 
 5244  0 
 5245  0 
 5246  0 
 5247  0 
 5248  0 
 5249  0 
 5250  0 
 5251  0 
 5252  0 
 5253  0 
 5254  0 
 5255  0 
 5256  0 
 5257  0 
 5258  0 
 5259  0 
 5260  0 
 5261  1 
 5262  0 
 5263  0 
 5264  0 
 5265  0 
 5266  0 
 5267  0 
 5268  0 
 5269  0 
 5270  0 
 5271  0 
 5272  1 
 5273  0 
 5274  0 
 5275  0 
 5276  0 
 5277  0 
 5278  0 
 5279  0 
 5280  0 
 5281  0 
 5282  1 
 5283  1 
 5284  0 
 5285  0 
 5286  0 
 5287  0 
 5288  0 
 5289  1 
 5290  0 
 5291  0 
 5292  0 
 5293  0 
 5294  0 
 5295  0 
 5296  0 
 5297  0 
 5298  1 
 5299  0 
 5300  1 
 5301  0 
 5302  0 
 5303  0 
 5304  0 
 5305  0 
 5306  0 
 5307  0 
 5308  0 
 5309  0 
 5310  0 
 5311  0 
 5312  0 
 5313  0 
 5314  0 
 5315  0 
 5316  0 
 5317  0 
 5318  0 
 5319  0 
 5320  0 
 5321  0 
 5322  0 
 5323  0 
 5324  0 
 5325  1 
 5326  0 
 5327  0 
 5328  0 
 5329  0 
 5330  0 
 5331  0 
 5332  0 
 5333  0 
 5334  0 
 5335  0 
 5336  0 
 5337  0 
 5338  0 
 5339  0 
 5340  0 
 5341  0 
 5342  0 
 5343  0 
 5344  1 
 5345  0 
 5346  1 
 5347  0 
 5348  0 
 5349  0 
 5350  0 
 5351  0 
 5352  1 
 5353  0 
 5354  2 
 5355  1 
 5356  0 
 5357  0 
 5358  0 
 5359  0 
 5360  0 
 5361  0 
 5362  0 
 5363  0 
 5364  0 
 5365  0 
 5366  1 
 5367  0 
 5368  0 
 5369  0 
 5370  0 
 5371  0 
 5372  0 
 5373  0 
 5374  0 
 5375  1 
 5376  0 
 5377  0 
 5378  0 
 5379  0 
 5380  0 
 5381  0 
 5382  0 
 5383  0 
 5384  0 
 5385  1 
 5386  0 
 5387  0 
 5388  0 
 5389  0 
 5390  0 
 5391  0 
 5392  1 
 5393  0 
 5394  0 
 5395  0 
 5396  1 
 5397  0 
 5398  0 
 5399  0 
 5400  0 
 5401  0 
 5402  0 
 5403  0 
 5404  0 
 5405  0 
 5406  0 
 5407  0 
 5408  0 
 5409  0 
 5410  0 
 5411  0 
 5412  0 
 5413  0 
 5414  0 
 5415  0 
 5416  0 
 5417  0 
 5418  0 
 5419  0 
 5420  0 
 5421  0 
 5422  0 
 5423  0 
 5424  0 
 5425  0 
 5426  0 
 5427  0 
 5428  0 
 5429  0 
 5430  0 
 5431  1 
 5432  0 
 5433  0 
 5434  0 
 5435  0 
 5436  0 
 5437  0 
 5438  0 
 5439  0 
 5440  1 
 5441  0 
 5442  0 
 5443  0 
 5444  0 
 5445  0 
 5446  0 
 5447  0 
 5448  1 
 5449  0 
 5450  0 
 5451  0 
 5452  0 
 5453  0 
 5454  0 
 5455  0 
 5456  0 
 5457  0 
 5458  1 
 5459  0 
 5460  0 
 5461  0 
 5462  0 
 5463  0 
 5464  0 
 5465  1 
 5466  0 
 5467  0 
 5468  0 
 5469  0 
 5470  0 
 5471  1 
 5472  0 
 5473  1 
 5474  1 
 5475  0 
 5476  0 
 5477  1 
 5478  0 
 5479  0 
 5480  0 
 5481  0 
 5482  0 
 5483  0 
 5484  0 
 5485  0 
 5486  0 
 5487  0 
 5488  0 
 5489  1 
 5490  0 
 5491  0 
 5492  0 
 5493  0 
 5494  0 
 5495  0 
 5496  0 
 5497  0 
 5498  0 
 5499  0 
 5500  0 
 5501  0 
 5502  0 
 5503  1 
 5504  0 
 5505  0 
 5506  0 
 5507  0 
 5508  0 
 5509  0 
 5510  0 
 5511  0 
 5512  0 
 5513  0 
 5514  1 
 5515  0 
 5516  0 
 5517  0 
 5518  0 
 5519  0 
 5520  0 
 5521  0 
 5522  0 
 5523  0 
 5524  0 
 5525  1 
 5526  0 
 5527  1 
 5528  0 
 5529  0 
 5530  0 
 5531  0 
 5532  0 
 5533  0 
 5534  0 
 5535  0 
 5536  0 
 5537  0 
 5538  0 
 5539  0 
 5540  0 
 5541  0 
 5542  0 
 5543  0 
 5544  0 
 5545  0 
 5546  0 
 5547  0 
 5548  0 
 5549  0 
 5550  0 
 5551  0 
 5552  0 
 5553  0 
 5554  0 
 5555  0 
 5556  0 
 5557  0 
 5558  0 
 5559  0 
 5560  0 
 5561  0 
 5562  0 
 5563  0 
 5564  0 
 5565  0 
 5566  0 
 5567  0 
 5568  0 
 5569  0 
 5570  0 
 5571  0 
 5572  0 
 5573  0 
 5574  0 
 5575  0 
 5576  0 
 5577  1 
 5578  0 
 5579  2 
 5580  0 
 5581  0 
 5582  0 
 5583  0 
 5584  0 
 5585  1 
 5586  0 
 5587  0 
 5588  0 
 5589  0 
 5590  0 
 5591  0 
 5592  0 
 5593  0 
 5594  0 
 5595  0 
 5596  0 
 5597  0 
 5598  1 
 5599  0 
 5600  0 
 5601  0 
 5602  1 
 5603  0 
 5604  0 
 5605  0 
 5606  0 
 5607  0 
 5608  0 
 5609  0 
 5610  0 
 5611  0 
 5612  0 
 5613  0 
 5614  0 
 5615  0 
 5616  0 
 5617  0 
 5618  0 
 5619  0 
 5620  0 
 5621  0 
 5622  0 
 5623  0 
 5624  0 
 5625  0 
 5626  0 
 5627  0 
 5628  0 
 5629  0 
 5630  0 
 5631  0 
 5632  1 
 5633  0 
 5634  0 
 5635  0 
 5636  0 
 5637  0 
 5638  1 
 5639  0 
 5640  0 
 5641  0 
 5642  0 
 5643  0 
 5644  0 
 5645  0 
 5646  0 
 5647  0 
 5648  0 
 5649  0 
 5650  0 
 5651  0 
 5652  0 
 5653  0 
 5654  0 
 5655  0 
 5656  0 
 5657  0 
 5658  0 
 5659  0 
 5660  0 
 5661  0 
 5662  0 
 5663  0 
 5664  0 
 5665  0 
 5666  0 
 5667  0 
 5668  0 
 5669  0 
 5670  0 
 5671  0 
 5672  0 
 5673  0 
 5674  0 
 5675  0 
 5676  0 
 5677  0 
 5678  0 
 5679  0 
 5680  0 
 5681  0 
 5682  0 
 5683  0 
 5684  0 
 5685  0 
 5686  0 
 5687  0 
 5688  0 
 5689  0 
 5690  0 
 5691  0 
 5692  0 
 5693  0 
 5694  0 
 5695  0 
 5696  0 
 5697  0 
 5698  0 
 5699  0 
 5700  0 
 5701  0 
 5702  0 
 5703  0 
 5704  0 
 5705  0 
 5706  0 
 5707  0 
 5708  0 
 5709  0 
 5710  0 
 5711  0 
 5712  0 
 5713  0 
 5714  0 
 5715  0 
 5716  0 
 5717  0 
 5718  0 
 5719  0 
 5720  0 
 5721  0 
 5722  0 
 5723  0 
 5724  0 
 5725  0 
 5726  0 
 5727  0 
 5728  0 
 5729  0 
 5730  0 
 5731  0 
 5732  0 
 5733  0 
 5734  0 
 5735  0 
 5736  0 
 5737  0 
 5738  0 
 5739  0 
 5740  0 
 5741  0 
 5742  0 
 5743  0 
 5744  0 
 5745  0 
 5746  0 
 5747  0 
 5748  0 
 5749  0 
 5750  0 
 5751  0 
 5752  0 
 5753  0 
 5754  0 
 5755  0 
 5756  0 
 5757  0 
 5758  0 
 5759  0 
 5760  0 
 5761  0 
 5762  0 
 5763  0 
 5764  0 
 5765  0 
 5766  0 
 5767  0 
 5768  0 
 5769  0 
 5770  0 
 5771  0 
 5772  0 
 5773  0 
 5774  0 
 5775  0 
 5776  0 
 5777  0 
 5778  0 
 5779  0 
 5780  0 
 5781  0 
 5782  0 
 5783  0 
 5784  0 
 5785  0 
 5786  0 
 5787  0 
 5788  0 
 5789  0 
 5790  0 
 5791  0 
 5792  0 
 5793  0 
 5794  0 
 5795  0 
 5796  0 
 5797  0 
 5798  0 
 5799  0 
 5800  0 
 5801  0 
 5802  0 
 5803  0 
 5804  0 
 5805  0 
 5806  0 
 5807  0 
 5808  0 
 5809  0 
 5810  0 
 5811  0 
 5812  0 
 5813  0 
 5814  0 
 5815  0 
 5816  0 
 5817  0 
 5818  0 
 5819  0 
 5820  0 
 5821  0 
 5822  0 
 5823  0 
 5824  0 
 5825  0 
 5826  0 
 5827  0 
 5828  0 
 5829  0 
 5830  0 
 5831  0 
 5832  0 
 5833  0 
 5834  0 
 5835  0 
 5836  0 
 5837  0 
 5838  0 
 5839  0 
 5840  0 
 5841  0 
 5842  0 
 5843  0 
 5844  0 
 5845  0 
 5846  0 
 5847  0 
 5848  0 
 5849  0 
 5850  0 
 5851  0 
 5852  0 
 5853  0 
 5854  0 
 5855  0 
 5856  0 
 5857  0 
 5858  0 
 5859  0 
 5860  0 
 5861  0 
 5862  0 
 5863  0 
 5864  0 
 5865  0 
 5866  0 
 5867  0 
 5868  0 
 5869  0 
 5870  0 
 5871  0 
 5872  0 
 5873  0 
 5874  0 
 5875  0 
 5876  0 
 5877  0 
 5878  0 
 5879  0 
 5880  0 
 5881  0 
 5882  0 
 5883  0 
 5884  0 
 5885  0 
 5886  0 
 5887  0 
 5888  0 
 5889  0 
 5890  0 
 5891  0 
 5892  0 
 5893  0 
 5894  0 
 5895  0 
 5896  0 
 5897  0 
 5898  0 
 5899  0 
 5900  0 
 5901  0 
 5902  0 
 5903  0 
 5904  0 
 5905  0 
 5906  0 
 5907  0 
 5908  0 
 5909  0 
 5910  0 
 5911  0 
 5912  0 
 5913  0 
 5914  0 
 5915  0 
 5916  0 
 5917  0 
 5918  0 
 5919  0 
 5920  0 
 5921  0 
 5922  0 
 5923  0 
 5924  0 
 5925  0 
 5926  0 
 5927  0 
 5928  0 
 5929  0 
 5930  0 
 5931  0 
 5932  0 
 5933  0 
 5934  0 
 5935  0 
 5936  0 
 5937  0 
 5938  0 
 5939  0 
 5940  0 
 5941  0 
 5942  0 
 5943  0 
 5944  0 
 5945  0 
 5946  0 
 5947  0 
 5948  0 
 5949  0 
 5950  0 
 5951  0 
 5952  0 
 5953  0 
 5954  0 
 5955  0 
 5956  0 
 5957  0 
 5958  0 
 5959  0 
 5960  0 
 5961  0 
 5962  0 
 5963  0 
 5964  0 
 5965  0 
 5966  0 
 5967  0 
 5968  0 
 5969  0 
 5970  0 
 5971  0 
 5972  0 
 5973  0 
 5974  0 
 5975  0 
 5976  0 
 5977  0 
 5978  0 
 5979  0 
 5980  0 
 5981  0 
 5982  0 
 5983  0 
 5984  0 
 5985  0 
 5986  0 
 5987  0 
 5988  0 
 5989  0 
 5990  0 
 5991  0 
 5992  0 
 5993  0 
 5994  0 
 5995  0 
 5996  0 
 5997  0 
 5998  0 
 5999  0 
 6000  0 
 6001  0 
 6002  0 
 6003  0 
 6004  0 
 6005  0 
 6006  0 
 6007  0 
 6008  0 
 6009  0 
 6010  0 
 6011  0 
 6012  0 
 6013  0 
 6014  0 
 6015  0 
 6016  0 
 6017  0 
 6018  0 
 6019  0 
 6020  0 
 6021  0 
 6022  0 
 6023  0 
 6024  0 
 6025  0 
 6026  0 
 6027  0 
 6028  0 
 6029  0 
 6030  0 
 6031  0 
 6032  0 
 6033  0 
 6034  0 
 6035  0 
 6036  0 
 6037  0 
 6038  0 
 6039  0 
 6040  0 
 6041  0 
 6042  0 
 6043  0 
 6044  0 
 6045  0 
 6046  0 
 6047  0 
 6048  0 
 6049  0 
 6050  0 
 6051  0 
 6052  0 
 6053  0 
 6054  0 
 6055  0 
 6056  0 
 6057  0 
 6058  0 
 6059  0 
 6060  0 
 6061  0 
 6062  0 
 6063  0 
 6064  0 
 6065  0 
 6066  0 
 6067  0 
 6068  0 
 6069  0 
 6070  0 
 6071  0 
 6072  0 
 6073  0 
 6074  0 
 6075  0 
 6076  0 
 6077  0 
 6078  0 
 6079  0 
 6080  0 
 6081  0 
 6082  0 
 6083  0 
 6084  0 
 6085  0 
 6086  0 
 6087  0 
 6088  0 
 6089  0 
 6090  0 
 6091  0 
 6092  0 
 6093  0 
 6094  0 
 6095  0 
 6096  0 
 6097  0 
 6098  0 
 6099  0 
 6100  0 
 6101  0 
 6102  0 
 6103  0 
 6104  0 
 6105  0 
 6106  0 
 6107  0 
 6108  0 
 6109  0 
 6110  0 
 6111  0 
 6112  0 
 6113  0 
 6114  0 
 6115  0 
 6116  0 
 6117  0 
 6118  0 
 6119  0 
 6120  0 
 6121  0 
 6122  0 
 6123  0 
 6124  0 
 6125  0 
 6126  0 
 6127  0 
 6128  0 
 6129  0 
 6130  0 
 6131  0 
 6132  0 
 6133  0 
 6134  0 
 6135  0 
 6136  0 
 6137  0 
 6138  0 
 6139  0 
 6140  0 
 6141  0 
 6142  0 
 6143  0 
 6144  0 
 6145  0 
 6146  0 
 6147  0 
 6148  0 
 6149  0 
 6150  0 
 6151  0 
 6152  0 
 6153  0 
 6154  0 
 6155  0 
 6156  0 
 6157  0 
 6158  0 
 6159  0 
 6160  0 
 6161  0 
 6162  0 
 6163  0 
 6164  0 
 6165  0 
 6166  0 
 6167  0 
 6168  0 
 6169  0 
 6170  0 
 6171  0 
 6172  0 
 6173  0 
 6174  0 
 6175  0 
 6176  0 
 6177  0 
 6178  0 
 6179  0 
 6180  0 
 6181  0 
 6182  0 
 6183  0 
 6184  0 
 6185  0 
 6186  0 
 6187  0 
 6188  0 
 6189  0 
 6190  0 
 6191  0 
 6192  0 
 6193  0 
 6194  0 
 6195  0 
 6196  0 
 6197  0 
 6198  0 
 6199  0 
 6200  0 
 6201  0 
 6202  0 
 6203  0 
 6204  0 
 6205  0 
 6206  0 
 6207  0 
 6208  0 
 6209  0 
 6210  0 
 6211  0 
 6212  0 
 6213  0 
 6214  0 
 6215  0 
 6216  0 
 6217  0 
 6218  0 
 6219  0 
 6220  0 
 6221  0 
 6222  0 
 6223  0 
 6224  0 
 6225  0 
 6226  0 
 6227  0 
 6228  0 
 6229  0 
 6230  0 
 6231  0 
 6232  0 
 6233  0 
 6234  0 
 6235  0 
 6236  0 
 6237  0 
 6238  0 
 6239  0 
 6240  0 
 6241  0 
 6242  0 
 6243  0 
 6244  0 
 6245  0 
 6246  0 
 6247  0 
 6248  0 
 6249  0 
 6250  0 
 6251  0 
 6252  0 
 6253  0 
 6254  0 
 6255  0 
 6256  0 
 6257  0 
 6258  0 
 6259  0 
 6260  0 
 6261  0 
 6262  0 
 6263  0 
 6264  0 
 6265  0 
 6266  0 
 6267  0 
 6268  0 
 6269  0 
 6270  0 
 6271  0 
 6272  0 
 6273  0 
 6274  0 
 6275  0 
 6276  0 
 6277  0 
 6278  0 
 6279  0 
 6280  0 
 6281  0 
 6282  0 
 6283  0 
 6284  0 
 6285  0 
 6286  0 
 6287  0 
 6288  0 
 6289  0 
 6290  0 
 6291  0 
 6292  0 
 6293  0 
 6294  0 
 6295  0 
 6296  0 
 6297  0 
 6298  0 
 6299  0 
 6300  0 
 6301  0 
 6302  0 
 6303  0 
 6304  0 
 6305  0 
 6306  0 
 6307  0 
 6308  0 
 6309  0 
 6310  0 
 6311  0 
 6312  0 
 6313  0 
 6314  0 
 6315  0 
 6316  0 
 6317  0 
 6318  0 
 6319  0 
 6320  0 
 6321  0 
 6322  0 
 6323  0 
 6324  0 
 6325  0 
 6326  0 
 6327  0 
 6328  0 
 6329  0 
 6330  0 
 6331  0 
 6332  0 
 6333  0 
 6334  0 
 6335  0 
 6336  0 
 6337  0 
 6338  0 
 6339  0 
 6340  0 
 6341  0 
 6342  0 
 6343  0 
 6344  0 
 6345  0 
 6346  0 
 6347  0 
 6348  0 
 6349  0 
 6350  0 
 6351  0 
 6352  0 
 6353  0 
 6354  0 
 6355  0 
 6356  0 
 6357  0 
 6358  0 
 6359  0 
 6360  0 
 6361  0 
 6362  0 
 6363  0 
 6364  0 
 6365  0 
 6366  0 
 6367  0 
 6368  0 
 6369  0 
 6370  0 
 6371  0 
 6372  0 
 6373  0 
 6374  0 
 6375  0 
 6376  0 
 6377  0 
 6378  0 
 6379  0 
 6380  0 
 6381  0 
 6382  0 
 6383  0 
 6384  0 
 6385  0 
 6386  0 
 6387  0 
 6388  0 
 6389  0 
 6390  0 
 6391  0 
 6392  0 
 6393  0 
 6394  0 
 6395  0 
 6396  0 
 6397  0 
 6398  0 
 6399  0 
 6400  0 
 6401  0 
 6402  0 
 6403  0 
 6404  0 
 6405  0 
 6406  0 
 6407  0 
 6408  0 
 6409  0 
 6410  0 
 6411  0 
 6412  0 
 6413  0 
 6414  0 
 6415  1 
 6416  0 
 6417  0 
 6418  0 
 6419  0 
 6420  0 
 6421  0 
 6422  0 
 6423  0 
 6424  0 
 6425  0 
 6426  0 
 6427  0 
 6428  0 
 6429  0 
 6430  0 
 6431  0 
 6432  0 
 6433  0 
 6434  0 
 6435  0 
 6436  0 
 6437  0 
 6438  0 
 6439  0 
 6440  0 
 6441  0 
 6442  0 
 6443  0 
 6444  0 
 6445  0 
 6446  0 
 6447  0 
 6448  0 
 6449  0 
 6450  0 
 6451  0 
 6452  0 
 6453  0 
 6454  0 
 6455  0 
 6456  0 
 6457  0 
 6458  0 
 6459  0 
 6460  0 
 6461  0 
 6462  0 
 6463  0 
 6464  0 
 6465  0 
 6466  0 
 6467  0 
 6468  0 
 6469  0 
 6470  1 
 6471  0 
 6472  0 
 6473  0 
 6474  0 
 6475  0 
 6476  0 
 6477  0 
 6478  0 
 6479  0 
 6480  0 
 6481  0 
 6482  0 
 6483  0 
 6484  0 
 6485  0 
 6486  0 
 6487  1 
 6488  0 
 6489  0 
 6490  0 
 6491  0 
 6492  0 
 6493  0 
 6494  0 
 6495  0 
 6496  0 
 6497  0 
 6498  0 
 6499  1 
 6500  0 
 6501  0 
 6502  0 
 6503  0 
 6504  0 
 6505  0 
 6506  0 
 6507  0 
 6508  0 
 6509  0 
 6510  0 
 6511  0 
 6512  0 
 6513  0 
 6514  0 
 6515  0 
 6516  0 
 6517  0 
 6518  0 
 6519  0 
 6520  0 
 6521  0 
 6522  0 
 6523  0 
 6524  0 
 6525  0 
 6526  0 
 6527  0 
 6528  0 
 6529  0 
 6530  0 
 6531  0 
 6532  1 
 6533  1 
 6534  0 
 6535  0 
 6536  0 
 6537  0 
 6538  0 
 6539  0 
 6540  0 
 6541  0 
 6542  1 
 6543  0 
 6544  0 
 6545  0 
 6546  0 
 6547  1 
 6548  0 
 6549  1 
 6550  1 
 6551  0 
 6552  0 
 6553  0 
 6554  0 
 6555  0 
 6556  0 
 6557  0 
 6558  0 
 6559  1 
 6560  0 
 6561  0 
 6562  1 
 6563  0 
 6564  0 
 6565  0 
 6566  0 
 6567  0 
 6568  1 
 6569  0 
 6570  0 
 6571  0 
 6572  1 
 6573  1 
 6574  0 
 6575  0 
 6576  0 
 6577  0 
 6578  0 
 6579  0 
 6580  1 
 6581  1 
 6582  0 
 6583  0 
 6584  0 
 6585  0 
 6586  0 
 6587  0 
 6588  0 
 6589  0 
 6590  0 
 6591  0 
 6592  0 
 6593  1 
 6594  1 
 6595  2 
 6596  0 
 6597  0 
 6598  1 
 6599  0 
 6600  0 
 6601  2 
 6602  0 
 6603  0 
 6604  0 
 6605  0 
 6606  0 
 6607  0 
 6608  1 
 6609  0 
 6610  0 
 6611  0 
 6612  0 
 6613  1 
 6614  1 
 6615  0 
 6616  1 
 6617  0 
 6618  1 
 6619  0 
 6620  1 
 6621  1 
 6622  0 
 6623  1 
 6624  1 
 6625  1 
 6626  0 
 6627  0 
 6628  0 
 6629  1 
 6630  0 
 6631  0 
 6632  0 
 6633  1 
 6634  0 
 6635  0 
 6636  0 
 6637  0 
 6638  0 
 6639  1 
 6640  0 
 6641  1 
 6642  2 
 6643  0 
 6644  0 
 6645  1 
 6646  0 
 6647  0 
 6648  0 
 6649  2 
 6650  1 
 6651  0 
 6652  0 
 6653  0 
 6654  1 
 6655  0 
 6656  0 
 6657  0 
 6658  0 
 6659  0 
 6660  0 
 6661  0 
 6662  1 
 6663  1 
 6664  0 
 6665  1 
 6666  0 
 6667  0 
 6668  0 
 6669  0 
 6670  0 
 6671  0 
 6672  1 
 6673  1 
 6674  2 
 6675  0 
 6676  1 
 6677  0 
 6678  1 
 6679  1 
 6680  0 
 6681  0 
 6682  0 
 6683  1 
 6684  0 
 6685  0 
 6686  0 
 6687  0 
 6688  0 
 6689  0 
 6690  0 
 6691  0 
 6692  0 
 6693  1 
 6694  0 
 6695  0 
 6696  0 
 6697  0 
 6698  0 
 6699  0 
 6700  2 
 6701  0 
 6702  0 
 6703  0 
 6704  1 
 6705  0 
 6706  0 
 6707  1 
 6708  0 
 6709  0 
 6710  0 
 6711  0 
 6712  0 
 6713  0 
 6714  0 
 6715  1 
 6716  0 
 6717  0 
 6718  0 
 6719  0 
 6720  0 
 6721  0 
 6722  0 
 6723  0 
 6724  0 
 6725  0 
 6726  1 
 6727  0 
 6728  0 
 6729  0 
 6730  0 
 6731  0 
 6732  0 
 6733  0 
 6734  0 
 6735  0 
 6736  0 
 6737  0 
 6738  0 
 6739  0 
 6740  0 
 6741  0 
 6742  0 
 6743  0 
 6744  0 
 6745  0 
 6746  0 
 6747  0 
 6748  0 
 6749  0 
 6750  0 
 6751  0 
 6752  0 
 6753  0 
 6754  0 
 6755  0 
 6756  0 
 6757  0 
 6758  0 
 6759  0 
 6760  0 
 6761  0 
 6762  0 
 6763  0 
 6764  0 
 6765  0 
 6766  0 
 6767  0 
 6768  0 
 6769  0 
 6770  0 
 6771  0 
 6772  0 
 6773  0 
 6774  0 
 6775  0 
 6776  0 
 6777  0 
 6778  0 
 6779  0 
 6780  0 
 6781  0 
 6782  0 
 6783  0 
 6784  0 
 6785  0 
 6786  0 
 6787  0 
 6788  0 
 6789  0 
 6790  0 
 6791  0 
 6792  0 
 6793  0 
 6794  0 
 6795  0 
 6796  0 
 6797  0 
 6798  0 
 6799  0 
 6800  0 
 6801  0 
 6802  0 
 6803  0 
 6804  0 
 6805  0 
 6806  0 
 6807  0 
 6808  0 
 6809  0 
 6810  0 
 6811  0 
 6812  0 
 6813  0 
 6814  0 
 6815  0 
 6816  0 
 6817  0 
 6818  0 
 6819  0 
 6820  0 
 6821  0 
 6822  0 
 6823  0 
 6824  0 
 6825  0 
 6826  0 
 6827  0 
 6828  0 
 6829  0 
 6830  0 
 6831  0 
 6832  0 
 6833  0 
 6834  0 
 6835  0 
 6836  0 
 6837  0 
 6838  0 
 6839  0 
 6840  0 
 6841  0 
 6842  0 
 6843  0 
 6844  0 
 6845  0 
 6846  0 
 6847  0 
 6848  0 
 6849  0 
 6850  0 
 6851  0 
 6852  0 
 6853  0 
 6854  0 
 6855  0 
 6856  0 
 6857  0 
 6858  0 
 6859  0 
 6860  0 
 6861  0 
 6862  0 
 6863  0 
 6864  0 
 6865  0 
 6866  0 
 6867  0 
 6868  0 
 6869  0 
 6870  0 
 6871  0 
 6872  0 
 6873  0 
 6874  0 
 6875  0 
 6876  0 
 6877  0 
 6878  0 
 6879  0 
 6880  0 
 6881  0 
 6882  0 
 6883  0 
 6884  0 
 6885  0 
 6886  0 
 6887  0 
 6888  0 
 6889  0 
 6890  0 
 6891  0 
 6892  0 
 6893  0 
 6894  0 
 6895  0 
 6896  0 
 6897  0 
 6898  0 
 6899  0 
 6900  0 
 6901  0 
 6902  0 
 6903  0 
 6904  0 
 6905  0 
 6906  0 
 6907  0 
 6908  0 
 6909  0 
 6910  0 
 6911  0 
 6912  0 
 6913  0 
 6914  0 
 6915  0 
 6916  0 
 6917  0 
 6918  0 
 6919  0 
 6920  0 
 6921  0 
 6922  0 
 6923  0 
 6924  0 
 6925  0 
 6926  0 
 6927  0 
 6928  0 
 6929  0 
 6930  0 
 6931  0 
 6932  0 
 6933  0 
 6934  0 
 6935  0 
 6936  0 
 6937  0 
 6938  0 
 6939  0 
 6940  0 
 6941  0 
 6942  0 
 6943  0 
 6944  0 
 6945  0 
 6946  0 
 6947  0 
 6948  0 
 6949  0 
 6950  0 
 6951  0 
 6952  0 
 6953  0 
 6954  0 
 6955  0 
 6956  0 
 6957  0 
 6958  0 
 6959  0 
 6960  0 
 6961  0 
 6962  0 
 6963  0 
 6964  0 
 6965  0 
 6966  0 
 6967  0 
 6968  0 
 6969  0 
 6970  0 
 6971  0 
 6972  0 
 6973  0 
 6974  0 
 6975  0 
 6976  0 
 6977  0 
 6978  0 
 6979  0 
 6980  0 
 6981  0 
 6982  0 
 6983  0 
 6984  0 
 6985  0 
 6986  0 
 6987  0 
 6988  0 
 6989  0 
 6990  0 
 6991  0 
 6992  0 
 6993  0 
 6994  0 
 6995  0 
 6996  0 
 6997  0 
 6998  0 
 6999  0 
 7000  0 
 7001  0 
 7002  0 
 7003  0 
 7004  0 
 7005  0 
 7006  0 
 7007  0 
 7008  0 
 7009  0 
 7010  0 
 7011  0 
 7012  0 
 7013  0 
 7014  0 
 7015  0 
 7016  0 
 7017  0 
 7018  0 
 7019  0 
 7020  0 
 7021  0 
 7022  0 
 7023  0 
 7024  0 
 7025  0 
 7026  0 
 7027  0 
 7028  0 
 7029  0 
 7030  0 
 7031  0 
 7032  0 
 7033  0 
 7034  0 
 7035  0 
 7036  0 
 7037  0 
 7038  0 
 7039  0 
 7040  0 
 7041  0 
 7042  0 
 7043  0 
 7044  0 
 7045  0 
 7046  0 
 7047  0 
 7048  0 
 7049  0 
 7050  0 
 7051  0 
 7052  0 
 7053  0 
 7054  0 
 7055  0 
 7056  0 
 7057  0 
 7058  0 
 7059  0 
 7060  0 
 7061  0 
 7062  0 
 7063  0 
 7064  0 
 7065  0 
 7066  0 
 7067  0 
 7068  0 
 7069  0 
 7070  0 
 7071  0 
 7072  0 
 7073  0 
 7074  0 
 7075  0 
 7076  0 
 7077  0 
 7078  0 
 7079  0 
 7080  0 
 7081  0 
 7082  0 
 7083  0 
 7084  0 
 7085  0 
 7086  0 
 7087  0 
 7088  0 
 7089  0 
 7090  0 
 7091  0 
 7092  0 
 7093  0 
 7094  0 
 7095  0 
 7096  0 
 7097  0 
 7098  0 
 7099  0 
 7100  0 
 7101  0 
 7102  0 
 7103  0 
 7104  0 
 7105  0 
 7106  0 
 7107  0 
 7108  0 
 7109  0 
 7110  0 
 7111  0 
 7112  0 
 7113  0 
 7114  0 
 7115  0 
 7116  0 
 7117  0 
 7118  0 
 7119  0 
 7120  0 
 7121  0 
 7122  0 
 7123  0 
 7124  0 
 7125  0 
 7126  0 
 7127  0 
 7128  0 
 7129  0 
 7130  0 
 7131  0 
 7132  0 
 7133  0 
 7134  0 
 7135  0 
 7136  0 
 7137  0 
 7138  0 
 7139  0 
 7140  0 
 7141  0 
 7142  0 
 7143  0 
 7144  0 
 7145  0 
 7146  0 
 7147  0 
 7148  0 
 7149  0 
 7150  0 
 7151  0 
 7152  0 
 7153  0 
 7154  0 
 7155  0 
 7156  0 
 7157  0 
 7158  0 
 7159  0 
 7160  0 
 7161  0 
 7162  0 
 7163  0 
 7164  0 
 7165  0 
 7166  0 
 7167  0 
 7168  0 
 7169  0 
 7170  0 
 7171  0 
 7172  0 
 7173  0 
 7174  0 
 7175  0 
 7176  0 
 7177  0 
 7178  0 
 7179  0 
 7180  0 
 7181  0 
 7182  0 
 7183  0 
 7184  0 
 7185  0 
 7186  0 
 7187  0 
 7188  0 
 7189  0 
 7190  0 
 7191  0 
 7192  0 
 7193  0 
 7194  0 
 7195  0 
 7196  0 
 7197  0 
 7198  0 
 7199  0 
 7200  0 
 7201  0 
 7202  0 
 7203  0 
 7204  0 
 7205  0 
 7206  0 
 7207  0 
 7208  0 
 7209  0 
 7210  0 
 7211  0 
 7212  0 
 7213  0 
 7214  0 
 7215  0 
 7216  0 
 7217  0 
 7218  0 
 7219  0 
 7220  0 
 7221  0 
 7222  0 
 7223  0 
 7224  0 
 7225  0 
 7226  0 
 7227  0 
 7228  0 
 7229  0 
 7230  0 
 7231  0 
 7232  0 
 7233  0 
 7234  0 
 7235  0 
 7236  0 
 7237  0 
 7238  0 
 7239  0 
 7240  0 
 7241  0 
 7242  0 
 7243  0 
 7244  0 
 7245  0 
 7246  0 
 7247  0 
 7248  0 
 7249  0 
 7250  0 
 7251  0 
 7252  0 
 7253  0 
 7254  0 
 7255  0 
 7256  0 
 7257  0 
 7258  0 
 7259  0 
 7260  0 
 7261  0 
 7262  0 
 7263  0 
 7264  0 
 7265  0 
 7266  0 
 7267  0 
 7268  0 
 7269  0 
 7270  0 
 7271  0 
 7272  0 
 7273  0 
 7274  0 
 7275  0 
 7276  0 
 7277  0 
 7278  0 
 7279  0 
 7280  0 
 7281  0 
 7282  0 
 7283  0 
 7284  0 
 7285  0 
 7286  0 
 7287  0 
 7288  0 
 7289  0 
 7290  0 
 7291  0 
 7292  0 
 7293  0 
 7294  0 
 7295  0 
 7296  0 
 7297  0 
 7298  0 
 7299  0 
 7300  0 
 7301  0 
 7302  0 
 7303  0 
 7304  0 
 7305  0 
 7306  0 
 7307  0 
 7308  0 
 7309  0 
 7310  0 
 7311  0 
 7312  0 
 7313  0 
 7314  0 
 7315  0 
 7316  0 
 7317  0 
 7318  0 
 7319  0 
 7320  0 
 7321  0 
 7322  0 
 7323  0 
 7324  0 
 7325  0 
 7326  0 
 7327  0 
 7328  0 
 7329  0 
 7330  0 
 7331  0 
 7332  0 
 7333  0 
 7334  0 
 7335  0 
 7336  0 
 7337  0 
 7338  0 
 7339  0 
 7340  0 
 7341  0 
 7342  0 
 7343  0 
 7344  0 
 7345  0 
 7346  0 
 7347  0 
 7348  0 
 7349  0 
 7350  0 
 7351  0 
 7352  0 
 7353  0 
 7354  0 
 7355  0 
 7356  0 
 7357  0 
 7358  0 
 7359  0 
 7360  0 
 7361  0 
 7362  0 
 7363  0 
 7364  0 
 7365  0 
 7366  0 
 7367  0 
 7368  0 
 7369  0 
 7370  0 
 7371  0 
 7372  0 
 7373  0 
 7374  0 
 7375  0 
 7376  0 
 7377  0 
 7378  0 
 7379  0 
 7380  0 
 7381  0 
 7382  0 
 7383  0 
 7384  0 
 7385  0 
 7386  0 
 7387  0 
 7388  0 
 7389  0 
 7390  0 
 7391  0 
 7392  0 
 7393  0 
 7394  0 
 7395  0 
 7396  0 
 7397  0 
 7398  0 
 7399  0 
 7400  0 
 7401  0 
 7402  0 
 7403  0 
 7404  0 
 7405  0 
 7406  0 
 7407  0 
 7408  0 
 7409  0 
 7410  0 
 7411  0 
 7412  0 
 7413  0 
 7414  0 
 7415  0 
 7416  0 
 7417  0 
 7418  0 
 7419  0 
 7420  0 
 7421  0 
 7422  0 
 7423  0 
 7424  0 
 7425  0 
 7426  0 
 7427  0 
 7428  0 
 7429  0 
 7430  0 
 7431  0 
 7432  0 
 7433  0 
 7434  0 
 7435  0 
 7436  0 
 7437  0 
 7438  0 
 7439  0 
 7440  0 
 7441  0 
 7442  0 
 7443  0 
 7444  0 
 7445  0 
 7446  0 
 7447  0 
 7448  0 
 7449  0 
 7450  0 
 7451  0 
 7452  0 
 7453  0 
 7454  0 
 7455  0 
 7456  0 
 7457  0 
 7458  0 
 7459  0 
 7460  0 
 7461  0 
 7462  0 
 7463  0 
 7464  0 
 7465  0 
 7466  0 
 7467  0 
 7468  0 
 7469  0 
 7470  0 
 7471  0 
 7472  0 
 7473  0 
 7474  0 
 7475  0 
 7476  0 
 7477  0 
 7478  0 
 7479  0 
 7480  0 
 7481  0 
 7482  0 
 7483  0 
 7484  0 
 7485  0 
 7486  0 
 7487  0 
 7488  0 
 7489  0 
 7490  0 
 7491  0 
 7492  0 
 7493  0 
 7494  0 
 7495  0 
 7496  0 
 7497  0 
 7498  0 
 7499  0 
 7500  0 
 7501  0 
 7502  0 
 7503  0 
 7504  0 
 7505  0 
 7506  0 
 7507  0 
 7508  0 
 7509  0 
 7510  0 
 7511  0 
 7512  0 
 7513  0 
 7514  0 
 7515  0 
 7516  0 
 7517  0 
 7518  0 
 7519  0 
 7520  0 
 7521  0 
 7522  0 
 7523  0 
 7524  0 
 7525  0 
 7526  0 
 7527  0 
 7528  0 
 7529  0 
 7530  0 
 7531  0 
 7532  0 
 7533  0 
 7534  0 
 7535  0 
 7536  0 
 7537  0 
 7538  0 
 7539  0 
 7540  0 
 7541  0 
 7542  0 
 7543  0 
 7544  0 
 7545  0 
 7546  0 
 7547  0 
 7548  0 
 7549  0 
 7550  0 
 7551  0 
 7552  0 
 7553  0 
 7554  0 
 7555  0 
 7556  0 
 7557  0 
 7558  0 
 7559  0 
 7560  0 
 7561  0 
 7562  0 
 7563  0 
 7564  0 
 7565  0 
 7566  0 
 7567  0 
 7568  0 
 7569  0 
 7570  0 
 7571  0 
 7572  0 
 7573  0 
 7574  0 
 7575  0 
 7576  0 
 7577  0 
 7578  0 
 7579  0 
 7580  0 
 7581  0 
 7582  0 
 7583  0 
 7584  0 
 7585  0 
 7586  0 
 7587  0 
 7588  0 
 7589  0 
 7590  0 
 7591  0 
 7592  0 
 7593  0 
 7594  0 
 7595  0 
 7596  0 
 7597  0 
 7598  0 
 7599  0 
 7600  0 
 7601  0 
 7602  0 
 7603  0 
 7604  0 
 7605  0 
 7606  0 
 7607  0 
 7608  0 
 7609  0 
 7610  0 
 7611  0 
 7612  0 
 7613  0 
 7614  0 
 7615  0 
 7616  0 
 7617  0 
 7618  0 
 7619  0 
 7620  0 
 7621  0 
 7622  0 
 7623  0 
 7624  0 
 7625  0 
 7626  0 
 7627  0 
 7628  0 
 7629  0 
 7630  0 
 7631  0 
 7632  0 
 7633  0 
 7634  0 
 7635  0 
 7636  0 
 7637  0 
 7638  0 
 7639  0 
 7640  0 
 7641  0 
 7642  0 
 7643  0 
 7644  0 
 7645  0 
 7646  0 
 7647  1 
 7648  0 
 7649  0 
 7650  0 
 7651  0 
 7652  0 
 7653  0 
 7654  0 
 7655  0 
 7656  0 
 7657  0 
 7658  0 
 7659  0 
 7660  0 
 7661  0 
 7662  0 
 7663  0 
 7664  0 
 7665  0 
 7666  0 
 7667  0 
 7668  0 
 7669  0 
 7670  0 
 7671  0 
 7672  0 
 7673  0 
 7674  0 
 7675  0 
 7676  0 
 7677  0 
 7678  0 
 7679  0 
 7680  0 
 7681  0 
 7682  0 
 7683  0 
 7684  0 
 7685  0 
 7686  0 
 7687  0 
 7688  0 
 7689  0 
 7690  0 
 7691  0 
 7692  0 
 7693  0 
 7694  0 
 7695  0 
 7696  0 
 7697  0 
 7698  0 
 7699  0 
 7700  0 
 7701  0 
 7702  0 
 7703  0 
 7704  0 
 7705  0 
 7706  0 
 7707  0 
 7708  0 
 7709  0 
 7710  0 
 7711  0 
 7712  0 
 7713  0 
 7714  0 
 7715  0 
 7716  0 
 7717  0 
 7718  0 
 7719  0 
 7720  0 
 7721  0 
 7722  0 
 7723  0 
 7724  0 
 7725  0 
 7726  0 
 7727  0 
 7728  0 
 7729  0 
 7730  0 
 7731  0 
 7732  0 
 7733  0 
 7734  0 
 7735  0 
 7736  0 
 7737  0 
 7738  0 
 7739  0 
 7740  0 
 7741  0 
 7742  0 
 7743  0 
 7744  0 
 7745  0 
 7746  0 
 7747  0 
 7748  0 
 7749  0 
 7750  0 
 7751  0 
 7752  0 
 7753  0 
 7754  0 
 7755  0 
 7756  0 
 7757  0 
 7758  0 
 7759  0 
 7760  0 
 7761  0 
 7762  0 
 7763  0 
 7764  0 
 7765  0 
 7766  0 
 7767  0 
 7768  0 
 7769  0 
 7770  0 
 7771  0 
 7772  0 
 7773  0 
 7774  0 
 7775  0 
 7776  0 
 7777  0 
 7778  0 
 7779  0 
 7780  0 
 7781  0 
 7782  0 
 7783  0 
 7784  0 
 7785  0 
 7786  0 
 7787  0 
 7788  0 
 7789  0 
 7790  0 
 7791  0 
 7792  0 
 7793  0 
 7794  0 
 7795  0 
 7796  0 
 7797  0 
 7798  0 
 7799  0 
 7800  0 
 7801  0 
 7802  0 
 7803  0 
 7804  0 
 7805  0 
 7806  0 
 7807  0 
 7808  0 
 7809  0 
 7810  0 
 7811  0 
 7812  0 
 7813  0 
 7814  0 
 7815  0 
 7816  0 
 7817  0 
 7818  0 
 7819  0 
 7820  0 
 7821  0 
 7822  0 
 7823  0 
 7824  0 
 7825  0 
 7826  0 
 7827  0 
 7828  0 
 7829  0 
 7830  0 
 7831  0 
 7832  0 
 7833  0 
 7834  0 
 7835  0 
 7836  0 
 7837  0 
 7838  0 
 7839  0 
 7840  0 
 7841  0 
 7842  0 
 7843  0 
 7844  0 
 7845  0 
 7846  0 
 7847  0 
 7848  0 
 7849  0 
 7850  0 
 7851  0 
 7852  0 
 7853  0 
 7854  0 
 7855  0 
 7856  0 
 7857  0 
 7858  0 
 7859  0 
 7860  0 
 7861  0 
 7862  0 
 7863  0 
 7864  0 
 7865  0 
 7866  0 
 7867  0 
 7868  0 
 7869  0 
 7870  0 
 7871  0 
 7872  0 
 7873  0 
 7874  0 
 7875  0 
 7876  0 
 7877  0 
 7878  0 
 7879  0 
 7880  0 
 7881  0 
 7882  0 
 7883  0 
 7884  0 
 7885  0 
 7886  0 
 7887  0 
 7888  0 
 7889  0 
 7890  0 
 7891  0 
 7892  0 
 7893  0 
 7894  0 
 7895  0 
 7896  0 
 7897  0 
 7898  0 
 7899  0 
 7900  0 
 7901  0 
 7902  0 
 7903  0 
 7904  0 
 7905  0 
 7906  0 
 7907  0 
 7908  0 
 7909  0 
 7910  0 
 7911  0 
 7912  0 
 7913  0 
 7914  0 
 7915  0 
 7916  0 
 7917  0 
 7918  0 
 7919  0 
 7920  0 
 7921  0 
 7922  0 
 7923  0 
 7924  0 
 7925  0 
 7926  0 
 7927  0 
 7928  0 
 7929  0 
 7930  0 
 7931  0 
 7932  0 
 7933  0 
 7934  0 
 7935  0 
 7936  0 
 7937  0 
 7938  0 
 7939  0 
 7940  0 
 7941  0 
 7942  0 
 7943  0 
 7944  0 
 7945  0 
 7946  0 
 7947  0 
 7948  0 
 7949  0 
 7950  0 
 7951  0 
 7952  0 
 7953  0 
 7954  0 
 7955  0 
 7956  0 
 7957  0 
 7958  0 
 7959  0 
 7960  0 
 7961  0 
 7962  0 
 7963  0 
 7964  0 
 7965  0 
 7966  0 
 7967  0 
 7968  0 
 7969  0 
 7970  0 
 7971  0 
 7972  0 
 7973  0 
 7974  0 
 7975  0 
 7976  0 
 7977  0 
 7978  0 
 7979  0 
 7980  0 
 7981  0 
 7982  0 
 7983  0 
 7984  0 
 7985  0 
 7986  0 
 7987  0 
 7988  0 
 7989  0 
 7990  0 
 7991  0 
 7992  0 
 7993  0 
 7994  0 
 7995  0 
 7996  0 
 7997  0 
 7998  0 
 7999  0 
 8000  0 
 8001  0 
 8002  0 
 8003  0 
 8004  0 
 8005  0 
 8006  0 
 8007  0 
 8008  0 
 8009  0 
 8010  0 
 8011  0 
 8012  0 
 8013  0 
 8014  0 
 8015  0 
 8016  0 
 8017  0 
 8018  0 
 8019  0 
 8020  0 
 8021  0 
 8022  0 
 8023  0 
 8024  0 
 8025  0 
 8026  0 
 8027  0 
 8028  0 
 8029  0 
 8030  0 
 8031  0 
 8032  0 
 8033  0 
 8034  0 
 8035  0 
 8036  0 
 8037  0 
 8038  0 
 8039  0 
 8040  0 
 8041  0 
 8042  0 
 8043  0 
 8044  0 
 8045  0 
 8046  0 
 8047  0 
 8048  0 
 8049  0 
 8050  0 
 8051  0 
 8052  0 
 8053  0 
 8054  0 
 8055  0 
 8056  0 
 8057  0 
 8058  0 
 8059  0 
 8060  0 
 8061  0 
 8062  0 
 8063  0 
 8064  0 
 8065  0 
 8066  0 
 8067  0 
 8068  0 
 8069  0 
 8070  0 
 8071  0 
 8072  0 
 8073  0 
 8074  0 
 8075  0 
 8076  0 
 8077  0 
 8078  0 
 8079  0 
 8080  0 
 8081  0 
 8082  0 
 8083  0 
 8084  0 
 8085  0 
 8086  0 
 8087  0 
 8088  0 
 8089  0 
 8090  0 
 8091  0 
 8092  0 
 8093  0 
 8094  0 
 8095  0 
 8096  0 
 8097  0 
 8098  0 
 8099  0 
 8100  0 
 8101  0 
 8102  0 
 8103  0 
 8104  0 
 8105  0 
 8106  0 
 8107  0 
 8108  0 
 8109  0 
 8110  0 
 8111  0 
 8112  0 
 8113  0 
 8114  0 
 8115  0 
 8116  0 
 8117  0 
 8118  0 
 8119  0 
 8120  0 
 8121  0 
 8122  0 
 8123  0 
 8124  0 
 8125  0 
 8126  0 
 8127  0 
 8128  0 
 8129  0 
 8130  0 
 8131  0 
 8132  0 
 8133  0 
 8134  0 
 8135  0 
 8136  0 
 8137  0 
 8138  0 
 8139  0 
 8140  0 
 8141  0 
 8142  0 
 8143  0 
 8144  0 
 8145  0 
 8146  0 
 8147  0 
 8148  0 
 8149  0 
 8150  0 
 8151  0 
 8152  0 
 8153  0 
 8154  0 
 8155  0 
 8156  0 
 8157  0 
 8158  0 
 8159  0 
 8160  0 
 8161  0 
 8162  0 
 8163  0 
 8164  0 
 8165  0 
 8166  0 
 8167  0 
 8168  0 
 8169  0 
 8170  0 
 8171  0 
 8172  0 
 8173  0 
 8174  0 
 8175  0 
 8176  0 
 8177  0 
 8178  0 
 8179  0 
 8180  0 
 8181  0 
 8182  0 
 8183  0 
 8184  0 
 8185  0 
 8186  0 
 8187  0 
 8188  0 
 8189  0 
 8190  0 
 8191  0 
