 0  891 
 1  928 
 2  0 
 3  0 
 4  0 
 5  0 
 6  0 
 7  0 
 8  0 
 9  0 
 10  0 
 11  0 
 12  0 
 13  0 
 14  0 
 15  0 
 16  0 
 17  0 
 18  0 
 19  0 
 20  0 
 21  0 
 22  0 
 23  0 
 24  0 
 25  0 
 26  0 
 27  0 
 28  0 
 29  0 
 30  0 
 31  0 
 32  0 
 33  0 
 34  0 
 35  0 
 36  0 
 37  0 
 38  0 
 39  0 
 40  0 
 41  0 
 42  0 
 43  0 
 44  0 
 45  0 
 46  0 
 47  0 
 48  0 
 49  0 
 50  0 
 51  0 
 52  0 
 53  0 
 54  0 
 55  0 
 56  0 
 57  0 
 58  0 
 59  0 
 60  0 
 61  0 
 62  0 
 63  0 
 64  0 
 65  0 
 66  0 
 67  0 
 68  0 
 69  0 
 70  0 
 71  0 
 72  0 
 73  0 
 74  0 
 75  0 
 76  0 
 77  0 
 78  0 
 79  0 
 80  0 
 81  0 
 82  0 
 83  0 
 84  0 
 85  0 
 86  0 
 87  0 
 88  0 
 89  0 
 90  0 
 91  0 
 92  0 
 93  0 
 94  0 
 95  0 
 96  0 
 97  0 
 98  0 
 99  0 
 100  0 
 101  0 
 102  0 
 103  0 
 104  0 
 105  0 
 106  0 
 107  0 
 108  0 
 109  0 
 110  0 
 111  0 
 112  0 
 113  0 
 114  0 
 115  0 
 116  0 
 117  0 
 118  0 
 119  0 
 120  0 
 121  0 
 122  0 
 123  0 
 124  0 
 125  0 
 126  0 
 127  0 
 128  0 
 129  0 
 130  0 
 131  0 
 132  0 
 133  0 
 134  0 
 135  0 
 136  0 
 137  0 
 138  0 
 139  0 
 140  0 
 141  0 
 142  0 
 143  0 
 144  0 
 145  0 
 146  0 
 147  0 
 148  0 
 149  0 
 150  0 
 151  0 
 152  0 
 153  0 
 154  0 
 155  0 
 156  0 
 157  0 
 158  0 
 159  0 
 160  0 
 161  0 
 162  0 
 163  0 
 164  0 
 165  0 
 166  0 
 167  0 
 168  0 
 169  0 
 170  0 
 171  0 
 172  0 
 173  0 
 174  0 
 175  0 
 176  0 
 177  0 
 178  0 
 179  0 
 180  0 
 181  0 
 182  0 
 183  0 
 184  0 
 185  0 
 186  0 
 187  0 
 188  0 
 189  0 
 190  0 
 191  0 
 192  0 
 193  0 
 194  0 
 195  0 
 196  0 
 197  0 
 198  0 
 199  0 
 200  0 
 201  0 
 202  0 
 203  0 
 204  0 
 205  0 
 206  0 
 207  0 
 208  0 
 209  0 
 210  0 
 211  0 
 212  0 
 213  0 
 214  0 
 215  0 
 216  0 
 217  0 
 218  0 
 219  0 
 220  0 
 221  0 
 222  0 
 223  0 
 224  0 
 225  0 
 226  0 
 227  0 
 228  0 
 229  0 
 230  0 
 231  0 
 232  0 
 233  0 
 234  0 
 235  0 
 236  0 
 237  0 
 238  0 
 239  0 
 240  0 
 241  0 
 242  0 
 243  0 
 244  0 
 245  0 
 246  2 
 247  3 
 248  11 
 249  17 
 250  29 
 251  53 
 252  457 
 253  761 
 254  769 
 255  817 
 256  769 
 257  830 
 258  806 
 259  857 
 260  791 
 261  851 
 262  813 
 263  795 
 264  880 
 265  799 
 266  813 
 267  820 
 268  838 
 269  843 
 270  819 
 271  870 
 272  857 
 273  838 
 274  869 
 275  893 
 276  902 
 277  931 
 278  921 
 279  940 
 280  925 
 281  920 
 282  969 
 283  974 
 284  902 
 285  952 
 286  963 
 287  891 
 288  956 
 289  948 
 290  1042 
 291  1006 
 292  1032 
 293  1005 
 294  998 
 295  1027 
 296  1109 
 297  1082 
 298  1061 
 299  1062 
 300  1023 
 301  1067 
 302  1119 
 303  1072 
 304  1129 
 305  1102 
 306  1138 
 307  1062 
 308  1115 
 309  1175 
 310  1165 
 311  1163 
 312  1173 
 313  1137 
 314  1160 
 315  1217 
 316  1274 
 317  1252 
 318  1336 
 319  1195 
 320  1258 
 321  1239 
 322  1265 
 323  1329 
 324  1290 
 325  1253 
 326  1332 
 327  1301 
 328  1303 
 329  1302 
 330  1302 
 331  1356 
 332  1381 
 333  1392 
 334  1360 
 335  1447 
 336  1410 
 337  1364 
 338  1355 
 339  1514 
 340  1473 
 341  1470 
 342  1491 
 343  1458 
 344  1509 
 345  1460 
 346  1556 
 347  1487 
 348  1516 
 349  1601 
 350  1545 
 351  1472 
 352  1539 
 353  1636 
 354  1569 
 355  1547 
 356  1561 
 357  1664 
 358  1668 
 359  1627 
 360  1571 
 361  1618 
 362  1636 
 363  1623 
 364  1718 
 365  1647 
 366  1653 
 367  1607 
 368  1648 
 369  1594 
 370  1708 
 371  1657 
 372  1730 
 373  1694 
 374  1669 
 375  1698 
 376  1705 
 377  1674 
 378  1687 
 379  1727 
 380  1780 
 381  1693 
 382  1824 
 383  1762 
 384  1792 
 385  1818 
 386  1763 
 387  1801 
 388  1767 
 389  1784 
 390  1832 
 391  1774 
 392  1762 
 393  1794 
 394  1797 
 395  1832 
 396  1783 
 397  1842 
 398  1731 
 399  1853 
 400  1786 
 401  1747 
 402  1803 
 403  1824 
 404  1712 
 405  1761 
 406  1748 
 407  1697 
 408  1814 
 409  1745 
 410  1791 
 411  1759 
 412  1692 
 413  1720 
 414  1729 
 415  1696 
 416  1708 
 417  1717 
 418  1650 
 419  1652 
 420  1748 
 421  1687 
 422  1538 
 423  1616 
 424  1659 
 425  1520 
 426  1676 
 427  1656 
 428  1487 
 429  1556 
 430  1580 
 431  1566 
 432  1525 
 433  1522 
 434  1493 
 435  1454 
 436  1487 
 437  1502 
 438  1436 
 439  1408 
 440  1518 
 441  1408 
 442  1405 
 443  1386 
 444  1311 
 445  1283 
 446  1310 
 447  1278 
 448  1312 
 449  1215 
 450  1290 
 451  1215 
 452  1256 
 453  1200 
 454  1117 
 455  1211 
 456  1169 
 457  1172 
 458  1159 
 459  1064 
 460  1103 
 461  1066 
 462  1026 
 463  1012 
 464  988 
 465  948 
 466  918 
 467  952 
 468  947 
 469  887 
 470  853 
 471  836 
 472  805 
 473  821 
 474  786 
 475  773 
 476  752 
 477  737 
 478  704 
 479  680 
 480  695 
 481  649 
 482  655 
 483  611 
 484  591 
 485  592 
 486  587 
 487  534 
 488  577 
 489  473 
 490  469 
 491  459 
 492  419 
 493  466 
 494  433 
 495  399 
 496  413 
 497  406 
 498  366 
 499  354 
 500  346 
 501  350 
 502  318 
 503  321 
 504  352 
 505  345 
 506  303 
 507  288 
 508  337 
 509  267 
 510  261 
 511  261 
 512  268 
 513  268 
 514  279 
 515  242 
 516  254 
 517  285 
 518  247 
 519  262 
 520  228 
 521  234 
 522  236 
 523  215 
 524  240 
 525  252 
 526  224 
 527  225 
 528  231 
 529  218 
 530  240 
 531  208 
 532  208 
 533  211 
 534  225 
 535  201 
 536  212 
 537  216 
 538  204 
 539  189 
 540  208 
 541  222 
 542  221 
 543  215 
 544  185 
 545  210 
 546  194 
 547  211 
 548  207 
 549  151 
 550  202 
 551  197 
 552  187 
 553  212 
 554  180 
 555  178 
 556  240 
 557  216 
 558  210 
 559  203 
 560  219 
 561  197 
 562  222 
 563  198 
 564  218 
 565  187 
 566  211 
 567  186 
 568  202 
 569  197 
 570  199 
 571  161 
 572  198 
 573  205 
 574  203 
 575  203 
 576  221 
 577  199 
 578  217 
 579  185 
 580  198 
 581  195 
 582  190 
 583  188 
 584  174 
 585  197 
 586  172 
 587  187 
 588  183 
 589  191 
 590  208 
 591  200 
 592  199 
 593  194 
 594  189 
 595  174 
 596  183 
 597  200 
 598  174 
 599  172 
 600  166 
 601  206 
 602  188 
 603  181 
 604  163 
 605  180 
 606  178 
 607  162 
 608  159 
 609  161 
 610  177 
 611  181 
 612  151 
 613  201 
 614  172 
 615  157 
 616  171 
 617  174 
 618  155 
 619  165 
 620  165 
 621  163 
 622  173 
 623  185 
 624  178 
 625  148 
 626  188 
 627  161 
 628  154 
 629  181 
 630  159 
 631  170 
 632  158 
 633  162 
 634  180 
 635  163 
 636  156 
 637  187 
 638  150 
 639  179 
 640  158 
 641  135 
 642  167 
 643  149 
 644  151 
 645  158 
 646  155 
 647  172 
 648  142 
 649  143 
 650  156 
 651  184 
 652  149 
 653  166 
 654  127 
 655  153 
 656  155 
 657  146 
 658  147 
 659  140 
 660  167 
 661  146 
 662  135 
 663  131 
 664  147 
 665  146 
 666  163 
 667  144 
 668  119 
 669  139 
 670  145 
 671  148 
 672  147 
 673  132 
 674  150 
 675  157 
 676  142 
 677  152 
 678  143 
 679  103 
 680  169 
 681  133 
 682  149 
 683  145 
 684  166 
 685  135 
 686  149 
 687  131 
 688  136 
 689  148 
 690  132 
 691  147 
 692  118 
 693  149 
 694  135 
 695  126 
 696  138 
 697  145 
 698  131 
 699  134 
 700  125 
 701  133 
 702  132 
 703  110 
 704  119 
 705  138 
 706  122 
 707  138 
 708  142 
 709  119 
 710  162 
 711  131 
 712  142 
 713  130 
 714  128 
 715  120 
 716  108 
 717  124 
 718  115 
 719  124 
 720  110 
 721  98 
 722  129 
 723  121 
 724  105 
 725  127 
 726  88 
 727  109 
 728  119 
 729  129 
 730  104 
 731  113 
 732  121 
 733  109 
 734  109 
 735  109 
 736  104 
 737  110 
 738  110 
 739  108 
 740  108 
 741  118 
 742  101 
 743  100 
 744  101 
 745  124 
 746  108 
 747  94 
 748  94 
 749  89 
 750  123 
 751  101 
 752  79 
 753  84 
 754  116 
 755  103 
 756  119 
 757  101 
 758  104 
 759  105 
 760  87 
 761  95 
 762  82 
 763  86 
 764  93 
 765  96 
 766  99 
 767  90 
 768  97 
 769  106 
 770  94 
 771  87 
 772  91 
 773  85 
 774  97 
 775  102 
 776  112 
 777  91 
 778  93 
 779  79 
 780  72 
 781  87 
 782  82 
 783  92 
 784  82 
 785  98 
 786  92 
 787  95 
 788  92 
 789  96 
 790  76 
 791  92 
 792  77 
 793  89 
 794  100 
 795  91 
 796  90 
 797  96 
 798  97 
 799  87 
 800  71 
 801  74 
 802  86 
 803  81 
 804  91 
 805  79 
 806  105 
 807  78 
 808  83 
 809  91 
 810  73 
 811  75 
 812  87 
 813  88 
 814  80 
 815  75 
 816  75 
 817  82 
 818  89 
 819  90 
 820  85 
 821  102 
 822  70 
 823  72 
 824  91 
 825  90 
 826  78 
 827  84 
 828  76 
 829  72 
 830  75 
 831  74 
 832  79 
 833  69 
 834  85 
 835  79 
 836  84 
 837  96 
 838  88 
 839  75 
 840  68 
 841  64 
 842  69 
 843  79 
 844  78 
 845  77 
 846  81 
 847  72 
 848  76 
 849  72 
 850  76 
 851  86 
 852  79 
 853  78 
 854  86 
 855  73 
 856  88 
 857  51 
 858  77 
 859  89 
 860  77 
 861  88 
 862  71 
 863  72 
 864  91 
 865  79 
 866  75 
 867  82 
 868  84 
 869  85 
 870  79 
 871  68 
 872  84 
 873  76 
 874  68 
 875  66 
 876  78 
 877  58 
 878  86 
 879  83 
 880  73 
 881  81 
 882  72 
 883  73 
 884  48 
 885  79 
 886  77 
 887  80 
 888  72 
 889  54 
 890  77 
 891  67 
 892  88 
 893  76 
 894  61 
 895  81 
 896  75 
 897  64 
 898  103 
 899  80 
 900  59 
 901  59 
 902  73 
 903  62 
 904  81 
 905  64 
 906  85 
 907  84 
 908  68 
 909  71 
 910  79 
 911  73 
 912  61 
 913  79 
 914  73 
 915  74 
 916  83 
 917  70 
 918  67 
 919  72 
 920  77 
 921  69 
 922  63 
 923  69 
 924  67 
 925  73 
 926  60 
 927  57 
 928  77 
 929  77 
 930  80 
 931  61 
 932  62 
 933  60 
 934  71 
 935  80 
 936  71 
 937  62 
 938  75 
 939  69 
 940  68 
 941  70 
 942  71 
 943  67 
 944  74 
 945  69 
 946  72 
 947  75 
 948  57 
 949  59 
 950  66 
 951  65 
 952  55 
 953  77 
 954  66 
 955  58 
 956  58 
 957  84 
 958  65 
 959  80 
 960  78 
 961  60 
 962  61 
 963  82 
 964  68 
 965  72 
 966  70 
 967  68 
 968  85 
 969  72 
 970  72 
 971  72 
 972  68 
 973  66 
 974  71 
 975  69 
 976  59 
 977  65 
 978  65 
 979  80 
 980  64 
 981  65 
 982  70 
 983  71 
 984  73 
 985  76 
 986  64 
 987  68 
 988  50 
 989  70 
 990  51 
 991  61 
 992  67 
 993  66 
 994  65 
 995  76 
 996  66 
 997  65 
 998  67 
 999  74 
 1000  63 
 1001  65 
 1002  61 
 1003  54 
 1004  62 
 1005  62 
 1006  66 
 1007  68 
 1008  65 
 1009  60 
 1010  61 
 1011  65 
 1012  65 
 1013  67 
 1014  36 
 1015  57 
 1016  68 
 1017  87 
 1018  45 
 1019  71 
 1020  61 
 1021  56 
 1022  51 
 1023  63 
 1024  64 
 1025  77 
 1026  71 
 1027  64 
 1028  65 
 1029  62 
 1030  68 
 1031  70 
 1032  60 
 1033  79 
 1034  66 
 1035  48 
 1036  70 
 1037  86 
 1038  60 
 1039  58 
 1040  58 
 1041  56 
 1042  68 
 1043  65 
 1044  62 
 1045  53 
 1046  67 
 1047  62 
 1048  64 
 1049  50 
 1050  68 
 1051  67 
 1052  62 
 1053  51 
 1054  51 
 1055  61 
 1056  79 
 1057  73 
 1058  51 
 1059  60 
 1060  58 
 1061  49 
 1062  57 
 1063  73 
 1064  62 
 1065  53 
 1066  73 
 1067  58 
 1068  49 
 1069  65 
 1070  66 
 1071  56 
 1072  60 
 1073  72 
 1074  63 
 1075  68 
 1076  48 
 1077  58 
 1078  59 
 1079  79 
 1080  45 
 1081  69 
 1082  55 
 1083  57 
 1084  66 
 1085  58 
 1086  70 
 1087  75 
 1088  57 
 1089  57 
 1090  76 
 1091  59 
 1092  67 
 1093  66 
 1094  55 
 1095  53 
 1096  63 
 1097  53 
 1098  45 
 1099  73 
 1100  56 
 1101  75 
 1102  51 
 1103  51 
 1104  64 
 1105  55 
 1106  59 
 1107  66 
 1108  58 
 1109  53 
 1110  59 
 1111  69 
 1112  55 
 1113  58 
 1114  57 
 1115  61 
 1116  46 
 1117  61 
 1118  56 
 1119  42 
 1120  61 
 1121  52 
 1122  52 
 1123  47 
 1124  61 
 1125  56 
 1126  53 
 1127  56 
 1128  63 
 1129  54 
 1130  51 
 1131  60 
 1132  60 
 1133  62 
 1134  51 
 1135  51 
 1136  49 
 1137  76 
 1138  51 
 1139  56 
 1140  61 
 1141  58 
 1142  65 
 1143  44 
 1144  56 
 1145  58 
 1146  51 
 1147  55 
 1148  64 
 1149  56 
 1150  61 
 1151  55 
 1152  68 
 1153  53 
 1154  54 
 1155  50 
 1156  46 
 1157  53 
 1158  55 
 1159  51 
 1160  53 
 1161  59 
 1162  55 
 1163  51 
 1164  47 
 1165  45 
 1166  45 
 1167  46 
 1168  60 
 1169  54 
 1170  57 
 1171  64 
 1172  54 
 1173  60 
 1174  44 
 1175  44 
 1176  57 
 1177  60 
 1178  54 
 1179  47 
 1180  47 
 1181  46 
 1182  67 
 1183  40 
 1184  48 
 1185  46 
 1186  53 
 1187  66 
 1188  38 
 1189  66 
 1190  47 
 1191  58 
 1192  56 
 1193  55 
 1194  58 
 1195  46 
 1196  59 
 1197  51 
 1198  53 
 1199  43 
 1200  60 
 1201  60 
 1202  54 
 1203  52 
 1204  45 
 1205  54 
 1206  56 
 1207  53 
 1208  40 
 1209  53 
 1210  50 
 1211  55 
 1212  59 
 1213  55 
 1214  46 
 1215  65 
 1216  67 
 1217  60 
 1218  55 
 1219  62 
 1220  62 
 1221  51 
 1222  55 
 1223  54 
 1224  52 
 1225  65 
 1226  60 
 1227  39 
 1228  59 
 1229  52 
 1230  36 
 1231  45 
 1232  53 
 1233  47 
 1234  50 
 1235  53 
 1236  40 
 1237  72 
 1238  48 
 1239  52 
 1240  45 
 1241  53 
 1242  50 
 1243  67 
 1244  56 
 1245  43 
 1246  49 
 1247  52 
 1248  44 
 1249  56 
 1250  49 
 1251  51 
 1252  49 
 1253  49 
 1254  48 
 1255  59 
 1256  48 
 1257  68 
 1258  41 
 1259  55 
 1260  53 
 1261  57 
 1262  55 
 1263  56 
 1264  53 
 1265  53 
 1266  47 
 1267  53 
 1268  39 
 1269  55 
 1270  45 
 1271  55 
 1272  51 
 1273  37 
 1274  56 
 1275  54 
 1276  57 
 1277  51 
 1278  46 
 1279  37 
 1280  45 
 1281  47 
 1282  45 
 1283  36 
 1284  63 
 1285  52 
 1286  47 
 1287  48 
 1288  69 
 1289  55 
 1290  47 
 1291  49 
 1292  56 
 1293  39 
 1294  44 
 1295  47 
 1296  47 
 1297  51 
 1298  51 
 1299  58 
 1300  56 
 1301  41 
 1302  62 
 1303  39 
 1304  55 
 1305  45 
 1306  43 
 1307  47 
 1308  37 
 1309  46 
 1310  54 
 1311  51 
 1312  51 
 1313  52 
 1314  48 
 1315  48 
 1316  40 
 1317  66 
 1318  45 
 1319  41 
 1320  51 
 1321  47 
 1322  51 
 1323  53 
 1324  42 
 1325  54 
 1326  41 
 1327  41 
 1328  48 
 1329  41 
 1330  47 
 1331  51 
 1332  49 
 1333  52 
 1334  53 
 1335  52 
 1336  47 
 1337  45 
 1338  47 
 1339  54 
 1340  41 
 1341  51 
 1342  44 
 1343  51 
 1344  50 
 1345  54 
 1346  52 
 1347  46 
 1348  38 
 1349  36 
 1350  47 
 1351  56 
 1352  45 
 1353  44 
 1354  40 
 1355  38 
 1356  44 
 1357  46 
 1358  39 
 1359  52 
 1360  39 
 1361  53 
 1362  43 
 1363  48 
 1364  50 
 1365  40 
 1366  51 
 1367  60 
 1368  44 
 1369  43 
 1370  44 
 1371  43 
 1372  40 
 1373  40 
 1374  44 
 1375  31 
 1376  31 
 1377  41 
 1378  42 
 1379  45 
 1380  29 
 1381  37 
 1382  43 
 1383  35 
 1384  39 
 1385  34 
 1386  46 
 1387  41 
 1388  46 
 1389  34 
 1390  43 
 1391  43 
 1392  58 
 1393  43 
 1394  50 
 1395  49 
 1396  39 
 1397  50 
 1398  38 
 1399  41 
 1400  45 
 1401  33 
 1402  32 
 1403  38 
 1404  40 
 1405  42 
 1406  50 
 1407  47 
 1408  36 
 1409  56 
 1410  49 
 1411  53 
 1412  36 
 1413  52 
 1414  38 
 1415  48 
 1416  33 
 1417  42 
 1418  48 
 1419  40 
 1420  33 
 1421  32 
 1422  41 
 1423  40 
 1424  47 
 1425  36 
 1426  36 
 1427  41 
 1428  45 
 1429  47 
 1430  39 
 1431  44 
 1432  38 
 1433  58 
 1434  36 
 1435  52 
 1436  39 
 1437  42 
 1438  53 
 1439  48 
 1440  46 
 1441  45 
 1442  47 
 1443  48 
 1444  44 
 1445  38 
 1446  46 
 1447  31 
 1448  35 
 1449  46 
 1450  44 
 1451  37 
 1452  43 
 1453  60 
 1454  44 
 1455  39 
 1456  52 
 1457  43 
 1458  53 
 1459  36 
 1460  38 
 1461  34 
 1462  38 
 1463  39 
 1464  35 
 1465  37 
 1466  48 
 1467  41 
 1468  37 
 1469  40 
 1470  52 
 1471  37 
 1472  41 
 1473  39 
 1474  35 
 1475  41 
 1476  30 
 1477  36 
 1478  42 
 1479  35 
 1480  48 
 1481  46 
 1482  43 
 1483  37 
 1484  43 
 1485  50 
 1486  44 
 1487  38 
 1488  33 
 1489  40 
 1490  46 
 1491  36 
 1492  43 
 1493  38 
 1494  49 
 1495  30 
 1496  42 
 1497  38 
 1498  39 
 1499  44 
 1500  33 
 1501  27 
 1502  42 
 1503  52 
 1504  38 
 1505  44 
 1506  39 
 1507  42 
 1508  37 
 1509  42 
 1510  34 
 1511  43 
 1512  42 
 1513  37 
 1514  39 
 1515  58 
 1516  35 
 1517  34 
 1518  34 
 1519  48 
 1520  40 
 1521  39 
 1522  37 
 1523  36 
 1524  28 
 1525  54 
 1526  51 
 1527  42 
 1528  45 
 1529  41 
 1530  36 
 1531  31 
 1532  45 
 1533  25 
 1534  43 
 1535  47 
 1536  34 
 1537  28 
 1538  50 
 1539  36 
 1540  36 
 1541  40 
 1542  26 
 1543  38 
 1544  34 
 1545  48 
 1546  44 
 1547  37 
 1548  53 
 1549  44 
 1550  46 
 1551  49 
 1552  46 
 1553  35 
 1554  50 
 1555  47 
 1556  33 
 1557  46 
 1558  42 
 1559  43 
 1560  65 
 1561  38 
 1562  43 
 1563  48 
 1564  47 
 1565  52 
 1566  45 
 1567  42 
 1568  50 
 1569  51 
 1570  37 
 1571  44 
 1572  52 
 1573  47 
 1574  35 
 1575  58 
 1576  48 
 1577  62 
 1578  57 
 1579  49 
 1580  48 
 1581  64 
 1582  65 
 1583  63 
 1584  44 
 1585  59 
 1586  55 
 1587  64 
 1588  61 
 1589  62 
 1590  67 
 1591  69 
 1592  75 
 1593  67 
 1594  76 
 1595  69 
 1596  84 
 1597  87 
 1598  82 
 1599  71 
 1600  87 
 1601  78 
 1602  99 
 1603  97 
 1604  89 
 1605  104 
 1606  100 
 1607  98 
 1608  116 
 1609  111 
 1610  113 
 1611  121 
 1612  133 
 1613  127 
 1614  128 
 1615  133 
 1616  135 
 1617  146 
 1618  134 
 1619  160 
 1620  168 
 1621  163 
 1622  178 
 1623  181 
 1624  165 
 1625  192 
 1626  183 
 1627  221 
 1628  210 
 1629  217 
 1630  231 
 1631  242 
 1632  239 
 1633  246 
 1634  252 
 1635  247 
 1636  296 
 1637  287 
 1638  306 
 1639  295 
 1640  338 
 1641  291 
 1642  324 
 1643  331 
 1644  341 
 1645  346 
 1646  310 
 1647  346 
 1648  381 
 1649  378 
 1650  376 
 1651  454 
 1652  388 
 1653  419 
 1654  447 
 1655  428 
 1656  496 
 1657  425 
 1658  492 
 1659  528 
 1660  479 
 1661  525 
 1662  481 
 1663  504 
 1664  521 
 1665  548 
 1666  528 
 1667  560 
 1668  550 
 1669  557 
 1670  617 
 1671  621 
 1672  595 
 1673  583 
 1674  622 
 1675  599 
 1676  571 
 1677  615 
 1678  654 
 1679  627 
 1680  636 
 1681  670 
 1682  639 
 1683  622 
 1684  623 
 1685  626 
 1686  642 
 1687  617 
 1688  625 
 1689  642 
 1690  637 
 1691  651 
 1692  626 
 1693  640 
 1694  595 
 1695  627 
 1696  577 
 1697  597 
 1698  631 
 1699  610 
 1700  563 
 1701  592 
 1702  547 
 1703  574 
 1704  593 
 1705  569 
 1706  547 
 1707  502 
 1708  537 
 1709  531 
 1710  537 
 1711  532 
 1712  523 
 1713  495 
 1714  482 
 1715  501 
 1716  436 
 1717  445 
 1718  444 
 1719  439 
 1720  380 
 1721  399 
 1722  412 
 1723  362 
 1724  374 
 1725  400 
 1726  338 
 1727  355 
 1728  362 
 1729  328 
 1730  333 
 1731  315 
 1732  271 
 1733  319 
 1734  328 
 1735  274 
 1736  238 
 1737  241 
 1738  241 
 1739  204 
 1740  239 
 1741  226 
 1742  216 
 1743  209 
 1744  183 
 1745  181 
 1746  159 
 1747  177 
 1748  158 
 1749  144 
 1750  124 
 1751  139 
 1752  106 
 1753  137 
 1754  112 
 1755  126 
 1756  121 
 1757  104 
 1758  105 
 1759  97 
 1760  79 
 1761  90 
 1762  79 
 1763  78 
 1764  76 
 1765  70 
 1766  56 
 1767  62 
 1768  66 
 1769  50 
 1770  65 
 1771  64 
 1772  65 
 1773  43 
 1774  40 
 1775  37 
 1776  40 
 1777  42 
 1778  55 
 1779  42 
 1780  53 
 1781  45 
 1782  46 
 1783  47 
 1784  46 
 1785  37 
 1786  43 
 1787  32 
 1788  42 
 1789  39 
 1790  28 
 1791  38 
 1792  36 
 1793  35 
 1794  24 
 1795  28 
 1796  39 
 1797  41 
 1798  31 
 1799  38 
 1800  36 
 1801  35 
 1802  40 
 1803  32 
 1804  36 
 1805  28 
 1806  40 
 1807  30 
 1808  40 
 1809  45 
 1810  32 
 1811  26 
 1812  20 
 1813  33 
 1814  21 
 1815  27 
 1816  35 
 1817  32 
 1818  32 
 1819  28 
 1820  29 
 1821  26 
 1822  20 
 1823  35 
 1824  35 
 1825  29 
 1826  21 
 1827  27 
 1828  37 
 1829  29 
 1830  31 
 1831  28 
 1832  28 
 1833  28 
 1834  33 
 1835  28 
 1836  27 
 1837  29 
 1838  24 
 1839  28 
 1840  19 
 1841  26 
 1842  32 
 1843  32 
 1844  33 
 1845  21 
 1846  33 
 1847  36 
 1848  30 
 1849  33 
 1850  27 
 1851  31 
 1852  28 
 1853  38 
 1854  31 
 1855  30 
 1856  34 
 1857  34 
 1858  27 
 1859  34 
 1860  29 
 1861  34 
 1862  30 
 1863  32 
 1864  29 
 1865  34 
 1866  20 
 1867  39 
 1868  17 
 1869  29 
 1870  33 
 1871  28 
 1872  24 
 1873  40 
 1874  21 
 1875  32 
 1876  31 
 1877  37 
 1878  19 
 1879  28 
 1880  35 
 1881  32 
 1882  32 
 1883  25 
 1884  31 
 1885  19 
 1886  38 
 1887  33 
 1888  24 
 1889  42 
 1890  27 
 1891  41 
 1892  23 
 1893  25 
 1894  24 
 1895  34 
 1896  28 
 1897  27 
 1898  28 
 1899  28 
 1900  31 
 1901  32 
 1902  27 
 1903  37 
 1904  20 
 1905  26 
 1906  40 
 1907  32 
 1908  20 
 1909  21 
 1910  23 
 1911  36 
 1912  38 
 1913  29 
 1914  24 
 1915  22 
 1916  31 
 1917  24 
 1918  16 
 1919  24 
 1920  27 
 1921  20 
 1922  31 
 1923  24 
 1924  33 
 1925  34 
 1926  21 
 1927  33 
 1928  27 
 1929  28 
 1930  24 
 1931  28 
 1932  27 
 1933  32 
 1934  28 
 1935  21 
 1936  22 
 1937  28 
 1938  29 
 1939  33 
 1940  29 
 1941  36 
 1942  26 
 1943  28 
 1944  31 
 1945  24 
 1946  25 
 1947  20 
 1948  32 
 1949  23 
 1950  26 
 1951  26 
 1952  28 
 1953  33 
 1954  31 
 1955  28 
 1956  30 
 1957  27 
 1958  29 
 1959  19 
 1960  28 
 1961  22 
 1962  27 
 1963  27 
 1964  24 
 1965  29 
 1966  32 
 1967  30 
 1968  19 
 1969  24 
 1970  24 
 1971  28 
 1972  28 
 1973  26 
 1974  35 
 1975  34 
 1976  18 
 1977  38 
 1978  31 
 1979  20 
 1980  25 
 1981  31 
 1982  25 
 1983  20 
 1984  28 
 1985  32 
 1986  22 
 1987  19 
 1988  29 
 1989  33 
 1990  26 
 1991  24 
 1992  30 
 1993  27 
 1994  17 
 1995  26 
 1996  30 
 1997  24 
 1998  20 
 1999  32 
 2000  27 
 2001  24 
 2002  31 
 2003  31 
 2004  23 
 2005  25 
 2006  22 
 2007  24 
 2008  28 
 2009  26 
 2010  30 
 2011  36 
 2012  30 
 2013  25 
 2014  22 
 2015  29 
 2016  24 
 2017  20 
 2018  32 
 2019  24 
 2020  29 
 2021  35 
 2022  29 
 2023  24 
 2024  19 
 2025  25 
 2026  32 
 2027  25 
 2028  29 
 2029  29 
 2030  27 
 2031  24 
 2032  32 
 2033  25 
 2034  22 
 2035  29 
 2036  30 
 2037  14 
 2038  26 
 2039  26 
 2040  22 
 2041  28 
 2042  20 
 2043  27 
 2044  27 
 2045  24 
 2046  26 
 2047  20 
 2048  26 
 2049  20 
 2050  30 
 2051  21 
 2052  24 
 2053  24 
 2054  25 
 2055  34 
 2056  29 
 2057  27 
 2058  29 
 2059  25 
 2060  33 
 2061  32 
 2062  28 
 2063  24 
 2064  21 
 2065  25 
 2066  24 
 2067  26 
 2068  28 
 2069  29 
 2070  23 
 2071  13 
 2072  23 
 2073  25 
 2074  25 
 2075  19 
 2076  31 
 2077  23 
 2078  24 
 2079  24 
 2080  30 
 2081  20 
 2082  23 
 2083  18 
 2084  20 
 2085  19 
 2086  26 
 2087  18 
 2088  29 
 2089  30 
 2090  46 
 2091  30 
 2092  29 
 2093  16 
 2094  14 
 2095  21 
 2096  18 
 2097  31 
 2098  24 
 2099  23 
 2100  26 
 2101  31 
 2102  28 
 2103  21 
 2104  26 
 2105  16 
 2106  17 
 2107  27 
 2108  25 
 2109  25 
 2110  17 
 2111  20 
 2112  22 
 2113  25 
 2114  27 
 2115  27 
 2116  23 
 2117  22 
 2118  25 
 2119  20 
 2120  22 
 2121  27 
 2122  14 
 2123  24 
 2124  23 
 2125  18 
 2126  16 
 2127  26 
 2128  21 
 2129  31 
 2130  24 
 2131  28 
 2132  27 
 2133  21 
 2134  30 
 2135  22 
 2136  28 
 2137  31 
 2138  29 
 2139  22 
 2140  21 
 2141  19 
 2142  21 
 2143  25 
 2144  31 
 2145  29 
 2146  24 
 2147  33 
 2148  21 
 2149  30 
 2150  20 
 2151  25 
 2152  32 
 2153  28 
 2154  16 
 2155  25 
 2156  38 
 2157  18 
 2158  26 
 2159  20 
 2160  25 
 2161  24 
 2162  21 
 2163  24 
 2164  20 
 2165  23 
 2166  24 
 2167  22 
 2168  18 
 2169  35 
 2170  26 
 2171  28 
 2172  26 
 2173  14 
 2174  19 
 2175  23 
 2176  30 
 2177  18 
 2178  21 
 2179  18 
 2180  15 
 2181  26 
 2182  22 
 2183  20 
 2184  26 
 2185  23 
 2186  25 
 2187  19 
 2188  18 
 2189  27 
 2190  28 
 2191  18 
 2192  30 
 2193  25 
 2194  34 
 2195  27 
 2196  25 
 2197  28 
 2198  20 
 2199  22 
 2200  30 
 2201  18 
 2202  26 
 2203  25 
 2204  26 
 2205  16 
 2206  20 
 2207  16 
 2208  12 
 2209  20 
 2210  30 
 2211  23 
 2212  27 
 2213  19 
 2214  18 
 2215  17 
 2216  23 
 2217  22 
 2218  16 
 2219  21 
 2220  23 
 2221  30 
 2222  21 
 2223  26 
 2224  22 
 2225  29 
 2226  23 
 2227  35 
 2228  20 
 2229  27 
 2230  18 
 2231  19 
 2232  19 
 2233  21 
 2234  9 
 2235  20 
 2236  30 
 2237  16 
 2238  23 
 2239  21 
 2240  15 
 2241  15 
 2242  29 
 2243  27 
 2244  25 
 2245  14 
 2246  25 
 2247  22 
 2248  17 
 2249  22 
 2250  25 
 2251  36 
 2252  19 
 2253  24 
 2254  15 
 2255  23 
 2256  17 
 2257  23 
 2258  20 
 2259  28 
 2260  18 
 2261  18 
 2262  19 
 2263  19 
 2264  20 
 2265  23 
 2266  17 
 2267  15 
 2268  36 
 2269  19 
 2270  32 
 2271  29 
 2272  18 
 2273  15 
 2274  14 
 2275  25 
 2276  16 
 2277  24 
 2278  18 
 2279  25 
 2280  17 
 2281  34 
 2282  26 
 2283  26 
 2284  18 
 2285  31 
 2286  19 
 2287  25 
 2288  22 
 2289  19 
 2290  21 
 2291  18 
 2292  22 
 2293  26 
 2294  14 
 2295  24 
 2296  25 
 2297  27 
 2298  10 
 2299  29 
 2300  24 
 2301  25 
 2302  31 
 2303  20 
 2304  29 
 2305  20 
 2306  26 
 2307  21 
 2308  26 
 2309  19 
 2310  17 
 2311  26 
 2312  23 
 2313  25 
 2314  23 
 2315  20 
 2316  27 
 2317  19 
 2318  20 
 2319  26 
 2320  25 
 2321  19 
 2322  20 
 2323  28 
 2324  18 
 2325  19 
 2326  27 
 2327  17 
 2328  25 
 2329  22 
 2330  19 
 2331  19 
 2332  20 
 2333  22 
 2334  19 
 2335  19 
 2336  14 
 2337  20 
 2338  19 
 2339  11 
 2340  26 
 2341  30 
 2342  22 
 2343  21 
 2344  21 
 2345  26 
 2346  15 
 2347  17 
 2348  29 
 2349  22 
 2350  16 
 2351  25 
 2352  26 
 2353  24 
 2354  23 
 2355  24 
 2356  17 
 2357  27 
 2358  19 
 2359  18 
 2360  21 
 2361  20 
 2362  23 
 2363  22 
 2364  12 
 2365  23 
 2366  22 
 2367  28 
 2368  20 
 2369  18 
 2370  22 
 2371  21 
 2372  17 
 2373  22 
 2374  17 
 2375  25 
 2376  27 
 2377  32 
 2378  16 
 2379  28 
 2380  24 
 2381  31 
 2382  27 
 2383  21 
 2384  26 
 2385  26 
 2386  24 
 2387  23 
 2388  30 
 2389  24 
 2390  21 
 2391  30 
 2392  28 
 2393  14 
 2394  23 
 2395  23 
 2396  21 
 2397  37 
 2398  27 
 2399  28 
 2400  24 
 2401  20 
 2402  23 
 2403  27 
 2404  31 
 2405  26 
 2406  23 
 2407  33 
 2408  18 
 2409  28 
 2410  19 
 2411  25 
 2412  17 
 2413  32 
 2414  33 
 2415  36 
 2416  23 
 2417  35 
 2418  30 
 2419  26 
 2420  35 
 2421  28 
 2422  20 
 2423  20 
 2424  22 
 2425  27 
 2426  24 
 2427  27 
 2428  18 
 2429  25 
 2430  23 
 2431  31 
 2432  20 
 2433  20 
 2434  35 
 2435  24 
 2436  18 
 2437  21 
 2438  33 
 2439  23 
 2440  24 
 2441  20 
 2442  24 
 2443  26 
 2444  24 
 2445  28 
 2446  21 
 2447  20 
 2448  31 
 2449  23 
 2450  20 
 2451  27 
 2452  18 
 2453  25 
 2454  23 
 2455  23 
 2456  23 
 2457  13 
 2458  22 
 2459  16 
 2460  14 
 2461  25 
 2462  22 
 2463  26 
 2464  19 
 2465  14 
 2466  18 
 2467  19 
 2468  10 
 2469  18 
 2470  12 
 2471  27 
 2472  20 
 2473  21 
 2474  16 
 2475  16 
 2476  26 
 2477  25 
 2478  15 
 2479  13 
 2480  14 
 2481  23 
 2482  24 
 2483  22 
 2484  23 
 2485  20 
 2486  23 
 2487  17 
 2488  16 
 2489  15 
 2490  24 
 2491  19 
 2492  20 
 2493  19 
 2494  25 
 2495  19 
 2496  24 
 2497  26 
 2498  31 
 2499  26 
 2500  9 
 2501  20 
 2502  22 
 2503  18 
 2504  17 
 2505  24 
 2506  26 
 2507  28 
 2508  16 
 2509  19 
 2510  22 
 2511  25 
 2512  19 
 2513  25 
 2514  15 
 2515  20 
 2516  17 
 2517  13 
 2518  19 
 2519  27 
 2520  16 
 2521  23 
 2522  24 
 2523  22 
 2524  25 
 2525  18 
 2526  13 
 2527  16 
 2528  28 
 2529  23 
 2530  16 
 2531  27 
 2532  13 
 2533  19 
 2534  21 
 2535  20 
 2536  19 
 2537  26 
 2538  19 
 2539  27 
 2540  21 
 2541  22 
 2542  18 
 2543  19 
 2544  17 
 2545  21 
 2546  23 
 2547  21 
 2548  23 
 2549  24 
 2550  21 
 2551  18 
 2552  19 
 2553  24 
 2554  18 
 2555  22 
 2556  22 
 2557  19 
 2558  13 
 2559  24 
 2560  25 
 2561  21 
 2562  19 
 2563  20 
 2564  24 
 2565  21 
 2566  28 
 2567  25 
 2568  22 
 2569  21 
 2570  24 
 2571  19 
 2572  17 
 2573  24 
 2574  21 
 2575  24 
 2576  19 
 2577  23 
 2578  23 
 2579  22 
 2580  19 
 2581  30 
 2582  23 
 2583  31 
 2584  13 
 2585  20 
 2586  23 
 2587  25 
 2588  15 
 2589  17 
 2590  26 
 2591  21 
 2592  17 
 2593  24 
 2594  26 
 2595  24 
 2596  21 
 2597  19 
 2598  21 
 2599  26 
 2600  17 
 2601  24 
 2602  23 
 2603  9 
 2604  21 
 2605  16 
 2606  18 
 2607  22 
 2608  20 
 2609  18 
 2610  18 
 2611  17 
 2612  31 
 2613  18 
 2614  20 
 2615  19 
 2616  15 
 2617  16 
 2618  22 
 2619  17 
 2620  20 
 2621  20 
 2622  15 
 2623  17 
 2624  18 
 2625  18 
 2626  22 
 2627  23 
 2628  20 
 2629  12 
 2630  22 
 2631  22 
 2632  18 
 2633  20 
 2634  25 
 2635  16 
 2636  25 
 2637  27 
 2638  14 
 2639  27 
 2640  17 
 2641  16 
 2642  29 
 2643  23 
 2644  23 
 2645  26 
 2646  19 
 2647  30 
 2648  11 
 2649  18 
 2650  27 
 2651  19 
 2652  14 
 2653  25 
 2654  24 
 2655  25 
 2656  16 
 2657  22 
 2658  18 
 2659  18 
 2660  25 
 2661  23 
 2662  17 
 2663  19 
 2664  18 
 2665  16 
 2666  21 
 2667  11 
 2668  26 
 2669  26 
 2670  25 
 2671  18 
 2672  23 
 2673  17 
 2674  16 
 2675  19 
 2676  16 
 2677  8 
 2678  20 
 2679  21 
 2680  11 
 2681  21 
 2682  19 
 2683  20 
 2684  21 
 2685  20 
 2686  27 
 2687  17 
 2688  17 
 2689  22 
 2690  17 
 2691  18 
 2692  22 
 2693  16 
 2694  24 
 2695  19 
 2696  25 
 2697  26 
 2698  13 
 2699  19 
 2700  21 
 2701  17 
 2702  11 
 2703  17 
 2704  19 
 2705  26 
 2706  15 
 2707  20 
 2708  15 
 2709  15 
 2710  31 
 2711  15 
 2712  16 
 2713  27 
 2714  25 
 2715  21 
 2716  24 
 2717  21 
 2718  26 
 2719  26 
 2720  24 
 2721  24 
 2722  21 
 2723  18 
 2724  16 
 2725  26 
 2726  16 
 2727  22 
 2728  23 
 2729  18 
 2730  18 
 2731  23 
 2732  16 
 2733  21 
 2734  24 
 2735  28 
 2736  23 
 2737  25 
 2738  24 
 2739  26 
 2740  22 
 2741  16 
 2742  22 
 2743  25 
 2744  24 
 2745  24 
 2746  27 
 2747  26 
 2748  18 
 2749  21 
 2750  23 
 2751  19 
 2752  16 
 2753  25 
 2754  14 
 2755  21 
 2756  15 
 2757  11 
 2758  21 
 2759  19 
 2760  13 
 2761  21 
 2762  16 
 2763  22 
 2764  21 
 2765  24 
 2766  23 
 2767  21 
 2768  22 
 2769  12 
 2770  19 
 2771  27 
 2772  21 
 2773  30 
 2774  18 
 2775  21 
 2776  23 
 2777  21 
 2778  16 
 2779  19 
 2780  20 
 2781  22 
 2782  19 
 2783  22 
 2784  18 
 2785  21 
 2786  21 
 2787  18 
 2788  23 
 2789  18 
 2790  31 
 2791  18 
 2792  22 
 2793  29 
 2794  30 
 2795  23 
 2796  17 
 2797  16 
 2798  33 
 2799  21 
 2800  23 
 2801  23 
 2802  11 
 2803  32 
 2804  22 
 2805  20 
 2806  22 
 2807  22 
 2808  13 
 2809  23 
 2810  19 
 2811  26 
 2812  22 
 2813  10 
 2814  21 
 2815  30 
 2816  19 
 2817  23 
 2818  24 
 2819  22 
 2820  29 
 2821  17 
 2822  21 
 2823  31 
 2824  14 
 2825  23 
 2826  22 
 2827  24 
 2828  20 
 2829  23 
 2830  26 
 2831  26 
 2832  23 
 2833  26 
 2834  21 
 2835  29 
 2836  19 
 2837  25 
 2838  20 
 2839  23 
 2840  31 
 2841  29 
 2842  9 
 2843  21 
 2844  22 
 2845  24 
 2846  23 
 2847  20 
 2848  25 
 2849  26 
 2850  26 
 2851  23 
 2852  20 
 2853  22 
 2854  22 
 2855  23 
 2856  28 
 2857  23 
 2858  18 
 2859  16 
 2860  17 
 2861  22 
 2862  21 
 2863  19 
 2864  20 
 2865  25 
 2866  14 
 2867  22 
 2868  23 
 2869  21 
 2870  23 
 2871  23 
 2872  18 
 2873  17 
 2874  22 
 2875  21 
 2876  26 
 2877  24 
 2878  17 
 2879  21 
 2880  19 
 2881  18 
 2882  26 
 2883  22 
 2884  17 
 2885  33 
 2886  28 
 2887  24 
 2888  30 
 2889  21 
 2890  21 
 2891  26 
 2892  19 
 2893  22 
 2894  30 
 2895  22 
 2896  25 
 2897  16 
 2898  27 
 2899  25 
 2900  23 
 2901  22 
 2902  22 
 2903  26 
 2904  26 
 2905  29 
 2906  24 
 2907  22 
 2908  22 
 2909  16 
 2910  21 
 2911  27 
 2912  15 
 2913  17 
 2914  17 
 2915  29 
 2916  26 
 2917  18 
 2918  20 
 2919  18 
 2920  21 
 2921  18 
 2922  26 
 2923  17 
 2924  23 
 2925  25 
 2926  31 
 2927  28 
 2928  28 
 2929  22 
 2930  26 
 2931  26 
 2932  14 
 2933  25 
 2934  16 
 2935  28 
 2936  21 
 2937  28 
 2938  17 
 2939  12 
 2940  29 
 2941  24 
 2942  14 
 2943  26 
 2944  23 
 2945  22 
 2946  14 
 2947  28 
 2948  29 
 2949  26 
 2950  23 
 2951  10 
 2952  29 
 2953  22 
 2954  15 
 2955  16 
 2956  31 
 2957  23 
 2958  21 
 2959  18 
 2960  21 
 2961  18 
 2962  17 
 2963  18 
 2964  21 
 2965  26 
 2966  23 
 2967  22 
 2968  24 
 2969  20 
 2970  25 
 2971  21 
 2972  15 
 2973  18 
 2974  24 
 2975  17 
 2976  18 
 2977  22 
 2978  23 
 2979  25 
 2980  25 
 2981  20 
 2982  20 
 2983  16 
 2984  28 
 2985  21 
 2986  21 
 2987  25 
 2988  25 
 2989  25 
 2990  14 
 2991  20 
 2992  25 
 2993  22 
 2994  14 
 2995  21 
 2996  23 
 2997  20 
 2998  27 
 2999  17 
 3000  27 
 3001  19 
 3002  17 
 3003  23 
 3004  32 
 3005  17 
 3006  15 
 3007  28 
 3008  21 
 3009  25 
 3010  21 
 3011  31 
 3012  21 
 3013  23 
 3014  25 
 3015  28 
 3016  21 
 3017  29 
 3018  22 
 3019  20 
 3020  28 
 3021  16 
 3022  16 
 3023  26 
 3024  19 
 3025  22 
 3026  17 
 3027  26 
 3028  31 
 3029  16 
 3030  20 
 3031  17 
 3032  21 
 3033  22 
 3034  24 
 3035  27 
 3036  18 
 3037  28 
 3038  23 
 3039  30 
 3040  33 
 3041  25 
 3042  18 
 3043  17 
 3044  25 
 3045  15 
 3046  23 
 3047  19 
 3048  22 
 3049  27 
 3050  23 
 3051  19 
 3052  24 
 3053  28 
 3054  19 
 3055  19 
 3056  17 
 3057  18 
 3058  15 
 3059  20 
 3060  20 
 3061  30 
 3062  25 
 3063  25 
 3064  18 
 3065  28 
 3066  27 
 3067  26 
 3068  22 
 3069  25 
 3070  18 
 3071  18 
 3072  23 
 3073  20 
 3074  20 
 3075  21 
 3076  26 
 3077  18 
 3078  23 
 3079  29 
 3080  25 
 3081  17 
 3082  30 
 3083  20 
 3084  26 
 3085  29 
 3086  27 
 3087  32 
 3088  21 
 3089  24 
 3090  24 
 3091  39 
 3092  22 
 3093  21 
 3094  29 
 3095  24 
 3096  19 
 3097  24 
 3098  25 
 3099  24 
 3100  22 
 3101  16 
 3102  21 
 3103  18 
 3104  31 
 3105  23 
 3106  26 
 3107  19 
 3108  19 
 3109  15 
 3110  22 
 3111  24 
 3112  27 
 3113  23 
 3114  19 
 3115  24 
 3116  20 
 3117  17 
 3118  18 
 3119  30 
 3120  28 
 3121  28 
 3122  18 
 3123  17 
 3124  23 
 3125  30 
 3126  25 
 3127  32 
 3128  19 
 3129  24 
 3130  20 
 3131  41 
 3132  23 
 3133  23 
 3134  22 
 3135  24 
 3136  25 
 3137  22 
 3138  27 
 3139  30 
 3140  24 
 3141  19 
 3142  30 
 3143  29 
 3144  25 
 3145  26 
 3146  23 
 3147  22 
 3148  31 
 3149  18 
 3150  32 
 3151  30 
 3152  28 
 3153  18 
 3154  21 
 3155  28 
 3156  23 
 3157  25 
 3158  26 
 3159  31 
 3160  30 
 3161  24 
 3162  23 
 3163  25 
 3164  28 
 3165  34 
 3166  33 
 3167  27 
 3168  27 
 3169  29 
 3170  38 
 3171  27 
 3172  36 
 3173  33 
 3174  33 
 3175  25 
 3176  25 
 3177  30 
 3178  25 
 3179  36 
 3180  26 
 3181  34 
 3182  16 
 3183  30 
 3184  27 
 3185  34 
 3186  18 
 3187  21 
 3188  31 
 3189  25 
 3190  32 
 3191  34 
 3192  37 
 3193  28 
 3194  32 
 3195  21 
 3196  24 
 3197  32 
 3198  31 
 3199  22 
 3200  21 
 3201  25 
 3202  25 
 3203  42 
 3204  30 
 3205  28 
 3206  27 
 3207  18 
 3208  31 
 3209  23 
 3210  32 
 3211  26 
 3212  33 
 3213  27 
 3214  25 
 3215  44 
 3216  38 
 3217  39 
 3218  40 
 3219  41 
 3220  31 
 3221  38 
 3222  19 
 3223  44 
 3224  33 
 3225  28 
 3226  42 
 3227  37 
 3228  39 
 3229  46 
 3230  39 
 3231  42 
 3232  50 
 3233  40 
 3234  33 
 3235  44 
 3236  46 
 3237  46 
 3238  47 
 3239  41 
 3240  42 
 3241  50 
 3242  44 
 3243  62 
 3244  62 
 3245  47 
 3246  51 
 3247  67 
 3248  52 
 3249  50 
 3250  60 
 3251  47 
 3252  57 
 3253  60 
 3254  68 
 3255  75 
 3256  74 
 3257  83 
 3258  49 
 3259  83 
 3260  80 
 3261  68 
 3262  73 
 3263  79 
 3264  70 
 3265  102 
 3266  92 
 3267  95 
 3268  74 
 3269  80 
 3270  84 
 3271  101 
 3272  107 
 3273  87 
 3274  97 
 3275  96 
 3276  116 
 3277  106 
 3278  96 
 3279  129 
 3280  95 
 3281  108 
 3282  125 
 3283  113 
 3284  104 
 3285  113 
 3286  137 
 3287  124 
 3288  130 
 3289  132 
 3290  136 
 3291  139 
 3292  131 
 3293  159 
 3294  150 
 3295  170 
 3296  143 
 3297  157 
 3298  166 
 3299  165 
 3300  185 
 3301  149 
 3302  178 
 3303  210 
 3304  180 
 3305  170 
 3306  188 
 3307  187 
 3308  180 
 3309  203 
 3310  203 
 3311  228 
 3312  203 
 3313  224 
 3314  211 
 3315  238 
 3316  248 
 3317  263 
 3318  255 
 3319  262 
 3320  256 
 3321  254 
 3322  236 
 3323  230 
 3324  263 
 3325  264 
 3326  268 
 3327  271 
 3328  258 
 3329  249 
 3330  276 
 3331  248 
 3332  272 
 3333  246 
 3334  259 
 3335  220 
 3336  232 
 3337  234 
 3338  239 
 3339  239 
 3340  215 
 3341  227 
 3342  197 
 3343  202 
 3344  232 
 3345  189 
 3346  192 
 3347  176 
 3348  176 
 3349  164 
 3350  151 
 3351  161 
 3352  138 
 3353  139 
 3354  122 
 3355  113 
 3356  127 
 3357  114 
 3358  113 
 3359  111 
 3360  100 
 3361  108 
 3362  100 
 3363  105 
 3364  98 
 3365  108 
 3366  80 
 3367  83 
 3368  93 
 3369  82 
 3370  95 
 3371  87 
 3372  94 
 3373  93 
 3374  93 
 3375  103 
 3376  86 
 3377  78 
 3378  102 
 3379  96 
 3380  112 
 3381  91 
 3382  119 
 3383  96 
 3384  109 
 3385  108 
 3386  98 
 3387  123 
 3388  139 
 3389  134 
 3390  120 
 3391  136 
 3392  146 
 3393  152 
 3394  152 
 3395  168 
 3396  161 
 3397  145 
 3398  183 
 3399  167 
 3400  202 
 3401  217 
 3402  192 
 3403  212 
 3404  237 
 3405  223 
 3406  276 
 3407  240 
 3408  261 
 3409  306 
 3410  269 
 3411  332 
 3412  330 
 3413  339 
 3414  334 
 3415  368 
 3416  384 
 3417  437 
 3418  454 
 3419  478 
 3420  487 
 3421  496 
 3422  520 
 3423  577 
 3424  692 
 3425  663 
 3426  689 
 3427  738 
 3428  707 
 3429  786 
 3430  884 
 3431  948 
 3432  946 
 3433  966 
 3434  1139 
 3435  1174 
 3436  1295 
 3437  1259 
 3438  1405 
 3439  1499 
 3440  1586 
 3441  1657 
 3442  1755 
 3443  1885 
 3444  1995 
 3445  2184 
 3446  2293 
 3447  2467 
 3448  2520 
 3449  2852 
 3450  2986 
 3451  3209 
 3452  3329 
 3453  3537 
 3454  3852 
 3455  4007 
 3456  4246 
 3457  4450 
 3458  4658 
 3459  5006 
 3460  5238 
 3461  5440 
 3462  5663 
 3463  5843 
 3464  6326 
 3465  6646 
 3466  6662 
 3467  6812 
 3468  7093 
 3469  7381 
 3470  7392 
 3471  7513 
 3472  7667 
 3473  7765 
 3474  7854 
 3475  7977 
 3476  7785 
 3477  7834 
 3478  7616 
 3479  7644 
 3480  7680 
 3481  7301 
 3482  7091 
 3483  6938 
 3484  6728 
 3485  6371 
 3486  6011 
 3487  5823 
 3488  5565 
 3489  5267 
 3490  5086 
 3491  4667 
 3492  4314 
 3493  4222 
 3494  3877 
 3495  3558 
 3496  3426 
 3497  3080 
 3498  2754 
 3499  2573 
 3500  2371 
 3501  2215 
 3502  2066 
 3503  1780 
 3504  1638 
 3505  1589 
 3506  1462 
 3507  1336 
 3508  1229 
 3509  1199 
 3510  1043 
 3511  1018 
 3512  942 
 3513  985 
 3514  920 
 3515  884 
 3516  862 
 3517  810 
 3518  840 
 3519  813 
 3520  749 
 3521  799 
 3522  775 
 3523  828 
 3524  827 
 3525  748 
 3526  805 
 3527  842 
 3528  871 
 3529  855 
 3530  913 
 3531  874 
 3532  877 
 3533  950 
 3534  973 
 3535  976 
 3536  1079 
 3537  1073 
 3538  1164 
 3539  1222 
 3540  1230 
 3541  1200 
 3542  1311 
 3543  1356 
 3544  1422 
 3545  1477 
 3546  1440 
 3547  1636 
 3548  1704 
 3549  1709 
 3550  1771 
 3551  1855 
 3552  1938 
 3553  1999 
 3554  2094 
 3555  2117 
 3556  2262 
 3557  2316 
 3558  2429 
 3559  2506 
 3560  2661 
 3561  2737 
 3562  2885 
 3563  2931 
 3564  3089 
 3565  3094 
 3566  3365 
 3567  3288 
 3568  3457 
 3569  3630 
 3570  3744 
 3571  3771 
 3572  4015 
 3573  4019 
 3574  3974 
 3575  4019 
 3576  4226 
 3577  4316 
 3578  4289 
 3579  4462 
 3580  4393 
 3581  4472 
 3582  4578 
 3583  4490 
 3584  4569 
 3585  4598 
 3586  4563 
 3587  4598 
 3588  4553 
 3589  4292 
 3590  4477 
 3591  4354 
 3592  4203 
 3593  4128 
 3594  4224 
 3595  3963 
 3596  3921 
 3597  3640 
 3598  3683 
 3599  3490 
 3600  3377 
 3601  3098 
 3602  3076 
 3603  2916 
 3604  2656 
 3605  2556 
 3606  2508 
 3607  2383 
 3608  2168 
 3609  2128 
 3610  2015 
 3611  1838 
 3612  1712 
 3613  1637 
 3614  1527 
 3615  1459 
 3616  1354 
 3617  1239 
 3618  1150 
 3619  1108 
 3620  1077 
 3621  985 
 3622  1009 
 3623  905 
 3624  869 
 3625  850 
 3626  817 
 3627  842 
 3628  729 
 3629  735 
 3630  729 
 3631  742 
 3632  684 
 3633  659 
 3634  672 
 3635  637 
 3636  634 
 3637  612 
 3638  595 
 3639  565 
 3640  508 
 3641  560 
 3642  516 
 3643  499 
 3644  440 
 3645  476 
 3646  438 
 3647  405 
 3648  375 
 3649  387 
 3650  358 
 3651  329 
 3652  273 
 3653  321 
 3654  270 
 3655  231 
 3656  255 
 3657  251 
 3658  207 
 3659  204 
 3660  181 
 3661  160 
 3662  154 
 3663  133 
 3664  111 
 3665  108 
 3666  115 
 3667  100 
 3668  90 
 3669  81 
 3670  65 
 3671  70 
 3672  75 
 3673  57 
 3674  58 
 3675  49 
 3676  53 
 3677  35 
 3678  39 
 3679  31 
 3680  39 
 3681  28 
 3682  23 
 3683  33 
 3684  27 
 3685  33 
 3686  21 
 3687  17 
 3688  16 
 3689  18 
 3690  15 
 3691  17 
 3692  14 
 3693  21 
 3694  15 
 3695  10 
 3696  8 
 3697  12 
 3698  14 
 3699  12 
 3700  15 
 3701  19 
 3702  10 
 3703  7 
 3704  10 
 3705  6 
 3706  7 
 3707  12 
 3708  11 
 3709  11 
 3710  6 
 3711  9 
 3712  10 
 3713  9 
 3714  5 
 3715  11 
 3716  5 
 3717  8 
 3718  12 
 3719  9 
 3720  8 
 3721  10 
 3722  9 
 3723  9 
 3724  11 
 3725  7 
 3726  17 
 3727  14 
 3728  7 
 3729  10 
 3730  10 
 3731  3 
 3732  7 
 3733  9 
 3734  6 
 3735  8 
 3736  8 
 3737  9 
 3738  12 
 3739  6 
 3740  11 
 3741  8 
 3742  9 
 3743  9 
 3744  11 
 3745  8 
 3746  12 
 3747  12 
 3748  7 
 3749  9 
 3750  14 
 3751  10 
 3752  3 
 3753  7 
 3754  4 
 3755  14 
 3756  8 
 3757  4 
 3758  17 
 3759  9 
 3760  8 
 3761  6 
 3762  5 
 3763  7 
 3764  12 
 3765  7 
 3766  7 
 3767  7 
 3768  6 
 3769  10 
 3770  9 
 3771  12 
 3772  9 
 3773  6 
 3774  9 
 3775  9 
 3776  8 
 3777  14 
 3778  16 
 3779  7 
 3780  12 
 3781  7 
 3782  7 
 3783  14 
 3784  9 
 3785  7 
 3786  5 
 3787  9 
 3788  7 
 3789  10 
 3790  6 
 3791  5 
 3792  9 
 3793  9 
 3794  8 
 3795  7 
 3796  5 
 3797  12 
 3798  4 
 3799  10 
 3800  9 
 3801  10 
 3802  6 
 3803  9 
 3804  3 
 3805  6 
 3806  6 
 3807  9 
 3808  8 
 3809  6 
 3810  9 
 3811  7 
 3812  7 
 3813  5 
 3814  7 
 3815  3 
 3816  5 
 3817  4 
 3818  7 
 3819  5 
 3820  12 
 3821  4 
 3822  6 
 3823  5 
 3824  9 
 3825  8 
 3826  10 
 3827  10 
 3828  6 
 3829  6 
 3830  7 
 3831  6 
 3832  4 
 3833  5 
 3834  5 
 3835  9 
 3836  8 
 3837  8 
 3838  4 
 3839  7 
 3840  6 
 3841  8 
 3842  4 
 3843  6 
 3844  8 
 3845  3 
 3846  3 
 3847  6 
 3848  4 
 3849  5 
 3850  6 
 3851  5 
 3852  5 
 3853  3 
 3854  10 
 3855  9 
 3856  9 
 3857  2 
 3858  8 
 3859  6 
 3860  4 
 3861  6 
 3862  7 
 3863  4 
 3864  6 
 3865  6 
 3866  4 
 3867  3 
 3868  9 
 3869  5 
 3870  5 
 3871  3 
 3872  5 
 3873  6 
 3874  3 
 3875  4 
 3876  7 
 3877  3 
 3878  7 
 3879  7 
 3880  3 
 3881  2 
 3882  6 
 3883  6 
 3884  6 
 3885  4 
 3886  5 
 3887  3 
 3888  4 
 3889  3 
 3890  7 
 3891  6 
 3892  8 
 3893  1 
 3894  5 
 3895  5 
 3896  2 
 3897  8 
 3898  9 
 3899  2 
 3900  3 
 3901  6 
 3902  6 
 3903  3 
 3904  6 
 3905  7 
 3906  5 
 3907  5 
 3908  3 
 3909  5 
 3910  5 
 3911  3 
 3912  3 
 3913  6 
 3914  7 
 3915  6 
 3916  4 
 3917  7 
 3918  3 
 3919  3 
 3920  9 
 3921  4 
 3922  2 
 3923  5 
 3924  7 
 3925  5 
 3926  3 
 3927  7 
 3928  0 
 3929  2 
 3930  1 
 3931  2 
 3932  5 
 3933  3 
 3934  4 
 3935  4 
 3936  3 
 3937  7 
 3938  5 
 3939  6 
 3940  5 
 3941  4 
 3942  3 
 3943  1 
 3944  0 
 3945  4 
 3946  4 
 3947  2 
 3948  4 
 3949  4 
 3950  4 
 3951  3 
 3952  4 
 3953  2 
 3954  2 
 3955  3 
 3956  5 
 3957  3 
 3958  2 
 3959  2 
 3960  1 
 3961  7 
 3962  4 
 3963  7 
 3964  7 
 3965  4 
 3966  2 
 3967  3 
 3968  2 
 3969  4 
 3970  4 
 3971  4 
 3972  2 
 3973  4 
 3974  2 
 3975  2 
 3976  2 
 3977  2 
 3978  4 
 3979  3 
 3980  1 
 3981  4 
 3982  3 
 3983  2 
 3984  2 
 3985  7 
 3986  4 
 3987  4 
 3988  3 
 3989  6 
 3990  1 
 3991  3 
 3992  2 
 3993  2 
 3994  1 
 3995  3 
 3996  4 
 3997  1 
 3998  2 
 3999  5 
 4000  0 
 4001  3 
 4002  1 
 4003  2 
 4004  3 
 4005  2 
 4006  5 
 4007  3 
 4008  5 
 4009  1 
 4010  1 
 4011  5 
 4012  1 
 4013  1 
 4014  1 
 4015  4 
 4016  3 
 4017  0 
 4018  3 
 4019  1 
 4020  4 
 4021  2 
 4022  3 
 4023  1 
 4024  5 
 4025  2 
 4026  1 
 4027  1 
 4028  3 
 4029  2 
 4030  5 
 4031  1 
 4032  3 
 4033  4 
 4034  2 
 4035  7 
 4036  3 
 4037  0 
 4038  1 
 4039  1 
 4040  1 
 4041  2 
 4042  2 
 4043  4 
 4044  1 
 4045  3 
 4046  1 
 4047  5 
 4048  2 
 4049  2 
 4050  4 
 4051  0 
 4052  1 
 4053  3 
 4054  4 
 4055  2 
 4056  1 
 4057  2 
 4058  4 
 4059  0 
 4060  1 
 4061  4 
 4062  3 
 4063  4 
 4064  1 
 4065  2 
 4066  3 
 4067  1 
 4068  3 
 4069  1 
 4070  3 
 4071  3 
 4072  1 
 4073  3 
 4074  1 
 4075  2 
 4076  5 
 4077  2 
 4078  0 
 4079  3 
 4080  2 
 4081  2 
 4082  1 
 4083  1 
 4084  2 
 4085  3 
 4086  1 
 4087  3 
 4088  1 
 4089  1 
 4090  1 
 4091  1 
 4092  2 
 4093  4 
 4094  4 
 4095  3 
 4096  1 
 4097  2 
 4098  4 
 4099  2 
 4100  1 
 4101  2 
 4102  5 
 4103  2 
 4104  1 
 4105  4 
 4106  1 
 4107  0 
 4108  2 
 4109  2 
 4110  0 
 4111  2 
 4112  1 
 4113  1 
 4114  1 
 4115  1 
 4116  3 
 4117  3 
 4118  2 
 4119  1 
 4120  4 
 4121  3 
 4122  1 
 4123  3 
 4124  1 
 4125  4 
 4126  3 
 4127  1 
 4128  0 
 4129  2 
 4130  1 
 4131  1 
 4132  1 
 4133  1 
 4134  3 
 4135  5 
 4136  5 
 4137  4 
 4138  3 
 4139  0 
 4140  3 
 4141  0 
 4142  1 
 4143  1 
 4144  2 
 4145  2 
 4146  0 
 4147  0 
 4148  3 
 4149  4 
 4150  1 
 4151  2 
 4152  1 
 4153  0 
 4154  3 
 4155  2 
 4156  0 
 4157  2 
 4158  0 
 4159  0 
 4160  4 
 4161  1 
 4162  1 
 4163  3 
 4164  0 
 4165  3 
 4166  0 
 4167  2 
 4168  1 
 4169  1 
 4170  1 
 4171  0 
 4172  3 
 4173  3 
 4174  2 
 4175  2 
 4176  2 
 4177  2 
 4178  1 
 4179  4 
 4180  1 
 4181  4 
 4182  2 
 4183  0 
 4184  1 
 4185  0 
 4186  4 
 4187  4 
 4188  1 
 4189  1 
 4190  2 
 4191  0 
 4192  2 
 4193  2 
 4194  2 
 4195  2 
 4196  1 
 4197  2 
 4198  2 
 4199  1 
 4200  2 
 4201  3 
 4202  3 
 4203  1 
 4204  1 
 4205  0 
 4206  2 
 4207  2 
 4208  1 
 4209  2 
 4210  1 
 4211  1 
 4212  2 
 4213  2 
 4214  3 
 4215  1 
 4216  4 
 4217  5 
 4218  0 
 4219  2 
 4220  0 
 4221  0 
 4222  2 
 4223  2 
 4224  5 
 4225  2 
 4226  3 
 4227  2 
 4228  1 
 4229  4 
 4230  4 
 4231  0 
 4232  1 
 4233  2 
 4234  5 
 4235  2 
 4236  1 
 4237  0 
 4238  4 
 4239  2 
 4240  4 
 4241  1 
 4242  2 
 4243  5 
 4244  2 
 4245  2 
 4246  0 
 4247  1 
 4248  5 
 4249  1 
 4250  3 
 4251  0 
 4252  1 
 4253  1 
 4254  2 
 4255  1 
 4256  2 
 4257  5 
 4258  3 
 4259  0 
 4260  0 
 4261  1 
 4262  2 
 4263  3 
 4264  1 
 4265  5 
 4266  1 
 4267  2 
 4268  0 
 4269  0 
 4270  3 
 4271  2 
 4272  2 
 4273  1 
 4274  0 
 4275  0 
 4276  0 
 4277  0 
 4278  2 
 4279  3 
 4280  2 
 4281  4 
 4282  2 
 4283  0 
 4284  5 
 4285  0 
 4286  0 
 4287  0 
 4288  2 
 4289  1 
 4290  2 
 4291  4 
 4292  0 
 4293  0 
 4294  3 
 4295  3 
 4296  5 
 4297  0 
 4298  3 
 4299  2 
 4300  4 
 4301  0 
 4302  1 
 4303  1 
 4304  0 
 4305  5 
 4306  0 
 4307  2 
 4308  0 
 4309  3 
 4310  0 
 4311  2 
 4312  4 
 4313  2 
 4314  0 
 4315  0 
 4316  1 
 4317  1 
 4318  1 
 4319  3 
 4320  0 
 4321  0 
 4322  2 
 4323  2 
 4324  1 
 4325  0 
 4326  2 
 4327  1 
 4328  4 
 4329  3 
 4330  1 
 4331  0 
 4332  3 
 4333  0 
 4334  1 
 4335  0 
 4336  0 
 4337  2 
 4338  2 
 4339  3 
 4340  2 
 4341  3 
 4342  2 
 4343  1 
 4344  0 
 4345  1 
 4346  4 
 4347  2 
 4348  1 
 4349  2 
 4350  0 
 4351  0 
 4352  3 
 4353  3 
 4354  2 
 4355  1 
 4356  0 
 4357  0 
 4358  1 
 4359  1 
 4360  0 
 4361  2 
 4362  1 
 4363  1 
 4364  1 
 4365  2 
 4366  0 
 4367  2 
 4368  1 
 4369  3 
 4370  0 
 4371  0 
 4372  2 
 4373  3 
 4374  1 
 4375  0 
 4376  3 
 4377  2 
 4378  2 
 4379  2 
 4380  0 
 4381  2 
 4382  0 
 4383  1 
 4384  1 
 4385  3 
 4386  4 
 4387  3 
 4388  1 
 4389  1 
 4390  3 
 4391  0 
 4392  1 
 4393  3 
 4394  0 
 4395  0 
 4396  1 
 4397  1 
 4398  2 
 4399  2 
 4400  3 
 4401  1 
 4402  1 
 4403  0 
 4404  1 
 4405  0 
 4406  0 
 4407  1 
 4408  1 
 4409  0 
 4410  1 
 4411  3 
 4412  1 
 4413  5 
 4414  1 
 4415  0 
 4416  1 
 4417  0 
 4418  0 
 4419  2 
 4420  3 
 4421  1 
 4422  0 
 4423  0 
 4424  1 
 4425  3 
 4426  2 
 4427  2 
 4428  2 
 4429  1 
 4430  1 
 4431  1 
 4432  0 
 4433  0 
 4434  1 
 4435  2 
 4436  1 
 4437  1 
 4438  4 
 4439  1 
 4440  1 
 4441  2 
 4442  1 
 4443  0 
 4444  2 
 4445  0 
 4446  0 
 4447  1 
 4448  0 
 4449  2 
 4450  0 
 4451  1 
 4452  1 
 4453  1 
 4454  0 
 4455  0 
 4456  2 
 4457  1 
 4458  2 
 4459  0 
 4460  1 
 4461  0 
 4462  1 
 4463  3 
 4464  1 
 4465  1 
 4466  2 
 4467  0 
 4468  2 
 4469  0 
 4470  1 
 4471  4 
 4472  3 
 4473  3 
 4474  4 
 4475  2 
 4476  1 
 4477  2 
 4478  0 
 4479  1 
 4480  0 
 4481  1 
 4482  0 
 4483  0 
 4484  1 
 4485  2 
 4486  0 
 4487  0 
 4488  4 
 4489  0 
 4490  0 
 4491  1 
 4492  1 
 4493  1 
 4494  0 
 4495  1 
 4496  0 
 4497  1 
 4498  1 
 4499  1 
 4500  3 
 4501  0 
 4502  2 
 4503  3 
 4504  0 
 4505  1 
 4506  0 
 4507  2 
 4508  0 
 4509  1 
 4510  2 
 4511  4 
 4512  2 
 4513  0 
 4514  1 
 4515  3 
 4516  0 
 4517  0 
 4518  0 
 4519  1 
 4520  0 
 4521  1 
 4522  1 
 4523  2 
 4524  1 
 4525  2 
 4526  0 
 4527  0 
 4528  0 
 4529  4 
 4530  1 
 4531  1 
 4532  0 
 4533  0 
 4534  1 
 4535  3 
 4536  3 
 4537  1 
 4538  0 
 4539  1 
 4540  0 
 4541  1 
 4542  0 
 4543  0 
 4544  0 
 4545  3 
 4546  3 
 4547  2 
 4548  1 
 4549  0 
 4550  2 
 4551  1 
 4552  1 
 4553  1 
 4554  0 
 4555  0 
 4556  0 
 4557  1 
 4558  1 
 4559  1 
 4560  1 
 4561  0 
 4562  2 
 4563  1 
 4564  0 
 4565  1 
 4566  0 
 4567  1 
 4568  1 
 4569  0 
 4570  0 
 4571  0 
 4572  3 
 4573  0 
 4574  1 
 4575  2 
 4576  1 
 4577  2 
 4578  1 
 4579  0 
 4580  0 
 4581  2 
 4582  4 
 4583  3 
 4584  3 
 4585  0 
 4586  2 
 4587  1 
 4588  0 
 4589  0 
 4590  1 
 4591  0 
 4592  1 
 4593  0 
 4594  0 
 4595  0 
 4596  1 
 4597  2 
 4598  2 
 4599  2 
 4600  0 
 4601  1 
 4602  2 
 4603  2 
 4604  1 
 4605  0 
 4606  1 
 4607  0 
 4608  0 
 4609  1 
 4610  0 
 4611  0 
 4612  2 
 4613  0 
 4614  2 
 4615  1 
 4616  0 
 4617  2 
 4618  0 
 4619  0 
 4620  5 
 4621  1 
 4622  0 
 4623  1 
 4624  0 
 4625  1 
 4626  1 
 4627  0 
 4628  0 
 4629  0 
 4630  2 
 4631  1 
 4632  1 
 4633  1 
 4634  0 
 4635  2 
 4636  1 
 4637  1 
 4638  0 
 4639  0 
 4640  1 
 4641  2 
 4642  1 
 4643  0 
 4644  0 
 4645  1 
 4646  3 
 4647  0 
 4648  1 
 4649  0 
 4650  0 
 4651  1 
 4652  1 
 4653  0 
 4654  0 
 4655  2 
 4656  2 
 4657  1 
 4658  3 
 4659  1 
 4660  0 
 4661  2 
 4662  0 
 4663  1 
 4664  3 
 4665  2 
 4666  1 
 4667  3 
 4668  4 
 4669  1 
 4670  2 
 4671  2 
 4672  1 
 4673  0 
 4674  1 
 4675  0 
 4676  2 
 4677  0 
 4678  1 
 4679  1 
 4680  4 
 4681  1 
 4682  0 
 4683  1 
 4684  1 
 4685  0 
 4686  0 
 4687  2 
 4688  0 
 4689  2 
 4690  3 
 4691  1 
 4692  0 
 4693  2 
 4694  0 
 4695  0 
 4696  1 
 4697  1 
 4698  1 
 4699  0 
 4700  0 
 4701  0 
 4702  1 
 4703  0 
 4704  2 
 4705  1 
 4706  1 
 4707  3 
 4708  2 
 4709  1 
 4710  0 
 4711  2 
 4712  1 
 4713  0 
 4714  1 
 4715  0 
 4716  1 
 4717  1 
 4718  1 
 4719  0 
 4720  0 
 4721  2 
 4722  0 
 4723  0 
 4724  2 
 4725  1 
 4726  1 
 4727  2 
 4728  3 
 4729  0 
 4730  0 
 4731  0 
 4732  0 
 4733  0 
 4734  2 
 4735  3 
 4736  1 
 4737  1 
 4738  0 
 4739  1 
 4740  1 
 4741  0 
 4742  0 
 4743  1 
 4744  1 
 4745  2 
 4746  0 
 4747  0 
 4748  1 
 4749  0 
 4750  0 
 4751  0 
 4752  2 
 4753  0 
 4754  4 
 4755  2 
 4756  3 
 4757  0 
 4758  1 
 4759  1 
 4760  0 
 4761  1 
 4762  0 
 4763  2 
 4764  1 
 4765  1 
 4766  0 
 4767  0 
 4768  1 
 4769  2 
 4770  0 
 4771  0 
 4772  0 
 4773  2 
 4774  1 
 4775  1 
 4776  0 
 4777  0 
 4778  1 
 4779  1 
 4780  0 
 4781  0 
 4782  1 
 4783  0 
 4784  2 
 4785  2 
 4786  1 
 4787  1 
 4788  4 
 4789  1 
 4790  2 
 4791  0 
 4792  2 
 4793  2 
 4794  2 
 4795  3 
 4796  1 
 4797  0 
 4798  0 
 4799  1 
 4800  0 
 4801  0 
 4802  1 
 4803  0 
 4804  0 
 4805  3 
 4806  0 
 4807  0 
 4808  0 
 4809  1 
 4810  1 
 4811  1 
 4812  1 
 4813  0 
 4814  2 
 4815  3 
 4816  3 
 4817  0 
 4818  0 
 4819  2 
 4820  1 
 4821  1 
 4822  1 
 4823  1 
 4824  3 
 4825  1 
 4826  2 
 4827  0 
 4828  4 
 4829  0 
 4830  0 
 4831  1 
 4832  3 
 4833  1 
 4834  1 
 4835  0 
 4836  1 
 4837  1 
 4838  0 
 4839  3 
 4840  3 
 4841  3 
 4842  4 
 4843  1 
 4844  0 
 4845  1 
 4846  0 
 4847  1 
 4848  3 
 4849  2 
 4850  1 
 4851  1 
 4852  0 
 4853  0 
 4854  0 
 4855  0 
 4856  0 
 4857  0 
 4858  2 
 4859  1 
 4860  2 
 4861  1 
 4862  1 
 4863  1 
 4864  0 
 4865  1 
 4866  0 
 4867  1 
 4868  0 
 4869  3 
 4870  2 
 4871  0 
 4872  0 
 4873  0 
 4874  0 
 4875  1 
 4876  1 
 4877  1 
 4878  3 
 4879  0 
 4880  0 
 4881  2 
 4882  0 
 4883  0 
 4884  2 
 4885  2 
 4886  2 
 4887  4 
 4888  2 
 4889  0 
 4890  1 
 4891  0 
 4892  0 
 4893  2 
 4894  0 
 4895  1 
 4896  1 
 4897  0 
 4898  0 
 4899  1 
 4900  1 
 4901  3 
 4902  1 
 4903  1 
 4904  2 
 4905  1 
 4906  3 
 4907  3 
 4908  0 
 4909  1 
 4910  0 
 4911  0 
 4912  0 
 4913  0 
 4914  0 
 4915  2 
 4916  1 
 4917  2 
 4918  0 
 4919  2 
 4920  0 
 4921  1 
 4922  1 
 4923  0 
 4924  2 
 4925  3 
 4926  1 
 4927  1 
 4928  1 
 4929  1 
 4930  2 
 4931  3 
 4932  2 
 4933  1 
 4934  1 
 4935  0 
 4936  0 
 4937  0 
 4938  3 
 4939  3 
 4940  0 
 4941  2 
 4942  1 
 4943  2 
 4944  2 
 4945  1 
 4946  1 
 4947  1 
 4948  2 
 4949  2 
 4950  2 
 4951  1 
 4952  1 
 4953  2 
 4954  0 
 4955  1 
 4956  3 
 4957  1 
 4958  2 
 4959  1 
 4960  0 
 4961  1 
 4962  1 
 4963  1 
 4964  0 
 4965  1 
 4966  1 
 4967  0 
 4968  3 
 4969  2 
 4970  2 
 4971  0 
 4972  5 
 4973  3 
 4974  0 
 4975  0 
 4976  0 
 4977  0 
 4978  0 
 4979  1 
 4980  0 
 4981  0 
 4982  0 
 4983  0 
 4984  2 
 4985  1 
 4986  3 
 4987  0 
 4988  1 
 4989  2 
 4990  4 
 4991  2 
 4992  0 
 4993  0 
 4994  1 
 4995  1 
 4996  1 
 4997  1 
 4998  1 
 4999  2 
 5000  1 
 5001  0 
 5002  1 
 5003  2 
 5004  1 
 5005  0 
 5006  2 
 5007  4 
 5008  0 
 5009  2 
 5010  1 
 5011  0 
 5012  1 
 5013  2 
 5014  0 
 5015  2 
 5016  1 
 5017  0 
 5018  3 
 5019  2 
 5020  1 
 5021  2 
 5022  1 
 5023  1 
 5024  4 
 5025  3 
 5026  2 
 5027  1 
 5028  0 
 5029  1 
 5030  2 
 5031  2 
 5032  3 
 5033  1 
 5034  0 
 5035  2 
 5036  4 
 5037  1 
 5038  4 
 5039  2 
 5040  0 
 5041  0 
 5042  2 
 5043  0 
 5044  1 
 5045  1 
 5046  1 
 5047  1 
 5048  1 
 5049  1 
 5050  0 
 5051  2 
 5052  2 
 5053  2 
 5054  0 
 5055  0 
 5056  1 
 5057  2 
 5058  2 
 5059  2 
 5060  0 
 5061  0 
 5062  1 
 5063  1 
 5064  4 
 5065  0 
 5066  1 
 5067  0 
 5068  0 
 5069  2 
 5070  3 
 5071  0 
 5072  2 
 5073  0 
 5074  2 
 5075  0 
 5076  1 
 5077  3 
 5078  0 
 5079  1 
 5080  3 
 5081  1 
 5082  1 
 5083  2 
 5084  3 
 5085  2 
 5086  3 
 5087  4 
 5088  1 
 5089  1 
 5090  1 
 5091  1 
 5092  1 
 5093  1 
 5094  0 
 5095  3 
 5096  1 
 5097  1 
 5098  1 
 5099  2 
 5100  1 
 5101  0 
 5102  3 
 5103  0 
 5104  3 
 5105  3 
 5106  1 
 5107  3 
 5108  3 
 5109  1 
 5110  0 
 5111  1 
 5112  1 
 5113  1 
 5114  1 
 5115  1 
 5116  1 
 5117  1 
 5118  0 
 5119  0 
 5120  1 
 5121  2 
 5122  2 
 5123  0 
 5124  0 
 5125  2 
 5126  3 
 5127  3 
 5128  1 
 5129  1 
 5130  1 
 5131  2 
 5132  4 
 5133  0 
 5134  0 
 5135  1 
 5136  0 
 5137  2 
 5138  2 
 5139  1 
 5140  2 
 5141  1 
 5142  0 
 5143  3 
 5144  4 
 5145  1 
 5146  2 
 5147  1 
 5148  1 
 5149  3 
 5150  2 
 5151  1 
 5152  2 
 5153  2 
 5154  1 
 5155  1 
 5156  2 
 5157  0 
 5158  0 
 5159  1 
 5160  3 
 5161  2 
 5162  2 
 5163  0 
 5164  2 
 5165  0 
 5166  1 
 5167  1 
 5168  1 
 5169  0 
 5170  3 
 5171  1 
 5172  0 
 5173  1 
 5174  1 
 5175  2 
 5176  0 
 5177  1 
 5178  1 
 5179  3 
 5180  2 
 5181  2 
 5182  1 
 5183  3 
 5184  1 
 5185  1 
 5186  1 
 5187  0 
 5188  0 
 5189  1 
 5190  2 
 5191  3 
 5192  1 
 5193  0 
 5194  2 
 5195  1 
 5196  2 
 5197  0 
 5198  2 
 5199  1 
 5200  1 
 5201  0 
 5202  0 
 5203  0 
 5204  1 
 5205  2 
 5206  1 
 5207  1 
 5208  2 
 5209  3 
 5210  1 
 5211  0 
 5212  0 
 5213  1 
 5214  0 
 5215  2 
 5216  0 
 5217  2 
 5218  0 
 5219  1 
 5220  1 
 5221  0 
 5222  0 
 5223  3 
 5224  2 
 5225  2 
 5226  0 
 5227  1 
 5228  0 
 5229  0 
 5230  0 
 5231  1 
 5232  2 
 5233  1 
 5234  1 
 5235  2 
 5236  0 
 5237  1 
 5238  0 
 5239  1 
 5240  2 
 5241  2 
 5242  0 
 5243  0 
 5244  0 
 5245  0 
 5246  1 
 5247  1 
 5248  0 
 5249  1 
 5250  0 
 5251  1 
 5252  2 
 5253  1 
 5254  0 
 5255  4 
 5256  2 
 5257  0 
 5258  0 
 5259  1 
 5260  0 
 5261  0 
 5262  1 
 5263  2 
 5264  2 
 5265  0 
 5266  0 
 5267  1 
 5268  0 
 5269  3 
 5270  1 
 5271  1 
 5272  2 
 5273  1 
 5274  2 
 5275  0 
 5276  2 
 5277  0 
 5278  1 
 5279  1 
 5280  2 
 5281  2 
 5282  2 
 5283  0 
 5284  1 
 5285  0 
 5286  2 
 5287  1 
 5288  1 
 5289  0 
 5290  0 
 5291  1 
 5292  3 
 5293  0 
 5294  1 
 5295  0 
 5296  1 
 5297  3 
 5298  0 
 5299  1 
 5300  1 
 5301  1 
 5302  0 
 5303  0 
 5304  3 
 5305  0 
 5306  0 
 5307  0 
 5308  1 
 5309  0 
 5310  0 
 5311  2 
 5312  0 
 5313  0 
 5314  0 
 5315  0 
 5316  1 
 5317  1 
 5318  0 
 5319  0 
 5320  1 
 5321  2 
 5322  1 
 5323  0 
 5324  5 
 5325  0 
 5326  0 
 5327  1 
 5328  1 
 5329  0 
 5330  1 
 5331  0 
 5332  2 
 5333  0 
 5334  1 
 5335  2 
 5336  1 
 5337  1 
 5338  0 
 5339  2 
 5340  0 
 5341  1 
 5342  1 
 5343  1 
 5344  0 
 5345  0 
 5346  0 
 5347  0 
 5348  3 
 5349  0 
 5350  1 
 5351  1 
 5352  0 
 5353  0 
 5354  0 
 5355  1 
 5356  1 
 5357  1 
 5358  1 
 5359  0 
 5360  3 
 5361  4 
 5362  2 
 5363  0 
 5364  1 
 5365  0 
 5366  1 
 5367  2 
 5368  1 
 5369  3 
 5370  4 
 5371  2 
 5372  0 
 5373  0 
 5374  0 
 5375  0 
 5376  1 
 5377  0 
 5378  0 
 5379  2 
 5380  1 
 5381  0 
 5382  0 
 5383  0 
 5384  0 
 5385  0 
 5386  3 
 5387  4 
 5388  2 
 5389  0 
 5390  1 
 5391  2 
 5392  1 
 5393  0 
 5394  1 
 5395  1 
 5396  0 
 5397  0 
 5398  1 
 5399  1 
 5400  0 
 5401  2 
 5402  1 
 5403  0 
 5404  1 
 5405  2 
 5406  0 
 5407  1 
 5408  4 
 5409  1 
 5410  1 
 5411  0 
 5412  1 
 5413  0 
 5414  1 
 5415  3 
 5416  1 
 5417  1 
 5418  0 
 5419  1 
 5420  0 
 5421  0 
 5422  1 
 5423  1 
 5424  1 
 5425  0 
 5426  1 
 5427  2 
 5428  1 
 5429  0 
 5430  0 
 5431  1 
 5432  2 
 5433  0 
 5434  0 
 5435  0 
 5436  0 
 5437  2 
 5438  0 
 5439  1 
 5440  1 
 5441  1 
 5442  1 
 5443  0 
 5444  2 
 5445  0 
 5446  1 
 5447  1 
 5448  0 
 5449  0 
 5450  1 
 5451  1 
 5452  1 
 5453  1 
 5454  0 
 5455  2 
 5456  0 
 5457  0 
 5458  3 
 5459  3 
 5460  0 
 5461  2 
 5462  1 
 5463  1 
 5464  3 
 5465  0 
 5466  0 
 5467  1 
 5468  1 
 5469  0 
 5470  0 
 5471  2 
 5472  1 
 5473  0 
 5474  0 
 5475  1 
 5476  2 
 5477  0 
 5478  0 
 5479  0 
 5480  2 
 5481  1 
 5482  0 
 5483  0 
 5484  0 
 5485  0 
 5486  0 
 5487  2 
 5488  0 
 5489  0 
 5490  1 
 5491  1 
 5492  0 
 5493  0 
 5494  0 
 5495  1 
 5496  0 
 5497  2 
 5498  0 
 5499  2 
 5500  1 
 5501  0 
 5502  0 
 5503  2 
 5504  1 
 5505  0 
 5506  1 
 5507  1 
 5508  1 
 5509  0 
 5510  1 
 5511  1 
 5512  2 
 5513  0 
 5514  1 
 5515  1 
 5516  1 
 5517  1 
 5518  1 
 5519  0 
 5520  0 
 5521  3 
 5522  2 
 5523  2 
 5524  1 
 5525  0 
 5526  0 
 5527  0 
 5528  0 
 5529  0 
 5530  0 
 5531  0 
 5532  0 
 5533  3 
 5534  1 
 5535  1 
 5536  1 
 5537  0 
 5538  0 
 5539  0 
 5540  0 
 5541  1 
 5542  0 
 5543  0 
 5544  0 
 5545  0 
 5546  1 
 5547  1 
 5548  0 
 5549  1 
 5550  1 
 5551  0 
 5552  1 
 5553  0 
 5554  0 
 5555  0 
 5556  0 
 5557  0 
 5558  1 
 5559  1 
 5560  2 
 5561  0 
 5562  0 
 5563  0 
 5564  1 
 5565  0 
 5566  0 
 5567  0 
 5568  1 
 5569  2 
 5570  1 
 5571  1 
 5572  0 
 5573  0 
 5574  1 
 5575  2 
 5576  0 
 5577  0 
 5578  0 
 5579  1 
 5580  3 
 5581  2 
 5582  0 
 5583  1 
 5584  2 
 5585  0 
 5586  1 
 5587  0 
 5588  0 
 5589  0 
 5590  1 
 5591  0 
 5592  0 
 5593  2 
 5594  0 
 5595  3 
 5596  2 
 5597  0 
 5598  0 
 5599  1 
 5600  0 
 5601  1 
 5602  3 
 5603  0 
 5604  1 
 5605  0 
 5606  0 
 5607  0 
 5608  0 
 5609  0 
 5610  2 
 5611  1 
 5612  0 
 5613  0 
 5614  1 
 5615  0 
 5616  1 
 5617  0 
 5618  1 
 5619  1 
 5620  0 
 5621  0 
 5622  0 
 5623  1 
 5624  0 
 5625  1 
 5626  0 
 5627  0 
 5628  1 
 5629  3 
 5630  1 
 5631  0 
 5632  1 
 5633  1 
 5634  1 
 5635  1 
 5636  3 
 5637  3 
 5638  0 
 5639  0 
 5640  0 
 5641  3 
 5642  3 
 5643  2 
 5644  0 
 5645  2 
 5646  2 
 5647  0 
 5648  2 
 5649  1 
 5650  0 
 5651  0 
 5652  1 
 5653  1 
 5654  2 
 5655  0 
 5656  1 
 5657  2 
 5658  1 
 5659  0 
 5660  1 
 5661  1 
 5662  0 
 5663  0 
 5664  0 
 5665  0 
 5666  0 
 5667  1 
 5668  0 
 5669  0 
 5670  2 
 5671  0 
 5672  1 
 5673  2 
 5674  1 
 5675  1 
 5676  1 
 5677  0 
 5678  1 
 5679  1 
 5680  1 
 5681  0 
 5682  0 
 5683  1 
 5684  3 
 5685  0 
 5686  2 
 5687  2 
 5688  0 
 5689  2 
 5690  2 
 5691  0 
 5692  2 
 5693  0 
 5694  0 
 5695  4 
 5696  1 
 5697  1 
 5698  4 
 5699  0 
 5700  0 
 5701  0 
 5702  0 
 5703  0 
 5704  0 
 5705  2 
 5706  0 
 5707  2 
 5708  0 
 5709  2 
 5710  1 
 5711  2 
 5712  0 
 5713  1 
 5714  1 
 5715  1 
 5716  0 
 5717  1 
 5718  0 
 5719  0 
 5720  0 
 5721  3 
 5722  3 
 5723  0 
 5724  1 
 5725  3 
 5726  0 
 5727  0 
 5728  1 
 5729  1 
 5730  1 
 5731  3 
 5732  0 
 5733  1 
 5734  1 
 5735  3 
 5736  1 
 5737  1 
 5738  1 
 5739  0 
 5740  4 
 5741  3 
 5742  0 
 5743  2 
 5744  0 
 5745  1 
 5746  1 
 5747  2 
 5748  0 
 5749  2 
 5750  0 
 5751  0 
 5752  2 
 5753  2 
 5754  0 
 5755  0 
 5756  1 
 5757  2 
 5758  0 
 5759  0 
 5760  2 
 5761  1 
 5762  1 
 5763  1 
 5764  0 
 5765  1 
 5766  0 
 5767  0 
 5768  1 
 5769  1 
 5770  2 
 5771  0 
 5772  0 
 5773  0 
 5774  0 
 5775  0 
 5776  1 
 5777  0 
 5778  1 
 5779  1 
 5780  0 
 5781  3 
 5782  1 
 5783  0 
 5784  1 
 5785  1 
 5786  0 
 5787  1 
 5788  0 
 5789  0 
 5790  2 
 5791  1 
 5792  0 
 5793  0 
 5794  0 
 5795  0 
 5796  0 
 5797  3 
 5798  1 
 5799  0 
 5800  1 
 5801  0 
 5802  1 
 5803  0 
 5804  2 
 5805  0 
 5806  0 
 5807  0 
 5808  0 
 5809  1 
 5810  1 
 5811  0 
 5812  1 
 5813  0 
 5814  1 
 5815  0 
 5816  1 
 5817  0 
 5818  0 
 5819  1 
 5820  2 
 5821  0 
 5822  0 
 5823  1 
 5824  2 
 5825  1 
 5826  2 
 5827  0 
 5828  1 
 5829  0 
 5830  0 
 5831  2 
 5832  1 
 5833  1 
 5834  1 
 5835  2 
 5836  0 
 5837  0 
 5838  1 
 5839  0 
 5840  0 
 5841  1 
 5842  0 
 5843  1 
 5844  0 
 5845  0 
 5846  0 
 5847  1 
 5848  0 
 5849  0 
 5850  3 
 5851  3 
 5852  1 
 5853  0 
 5854  0 
 5855  1 
 5856  1 
 5857  0 
 5858  1 
 5859  1 
 5860  1 
 5861  1 
 5862  2 
 5863  0 
 5864  1 
 5865  1 
 5866  0 
 5867  1 
 5868  1 
 5869  0 
 5870  2 
 5871  1 
 5872  1 
 5873  0 
 5874  1 
 5875  0 
 5876  2 
 5877  4 
 5878  2 
 5879  1 
 5880  3 
 5881  0 
 5882  2 
 5883  0 
 5884  2 
 5885  0 
 5886  0 
 5887  0 
 5888  1 
 5889  2 
 5890  1 
 5891  0 
 5892  1 
 5893  1 
 5894  1 
 5895  1 
 5896  0 
 5897  1 
 5898  0 
 5899  0 
 5900  0 
 5901  1 
 5902  1 
 5903  0 
 5904  1 
 5905  0 
 5906  2 
 5907  1 
 5908  2 
 5909  1 
 5910  0 
 5911  0 
 5912  0 
 5913  1 
 5914  0 
 5915  1 
 5916  0 
 5917  0 
 5918  0 
 5919  1 
 5920  2 
 5921  1 
 5922  0 
 5923  2 
 5924  1 
 5925  1 
 5926  1 
 5927  0 
 5928  0 
 5929  0 
 5930  2 
 5931  0 
 5932  0 
 5933  0 
 5934  2 
 5935  0 
 5936  2 
 5937  1 
 5938  1 
 5939  1 
 5940  0 
 5941  1 
 5942  0 
 5943  1 
 5944  0 
 5945  0 
 5946  2 
 5947  3 
 5948  0 
 5949  2 
 5950  1 
 5951  2 
 5952  0 
 5953  0 
 5954  0 
 5955  2 
 5956  0 
 5957  0 
 5958  1 
 5959  0 
 5960  2 
 5961  1 
 5962  2 
 5963  3 
 5964  3 
 5965  1 
 5966  0 
 5967  0 
 5968  1 
 5969  0 
 5970  2 
 5971  1 
 5972  0 
 5973  2 
 5974  0 
 5975  2 
 5976  0 
 5977  1 
 5978  2 
 5979  2 
 5980  1 
 5981  2 
 5982  2 
 5983  0 
 5984  0 
 5985  1 
 5986  0 
 5987  2 
 5988  0 
 5989  0 
 5990  3 
 5991  0 
 5992  0 
 5993  3 
 5994  0 
 5995  1 
 5996  0 
 5997  2 
 5998  3 
 5999  0 
 6000  0 
 6001  3 
 6002  1 
 6003  1 
 6004  2 
 6005  2 
 6006  0 
 6007  1 
 6008  1 
 6009  0 
 6010  1 
 6011  0 
 6012  0 
 6013  0 
 6014  0 
 6015  3 
 6016  2 
 6017  0 
 6018  1 
 6019  1 
 6020  0 
 6021  0 
 6022  1 
 6023  1 
 6024  0 
 6025  0 
 6026  0 
 6027  1 
 6028  0 
 6029  1 
 6030  0 
 6031  0 
 6032  2 
 6033  2 
 6034  0 
 6035  3 
 6036  0 
 6037  0 
 6038  3 
 6039  1 
 6040  0 
 6041  2 
 6042  0 
 6043  1 
 6044  1 
 6045  2 
 6046  1 
 6047  1 
 6048  0 
 6049  0 
 6050  0 
 6051  1 
 6052  0 
 6053  1 
 6054  0 
 6055  0 
 6056  2 
 6057  0 
 6058  1 
 6059  1 
 6060  0 
 6061  3 
 6062  3 
 6063  4 
 6064  0 
 6065  1 
 6066  1 
 6067  1 
 6068  2 
 6069  2 
 6070  3 
 6071  0 
 6072  1 
 6073  2 
 6074  2 
 6075  0 
 6076  2 
 6077  0 
 6078  0 
 6079  1 
 6080  0 
 6081  3 
 6082  2 
 6083  2 
 6084  1 
 6085  1 
 6086  1 
 6087  0 
 6088  1 
 6089  0 
 6090  0 
 6091  1 
 6092  0 
 6093  2 
 6094  0 
 6095  4 
 6096  0 
 6097  2 
 6098  0 
 6099  1 
 6100  1 
 6101  3 
 6102  2 
 6103  2 
 6104  5 
 6105  1 
 6106  4 
 6107  3 
 6108  4 
 6109  2 
 6110  3 
 6111  0 
 6112  0 
 6113  1 
 6114  0 
 6115  1 
 6116  0 
 6117  0 
 6118  0 
 6119  4 
 6120  0 
 6121  0 
 6122  3 
 6123  0 
 6124  1 
 6125  0 
 6126  0 
 6127  2 
 6128  1 
 6129  1 
 6130  2 
 6131  0 
 6132  1 
 6133  0 
 6134  1 
 6135  5 
 6136  2 
 6137  1 
 6138  0 
 6139  0 
 6140  1 
 6141  2 
 6142  1 
 6143  0 
 6144  2 
 6145  0 
 6146  0 
 6147  1 
 6148  0 
 6149  1 
 6150  2 
 6151  1 
 6152  2 
 6153  2 
 6154  3 
 6155  1 
 6156  0 
 6157  2 
 6158  3 
 6159  1 
 6160  0 
 6161  2 
 6162  3 
 6163  1 
 6164  1 
 6165  0 
 6166  0 
 6167  1 
 6168  1 
 6169  2 
 6170  1 
 6171  2 
 6172  0 
 6173  1 
 6174  2 
 6175  0 
 6176  1 
 6177  0 
 6178  0 
 6179  0 
 6180  1 
 6181  1 
 6182  1 
 6183  2 
 6184  0 
 6185  1 
 6186  1 
 6187  2 
 6188  0 
 6189  1 
 6190  1 
 6191  0 
 6192  3 
 6193  1 
 6194  1 
 6195  0 
 6196  2 
 6197  1 
 6198  1 
 6199  2 
 6200  1 
 6201  2 
 6202  3 
 6203  0 
 6204  1 
 6205  0 
 6206  1 
 6207  1 
 6208  1 
 6209  1 
 6210  2 
 6211  1 
 6212  0 
 6213  1 
 6214  1 
 6215  0 
 6216  0 
 6217  2 
 6218  1 
 6219  0 
 6220  2 
 6221  1 
 6222  1 
 6223  6 
 6224  3 
 6225  1 
 6226  1 
 6227  3 
 6228  2 
 6229  1 
 6230  2 
 6231  1 
 6232  2 
 6233  1 
 6234  1 
 6235  1 
 6236  2 
 6237  1 
 6238  4 
 6239  1 
 6240  0 
 6241  1 
 6242  0 
 6243  2 
 6244  0 
 6245  2 
 6246  1 
 6247  0 
 6248  0 
 6249  1 
 6250  3 
 6251  3 
 6252  3 
 6253  2 
 6254  2 
 6255  0 
 6256  0 
 6257  1 
 6258  1 
 6259  1 
 6260  3 
 6261  1 
 6262  2 
 6263  0 
 6264  3 
 6265  3 
 6266  2 
 6267  2 
 6268  2 
 6269  2 
 6270  1 
 6271  4 
 6272  1 
 6273  3 
 6274  2 
 6275  0 
 6276  2 
 6277  0 
 6278  1 
 6279  1 
 6280  1 
 6281  1 
 6282  0 
 6283  1 
 6284  0 
 6285  3 
 6286  0 
 6287  2 
 6288  1 
 6289  0 
 6290  3 
 6291  0 
 6292  2 
 6293  1 
 6294  1 
 6295  2 
 6296  2 
 6297  1 
 6298  2 
 6299  2 
 6300  1 
 6301  1 
 6302  1 
 6303  1 
 6304  3 
 6305  0 
 6306  0 
 6307  1 
 6308  3 
 6309  1 
 6310  0 
 6311  3 
 6312  1 
 6313  3 
 6314  2 
 6315  1 
 6316  1 
 6317  2 
 6318  3 
 6319  1 
 6320  0 
 6321  2 
 6322  2 
 6323  2 
 6324  2 
 6325  1 
 6326  4 
 6327  0 
 6328  5 
 6329  0 
 6330  3 
 6331  1 
 6332  0 
 6333  4 
 6334  2 
 6335  1 
 6336  0 
 6337  1 
 6338  1 
 6339  2 
 6340  1 
 6341  2 
 6342  2 
 6343  2 
 6344  4 
 6345  0 
 6346  0 
 6347  2 
 6348  2 
 6349  1 
 6350  0 
 6351  2 
 6352  0 
 6353  5 
 6354  1 
 6355  2 
 6356  0 
 6357  2 
 6358  0 
 6359  0 
 6360  0 
 6361  1 
 6362  1 
 6363  2 
 6364  2 
 6365  2 
 6366  2 
 6367  0 
 6368  0 
 6369  1 
 6370  1 
 6371  6 
 6372  2 
 6373  1 
 6374  0 
 6375  1 
 6376  0 
 6377  0 
 6378  4 
 6379  2 
 6380  1 
 6381  1 
 6382  1 
 6383  1 
 6384  0 
 6385  0 
 6386  5 
 6387  0 
 6388  3 
 6389  1 
 6390  1 
 6391  2 
 6392  4 
 6393  0 
 6394  0 
 6395  1 
 6396  1 
 6397  1 
 6398  0 
 6399  1 
 6400  0 
 6401  0 
 6402  2 
 6403  0 
 6404  3 
 6405  0 
 6406  1 
 6407  3 
 6408  0 
 6409  1 
 6410  4 
 6411  0 
 6412  0 
 6413  0 
 6414  3 
 6415  1 
 6416  0 
 6417  3 
 6418  0 
 6419  2 
 6420  0 
 6421  3 
 6422  1 
 6423  2 
 6424  1 
 6425  3 
 6426  0 
 6427  1 
 6428  2 
 6429  2 
 6430  1 
 6431  0 
 6432  1 
 6433  0 
 6434  1 
 6435  2 
 6436  0 
 6437  0 
 6438  1 
 6439  1 
 6440  2 
 6441  3 
 6442  0 
 6443  1 
 6444  0 
 6445  1 
 6446  1 
 6447  3 
 6448  1 
 6449  1 
 6450  4 
 6451  3 
 6452  0 
 6453  0 
 6454  1 
 6455  1 
 6456  0 
 6457  1 
 6458  1 
 6459  1 
 6460  0 
 6461  0 
 6462  1 
 6463  0 
 6464  0 
 6465  1 
 6466  2 
 6467  0 
 6468  1 
 6469  2 
 6470  1 
 6471  1 
 6472  1 
 6473  0 
 6474  2 
 6475  1 
 6476  0 
 6477  0 
 6478  1 
 6479  2 
 6480  1 
 6481  1 
 6482  0 
 6483  1 
 6484  1 
 6485  2 
 6486  1 
 6487  2 
 6488  0 
 6489  0 
 6490  2 
 6491  2 
 6492  1 
 6493  2 
 6494  2 
 6495  2 
 6496  1 
 6497  2 
 6498  2 
 6499  1 
 6500  1 
 6501  1 
 6502  2 
 6503  0 
 6504  1 
 6505  0 
 6506  3 
 6507  2 
 6508  2 
 6509  1 
 6510  1 
 6511  3 
 6512  3 
 6513  1 
 6514  0 
 6515  2 
 6516  1 
 6517  2 
 6518  1 
 6519  0 
 6520  1 
 6521  0 
 6522  0 
 6523  0 
 6524  1 
 6525  0 
 6526  0 
 6527  2 
 6528  1 
 6529  0 
 6530  1 
 6531  1 
 6532  3 
 6533  2 
 6534  0 
 6535  1 
 6536  1 
 6537  3 
 6538  0 
 6539  0 
 6540  0 
 6541  1 
 6542  1 
 6543  1 
 6544  2 
 6545  2 
 6546  1 
 6547  2 
 6548  1 
 6549  0 
 6550  0 
 6551  0 
 6552  3 
 6553  1 
 6554  2 
 6555  2 
 6556  1 
 6557  2 
 6558  2 
 6559  0 
 6560  1 
 6561  0 
 6562  2 
 6563  0 
 6564  0 
 6565  2 
 6566  1 
 6567  1 
 6568  3 
 6569  1 
 6570  2 
 6571  1 
 6572  0 
 6573  1 
 6574  1 
 6575  1 
 6576  1 
 6577  4 
 6578  4 
 6579  0 
 6580  2 
 6581  3 
 6582  1 
 6583  3 
 6584  1 
 6585  1 
 6586  0 
 6587  0 
 6588  2 
 6589  0 
 6590  0 
 6591  0 
 6592  0 
 6593  0 
 6594  1 
 6595  1 
 6596  0 
 6597  2 
 6598  3 
 6599  1 
 6600  4 
 6601  0 
 6602  1 
 6603  0 
 6604  1 
 6605  1 
 6606  0 
 6607  2 
 6608  2 
 6609  2 
 6610  0 
 6611  2 
 6612  0 
 6613  1 
 6614  1 
 6615  0 
 6616  5 
 6617  0 
 6618  4 
 6619  4 
 6620  0 
 6621  3 
 6622  0 
 6623  0 
 6624  0 
 6625  3 
 6626  2 
 6627  3 
 6628  1 
 6629  2 
 6630  0 
 6631  2 
 6632  3 
 6633  2 
 6634  0 
 6635  1 
 6636  4 
 6637  1 
 6638  1 
 6639  0 
 6640  1 
 6641  1 
 6642  2 
 6643  3 
 6644  1 
 6645  4 
 6646  0 
 6647  2 
 6648  3 
 6649  1 
 6650  1 
 6651  4 
 6652  0 
 6653  3 
 6654  1 
 6655  0 
 6656  2 
 6657  0 
 6658  2 
 6659  2 
 6660  2 
 6661  1 
 6662  1 
 6663  2 
 6664  1 
 6665  1 
 6666  1 
 6667  0 
 6668  0 
 6669  0 
 6670  1 
 6671  2 
 6672  0 
 6673  3 
 6674  3 
 6675  0 
 6676  2 
 6677  1 
 6678  0 
 6679  0 
 6680  1 
 6681  3 
 6682  3 
 6683  2 
 6684  1 
 6685  1 
 6686  2 
 6687  3 
 6688  4 
 6689  2 
 6690  4 
 6691  3 
 6692  0 
 6693  1 
 6694  1 
 6695  5 
 6696  0 
 6697  3 
 6698  2 
 6699  1 
 6700  0 
 6701  2 
 6702  1 
 6703  2 
 6704  0 
 6705  3 
 6706  2 
 6707  0 
 6708  2 
 6709  2 
 6710  2 
 6711  5 
 6712  1 
 6713  0 
 6714  0 
 6715  2 
 6716  0 
 6717  5 
 6718  1 
 6719  4 
 6720  2 
 6721  4 
 6722  1 
 6723  1 
 6724  1 
 6725  2 
 6726  1 
 6727  1 
 6728  3 
 6729  1 
 6730  2 
 6731  1 
 6732  0 
 6733  1 
 6734  2 
 6735  2 
 6736  0 
 6737  3 
 6738  1 
 6739  3 
 6740  4 
 6741  1 
 6742  2 
 6743  2 
 6744  0 
 6745  4 
 6746  1 
 6747  1 
 6748  1 
 6749  2 
 6750  1 
 6751  1 
 6752  1 
 6753  3 
 6754  2 
 6755  1 
 6756  0 
 6757  2 
 6758  2 
 6759  0 
 6760  4 
 6761  1 
 6762  2 
 6763  0 
 6764  1 
 6765  2 
 6766  4 
 6767  1 
 6768  2 
 6769  0 
 6770  4 
 6771  3 
 6772  1 
 6773  5 
 6774  2 
 6775  1 
 6776  4 
 6777  5 
 6778  2 
 6779  4 
 6780  5 
 6781  2 
 6782  3 
 6783  2 
 6784  2 
 6785  3 
 6786  2 
 6787  1 
 6788  4 
 6789  1 
 6790  3 
 6791  3 
 6792  3 
 6793  2 
 6794  0 
 6795  4 
 6796  2 
 6797  1 
 6798  2 
 6799  2 
 6800  2 
 6801  3 
 6802  1 
 6803  0 
 6804  1 
 6805  4 
 6806  2 
 6807  1 
 6808  4 
 6809  3 
 6810  3 
 6811  2 
 6812  2 
 6813  2 
 6814  2 
 6815  4 
 6816  4 
 6817  3 
 6818  2 
 6819  1 
 6820  0 
 6821  2 
 6822  0 
 6823  3 
 6824  6 
 6825  4 
 6826  2 
 6827  3 
 6828  0 
 6829  3 
 6830  2 
 6831  4 
 6832  5 
 6833  1 
 6834  3 
 6835  1 
 6836  3 
 6837  3 
 6838  3 
 6839  6 
 6840  1 
 6841  2 
 6842  5 
 6843  3 
 6844  3 
 6845  6 
 6846  4 
 6847  2 
 6848  2 
 6849  1 
 6850  0 
 6851  1 
 6852  2 
 6853  2 
 6854  5 
 6855  3 
 6856  2 
 6857  2 
 6858  3 
 6859  2 
 6860  3 
 6861  2 
 6862  1 
 6863  0 
 6864  1 
 6865  3 
 6866  5 
 6867  3 
 6868  1 
 6869  5 
 6870  4 
 6871  5 
 6872  3 
 6873  2 
 6874  3 
 6875  1 
 6876  3 
 6877  3 
 6878  3 
 6879  3 
 6880  4 
 6881  3 
 6882  1 
 6883  3 
 6884  2 
 6885  1 
 6886  1 
 6887  1 
 6888  1 
 6889  5 
 6890  5 
 6891  4 
 6892  0 
 6893  3 
 6894  2 
 6895  1 
 6896  1 
 6897  3 
 6898  2 
 6899  2 
 6900  2 
 6901  2 
 6902  2 
 6903  0 
 6904  1 
 6905  2 
 6906  1 
 6907  3 
 6908  2 
 6909  0 
 6910  0 
 6911  2 
 6912  4 
 6913  0 
 6914  2 
 6915  5 
 6916  2 
 6917  6 
 6918  2 
 6919  5 
 6920  2 
 6921  2 
 6922  1 
 6923  3 
 6924  2 
 6925  2 
 6926  4 
 6927  2 
 6928  5 
 6929  2 
 6930  1 
 6931  1 
 6932  2 
 6933  3 
 6934  2 
 6935  1 
 6936  5 
 6937  2 
 6938  7 
 6939  1 
 6940  4 
 6941  2 
 6942  3 
 6943  2 
 6944  2 
 6945  4 
 6946  2 
 6947  3 
 6948  6 
 6949  1 
 6950  2 
 6951  2 
 6952  0 
 6953  1 
 6954  2 
 6955  0 
 6956  2 
 6957  2 
 6958  2 
 6959  2 
 6960  1 
 6961  2 
 6962  2 
 6963  3 
 6964  2 
 6965  4 
 6966  2 
 6967  3 
 6968  3 
 6969  0 
 6970  2 
 6971  0 
 6972  2 
 6973  1 
 6974  5 
 6975  4 
 6976  5 
 6977  1 
 6978  1 
 6979  0 
 6980  1 
 6981  3 
 6982  2 
 6983  1 
 6984  1 
 6985  3 
 6986  6 
 6987  4 
 6988  0 
 6989  2 
 6990  2 
 6991  1 
 6992  3 
 6993  1 
 6994  1 
 6995  2 
 6996  2 
 6997  3 
 6998  1 
 6999  0 
 7000  2 
 7001  0 
 7002  1 
 7003  0 
 7004  1 
 7005  0 
 7006  2 
 7007  2 
 7008  2 
 7009  1 
 7010  1 
 7011  2 
 7012  1 
 7013  0 
 7014  1 
 7015  1 
 7016  1 
 7017  0 
 7018  1 
 7019  0 
 7020  0 
 7021  1 
 7022  1 
 7023  2 
 7024  2 
 7025  1 
 7026  0 
 7027  1 
 7028  0 
 7029  1 
 7030  3 
 7031  2 
 7032  2 
 7033  1 
 7034  1 
 7035  1 
 7036  1 
 7037  2 
 7038  1 
 7039  1 
 7040  2 
 7041  0 
 7042  0 
 7043  1 
 7044  1 
 7045  1 
 7046  2 
 7047  1 
 7048  1 
 7049  2 
 7050  2 
 7051  0 
 7052  0 
 7053  0 
 7054  0 
 7055  0 
 7056  0 
 7057  0 
 7058  2 
 7059  0 
 7060  0 
 7061  0 
 7062  0 
 7063  3 
 7064  1 
 7065  0 
 7066  1 
 7067  1 
 7068  1 
 7069  1 
 7070  1 
 7071  0 
 7072  0 
 7073  0 
 7074  2 
 7075  1 
 7076  0 
 7077  0 
 7078  1 
 7079  2 
 7080  0 
 7081  0 
 7082  2 
 7083  0 
 7084  1 
 7085  0 
 7086  0 
 7087  0 
 7088  0 
 7089  0 
 7090  2 
 7091  0 
 7092  0 
 7093  0 
 7094  0 
 7095  2 
 7096  1 
 7097  0 
 7098  1 
 7099  1 
 7100  0 
 7101  1 
 7102  0 
 7103  0 
 7104  0 
 7105  1 
 7106  0 
 7107  0 
 7108  1 
 7109  0 
 7110  0 
 7111  0 
 7112  0 
 7113  0 
 7114  0 
 7115  0 
 7116  1 
 7117  2 
 7118  0 
 7119  0 
 7120  0 
 7121  0 
 7122  0 
 7123  1 
 7124  0 
 7125  0 
 7126  0 
 7127  0 
 7128  0 
 7129  0 
 7130  0 
 7131  0 
 7132  0 
 7133  0 
 7134  0 
 7135  1 
 7136  0 
 7137  0 
 7138  0 
 7139  0 
 7140  1 
 7141  0 
 7142  0 
 7143  0 
 7144  1 
 7145  0 
 7146  0 
 7147  0 
 7148  0 
 7149  0 
 7150  0 
 7151  0 
 7152  0 
 7153  0 
 7154  0 
 7155  0 
 7156  0 
 7157  0 
 7158  0 
 7159  0 
 7160  1 
 7161  0 
 7162  0 
 7163  0 
 7164  0 
 7165  0 
 7166  0 
 7167  0 
 7168  0 
 7169  0 
 7170  0 
 7171  0 
 7172  0 
 7173  0 
 7174  0 
 7175  0 
 7176  0 
 7177  0 
 7178  0 
 7179  0 
 7180  0 
 7181  0 
 7182  0 
 7183  0 
 7184  0 
 7185  0 
 7186  0 
 7187  0 
 7188  0 
 7189  0 
 7190  0 
 7191  0 
 7192  0 
 7193  0 
 7194  0 
 7195  0 
 7196  0 
 7197  0 
 7198  0 
 7199  0 
 7200  0 
 7201  0 
 7202  0 
 7203  0 
 7204  0 
 7205  0 
 7206  0 
 7207  0 
 7208  0 
 7209  0 
 7210  0 
 7211  0 
 7212  0 
 7213  0 
 7214  0 
 7215  0 
 7216  0 
 7217  0 
 7218  0 
 7219  0 
 7220  0 
 7221  0 
 7222  0 
 7223  0 
 7224  0 
 7225  0 
 7226  0 
 7227  0 
 7228  0 
 7229  0 
 7230  0 
 7231  0 
 7232  0 
 7233  0 
 7234  0 
 7235  0 
 7236  0 
 7237  0 
 7238  0 
 7239  0 
 7240  0 
 7241  0 
 7242  0 
 7243  0 
 7244  0 
 7245  0 
 7246  0 
 7247  0 
 7248  0 
 7249  0 
 7250  0 
 7251  0 
 7252  0 
 7253  0 
 7254  0 
 7255  0 
 7256  0 
 7257  0 
 7258  0 
 7259  0 
 7260  0 
 7261  0 
 7262  0 
 7263  0 
 7264  0 
 7265  0 
 7266  0 
 7267  0 
 7268  0 
 7269  0 
 7270  0 
 7271  0 
 7272  0 
 7273  0 
 7274  0 
 7275  0 
 7276  0 
 7277  0 
 7278  0 
 7279  0 
 7280  0 
 7281  0 
 7282  0 
 7283  0 
 7284  0 
 7285  0 
 7286  0 
 7287  0 
 7288  0 
 7289  0 
 7290  0 
 7291  0 
 7292  0 
 7293  0 
 7294  0 
 7295  0 
 7296  0 
 7297  0 
 7298  0 
 7299  0 
 7300  0 
 7301  0 
 7302  0 
 7303  0 
 7304  0 
 7305  0 
 7306  0 
 7307  0 
 7308  0 
 7309  0 
 7310  0 
 7311  0 
 7312  0 
 7313  0 
 7314  0 
 7315  0 
 7316  0 
 7317  0 
 7318  0 
 7319  0 
 7320  0 
 7321  0 
 7322  0 
 7323  0 
 7324  0 
 7325  0 
 7326  0 
 7327  0 
 7328  0 
 7329  0 
 7330  0 
 7331  0 
 7332  0 
 7333  0 
 7334  0 
 7335  0 
 7336  0 
 7337  0 
 7338  0 
 7339  0 
 7340  0 
 7341  0 
 7342  0 
 7343  0 
 7344  0 
 7345  0 
 7346  0 
 7347  0 
 7348  0 
 7349  0 
 7350  1 
 7351  0 
 7352  0 
 7353  0 
 7354  0 
 7355  0 
 7356  0 
 7357  0 
 7358  0 
 7359  0 
 7360  0 
 7361  0 
 7362  0 
 7363  0 
 7364  0 
 7365  0 
 7366  0 
 7367  0 
 7368  0 
 7369  0 
 7370  0 
 7371  0 
 7372  0 
 7373  0 
 7374  0 
 7375  0 
 7376  0 
 7377  0 
 7378  0 
 7379  0 
 7380  0 
 7381  0 
 7382  0 
 7383  0 
 7384  0 
 7385  0 
 7386  0 
 7387  0 
 7388  0 
 7389  0 
 7390  0 
 7391  0 
 7392  0 
 7393  0 
 7394  0 
 7395  0 
 7396  0 
 7397  0 
 7398  0 
 7399  0 
 7400  0 
 7401  0 
 7402  0 
 7403  0 
 7404  0 
 7405  0 
 7406  0 
 7407  0 
 7408  0 
 7409  0 
 7410  1 
 7411  0 
 7412  0 
 7413  0 
 7414  0 
 7415  0 
 7416  0 
 7417  0 
 7418  0 
 7419  0 
 7420  0 
 7421  0 
 7422  0 
 7423  0 
 7424  0 
 7425  0 
 7426  0 
 7427  0 
 7428  0 
 7429  0 
 7430  0 
 7431  0 
 7432  0 
 7433  0 
 7434  0 
 7435  0 
 7436  0 
 7437  0 
 7438  0 
 7439  0 
 7440  0 
 7441  0 
 7442  0 
 7443  0 
 7444  0 
 7445  0 
 7446  0 
 7447  0 
 7448  0 
 7449  0 
 7450  0 
 7451  0 
 7452  0 
 7453  0 
 7454  0 
 7455  0 
 7456  0 
 7457  0 
 7458  0 
 7459  0 
 7460  0 
 7461  0 
 7462  0 
 7463  0 
 7464  0 
 7465  0 
 7466  0 
 7467  0 
 7468  0 
 7469  0 
 7470  0 
 7471  0 
 7472  0 
 7473  0 
 7474  0 
 7475  0 
 7476  0 
 7477  0 
 7478  0 
 7479  0 
 7480  0 
 7481  0 
 7482  0 
 7483  0 
 7484  0 
 7485  0 
 7486  0 
 7487  0 
 7488  0 
 7489  0 
 7490  0 
 7491  0 
 7492  0 
 7493  1 
 7494  0 
 7495  0 
 7496  0 
 7497  0 
 7498  0 
 7499  0 
 7500  0 
 7501  0 
 7502  0 
 7503  0 
 7504  0 
 7505  0 
 7506  0 
 7507  0 
 7508  0 
 7509  0 
 7510  0 
 7511  0 
 7512  0 
 7513  0 
 7514  0 
 7515  0 
 7516  0 
 7517  0 
 7518  0 
 7519  0 
 7520  0 
 7521  0 
 7522  0 
 7523  0 
 7524  0 
 7525  0 
 7526  0 
 7527  0 
 7528  0 
 7529  0 
 7530  0 
 7531  0 
 7532  0 
 7533  0 
 7534  0 
 7535  0 
 7536  0 
 7537  0 
 7538  0 
 7539  0 
 7540  0 
 7541  0 
 7542  0 
 7543  0 
 7544  0 
 7545  0 
 7546  0 
 7547  0 
 7548  0 
 7549  0 
 7550  0 
 7551  0 
 7552  0 
 7553  0 
 7554  0 
 7555  0 
 7556  0 
 7557  0 
 7558  0 
 7559  0 
 7560  0 
 7561  0 
 7562  0 
 7563  0 
 7564  0 
 7565  0 
 7566  0 
 7567  0 
 7568  0 
 7569  0 
 7570  0 
 7571  0 
 7572  0 
 7573  0 
 7574  0 
 7575  0 
 7576  0 
 7577  0 
 7578  0 
 7579  0 
 7580  0 
 7581  0 
 7582  0 
 7583  0 
 7584  0 
 7585  0 
 7586  0 
 7587  0 
 7588  0 
 7589  0 
 7590  0 
 7591  0 
 7592  0 
 7593  0 
 7594  0 
 7595  0 
 7596  0 
 7597  0 
 7598  0 
 7599  0 
 7600  0 
 7601  0 
 7602  0 
 7603  0 
 7604  0 
 7605  0 
 7606  0 
 7607  0 
 7608  0 
 7609  0 
 7610  0 
 7611  0 
 7612  0 
 7613  0 
 7614  0 
 7615  0 
 7616  0 
 7617  0 
 7618  0 
 7619  0 
 7620  0 
 7621  0 
 7622  0 
 7623  0 
 7624  0 
 7625  0 
 7626  0 
 7627  0 
 7628  0 
 7629  0 
 7630  1 
 7631  0 
 7632  0 
 7633  0 
 7634  0 
 7635  0 
 7636  0 
 7637  0 
 7638  0 
 7639  0 
 7640  0 
 7641  0 
 7642  0 
 7643  0 
 7644  0 
 7645  0 
 7646  0 
 7647  0 
 7648  0 
 7649  0 
 7650  0 
 7651  0 
 7652  0 
 7653  0 
 7654  0 
 7655  0 
 7656  0 
 7657  0 
 7658  0 
 7659  0 
 7660  0 
 7661  0 
 7662  0 
 7663  0 
 7664  0 
 7665  0 
 7666  0 
 7667  0 
 7668  0 
 7669  0 
 7670  1 
 7671  0 
 7672  0 
 7673  0 
 7674  0 
 7675  0 
 7676  0 
 7677  0 
 7678  0 
 7679  0 
 7680  0 
 7681  0 
 7682  0 
 7683  0 
 7684  0 
 7685  0 
 7686  0 
 7687  0 
 7688  0 
 7689  1 
 7690  0 
 7691  0 
 7692  0 
 7693  0 
 7694  0 
 7695  0 
 7696  0 
 7697  0 
 7698  0 
 7699  0 
 7700  0 
 7701  0 
 7702  0 
 7703  1 
 7704  0 
 7705  0 
 7706  0 
 7707  0 
 7708  0 
 7709  0 
 7710  0 
 7711  0 
 7712  0 
 7713  0 
 7714  0 
 7715  0 
 7716  0 
 7717  0 
 7718  0 
 7719  0 
 7720  0 
 7721  0 
 7722  0 
 7723  0 
 7724  1 
 7725  0 
 7726  0 
 7727  0 
 7728  0 
 7729  0 
 7730  0 
 7731  0 
 7732  0 
 7733  0 
 7734  0 
 7735  0 
 7736  1 
 7737  0 
 7738  0 
 7739  0 
 7740  0 
 7741  0 
 7742  0 
 7743  0 
 7744  0 
 7745  0 
 7746  0 
 7747  1 
 7748  0 
 7749  0 
 7750  0 
 7751  0 
 7752  0 
 7753  0 
 7754  2 
 7755  0 
 7756  0 
 7757  0 
 7758  1 
 7759  0 
 7760  0 
 7761  0 
 7762  1 
 7763  0 
 7764  0 
 7765  0 
 7766  0 
 7767  0 
 7768  0 
 7769  0 
 7770  2 
 7771  0 
 7772  0 
 7773  4 
 7774  0 
 7775  0 
 7776  0 
 7777  0 
 7778  1 
 7779  0 
 7780  0 
 7781  0 
 7782  0 
 7783  0 
 7784  0 
 7785  0 
 7786  0 
 7787  0 
 7788  0 
 7789  0 
 7790  0 
 7791  1 
 7792  0 
 7793  0 
 7794  0 
 7795  0 
 7796  0 
 7797  0 
 7798  0 
 7799  1 
 7800  0 
 7801  0 
 7802  0 
 7803  0 
 7804  0 
 7805  1 
 7806  0 
 7807  0 
 7808  1 
 7809  1 
 7810  0 
 7811  1 
 7812  1 
 7813  0 
 7814  0 
 7815  0 
 7816  0 
 7817  0 
 7818  0 
 7819  0 
 7820  1 
 7821  1 
 7822  0 
 7823  0 
 7824  0 
 7825  1 
 7826  0 
 7827  0 
 7828  0 
 7829  1 
 7830  0 
 7831  0 
 7832  0 
 7833  1 
 7834  0 
 7835  0 
 7836  0 
 7837  1 
 7838  1 
 7839  0 
 7840  0 
 7841  0 
 7842  1 
 7843  0 
 7844  0 
 7845  0 
 7846  1 
 7847  0 
 7848  1 
 7849  1 
 7850  1 
 7851  0 
 7852  1 
 7853  2 
 7854  2 
 7855  0 
 7856  0 
 7857  1 
 7858  2 
 7859  0 
 7860  1 
 7861  1 
 7862  0 
 7863  1 
 7864  0 
 7865  2 
 7866  2 
 7867  1 
 7868  2 
 7869  0 
 7870  0 
 7871  0 
 7872  0 
 7873  0 
 7874  0 
 7875  1 
 7876  0 
 7877  1 
 7878  0 
 7879  0 
 7880  0 
 7881  2 
 7882  2 
 7883  2 
 7884  0 
 7885  2 
 7886  1 
 7887  0 
 7888  1 
 7889  0 
 7890  2 
 7891  1 
 7892  0 
 7893  0 
 7894  0 
 7895  0 
 7896  0 
 7897  1 
 7898  0 
 7899  3 
 7900  1 
 7901  0 
 7902  0 
 7903  0 
 7904  2 
 7905  3 
 7906  0 
 7907  0 
 7908  2 
 7909  0 
 7910  0 
 7911  0 
 7912  0 
 7913  2 
 7914  0 
 7915  0 
 7916  1 
 7917  1 
 7918  1 
 7919  3 
 7920  2 
 7921  1 
 7922  2 
 7923  0 
 7924  1 
 7925  0 
 7926  0 
 7927  1 
 7928  2 
 7929  1 
 7930  0 
 7931  0 
 7932  0 
 7933  0 
 7934  1 
 7935  0 
 7936  2 
 7937  0 
 7938  1 
 7939  1 
 7940  0 
 7941  0 
 7942  2 
 7943  1 
 7944  0 
 7945  1 
 7946  1 
 7947  0 
 7948  0 
 7949  0 
 7950  0 
 7951  0 
 7952  0 
 7953  2 
 7954  0 
 7955  1 
 7956  0 
 7957  0 
 7958  0 
 7959  0 
 7960  0 
 7961  0 
 7962  0 
 7963  0 
 7964  0 
 7965  1 
 7966  1 
 7967  0 
 7968  0 
 7969  3 
 7970  1 
 7971  0 
 7972  0 
 7973  0 
 7974  0 
 7975  0 
 7976  0 
 7977  1 
 7978  0 
 7979  0 
 7980  0 
 7981  0 
 7982  0 
 7983  0 
 7984  0 
 7985  1 
 7986  1 
 7987  0 
 7988  0 
 7989  0 
 7990  0 
 7991  1 
 7992  0 
 7993  0 
 7994  0 
 7995  0 
 7996  0 
 7997  0 
 7998  1 
 7999  0 
 8000  0 
 8001  0 
 8002  0 
 8003  0 
 8004  0 
 8005  0 
 8006  0 
 8007  0 
 8008  0 
 8009  0 
 8010  0 
 8011  0 
 8012  0 
 8013  0 
 8014  0 
 8015  0 
 8016  0 
 8017  0 
 8018  0 
 8019  0 
 8020  0 
 8021  0 
 8022  0 
 8023  0 
 8024  0 
 8025  0 
 8026  0 
 8027  0 
 8028  0 
 8029  0 
 8030  0 
 8031  0 
 8032  0 
 8033  0 
 8034  0 
 8035  0 
 8036  0 
 8037  0 
 8038  0 
 8039  0 
 8040  0 
 8041  0 
 8042  0 
 8043  0 
 8044  0 
 8045  0 
 8046  0 
 8047  0 
 8048  0 
 8049  0 
 8050  0 
 8051  0 
 8052  0 
 8053  0 
 8054  0 
 8055  0 
 8056  0 
 8057  0 
 8058  0 
 8059  0 
 8060  0 
 8061  0 
 8062  0 
 8063  0 
 8064  0 
 8065  0 
 8066  0 
 8067  0 
 8068  0 
 8069  0 
 8070  0 
 8071  0 
 8072  0 
 8073  0 
 8074  0 
 8075  0 
 8076  0 
 8077  0 
 8078  0 
 8079  0 
 8080  0 
 8081  0 
 8082  0 
 8083  0 
 8084  0 
 8085  0 
 8086  0 
 8087  0 
 8088  0 
 8089  0 
 8090  0 
 8091  0 
 8092  0 
 8093  0 
 8094  0 
 8095  0 
 8096  0 
 8097  0 
 8098  0 
 8099  0 
 8100  0 
 8101  0 
 8102  0 
 8103  0 
 8104  0 
 8105  0 
 8106  0 
 8107  0 
 8108  0 
 8109  0 
 8110  0 
 8111  0 
 8112  0 
 8113  0 
 8114  0 
 8115  0 
 8116  0 
 8117  0 
 8118  0 
 8119  0 
 8120  0 
 8121  0 
 8122  0 
 8123  0 
 8124  0 
 8125  0 
 8126  0 
 8127  0 
 8128  0 
 8129  0 
 8130  0 
 8131  0 
 8132  0 
 8133  0 
 8134  0 
 8135  0 
 8136  0 
 8137  0 
 8138  0 
 8139  0 
 8140  0 
 8141  0 
 8142  0 
 8143  0 
 8144  0 
 8145  0 
 8146  0 
 8147  0 
 8148  0 
 8149  1 
 8150  0 
 8151  0 
 8152  0 
 8153  0 
 8154  0 
 8155  0 
 8156  0 
 8157  0 
 8158  0 
 8159  0 
 8160  0 
 8161  0 
 8162  0 
 8163  0 
 8164  0 
 8165  0 
 8166  0 
 8167  0 
 8168  0 
 8169  0 
 8170  0 
 8171  0 
 8172  0 
 8173  0 
 8174  0 
 8175  0 
 8176  0 
 8177  0 
 8178  0 
 8179  0 
 8180  0 
 8181  0 
 8182  0 
 8183  0 
 8184  0 
 8185  0 
 8186  0 
 8187  0 
 8188  0 
 8189  0 
 8190  0 
 8191  0 
