 0  849 
 1  857 
 2  0 
 3  0 
 4  0 
 5  0 
 6  0 
 7  0 
 8  0 
 9  0 
 10  0 
 11  0 
 12  0 
 13  0 
 14  0 
 15  0 
 16  0 
 17  0 
 18  0 
 19  0 
 20  0 
 21  0 
 22  0 
 23  0 
 24  0 
 25  0 
 26  0 
 27  0 
 28  0 
 29  0 
 30  0 
 31  0 
 32  0 
 33  0 
 34  0 
 35  0 
 36  0 
 37  0 
 38  0 
 39  0 
 40  0 
 41  0 
 42  0 
 43  0 
 44  0 
 45  0 
 46  0 
 47  0 
 48  0 
 49  0 
 50  0 
 51  0 
 52  0 
 53  0 
 54  0 
 55  0 
 56  0 
 57  0 
 58  0 
 59  0 
 60  0 
 61  0 
 62  0 
 63  0 
 64  0 
 65  0 
 66  0 
 67  0 
 68  0 
 69  0 
 70  0 
 71  0 
 72  0 
 73  0 
 74  0 
 75  0 
 76  0 
 77  0 
 78  0 
 79  0 
 80  0 
 81  0 
 82  0 
 83  0 
 84  0 
 85  0 
 86  0 
 87  0 
 88  0 
 89  0 
 90  0 
 91  0 
 92  0 
 93  0 
 94  0 
 95  0 
 96  0 
 97  0 
 98  0 
 99  0 
 100  0 
 101  0 
 102  0 
 103  0 
 104  0 
 105  0 
 106  0 
 107  0 
 108  0 
 109  0 
 110  0 
 111  0 
 112  0 
 113  0 
 114  0 
 115  0 
 116  0 
 117  0 
 118  0 
 119  0 
 120  0 
 121  0 
 122  0 
 123  0 
 124  0 
 125  0 
 126  0 
 127  0 
 128  0 
 129  0 
 130  0 
 131  0 
 132  0 
 133  0 
 134  0 
 135  0 
 136  0 
 137  0 
 138  0 
 139  0 
 140  0 
 141  0 
 142  0 
 143  0 
 144  0 
 145  0 
 146  0 
 147  0 
 148  0 
 149  0 
 150  0 
 151  0 
 152  0 
 153  0 
 154  0 
 155  0 
 156  0 
 157  0 
 158  0 
 159  0 
 160  0 
 161  0 
 162  0 
 163  0 
 164  0 
 165  0 
 166  0 
 167  0 
 168  0 
 169  0 
 170  0 
 171  0 
 172  0 
 173  0 
 174  0 
 175  0 
 176  0 
 177  0 
 178  0 
 179  0 
 180  0 
 181  0 
 182  0 
 183  0 
 184  0 
 185  0 
 186  0 
 187  0 
 188  0 
 189  0 
 190  0 
 191  0 
 192  0 
 193  0 
 194  0 
 195  0 
 196  0 
 197  0 
 198  0 
 199  0 
 200  0 
 201  0 
 202  0 
 203  0 
 204  0 
 205  0 
 206  0 
 207  0 
 208  0 
 209  0 
 210  0 
 211  0 
 212  0 
 213  0 
 214  0 
 215  0 
 216  0 
 217  0 
 218  0 
 219  0 
 220  0 
 221  0 
 222  0 
 223  0 
 224  0 
 225  0 
 226  0 
 227  0 
 228  0 
 229  0 
 230  0 
 231  0 
 232  0 
 233  0 
 234  0 
 235  0 
 236  0 
 237  0 
 238  0 
 239  0 
 240  0 
 241  0 
 242  0 
 243  0 
 244  0 
 245  0 
 246  0 
 247  0 
 248  0 
 249  0 
 250  1 
 251  3 
 252  77 
 253  149 
 254  130 
 255  118 
 256  149 
 257  124 
 258  124 
 259  117 
 260  124 
 261  105 
 262  107 
 263  108 
 264  114 
 265  99 
 266  102 
 267  93 
 268  97 
 269  87 
 270  87 
 271  90 
 272  81 
 273  71 
 274  84 
 275  89 
 276  79 
 277  67 
 278  69 
 279  72 
 280  83 
 281  68 
 282  83 
 283  63 
 284  52 
 285  52 
 286  49 
 287  58 
 288  45 
 289  59 
 290  56 
 291  57 
 292  43 
 293  53 
 294  48 
 295  64 
 296  41 
 297  47 
 298  42 
 299  42 
 300  41 
 301  32 
 302  47 
 303  33 
 304  37 
 305  46 
 306  34 
 307  33 
 308  46 
 309  49 
 310  39 
 311  32 
 312  37 
 313  36 
 314  37 
 315  30 
 316  25 
 317  17 
 318  23 
 319  25 
 320  29 
 321  37 
 322  28 
 323  31 
 324  26 
 325  23 
 326  26 
 327  23 
 328  28 
 329  33 
 330  25 
 331  27 
 332  31 
 333  28 
 334  16 
 335  30 
 336  24 
 337  19 
 338  21 
 339  26 
 340  23 
 341  27 
 342  20 
 343  28 
 344  21 
 345  24 
 346  26 
 347  19 
 348  13 
 349  14 
 350  18 
 351  20 
 352  18 
 353  30 
 354  17 
 355  19 
 356  20 
 357  15 
 358  19 
 359  13 
 360  25 
 361  22 
 362  18 
 363  17 
 364  21 
 365  26 
 366  20 
 367  18 
 368  26 
 369  23 
 370  22 
 371  21 
 372  18 
 373  14 
 374  26 
 375  15 
 376  24 
 377  15 
 378  18 
 379  15 
 380  17 
 381  14 
 382  20 
 383  16 
 384  20 
 385  13 
 386  21 
 387  16 
 388  18 
 389  24 
 390  22 
 391  24 
 392  26 
 393  15 
 394  17 
 395  19 
 396  19 
 397  27 
 398  12 
 399  21 
 400  26 
 401  8 
 402  18 
 403  12 
 404  26 
 405  16 
 406  25 
 407  14 
 408  22 
 409  19 
 410  10 
 411  20 
 412  18 
 413  16 
 414  25 
 415  20 
 416  21 
 417  26 
 418  17 
 419  32 
 420  27 
 421  19 
 422  27 
 423  22 
 424  22 
 425  19 
 426  16 
 427  20 
 428  22 
 429  34 
 430  28 
 431  23 
 432  27 
 433  38 
 434  27 
 435  21 
 436  29 
 437  34 
 438  31 
 439  33 
 440  24 
 441  35 
 442  28 
 443  36 
 444  37 
 445  34 
 446  40 
 447  29 
 448  28 
 449  36 
 450  38 
 451  59 
 452  35 
 453  49 
 454  41 
 455  46 
 456  33 
 457  41 
 458  50 
 459  42 
 460  60 
 461  46 
 462  36 
 463  45 
 464  55 
 465  68 
 466  70 
 467  44 
 468  61 
 469  66 
 470  64 
 471  57 
 472  59 
 473  73 
 474  80 
 475  74 
 476  85 
 477  72 
 478  74 
 479  98 
 480  94 
 481  80 
 482  109 
 483  119 
 484  108 
 485  95 
 486  116 
 487  114 
 488  114 
 489  121 
 490  131 
 491  143 
 492  132 
 493  140 
 494  135 
 495  162 
 496  170 
 497  174 
 498  163 
 499  175 
 500  177 
 501  187 
 502  207 
 503  208 
 504  221 
 505  233 
 506  191 
 507  212 
 508  226 
 509  250 
 510  247 
 511  250 
 512  248 
 513  231 
 514  270 
 515  291 
 516  305 
 517  278 
 518  311 
 519  333 
 520  304 
 521  305 
 522  341 
 523  337 
 524  340 
 525  307 
 526  328 
 527  324 
 528  353 
 529  345 
 530  349 
 531  353 
 532  351 
 533  309 
 534  344 
 535  364 
 536  339 
 537  344 
 538  342 
 539  336 
 540  320 
 541  307 
 542  308 
 543  307 
 544  308 
 545  284 
 546  316 
 547  297 
 548  271 
 549  298 
 550  278 
 551  280 
 552  243 
 553  248 
 554  277 
 555  234 
 556  219 
 557  220 
 558  219 
 559  202 
 560  159 
 561  198 
 562  205 
 563  170 
 564  160 
 565  142 
 566  154 
 567  155 
 568  134 
 569  131 
 570  120 
 571  123 
 572  108 
 573  90 
 574  96 
 575  69 
 576  87 
 577  93 
 578  87 
 579  83 
 580  81 
 581  67 
 582  74 
 583  76 
 584  62 
 585  48 
 586  41 
 587  46 
 588  38 
 589  43 
 590  43 
 591  39 
 592  42 
 593  34 
 594  32 
 595  40 
 596  34 
 597  26 
 598  21 
 599  31 
 600  13 
 601  28 
 602  28 
 603  23 
 604  21 
 605  19 
 606  22 
 607  21 
 608  16 
 609  20 
 610  12 
 611  17 
 612  16 
 613  19 
 614  17 
 615  10 
 616  18 
 617  12 
 618  9 
 619  11 
 620  14 
 621  14 
 622  11 
 623  11 
 624  11 
 625  10 
 626  17 
 627  10 
 628  9 
 629  7 
 630  16 
 631  13 
 632  6 
 633  13 
 634  5 
 635  6 
 636  12 
 637  12 
 638  15 
 639  11 
 640  11 
 641  6 
 642  12 
 643  5 
 644  14 
 645  7 
 646  9 
 647  15 
 648  5 
 649  8 
 650  19 
 651  7 
 652  7 
 653  13 
 654  8 
 655  5 
 656  13 
 657  12 
 658  13 
 659  7 
 660  8 
 661  13 
 662  8 
 663  9 
 664  6 
 665  11 
 666  20 
 667  12 
 668  10 
 669  9 
 670  9 
 671  6 
 672  6 
 673  12 
 674  4 
 675  13 
 676  8 
 677  12 
 678  8 
 679  15 
 680  11 
 681  9 
 682  16 
 683  8 
 684  12 
 685  6 
 686  9 
 687  6 
 688  7 
 689  11 
 690  6 
 691  4 
 692  11 
 693  11 
 694  13 
 695  14 
 696  8 
 697  6 
 698  12 
 699  6 
 700  7 
 701  10 
 702  7 
 703  11 
 704  6 
 705  7 
 706  10 
 707  11 
 708  5 
 709  12 
 710  6 
 711  10 
 712  6 
 713  7 
 714  8 
 715  7 
 716  6 
 717  5 
 718  4 
 719  2 
 720  10 
 721  8 
 722  8 
 723  11 
 724  11 
 725  9 
 726  10 
 727  10 
 728  7 
 729  6 
 730  7 
 731  8 
 732  2 
 733  3 
 734  7 
 735  4 
 736  10 
 737  7 
 738  11 
 739  6 
 740  9 
 741  12 
 742  4 
 743  9 
 744  9 
 745  3 
 746  5 
 747  12 
 748  7 
 749  6 
 750  9 
 751  4 
 752  5 
 753  15 
 754  7 
 755  14 
 756  7 
 757  9 
 758  4 
 759  11 
 760  8 
 761  7 
 762  9 
 763  3 
 764  9 
 765  13 
 766  8 
 767  7 
 768  7 
 769  8 
 770  11 
 771  6 
 772  8 
 773  7 
 774  6 
 775  10 
 776  4 
 777  7 
 778  11 
 779  4 
 780  10 
 781  4 
 782  5 
 783  5 
 784  6 
 785  8 
 786  4 
 787  9 
 788  6 
 789  7 
 790  6 
 791  6 
 792  5 
 793  6 
 794  6 
 795  8 
 796  6 
 797  7 
 798  8 
 799  11 
 800  7 
 801  6 
 802  9 
 803  8 
 804  9 
 805  9 
 806  5 
 807  5 
 808  4 
 809  5 
 810  9 
 811  8 
 812  14 
 813  2 
 814  7 
 815  8 
 816  4 
 817  7 
 818  3 
 819  8 
 820  4 
 821  7 
 822  10 
 823  5 
 824  5 
 825  10 
 826  8 
 827  7 
 828  5 
 829  8 
 830  10 
 831  6 
 832  7 
 833  12 
 834  5 
 835  5 
 836  7 
 837  4 
 838  13 
 839  9 
 840  6 
 841  6 
 842  7 
 843  6 
 844  6 
 845  9 
 846  4 
 847  9 
 848  6 
 849  6 
 850  8 
 851  7 
 852  6 
 853  6 
 854  10 
 855  6 
 856  8 
 857  5 
 858  5 
 859  4 
 860  9 
 861  14 
 862  12 
 863  9 
 864  3 
 865  5 
 866  7 
 867  5 
 868  5 
 869  5 
 870  6 
 871  4 
 872  8 
 873  6 
 874  9 
 875  11 
 876  10 
 877  4 
 878  16 
 879  5 
 880  6 
 881  11 
 882  8 
 883  11 
 884  9 
 885  8 
 886  7 
 887  2 
 888  1 
 889  5 
 890  12 
 891  7 
 892  6 
 893  6 
 894  9 
 895  3 
 896  3 
 897  10 
 898  1 
 899  5 
 900  3 
 901  9 
 902  13 
 903  8 
 904  6 
 905  10 
 906  7 
 907  8 
 908  11 
 909  6 
 910  7 
 911  10 
 912  3 
 913  9 
 914  7 
 915  8 
 916  5 
 917  7 
 918  5 
 919  5 
 920  5 
 921  6 
 922  6 
 923  7 
 924  8 
 925  5 
 926  7 
 927  5 
 928  7 
 929  8 
 930  7 
 931  6 
 932  8 
 933  6 
 934  11 
 935  5 
 936  5 
 937  5 
 938  5 
 939  5 
 940  5 
 941  8 
 942  9 
 943  3 
 944  4 
 945  7 
 946  5 
 947  8 
 948  6 
 949  10 
 950  5 
 951  10 
 952  6 
 953  5 
 954  3 
 955  5 
 956  7 
 957  6 
 958  5 
 959  5 
 960  8 
 961  4 
 962  8 
 963  8 
 964  7 
 965  7 
 966  8 
 967  3 
 968  7 
 969  8 
 970  8 
 971  11 
 972  9 
 973  7 
 974  6 
 975  9 
 976  8 
 977  2 
 978  4 
 979  12 
 980  7 
 981  7 
 982  6 
 983  1 
 984  6 
 985  4 
 986  9 
 987  6 
 988  6 
 989  6 
 990  13 
 991  6 
 992  6 
 993  7 
 994  7 
 995  9 
 996  11 
 997  6 
 998  13 
 999  5 
 1000  8 
 1001  6 
 1002  2 
 1003  7 
 1004  5 
 1005  7 
 1006  4 
 1007  4 
 1008  5 
 1009  11 
 1010  12 
 1011  4 
 1012  9 
 1013  0 
 1014  7 
 1015  8 
 1016  7 
 1017  5 
 1018  14 
 1019  3 
 1020  3 
 1021  1 
 1022  7 
 1023  4 
 1024  4 
 1025  7 
 1026  9 
 1027  8 
 1028  3 
 1029  8 
 1030  6 
 1031  4 
 1032  8 
 1033  10 
 1034  9 
 1035  9 
 1036  5 
 1037  7 
 1038  5 
 1039  6 
 1040  4 
 1041  4 
 1042  6 
 1043  10 
 1044  6 
 1045  7 
 1046  6 
 1047  6 
 1048  6 
 1049  5 
 1050  3 
 1051  9 
 1052  9 
 1053  9 
 1054  4 
 1055  5 
 1056  2 
 1057  7 
 1058  6 
 1059  4 
 1060  8 
 1061  7 
 1062  8 
 1063  9 
 1064  2 
 1065  6 
 1066  6 
 1067  11 
 1068  6 
 1069  9 
 1070  7 
 1071  4 
 1072  10 
 1073  6 
 1074  9 
 1075  6 
 1076  6 
 1077  7 
 1078  8 
 1079  7 
 1080  6 
 1081  11 
 1082  12 
 1083  10 
 1084  2 
 1085  9 
 1086  8 
 1087  9 
 1088  5 
 1089  5 
 1090  9 
 1091  6 
 1092  4 
 1093  8 
 1094  5 
 1095  6 
 1096  4 
 1097  3 
 1098  10 
 1099  2 
 1100  7 
 1101  4 
 1102  6 
 1103  6 
 1104  9 
 1105  2 
 1106  6 
 1107  11 
 1108  11 
 1109  4 
 1110  6 
 1111  12 
 1112  9 
 1113  10 
 1114  8 
 1115  9 
 1116  3 
 1117  3 
 1118  8 
 1119  6 
 1120  9 
 1121  4 
 1122  4 
 1123  10 
 1124  5 
 1125  6 
 1126  7 
 1127  6 
 1128  5 
 1129  3 
 1130  9 
 1131  3 
 1132  7 
 1133  8 
 1134  3 
 1135  9 
 1136  4 
 1137  7 
 1138  6 
 1139  2 
 1140  9 
 1141  7 
 1142  13 
 1143  9 
 1144  8 
 1145  7 
 1146  10 
 1147  3 
 1148  7 
 1149  9 
 1150  1 
 1151  6 
 1152  4 
 1153  6 
 1154  6 
 1155  4 
 1156  4 
 1157  2 
 1158  5 
 1159  7 
 1160  7 
 1161  9 
 1162  8 
 1163  7 
 1164  7 
 1165  11 
 1166  6 
 1167  5 
 1168  5 
 1169  6 
 1170  2 
 1171  5 
 1172  6 
 1173  6 
 1174  3 
 1175  11 
 1176  5 
 1177  5 
 1178  7 
 1179  12 
 1180  6 
 1181  3 
 1182  9 
 1183  8 
 1184  5 
 1185  5 
 1186  1 
 1187  6 
 1188  8 
 1189  5 
 1190  4 
 1191  4 
 1192  7 
 1193  7 
 1194  6 
 1195  10 
 1196  4 
 1197  5 
 1198  8 
 1199  8 
 1200  8 
 1201  5 
 1202  7 
 1203  15 
 1204  4 
 1205  6 
 1206  9 
 1207  7 
 1208  10 
 1209  5 
 1210  6 
 1211  5 
 1212  6 
 1213  7 
 1214  5 
 1215  9 
 1216  10 
 1217  7 
 1218  2 
 1219  9 
 1220  7 
 1221  2 
 1222  5 
 1223  11 
 1224  4 
 1225  6 
 1226  13 
 1227  5 
 1228  5 
 1229  11 
 1230  9 
 1231  12 
 1232  7 
 1233  4 
 1234  8 
 1235  6 
 1236  6 
 1237  6 
 1238  8 
 1239  11 
 1240  10 
 1241  15 
 1242  8 
 1243  6 
 1244  5 
 1245  3 
 1246  7 
 1247  4 
 1248  8 
 1249  6 
 1250  3 
 1251  3 
 1252  5 
 1253  6 
 1254  7 
 1255  6 
 1256  3 
 1257  8 
 1258  9 
 1259  7 
 1260  4 
 1261  9 
 1262  5 
 1263  7 
 1264  7 
 1265  9 
 1266  8 
 1267  8 
 1268  7 
 1269  3 
 1270  6 
 1271  4 
 1272  5 
 1273  5 
 1274  4 
 1275  13 
 1276  8 
 1277  9 
 1278  10 
 1279  7 
 1280  11 
 1281  6 
 1282  12 
 1283  9 
 1284  7 
 1285  6 
 1286  7 
 1287  4 
 1288  7 
 1289  9 
 1290  9 
 1291  9 
 1292  4 
 1293  8 
 1294  10 
 1295  9 
 1296  1 
 1297  13 
 1298  10 
 1299  5 
 1300  5 
 1301  7 
 1302  8 
 1303  8 
 1304  8 
 1305  8 
 1306  6 
 1307  4 
 1308  6 
 1309  4 
 1310  4 
 1311  12 
 1312  4 
 1313  5 
 1314  4 
 1315  4 
 1316  11 
 1317  7 
 1318  8 
 1319  9 
 1320  3 
 1321  9 
 1322  7 
 1323  12 
 1324  7 
 1325  6 
 1326  5 
 1327  9 
 1328  7 
 1329  10 
 1330  12 
 1331  7 
 1332  6 
 1333  6 
 1334  8 
 1335  5 
 1336  4 
 1337  6 
 1338  7 
 1339  5 
 1340  10 
 1341  10 
 1342  7 
 1343  7 
 1344  5 
 1345  7 
 1346  4 
 1347  9 
 1348  7 
 1349  4 
 1350  7 
 1351  5 
 1352  6 
 1353  9 
 1354  5 
 1355  5 
 1356  9 
 1357  6 
 1358  9 
 1359  6 
 1360  11 
 1361  7 
 1362  6 
 1363  4 
 1364  5 
 1365  10 
 1366  8 
 1367  7 
 1368  3 
 1369  10 
 1370  5 
 1371  10 
 1372  3 
 1373  10 
 1374  6 
 1375  9 
 1376  7 
 1377  9 
 1378  5 
 1379  7 
 1380  8 
 1381  7 
 1382  9 
 1383  4 
 1384  8 
 1385  9 
 1386  7 
 1387  7 
 1388  2 
 1389  7 
 1390  1 
 1391  6 
 1392  7 
 1393  7 
 1394  6 
 1395  6 
 1396  5 
 1397  7 
 1398  8 
 1399  7 
 1400  4 
 1401  5 
 1402  5 
 1403  12 
 1404  5 
 1405  7 
 1406  5 
 1407  8 
 1408  7 
 1409  8 
 1410  6 
 1411  5 
 1412  8 
 1413  10 
 1414  5 
 1415  9 
 1416  5 
 1417  8 
 1418  9 
 1419  7 
 1420  5 
 1421  3 
 1422  4 
 1423  5 
 1424  4 
 1425  6 
 1426  6 
 1427  9 
 1428  9 
 1429  2 
 1430  5 
 1431  5 
 1432  5 
 1433  7 
 1434  2 
 1435  4 
 1436  5 
 1437  4 
 1438  4 
 1439  7 
 1440  6 
 1441  4 
 1442  7 
 1443  11 
 1444  4 
 1445  10 
 1446  9 
 1447  5 
 1448  3 
 1449  12 
 1450  5 
 1451  6 
 1452  8 
 1453  6 
 1454  6 
 1455  10 
 1456  7 
 1457  7 
 1458  7 
 1459  7 
 1460  2 
 1461  9 
 1462  7 
 1463  10 
 1464  9 
 1465  3 
 1466  4 
 1467  1 
 1468  5 
 1469  5 
 1470  4 
 1471  10 
 1472  6 
 1473  3 
 1474  6 
 1475  8 
 1476  10 
 1477  3 
 1478  6 
 1479  7 
 1480  5 
 1481  10 
 1482  4 
 1483  6 
 1484  7 
 1485  10 
 1486  2 
 1487  5 
 1488  8 
 1489  3 
 1490  5 
 1491  5 
 1492  9 
 1493  9 
 1494  6 
 1495  3 
 1496  4 
 1497  5 
 1498  8 
 1499  7 
 1500  10 
 1501  5 
 1502  7 
 1503  3 
 1504  8 
 1505  2 
 1506  10 
 1507  4 
 1508  7 
 1509  7 
 1510  4 
 1511  9 
 1512  6 
 1513  4 
 1514  4 
 1515  3 
 1516  6 
 1517  10 
 1518  5 
 1519  3 
 1520  6 
 1521  8 
 1522  4 
 1523  7 
 1524  10 
 1525  7 
 1526  6 
 1527  8 
 1528  7 
 1529  8 
 1530  11 
 1531  10 
 1532  13 
 1533  10 
 1534  5 
 1535  7 
 1536  5 
 1537  4 
 1538  10 
 1539  8 
 1540  4 
 1541  10 
 1542  4 
 1543  4 
 1544  4 
 1545  14 
 1546  4 
 1547  2 
 1548  9 
 1549  9 
 1550  6 
 1551  8 
 1552  6 
 1553  4 
 1554  4 
 1555  4 
 1556  7 
 1557  9 
 1558  3 
 1559  6 
 1560  8 
 1561  4 
 1562  5 
 1563  6 
 1564  6 
 1565  7 
 1566  7 
 1567  10 
 1568  5 
 1569  8 
 1570  6 
 1571  2 
 1572  5 
 1573  8 
 1574  5 
 1575  1 
 1576  4 
 1577  5 
 1578  6 
 1579  7 
 1580  5 
 1581  7 
 1582  10 
 1583  5 
 1584  14 
 1585  10 
 1586  12 
 1587  7 
 1588  8 
 1589  0 
 1590  6 
 1591  4 
 1592  3 
 1593  11 
 1594  10 
 1595  6 
 1596  7 
 1597  4 
 1598  7 
 1599  6 
 1600  9 
 1601  6 
 1602  11 
 1603  7 
 1604  10 
 1605  3 
 1606  5 
 1607  6 
 1608  9 
 1609  4 
 1610  6 
 1611  5 
 1612  5 
 1613  2 
 1614  5 
 1615  10 
 1616  12 
 1617  15 
 1618  6 
 1619  5 
 1620  5 
 1621  4 
 1622  9 
 1623  10 
 1624  3 
 1625  4 
 1626  9 
 1627  8 
 1628  4 
 1629  3 
 1630  7 
 1631  7 
 1632  5 
 1633  8 
 1634  6 
 1635  4 
 1636  7 
 1637  5 
 1638  2 
 1639  8 
 1640  7 
 1641  10 
 1642  8 
 1643  5 
 1644  6 
 1645  10 
 1646  10 
 1647  7 
 1648  2 
 1649  5 
 1650  8 
 1651  11 
 1652  6 
 1653  6 
 1654  10 
 1655  6 
 1656  9 
 1657  14 
 1658  4 
 1659  8 
 1660  4 
 1661  12 
 1662  6 
 1663  7 
 1664  7 
 1665  4 
 1666  2 
 1667  5 
 1668  4 
 1669  9 
 1670  9 
 1671  1 
 1672  6 
 1673  4 
 1674  4 
 1675  3 
 1676  7 
 1677  6 
 1678  6 
 1679  7 
 1680  4 
 1681  5 
 1682  4 
 1683  5 
 1684  8 
 1685  4 
 1686  5 
 1687  4 
 1688  6 
 1689  5 
 1690  8 
 1691  8 
 1692  11 
 1693  11 
 1694  4 
 1695  8 
 1696  5 
 1697  13 
 1698  5 
 1699  6 
 1700  8 
 1701  4 
 1702  7 
 1703  8 
 1704  4 
 1705  6 
 1706  8 
 1707  9 
 1708  11 
 1709  8 
 1710  6 
 1711  10 
 1712  13 
 1713  8 
 1714  5 
 1715  3 
 1716  7 
 1717  6 
 1718  7 
 1719  5 
 1720  10 
 1721  7 
 1722  1 
 1723  6 
 1724  10 
 1725  6 
 1726  9 
 1727  1 
 1728  7 
 1729  6 
 1730  7 
 1731  9 
 1732  8 
 1733  4 
 1734  4 
 1735  9 
 1736  6 
 1737  8 
 1738  5 
 1739  4 
 1740  6 
 1741  5 
 1742  7 
 1743  6 
 1744  6 
 1745  2 
 1746  7 
 1747  6 
 1748  6 
 1749  5 
 1750  1 
 1751  5 
 1752  6 
 1753  5 
 1754  8 
 1755  7 
 1756  8 
 1757  10 
 1758  7 
 1759  6 
 1760  5 
 1761  5 
 1762  6 
 1763  11 
 1764  14 
 1765  3 
 1766  9 
 1767  9 
 1768  7 
 1769  7 
 1770  7 
 1771  9 
 1772  6 
 1773  2 
 1774  5 
 1775  7 
 1776  5 
 1777  8 
 1778  7 
 1779  3 
 1780  8 
 1781  4 
 1782  6 
 1783  4 
 1784  6 
 1785  10 
 1786  9 
 1787  3 
 1788  6 
 1789  8 
 1790  6 
 1791  8 
 1792  5 
 1793  2 
 1794  6 
 1795  6 
 1796  7 
 1797  7 
 1798  4 
 1799  4 
 1800  9 
 1801  2 
 1802  4 
 1803  8 
 1804  6 
 1805  2 
 1806  5 
 1807  6 
 1808  9 
 1809  4 
 1810  4 
 1811  5 
 1812  8 
 1813  7 
 1814  7 
 1815  7 
 1816  5 
 1817  5 
 1818  7 
 1819  4 
 1820  8 
 1821  4 
 1822  7 
 1823  2 
 1824  5 
 1825  7 
 1826  5 
 1827  9 
 1828  4 
 1829  2 
 1830  8 
 1831  7 
 1832  6 
 1833  5 
 1834  6 
 1835  7 
 1836  5 
 1837  6 
 1838  10 
 1839  4 
 1840  4 
 1841  4 
 1842  5 
 1843  7 
 1844  6 
 1845  5 
 1846  16 
 1847  7 
 1848  9 
 1849  6 
 1850  6 
 1851  4 
 1852  5 
 1853  9 
 1854  3 
 1855  7 
 1856  6 
 1857  11 
 1858  8 
 1859  7 
 1860  3 
 1861  9 
 1862  11 
 1863  10 
 1864  7 
 1865  1 
 1866  6 
 1867  4 
 1868  8 
 1869  6 
 1870  3 
 1871  3 
 1872  6 
 1873  3 
 1874  6 
 1875  6 
 1876  8 
 1877  5 
 1878  11 
 1879  8 
 1880  4 
 1881  7 
 1882  6 
 1883  3 
 1884  11 
 1885  8 
 1886  6 
 1887  6 
 1888  5 
 1889  4 
 1890  10 
 1891  6 
 1892  7 
 1893  7 
 1894  2 
 1895  6 
 1896  3 
 1897  3 
 1898  6 
 1899  9 
 1900  9 
 1901  2 
 1902  4 
 1903  9 
 1904  7 
 1905  2 
 1906  6 
 1907  6 
 1908  5 
 1909  5 
 1910  6 
 1911  9 
 1912  9 
 1913  4 
 1914  9 
 1915  6 
 1916  5 
 1917  10 
 1918  2 
 1919  11 
 1920  8 
 1921  9 
 1922  4 
 1923  5 
 1924  6 
 1925  12 
 1926  10 
 1927  6 
 1928  8 
 1929  8 
 1930  4 
 1931  9 
 1932  6 
 1933  8 
 1934  8 
 1935  3 
 1936  6 
 1937  10 
 1938  6 
 1939  5 
 1940  6 
 1941  10 
 1942  9 
 1943  7 
 1944  8 
 1945  4 
 1946  6 
 1947  9 
 1948  3 
 1949  13 
 1950  11 
 1951  6 
 1952  7 
 1953  5 
 1954  5 
 1955  9 
 1956  11 
 1957  5 
 1958  7 
 1959  7 
 1960  5 
 1961  7 
 1962  5 
 1963  8 
 1964  4 
 1965  7 
 1966  4 
 1967  8 
 1968  6 
 1969  7 
 1970  6 
 1971  8 
 1972  4 
 1973  5 
 1974  10 
 1975  7 
 1976  3 
 1977  4 
 1978  7 
 1979  1 
 1980  7 
 1981  5 
 1982  7 
 1983  3 
 1984  11 
 1985  10 
 1986  8 
 1987  5 
 1988  2 
 1989  6 
 1990  2 
 1991  5 
 1992  4 
 1993  5 
 1994  6 
 1995  7 
 1996  6 
 1997  7 
 1998  9 
 1999  2 
 2000  3 
 2001  7 
 2002  3 
 2003  6 
 2004  8 
 2005  2 
 2006  4 
 2007  9 
 2008  13 
 2009  8 
 2010  4 
 2011  6 
 2012  3 
 2013  7 
 2014  3 
 2015  8 
 2016  6 
 2017  5 
 2018  3 
 2019  5 
 2020  8 
 2021  7 
 2022  7 
 2023  4 
 2024  6 
 2025  3 
 2026  10 
 2027  3 
 2028  8 
 2029  9 
 2030  4 
 2031  3 
 2032  3 
 2033  3 
 2034  6 
 2035  9 
 2036  7 
 2037  6 
 2038  8 
 2039  6 
 2040  5 
 2041  6 
 2042  5 
 2043  2 
 2044  6 
 2045  3 
 2046  5 
 2047  8 
 2048  7 
 2049  3 
 2050  4 
 2051  10 
 2052  4 
 2053  7 
 2054  7 
 2055  7 
 2056  8 
 2057  10 
 2058  2 
 2059  4 
 2060  4 
 2061  10 
 2062  8 
 2063  6 
 2064  5 
 2065  6 
 2066  7 
 2067  7 
 2068  7 
 2069  6 
 2070  3 
 2071  7 
 2072  9 
 2073  7 
 2074  6 
 2075  1 
 2076  8 
 2077  5 
 2078  7 
 2079  9 
 2080  6 
 2081  7 
 2082  4 
 2083  7 
 2084  7 
 2085  8 
 2086  7 
 2087  10 
 2088  10 
 2089  7 
 2090  7 
 2091  5 
 2092  3 
 2093  10 
 2094  8 
 2095  9 
 2096  9 
 2097  7 
 2098  5 
 2099  9 
 2100  9 
 2101  9 
 2102  8 
 2103  7 
 2104  4 
 2105  11 
 2106  14 
 2107  7 
 2108  11 
 2109  11 
 2110  5 
 2111  10 
 2112  6 
 2113  11 
 2114  11 
 2115  8 
 2116  7 
 2117  9 
 2118  3 
 2119  9 
 2120  10 
 2121  12 
 2122  8 
 2123  13 
 2124  9 
 2125  13 
 2126  13 
 2127  9 
 2128  11 
 2129  4 
 2130  8 
 2131  8 
 2132  13 
 2133  14 
 2134  9 
 2135  12 
 2136  11 
 2137  15 
 2138  7 
 2139  14 
 2140  9 
 2141  11 
 2142  15 
 2143  8 
 2144  7 
 2145  10 
 2146  10 
 2147  9 
 2148  8 
 2149  12 
 2150  7 
 2151  9 
 2152  9 
 2153  9 
 2154  4 
 2155  7 
 2156  12 
 2157  12 
 2158  8 
 2159  6 
 2160  5 
 2161  9 
 2162  6 
 2163  5 
 2164  4 
 2165  8 
 2166  3 
 2167  7 
 2168  5 
 2169  16 
 2170  8 
 2171  12 
 2172  9 
 2173  8 
 2174  7 
 2175  4 
 2176  4 
 2177  7 
 2178  4 
 2179  9 
 2180  4 
 2181  2 
 2182  5 
 2183  4 
 2184  6 
 2185  6 
 2186  9 
 2187  8 
 2188  9 
 2189  6 
 2190  9 
 2191  5 
 2192  5 
 2193  9 
 2194  4 
 2195  7 
 2196  7 
 2197  5 
 2198  2 
 2199  5 
 2200  9 
 2201  2 
 2202  6 
 2203  4 
 2204  5 
 2205  8 
 2206  5 
 2207  5 
 2208  8 
 2209  2 
 2210  7 
 2211  5 
 2212  7 
 2213  4 
 2214  10 
 2215  2 
 2216  7 
 2217  11 
 2218  4 
 2219  3 
 2220  10 
 2221  6 
 2222  9 
 2223  9 
 2224  14 
 2225  8 
 2226  5 
 2227  5 
 2228  5 
 2229  6 
 2230  5 
 2231  9 
 2232  5 
 2233  11 
 2234  10 
 2235  5 
 2236  8 
 2237  3 
 2238  5 
 2239  5 
 2240  3 
 2241  5 
 2242  9 
 2243  10 
 2244  8 
 2245  6 
 2246  10 
 2247  8 
 2248  4 
 2249  4 
 2250  5 
 2251  6 
 2252  5 
 2253  9 
 2254  6 
 2255  6 
 2256  4 
 2257  7 
 2258  7 
 2259  10 
 2260  5 
 2261  9 
 2262  6 
 2263  4 
 2264  5 
 2265  6 
 2266  6 
 2267  6 
 2268  6 
 2269  7 
 2270  11 
 2271  5 
 2272  6 
 2273  11 
 2274  4 
 2275  4 
 2276  7 
 2277  6 
 2278  7 
 2279  5 
 2280  7 
 2281  3 
 2282  8 
 2283  12 
 2284  1 
 2285  5 
 2286  6 
 2287  5 
 2288  3 
 2289  5 
 2290  4 
 2291  11 
 2292  9 
 2293  6 
 2294  1 
 2295  10 
 2296  5 
 2297  6 
 2298  10 
 2299  6 
 2300  5 
 2301  5 
 2302  1 
 2303  9 
 2304  9 
 2305  7 
 2306  5 
 2307  5 
 2308  5 
 2309  6 
 2310  5 
 2311  11 
 2312  3 
 2313  8 
 2314  8 
 2315  6 
 2316  3 
 2317  7 
 2318  8 
 2319  4 
 2320  9 
 2321  7 
 2322  5 
 2323  4 
 2324  7 
 2325  6 
 2326  7 
 2327  7 
 2328  5 
 2329  9 
 2330  6 
 2331  2 
 2332  6 
 2333  9 
 2334  2 
 2335  6 
 2336  9 
 2337  6 
 2338  3 
 2339  8 
 2340  8 
 2341  9 
 2342  10 
 2343  7 
 2344  6 
 2345  7 
 2346  4 
 2347  7 
 2348  11 
 2349  9 
 2350  3 
 2351  9 
 2352  11 
 2353  9 
 2354  6 
 2355  5 
 2356  7 
 2357  9 
 2358  6 
 2359  6 
 2360  13 
 2361  6 
 2362  9 
 2363  9 
 2364  8 
 2365  5 
 2366  0 
 2367  11 
 2368  3 
 2369  9 
 2370  12 
 2371  7 
 2372  8 
 2373  3 
 2374  10 
 2375  5 
 2376  8 
 2377  4 
 2378  4 
 2379  7 
 2380  3 
 2381  4 
 2382  8 
 2383  7 
 2384  11 
 2385  6 
 2386  3 
 2387  5 
 2388  3 
 2389  5 
 2390  3 
 2391  12 
 2392  9 
 2393  6 
 2394  10 
 2395  5 
 2396  6 
 2397  6 
 2398  6 
 2399  10 
 2400  3 
 2401  7 
 2402  10 
 2403  2 
 2404  6 
 2405  6 
 2406  0 
 2407  6 
 2408  9 
 2409  6 
 2410  2 
 2411  5 
 2412  9 
 2413  6 
 2414  2 
 2415  5 
 2416  8 
 2417  4 
 2418  12 
 2419  4 
 2420  6 
 2421  4 
 2422  5 
 2423  9 
 2424  6 
 2425  11 
 2426  10 
 2427  13 
 2428  7 
 2429  3 
 2430  6 
 2431  5 
 2432  7 
 2433  11 
 2434  6 
 2435  7 
 2436  3 
 2437  9 
 2438  10 
 2439  6 
 2440  7 
 2441  1 
 2442  12 
 2443  5 
 2444  1 
 2445  6 
 2446  6 
 2447  4 
 2448  5 
 2449  8 
 2450  5 
 2451  7 
 2452  7 
 2453  12 
 2454  6 
 2455  4 
 2456  6 
 2457  6 
 2458  2 
 2459  5 
 2460  5 
 2461  5 
 2462  3 
 2463  8 
 2464  4 
 2465  6 
 2466  4 
 2467  9 
 2468  4 
 2469  7 
 2470  6 
 2471  5 
 2472  13 
 2473  8 
 2474  6 
 2475  10 
 2476  6 
 2477  3 
 2478  4 
 2479  5 
 2480  4 
 2481  3 
 2482  3 
 2483  8 
 2484  7 
 2485  5 
 2486  8 
 2487  5 
 2488  9 
 2489  8 
 2490  9 
 2491  3 
 2492  5 
 2493  8 
 2494  10 
 2495  3 
 2496  8 
 2497  12 
 2498  4 
 2499  9 
 2500  9 
 2501  5 
 2502  4 
 2503  5 
 2504  5 
 2505  5 
 2506  5 
 2507  5 
 2508  4 
 2509  3 
 2510  6 
 2511  5 
 2512  8 
 2513  8 
 2514  4 
 2515  6 
 2516  11 
 2517  7 
 2518  11 
 2519  5 
 2520  9 
 2521  8 
 2522  8 
 2523  5 
 2524  7 
 2525  1 
 2526  7 
 2527  11 
 2528  13 
 2529  5 
 2530  2 
 2531  7 
 2532  3 
 2533  8 
 2534  9 
 2535  7 
 2536  8 
 2537  6 
 2538  6 
 2539  8 
 2540  8 
 2541  8 
 2542  8 
 2543  8 
 2544  6 
 2545  8 
 2546  4 
 2547  7 
 2548  5 
 2549  3 
 2550  13 
 2551  7 
 2552  7 
 2553  10 
 2554  8 
 2555  4 
 2556  8 
 2557  7 
 2558  7 
 2559  2 
 2560  9 
 2561  7 
 2562  8 
 2563  4 
 2564  6 
 2565  2 
 2566  8 
 2567  8 
 2568  7 
 2569  6 
 2570  11 
 2571  4 
 2572  8 
 2573  7 
 2574  9 
 2575  5 
 2576  5 
 2577  9 
 2578  7 
 2579  8 
 2580  6 
 2581  7 
 2582  8 
 2583  4 
 2584  6 
 2585  3 
 2586  3 
 2587  7 
 2588  9 
 2589  8 
 2590  8 
 2591  7 
 2592  10 
 2593  8 
 2594  8 
 2595  3 
 2596  3 
 2597  3 
 2598  6 
 2599  7 
 2600  6 
 2601  7 
 2602  12 
 2603  4 
 2604  9 
 2605  12 
 2606  9 
 2607  4 
 2608  8 
 2609  4 
 2610  7 
 2611  5 
 2612  3 
 2613  7 
 2614  7 
 2615  4 
 2616  8 
 2617  5 
 2618  5 
 2619  13 
 2620  10 
 2621  4 
 2622  6 
 2623  7 
 2624  3 
 2625  7 
 2626  6 
 2627  6 
 2628  5 
 2629  3 
 2630  6 
 2631  7 
 2632  8 
 2633  11 
 2634  8 
 2635  13 
 2636  7 
 2637  7 
 2638  5 
 2639  5 
 2640  2 
 2641  8 
 2642  7 
 2643  6 
 2644  8 
 2645  8 
 2646  8 
 2647  3 
 2648  6 
 2649  4 
 2650  7 
 2651  7 
 2652  8 
 2653  8 
 2654  10 
 2655  12 
 2656  5 
 2657  8 
 2658  7 
 2659  4 
 2660  9 
 2661  8 
 2662  11 
 2663  5 
 2664  7 
 2665  8 
 2666  7 
 2667  7 
 2668  6 
 2669  12 
 2670  7 
 2671  8 
 2672  8 
 2673  7 
 2674  11 
 2675  1 
 2676  6 
 2677  8 
 2678  9 
 2679  8 
 2680  5 
 2681  5 
 2682  8 
 2683  5 
 2684  3 
 2685  9 
 2686  6 
 2687  8 
 2688  8 
 2689  8 
 2690  4 
 2691  6 
 2692  12 
 2693  8 
 2694  6 
 2695  5 
 2696  3 
 2697  10 
 2698  7 
 2699  9 
 2700  7 
 2701  5 
 2702  6 
 2703  2 
 2704  7 
 2705  8 
 2706  7 
 2707  6 
 2708  6 
 2709  8 
 2710  14 
 2711  7 
 2712  11 
 2713  7 
 2714  7 
 2715  8 
 2716  6 
 2717  6 
 2718  8 
 2719  9 
 2720  10 
 2721  8 
 2722  8 
 2723  7 
 2724  10 
 2725  8 
 2726  11 
 2727  8 
 2728  14 
 2729  6 
 2730  6 
 2731  4 
 2732  9 
 2733  9 
 2734  3 
 2735  8 
 2736  5 
 2737  9 
 2738  5 
 2739  5 
 2740  5 
 2741  8 
 2742  8 
 2743  6 
 2744  5 
 2745  1 
 2746  3 
 2747  6 
 2748  6 
 2749  5 
 2750  3 
 2751  6 
 2752  6 
 2753  5 
 2754  9 
 2755  9 
 2756  10 
 2757  6 
 2758  7 
 2759  7 
 2760  14 
 2761  7 
 2762  9 
 2763  8 
 2764  9 
 2765  7 
 2766  7 
 2767  4 
 2768  7 
 2769  5 
 2770  6 
 2771  3 
 2772  4 
 2773  6 
 2774  4 
 2775  4 
 2776  3 
 2777  10 
 2778  8 
 2779  11 
 2780  8 
 2781  5 
 2782  9 
 2783  7 
 2784  6 
 2785  10 
 2786  4 
 2787  7 
 2788  10 
 2789  7 
 2790  10 
 2791  12 
 2792  9 
 2793  3 
 2794  7 
 2795  8 
 2796  11 
 2797  6 
 2798  6 
 2799  14 
 2800  6 
 2801  9 
 2802  5 
 2803  6 
 2804  14 
 2805  7 
 2806  6 
 2807  8 
 2808  8 
 2809  7 
 2810  13 
 2811  11 
 2812  11 
 2813  6 
 2814  6 
 2815  5 
 2816  9 
 2817  4 
 2818  8 
 2819  9 
 2820  7 
 2821  8 
 2822  11 
 2823  10 
 2824  7 
 2825  11 
 2826  4 
 2827  8 
 2828  11 
 2829  7 
 2830  6 
 2831  5 
 2832  8 
 2833  5 
 2834  5 
 2835  9 
 2836  7 
 2837  11 
 2838  8 
 2839  6 
 2840  5 
 2841  14 
 2842  8 
 2843  4 
 2844  3 
 2845  5 
 2846  13 
 2847  6 
 2848  6 
 2849  8 
 2850  10 
 2851  9 
 2852  6 
 2853  7 
 2854  5 
 2855  8 
 2856  10 
 2857  5 
 2858  8 
 2859  11 
 2860  9 
 2861  9 
 2862  7 
 2863  10 
 2864  11 
 2865  8 
 2866  7 
 2867  7 
 2868  8 
 2869  12 
 2870  11 
 2871  11 
 2872  9 
 2873  12 
 2874  12 
 2875  7 
 2876  7 
 2877  11 
 2878  7 
 2879  8 
 2880  11 
 2881  13 
 2882  9 
 2883  10 
 2884  8 
 2885  7 
 2886  13 
 2887  15 
 2888  14 
 2889  7 
 2890  11 
 2891  10 
 2892  14 
 2893  14 
 2894  14 
 2895  14 
 2896  20 
 2897  19 
 2898  16 
 2899  21 
 2900  20 
 2901  20 
 2902  15 
 2903  16 
 2904  23 
 2905  15 
 2906  20 
 2907  19 
 2908  15 
 2909  26 
 2910  25 
 2911  24 
 2912  21 
 2913  21 
 2914  22 
 2915  19 
 2916  19 
 2917  15 
 2918  24 
 2919  21 
 2920  27 
 2921  26 
 2922  19 
 2923  20 
 2924  22 
 2925  26 
 2926  22 
 2927  19 
 2928  23 
 2929  32 
 2930  26 
 2931  24 
 2932  21 
 2933  29 
 2934  22 
 2935  17 
 2936  31 
 2937  21 
 2938  22 
 2939  13 
 2940  15 
 2941  20 
 2942  27 
 2943  16 
 2944  18 
 2945  16 
 2946  12 
 2947  27 
 2948  20 
 2949  16 
 2950  22 
 2951  10 
 2952  12 
 2953  16 
 2954  14 
 2955  19 
 2956  20 
 2957  14 
 2958  23 
 2959  17 
 2960  17 
 2961  16 
 2962  13 
 2963  24 
 2964  22 
 2965  27 
 2966  22 
 2967  25 
 2968  40 
 2969  22 
 2970  27 
 2971  34 
 2972  22 
 2973  32 
 2974  27 
 2975  31 
 2976  31 
 2977  36 
 2978  50 
 2979  48 
 2980  62 
 2981  33 
 2982  64 
 2983  63 
 2984  67 
 2985  73 
 2986  72 
 2987  73 
 2988  82 
 2989  84 
 2990  87 
 2991  97 
 2992  122 
 2993  100 
 2994  105 
 2995  125 
 2996  131 
 2997  126 
 2998  127 
 2999  142 
 3000  128 
 3001  156 
 3002  141 
 3003  171 
 3004  125 
 3005  147 
 3006  140 
 3007  158 
 3008  163 
 3009  147 
 3010  162 
 3011  160 
 3012  168 
 3013  138 
 3014  147 
 3015  153 
 3016  139 
 3017  144 
 3018  128 
 3019  144 
 3020  152 
 3021  149 
 3022  141 
 3023  150 
 3024  121 
 3025  128 
 3026  110 
 3027  92 
 3028  93 
 3029  89 
 3030  101 
 3031  97 
 3032  90 
 3033  71 
 3034  70 
 3035  76 
 3036  61 
 3037  47 
 3038  47 
 3039  66 
 3040  32 
 3041  39 
 3042  40 
 3043  30 
 3044  24 
 3045  35 
 3046  26 
 3047  24 
 3048  24 
 3049  23 
 3050  26 
 3051  16 
 3052  13 
 3053  11 
 3054  10 
 3055  17 
 3056  18 
 3057  13 
 3058  7 
 3059  14 
 3060  13 
 3061  7 
 3062  11 
 3063  9 
 3064  11 
 3065  8 
 3066  12 
 3067  15 
 3068  10 
 3069  12 
 3070  11 
 3071  7 
 3072  6 
 3073  10 
 3074  9 
 3075  7 
 3076  10 
 3077  5 
 3078  9 
 3079  5 
 3080  12 
 3081  8 
 3082  11 
 3083  5 
 3084  12 
 3085  7 
 3086  11 
 3087  11 
 3088  8 
 3089  6 
 3090  9 
 3091  13 
 3092  7 
 3093  7 
 3094  6 
 3095  5 
 3096  8 
 3097  7 
 3098  5 
 3099  7 
 3100  8 
 3101  5 
 3102  7 
 3103  15 
 3104  7 
 3105  12 
 3106  5 
 3107  11 
 3108  12 
 3109  8 
 3110  5 
 3111  10 
 3112  8 
 3113  11 
 3114  5 
 3115  11 
 3116  10 
 3117  11 
 3118  12 
 3119  8 
 3120  9 
 3121  10 
 3122  9 
 3123  9 
 3124  12 
 3125  7 
 3126  7 
 3127  6 
 3128  14 
 3129  7 
 3130  9 
 3131  3 
 3132  8 
 3133  10 
 3134  8 
 3135  7 
 3136  5 
 3137  10 
 3138  9 
 3139  5 
 3140  10 
 3141  5 
 3142  4 
 3143  7 
 3144  6 
 3145  4 
 3146  10 
 3147  6 
 3148  5 
 3149  12 
 3150  6 
 3151  10 
 3152  8 
 3153  17 
 3154  6 
 3155  11 
 3156  8 
 3157  12 
 3158  6 
 3159  8 
 3160  9 
 3161  8 
 3162  10 
 3163  5 
 3164  14 
 3165  4 
 3166  10 
 3167  15 
 3168  11 
 3169  13 
 3170  11 
 3171  11 
 3172  14 
 3173  19 
 3174  8 
 3175  14 
 3176  16 
 3177  14 
 3178  12 
 3179  20 
 3180  10 
 3181  9 
 3182  15 
 3183  11 
 3184  16 
 3185  20 
 3186  12 
 3187  12 
 3188  16 
 3189  25 
 3190  15 
 3191  21 
 3192  14 
 3193  22 
 3194  24 
 3195  17 
 3196  15 
 3197  36 
 3198  30 
 3199  26 
 3200  38 
 3201  21 
 3202  33 
 3203  42 
 3204  48 
 3205  52 
 3206  40 
 3207  43 
 3208  54 
 3209  68 
 3210  61 
 3211  48 
 3212  75 
 3213  81 
 3214  85 
 3215  109 
 3216  107 
 3217  122 
 3218  133 
 3219  126 
 3220  137 
 3221  164 
 3222  162 
 3223  200 
 3224  223 
 3225  219 
 3226  251 
 3227  226 
 3228  284 
 3229  304 
 3230  351 
 3231  380 
 3232  354 
 3233  439 
 3234  472 
 3235  492 
 3236  585 
 3237  573 
 3238  619 
 3239  704 
 3240  700 
 3241  810 
 3242  907 
 3243  981 
 3244  1110 
 3245  1158 
 3246  1244 
 3247  1410 
 3248  1577 
 3249  1639 
 3250  1756 
 3251  1928 
 3252  2070 
 3253  2275 
 3254  2321 
 3255  2488 
 3256  2599 
 3257  2648 
 3258  2801 
 3259  2883 
 3260  3002 
 3261  2938 
 3262  2985 
 3263  3128 
 3264  3125 
 3265  2985 
 3266  3018 
 3267  3000 
 3268  2858 
 3269  2743 
 3270  2554 
 3271  2386 
 3272  2308 
 3273  2175 
 3274  2007 
 3275  1920 
 3276  1713 
 3277  1553 
 3278  1412 
 3279  1211 
 3280  1072 
 3281  1055 
 3282  870 
 3283  759 
 3284  715 
 3285  572 
 3286  519 
 3287  458 
 3288  379 
 3289  353 
 3290  296 
 3291  278 
 3292  192 
 3293  184 
 3294  175 
 3295  140 
 3296  112 
 3297  100 
 3298  90 
 3299  80 
 3300  73 
 3301  55 
 3302  57 
 3303  52 
 3304  37 
 3305  53 
 3306  31 
 3307  36 
 3308  29 
 3309  29 
 3310  28 
 3311  23 
 3312  33 
 3313  32 
 3314  27 
 3315  27 
 3316  15 
 3317  27 
 3318  18 
 3319  27 
 3320  25 
 3321  24 
 3322  35 
 3323  26 
 3324  25 
 3325  24 
 3326  26 
 3327  30 
 3328  36 
 3329  29 
 3330  39 
 3331  36 
 3332  27 
 3333  37 
 3334  58 
 3335  53 
 3336  40 
 3337  43 
 3338  49 
 3339  53 
 3340  77 
 3341  60 
 3342  79 
 3343  80 
 3344  69 
 3345  82 
 3346  94 
 3347  92 
 3348  92 
 3349  94 
 3350  90 
 3351  100 
 3352  81 
 3353  84 
 3354  75 
 3355  83 
 3356  72 
 3357  69 
 3358  69 
 3359  69 
 3360  62 
 3361  50 
 3362  50 
 3363  54 
 3364  39 
 3365  39 
 3366  44 
 3367  32 
 3368  28 
 3369  25 
 3370  21 
 3371  27 
 3372  20 
 3373  30 
 3374  17 
 3375  10 
 3376  8 
 3377  15 
 3378  6 
 3379  14 
 3380  11 
 3381  12 
 3382  13 
 3383  11 
 3384  10 
 3385  1 
 3386  5 
 3387  4 
 3388  5 
 3389  6 
 3390  4 
 3391  6 
 3392  7 
 3393  9 
 3394  4 
 3395  6 
 3396  5 
 3397  2 
 3398  6 
 3399  7 
 3400  15 
 3401  6 
 3402  10 
 3403  13 
 3404  8 
 3405  8 
 3406  8 
 3407  20 
 3408  12 
 3409  15 
 3410  15 
 3411  11 
 3412  15 
 3413  20 
 3414  14 
 3415  21 
 3416  19 
 3417  23 
 3418  29 
 3419  26 
 3420  33 
 3421  35 
 3422  42 
 3423  36 
 3424  38 
 3425  51 
 3426  63 
 3427  52 
 3428  63 
 3429  72 
 3430  77 
 3431  66 
 3432  94 
 3433  93 
 3434  111 
 3435  119 
 3436  148 
 3437  137 
 3438  156 
 3439  177 
 3440  175 
 3441  182 
 3442  228 
 3443  262 
 3444  281 
 3445  269 
 3446  324 
 3447  345 
 3448  396 
 3449  419 
 3450  460 
 3451  502 
 3452  489 
 3453  529 
 3454  579 
 3455  651 
 3456  692 
 3457  669 
 3458  790 
 3459  822 
 3460  875 
 3461  877 
 3462  923 
 3463  958 
 3464  1064 
 3465  1138 
 3466  1100 
 3467  1218 
 3468  1209 
 3469  1239 
 3470  1255 
 3471  1321 
 3472  1316 
 3473  1396 
 3474  1479 
 3475  1477 
 3476  1428 
 3477  1440 
 3478  1393 
 3479  1398 
 3480  1392 
 3481  1438 
 3482  1490 
 3483  1423 
 3484  1445 
 3485  1436 
 3486  1364 
 3487  1363 
 3488  1300 
 3489  1267 
 3490  1224 
 3491  1186 
 3492  1129 
 3493  1087 
 3494  965 
 3495  950 
 3496  865 
 3497  840 
 3498  762 
 3499  756 
 3500  672 
 3501  642 
 3502  569 
 3503  524 
 3504  504 
 3505  443 
 3506  388 
 3507  346 
 3508  318 
 3509  304 
 3510  236 
 3511  224 
 3512  182 
 3513  165 
 3514  155 
 3515  146 
 3516  125 
 3517  108 
 3518  101 
 3519  77 
 3520  63 
 3521  61 
 3522  43 
 3523  50 
 3524  58 
 3525  57 
 3526  48 
 3527  48 
 3528  42 
 3529  39 
 3530  47 
 3531  52 
 3532  48 
 3533  43 
 3534  57 
 3535  59 
 3536  51 
 3537  64 
 3538  79 
 3539  75 
 3540  67 
 3541  90 
 3542  101 
 3543  94 
 3544  95 
 3545  92 
 3546  125 
 3547  111 
 3548  145 
 3549  151 
 3550  134 
 3551  151 
 3552  148 
 3553  131 
 3554  194 
 3555  162 
 3556  163 
 3557  151 
 3558  159 
 3559  151 
 3560  151 
 3561  135 
 3562  129 
 3563  109 
 3564  116 
 3565  105 
 3566  114 
 3567  98 
 3568  86 
 3569  70 
 3570  60 
 3571  74 
 3572  52 
 3573  58 
 3574  57 
 3575  49 
 3576  50 
 3577  44 
 3578  36 
 3579  36 
 3580  24 
 3581  27 
 3582  34 
 3583  21 
 3584  21 
 3585  23 
 3586  25 
 3587  17 
 3588  24 
 3589  29 
 3590  21 
 3591  25 
 3592  21 
 3593  26 
 3594  23 
 3595  17 
 3596  23 
 3597  17 
 3598  11 
 3599  24 
 3600  11 
 3601  19 
 3602  11 
 3603  23 
 3604  20 
 3605  21 
 3606  13 
 3607  13 
 3608  13 
 3609  5 
 3610  6 
 3611  14 
 3612  6 
 3613  10 
 3614  8 
 3615  8 
 3616  6 
 3617  4 
 3618  3 
 3619  4 
 3620  2 
 3621  1 
 3622  3 
 3623  3 
 3624  2 
 3625  1 
 3626  1 
 3627  2 
 3628  3 
 3629  2 
 3630  0 
 3631  1 
 3632  2 
 3633  0 
 3634  1 
 3635  0 
 3636  0 
 3637  1 
 3638  0 
 3639  0 
 3640  1 
 3641  0 
 3642  0 
 3643  0 
 3644  1 
 3645  2 
 3646  1 
 3647  0 
 3648  0 
 3649  0 
 3650  1 
 3651  1 
 3652  0 
 3653  0 
 3654  0 
 3655  0 
 3656  0 
 3657  0 
 3658  0 
 3659  0 
 3660  0 
 3661  0 
 3662  0 
 3663  0 
 3664  1 
 3665  0 
 3666  0 
 3667  0 
 3668  0 
 3669  1 
 3670  0 
 3671  0 
 3672  0 
 3673  0 
 3674  1 
 3675  0 
 3676  0 
 3677  0 
 3678  0 
 3679  1 
 3680  0 
 3681  0 
 3682  0 
 3683  0 
 3684  1 
 3685  1 
 3686  0 
 3687  0 
 3688  0 
 3689  0 
 3690  0 
 3691  0 
 3692  1 
 3693  0 
 3694  0 
 3695  0 
 3696  0 
 3697  0 
 3698  2 
 3699  1 
 3700  0 
 3701  0 
 3702  0 
 3703  0 
 3704  1 
 3705  2 
 3706  0 
 3707  0 
 3708  0 
 3709  0 
 3710  0 
 3711  0 
 3712  0 
 3713  0 
 3714  0 
 3715  0 
 3716  0 
 3717  0 
 3718  0 
 3719  1 
 3720  0 
 3721  0 
 3722  0 
 3723  0 
 3724  0 
 3725  1 
 3726  0 
 3727  0 
 3728  0 
 3729  0 
 3730  0 
 3731  0 
 3732  0 
 3733  0 
 3734  1 
 3735  0 
 3736  0 
 3737  0 
 3738  0 
 3739  0 
 3740  1 
 3741  0 
 3742  0 
 3743  0 
 3744  0 
 3745  0 
 3746  0 
 3747  0 
 3748  0 
 3749  0 
 3750  0 
 3751  0 
 3752  0 
 3753  0 
 3754  0 
 3755  0 
 3756  0 
 3757  0 
 3758  0 
 3759  1 
 3760  0 
 3761  0 
 3762  0 
 3763  0 
 3764  0 
 3765  1 
 3766  0 
 3767  0 
 3768  0 
 3769  0 
 3770  0 
 3771  0 
 3772  0 
 3773  2 
 3774  0 
 3775  0 
 3776  0 
 3777  0 
 3778  0 
 3779  0 
 3780  0 
 3781  0 
 3782  0 
 3783  0 
 3784  0 
 3785  0 
 3786  0 
 3787  0 
 3788  0 
 3789  1 
 3790  0 
 3791  0 
 3792  0 
 3793  0 
 3794  0 
 3795  0 
 3796  1 
 3797  0 
 3798  0 
 3799  0 
 3800  0 
 3801  0 
 3802  1 
 3803  0 
 3804  0 
 3805  0 
 3806  0 
 3807  0 
 3808  0 
 3809  0 
 3810  0 
 3811  0 
 3812  0 
 3813  1 
 3814  0 
 3815  0 
 3816  0 
 3817  0 
 3818  0 
 3819  0 
 3820  0 
 3821  0 
 3822  2 
 3823  1 
 3824  0 
 3825  0 
 3826  0 
 3827  1 
 3828  0 
 3829  0 
 3830  0 
 3831  0 
 3832  0 
 3833  0 
 3834  0 
 3835  0 
 3836  0 
 3837  0 
 3838  1 
 3839  0 
 3840  2 
 3841  0 
 3842  0 
 3843  0 
 3844  0 
 3845  1 
 3846  0 
 3847  0 
 3848  0 
 3849  0 
 3850  0 
 3851  0 
 3852  0 
 3853  0 
 3854  0 
 3855  0 
 3856  0 
 3857  0 
 3858  0 
 3859  0 
 3860  0 
 3861  0 
 3862  0 
 3863  0 
 3864  1 
 3865  0 
 3866  0 
 3867  2 
 3868  0 
 3869  0 
 3870  0 
 3871  0 
 3872  0 
 3873  0 
 3874  0 
 3875  0 
 3876  0 
 3877  1 
 3878  0 
 3879  0 
 3880  0 
 3881  1 
 3882  1 
 3883  0 
 3884  0 
 3885  0 
 3886  0 
 3887  0 
 3888  0 
 3889  1 
 3890  0 
 3891  0 
 3892  0 
 3893  0 
 3894  0 
 3895  0 
 3896  1 
 3897  1 
 3898  0 
 3899  0 
 3900  0 
 3901  0 
 3902  0 
 3903  1 
 3904  0 
 3905  0 
 3906  0 
 3907  1 
 3908  0 
 3909  0 
 3910  0 
 3911  1 
 3912  0 
 3913  0 
 3914  0 
 3915  1 
 3916  0 
 3917  0 
 3918  0 
 3919  0 
 3920  1 
 3921  0 
 3922  0 
 3923  0 
 3924  0 
 3925  1 
 3926  0 
 3927  0 
 3928  0 
 3929  0 
 3930  1 
 3931  0 
 3932  1 
 3933  0 
 3934  0 
 3935  0 
 3936  0 
 3937  0 
 3938  1 
 3939  0 
 3940  0 
 3941  0 
 3942  0 
 3943  0 
 3944  0 
 3945  0 
 3946  0 
 3947  0 
 3948  0 
 3949  0 
 3950  0 
 3951  0 
 3952  0 
 3953  0 
 3954  0 
 3955  0 
 3956  1 
 3957  1 
 3958  0 
 3959  0 
 3960  0 
 3961  0 
 3962  0 
 3963  0 
 3964  1 
 3965  0 
 3966  0 
 3967  0 
 3968  1 
 3969  0 
 3970  0 
 3971  0 
 3972  0 
 3973  0 
 3974  0 
 3975  0 
 3976  0 
 3977  0 
 3978  0 
 3979  0 
 3980  0 
 3981  0 
 3982  1 
 3983  0 
 3984  0 
 3985  0 
 3986  0 
 3987  0 
 3988  0 
 3989  0 
 3990  0 
 3991  0 
 3992  0 
 3993  0 
 3994  1 
 3995  0 
 3996  0 
 3997  0 
 3998  0 
 3999  0 
 4000  0 
 4001  0 
 4002  0 
 4003  0 
 4004  0 
 4005  0 
 4006  0 
 4007  0 
 4008  0 
 4009  0 
 4010  0 
 4011  0 
 4012  0 
 4013  0 
 4014  0 
 4015  0 
 4016  0 
 4017  0 
 4018  0 
 4019  1 
 4020  0 
 4021  0 
 4022  0 
 4023  0 
 4024  0 
 4025  0 
 4026  0 
 4027  0 
 4028  1 
 4029  0 
 4030  0 
 4031  0 
 4032  0 
 4033  0 
 4034  1 
 4035  0 
 4036  0 
 4037  0 
 4038  0 
 4039  0 
 4040  1 
 4041  0 
 4042  0 
 4043  0 
 4044  0 
 4045  0 
 4046  1 
 4047  0 
 4048  0 
 4049  0 
 4050  0 
 4051  0 
 4052  0 
 4053  0 
 4054  0 
 4055  1 
 4056  0 
 4057  0 
 4058  0 
 4059  0 
 4060  0 
 4061  0 
 4062  0 
 4063  0 
 4064  0 
 4065  0 
 4066  2 
 4067  1 
 4068  0 
 4069  0 
 4070  0 
 4071  0 
 4072  0 
 4073  0 
 4074  0 
 4075  0 
 4076  0 
 4077  0 
 4078  0 
 4079  1 
 4080  0 
 4081  0 
 4082  0 
 4083  0 
 4084  0 
 4085  0 
 4086  0 
 4087  0 
 4088  0 
 4089  0 
 4090  0 
 4091  0 
 4092  0 
 4093  0 
 4094  1 
 4095  0 
 4096  0 
 4097  0 
 4098  0 
 4099  0 
 4100  0 
 4101  0 
 4102  0 
 4103  0 
 4104  1 
 4105  1 
 4106  0 
 4107  0 
 4108  0 
 4109  0 
 4110  0 
 4111  0 
 4112  0 
 4113  0 
 4114  0 
 4115  0 
 4116  1 
 4117  0 
 4118  1 
 4119  0 
 4120  2 
 4121  0 
 4122  1 
 4123  0 
 4124  0 
 4125  0 
 4126  0 
 4127  0 
 4128  0 
 4129  1 
 4130  0 
 4131  0 
 4132  1 
 4133  0 
 4134  1 
 4135  0 
 4136  0 
 4137  0 
 4138  1 
 4139  0 
 4140  0 
 4141  0 
 4142  0 
 4143  1 
 4144  1 
 4145  0 
 4146  0 
 4147  0 
 4148  0 
 4149  0 
 4150  0 
 4151  0 
 4152  1 
 4153  1 
 4154  0 
 4155  0 
 4156  0 
 4157  0 
 4158  0 
 4159  0 
 4160  0 
 4161  0 
 4162  0 
 4163  0 
 4164  0 
 4165  0 
 4166  0 
 4167  0 
 4168  1 
 4169  1 
 4170  0 
 4171  0 
 4172  0 
 4173  0 
 4174  2 
 4175  0 
 4176  0 
 4177  0 
 4178  0 
 4179  0 
 4180  0 
 4181  0 
 4182  0 
 4183  0 
 4184  0 
 4185  0 
 4186  2 
 4187  0 
 4188  0 
 4189  0 
 4190  0 
 4191  0 
 4192  0 
 4193  0 
 4194  0 
 4195  1 
 4196  0 
 4197  0 
 4198  0 
 4199  0 
 4200  0 
 4201  0 
 4202  0 
 4203  0 
 4204  0 
 4205  0 
 4206  0 
 4207  0 
 4208  0 
 4209  0 
 4210  0 
 4211  0 
 4212  0 
 4213  0 
 4214  0 
 4215  1 
 4216  1 
 4217  0 
 4218  0 
 4219  0 
 4220  0 
 4221  0 
 4222  0 
 4223  1 
 4224  0 
 4225  0 
 4226  0 
 4227  0 
 4228  0 
 4229  0 
 4230  0 
 4231  0 
 4232  0 
 4233  0 
 4234  0 
 4235  0 
 4236  0 
 4237  1 
 4238  0 
 4239  0 
 4240  0 
 4241  0 
 4242  0 
 4243  0 
 4244  0 
 4245  1 
 4246  0 
 4247  0 
 4248  0 
 4249  0 
 4250  0 
 4251  0 
 4252  0 
 4253  1 
 4254  0 
 4255  0 
 4256  0 
 4257  0 
 4258  0 
 4259  0 
 4260  0 
 4261  0 
 4262  0 
 4263  0 
 4264  1 
 4265  0 
 4266  0 
 4267  0 
 4268  0 
 4269  0 
 4270  0 
 4271  0 
 4272  0 
 4273  0 
 4274  0 
 4275  0 
 4276  0 
 4277  0 
 4278  1 
 4279  0 
 4280  0 
 4281  0 
 4282  0 
 4283  1 
 4284  0 
 4285  0 
 4286  0 
 4287  0 
 4288  0 
 4289  0 
 4290  0 
 4291  0 
 4292  0 
 4293  0 
 4294  0 
 4295  0 
 4296  0 
 4297  0 
 4298  0 
 4299  0 
 4300  0 
 4301  0 
 4302  1 
 4303  0 
 4304  0 
 4305  0 
 4306  0 
 4307  0 
 4308  0 
 4309  0 
 4310  0 
 4311  1 
 4312  0 
 4313  0 
 4314  0 
 4315  0 
 4316  0 
 4317  0 
 4318  0 
 4319  0 
 4320  0 
 4321  0 
 4322  0 
 4323  0 
 4324  0 
 4325  0 
 4326  0 
 4327  0 
 4328  0 
 4329  1 
 4330  0 
 4331  0 
 4332  0 
 4333  1 
 4334  0 
 4335  0 
 4336  0 
 4337  0 
 4338  0 
 4339  0 
 4340  0 
 4341  0 
 4342  0 
 4343  0 
 4344  0 
 4345  0 
 4346  0 
 4347  0 
 4348  1 
 4349  0 
 4350  0 
 4351  0 
 4352  0 
 4353  0 
 4354  0 
 4355  0 
 4356  0 
 4357  0 
 4358  0 
 4359  0 
 4360  0 
 4361  0 
 4362  0 
 4363  0 
 4364  0 
 4365  0 
 4366  0 
 4367  0 
 4368  0 
 4369  0 
 4370  0 
 4371  0 
 4372  0 
 4373  0 
 4374  0 
 4375  0 
 4376  1 
 4377  0 
 4378  0 
 4379  0 
 4380  0 
 4381  0 
 4382  0 
 4383  0 
 4384  0 
 4385  0 
 4386  0 
 4387  0 
 4388  1 
 4389  0 
 4390  0 
 4391  0 
 4392  1 
 4393  0 
 4394  0 
 4395  0 
 4396  0 
 4397  1 
 4398  0 
 4399  0 
 4400  0 
 4401  0 
 4402  0 
 4403  0 
 4404  0 
 4405  1 
 4406  1 
 4407  0 
 4408  0 
 4409  0 
 4410  0 
 4411  0 
 4412  0 
 4413  0 
 4414  0 
 4415  0 
 4416  0 
 4417  0 
 4418  0 
 4419  1 
 4420  1 
 4421  0 
 4422  0 
 4423  0 
 4424  0 
 4425  0 
 4426  0 
 4427  0 
 4428  0 
 4429  0 
 4430  0 
 4431  0 
 4432  0 
 4433  0 
 4434  0 
 4435  0 
 4436  0 
 4437  0 
 4438  0 
 4439  1 
 4440  0 
 4441  0 
 4442  0 
 4443  0 
 4444  0 
 4445  0 
 4446  0 
 4447  0 
 4448  0 
 4449  0 
 4450  1 
 4451  0 
 4452  0 
 4453  0 
 4454  0 
 4455  0 
 4456  0 
 4457  1 
 4458  0 
 4459  0 
 4460  1 
 4461  0 
 4462  0 
 4463  0 
 4464  0 
 4465  0 
 4466  0 
 4467  0 
 4468  0 
 4469  0 
 4470  0 
 4471  0 
 4472  0 
 4473  0 
 4474  0 
 4475  0 
 4476  0 
 4477  0 
 4478  0 
 4479  0 
 4480  0 
 4481  0 
 4482  0 
 4483  0 
 4484  0 
 4485  1 
 4486  0 
 4487  0 
 4488  0 
 4489  0 
 4490  0 
 4491  1 
 4492  0 
 4493  0 
 4494  0 
 4495  0 
 4496  0 
 4497  0 
 4498  0 
 4499  0 
 4500  0 
 4501  0 
 4502  0 
 4503  0 
 4504  0 
 4505  0 
 4506  0 
 4507  0 
 4508  0 
 4509  0 
 4510  0 
 4511  0 
 4512  0 
 4513  0 
 4514  0 
 4515  0 
 4516  0 
 4517  0 
 4518  0 
 4519  0 
 4520  0 
 4521  0 
 4522  0 
 4523  0 
 4524  0 
 4525  0 
 4526  0 
 4527  0 
 4528  0 
 4529  0 
 4530  0 
 4531  0 
 4532  0 
 4533  0 
 4534  0 
 4535  0 
 4536  0 
 4537  0 
 4538  0 
 4539  0 
 4540  0 
 4541  0 
 4542  0 
 4543  0 
 4544  0 
 4545  0 
 4546  0 
 4547  0 
 4548  0 
 4549  1 
 4550  0 
 4551  0 
 4552  1 
 4553  1 
 4554  0 
 4555  0 
 4556  0 
 4557  0 
 4558  0 
 4559  0 
 4560  0 
 4561  0 
 4562  0 
 4563  0 
 4564  0 
 4565  0 
 4566  0 
 4567  0 
 4568  0 
 4569  0 
 4570  0 
 4571  0 
 4572  0 
 4573  0 
 4574  0 
 4575  0 
 4576  0 
 4577  0 
 4578  0 
 4579  1 
 4580  0 
 4581  0 
 4582  0 
 4583  0 
 4584  0 
 4585  0 
 4586  0 
 4587  0 
 4588  0 
 4589  0 
 4590  0 
 4591  0 
 4592  1 
 4593  0 
 4594  0 
 4595  1 
 4596  0 
 4597  0 
 4598  0 
 4599  0 
 4600  0 
 4601  0 
 4602  0 
 4603  1 
 4604  0 
 4605  0 
 4606  0 
 4607  0 
 4608  0 
 4609  0 
 4610  0 
 4611  0 
 4612  1 
 4613  1 
 4614  0 
 4615  0 
 4616  0 
 4617  0 
 4618  1 
 4619  0 
 4620  0 
 4621  0 
 4622  0 
 4623  0 
 4624  0 
 4625  0 
 4626  0 
 4627  0 
 4628  0 
 4629  0 
 4630  0 
 4631  0 
 4632  0 
 4633  0 
 4634  0 
 4635  0 
 4636  0 
 4637  0 
 4638  0 
 4639  0 
 4640  0 
 4641  0 
 4642  0 
 4643  0 
 4644  0 
 4645  2 
 4646  0 
 4647  0 
 4648  0 
 4649  0 
 4650  0 
 4651  0 
 4652  0 
 4653  0 
 4654  0 
 4655  0 
 4656  0 
 4657  0 
 4658  0 
 4659  0 
 4660  0 
 4661  0 
 4662  0 
 4663  0 
 4664  0 
 4665  0 
 4666  0 
 4667  0 
 4668  0 
 4669  0 
 4670  1 
 4671  0 
 4672  0 
 4673  0 
 4674  0 
 4675  0 
 4676  0 
 4677  0 
 4678  0 
 4679  0 
 4680  1 
 4681  0 
 4682  0 
 4683  0 
 4684  0 
 4685  0 
 4686  1 
 4687  0 
 4688  0 
 4689  0 
 4690  0 
 4691  0 
 4692  0 
 4693  0 
 4694  0 
 4695  0 
 4696  0 
 4697  0 
 4698  0 
 4699  0 
 4700  0 
 4701  0 
 4702  0 
 4703  0 
 4704  0 
 4705  0 
 4706  0 
 4707  0 
 4708  0 
 4709  0 
 4710  0 
 4711  1 
 4712  1 
 4713  1 
 4714  1 
 4715  0 
 4716  0 
 4717  0 
 4718  0 
 4719  0 
 4720  0 
 4721  0 
 4722  0 
 4723  1 
 4724  0 
 4725  0 
 4726  0 
 4727  0 
 4728  0 
 4729  0 
 4730  0 
 4731  0 
 4732  0 
 4733  0 
 4734  0 
 4735  0 
 4736  0 
 4737  0 
 4738  0 
 4739  0 
 4740  0 
 4741  0 
 4742  0 
 4743  1 
 4744  0 
 4745  0 
 4746  0 
 4747  0 
 4748  0 
 4749  0 
 4750  0 
 4751  0 
 4752  0 
 4753  1 
 4754  0 
 4755  0 
 4756  0 
 4757  0 
 4758  0 
 4759  1 
 4760  0 
 4761  0 
 4762  0 
 4763  0 
 4764  0 
 4765  0 
 4766  0 
 4767  0 
 4768  0 
 4769  0 
 4770  0 
 4771  0 
 4772  1 
 4773  0 
 4774  0 
 4775  0 
 4776  0 
 4777  0 
 4778  0 
 4779  0 
 4780  0 
 4781  0 
 4782  0 
 4783  1 
 4784  0 
 4785  0 
 4786  0 
 4787  1 
 4788  0 
 4789  0 
 4790  0 
 4791  0 
 4792  0 
 4793  0 
 4794  0 
 4795  0 
 4796  0 
 4797  0 
 4798  0 
 4799  0 
 4800  0 
 4801  0 
 4802  0 
 4803  0 
 4804  0 
 4805  0 
 4806  0 
 4807  0 
 4808  0 
 4809  1 
 4810  0 
 4811  0 
 4812  0 
 4813  0 
 4814  0 
 4815  0 
 4816  0 
 4817  0 
 4818  0 
 4819  0 
 4820  0 
 4821  0 
 4822  0 
 4823  0 
 4824  1 
 4825  0 
 4826  0 
 4827  0 
 4828  0 
 4829  0 
 4830  0 
 4831  0 
 4832  1 
 4833  0 
 4834  0 
 4835  0 
 4836  0 
 4837  0 
 4838  0 
 4839  0 
 4840  0 
 4841  0 
 4842  0 
 4843  0 
 4844  0 
 4845  0 
 4846  0 
 4847  0 
 4848  0 
 4849  0 
 4850  0 
 4851  0 
 4852  0 
 4853  0 
 4854  0 
 4855  0 
 4856  0 
 4857  0 
 4858  0 
 4859  0 
 4860  2 
 4861  0 
 4862  0 
 4863  0 
 4864  0 
 4865  0 
 4866  0 
 4867  0 
 4868  0 
 4869  0 
 4870  0 
 4871  0 
 4872  0 
 4873  0 
 4874  0 
 4875  0 
 4876  0 
 4877  0 
 4878  0 
 4879  0 
 4880  0 
 4881  0 
 4882  0 
 4883  0 
 4884  0 
 4885  0 
 4886  0 
 4887  0 
 4888  0 
 4889  0 
 4890  0 
 4891  0 
 4892  0 
 4893  0 
 4894  0 
 4895  0 
 4896  0 
 4897  0 
 4898  0 
 4899  0 
 4900  0 
 4901  0 
 4902  0 
 4903  0 
 4904  1 
 4905  0 
 4906  0 
 4907  0 
 4908  0 
 4909  0 
 4910  0 
 4911  0 
 4912  0 
 4913  0 
 4914  0 
 4915  0 
 4916  0 
 4917  0 
 4918  0 
 4919  0 
 4920  0 
 4921  0 
 4922  0 
 4923  0 
 4924  0 
 4925  0 
 4926  1 
 4927  0 
 4928  0 
 4929  0 
 4930  0 
 4931  0 
 4932  0 
 4933  0 
 4934  0 
 4935  0 
 4936  0 
 4937  0 
 4938  0 
 4939  0 
 4940  0 
 4941  0 
 4942  0 
 4943  0 
 4944  0 
 4945  0 
 4946  0 
 4947  0 
 4948  0 
 4949  0 
 4950  0 
 4951  0 
 4952  0 
 4953  0 
 4954  1 
 4955  0 
 4956  0 
 4957  0 
 4958  0 
 4959  0 
 4960  0 
 4961  0 
 4962  0 
 4963  0 
 4964  0 
 4965  0 
 4966  0 
 4967  0 
 4968  0 
 4969  0 
 4970  0 
 4971  0 
 4972  0 
 4973  0 
 4974  0 
 4975  0 
 4976  0 
 4977  0 
 4978  0 
 4979  0 
 4980  0 
 4981  0 
 4982  0 
 4983  0 
 4984  1 
 4985  0 
 4986  0 
 4987  0 
 4988  0 
 4989  0 
 4990  0 
 4991  0 
 4992  0 
 4993  0 
 4994  0 
 4995  0 
 4996  0 
 4997  0 
 4998  0 
 4999  0 
 5000  0 
 5001  0 
 5002  0 
 5003  0 
 5004  0 
 5005  1 
 5006  0 
 5007  0 
 5008  0 
 5009  0 
 5010  0 
 5011  0 
 5012  0 
 5013  0 
 5014  0 
 5015  0 
 5016  0 
 5017  0 
 5018  0 
 5019  1 
 5020  0 
 5021  0 
 5022  0 
 5023  0 
 5024  0 
 5025  0 
 5026  0 
 5027  0 
 5028  0 
 5029  0 
 5030  0 
 5031  0 
 5032  0 
 5033  0 
 5034  0 
 5035  0 
 5036  1 
 5037  0 
 5038  0 
 5039  0 
 5040  0 
 5041  0 
 5042  0 
 5043  0 
 5044  0 
 5045  0 
 5046  0 
 5047  0 
 5048  0 
 5049  0 
 5050  0 
 5051  0 
 5052  0 
 5053  1 
 5054  0 
 5055  0 
 5056  0 
 5057  0 
 5058  0 
 5059  0 
 5060  0 
 5061  0 
 5062  1 
 5063  0 
 5064  0 
 5065  0 
 5066  0 
 5067  0 
 5068  0 
 5069  0 
 5070  0 
 5071  0 
 5072  0 
 5073  0 
 5074  0 
 5075  0 
 5076  0 
 5077  1 
 5078  0 
 5079  0 
 5080  0 
 5081  0 
 5082  0 
 5083  0 
 5084  0 
 5085  0 
 5086  0 
 5087  0 
 5088  0 
 5089  0 
 5090  1 
 5091  0 
 5092  0 
 5093  0 
 5094  0 
 5095  0 
 5096  0 
 5097  0 
 5098  1 
 5099  1 
 5100  0 
 5101  0 
 5102  0 
 5103  0 
 5104  0 
 5105  0 
 5106  0 
 5107  0 
 5108  0 
 5109  0 
 5110  1 
 5111  0 
 5112  0 
 5113  0 
 5114  1 
 5115  0 
 5116  0 
 5117  1 
 5118  1 
 5119  0 
 5120  0 
 5121  0 
 5122  0 
 5123  0 
 5124  0 
 5125  0 
 5126  0 
 5127  0 
 5128  0 
 5129  0 
 5130  0 
 5131  0 
 5132  0 
 5133  0 
 5134  0 
 5135  0 
 5136  0 
 5137  0 
 5138  0 
 5139  0 
 5140  0 
 5141  0 
 5142  0 
 5143  0 
 5144  0 
 5145  0 
 5146  0 
 5147  1 
 5148  0 
 5149  0 
 5150  0 
 5151  0 
 5152  0 
 5153  0 
 5154  0 
 5155  0 
 5156  0 
 5157  0 
 5158  0 
 5159  0 
 5160  0 
 5161  0 
 5162  1 
 5163  0 
 5164  0 
 5165  0 
 5166  0 
 5167  0 
 5168  0 
 5169  0 
 5170  0 
 5171  0 
 5172  0 
 5173  1 
 5174  0 
 5175  0 
 5176  0 
 5177  1 
 5178  0 
 5179  0 
 5180  0 
 5181  0 
 5182  0 
 5183  1 
 5184  0 
 5185  0 
 5186  0 
 5187  0 
 5188  0 
 5189  0 
 5190  0 
 5191  0 
 5192  0 
 5193  0 
 5194  0 
 5195  0 
 5196  0 
 5197  0 
 5198  0 
 5199  0 
 5200  0 
 5201  0 
 5202  0 
 5203  0 
 5204  0 
 5205  0 
 5206  2 
 5207  1 
 5208  0 
 5209  1 
 5210  0 
 5211  0 
 5212  0 
 5213  0 
 5214  0 
 5215  0 
 5216  1 
 5217  0 
 5218  0 
 5219  0 
 5220  0 
 5221  0 
 5222  0 
 5223  0 
 5224  0 
 5225  0 
 5226  0 
 5227  0 
 5228  0 
 5229  2 
 5230  0 
 5231  0 
 5232  1 
 5233  0 
 5234  1 
 5235  2 
 5236  0 
 5237  1 
 5238  0 
 5239  0 
 5240  1 
 5241  1 
 5242  0 
 5243  1 
 5244  0 
 5245  0 
 5246  0 
 5247  0 
 5248  1 
 5249  0 
 5250  2 
 5251  1 
 5252  0 
 5253  0 
 5254  2 
 5255  0 
 5256  0 
 5257  0 
 5258  0 
 5259  0 
 5260  0 
 5261  0 
 5262  0 
 5263  1 
 5264  0 
 5265  0 
 5266  0 
 5267  0 
 5268  0 
 5269  2 
 5270  2 
 5271  0 
 5272  0 
 5273  0 
 5274  0 
 5275  1 
 5276  0 
 5277  0 
 5278  0 
 5279  1 
 5280  0 
 5281  0 
 5282  1 
 5283  0 
 5284  0 
 5285  0 
 5286  1 
 5287  0 
 5288  1 
 5289  1 
 5290  1 
 5291  1 
 5292  0 
 5293  0 
 5294  0 
 5295  0 
 5296  1 
 5297  0 
 5298  1 
 5299  1 
 5300  0 
 5301  1 
 5302  1 
 5303  0 
 5304  0 
 5305  2 
 5306  1 
 5307  0 
 5308  0 
 5309  0 
 5310  1 
 5311  0 
 5312  1 
 5313  1 
 5314  1 
 5315  0 
 5316  2 
 5317  2 
 5318  1 
 5319  0 
 5320  2 
 5321  0 
 5322  0 
 5323  0 
 5324  0 
 5325  0 
 5326  0 
 5327  1 
 5328  0 
 5329  0 
 5330  1 
 5331  0 
 5332  0 
 5333  0 
 5334  0 
 5335  1 
 5336  1 
 5337  0 
 5338  0 
 5339  1 
 5340  1 
 5341  0 
 5342  0 
 5343  0 
 5344  1 
 5345  0 
 5346  0 
 5347  0 
 5348  0 
 5349  0 
 5350  0 
 5351  0 
 5352  0 
 5353  0 
 5354  1 
 5355  1 
 5356  0 
 5357  2 
 5358  0 
 5359  2 
 5360  0 
 5361  0 
 5362  0 
 5363  2 
 5364  0 
 5365  0 
 5366  1 
 5367  3 
 5368  0 
 5369  0 
 5370  1 
 5371  0 
 5372  0 
 5373  0 
 5374  0 
 5375  0 
 5376  0 
 5377  0 
 5378  1 
 5379  0 
 5380  0 
 5381  0 
 5382  1 
 5383  0 
 5384  0 
 5385  1 
 5386  1 
 5387  0 
 5388  0 
 5389  0 
 5390  1 
 5391  0 
 5392  0 
 5393  0 
 5394  0 
 5395  0 
 5396  0 
 5397  0 
 5398  1 
 5399  0 
 5400  0 
 5401  0 
 5402  0 
 5403  0 
 5404  0 
 5405  0 
 5406  1 
 5407  0 
 5408  0 
 5409  1 
 5410  0 
 5411  1 
 5412  0 
 5413  0 
 5414  1 
 5415  0 
 5416  0 
 5417  0 
 5418  0 
 5419  1 
 5420  0 
 5421  0 
 5422  0 
 5423  0 
 5424  0 
 5425  0 
 5426  1 
 5427  0 
 5428  0 
 5429  0 
 5430  0 
 5431  1 
 5432  1 
 5433  0 
 5434  0 
 5435  0 
 5436  0 
 5437  0 
 5438  0 
 5439  0 
 5440  0 
 5441  1 
 5442  0 
 5443  1 
 5444  0 
 5445  0 
 5446  0 
 5447  0 
 5448  0 
 5449  0 
 5450  1 
 5451  0 
 5452  0 
 5453  0 
 5454  0 
 5455  0 
 5456  0 
 5457  0 
 5458  1 
 5459  1 
 5460  0 
 5461  0 
 5462  0 
 5463  0 
 5464  1 
 5465  0 
 5466  0 
 5467  0 
 5468  0 
 5469  0 
 5470  0 
 5471  0 
 5472  0 
 5473  0 
 5474  0 
 5475  0 
 5476  0 
 5477  1 
 5478  2 
 5479  0 
 5480  0 
 5481  0 
 5482  0 
 5483  0 
 5484  0 
 5485  0 
 5486  0 
 5487  0 
 5488  0 
 5489  0 
 5490  0 
 5491  0 
 5492  0 
 5493  0 
 5494  0 
 5495  1 
 5496  0 
 5497  0 
 5498  1 
 5499  0 
 5500  0 
 5501  0 
 5502  0 
 5503  0 
 5504  0 
 5505  0 
 5506  0 
 5507  0 
 5508  0 
 5509  0 
 5510  0 
 5511  0 
 5512  1 
 5513  0 
 5514  1 
 5515  1 
 5516  1 
 5517  0 
 5518  1 
 5519  0 
 5520  0 
 5521  0 
 5522  0 
 5523  0 
 5524  0 
 5525  0 
 5526  0 
 5527  0 
 5528  0 
 5529  0 
 5530  0 
 5531  0 
 5532  0 
 5533  0 
 5534  0 
 5535  0 
 5536  0 
 5537  0 
 5538  0 
 5539  0 
 5540  0 
 5541  0 
 5542  0 
 5543  0 
 5544  0 
 5545  0 
 5546  0 
 5547  1 
 5548  1 
 5549  0 
 5550  0 
 5551  0 
 5552  1 
 5553  0 
 5554  0 
 5555  0 
 5556  1 
 5557  0 
 5558  0 
 5559  0 
 5560  0 
 5561  0 
 5562  0 
 5563  0 
 5564  0 
 5565  0 
 5566  0 
 5567  0 
 5568  0 
 5569  0 
 5570  0 
 5571  1 
 5572  0 
 5573  1 
 5574  0 
 5575  0 
 5576  0 
 5577  0 
 5578  0 
 5579  0 
 5580  1 
 5581  0 
 5582  0 
 5583  0 
 5584  0 
 5585  0 
 5586  0 
 5587  0 
 5588  0 
 5589  0 
 5590  0 
 5591  0 
 5592  0 
 5593  0 
 5594  1 
 5595  0 
 5596  0 
 5597  0 
 5598  0 
 5599  0 
 5600  0 
 5601  0 
 5602  0 
 5603  0 
 5604  0 
 5605  0 
 5606  0 
 5607  1 
 5608  0 
 5609  0 
 5610  1 
 5611  0 
 5612  0 
 5613  0 
 5614  0 
 5615  0 
 5616  0 
 5617  1 
 5618  0 
 5619  0 
 5620  0 
 5621  0 
 5622  0 
 5623  0 
 5624  0 
 5625  0 
 5626  0 
 5627  0 
 5628  0 
 5629  0 
 5630  0 
 5631  0 
 5632  0 
 5633  0 
 5634  0 
 5635  0 
 5636  0 
 5637  0 
 5638  0 
 5639  0 
 5640  0 
 5641  1 
 5642  0 
 5643  0 
 5644  0 
 5645  1 
 5646  0 
 5647  1 
 5648  0 
 5649  0 
 5650  0 
 5651  0 
 5652  0 
 5653  0 
 5654  0 
 5655  0 
 5656  0 
 5657  0 
 5658  1 
 5659  0 
 5660  0 
 5661  0 
 5662  0 
 5663  0 
 5664  0 
 5665  0 
 5666  0 
 5667  0 
 5668  0 
 5669  0 
 5670  0 
 5671  0 
 5672  0 
 5673  0 
 5674  0 
 5675  0 
 5676  0 
 5677  0 
 5678  0 
 5679  0 
 5680  1 
 5681  0 
 5682  0 
 5683  0 
 5684  0 
 5685  0 
 5686  0 
 5687  0 
 5688  0 
 5689  0 
 5690  0 
 5691  0 
 5692  0 
 5693  0 
 5694  0 
 5695  0 
 5696  0 
 5697  0 
 5698  0 
 5699  0 
 5700  0 
 5701  0 
 5702  0 
 5703  0 
 5704  0 
 5705  0 
 5706  0 
 5707  1 
 5708  0 
 5709  0 
 5710  0 
 5711  0 
 5712  0 
 5713  0 
 5714  0 
 5715  0 
 5716  0 
 5717  0 
 5718  0 
 5719  0 
 5720  0 
 5721  1 
 5722  0 
 5723  0 
 5724  0 
 5725  0 
 5726  0 
 5727  0 
 5728  0 
 5729  1 
 5730  1 
 5731  0 
 5732  0 
 5733  1 
 5734  0 
 5735  0 
 5736  0 
 5737  0 
 5738  0 
 5739  1 
 5740  0 
 5741  0 
 5742  0 
 5743  0 
 5744  0 
 5745  0 
 5746  0 
 5747  0 
 5748  0 
 5749  0 
 5750  0 
 5751  0 
 5752  0 
 5753  0 
 5754  0 
 5755  0 
 5756  0 
 5757  0 
 5758  0 
 5759  0 
 5760  0 
 5761  0 
 5762  0 
 5763  1 
 5764  0 
 5765  0 
 5766  0 
 5767  0 
 5768  0 
 5769  0 
 5770  0 
 5771  0 
 5772  0 
 5773  0 
 5774  0 
 5775  0 
 5776  0 
 5777  0 
 5778  1 
 5779  0 
 5780  0 
 5781  1 
 5782  1 
 5783  1 
 5784  0 
 5785  0 
 5786  0 
 5787  0 
 5788  0 
 5789  0 
 5790  0 
 5791  0 
 5792  0 
 5793  0 
 5794  0 
 5795  0 
 5796  0 
 5797  0 
 5798  0 
 5799  0 
 5800  0 
 5801  1 
 5802  0 
 5803  0 
 5804  0 
 5805  0 
 5806  0 
 5807  0 
 5808  0 
 5809  0 
 5810  0 
 5811  0 
 5812  0 
 5813  0 
 5814  0 
 5815  0 
 5816  0 
 5817  0 
 5818  0 
 5819  0 
 5820  0 
 5821  0 
 5822  0 
 5823  0 
 5824  0 
 5825  0 
 5826  0 
 5827  0 
 5828  0 
 5829  0 
 5830  0 
 5831  0 
 5832  0 
 5833  0 
 5834  0 
 5835  0 
 5836  0 
 5837  0 
 5838  0 
 5839  0 
 5840  0 
 5841  0 
 5842  0 
 5843  0 
 5844  0 
 5845  0 
 5846  0 
 5847  0 
 5848  0 
 5849  0 
 5850  0 
 5851  0 
 5852  0 
 5853  0 
 5854  0 
 5855  1 
 5856  0 
 5857  0 
 5858  0 
 5859  1 
 5860  0 
 5861  0 
 5862  0 
 5863  1 
 5864  0 
 5865  0 
 5866  0 
 5867  0 
 5868  0 
 5869  0 
 5870  1 
 5871  0 
 5872  0 
 5873  0 
 5874  0 
 5875  0 
 5876  0 
 5877  0 
 5878  0 
 5879  0 
 5880  0 
 5881  0 
 5882  0 
 5883  0 
 5884  0 
 5885  0 
 5886  0 
 5887  0 
 5888  0 
 5889  0 
 5890  0 
 5891  0 
 5892  0 
 5893  0 
 5894  0 
 5895  1 
 5896  0 
 5897  0 
 5898  0 
 5899  0 
 5900  0 
 5901  0 
 5902  0 
 5903  0 
 5904  0 
 5905  0 
 5906  0 
 5907  0 
 5908  1 
 5909  0 
 5910  0 
 5911  1 
 5912  0 
 5913  0 
 5914  0 
 5915  0 
 5916  0 
 5917  0 
 5918  0 
 5919  0 
 5920  1 
 5921  0 
 5922  0 
 5923  0 
 5924  0 
 5925  0 
 5926  0 
 5927  0 
 5928  0 
 5929  0 
 5930  0 
 5931  0 
 5932  0 
 5933  0 
 5934  0 
 5935  0 
 5936  0 
 5937  0 
 5938  0 
 5939  0 
 5940  0 
 5941  1 
 5942  0 
 5943  0 
 5944  0 
 5945  0 
 5946  0 
 5947  0 
 5948  0 
 5949  0 
 5950  0 
 5951  0 
 5952  0 
 5953  0 
 5954  0 
 5955  0 
 5956  0 
 5957  0 
 5958  0 
 5959  0 
 5960  0 
 5961  0 
 5962  0 
 5963  0 
 5964  0 
 5965  0 
 5966  0 
 5967  0 
 5968  0 
 5969  0 
 5970  0 
 5971  1 
 5972  0 
 5973  0 
 5974  0 
 5975  0 
 5976  0 
 5977  0 
 5978  0 
 5979  0 
 5980  0 
 5981  0 
 5982  0 
 5983  0 
 5984  0 
 5985  0 
 5986  0 
 5987  0 
 5988  0 
 5989  0 
 5990  0 
 5991  0 
 5992  0 
 5993  0 
 5994  0 
 5995  0 
 5996  0 
 5997  0 
 5998  0 
 5999  0 
 6000  0 
 6001  0 
 6002  0 
 6003  0 
 6004  0 
 6005  0 
 6006  0 
 6007  1 
 6008  0 
 6009  0 
 6010  0 
 6011  0 
 6012  0 
 6013  0 
 6014  0 
 6015  0 
 6016  0 
 6017  0 
 6018  0 
 6019  0 
 6020  0 
 6021  0 
 6022  0 
 6023  0 
 6024  0 
 6025  0 
 6026  0 
 6027  0 
 6028  0 
 6029  0 
 6030  0 
 6031  1 
 6032  1 
 6033  0 
 6034  0 
 6035  0 
 6036  0 
 6037  0 
 6038  0 
 6039  0 
 6040  1 
 6041  0 
 6042  1 
 6043  0 
 6044  0 
 6045  0 
 6046  0 
 6047  0 
 6048  0 
 6049  0 
 6050  0 
 6051  0 
 6052  0 
 6053  0 
 6054  0 
 6055  0 
 6056  0 
 6057  0 
 6058  0 
 6059  0 
 6060  0 
 6061  0 
 6062  0 
 6063  0 
 6064  1 
 6065  0 
 6066  0 
 6067  0 
 6068  0 
 6069  0 
 6070  1 
 6071  0 
 6072  0 
 6073  0 
 6074  0 
 6075  0 
 6076  0 
 6077  0 
 6078  0 
 6079  0 
 6080  0 
 6081  0 
 6082  0 
 6083  0 
 6084  0 
 6085  0 
 6086  0 
 6087  0 
 6088  0 
 6089  0 
 6090  0 
 6091  0 
 6092  0 
 6093  0 
 6094  0 
 6095  0 
 6096  0 
 6097  0 
 6098  0 
 6099  1 
 6100  0 
 6101  3 
 6102  0 
 6103  0 
 6104  0 
 6105  0 
 6106  0 
 6107  1 
 6108  0 
 6109  0 
 6110  0 
 6111  0 
 6112  0 
 6113  0 
 6114  0 
 6115  0 
 6116  0 
 6117  0 
 6118  0 
 6119  0 
 6120  0 
 6121  0 
 6122  0 
 6123  0 
 6124  0 
 6125  0 
 6126  1 
 6127  0 
 6128  0 
 6129  0 
 6130  0 
 6131  0 
 6132  0 
 6133  0 
 6134  0 
 6135  0 
 6136  0 
 6137  0 
 6138  0 
 6139  0 
 6140  0 
 6141  0 
 6142  0 
 6143  1 
 6144  0 
 6145  0 
 6146  0 
 6147  0 
 6148  0 
 6149  0 
 6150  0 
 6151  0 
 6152  0 
 6153  0 
 6154  0 
 6155  0 
 6156  0 
 6157  1 
 6158  0 
 6159  1 
 6160  0 
 6161  0 
 6162  0 
 6163  0 
 6164  0 
 6165  0 
 6166  0 
 6167  0 
 6168  0 
 6169  0 
 6170  0 
 6171  1 
 6172  0 
 6173  0 
 6174  0 
 6175  0 
 6176  1 
 6177  0 
 6178  0 
 6179  0 
 6180  2 
 6181  0 
 6182  0 
 6183  0 
 6184  0 
 6185  0 
 6186  0 
 6187  0 
 6188  1 
 6189  0 
 6190  1 
 6191  0 
 6192  0 
 6193  0 
 6194  0 
 6195  1 
 6196  0 
 6197  0 
 6198  0 
 6199  1 
 6200  0 
 6201  0 
 6202  0 
 6203  0 
 6204  0 
 6205  1 
 6206  0 
 6207  0 
 6208  0 
 6209  0 
 6210  0 
 6211  0 
 6212  1 
 6213  0 
 6214  0 
 6215  0 
 6216  0 
 6217  0 
 6218  0 
 6219  0 
 6220  0 
 6221  0 
 6222  0 
 6223  0 
 6224  0 
 6225  0 
 6226  0 
 6227  0 
 6228  0 
 6229  0 
 6230  0 
 6231  0 
 6232  0 
 6233  0 
 6234  0 
 6235  0 
 6236  0 
 6237  0 
 6238  0 
 6239  0 
 6240  0 
 6241  0 
 6242  0 
 6243  0 
 6244  0 
 6245  0 
 6246  0 
 6247  0 
 6248  0 
 6249  0 
 6250  0 
 6251  0 
 6252  0 
 6253  0 
 6254  1 
 6255  0 
 6256  0 
 6257  0 
 6258  0 
 6259  0 
 6260  0 
 6261  0 
 6262  1 
 6263  0 
 6264  0 
 6265  0 
 6266  0 
 6267  0 
 6268  0 
 6269  0 
 6270  1 
 6271  1 
 6272  0 
 6273  0 
 6274  0 
 6275  0 
 6276  1 
 6277  0 
 6278  0 
 6279  0 
 6280  0 
 6281  0 
 6282  0 
 6283  0 
 6284  0 
 6285  0 
 6286  0 
 6287  0 
 6288  0 
 6289  0 
 6290  0 
 6291  0 
 6292  0 
 6293  0 
 6294  0 
 6295  0 
 6296  0 
 6297  0 
 6298  0 
 6299  0 
 6300  0 
 6301  0 
 6302  0 
 6303  0 
 6304  0 
 6305  0 
 6306  0 
 6307  0 
 6308  0 
 6309  1 
 6310  1 
 6311  0 
 6312  0 
 6313  0 
 6314  0 
 6315  1 
 6316  0 
 6317  0 
 6318  0 
 6319  0 
 6320  1 
 6321  0 
 6322  0 
 6323  0 
 6324  0 
 6325  0 
 6326  0 
 6327  0 
 6328  0 
 6329  0 
 6330  0 
 6331  0 
 6332  1 
 6333  0 
 6334  0 
 6335  0 
 6336  0 
 6337  1 
 6338  0 
 6339  0 
 6340  0 
 6341  0 
 6342  0 
 6343  1 
 6344  0 
 6345  2 
 6346  0 
 6347  0 
 6348  0 
 6349  0 
 6350  0 
 6351  0 
 6352  0 
 6353  0 
 6354  0 
 6355  0 
 6356  0 
 6357  0 
 6358  0 
 6359  1 
 6360  0 
 6361  1 
 6362  1 
 6363  0 
 6364  0 
 6365  0 
 6366  0 
 6367  0 
 6368  1 
 6369  0 
 6370  0 
 6371  0 
 6372  0 
 6373  0 
 6374  0 
 6375  0 
 6376  0 
 6377  0 
 6378  0 
 6379  0 
 6380  0 
 6381  0 
 6382  0 
 6383  0 
 6384  0 
 6385  0 
 6386  0 
 6387  0 
 6388  0 
 6389  0 
 6390  0 
 6391  1 
 6392  0 
 6393  1 
 6394  0 
 6395  0 
 6396  0 
 6397  0 
 6398  0 
 6399  0 
 6400  0 
 6401  0 
 6402  3 
 6403  0 
 6404  0 
 6405  0 
 6406  0 
 6407  0 
 6408  0 
 6409  0 
 6410  0 
 6411  0 
 6412  0 
 6413  0 
 6414  1 
 6415  1 
 6416  0 
 6417  0 
 6418  1 
 6419  1 
 6420  0 
 6421  1 
 6422  0 
 6423  0 
 6424  0 
 6425  0 
 6426  2 
 6427  0 
 6428  0 
 6429  0 
 6430  0 
 6431  0 
 6432  0 
 6433  0 
 6434  1 
 6435  0 
 6436  0 
 6437  0 
 6438  0 
 6439  0 
 6440  0 
 6441  0 
 6442  0 
 6443  0 
 6444  1 
 6445  0 
 6446  0 
 6447  0 
 6448  0 
 6449  0 
 6450  0 
 6451  0 
 6452  0 
 6453  0 
 6454  0 
 6455  0 
 6456  0 
 6457  0 
 6458  0 
 6459  0 
 6460  0 
 6461  0 
 6462  0 
 6463  0 
 6464  0 
 6465  0 
 6466  0 
 6467  0 
 6468  0 
 6469  0 
 6470  0 
 6471  0 
 6472  0 
 6473  0 
 6474  0 
 6475  0 
 6476  0 
 6477  0 
 6478  0 
 6479  0 
 6480  0 
 6481  1 
 6482  0 
 6483  0 
 6484  0 
 6485  0 
 6486  0 
 6487  0 
 6488  0 
 6489  0 
 6490  0 
 6491  0 
 6492  0 
 6493  1 
 6494  0 
 6495  0 
 6496  0 
 6497  1 
 6498  0 
 6499  1 
 6500  1 
 6501  0 
 6502  0 
 6503  0 
 6504  0 
 6505  0 
 6506  0 
 6507  0 
 6508  0 
 6509  0 
 6510  0 
 6511  0 
 6512  0 
 6513  0 
 6514  0 
 6515  0 
 6516  0 
 6517  0 
 6518  0 
 6519  0 
 6520  0 
 6521  0 
 6522  0 
 6523  0 
 6524  0 
 6525  0 
 6526  0 
 6527  0 
 6528  0 
 6529  0 
 6530  0 
 6531  0 
 6532  0 
 6533  0 
 6534  0 
 6535  0 
 6536  0 
 6537  0 
 6538  0 
 6539  0 
 6540  1 
 6541  0 
 6542  0 
 6543  0 
 6544  0 
 6545  0 
 6546  0 
 6547  0 
 6548  0 
 6549  0 
 6550  0 
 6551  0 
 6552  1 
 6553  0 
 6554  0 
 6555  0 
 6556  0 
 6557  0 
 6558  0 
 6559  0 
 6560  0 
 6561  0 
 6562  0 
 6563  0 
 6564  0 
 6565  0 
 6566  0 
 6567  0 
 6568  0 
 6569  0 
 6570  0 
 6571  0 
 6572  0 
 6573  0 
 6574  0 
 6575  0 
 6576  1 
 6577  0 
 6578  0 
 6579  1 
 6580  0 
 6581  0 
 6582  1 
 6583  0 
 6584  0 
 6585  0 
 6586  0 
 6587  0 
 6588  0 
 6589  1 
 6590  0 
 6591  0 
 6592  0 
 6593  0 
 6594  0 
 6595  0 
 6596  0 
 6597  1 
 6598  0 
 6599  0 
 6600  0 
 6601  0 
 6602  0 
 6603  0 
 6604  0 
 6605  0 
 6606  0 
 6607  0 
 6608  0 
 6609  0 
 6610  0 
 6611  0 
 6612  1 
 6613  0 
 6614  0 
 6615  0 
 6616  1 
 6617  0 
 6618  0 
 6619  0 
 6620  0 
 6621  0 
 6622  0 
 6623  1 
 6624  0 
 6625  0 
 6626  0 
 6627  0 
 6628  0 
 6629  0 
 6630  1 
 6631  0 
 6632  0 
 6633  0 
 6634  1 
 6635  0 
 6636  0 
 6637  0 
 6638  0 
 6639  0 
 6640  0 
 6641  0 
 6642  0 
 6643  0 
 6644  0 
 6645  0 
 6646  0 
 6647  0 
 6648  1 
 6649  1 
 6650  0 
 6651  1 
 6652  0 
 6653  0 
 6654  0 
 6655  0 
 6656  0 
 6657  1 
 6658  0 
 6659  0 
 6660  0 
 6661  0 
 6662  0 
 6663  0 
 6664  1 
 6665  0 
 6666  1 
 6667  0 
 6668  0 
 6669  0 
 6670  0 
 6671  1 
 6672  0 
 6673  1 
 6674  0 
 6675  0 
 6676  0 
 6677  0 
 6678  1 
 6679  0 
 6680  0 
 6681  0 
 6682  0 
 6683  0 
 6684  0 
 6685  0 
 6686  0 
 6687  0 
 6688  0 
 6689  0 
 6690  0 
 6691  0 
 6692  0 
 6693  0 
 6694  0 
 6695  0 
 6696  0 
 6697  0 
 6698  0 
 6699  0 
 6700  0 
 6701  0 
 6702  0 
 6703  0 
 6704  0 
 6705  0 
 6706  0 
 6707  0 
 6708  0 
 6709  0 
 6710  0 
 6711  0 
 6712  0 
 6713  0 
 6714  0 
 6715  0 
 6716  0 
 6717  0 
 6718  0 
 6719  0 
 6720  0 
 6721  0 
 6722  1 
 6723  0 
 6724  0 
 6725  0 
 6726  0 
 6727  0 
 6728  0 
 6729  0 
 6730  0 
 6731  0 
 6732  0 
 6733  0 
 6734  0 
 6735  0 
 6736  0 
 6737  0 
 6738  0 
 6739  0 
 6740  0 
 6741  0 
 6742  0 
 6743  0 
 6744  0 
 6745  0 
 6746  0 
 6747  0 
 6748  0 
 6749  0 
 6750  0 
 6751  0 
 6752  0 
 6753  0 
 6754  0 
 6755  0 
 6756  0 
 6757  0 
 6758  0 
 6759  0 
 6760  0 
 6761  0 
 6762  0 
 6763  0 
 6764  0 
 6765  0 
 6766  0 
 6767  0 
 6768  0 
 6769  0 
 6770  0 
 6771  0 
 6772  0 
 6773  0 
 6774  0 
 6775  1 
 6776  0 
 6777  0 
 6778  0 
 6779  0 
 6780  0 
 6781  0 
 6782  0 
 6783  0 
 6784  0 
 6785  1 
 6786  0 
 6787  0 
 6788  0 
 6789  0 
 6790  0 
 6791  0 
 6792  0 
 6793  0 
 6794  0 
 6795  0 
 6796  0 
 6797  0 
 6798  0 
 6799  0 
 6800  0 
 6801  0 
 6802  0 
 6803  0 
 6804  0 
 6805  0 
 6806  1 
 6807  0 
 6808  1 
 6809  0 
 6810  0 
 6811  0 
 6812  0 
 6813  0 
 6814  0 
 6815  0 
 6816  0 
 6817  0 
 6818  0 
 6819  0 
 6820  0 
 6821  0 
 6822  0 
 6823  0 
 6824  0 
 6825  0 
 6826  0 
 6827  0 
 6828  0 
 6829  0 
 6830  0 
 6831  0 
 6832  0 
 6833  0 
 6834  0 
 6835  0 
 6836  1 
 6837  0 
 6838  0 
 6839  0 
 6840  0 
 6841  0 
 6842  0 
 6843  0 
 6844  0 
 6845  0 
 6846  0 
 6847  0 
 6848  0 
 6849  0 
 6850  0 
 6851  0 
 6852  0 
 6853  0 
 6854  0 
 6855  0 
 6856  1 
 6857  0 
 6858  0 
 6859  0 
 6860  0 
 6861  0 
 6862  0 
 6863  0 
 6864  0 
 6865  0 
 6866  0 
 6867  0 
 6868  0 
 6869  0 
 6870  0 
 6871  0 
 6872  0 
 6873  0 
 6874  0 
 6875  0 
 6876  0 
 6877  0 
 6878  0 
 6879  0 
 6880  0 
 6881  0 
 6882  0 
 6883  0 
 6884  0 
 6885  1 
 6886  0 
 6887  0 
 6888  0 
 6889  0 
 6890  1 
 6891  0 
 6892  1 
 6893  0 
 6894  0 
 6895  0 
 6896  0 
 6897  0 
 6898  1 
 6899  0 
 6900  0 
 6901  0 
 6902  1 
 6903  0 
 6904  1 
 6905  0 
 6906  0 
 6907  1 
 6908  0 
 6909  0 
 6910  0 
 6911  0 
 6912  0 
 6913  0 
 6914  0 
 6915  1 
 6916  0 
 6917  0 
 6918  0 
 6919  0 
 6920  0 
 6921  2 
 6922  0 
 6923  0 
 6924  0 
 6925  0 
 6926  1 
 6927  0 
 6928  1 
 6929  0 
 6930  0 
 6931  1 
 6932  0 
 6933  0 
 6934  0 
 6935  0 
 6936  0 
 6937  0 
 6938  1 
 6939  0 
 6940  2 
 6941  0 
 6942  0 
 6943  0 
 6944  0 
 6945  0 
 6946  1 
 6947  0 
 6948  2 
 6949  0 
 6950  0 
 6951  1 
 6952  1 
 6953  0 
 6954  1 
 6955  0 
 6956  1 
 6957  0 
 6958  1 
 6959  0 
 6960  0 
 6961  2 
 6962  1 
 6963  0 
 6964  1 
 6965  1 
 6966  0 
 6967  1 
 6968  0 
 6969  1 
 6970  0 
 6971  0 
 6972  0 
 6973  1 
 6974  0 
 6975  0 
 6976  1 
 6977  0 
 6978  2 
 6979  0 
 6980  1 
 6981  0 
 6982  1 
 6983  0 
 6984  2 
 6985  0 
 6986  1 
 6987  0 
 6988  0 
 6989  0 
 6990  0 
 6991  0 
 6992  0 
 6993  0 
 6994  0 
 6995  0 
 6996  2 
 6997  0 
 6998  1 
 6999  0 
 7000  0 
 7001  0 
 7002  1 
 7003  0 
 7004  0 
 7005  0 
 7006  2 
 7007  0 
 7008  2 
 7009  0 
 7010  0 
 7011  0 
 7012  0 
 7013  1 
 7014  0 
 7015  1 
 7016  0 
 7017  0 
 7018  0 
 7019  0 
 7020  1 
 7021  1 
 7022  0 
 7023  1 
 7024  0 
 7025  1 
 7026  0 
 7027  0 
 7028  0 
 7029  0 
 7030  1 
 7031  1 
 7032  1 
 7033  1 
 7034  0 
 7035  0 
 7036  0 
 7037  1 
 7038  0 
 7039  0 
 7040  0 
 7041  0 
 7042  0 
 7043  0 
 7044  0 
 7045  1 
 7046  1 
 7047  3 
 7048  0 
 7049  0 
 7050  1 
 7051  0 
 7052  0 
 7053  1 
 7054  0 
 7055  0 
 7056  0 
 7057  0 
 7058  2 
 7059  0 
 7060  0 
 7061  0 
 7062  0 
 7063  0 
 7064  0 
 7065  1 
 7066  0 
 7067  0 
 7068  0 
 7069  0 
 7070  1 
 7071  1 
 7072  0 
 7073  1 
 7074  0 
 7075  0 
 7076  0 
 7077  0 
 7078  0 
 7079  0 
 7080  0 
 7081  0 
 7082  0 
 7083  0 
 7084  0 
 7085  0 
 7086  0 
 7087  0 
 7088  0 
 7089  0 
 7090  0 
 7091  0 
 7092  0 
 7093  0 
 7094  0 
 7095  0 
 7096  0 
 7097  1 
 7098  0 
 7099  0 
 7100  1 
 7101  0 
 7102  0 
 7103  0 
 7104  0 
 7105  0 
 7106  0 
 7107  0 
 7108  0 
 7109  0 
 7110  0 
 7111  0 
 7112  0 
 7113  0 
 7114  0 
 7115  0 
 7116  0 
 7117  0 
 7118  0 
 7119  0 
 7120  0 
 7121  0 
 7122  0 
 7123  0 
 7124  0 
 7125  0 
 7126  0 
 7127  0 
 7128  0 
 7129  0 
 7130  0 
 7131  0 
 7132  0 
 7133  0 
 7134  0 
 7135  0 
 7136  0 
 7137  0 
 7138  0 
 7139  0 
 7140  0 
 7141  0 
 7142  0 
 7143  0 
 7144  0 
 7145  0 
 7146  0 
 7147  0 
 7148  0 
 7149  0 
 7150  0 
 7151  0 
 7152  0 
 7153  0 
 7154  0 
 7155  0 
 7156  0 
 7157  0 
 7158  0 
 7159  0 
 7160  0 
 7161  0 
 7162  0 
 7163  0 
 7164  0 
 7165  0 
 7166  0 
 7167  0 
 7168  0 
 7169  0 
 7170  0 
 7171  0 
 7172  0 
 7173  0 
 7174  0 
 7175  0 
 7176  0 
 7177  0 
 7178  0 
 7179  0 
 7180  0 
 7181  0 
 7182  0 
 7183  0 
 7184  0 
 7185  0 
 7186  0 
 7187  0 
 7188  0 
 7189  0 
 7190  0 
 7191  0 
 7192  0 
 7193  0 
 7194  0 
 7195  0 
 7196  0 
 7197  0 
 7198  0 
 7199  0 
 7200  0 
 7201  0 
 7202  0 
 7203  0 
 7204  0 
 7205  0 
 7206  0 
 7207  0 
 7208  0 
 7209  0 
 7210  0 
 7211  0 
 7212  0 
 7213  0 
 7214  0 
 7215  0 
 7216  0 
 7217  0 
 7218  0 
 7219  0 
 7220  0 
 7221  0 
 7222  0 
 7223  0 
 7224  0 
 7225  0 
 7226  0 
 7227  0 
 7228  0 
 7229  0 
 7230  0 
 7231  0 
 7232  0 
 7233  0 
 7234  0 
 7235  0 
 7236  0 
 7237  0 
 7238  0 
 7239  0 
 7240  0 
 7241  0 
 7242  0 
 7243  0 
 7244  0 
 7245  0 
 7246  0 
 7247  0 
 7248  0 
 7249  0 
 7250  0 
 7251  0 
 7252  0 
 7253  0 
 7254  0 
 7255  0 
 7256  0 
 7257  0 
 7258  0 
 7259  0 
 7260  0 
 7261  0 
 7262  0 
 7263  0 
 7264  0 
 7265  0 
 7266  0 
 7267  0 
 7268  0 
 7269  0 
 7270  0 
 7271  0 
 7272  0 
 7273  0 
 7274  0 
 7275  0 
 7276  0 
 7277  0 
 7278  0 
 7279  0 
 7280  0 
 7281  0 
 7282  0 
 7283  0 
 7284  0 
 7285  0 
 7286  0 
 7287  0 
 7288  0 
 7289  0 
 7290  0 
 7291  0 
 7292  0 
 7293  0 
 7294  0 
 7295  0 
 7296  0 
 7297  0 
 7298  0 
 7299  0 
 7300  0 
 7301  0 
 7302  0 
 7303  0 
 7304  0 
 7305  0 
 7306  0 
 7307  0 
 7308  0 
 7309  0 
 7310  0 
 7311  0 
 7312  0 
 7313  0 
 7314  0 
 7315  0 
 7316  0 
 7317  0 
 7318  0 
 7319  0 
 7320  0 
 7321  0 
 7322  0 
 7323  0 
 7324  0 
 7325  0 
 7326  0 
 7327  0 
 7328  0 
 7329  0 
 7330  0 
 7331  0 
 7332  0 
 7333  0 
 7334  0 
 7335  0 
 7336  0 
 7337  0 
 7338  0 
 7339  0 
 7340  0 
 7341  0 
 7342  0 
 7343  0 
 7344  0 
 7345  0 
 7346  0 
 7347  0 
 7348  0 
 7349  0 
 7350  0 
 7351  0 
 7352  0 
 7353  0 
 7354  0 
 7355  0 
 7356  0 
 7357  0 
 7358  0 
 7359  0 
 7360  0 
 7361  0 
 7362  0 
 7363  0 
 7364  0 
 7365  0 
 7366  0 
 7367  0 
 7368  0 
 7369  0 
 7370  0 
 7371  0 
 7372  0 
 7373  0 
 7374  0 
 7375  0 
 7376  0 
 7377  0 
 7378  0 
 7379  0 
 7380  0 
 7381  0 
 7382  0 
 7383  0 
 7384  0 
 7385  0 
 7386  0 
 7387  0 
 7388  0 
 7389  0 
 7390  0 
 7391  0 
 7392  0 
 7393  0 
 7394  0 
 7395  0 
 7396  0 
 7397  0 
 7398  0 
 7399  0 
 7400  0 
 7401  0 
 7402  0 
 7403  0 
 7404  0 
 7405  0 
 7406  0 
 7407  0 
 7408  0 
 7409  0 
 7410  0 
 7411  0 
 7412  0 
 7413  0 
 7414  0 
 7415  0 
 7416  0 
 7417  0 
 7418  0 
 7419  0 
 7420  0 
 7421  0 
 7422  0 
 7423  0 
 7424  0 
 7425  0 
 7426  0 
 7427  0 
 7428  0 
 7429  0 
 7430  0 
 7431  0 
 7432  0 
 7433  0 
 7434  0 
 7435  0 
 7436  0 
 7437  0 
 7438  0 
 7439  0 
 7440  0 
 7441  0 
 7442  0 
 7443  0 
 7444  0 
 7445  0 
 7446  0 
 7447  0 
 7448  0 
 7449  0 
 7450  0 
 7451  0 
 7452  0 
 7453  0 
 7454  0 
 7455  0 
 7456  0 
 7457  0 
 7458  0 
 7459  0 
 7460  0 
 7461  0 
 7462  0 
 7463  0 
 7464  0 
 7465  0 
 7466  0 
 7467  0 
 7468  0 
 7469  0 
 7470  0 
 7471  0 
 7472  0 
 7473  0 
 7474  0 
 7475  0 
 7476  0 
 7477  0 
 7478  0 
 7479  0 
 7480  0 
 7481  0 
 7482  0 
 7483  0 
 7484  0 
 7485  0 
 7486  0 
 7487  0 
 7488  0 
 7489  0 
 7490  0 
 7491  0 
 7492  0 
 7493  0 
 7494  0 
 7495  0 
 7496  0 
 7497  0 
 7498  0 
 7499  0 
 7500  0 
 7501  0 
 7502  0 
 7503  0 
 7504  0 
 7505  0 
 7506  0 
 7507  0 
 7508  0 
 7509  0 
 7510  0 
 7511  0 
 7512  0 
 7513  0 
 7514  0 
 7515  0 
 7516  0 
 7517  0 
 7518  0 
 7519  0 
 7520  0 
 7521  0 
 7522  0 
 7523  0 
 7524  0 
 7525  0 
 7526  0 
 7527  0 
 7528  0 
 7529  0 
 7530  0 
 7531  0 
 7532  0 
 7533  0 
 7534  0 
 7535  0 
 7536  0 
 7537  0 
 7538  0 
 7539  0 
 7540  0 
 7541  0 
 7542  0 
 7543  0 
 7544  0 
 7545  0 
 7546  0 
 7547  0 
 7548  0 
 7549  0 
 7550  0 
 7551  0 
 7552  0 
 7553  0 
 7554  0 
 7555  0 
 7556  0 
 7557  0 
 7558  0 
 7559  0 
 7560  0 
 7561  0 
 7562  0 
 7563  0 
 7564  0 
 7565  0 
 7566  0 
 7567  0 
 7568  0 
 7569  0 
 7570  0 
 7571  0 
 7572  0 
 7573  0 
 7574  0 
 7575  0 
 7576  0 
 7577  0 
 7578  0 
 7579  0 
 7580  0 
 7581  0 
 7582  0 
 7583  0 
 7584  0 
 7585  0 
 7586  0 
 7587  0 
 7588  0 
 7589  0 
 7590  0 
 7591  0 
 7592  0 
 7593  0 
 7594  0 
 7595  0 
 7596  0 
 7597  0 
 7598  0 
 7599  0 
 7600  0 
 7601  0 
 7602  0 
 7603  0 
 7604  0 
 7605  0 
 7606  0 
 7607  0 
 7608  0 
 7609  0 
 7610  0 
 7611  0 
 7612  0 
 7613  0 
 7614  0 
 7615  0 
 7616  0 
 7617  0 
 7618  0 
 7619  0 
 7620  0 
 7621  0 
 7622  0 
 7623  0 
 7624  0 
 7625  0 
 7626  0 
 7627  0 
 7628  0 
 7629  0 
 7630  0 
 7631  0 
 7632  0 
 7633  0 
 7634  0 
 7635  0 
 7636  0 
 7637  0 
 7638  0 
 7639  0 
 7640  0 
 7641  0 
 7642  0 
 7643  0 
 7644  0 
 7645  0 
 7646  0 
 7647  0 
 7648  0 
 7649  0 
 7650  0 
 7651  0 
 7652  0 
 7653  0 
 7654  0 
 7655  0 
 7656  0 
 7657  0 
 7658  0 
 7659  0 
 7660  0 
 7661  0 
 7662  0 
 7663  0 
 7664  0 
 7665  0 
 7666  0 
 7667  0 
 7668  0 
 7669  0 
 7670  0 
 7671  0 
 7672  0 
 7673  0 
 7674  0 
 7675  0 
 7676  0 
 7677  0 
 7678  0 
 7679  0 
 7680  0 
 7681  0 
 7682  0 
 7683  0 
 7684  0 
 7685  0 
 7686  0 
 7687  0 
 7688  0 
 7689  0 
 7690  0 
 7691  0 
 7692  0 
 7693  0 
 7694  0 
 7695  0 
 7696  0 
 7697  0 
 7698  0 
 7699  0 
 7700  0 
 7701  0 
 7702  0 
 7703  0 
 7704  0 
 7705  0 
 7706  0 
 7707  0 
 7708  0 
 7709  0 
 7710  0 
 7711  0 
 7712  0 
 7713  0 
 7714  0 
 7715  0 
 7716  0 
 7717  0 
 7718  0 
 7719  0 
 7720  0 
 7721  0 
 7722  0 
 7723  0 
 7724  0 
 7725  0 
 7726  0 
 7727  0 
 7728  0 
 7729  0 
 7730  0 
 7731  0 
 7732  0 
 7733  0 
 7734  0 
 7735  0 
 7736  0 
 7737  0 
 7738  0 
 7739  0 
 7740  0 
 7741  0 
 7742  0 
 7743  0 
 7744  0 
 7745  0 
 7746  0 
 7747  0 
 7748  0 
 7749  0 
 7750  0 
 7751  0 
 7752  0 
 7753  0 
 7754  0 
 7755  0 
 7756  0 
 7757  0 
 7758  0 
 7759  0 
 7760  0 
 7761  0 
 7762  0 
 7763  0 
 7764  0 
 7765  0 
 7766  0 
 7767  0 
 7768  0 
 7769  0 
 7770  0 
 7771  0 
 7772  0 
 7773  0 
 7774  0 
 7775  0 
 7776  0 
 7777  0 
 7778  0 
 7779  0 
 7780  0 
 7781  0 
 7782  0 
 7783  0 
 7784  0 
 7785  0 
 7786  0 
 7787  0 
 7788  0 
 7789  0 
 7790  0 
 7791  0 
 7792  0 
 7793  0 
 7794  0 
 7795  0 
 7796  0 
 7797  0 
 7798  0 
 7799  0 
 7800  0 
 7801  0 
 7802  0 
 7803  0 
 7804  0 
 7805  0 
 7806  0 
 7807  0 
 7808  0 
 7809  0 
 7810  0 
 7811  0 
 7812  0 
 7813  0 
 7814  0 
 7815  0 
 7816  0 
 7817  0 
 7818  0 
 7819  0 
 7820  0 
 7821  0 
 7822  0 
 7823  0 
 7824  0 
 7825  0 
 7826  0 
 7827  0 
 7828  0 
 7829  0 
 7830  0 
 7831  0 
 7832  0 
 7833  0 
 7834  0 
 7835  0 
 7836  0 
 7837  0 
 7838  0 
 7839  0 
 7840  0 
 7841  0 
 7842  0 
 7843  0 
 7844  0 
 7845  0 
 7846  0 
 7847  0 
 7848  0 
 7849  0 
 7850  0 
 7851  0 
 7852  0 
 7853  0 
 7854  0 
 7855  0 
 7856  0 
 7857  0 
 7858  0 
 7859  0 
 7860  0 
 7861  0 
 7862  0 
 7863  0 
 7864  0 
 7865  0 
 7866  0 
 7867  0 
 7868  0 
 7869  0 
 7870  0 
 7871  0 
 7872  0 
 7873  0 
 7874  0 
 7875  0 
 7876  0 
 7877  0 
 7878  0 
 7879  0 
 7880  0 
 7881  0 
 7882  0 
 7883  0 
 7884  0 
 7885  0 
 7886  0 
 7887  0 
 7888  0 
 7889  0 
 7890  0 
 7891  0 
 7892  0 
 7893  0 
 7894  0 
 7895  0 
 7896  0 
 7897  0 
 7898  0 
 7899  0 
 7900  0 
 7901  0 
 7902  0 
 7903  0 
 7904  0 
 7905  0 
 7906  0 
 7907  0 
 7908  0 
 7909  0 
 7910  0 
 7911  0 
 7912  0 
 7913  0 
 7914  0 
 7915  0 
 7916  0 
 7917  0 
 7918  0 
 7919  0 
 7920  0 
 7921  0 
 7922  0 
 7923  0 
 7924  0 
 7925  0 
 7926  0 
 7927  0 
 7928  0 
 7929  0 
 7930  0 
 7931  0 
 7932  0 
 7933  0 
 7934  0 
 7935  0 
 7936  0 
 7937  0 
 7938  0 
 7939  0 
 7940  0 
 7941  0 
 7942  0 
 7943  0 
 7944  0 
 7945  0 
 7946  0 
 7947  0 
 7948  0 
 7949  0 
 7950  0 
 7951  0 
 7952  0 
 7953  0 
 7954  0 
 7955  0 
 7956  0 
 7957  0 
 7958  0 
 7959  0 
 7960  0 
 7961  0 
 7962  0 
 7963  0 
 7964  0 
 7965  0 
 7966  0 
 7967  0 
 7968  0 
 7969  0 
 7970  0 
 7971  0 
 7972  0 
 7973  0 
 7974  0 
 7975  0 
 7976  0 
 7977  0 
 7978  0 
 7979  0 
 7980  0 
 7981  0 
 7982  0 
 7983  0 
 7984  0 
 7985  0 
 7986  0 
 7987  0 
 7988  0 
 7989  0 
 7990  0 
 7991  0 
 7992  0 
 7993  0 
 7994  0 
 7995  0 
 7996  0 
 7997  0 
 7998  0 
 7999  0 
 8000  0 
 8001  0 
 8002  0 
 8003  0 
 8004  0 
 8005  0 
 8006  0 
 8007  0 
 8008  0 
 8009  0 
 8010  0 
 8011  0 
 8012  0 
 8013  0 
 8014  0 
 8015  0 
 8016  0 
 8017  0 
 8018  0 
 8019  0 
 8020  0 
 8021  0 
 8022  0 
 8023  0 
 8024  0 
 8025  0 
 8026  0 
 8027  0 
 8028  0 
 8029  0 
 8030  0 
 8031  0 
 8032  0 
 8033  0 
 8034  0 
 8035  0 
 8036  0 
 8037  0 
 8038  0 
 8039  0 
 8040  0 
 8041  0 
 8042  0 
 8043  0 
 8044  0 
 8045  0 
 8046  0 
 8047  0 
 8048  0 
 8049  0 
 8050  0 
 8051  0 
 8052  0 
 8053  0 
 8054  0 
 8055  0 
 8056  0 
 8057  0 
 8058  0 
 8059  0 
 8060  0 
 8061  0 
 8062  0 
 8063  0 
 8064  0 
 8065  0 
 8066  0 
 8067  0 
 8068  0 
 8069  0 
 8070  0 
 8071  0 
 8072  0 
 8073  0 
 8074  0 
 8075  0 
 8076  0 
 8077  0 
 8078  0 
 8079  0 
 8080  0 
 8081  0 
 8082  0 
 8083  0 
 8084  0 
 8085  0 
 8086  0 
 8087  0 
 8088  0 
 8089  0 
 8090  0 
 8091  0 
 8092  0 
 8093  0 
 8094  0 
 8095  0 
 8096  0 
 8097  0 
 8098  0 
 8099  0 
 8100  0 
 8101  0 
 8102  0 
 8103  0 
 8104  0 
 8105  0 
 8106  0 
 8107  0 
 8108  0 
 8109  0 
 8110  0 
 8111  0 
 8112  0 
 8113  0 
 8114  0 
 8115  0 
 8116  0 
 8117  0 
 8118  0 
 8119  0 
 8120  0 
 8121  0 
 8122  0 
 8123  0 
 8124  0 
 8125  0 
 8126  0 
 8127  0 
 8128  0 
 8129  0 
 8130  0 
 8131  0 
 8132  0 
 8133  0 
 8134  0 
 8135  0 
 8136  0 
 8137  0 
 8138  0 
 8139  0 
 8140  0 
 8141  0 
 8142  0 
 8143  0 
 8144  0 
 8145  0 
 8146  0 
 8147  0 
 8148  0 
 8149  0 
 8150  0 
 8151  0 
 8152  0 
 8153  0 
 8154  0 
 8155  0 
 8156  0 
 8157  0 
 8158  0 
 8159  0 
 8160  0 
 8161  0 
 8162  0 
 8163  0 
 8164  0 
 8165  0 
 8166  0 
 8167  0 
 8168  0 
 8169  0 
 8170  0 
 8171  0 
 8172  0 
 8173  0 
 8174  0 
 8175  0 
 8176  0 
 8177  0 
 8178  0 
 8179  0 
 8180  0 
 8181  0 
 8182  0 
 8183  0 
 8184  0 
 8185  0 
 8186  0 
 8187  0 
 8188  0 
 8189  0 
 8190  0 
 8191  0 
