 0  1050 
 1  1058 
 2  0 
 3  0 
 4  0 
 5  0 
 6  0 
 7  0 
 8  0 
 9  0 
 10  0 
 11  0 
 12  0 
 13  0 
 14  0 
 15  0 
 16  0 
 17  0 
 18  0 
 19  0 
 20  0 
 21  0 
 22  0 
 23  0 
 24  0 
 25  0 
 26  0 
 27  0 
 28  0 
 29  0 
 30  0 
 31  0 
 32  0 
 33  0 
 34  0 
 35  0 
 36  0 
 37  0 
 38  0 
 39  0 
 40  0 
 41  0 
 42  0 
 43  0 
 44  0 
 45  0 
 46  0 
 47  0 
 48  0 
 49  0 
 50  0 
 51  0 
 52  0 
 53  0 
 54  0 
 55  0 
 56  0 
 57  0 
 58  0 
 59  0 
 60  0 
 61  0 
 62  0 
 63  0 
 64  0 
 65  0 
 66  0 
 67  0 
 68  0 
 69  0 
 70  0 
 71  0 
 72  0 
 73  0 
 74  0 
 75  0 
 76  0 
 77  0 
 78  0 
 79  0 
 80  0 
 81  0 
 82  0 
 83  0 
 84  0 
 85  0 
 86  0 
 87  0 
 88  0 
 89  0 
 90  0 
 91  0 
 92  0 
 93  0 
 94  0 
 95  0 
 96  0 
 97  0 
 98  0 
 99  0 
 100  0 
 101  0 
 102  0 
 103  0 
 104  0 
 105  0 
 106  0 
 107  0 
 108  0 
 109  0 
 110  0 
 111  0 
 112  0 
 113  0 
 114  0 
 115  0 
 116  0 
 117  0 
 118  0 
 119  0 
 120  0 
 121  0 
 122  0 
 123  0 
 124  0 
 125  0 
 126  0 
 127  0 
 128  0 
 129  0 
 130  0 
 131  0 
 132  0 
 133  0 
 134  0 
 135  0 
 136  0 
 137  0 
 138  0 
 139  0 
 140  0 
 141  0 
 142  0 
 143  0 
 144  0 
 145  0 
 146  0 
 147  0 
 148  0 
 149  0 
 150  0 
 151  0 
 152  0 
 153  0 
 154  0 
 155  0 
 156  0 
 157  0 
 158  0 
 159  0 
 160  0 
 161  0 
 162  0 
 163  0 
 164  0 
 165  0 
 166  0 
 167  0 
 168  0 
 169  0 
 170  0 
 171  0 
 172  0 
 173  0 
 174  0 
 175  0 
 176  0 
 177  0 
 178  0 
 179  0 
 180  0 
 181  0 
 182  0 
 183  0 
 184  0 
 185  0 
 186  0 
 187  0 
 188  0 
 189  0 
 190  0 
 191  0 
 192  0 
 193  0 
 194  0 
 195  0 
 196  0 
 197  0 
 198  0 
 199  0 
 200  0 
 201  0 
 202  0 
 203  0 
 204  0 
 205  0 
 206  0 
 207  0 
 208  0 
 209  0 
 210  0 
 211  0 
 212  0 
 213  0 
 214  0 
 215  0 
 216  0 
 217  0 
 218  0 
 219  0 
 220  0 
 221  0 
 222  0 
 223  0 
 224  0 
 225  0 
 226  0 
 227  0 
 228  0 
 229  0 
 230  0 
 231  0 
 232  0 
 233  0 
 234  0 
 235  0 
 236  0 
 237  0 
 238  0 
 239  0 
 240  0 
 241  0 
 242  0 
 243  0 
 244  0 
 245  0 
 246  2 
 247  0 
 248  0 
 249  0 
 250  0 
 251  2 
 252  113 
 253  242 
 254  247 
 255  226 
 256  234 
 257  228 
 258  215 
 259  228 
 260  187 
 261  229 
 262  198 
 263  186 
 264  203 
 265  194 
 266  209 
 267  182 
 268  163 
 269  175 
 270  183 
 271  175 
 272  185 
 273  175 
 274  159 
 275  178 
 276  183 
 277  166 
 278  154 
 279  173 
 280  168 
 281  145 
 282  163 
 283  138 
 284  147 
 285  154 
 286  144 
 287  149 
 288  142 
 289  132 
 290  144 
 291  153 
 292  146 
 293  120 
 294  141 
 295  119 
 296  153 
 297  132 
 298  118 
 299  122 
 300  128 
 301  132 
 302  107 
 303  123 
 304  128 
 305  108 
 306  109 
 307  103 
 308  92 
 309  111 
 310  99 
 311  104 
 312  102 
 313  85 
 314  91 
 315  102 
 316  97 
 317  100 
 318  107 
 319  102 
 320  91 
 321  91 
 322  90 
 323  92 
 324  91 
 325  81 
 326  81 
 327  85 
 328  89 
 329  90 
 330  86 
 331  79 
 332  79 
 333  69 
 334  90 
 335  69 
 336  65 
 337  85 
 338  63 
 339  71 
 340  79 
 341  79 
 342  74 
 343  78 
 344  65 
 345  66 
 346  68 
 347  70 
 348  76 
 349  64 
 350  61 
 351  54 
 352  70 
 353  53 
 354  57 
 355  61 
 356  73 
 357  71 
 358  70 
 359  57 
 360  64 
 361  58 
 362  55 
 363  57 
 364  52 
 365  52 
 366  64 
 367  44 
 368  67 
 369  56 
 370  63 
 371  51 
 372  58 
 373  49 
 374  57 
 375  58 
 376  50 
 377  55 
 378  46 
 379  52 
 380  59 
 381  72 
 382  50 
 383  44 
 384  56 
 385  48 
 386  48 
 387  42 
 388  50 
 389  56 
 390  61 
 391  57 
 392  55 
 393  58 
 394  45 
 395  59 
 396  58 
 397  53 
 398  42 
 399  55 
 400  60 
 401  50 
 402  54 
 403  58 
 404  40 
 405  45 
 406  55 
 407  50 
 408  45 
 409  56 
 410  53 
 411  46 
 412  39 
 413  51 
 414  40 
 415  47 
 416  41 
 417  43 
 418  48 
 419  59 
 420  45 
 421  44 
 422  42 
 423  54 
 424  54 
 425  49 
 426  41 
 427  53 
 428  40 
 429  36 
 430  49 
 431  37 
 432  41 
 433  46 
 434  41 
 435  33 
 436  56 
 437  50 
 438  37 
 439  46 
 440  50 
 441  37 
 442  55 
 443  39 
 444  45 
 445  46 
 446  44 
 447  38 
 448  41 
 449  33 
 450  42 
 451  37 
 452  48 
 453  28 
 454  43 
 455  50 
 456  37 
 457  37 
 458  54 
 459  51 
 460  41 
 461  40 
 462  52 
 463  36 
 464  30 
 465  35 
 466  43 
 467  36 
 468  53 
 469  51 
 470  41 
 471  53 
 472  44 
 473  46 
 474  42 
 475  41 
 476  37 
 477  40 
 478  42 
 479  52 
 480  47 
 481  49 
 482  54 
 483  43 
 484  36 
 485  34 
 486  41 
 487  39 
 488  42 
 489  52 
 490  45 
 491  42 
 492  49 
 493  44 
 494  32 
 495  43 
 496  41 
 497  36 
 498  44 
 499  33 
 500  37 
 501  48 
 502  44 
 503  55 
 504  44 
 505  47 
 506  37 
 507  45 
 508  49 
 509  29 
 510  50 
 511  43 
 512  46 
 513  48 
 514  46 
 515  52 
 516  50 
 517  48 
 518  28 
 519  48 
 520  42 
 521  41 
 522  42 
 523  46 
 524  41 
 525  52 
 526  44 
 527  44 
 528  39 
 529  42 
 530  53 
 531  42 
 532  51 
 533  34 
 534  47 
 535  38 
 536  52 
 537  57 
 538  48 
 539  39 
 540  60 
 541  50 
 542  51 
 543  46 
 544  52 
 545  52 
 546  51 
 547  50 
 548  49 
 549  52 
 550  50 
 551  63 
 552  55 
 553  55 
 554  51 
 555  60 
 556  55 
 557  48 
 558  54 
 559  54 
 560  65 
 561  56 
 562  65 
 563  53 
 564  68 
 565  73 
 566  64 
 567  58 
 568  58 
 569  71 
 570  51 
 571  58 
 572  64 
 573  69 
 574  70 
 575  72 
 576  84 
 577  54 
 578  82 
 579  85 
 580  84 
 581  74 
 582  68 
 583  82 
 584  76 
 585  85 
 586  92 
 587  94 
 588  91 
 589  103 
 590  87 
 591  77 
 592  102 
 593  113 
 594  81 
 595  101 
 596  112 
 597  94 
 598  113 
 599  102 
 600  98 
 601  94 
 602  106 
 603  116 
 604  138 
 605  98 
 606  123 
 607  129 
 608  121 
 609  144 
 610  152 
 611  140 
 612  131 
 613  137 
 614  176 
 615  147 
 616  152 
 617  160 
 618  166 
 619  171 
 620  172 
 621  168 
 622  169 
 623  163 
 624  191 
 625  197 
 626  183 
 627  209 
 628  211 
 629  203 
 630  196 
 631  248 
 632  217 
 633  218 
 634  268 
 635  222 
 636  264 
 637  216 
 638  233 
 639  245 
 640  234 
 641  223 
 642  230 
 643  234 
 644  256 
 645  286 
 646  266 
 647  258 
 648  247 
 649  264 
 650  253 
 651  269 
 652  241 
 653  283 
 654  246 
 655  295 
 656  270 
 657  299 
 658  302 
 659  251 
 660  251 
 661  301 
 662  269 
 663  271 
 664  262 
 665  261 
 666  283 
 667  268 
 668  236 
 669  268 
 670  250 
 671  273 
 672  261 
 673  264 
 674  287 
 675  255 
 676  257 
 677  215 
 678  243 
 679  236 
 680  226 
 681  241 
 682  245 
 683  239 
 684  231 
 685  204 
 686  226 
 687  198 
 688  222 
 689  192 
 690  222 
 691  196 
 692  214 
 693  204 
 694  167 
 695  194 
 696  159 
 697  174 
 698  142 
 699  141 
 700  159 
 701  147 
 702  136 
 703  154 
 704  151 
 705  135 
 706  126 
 707  143 
 708  123 
 709  111 
 710  134 
 711  108 
 712  119 
 713  121 
 714  99 
 715  126 
 716  95 
 717  105 
 718  95 
 719  77 
 720  86 
 721  101 
 722  88 
 723  85 
 724  93 
 725  73 
 726  77 
 727  71 
 728  82 
 729  76 
 730  73 
 731  69 
 732  78 
 733  69 
 734  52 
 735  59 
 736  65 
 737  43 
 738  59 
 739  64 
 740  55 
 741  56 
 742  55 
 743  61 
 744  40 
 745  38 
 746  41 
 747  36 
 748  53 
 749  42 
 750  45 
 751  41 
 752  33 
 753  37 
 754  40 
 755  34 
 756  41 
 757  44 
 758  33 
 759  34 
 760  42 
 761  42 
 762  42 
 763  40 
 764  29 
 765  33 
 766  31 
 767  24 
 768  31 
 769  47 
 770  29 
 771  34 
 772  34 
 773  34 
 774  31 
 775  32 
 776  33 
 777  31 
 778  24 
 779  33 
 780  35 
 781  29 
 782  26 
 783  32 
 784  29 
 785  37 
 786  39 
 787  31 
 788  41 
 789  36 
 790  33 
 791  31 
 792  31 
 793  27 
 794  28 
 795  37 
 796  28 
 797  25 
 798  30 
 799  21 
 800  39 
 801  33 
 802  28 
 803  39 
 804  43 
 805  27 
 806  30 
 807  34 
 808  32 
 809  29 
 810  38 
 811  20 
 812  24 
 813  20 
 814  22 
 815  34 
 816  31 
 817  21 
 818  34 
 819  34 
 820  34 
 821  20 
 822  21 
 823  27 
 824  26 
 825  18 
 826  29 
 827  31 
 828  28 
 829  21 
 830  26 
 831  32 
 832  21 
 833  27 
 834  26 
 835  24 
 836  31 
 837  24 
 838  19 
 839  27 
 840  28 
 841  31 
 842  24 
 843  23 
 844  21 
 845  29 
 846  19 
 847  24 
 848  28 
 849  30 
 850  33 
 851  22 
 852  27 
 853  26 
 854  29 
 855  31 
 856  17 
 857  23 
 858  19 
 859  32 
 860  26 
 861  28 
 862  16 
 863  31 
 864  30 
 865  24 
 866  25 
 867  21 
 868  33 
 869  31 
 870  29 
 871  20 
 872  17 
 873  29 
 874  25 
 875  31 
 876  32 
 877  22 
 878  22 
 879  19 
 880  30 
 881  22 
 882  27 
 883  28 
 884  22 
 885  24 
 886  21 
 887  25 
 888  19 
 889  31 
 890  36 
 891  25 
 892  22 
 893  26 
 894  25 
 895  17 
 896  30 
 897  9 
 898  28 
 899  24 
 900  21 
 901  22 
 902  30 
 903  27 
 904  25 
 905  20 
 906  35 
 907  26 
 908  25 
 909  15 
 910  26 
 911  20 
 912  25 
 913  17 
 914  14 
 915  20 
 916  27 
 917  22 
 918  29 
 919  17 
 920  28 
 921  28 
 922  24 
 923  16 
 924  25 
 925  25 
 926  25 
 927  21 
 928  21 
 929  24 
 930  34 
 931  20 
 932  28 
 933  32 
 934  18 
 935  18 
 936  11 
 937  23 
 938  27 
 939  20 
 940  19 
 941  25 
 942  34 
 943  16 
 944  31 
 945  22 
 946  22 
 947  28 
 948  25 
 949  22 
 950  20 
 951  23 
 952  12 
 953  27 
 954  27 
 955  25 
 956  20 
 957  17 
 958  23 
 959  21 
 960  19 
 961  30 
 962  24 
 963  19 
 964  19 
 965  29 
 966  20 
 967  20 
 968  16 
 969  25 
 970  23 
 971  17 
 972  14 
 973  34 
 974  22 
 975  28 
 976  31 
 977  28 
 978  26 
 979  29 
 980  28 
 981  24 
 982  21 
 983  28 
 984  25 
 985  17 
 986  24 
 987  27 
 988  19 
 989  24 
 990  26 
 991  25 
 992  27 
 993  15 
 994  24 
 995  28 
 996  13 
 997  23 
 998  22 
 999  29 
 1000  21 
 1001  17 
 1002  24 
 1003  16 
 1004  20 
 1005  17 
 1006  21 
 1007  18 
 1008  19 
 1009  25 
 1010  22 
 1011  16 
 1012  25 
 1013  26 
 1014  25 
 1015  26 
 1016  20 
 1017  22 
 1018  19 
 1019  22 
 1020  27 
 1021  28 
 1022  21 
 1023  26 
 1024  28 
 1025  22 
 1026  26 
 1027  20 
 1028  28 
 1029  26 
 1030  20 
 1031  11 
 1032  19 
 1033  24 
 1034  20 
 1035  20 
 1036  20 
 1037  27 
 1038  22 
 1039  21 
 1040  32 
 1041  21 
 1042  27 
 1043  15 
 1044  17 
 1045  18 
 1046  21 
 1047  25 
 1048  22 
 1049  29 
 1050  16 
 1051  20 
 1052  24 
 1053  22 
 1054  25 
 1055  21 
 1056  19 
 1057  29 
 1058  17 
 1059  24 
 1060  12 
 1061  27 
 1062  18 
 1063  19 
 1064  24 
 1065  31 
 1066  29 
 1067  28 
 1068  20 
 1069  20 
 1070  27 
 1071  22 
 1072  21 
 1073  28 
 1074  22 
 1075  23 
 1076  27 
 1077  20 
 1078  25 
 1079  23 
 1080  17 
 1081  18 
 1082  17 
 1083  19 
 1084  22 
 1085  22 
 1086  26 
 1087  26 
 1088  31 
 1089  15 
 1090  19 
 1091  14 
 1092  18 
 1093  21 
 1094  25 
 1095  24 
 1096  22 
 1097  18 
 1098  29 
 1099  20 
 1100  31 
 1101  18 
 1102  14 
 1103  20 
 1104  20 
 1105  19 
 1106  16 
 1107  38 
 1108  24 
 1109  24 
 1110  20 
 1111  19 
 1112  27 
 1113  23 
 1114  24 
 1115  24 
 1116  18 
 1117  12 
 1118  25 
 1119  19 
 1120  33 
 1121  13 
 1122  21 
 1123  26 
 1124  18 
 1125  24 
 1126  15 
 1127  21 
 1128  23 
 1129  22 
 1130  15 
 1131  18 
 1132  21 
 1133  25 
 1134  15 
 1135  24 
 1136  12 
 1137  23 
 1138  25 
 1139  19 
 1140  28 
 1141  16 
 1142  19 
 1143  16 
 1144  26 
 1145  22 
 1146  21 
 1147  21 
 1148  26 
 1149  19 
 1150  15 
 1151  21 
 1152  18 
 1153  23 
 1154  23 
 1155  20 
 1156  22 
 1157  23 
 1158  14 
 1159  19 
 1160  24 
 1161  29 
 1162  19 
 1163  17 
 1164  15 
 1165  17 
 1166  29 
 1167  15 
 1168  26 
 1169  24 
 1170  22 
 1171  22 
 1172  24 
 1173  19 
 1174  20 
 1175  15 
 1176  26 
 1177  18 
 1178  17 
 1179  13 
 1180  30 
 1181  24 
 1182  23 
 1183  23 
 1184  13 
 1185  21 
 1186  25 
 1187  24 
 1188  22 
 1189  18 
 1190  22 
 1191  17 
 1192  17 
 1193  15 
 1194  30 
 1195  31 
 1196  25 
 1197  18 
 1198  16 
 1199  18 
 1200  15 
 1201  21 
 1202  14 
 1203  16 
 1204  14 
 1205  17 
 1206  17 
 1207  15 
 1208  19 
 1209  15 
 1210  16 
 1211  18 
 1212  23 
 1213  20 
 1214  20 
 1215  19 
 1216  16 
 1217  19 
 1218  18 
 1219  17 
 1220  17 
 1221  19 
 1222  28 
 1223  22 
 1224  20 
 1225  17 
 1226  15 
 1227  18 
 1228  24 
 1229  12 
 1230  24 
 1231  17 
 1232  18 
 1233  19 
 1234  30 
 1235  14 
 1236  18 
 1237  15 
 1238  22 
 1239  17 
 1240  23 
 1241  18 
 1242  22 
 1243  20 
 1244  22 
 1245  29 
 1246  19 
 1247  18 
 1248  21 
 1249  14 
 1250  24 
 1251  27 
 1252  16 
 1253  24 
 1254  14 
 1255  17 
 1256  13 
 1257  21 
 1258  14 
 1259  17 
 1260  25 
 1261  25 
 1262  15 
 1263  13 
 1264  23 
 1265  18 
 1266  19 
 1267  19 
 1268  24 
 1269  26 
 1270  17 
 1271  18 
 1272  13 
 1273  18 
 1274  16 
 1275  21 
 1276  15 
 1277  20 
 1278  19 
 1279  16 
 1280  20 
 1281  23 
 1282  20 
 1283  21 
 1284  20 
 1285  22 
 1286  19 
 1287  10 
 1288  14 
 1289  10 
 1290  30 
 1291  12 
 1292  21 
 1293  20 
 1294  16 
 1295  20 
 1296  17 
 1297  15 
 1298  27 
 1299  20 
 1300  15 
 1301  26 
 1302  18 
 1303  23 
 1304  20 
 1305  27 
 1306  18 
 1307  23 
 1308  23 
 1309  19 
 1310  19 
 1311  24 
 1312  13 
 1313  26 
 1314  20 
 1315  17 
 1316  16 
 1317  18 
 1318  9 
 1319  16 
 1320  14 
 1321  11 
 1322  16 
 1323  18 
 1324  24 
 1325  16 
 1326  21 
 1327  29 
 1328  13 
 1329  20 
 1330  15 
 1331  20 
 1332  15 
 1333  15 
 1334  11 
 1335  19 
 1336  18 
 1337  16 
 1338  14 
 1339  15 
 1340  23 
 1341  21 
 1342  28 
 1343  19 
 1344  20 
 1345  19 
 1346  11 
 1347  19 
 1348  17 
 1349  27 
 1350  23 
 1351  13 
 1352  16 
 1353  20 
 1354  17 
 1355  26 
 1356  23 
 1357  18 
 1358  16 
 1359  20 
 1360  17 
 1361  17 
 1362  14 
 1363  18 
 1364  27 
 1365  18 
 1366  22 
 1367  15 
 1368  17 
 1369  17 
 1370  21 
 1371  19 
 1372  13 
 1373  14 
 1374  24 
 1375  16 
 1376  25 
 1377  25 
 1378  16 
 1379  17 
 1380  18 
 1381  13 
 1382  23 
 1383  25 
 1384  18 
 1385  13 
 1386  21 
 1387  15 
 1388  14 
 1389  18 
 1390  17 
 1391  22 
 1392  16 
 1393  13 
 1394  27 
 1395  13 
 1396  18 
 1397  11 
 1398  18 
 1399  24 
 1400  13 
 1401  19 
 1402  14 
 1403  20 
 1404  17 
 1405  19 
 1406  25 
 1407  17 
 1408  20 
 1409  16 
 1410  19 
 1411  23 
 1412  24 
 1413  15 
 1414  24 
 1415  12 
 1416  11 
 1417  15 
 1418  24 
 1419  22 
 1420  18 
 1421  12 
 1422  13 
 1423  24 
 1424  20 
 1425  12 
 1426  18 
 1427  18 
 1428  21 
 1429  15 
 1430  18 
 1431  22 
 1432  13 
 1433  21 
 1434  17 
 1435  17 
 1436  24 
 1437  10 
 1438  13 
 1439  26 
 1440  10 
 1441  19 
 1442  17 
 1443  17 
 1444  18 
 1445  20 
 1446  16 
 1447  20 
 1448  24 
 1449  15 
 1450  24 
 1451  21 
 1452  12 
 1453  15 
 1454  21 
 1455  24 
 1456  20 
 1457  17 
 1458  15 
 1459  20 
 1460  20 
 1461  9 
 1462  19 
 1463  21 
 1464  18 
 1465  19 
 1466  17 
 1467  13 
 1468  16 
 1469  20 
 1470  18 
 1471  12 
 1472  15 
 1473  14 
 1474  16 
 1475  16 
 1476  21 
 1477  17 
 1478  16 
 1479  18 
 1480  16 
 1481  13 
 1482  24 
 1483  16 
 1484  26 
 1485  14 
 1486  15 
 1487  13 
 1488  16 
 1489  12 
 1490  16 
 1491  13 
 1492  23 
 1493  10 
 1494  17 
 1495  17 
 1496  17 
 1497  19 
 1498  15 
 1499  15 
 1500  20 
 1501  16 
 1502  18 
 1503  14 
 1504  22 
 1505  14 
 1506  13 
 1507  11 
 1508  15 
 1509  14 
 1510  17 
 1511  21 
 1512  21 
 1513  20 
 1514  10 
 1515  24 
 1516  18 
 1517  14 
 1518  18 
 1519  13 
 1520  20 
 1521  14 
 1522  13 
 1523  16 
 1524  14 
 1525  20 
 1526  14 
 1527  20 
 1528  16 
 1529  15 
 1530  16 
 1531  17 
 1532  16 
 1533  12 
 1534  16 
 1535  18 
 1536  14 
 1537  17 
 1538  13 
 1539  11 
 1540  16 
 1541  12 
 1542  16 
 1543  19 
 1544  15 
 1545  19 
 1546  18 
 1547  14 
 1548  8 
 1549  13 
 1550  15 
 1551  23 
 1552  27 
 1553  21 
 1554  9 
 1555  23 
 1556  20 
 1557  20 
 1558  20 
 1559  24 
 1560  14 
 1561  11 
 1562  16 
 1563  19 
 1564  13 
 1565  17 
 1566  15 
 1567  10 
 1568  14 
 1569  22 
 1570  19 
 1571  14 
 1572  19 
 1573  16 
 1574  20 
 1575  21 
 1576  16 
 1577  16 
 1578  26 
 1579  16 
 1580  22 
 1581  30 
 1582  24 
 1583  17 
 1584  17 
 1585  17 
 1586  11 
 1587  17 
 1588  14 
 1589  16 
 1590  22 
 1591  25 
 1592  20 
 1593  18 
 1594  15 
 1595  15 
 1596  18 
 1597  11 
 1598  19 
 1599  17 
 1600  17 
 1601  22 
 1602  14 
 1603  12 
 1604  14 
 1605  16 
 1606  14 
 1607  15 
 1608  16 
 1609  19 
 1610  17 
 1611  21 
 1612  19 
 1613  22 
 1614  13 
 1615  20 
 1616  14 
 1617  13 
 1618  21 
 1619  17 
 1620  11 
 1621  10 
 1622  17 
 1623  17 
 1624  9 
 1625  11 
 1626  18 
 1627  11 
 1628  16 
 1629  21 
 1630  10 
 1631  20 
 1632  19 
 1633  14 
 1634  13 
 1635  14 
 1636  19 
 1637  22 
 1638  11 
 1639  15 
 1640  13 
 1641  13 
 1642  8 
 1643  14 
 1644  23 
 1645  15 
 1646  21 
 1647  18 
 1648  15 
 1649  15 
 1650  10 
 1651  14 
 1652  19 
 1653  12 
 1654  14 
 1655  23 
 1656  16 
 1657  15 
 1658  14 
 1659  24 
 1660  14 
 1661  15 
 1662  19 
 1663  15 
 1664  14 
 1665  11 
 1666  15 
 1667  14 
 1668  14 
 1669  22 
 1670  15 
 1671  16 
 1672  15 
 1673  11 
 1674  12 
 1675  13 
 1676  17 
 1677  17 
 1678  17 
 1679  20 
 1680  16 
 1681  16 
 1682  19 
 1683  18 
 1684  12 
 1685  11 
 1686  8 
 1687  22 
 1688  19 
 1689  14 
 1690  16 
 1691  12 
 1692  16 
 1693  13 
 1694  13 
 1695  22 
 1696  17 
 1697  11 
 1698  13 
 1699  20 
 1700  12 
 1701  18 
 1702  24 
 1703  23 
 1704  12 
 1705  17 
 1706  12 
 1707  16 
 1708  19 
 1709  17 
 1710  15 
 1711  17 
 1712  20 
 1713  15 
 1714  17 
 1715  17 
 1716  17 
 1717  13 
 1718  17 
 1719  20 
 1720  15 
 1721  12 
 1722  10 
 1723  22 
 1724  13 
 1725  26 
 1726  18 
 1727  12 
 1728  13 
 1729  14 
 1730  13 
 1731  22 
 1732  8 
 1733  16 
 1734  14 
 1735  15 
 1736  10 
 1737  15 
 1738  16 
 1739  9 
 1740  18 
 1741  18 
 1742  12 
 1743  19 
 1744  15 
 1745  13 
 1746  19 
 1747  18 
 1748  14 
 1749  19 
 1750  18 
 1751  14 
 1752  14 
 1753  19 
 1754  15 
 1755  23 
 1756  17 
 1757  14 
 1758  13 
 1759  17 
 1760  11 
 1761  18 
 1762  14 
 1763  22 
 1764  11 
 1765  11 
 1766  14 
 1767  11 
 1768  24 
 1769  20 
 1770  12 
 1771  33 
 1772  11 
 1773  11 
 1774  15 
 1775  21 
 1776  17 
 1777  12 
 1778  10 
 1779  13 
 1780  18 
 1781  12 
 1782  16 
 1783  14 
 1784  11 
 1785  18 
 1786  9 
 1787  14 
 1788  17 
 1789  14 
 1790  19 
 1791  9 
 1792  15 
 1793  18 
 1794  17 
 1795  21 
 1796  16 
 1797  14 
 1798  11 
 1799  15 
 1800  13 
 1801  10 
 1802  20 
 1803  20 
 1804  15 
 1805  15 
 1806  17 
 1807  13 
 1808  18 
 1809  20 
 1810  21 
 1811  14 
 1812  21 
 1813  11 
 1814  12 
 1815  14 
 1816  16 
 1817  16 
 1818  16 
 1819  17 
 1820  14 
 1821  11 
 1822  15 
 1823  19 
 1824  15 
 1825  9 
 1826  19 
 1827  18 
 1828  20 
 1829  10 
 1830  16 
 1831  14 
 1832  11 
 1833  13 
 1834  20 
 1835  15 
 1836  15 
 1837  14 
 1838  15 
 1839  25 
 1840  16 
 1841  12 
 1842  16 
 1843  12 
 1844  22 
 1845  12 
 1846  13 
 1847  18 
 1848  16 
 1849  14 
 1850  19 
 1851  9 
 1852  16 
 1853  18 
 1854  16 
 1855  19 
 1856  12 
 1857  22 
 1858  12 
 1859  15 
 1860  13 
 1861  18 
 1862  15 
 1863  18 
 1864  9 
 1865  5 
 1866  14 
 1867  12 
 1868  16 
 1869  9 
 1870  14 
 1871  14 
 1872  13 
 1873  13 
 1874  13 
 1875  12 
 1876  13 
 1877  13 
 1878  22 
 1879  12 
 1880  10 
 1881  13 
 1882  18 
 1883  14 
 1884  11 
 1885  15 
 1886  13 
 1887  12 
 1888  12 
 1889  20 
 1890  14 
 1891  15 
 1892  12 
 1893  18 
 1894  14 
 1895  16 
 1896  17 
 1897  14 
 1898  14 
 1899  17 
 1900  17 
 1901  15 
 1902  14 
 1903  16 
 1904  13 
 1905  15 
 1906  14 
 1907  15 
 1908  14 
 1909  9 
 1910  21 
 1911  17 
 1912  20 
 1913  16 
 1914  14 
 1915  14 
 1916  21 
 1917  10 
 1918  8 
 1919  12 
 1920  14 
 1921  11 
 1922  18 
 1923  13 
 1924  20 
 1925  20 
 1926  11 
 1927  15 
 1928  11 
 1929  15 
 1930  15 
 1931  10 
 1932  15 
 1933  8 
 1934  17 
 1935  17 
 1936  19 
 1937  12 
 1938  15 
 1939  10 
 1940  15 
 1941  15 
 1942  15 
 1943  9 
 1944  15 
 1945  13 
 1946  14 
 1947  13 
 1948  14 
 1949  21 
 1950  14 
 1951  13 
 1952  11 
 1953  14 
 1954  12 
 1955  18 
 1956  20 
 1957  23 
 1958  12 
 1959  16 
 1960  18 
 1961  11 
 1962  12 
 1963  13 
 1964  11 
 1965  14 
 1966  16 
 1967  14 
 1968  19 
 1969  17 
 1970  21 
 1971  15 
 1972  18 
 1973  15 
 1974  14 
 1975  13 
 1976  16 
 1977  16 
 1978  12 
 1979  13 
 1980  19 
 1981  13 
 1982  18 
 1983  9 
 1984  9 
 1985  6 
 1986  19 
 1987  17 
 1988  13 
 1989  18 
 1990  6 
 1991  13 
 1992  16 
 1993  11 
 1994  16 
 1995  11 
 1996  15 
 1997  12 
 1998  10 
 1999  19 
 2000  9 
 2001  25 
 2002  17 
 2003  17 
 2004  10 
 2005  17 
 2006  24 
 2007  15 
 2008  17 
 2009  13 
 2010  14 
 2011  14 
 2012  15 
 2013  19 
 2014  7 
 2015  23 
 2016  8 
 2017  9 
 2018  11 
 2019  13 
 2020  20 
 2021  21 
 2022  11 
 2023  12 
 2024  13 
 2025  16 
 2026  13 
 2027  21 
 2028  14 
 2029  8 
 2030  9 
 2031  16 
 2032  10 
 2033  7 
 2034  11 
 2035  16 
 2036  16 
 2037  11 
 2038  12 
 2039  14 
 2040  16 
 2041  11 
 2042  12 
 2043  17 
 2044  18 
 2045  9 
 2046  21 
 2047  11 
 2048  20 
 2049  12 
 2050  15 
 2051  14 
 2052  14 
 2053  12 
 2054  14 
 2055  14 
 2056  13 
 2057  10 
 2058  12 
 2059  13 
 2060  12 
 2061  14 
 2062  12 
 2063  8 
 2064  13 
 2065  12 
 2066  10 
 2067  6 
 2068  25 
 2069  13 
 2070  17 
 2071  12 
 2072  9 
 2073  19 
 2074  15 
 2075  18 
 2076  11 
 2077  6 
 2078  7 
 2079  13 
 2080  17 
 2081  15 
 2082  10 
 2083  14 
 2084  11 
 2085  16 
 2086  14 
 2087  7 
 2088  15 
 2089  22 
 2090  18 
 2091  19 
 2092  11 
 2093  18 
 2094  17 
 2095  5 
 2096  13 
 2097  13 
 2098  11 
 2099  15 
 2100  15 
 2101  13 
 2102  13 
 2103  12 
 2104  14 
 2105  5 
 2106  15 
 2107  8 
 2108  12 
 2109  13 
 2110  7 
 2111  14 
 2112  11 
 2113  11 
 2114  15 
 2115  14 
 2116  7 
 2117  18 
 2118  15 
 2119  12 
 2120  14 
 2121  10 
 2122  10 
 2123  21 
 2124  17 
 2125  22 
 2126  16 
 2127  11 
 2128  13 
 2129  17 
 2130  15 
 2131  22 
 2132  10 
 2133  10 
 2134  14 
 2135  15 
 2136  15 
 2137  11 
 2138  12 
 2139  18 
 2140  8 
 2141  7 
 2142  14 
 2143  16 
 2144  9 
 2145  13 
 2146  13 
 2147  8 
 2148  7 
 2149  11 
 2150  11 
 2151  16 
 2152  10 
 2153  13 
 2154  16 
 2155  18 
 2156  11 
 2157  21 
 2158  10 
 2159  13 
 2160  11 
 2161  8 
 2162  13 
 2163  13 
 2164  10 
 2165  10 
 2166  11 
 2167  16 
 2168  15 
 2169  16 
 2170  10 
 2171  16 
 2172  11 
 2173  9 
 2174  19 
 2175  12 
 2176  15 
 2177  12 
 2178  16 
 2179  12 
 2180  9 
 2181  8 
 2182  12 
 2183  11 
 2184  5 
 2185  8 
 2186  16 
 2187  10 
 2188  14 
 2189  18 
 2190  13 
 2191  16 
 2192  10 
 2193  8 
 2194  16 
 2195  12 
 2196  15 
 2197  11 
 2198  14 
 2199  15 
 2200  12 
 2201  15 
 2202  11 
 2203  11 
 2204  15 
 2205  13 
 2206  10 
 2207  12 
 2208  11 
 2209  14 
 2210  10 
 2211  14 
 2212  15 
 2213  16 
 2214  11 
 2215  10 
 2216  10 
 2217  16 
 2218  13 
 2219  15 
 2220  15 
 2221  16 
 2222  23 
 2223  11 
 2224  6 
 2225  11 
 2226  11 
 2227  13 
 2228  15 
 2229  12 
 2230  8 
 2231  13 
 2232  13 
 2233  14 
 2234  14 
 2235  12 
 2236  9 
 2237  7 
 2238  7 
 2239  15 
 2240  12 
 2241  14 
 2242  17 
 2243  7 
 2244  15 
 2245  21 
 2246  18 
 2247  6 
 2248  8 
 2249  10 
 2250  11 
 2251  7 
 2252  9 
 2253  14 
 2254  10 
 2255  15 
 2256  4 
 2257  11 
 2258  16 
 2259  6 
 2260  11 
 2261  18 
 2262  16 
 2263  14 
 2264  11 
 2265  13 
 2266  15 
 2267  11 
 2268  10 
 2269  14 
 2270  9 
 2271  12 
 2272  6 
 2273  12 
 2274  11 
 2275  14 
 2276  9 
 2277  7 
 2278  11 
 2279  13 
 2280  11 
 2281  11 
 2282  16 
 2283  11 
 2284  11 
 2285  17 
 2286  9 
 2287  17 
 2288  8 
 2289  19 
 2290  11 
 2291  15 
 2292  12 
 2293  12 
 2294  11 
 2295  20 
 2296  14 
 2297  12 
 2298  13 
 2299  10 
 2300  15 
 2301  11 
 2302  13 
 2303  10 
 2304  21 
 2305  7 
 2306  13 
 2307  11 
 2308  11 
 2309  12 
 2310  9 
 2311  20 
 2312  17 
 2313  15 
 2314  13 
 2315  14 
 2316  14 
 2317  11 
 2318  18 
 2319  8 
 2320  22 
 2321  7 
 2322  5 
 2323  16 
 2324  9 
 2325  5 
 2326  17 
 2327  9 
 2328  14 
 2329  9 
 2330  12 
 2331  12 
 2332  19 
 2333  13 
 2334  12 
 2335  13 
 2336  14 
 2337  10 
 2338  8 
 2339  14 
 2340  11 
 2341  13 
 2342  15 
 2343  15 
 2344  15 
 2345  10 
 2346  8 
 2347  13 
 2348  11 
 2349  13 
 2350  12 
 2351  13 
 2352  9 
 2353  8 
 2354  13 
 2355  12 
 2356  13 
 2357  7 
 2358  12 
 2359  9 
 2360  16 
 2361  15 
 2362  6 
 2363  14 
 2364  17 
 2365  11 
 2366  12 
 2367  10 
 2368  11 
 2369  12 
 2370  10 
 2371  12 
 2372  8 
 2373  10 
 2374  13 
 2375  16 
 2376  12 
 2377  11 
 2378  10 
 2379  11 
 2380  16 
 2381  13 
 2382  13 
 2383  14 
 2384  13 
 2385  16 
 2386  16 
 2387  14 
 2388  11 
 2389  10 
 2390  10 
 2391  19 
 2392  12 
 2393  6 
 2394  13 
 2395  4 
 2396  12 
 2397  7 
 2398  11 
 2399  14 
 2400  15 
 2401  15 
 2402  6 
 2403  12 
 2404  14 
 2405  7 
 2406  12 
 2407  9 
 2408  9 
 2409  11 
 2410  15 
 2411  5 
 2412  12 
 2413  14 
 2414  12 
 2415  14 
 2416  11 
 2417  13 
 2418  16 
 2419  10 
 2420  15 
 2421  16 
 2422  8 
 2423  12 
 2424  13 
 2425  14 
 2426  10 
 2427  9 
 2428  8 
 2429  14 
 2430  10 
 2431  10 
 2432  9 
 2433  11 
 2434  13 
 2435  9 
 2436  9 
 2437  18 
 2438  16 
 2439  9 
 2440  11 
 2441  9 
 2442  16 
 2443  10 
 2444  10 
 2445  13 
 2446  13 
 2447  10 
 2448  16 
 2449  14 
 2450  9 
 2451  7 
 2452  7 
 2453  12 
 2454  13 
 2455  9 
 2456  12 
 2457  8 
 2458  10 
 2459  8 
 2460  10 
 2461  13 
 2462  13 
 2463  13 
 2464  15 
 2465  13 
 2466  17 
 2467  10 
 2468  11 
 2469  14 
 2470  13 
 2471  10 
 2472  9 
 2473  11 
 2474  13 
 2475  11 
 2476  16 
 2477  9 
 2478  8 
 2479  12 
 2480  14 
 2481  11 
 2482  6 
 2483  14 
 2484  17 
 2485  15 
 2486  8 
 2487  10 
 2488  12 
 2489  9 
 2490  20 
 2491  10 
 2492  19 
 2493  13 
 2494  19 
 2495  8 
 2496  12 
 2497  10 
 2498  15 
 2499  5 
 2500  12 
 2501  11 
 2502  12 
 2503  12 
 2504  16 
 2505  6 
 2506  10 
 2507  10 
 2508  8 
 2509  8 
 2510  12 
 2511  9 
 2512  12 
 2513  13 
 2514  7 
 2515  7 
 2516  7 
 2517  7 
 2518  12 
 2519  7 
 2520  10 
 2521  10 
 2522  16 
 2523  12 
 2524  9 
 2525  12 
 2526  19 
 2527  7 
 2528  9 
 2529  6 
 2530  12 
 2531  9 
 2532  9 
 2533  3 
 2534  7 
 2535  10 
 2536  15 
 2537  7 
 2538  15 
 2539  6 
 2540  5 
 2541  10 
 2542  11 
 2543  10 
 2544  13 
 2545  8 
 2546  7 
 2547  14 
 2548  8 
 2549  8 
 2550  6 
 2551  9 
 2552  12 
 2553  12 
 2554  8 
 2555  9 
 2556  11 
 2557  15 
 2558  16 
 2559  8 
 2560  8 
 2561  18 
 2562  14 
 2563  13 
 2564  11 
 2565  2 
 2566  7 
 2567  14 
 2568  10 
 2569  9 
 2570  12 
 2571  7 
 2572  10 
 2573  16 
 2574  10 
 2575  9 
 2576  8 
 2577  17 
 2578  13 
 2579  7 
 2580  15 
 2581  11 
 2582  9 
 2583  11 
 2584  12 
 2585  11 
 2586  14 
 2587  11 
 2588  4 
 2589  12 
 2590  7 
 2591  9 
 2592  7 
 2593  10 
 2594  12 
 2595  8 
 2596  8 
 2597  7 
 2598  9 
 2599  9 
 2600  10 
 2601  15 
 2602  16 
 2603  17 
 2604  11 
 2605  14 
 2606  9 
 2607  7 
 2608  9 
 2609  11 
 2610  6 
 2611  10 
 2612  9 
 2613  14 
 2614  11 
 2615  9 
 2616  10 
 2617  14 
 2618  15 
 2619  9 
 2620  14 
 2621  12 
 2622  8 
 2623  8 
 2624  7 
 2625  16 
 2626  10 
 2627  12 
 2628  11 
 2629  17 
 2630  13 
 2631  12 
 2632  11 
 2633  9 
 2634  11 
 2635  9 
 2636  12 
 2637  9 
 2638  7 
 2639  6 
 2640  14 
 2641  5 
 2642  15 
 2643  12 
 2644  6 
 2645  7 
 2646  9 
 2647  6 
 2648  13 
 2649  9 
 2650  4 
 2651  9 
 2652  11 
 2653  7 
 2654  11 
 2655  10 
 2656  8 
 2657  15 
 2658  13 
 2659  12 
 2660  6 
 2661  8 
 2662  13 
 2663  15 
 2664  6 
 2665  15 
 2666  10 
 2667  11 
 2668  4 
 2669  10 
 2670  10 
 2671  9 
 2672  8 
 2673  17 
 2674  10 
 2675  18 
 2676  7 
 2677  7 
 2678  14 
 2679  14 
 2680  11 
 2681  14 
 2682  11 
 2683  4 
 2684  12 
 2685  7 
 2686  15 
 2687  4 
 2688  5 
 2689  12 
 2690  5 
 2691  8 
 2692  11 
 2693  8 
 2694  6 
 2695  14 
 2696  12 
 2697  8 
 2698  17 
 2699  4 
 2700  10 
 2701  9 
 2702  7 
 2703  9 
 2704  5 
 2705  9 
 2706  10 
 2707  8 
 2708  13 
 2709  19 
 2710  13 
 2711  9 
 2712  13 
 2713  8 
 2714  10 
 2715  10 
 2716  15 
 2717  15 
 2718  10 
 2719  14 
 2720  9 
 2721  12 
 2722  6 
 2723  11 
 2724  9 
 2725  6 
 2726  10 
 2727  8 
 2728  5 
 2729  13 
 2730  7 
 2731  8 
 2732  9 
 2733  5 
 2734  9 
 2735  13 
 2736  9 
 2737  6 
 2738  6 
 2739  6 
 2740  8 
 2741  8 
 2742  9 
 2743  15 
 2744  9 
 2745  16 
 2746  8 
 2747  10 
 2748  8 
 2749  9 
 2750  16 
 2751  16 
 2752  13 
 2753  12 
 2754  8 
 2755  12 
 2756  12 
 2757  5 
 2758  11 
 2759  8 
 2760  9 
 2761  12 
 2762  6 
 2763  7 
 2764  12 
 2765  11 
 2766  6 
 2767  6 
 2768  9 
 2769  7 
 2770  9 
 2771  14 
 2772  8 
 2773  16 
 2774  5 
 2775  10 
 2776  14 
 2777  9 
 2778  10 
 2779  11 
 2780  8 
 2781  9 
 2782  7 
 2783  9 
 2784  6 
 2785  15 
 2786  11 
 2787  6 
 2788  13 
 2789  14 
 2790  12 
 2791  9 
 2792  5 
 2793  13 
 2794  16 
 2795  14 
 2796  16 
 2797  9 
 2798  10 
 2799  8 
 2800  16 
 2801  11 
 2802  7 
 2803  19 
 2804  9 
 2805  5 
 2806  15 
 2807  13 
 2808  9 
 2809  8 
 2810  7 
 2811  9 
 2812  9 
 2813  12 
 2814  9 
 2815  11 
 2816  11 
 2817  10 
 2818  11 
 2819  8 
 2820  10 
 2821  11 
 2822  7 
 2823  8 
 2824  7 
 2825  10 
 2826  8 
 2827  11 
 2828  9 
 2829  14 
 2830  7 
 2831  9 
 2832  13 
 2833  11 
 2834  16 
 2835  8 
 2836  7 
 2837  11 
 2838  11 
 2839  10 
 2840  14 
 2841  9 
 2842  15 
 2843  8 
 2844  13 
 2845  10 
 2846  9 
 2847  17 
 2848  11 
 2849  12 
 2850  11 
 2851  14 
 2852  11 
 2853  8 
 2854  12 
 2855  16 
 2856  6 
 2857  13 
 2858  7 
 2859  7 
 2860  6 
 2861  16 
 2862  10 
 2863  11 
 2864  9 
 2865  16 
 2866  11 
 2867  5 
 2868  7 
 2869  8 
 2870  9 
 2871  7 
 2872  4 
 2873  11 
 2874  10 
 2875  7 
 2876  11 
 2877  8 
 2878  10 
 2879  13 
 2880  13 
 2881  3 
 2882  6 
 2883  5 
 2884  11 
 2885  11 
 2886  15 
 2887  10 
 2888  13 
 2889  11 
 2890  12 
 2891  6 
 2892  10 
 2893  12 
 2894  8 
 2895  6 
 2896  11 
 2897  7 
 2898  7 
 2899  8 
 2900  10 
 2901  12 
 2902  6 
 2903  13 
 2904  12 
 2905  6 
 2906  9 
 2907  11 
 2908  9 
 2909  9 
 2910  11 
 2911  9 
 2912  7 
 2913  6 
 2914  12 
 2915  15 
 2916  10 
 2917  7 
 2918  13 
 2919  11 
 2920  9 
 2921  7 
 2922  8 
 2923  7 
 2924  10 
 2925  4 
 2926  12 
 2927  7 
 2928  9 
 2929  8 
 2930  14 
 2931  14 
 2932  7 
 2933  11 
 2934  13 
 2935  12 
 2936  9 
 2937  14 
 2938  13 
 2939  12 
 2940  13 
 2941  11 
 2942  13 
 2943  13 
 2944  10 
 2945  7 
 2946  8 
 2947  11 
 2948  12 
 2949  6 
 2950  8 
 2951  10 
 2952  8 
 2953  14 
 2954  13 
 2955  9 
 2956  7 
 2957  6 
 2958  9 
 2959  6 
 2960  9 
 2961  8 
 2962  6 
 2963  11 
 2964  13 
 2965  8 
 2966  8 
 2967  13 
 2968  13 
 2969  7 
 2970  6 
 2971  11 
 2972  8 
 2973  6 
 2974  14 
 2975  5 
 2976  12 
 2977  11 
 2978  8 
 2979  12 
 2980  9 
 2981  13 
 2982  16 
 2983  11 
 2984  9 
 2985  13 
 2986  4 
 2987  6 
 2988  9 
 2989  14 
 2990  12 
 2991  14 
 2992  8 
 2993  5 
 2994  21 
 2995  13 
 2996  12 
 2997  8 
 2998  18 
 2999  8 
 3000  7 
 3001  19 
 3002  14 
 3003  14 
 3004  10 
 3005  14 
 3006  16 
 3007  17 
 3008  20 
 3009  14 
 3010  16 
 3011  14 
 3012  18 
 3013  15 
 3014  14 
 3015  12 
 3016  19 
 3017  20 
 3018  20 
 3019  15 
 3020  12 
 3021  20 
 3022  20 
 3023  19 
 3024  19 
 3025  12 
 3026  12 
 3027  10 
 3028  21 
 3029  18 
 3030  10 
 3031  18 
 3032  13 
 3033  17 
 3034  15 
 3035  19 
 3036  18 
 3037  15 
 3038  12 
 3039  15 
 3040  9 
 3041  10 
 3042  13 
 3043  13 
 3044  19 
 3045  11 
 3046  14 
 3047  8 
 3048  14 
 3049  13 
 3050  14 
 3051  20 
 3052  9 
 3053  12 
 3054  12 
 3055  7 
 3056  11 
 3057  8 
 3058  12 
 3059  11 
 3060  9 
 3061  12 
 3062  13 
 3063  5 
 3064  20 
 3065  11 
 3066  12 
 3067  5 
 3068  10 
 3069  15 
 3070  13 
 3071  5 
 3072  12 
 3073  11 
 3074  12 
 3075  13 
 3076  4 
 3077  16 
 3078  14 
 3079  4 
 3080  7 
 3081  8 
 3082  13 
 3083  8 
 3084  9 
 3085  11 
 3086  13 
 3087  11 
 3088  9 
 3089  13 
 3090  4 
 3091  7 
 3092  11 
 3093  8 
 3094  12 
 3095  9 
 3096  11 
 3097  11 
 3098  7 
 3099  13 
 3100  4 
 3101  10 
 3102  15 
 3103  11 
 3104  12 
 3105  8 
 3106  15 
 3107  12 
 3108  12 
 3109  14 
 3110  10 
 3111  9 
 3112  7 
 3113  5 
 3114  6 
 3115  6 
 3116  10 
 3117  10 
 3118  11 
 3119  16 
 3120  6 
 3121  10 
 3122  7 
 3123  7 
 3124  7 
 3125  7 
 3126  5 
 3127  13 
 3128  4 
 3129  12 
 3130  10 
 3131  15 
 3132  6 
 3133  6 
 3134  9 
 3135  14 
 3136  6 
 3137  9 
 3138  1 
 3139  12 
 3140  7 
 3141  6 
 3142  5 
 3143  9 
 3144  9 
 3145  17 
 3146  17 
 3147  9 
 3148  10 
 3149  7 
 3150  8 
 3151  6 
 3152  10 
 3153  8 
 3154  8 
 3155  7 
 3156  11 
 3157  14 
 3158  11 
 3159  10 
 3160  9 
 3161  14 
 3162  8 
 3163  10 
 3164  9 
 3165  8 
 3166  13 
 3167  10 
 3168  11 
 3169  6 
 3170  18 
 3171  12 
 3172  5 
 3173  13 
 3174  5 
 3175  16 
 3176  5 
 3177  8 
 3178  8 
 3179  9 
 3180  16 
 3181  7 
 3182  9 
 3183  8 
 3184  12 
 3185  5 
 3186  10 
 3187  8 
 3188  8 
 3189  8 
 3190  5 
 3191  12 
 3192  7 
 3193  8 
 3194  15 
 3195  10 
 3196  12 
 3197  7 
 3198  8 
 3199  9 
 3200  12 
 3201  7 
 3202  7 
 3203  8 
 3204  12 
 3205  10 
 3206  9 
 3207  10 
 3208  12 
 3209  7 
 3210  10 
 3211  8 
 3212  14 
 3213  9 
 3214  10 
 3215  11 
 3216  4 
 3217  12 
 3218  10 
 3219  6 
 3220  7 
 3221  4 
 3222  7 
 3223  8 
 3224  5 
 3225  14 
 3226  10 
 3227  9 
 3228  7 
 3229  13 
 3230  9 
 3231  13 
 3232  10 
 3233  4 
 3234  6 
 3235  7 
 3236  6 
 3237  9 
 3238  7 
 3239  9 
 3240  7 
 3241  9 
 3242  16 
 3243  6 
 3244  8 
 3245  4 
 3246  10 
 3247  7 
 3248  12 
 3249  8 
 3250  9 
 3251  7 
 3252  8 
 3253  16 
 3254  7 
 3255  8 
 3256  16 
 3257  12 
 3258  7 
 3259  8 
 3260  9 
 3261  10 
 3262  14 
 3263  8 
 3264  8 
 3265  11 
 3266  7 
 3267  10 
 3268  6 
 3269  8 
 3270  11 
 3271  10 
 3272  9 
 3273  10 
 3274  10 
 3275  7 
 3276  7 
 3277  6 
 3278  6 
 3279  10 
 3280  7 
 3281  11 
 3282  6 
 3283  8 
 3284  10 
 3285  8 
 3286  7 
 3287  10 
 3288  7 
 3289  6 
 3290  11 
 3291  10 
 3292  9 
 3293  11 
 3294  9 
 3295  7 
 3296  10 
 3297  9 
 3298  10 
 3299  6 
 3300  6 
 3301  12 
 3302  5 
 3303  6 
 3304  9 
 3305  10 
 3306  13 
 3307  9 
 3308  14 
 3309  7 
 3310  7 
 3311  10 
 3312  8 
 3313  6 
 3314  12 
 3315  12 
 3316  12 
 3317  8 
 3318  9 
 3319  13 
 3320  7 
 3321  7 
 3322  8 
 3323  6 
 3324  12 
 3325  8 
 3326  7 
 3327  6 
 3328  8 
 3329  8 
 3330  8 
 3331  11 
 3332  11 
 3333  16 
 3334  10 
 3335  10 
 3336  9 
 3337  8 
 3338  7 
 3339  9 
 3340  9 
 3341  9 
 3342  10 
 3343  5 
 3344  7 
 3345  10 
 3346  9 
 3347  10 
 3348  13 
 3349  6 
 3350  12 
 3351  12 
 3352  5 
 3353  11 
 3354  8 
 3355  14 
 3356  9 
 3357  6 
 3358  5 
 3359  13 
 3360  7 
 3361  3 
 3362  6 
 3363  10 
 3364  12 
 3365  6 
 3366  15 
 3367  7 
 3368  13 
 3369  3 
 3370  7 
 3371  11 
 3372  5 
 3373  15 
 3374  12 
 3375  7 
 3376  3 
 3377  11 
 3378  14 
 3379  11 
 3380  9 
 3381  6 
 3382  10 
 3383  9 
 3384  10 
 3385  8 
 3386  5 
 3387  9 
 3388  11 
 3389  9 
 3390  5 
 3391  12 
 3392  10 
 3393  7 
 3394  8 
 3395  6 
 3396  5 
 3397  13 
 3398  8 
 3399  12 
 3400  8 
 3401  10 
 3402  6 
 3403  5 
 3404  7 
 3405  9 
 3406  4 
 3407  6 
 3408  12 
 3409  5 
 3410  11 
 3411  15 
 3412  7 
 3413  5 
 3414  8 
 3415  10 
 3416  14 
 3417  6 
 3418  6 
 3419  11 
 3420  12 
 3421  16 
 3422  5 
 3423  7 
 3424  9 
 3425  11 
 3426  7 
 3427  8 
 3428  5 
 3429  11 
 3430  5 
 3431  5 
 3432  7 
 3433  13 
 3434  10 
 3435  9 
 3436  9 
 3437  7 
 3438  9 
 3439  6 
 3440  9 
 3441  12 
 3442  5 
 3443  12 
 3444  7 
 3445  6 
 3446  8 
 3447  10 
 3448  9 
 3449  8 
 3450  7 
 3451  8 
 3452  11 
 3453  8 
 3454  5 
 3455  13 
 3456  2 
 3457  5 
 3458  8 
 3459  3 
 3460  8 
 3461  8 
 3462  6 
 3463  12 
 3464  10 
 3465  10 
 3466  7 
 3467  3 
 3468  6 
 3469  11 
 3470  5 
 3471  9 
 3472  8 
 3473  8 
 3474  4 
 3475  5 
 3476  9 
 3477  6 
 3478  8 
 3479  10 
 3480  6 
 3481  2 
 3482  5 
 3483  9 
 3484  11 
 3485  8 
 3486  2 
 3487  7 
 3488  3 
 3489  13 
 3490  6 
 3491  8 
 3492  7 
 3493  9 
 3494  9 
 3495  9 
 3496  6 
 3497  8 
 3498  6 
 3499  11 
 3500  9 
 3501  10 
 3502  7 
 3503  16 
 3504  8 
 3505  3 
 3506  5 
 3507  13 
 3508  8 
 3509  10 
 3510  4 
 3511  7 
 3512  12 
 3513  9 
 3514  7 
 3515  7 
 3516  4 
 3517  2 
 3518  3 
 3519  8 
 3520  4 
 3521  5 
 3522  9 
 3523  8 
 3524  3 
 3525  9 
 3526  10 
 3527  7 
 3528  13 
 3529  13 
 3530  6 
 3531  7 
 3532  9 
 3533  3 
 3534  15 
 3535  13 
 3536  14 
 3537  6 
 3538  6 
 3539  11 
 3540  8 
 3541  12 
 3542  4 
 3543  6 
 3544  13 
 3545  2 
 3546  8 
 3547  14 
 3548  10 
 3549  4 
 3550  7 
 3551  5 
 3552  6 
 3553  4 
 3554  14 
 3555  8 
 3556  10 
 3557  5 
 3558  4 
 3559  7 
 3560  6 
 3561  3 
 3562  10 
 3563  4 
 3564  7 
 3565  5 
 3566  7 
 3567  5 
 3568  8 
 3569  9 
 3570  8 
 3571  11 
 3572  9 
 3573  5 
 3574  10 
 3575  6 
 3576  6 
 3577  8 
 3578  6 
 3579  5 
 3580  7 
 3581  8 
 3582  7 
 3583  9 
 3584  5 
 3585  9 
 3586  6 
 3587  9 
 3588  6 
 3589  10 
 3590  5 
 3591  7 
 3592  8 
 3593  10 
 3594  10 
 3595  4 
 3596  6 
 3597  7 
 3598  14 
 3599  4 
 3600  12 
 3601  4 
 3602  1 
 3603  5 
 3604  13 
 3605  15 
 3606  9 
 3607  10 
 3608  7 
 3609  10 
 3610  8 
 3611  7 
 3612  9 
 3613  6 
 3614  9 
 3615  11 
 3616  10 
 3617  10 
 3618  4 
 3619  10 
 3620  6 
 3621  9 
 3622  17 
 3623  8 
 3624  9 
 3625  8 
 3626  9 
 3627  4 
 3628  4 
 3629  3 
 3630  4 
 3631  9 
 3632  9 
 3633  6 
 3634  8 
 3635  8 
 3636  7 
 3637  8 
 3638  6 
 3639  6 
 3640  7 
 3641  5 
 3642  9 
 3643  4 
 3644  9 
 3645  4 
 3646  12 
 3647  11 
 3648  8 
 3649  9 
 3650  6 
 3651  8 
 3652  8 
 3653  10 
 3654  12 
 3655  9 
 3656  4 
 3657  4 
 3658  12 
 3659  7 
 3660  9 
 3661  12 
 3662  6 
 3663  7 
 3664  6 
 3665  7 
 3666  4 
 3667  9 
 3668  5 
 3669  7 
 3670  13 
 3671  9 
 3672  10 
 3673  12 
 3674  10 
 3675  12 
 3676  7 
 3677  8 
 3678  5 
 3679  9 
 3680  3 
 3681  6 
 3682  6 
 3683  9 
 3684  5 
 3685  6 
 3686  11 
 3687  8 
 3688  11 
 3689  11 
 3690  6 
 3691  10 
 3692  10 
 3693  9 
 3694  13 
 3695  5 
 3696  11 
 3697  4 
 3698  6 
 3699  7 
 3700  8 
 3701  7 
 3702  4 
 3703  10 
 3704  7 
 3705  11 
 3706  8 
 3707  14 
 3708  7 
 3709  8 
 3710  4 
 3711  11 
 3712  9 
 3713  18 
 3714  8 
 3715  6 
 3716  3 
 3717  11 
 3718  10 
 3719  11 
 3720  5 
 3721  10 
 3722  10 
 3723  4 
 3724  7 
 3725  7 
 3726  7 
 3727  7 
 3728  12 
 3729  9 
 3730  7 
 3731  11 
 3732  9 
 3733  3 
 3734  15 
 3735  11 
 3736  14 
 3737  10 
 3738  12 
 3739  7 
 3740  12 
 3741  9 
 3742  10 
 3743  16 
 3744  9 
 3745  12 
 3746  8 
 3747  22 
 3748  13 
 3749  16 
 3750  9 
 3751  11 
 3752  12 
 3753  19 
 3754  18 
 3755  9 
 3756  11 
 3757  17 
 3758  12 
 3759  16 
 3760  13 
 3761  14 
 3762  17 
 3763  15 
 3764  12 
 3765  17 
 3766  17 
 3767  21 
 3768  13 
 3769  21 
 3770  17 
 3771  15 
 3772  17 
 3773  16 
 3774  15 
 3775  21 
 3776  17 
 3777  11 
 3778  14 
 3779  18 
 3780  14 
 3781  19 
 3782  16 
 3783  11 
 3784  14 
 3785  17 
 3786  22 
 3787  14 
 3788  22 
 3789  13 
 3790  15 
 3791  20 
 3792  11 
 3793  17 
 3794  23 
 3795  16 
 3796  19 
 3797  15 
 3798  16 
 3799  11 
 3800  14 
 3801  16 
 3802  15 
 3803  18 
 3804  13 
 3805  13 
 3806  15 
 3807  10 
 3808  9 
 3809  11 
 3810  8 
 3811  13 
 3812  11 
 3813  8 
 3814  12 
 3815  12 
 3816  10 
 3817  13 
 3818  12 
 3819  11 
 3820  12 
 3821  12 
 3822  3 
 3823  12 
 3824  13 
 3825  8 
 3826  7 
 3827  11 
 3828  13 
 3829  5 
 3830  7 
 3831  8 
 3832  6 
 3833  4 
 3834  6 
 3835  7 
 3836  12 
 3837  6 
 3838  8 
 3839  16 
 3840  8 
 3841  8 
 3842  10 
 3843  8 
 3844  11 
 3845  18 
 3846  20 
 3847  20 
 3848  17 
 3849  16 
 3850  23 
 3851  18 
 3852  22 
 3853  15 
 3854  26 
 3855  26 
 3856  22 
 3857  24 
 3858  28 
 3859  23 
 3860  40 
 3861  30 
 3862  32 
 3863  23 
 3864  35 
 3865  39 
 3866  32 
 3867  40 
 3868  35 
 3869  52 
 3870  33 
 3871  38 
 3872  51 
 3873  45 
 3874  56 
 3875  66 
 3876  71 
 3877  57 
 3878  57 
 3879  66 
 3880  80 
 3881  69 
 3882  80 
 3883  75 
 3884  87 
 3885  75 
 3886  80 
 3887  87 
 3888  83 
 3889  87 
 3890  81 
 3891  112 
 3892  96 
 3893  86 
 3894  80 
 3895  91 
 3896  81 
 3897  103 
 3898  95 
 3899  88 
 3900  96 
 3901  98 
 3902  108 
 3903  80 
 3904  89 
 3905  91 
 3906  90 
 3907  79 
 3908  80 
 3909  94 
 3910  82 
 3911  100 
 3912  81 
 3913  97 
 3914  75 
 3915  56 
 3916  74 
 3917  50 
 3918  70 
 3919  57 
 3920  67 
 3921  54 
 3922  48 
 3923  47 
 3924  40 
 3925  45 
 3926  40 
 3927  40 
 3928  27 
 3929  28 
 3930  30 
 3931  23 
 3932  23 
 3933  24 
 3934  27 
 3935  20 
 3936  20 
 3937  13 
 3938  18 
 3939  14 
 3940  13 
 3941  12 
 3942  9 
 3943  14 
 3944  10 
 3945  9 
 3946  8 
 3947  15 
 3948  9 
 3949  10 
 3950  6 
 3951  6 
 3952  6 
 3953  14 
 3954  9 
 3955  8 
 3956  6 
 3957  4 
 3958  11 
 3959  4 
 3960  9 
 3961  10 
 3962  7 
 3963  3 
 3964  7 
 3965  7 
 3966  9 
 3967  10 
 3968  1 
 3969  4 
 3970  9 
 3971  8 
 3972  8 
 3973  8 
 3974  9 
 3975  3 
 3976  7 
 3977  9 
 3978  11 
 3979  7 
 3980  8 
 3981  5 
 3982  6 
 3983  6 
 3984  9 
 3985  7 
 3986  4 
 3987  10 
 3988  10 
 3989  3 
 3990  9 
 3991  3 
 3992  8 
 3993  4 
 3994  8 
 3995  3 
 3996  8 
 3997  3 
 3998  10 
 3999  14 
 4000  9 
 4001  5 
 4002  7 
 4003  15 
 4004  6 
 4005  6 
 4006  5 
 4007  5 
 4008  9 
 4009  12 
 4010  8 
 4011  8 
 4012  7 
 4013  9 
 4014  9 
 4015  6 
 4016  11 
 4017  10 
 4018  8 
 4019  12 
 4020  7 
 4021  8 
 4022  3 
 4023  7 
 4024  11 
 4025  8 
 4026  11 
 4027  6 
 4028  10 
 4029  7 
 4030  10 
 4031  5 
 4032  13 
 4033  9 
 4034  5 
 4035  6 
 4036  7 
 4037  10 
 4038  11 
 4039  12 
 4040  9 
 4041  11 
 4042  4 
 4043  10 
 4044  5 
 4045  4 
 4046  9 
 4047  5 
 4048  8 
 4049  11 
 4050  6 
 4051  4 
 4052  13 
 4053  16 
 4054  4 
 4055  11 
 4056  7 
 4057  11 
 4058  6 
 4059  9 
 4060  5 
 4061  6 
 4062  3 
 4063  4 
 4064  8 
 4065  7 
 4066  11 
 4067  10 
 4068  12 
 4069  10 
 4070  9 
 4071  6 
 4072  7 
 4073  3 
 4074  7 
 4075  10 
 4076  6 
 4077  6 
 4078  11 
 4079  10 
 4080  8 
 4081  11 
 4082  12 
 4083  8 
 4084  7 
 4085  5 
 4086  8 
 4087  10 
 4088  9 
 4089  9 
 4090  10 
 4091  6 
 4092  3 
 4093  5 
 4094  7 
 4095  8 
 4096  9 
 4097  12 
 4098  5 
 4099  4 
 4100  9 
 4101  10 
 4102  6 
 4103  9 
 4104  9 
 4105  13 
 4106  7 
 4107  3 
 4108  7 
 4109  10 
 4110  6 
 4111  18 
 4112  11 
 4113  6 
 4114  6 
 4115  8 
 4116  6 
 4117  13 
 4118  9 
 4119  7 
 4120  9 
 4121  7 
 4122  12 
 4123  10 
 4124  7 
 4125  10 
 4126  8 
 4127  13 
 4128  8 
 4129  19 
 4130  13 
 4131  18 
 4132  9 
 4133  7 
 4134  9 
 4135  10 
 4136  13 
 4137  17 
 4138  15 
 4139  17 
 4140  17 
 4141  9 
 4142  11 
 4143  14 
 4144  11 
 4145  16 
 4146  15 
 4147  14 
 4148  12 
 4149  14 
 4150  15 
 4151  12 
 4152  23 
 4153  21 
 4154  13 
 4155  17 
 4156  31 
 4157  25 
 4158  27 
 4159  33 
 4160  37 
 4161  39 
 4162  20 
 4163  34 
 4164  30 
 4165  47 
 4166  35 
 4167  50 
 4168  44 
 4169  60 
 4170  68 
 4171  64 
 4172  61 
 4173  71 
 4174  66 
 4175  85 
 4176  97 
 4177  100 
 4178  96 
 4179  108 
 4180  113 
 4181  129 
 4182  128 
 4183  168 
 4184  167 
 4185  168 
 4186  182 
 4187  220 
 4188  225 
 4189  248 
 4190  255 
 4191  290 
 4192  308 
 4193  337 
 4194  377 
 4195  451 
 4196  416 
 4197  504 
 4198  528 
 4199  562 
 4200  637 
 4201  686 
 4202  722 
 4203  831 
 4204  907 
 4205  911 
 4206  1046 
 4207  1077 
 4208  1253 
 4209  1272 
 4210  1376 
 4211  1394 
 4212  1521 
 4213  1640 
 4214  1661 
 4215  1712 
 4216  1762 
 4217  1760 
 4218  1916 
 4219  1781 
 4220  1872 
 4221  1798 
 4222  1862 
 4223  1783 
 4224  1740 
 4225  1709 
 4226  1746 
 4227  1636 
 4228  1472 
 4229  1489 
 4230  1353 
 4231  1230 
 4232  1191 
 4233  1038 
 4234  1028 
 4235  927 
 4236  830 
 4237  734 
 4238  692 
 4239  632 
 4240  537 
 4241  487 
 4242  427 
 4243  342 
 4244  341 
 4245  277 
 4246  234 
 4247  218 
 4248  190 
 4249  158 
 4250  164 
 4251  124 
 4252  98 
 4253  102 
 4254  76 
 4255  81 
 4256  62 
 4257  52 
 4258  47 
 4259  43 
 4260  41 
 4261  35 
 4262  35 
 4263  34 
 4264  25 
 4265  28 
 4266  21 
 4267  18 
 4268  25 
 4269  22 
 4270  12 
 4271  11 
 4272  16 
 4273  18 
 4274  13 
 4275  8 
 4276  14 
 4277  13 
 4278  10 
 4279  10 
 4280  12 
 4281  9 
 4282  12 
 4283  11 
 4284  11 
 4285  10 
 4286  10 
 4287  12 
 4288  9 
 4289  12 
 4290  13 
 4291  9 
 4292  10 
 4293  11 
 4294  8 
 4295  14 
 4296  8 
 4297  7 
 4298  6 
 4299  15 
 4300  9 
 4301  11 
 4302  9 
 4303  11 
 4304  11 
 4305  15 
 4306  11 
 4307  19 
 4308  15 
 4309  24 
 4310  16 
 4311  18 
 4312  25 
 4313  20 
 4314  26 
 4315  35 
 4316  29 
 4317  36 
 4318  39 
 4319  36 
 4320  48 
 4321  45 
 4322  60 
 4323  57 
 4324  44 
 4325  46 
 4326  56 
 4327  62 
 4328  61 
 4329  64 
 4330  52 
 4331  59 
 4332  78 
 4333  72 
 4334  50 
 4335  66 
 4336  61 
 4337  59 
 4338  67 
 4339  57 
 4340  54 
 4341  58 
 4342  53 
 4343  52 
 4344  44 
 4345  43 
 4346  38 
 4347  31 
 4348  30 
 4349  36 
 4350  27 
 4351  19 
 4352  21 
 4353  13 
 4354  24 
 4355  15 
 4356  15 
 4357  13 
 4358  14 
 4359  9 
 4360  8 
 4361  7 
 4362  8 
 4363  5 
 4364  7 
 4365  4 
 4366  4 
 4367  5 
 4368  6 
 4369  4 
 4370  7 
 4371  3 
 4372  5 
 4373  6 
 4374  6 
 4375  9 
 4376  3 
 4377  4 
 4378  5 
 4379  1 
 4380  6 
 4381  4 
 4382  1 
 4383  7 
 4384  3 
 4385  5 
 4386  8 
 4387  3 
 4388  2 
 4389  3 
 4390  2 
 4391  2 
 4392  2 
 4393  4 
 4394  6 
 4395  5 
 4396  4 
 4397  3 
 4398  2 
 4399  3 
 4400  5 
 4401  4 
 4402  5 
 4403  3 
 4404  3 
 4405  5 
 4406  6 
 4407  5 
 4408  2 
 4409  1 
 4410  7 
 4411  4 
 4412  3 
 4413  2 
 4414  3 
 4415  4 
 4416  5 
 4417  4 
 4418  4 
 4419  6 
 4420  4 
 4421  8 
 4422  8 
 4423  9 
 4424  4 
 4425  8 
 4426  11 
 4427  3 
 4428  10 
 4429  6 
 4430  5 
 4431  8 
 4432  6 
 4433  5 
 4434  5 
 4435  5 
 4436  11 
 4437  17 
 4438  5 
 4439  6 
 4440  15 
 4441  7 
 4442  13 
 4443  14 
 4444  16 
 4445  17 
 4446  11 
 4447  14 
 4448  13 
 4449  21 
 4450  17 
 4451  21 
 4452  24 
 4453  21 
 4454  21 
 4455  29 
 4456  44 
 4457  37 
 4458  32 
 4459  42 
 4460  49 
 4461  54 
 4462  56 
 4463  56 
 4464  70 
 4465  68 
 4466  94 
 4467  102 
 4468  109 
 4469  115 
 4470  132 
 4471  126 
 4472  134 
 4473  137 
 4474  169 
 4475  178 
 4476  214 
 4477  208 
 4478  248 
 4479  243 
 4480  274 
 4481  314 
 4482  297 
 4483  290 
 4484  367 
 4485  349 
 4486  296 
 4487  410 
 4488  443 
 4489  419 
 4490  488 
 4491  545 
 4492  536 
 4493  512 
 4494  523 
 4495  632 
 4496  631 
 4497  641 
 4498  667 
 4499  695 
 4500  683 
 4501  732 
 4502  748 
 4503  761 
 4504  778 
 4505  821 
 4506  801 
 4507  850 
 4508  822 
 4509  845 
 4510  877 
 4511  845 
 4512  853 
 4513  820 
 4514  832 
 4515  870 
 4516  820 
 4517  798 
 4518  853 
 4519  726 
 4520  707 
 4521  690 
 4522  648 
 4523  631 
 4524  603 
 4525  621 
 4526  572 
 4527  507 
 4528  494 
 4529  436 
 4530  436 
 4531  388 
 4532  334 
 4533  312 
 4534  283 
 4535  288 
 4536  239 
 4537  237 
 4538  194 
 4539  149 
 4540  146 
 4541  122 
 4542  138 
 4543  99 
 4544  90 
 4545  65 
 4546  51 
 4547  56 
 4548  48 
 4549  39 
 4550  40 
 4551  36 
 4552  26 
 4553  17 
 4554  17 
 4555  22 
 4556  17 
 4557  10 
 4558  8 
 4559  14 
 4560  6 
 4561  8 
 4562  10 
 4563  4 
 4564  9 
 4565  8 
 4566  5 
 4567  6 
 4568  8 
 4569  18 
 4570  11 
 4571  12 
 4572  14 
 4573  19 
 4574  21 
 4575  13 
 4576  14 
 4577  11 
 4578  18 
 4579  18 
 4580  23 
 4581  20 
 4582  35 
 4583  27 
 4584  35 
 4585  49 
 4586  40 
 4587  45 
 4588  37 
 4589  63 
 4590  51 
 4591  61 
 4592  68 
 4593  81 
 4594  62 
 4595  74 
 4596  79 
 4597  94 
 4598  83 
 4599  104 
 4600  104 
 4601  81 
 4602  93 
 4603  93 
 4604  96 
 4605  99 
 4606  87 
 4607  76 
 4608  86 
 4609  75 
 4610  65 
 4611  51 
 4612  62 
 4613  59 
 4614  47 
 4615  44 
 4616  48 
 4617  35 
 4618  27 
 4619  25 
 4620  21 
 4621  22 
 4622  21 
 4623  28 
 4624  20 
 4625  20 
 4626  14 
 4627  10 
 4628  15 
 4629  14 
 4630  10 
 4631  8 
 4632  16 
 4633  16 
 4634  10 
 4635  9 
 4636  15 
 4637  12 
 4638  12 
 4639  14 
 4640  8 
 4641  13 
 4642  8 
 4643  13 
 4644  9 
 4645  15 
 4646  14 
 4647  15 
 4648  13 
 4649  12 
 4650  7 
 4651  6 
 4652  9 
 4653  15 
 4654  3 
 4655  11 
 4656  8 
 4657  11 
 4658  10 
 4659  13 
 4660  7 
 4661  8 
 4662  11 
 4663  10 
 4664  9 
 4665  5 
 4666  10 
 4667  7 
 4668  12 
 4669  11 
 4670  7 
 4671  5 
 4672  5 
 4673  2 
 4674  3 
 4675  4 
 4676  5 
 4677  3 
 4678  4 
 4679  1 
 4680  1 
 4681  3 
 4682  0 
 4683  2 
 4684  1 
 4685  0 
 4686  3 
 4687  0 
 4688  0 
 4689  1 
 4690  0 
 4691  0 
 4692  1 
 4693  0 
 4694  1 
 4695  0 
 4696  1 
 4697  0 
 4698  0 
 4699  1 
 4700  0 
 4701  0 
 4702  0 
 4703  0 
 4704  0 
 4705  1 
 4706  0 
 4707  0 
 4708  0 
 4709  0 
 4710  0 
 4711  0 
 4712  0 
 4713  0 
 4714  1 
 4715  0 
 4716  1 
 4717  1 
 4718  0 
 4719  0 
 4720  0 
 4721  0 
 4722  0 
 4723  0 
 4724  0 
 4725  0 
 4726  0 
 4727  1 
 4728  0 
 4729  0 
 4730  0 
 4731  0 
 4732  0 
 4733  0 
 4734  0 
 4735  0 
 4736  0 
 4737  1 
 4738  0 
 4739  0 
 4740  0 
 4741  0 
 4742  0 
 4743  0 
 4744  0 
 4745  0 
 4746  0 
 4747  0 
 4748  0 
 4749  0 
 4750  0 
 4751  1 
 4752  1 
 4753  0 
 4754  0 
 4755  0 
 4756  0 
 4757  0 
 4758  0 
 4759  0 
 4760  0 
 4761  0 
 4762  1 
 4763  0 
 4764  0 
 4765  0 
 4766  0 
 4767  0 
 4768  0 
 4769  0 
 4770  0 
 4771  0 
 4772  1 
 4773  0 
 4774  0 
 4775  0 
 4776  0 
 4777  0 
 4778  0 
 4779  0 
 4780  1 
 4781  0 
 4782  0 
 4783  0 
 4784  0 
 4785  1 
 4786  0 
 4787  0 
 4788  0 
 4789  0 
 4790  0 
 4791  0 
 4792  0 
 4793  0 
 4794  0 
 4795  0 
 4796  0 
 4797  0 
 4798  0 
 4799  0 
 4800  1 
 4801  0 
 4802  0 
 4803  0 
 4804  0 
 4805  0 
 4806  0 
 4807  0 
 4808  0 
 4809  0 
 4810  0 
 4811  0 
 4812  0 
 4813  0 
 4814  0 
 4815  0 
 4816  0 
 4817  0 
 4818  0 
 4819  0 
 4820  0 
 4821  0 
 4822  0 
 4823  0 
 4824  0 
 4825  0 
 4826  0 
 4827  0 
 4828  0 
 4829  0 
 4830  0 
 4831  0 
 4832  0 
 4833  0 
 4834  0 
 4835  0 
 4836  1 
 4837  0 
 4838  0 
 4839  0 
 4840  0 
 4841  1 
 4842  0 
 4843  0 
 4844  0 
 4845  0 
 4846  0 
 4847  1 
 4848  0 
 4849  0 
 4850  0 
 4851  0 
 4852  0 
 4853  0 
 4854  0 
 4855  0 
 4856  0 
 4857  0 
 4858  0 
 4859  0 
 4860  0 
 4861  0 
 4862  0 
 4863  1 
 4864  0 
 4865  0 
 4866  0 
 4867  0 
 4868  0 
 4869  0 
 4870  0 
 4871  0 
 4872  1 
 4873  0 
 4874  0 
 4875  0 
 4876  0 
 4877  2 
 4878  0 
 4879  0 
 4880  1 
 4881  0 
 4882  0 
 4883  0 
 4884  0 
 4885  0 
 4886  0 
 4887  0 
 4888  0 
 4889  0 
 4890  0 
 4891  0 
 4892  0 
 4893  0 
 4894  0 
 4895  0 
 4896  0 
 4897  0 
 4898  1 
 4899  0 
 4900  0 
 4901  1 
 4902  0 
 4903  1 
 4904  0 
 4905  0 
 4906  0 
 4907  0 
 4908  0 
 4909  0 
 4910  1 
 4911  0 
 4912  0 
 4913  0 
 4914  0 
 4915  1 
 4916  0 
 4917  0 
 4918  0 
 4919  0 
 4920  0 
 4921  1 
 4922  0 
 4923  0 
 4924  0 
 4925  0 
 4926  0 
 4927  0 
 4928  0 
 4929  1 
 4930  0 
 4931  0 
 4932  0 
 4933  1 
 4934  0 
 4935  0 
 4936  0 
 4937  0 
 4938  0 
 4939  0 
 4940  0 
 4941  0 
 4942  0 
 4943  0 
 4944  0 
 4945  0 
 4946  0 
 4947  1 
 4948  0 
 4949  0 
 4950  0 
 4951  0 
 4952  0 
 4953  0 
 4954  0 
 4955  1 
 4956  0 
 4957  0 
 4958  0 
 4959  0 
 4960  1 
 4961  0 
 4962  0 
 4963  0 
 4964  0 
 4965  0 
 4966  0 
 4967  0 
 4968  0 
 4969  0 
 4970  0 
 4971  0 
 4972  0 
 4973  0 
 4974  0 
 4975  0 
 4976  0 
 4977  0 
 4978  0 
 4979  0 
 4980  0 
 4981  0 
 4982  0 
 4983  0 
 4984  1 
 4985  0 
 4986  0 
 4987  0 
 4988  0 
 4989  1 
 4990  0 
 4991  0 
 4992  0 
 4993  0 
 4994  1 
 4995  0 
 4996  0 
 4997  0 
 4998  0 
 4999  0 
 5000  0 
 5001  0 
 5002  0 
 5003  0 
 5004  1 
 5005  0 
 5006  0 
 5007  0 
 5008  1 
 5009  0 
 5010  0 
 5011  0 
 5012  0 
 5013  0 
 5014  0 
 5015  0 
 5016  0 
 5017  0 
 5018  0 
 5019  0 
 5020  1 
 5021  0 
 5022  0 
 5023  0 
 5024  0 
 5025  0 
 5026  0 
 5027  0 
 5028  0 
 5029  0 
 5030  0 
 5031  0 
 5032  0 
 5033  0 
 5034  1 
 5035  0 
 5036  0 
 5037  0 
 5038  0 
 5039  0 
 5040  0 
 5041  0 
 5042  0 
 5043  0 
 5044  0 
 5045  0 
 5046  0 
 5047  0 
 5048  0 
 5049  0 
 5050  0 
 5051  0 
 5052  0 
 5053  0 
 5054  0 
 5055  0 
 5056  0 
 5057  0 
 5058  0 
 5059  1 
 5060  0 
 5061  0 
 5062  0 
 5063  0 
 5064  0 
 5065  0 
 5066  0 
 5067  0 
 5068  0 
 5069  0 
 5070  0 
 5071  0 
 5072  0 
 5073  1 
 5074  0 
 5075  1 
 5076  0 
 5077  0 
 5078  0 
 5079  0 
 5080  0 
 5081  0 
 5082  0 
 5083  0 
 5084  0 
 5085  0 
 5086  0 
 5087  0 
 5088  0 
 5089  0 
 5090  0 
 5091  0 
 5092  0 
 5093  0 
 5094  0 
 5095  0 
 5096  0 
 5097  0 
 5098  0 
 5099  0 
 5100  0 
 5101  0 
 5102  1 
 5103  0 
 5104  0 
 5105  0 
 5106  0 
 5107  0 
 5108  0 
 5109  0 
 5110  0 
 5111  0 
 5112  0 
 5113  0 
 5114  1 
 5115  0 
 5116  0 
 5117  0 
 5118  0 
 5119  0 
 5120  0 
 5121  0 
 5122  0 
 5123  0 
 5124  0 
 5125  0 
 5126  0 
 5127  0 
 5128  0 
 5129  0 
 5130  0 
 5131  1 
 5132  0 
 5133  0 
 5134  0 
 5135  0 
 5136  0 
 5137  0 
 5138  0 
 5139  0 
 5140  1 
 5141  1 
 5142  1 
 5143  0 
 5144  0 
 5145  0 
 5146  0 
 5147  0 
 5148  0 
 5149  0 
 5150  0 
 5151  0 
 5152  0 
 5153  0 
 5154  0 
 5155  0 
 5156  0 
 5157  0 
 5158  0 
 5159  0 
 5160  0 
 5161  0 
 5162  1 
 5163  0 
 5164  0 
 5165  0 
 5166  0 
 5167  0 
 5168  0 
 5169  0 
 5170  0 
 5171  0 
 5172  0 
 5173  0 
 5174  0 
 5175  0 
 5176  0 
 5177  0 
 5178  0 
 5179  0 
 5180  0 
 5181  0 
 5182  0 
 5183  0 
 5184  0 
 5185  0 
 5186  0 
 5187  0 
 5188  0 
 5189  0 
 5190  0 
 5191  0 
 5192  0 
 5193  0 
 5194  0 
 5195  0 
 5196  0 
 5197  0 
 5198  0 
 5199  0 
 5200  0 
 5201  0 
 5202  0 
 5203  0 
 5204  0 
 5205  0 
 5206  0 
 5207  1 
 5208  0 
 5209  0 
 5210  0 
 5211  0 
 5212  0 
 5213  0 
 5214  0 
 5215  0 
 5216  0 
 5217  0 
 5218  0 
 5219  0 
 5220  0 
 5221  0 
 5222  0 
 5223  0 
 5224  0 
 5225  0 
 5226  0 
 5227  0 
 5228  0 
 5229  0 
 5230  0 
 5231  0 
 5232  1 
 5233  0 
 5234  0 
 5235  0 
 5236  0 
 5237  0 
 5238  0 
 5239  0 
 5240  0 
 5241  0 
 5242  0 
 5243  0 
 5244  0 
 5245  0 
 5246  0 
 5247  0 
 5248  0 
 5249  0 
 5250  0 
 5251  0 
 5252  0 
 5253  0 
 5254  0 
 5255  0 
 5256  0 
 5257  0 
 5258  0 
 5259  0 
 5260  0 
 5261  0 
 5262  0 
 5263  0 
 5264  0 
 5265  0 
 5266  0 
 5267  0 
 5268  0 
 5269  0 
 5270  1 
 5271  0 
 5272  0 
 5273  0 
 5274  0 
 5275  0 
 5276  0 
 5277  0 
 5278  0 
 5279  0 
 5280  0 
 5281  0 
 5282  0 
 5283  0 
 5284  0 
 5285  0 
 5286  0 
 5287  0 
 5288  0 
 5289  0 
 5290  0 
 5291  0 
 5292  0 
 5293  0 
 5294  0 
 5295  0 
 5296  0 
 5297  0 
 5298  0 
 5299  0 
 5300  0 
 5301  0 
 5302  0 
 5303  0 
 5304  0 
 5305  0 
 5306  0 
 5307  0 
 5308  0 
 5309  0 
 5310  0 
 5311  0 
 5312  0 
 5313  0 
 5314  0 
 5315  0 
 5316  0 
 5317  0 
 5318  0 
 5319  0 
 5320  1 
 5321  0 
 5322  0 
 5323  0 
 5324  0 
 5325  0 
 5326  0 
 5327  0 
 5328  0 
 5329  0 
 5330  0 
 5331  0 
 5332  1 
 5333  0 
 5334  0 
 5335  1 
 5336  0 
 5337  0 
 5338  0 
 5339  0 
 5340  0 
 5341  0 
 5342  0 
 5343  0 
 5344  0 
 5345  0 
 5346  1 
 5347  0 
 5348  0 
 5349  0 
 5350  0 
 5351  0 
 5352  0 
 5353  0 
 5354  0 
 5355  0 
 5356  0 
 5357  0 
 5358  0 
 5359  0 
 5360  0 
 5361  0 
 5362  0 
 5363  0 
 5364  0 
 5365  0 
 5366  0 
 5367  0 
 5368  0 
 5369  0 
 5370  0 
 5371  0 
 5372  0 
 5373  0 
 5374  1 
 5375  0 
 5376  1 
 5377  0 
 5378  0 
 5379  0 
 5380  0 
 5381  0 
 5382  0 
 5383  0 
 5384  0 
 5385  0 
 5386  0 
 5387  0 
 5388  0 
 5389  0 
 5390  0 
 5391  0 
 5392  0 
 5393  0 
 5394  0 
 5395  0 
 5396  0 
 5397  1 
 5398  0 
 5399  0 
 5400  0 
 5401  0 
 5402  1 
 5403  0 
 5404  0 
 5405  0 
 5406  0 
 5407  0 
 5408  0 
 5409  0 
 5410  0 
 5411  0 
 5412  0 
 5413  0 
 5414  0 
 5415  0 
 5416  0 
 5417  0 
 5418  0 
 5419  0 
 5420  0 
 5421  0 
 5422  0 
 5423  0 
 5424  0 
 5425  0 
 5426  0 
 5427  0 
 5428  0 
 5429  0 
 5430  0 
 5431  0 
 5432  0 
 5433  0 
 5434  0 
 5435  0 
 5436  0 
 5437  0 
 5438  0 
 5439  0 
 5440  0 
 5441  0 
 5442  0 
 5443  0 
 5444  0 
 5445  0 
 5446  0 
 5447  0 
 5448  0 
 5449  0 
 5450  0 
 5451  0 
 5452  1 
 5453  0 
 5454  0 
 5455  0 
 5456  0 
 5457  0 
 5458  0 
 5459  0 
 5460  0 
 5461  0 
 5462  0 
 5463  0 
 5464  0 
 5465  0 
 5466  0 
 5467  0 
 5468  0 
 5469  0 
 5470  0 
 5471  0 
 5472  0 
 5473  0 
 5474  0 
 5475  0 
 5476  0 
 5477  0 
 5478  0 
 5479  0 
 5480  0 
 5481  0 
 5482  0 
 5483  0 
 5484  1 
 5485  0 
 5486  0 
 5487  0 
 5488  0 
 5489  0 
 5490  0 
 5491  0 
 5492  0 
 5493  0 
 5494  1 
 5495  0 
 5496  0 
 5497  0 
 5498  0 
 5499  1 
 5500  0 
 5501  0 
 5502  0 
 5503  0 
 5504  0 
 5505  0 
 5506  0 
 5507  0 
 5508  0 
 5509  0 
 5510  0 
 5511  0 
 5512  0 
 5513  1 
 5514  0 
 5515  0 
 5516  0 
 5517  0 
 5518  0 
 5519  0 
 5520  0 
 5521  0 
 5522  0 
 5523  0 
 5524  0 
 5525  0 
 5526  0 
 5527  0 
 5528  0 
 5529  0 
 5530  0 
 5531  0 
 5532  0 
 5533  0 
 5534  0 
 5535  0 
 5536  0 
 5537  0 
 5538  0 
 5539  1 
 5540  0 
 5541  0 
 5542  0 
 5543  0 
 5544  0 
 5545  0 
 5546  0 
 5547  0 
 5548  0 
 5549  0 
 5550  0 
 5551  0 
 5552  0 
 5553  1 
 5554  1 
 5555  0 
 5556  0 
 5557  0 
 5558  0 
 5559  0 
 5560  0 
 5561  0 
 5562  0 
 5563  0 
 5564  0 
 5565  0 
 5566  0 
 5567  0 
 5568  0 
 5569  0 
 5570  0 
 5571  0 
 5572  0 
 5573  0 
 5574  0 
 5575  0 
 5576  0 
 5577  0 
 5578  0 
 5579  0 
 5580  0 
 5581  0 
 5582  0 
 5583  1 
 5584  0 
 5585  0 
 5586  0 
 5587  0 
 5588  0 
 5589  0 
 5590  0 
 5591  0 
 5592  0 
 5593  0 
 5594  0 
 5595  0 
 5596  0 
 5597  0 
 5598  0 
 5599  0 
 5600  1 
 5601  0 
 5602  0 
 5603  0 
 5604  0 
 5605  0 
 5606  0 
 5607  0 
 5608  0 
 5609  0 
 5610  0 
 5611  0 
 5612  1 
 5613  0 
 5614  0 
 5615  0 
 5616  0 
 5617  0 
 5618  0 
 5619  0 
 5620  0 
 5621  0 
 5622  0 
 5623  0 
 5624  1 
 5625  0 
 5626  0 
 5627  0 
 5628  0 
 5629  0 
 5630  0 
 5631  0 
 5632  0 
 5633  0 
 5634  0 
 5635  0 
 5636  0 
 5637  0 
 5638  1 
 5639  1 
 5640  0 
 5641  0 
 5642  0 
 5643  0 
 5644  0 
 5645  0 
 5646  0 
 5647  0 
 5648  0 
 5649  0 
 5650  0 
 5651  0 
 5652  0 
 5653  0 
 5654  0 
 5655  0 
 5656  0 
 5657  0 
 5658  0 
 5659  0 
 5660  0 
 5661  0 
 5662  0 
 5663  0 
 5664  0 
 5665  0 
 5666  0 
 5667  0 
 5668  0 
 5669  1 
 5670  0 
 5671  0 
 5672  0 
 5673  0 
 5674  0 
 5675  0 
 5676  1 
 5677  0 
 5678  0 
 5679  0 
 5680  0 
 5681  0 
 5682  0 
 5683  0 
 5684  0 
 5685  0 
 5686  0 
 5687  0 
 5688  0 
 5689  0 
 5690  0 
 5691  0 
 5692  0 
 5693  0 
 5694  0 
 5695  0 
 5696  1 
 5697  0 
 5698  0 
 5699  1 
 5700  0 
 5701  1 
 5702  0 
 5703  0 
 5704  0 
 5705  0 
 5706  0 
 5707  0 
 5708  1 
 5709  0 
 5710  0 
 5711  0 
 5712  0 
 5713  0 
 5714  0 
 5715  1 
 5716  0 
 5717  0 
 5718  0 
 5719  0 
 5720  1 
 5721  1 
 5722  0 
 5723  0 
 5724  0 
 5725  0 
 5726  0 
 5727  0 
 5728  0 
 5729  0 
 5730  0 
 5731  0 
 5732  0 
 5733  0 
 5734  0 
 5735  0 
 5736  0 
 5737  0 
 5738  0 
 5739  0 
 5740  0 
 5741  0 
 5742  1 
 5743  0 
 5744  0 
 5745  0 
 5746  0 
 5747  0 
 5748  0 
 5749  1 
 5750  1 
 5751  0 
 5752  0 
 5753  0 
 5754  0 
 5755  0 
 5756  1 
 5757  0 
 5758  0 
 5759  0 
 5760  0 
 5761  0 
 5762  0 
 5763  0 
 5764  0 
 5765  0 
 5766  0 
 5767  0 
 5768  0 
 5769  0 
 5770  0 
 5771  2 
 5772  0 
 5773  0 
 5774  0 
 5775  0 
 5776  1 
 5777  0 
 5778  0 
 5779  1 
 5780  0 
 5781  0 
 5782  0 
 5783  0 
 5784  0 
 5785  0 
 5786  0 
 5787  0 
 5788  2 
 5789  0 
 5790  0 
 5791  2 
 5792  1 
 5793  0 
 5794  1 
 5795  1 
 5796  0 
 5797  1 
 5798  1 
 5799  0 
 5800  0 
 5801  0 
 5802  0 
 5803  0 
 5804  1 
 5805  0 
 5806  0 
 5807  0 
 5808  0 
 5809  0 
 5810  0 
 5811  1 
 5812  0 
 5813  0 
 5814  0 
 5815  1 
 5816  0 
 5817  0 
 5818  1 
 5819  0 
 5820  0 
 5821  0 
 5822  0 
 5823  1 
 5824  0 
 5825  0 
 5826  0 
 5827  0 
 5828  0 
 5829  0 
 5830  1 
 5831  0 
 5832  0 
 5833  0 
 5834  0 
 5835  1 
 5836  0 
 5837  0 
 5838  0 
 5839  0 
 5840  0 
 5841  2 
 5842  2 
 5843  2 
 5844  0 
 5845  0 
 5846  0 
 5847  0 
 5848  0 
 5849  0 
 5850  0 
 5851  0 
 5852  0 
 5853  0 
 5854  2 
 5855  0 
 5856  0 
 5857  0 
 5858  1 
 5859  0 
 5860  0 
 5861  0 
 5862  0 
 5863  0 
 5864  0 
 5865  0 
 5866  0 
 5867  0 
 5868  0 
 5869  0 
 5870  0 
 5871  0 
 5872  1 
 5873  0 
 5874  0 
 5875  0 
 5876  0 
 5877  0 
 5878  2 
 5879  0 
 5880  0 
 5881  0 
 5882  0 
 5883  1 
 5884  0 
 5885  1 
 5886  0 
 5887  0 
 5888  0 
 5889  0 
 5890  0 
 5891  0 
 5892  0 
 5893  0 
 5894  0 
 5895  1 
 5896  0 
 5897  0 
 5898  0 
 5899  0 
 5900  0 
 5901  0 
 5902  0 
 5903  0 
 5904  0 
 5905  0 
 5906  0 
 5907  0 
 5908  0 
 5909  0 
 5910  0 
 5911  0 
 5912  0 
 5913  0 
 5914  1 
 5915  0 
 5916  0 
 5917  0 
 5918  0 
 5919  0 
 5920  0 
 5921  0 
 5922  2 
 5923  0 
 5924  0 
 5925  1 
 5926  0 
 5927  0 
 5928  0 
 5929  0 
 5930  0 
 5931  0 
 5932  0 
 5933  0 
 5934  0 
 5935  0 
 5936  0 
 5937  0 
 5938  0 
 5939  0 
 5940  0 
 5941  0 
 5942  0 
 5943  0 
 5944  0 
 5945  0 
 5946  0 
 5947  0 
 5948  0 
 5949  0 
 5950  1 
 5951  0 
 5952  0 
 5953  0 
 5954  0 
 5955  0 
 5956  1 
 5957  0 
 5958  0 
 5959  0 
 5960  0 
 5961  0 
 5962  0 
 5963  0 
 5964  0 
 5965  0 
 5966  0 
 5967  0 
 5968  0 
 5969  0 
 5970  0 
 5971  0 
 5972  0 
 5973  0 
 5974  0 
 5975  0 
 5976  0 
 5977  0 
 5978  0 
 5979  0 
 5980  0 
 5981  0 
 5982  0 
 5983  1 
 5984  0 
 5985  0 
 5986  0 
 5987  0 
 5988  0 
 5989  0 
 5990  1 
 5991  1 
 5992  0 
 5993  0 
 5994  0 
 5995  0 
 5996  0 
 5997  0 
 5998  0 
 5999  0 
 6000  0 
 6001  0 
 6002  0 
 6003  0 
 6004  0 
 6005  0 
 6006  0 
 6007  0 
 6008  0 
 6009  0 
 6010  0 
 6011  0 
 6012  0 
 6013  0 
 6014  0 
 6015  0 
 6016  0 
 6017  0 
 6018  0 
 6019  0 
 6020  0 
 6021  0 
 6022  0 
 6023  0 
 6024  0 
 6025  0 
 6026  0 
 6027  0 
 6028  0 
 6029  0 
 6030  0 
 6031  0 
 6032  0 
 6033  0 
 6034  0 
 6035  0 
 6036  0 
 6037  0 
 6038  0 
 6039  0 
 6040  0 
 6041  0 
 6042  0 
 6043  0 
 6044  0 
 6045  0 
 6046  0 
 6047  0 
 6048  0 
 6049  0 
 6050  0 
 6051  0 
 6052  0 
 6053  0 
 6054  0 
 6055  0 
 6056  0 
 6057  0 
 6058  0 
 6059  0 
 6060  0 
 6061  0 
 6062  0 
 6063  0 
 6064  0 
 6065  0 
 6066  0 
 6067  0 
 6068  0 
 6069  0 
 6070  0 
 6071  0 
 6072  0 
 6073  0 
 6074  0 
 6075  0 
 6076  0 
 6077  0 
 6078  0 
 6079  0 
 6080  0 
 6081  0 
 6082  1 
 6083  0 
 6084  0 
 6085  0 
 6086  0 
 6087  0 
 6088  0 
 6089  0 
 6090  0 
 6091  0 
 6092  0 
 6093  0 
 6094  0 
 6095  0 
 6096  0 
 6097  0 
 6098  0 
 6099  0 
 6100  0 
 6101  0 
 6102  0 
 6103  0 
 6104  0 
 6105  0 
 6106  0 
 6107  0 
 6108  0 
 6109  0 
 6110  0 
 6111  0 
 6112  0 
 6113  0 
 6114  0 
 6115  0 
 6116  0 
 6117  0 
 6118  0 
 6119  0 
 6120  0 
 6121  0 
 6122  0 
 6123  0 
 6124  0 
 6125  0 
 6126  0 
 6127  0 
 6128  0 
 6129  0 
 6130  0 
 6131  0 
 6132  1 
 6133  0 
 6134  0 
 6135  0 
 6136  0 
 6137  0 
 6138  0 
 6139  0 
 6140  0 
 6141  0 
 6142  0 
 6143  0 
 6144  0 
 6145  0 
 6146  0 
 6147  0 
 6148  1 
 6149  0 
 6150  0 
 6151  0 
 6152  0 
 6153  0 
 6154  0 
 6155  0 
 6156  0 
 6157  0 
 6158  0 
 6159  0 
 6160  0 
 6161  0 
 6162  0 
 6163  0 
 6164  0 
 6165  1 
 6166  0 
 6167  0 
 6168  0 
 6169  0 
 6170  0 
 6171  0 
 6172  0 
 6173  0 
 6174  0 
 6175  0 
 6176  0 
 6177  0 
 6178  0 
 6179  0 
 6180  0 
 6181  0 
 6182  0 
 6183  0 
 6184  0 
 6185  0 
 6186  0 
 6187  0 
 6188  0 
 6189  0 
 6190  1 
 6191  0 
 6192  0 
 6193  0 
 6194  0 
 6195  0 
 6196  0 
 6197  0 
 6198  0 
 6199  0 
 6200  0 
 6201  0 
 6202  0 
 6203  0 
 6204  0 
 6205  0 
 6206  0 
 6207  0 
 6208  0 
 6209  0 
 6210  0 
 6211  0 
 6212  0 
 6213  0 
 6214  0 
 6215  0 
 6216  0 
 6217  0 
 6218  0 
 6219  0 
 6220  0 
 6221  0 
 6222  0 
 6223  0 
 6224  0 
 6225  0 
 6226  0 
 6227  0 
 6228  0 
 6229  0 
 6230  0 
 6231  0 
 6232  0 
 6233  0 
 6234  1 
 6235  0 
 6236  0 
 6237  0 
 6238  0 
 6239  0 
 6240  0 
 6241  0 
 6242  0 
 6243  0 
 6244  0 
 6245  0 
 6246  0 
 6247  0 
 6248  0 
 6249  0 
 6250  0 
 6251  0 
 6252  0 
 6253  0 
 6254  0 
 6255  0 
 6256  1 
 6257  0 
 6258  1 
 6259  0 
 6260  0 
 6261  0 
 6262  0 
 6263  0 
 6264  0 
 6265  0 
 6266  0 
 6267  0 
 6268  0 
 6269  0 
 6270  0 
 6271  0 
 6272  0 
 6273  0 
 6274  0 
 6275  0 
 6276  0 
 6277  0 
 6278  0 
 6279  0 
 6280  0 
 6281  0 
 6282  0 
 6283  0 
 6284  0 
 6285  0 
 6286  0 
 6287  0 
 6288  0 
 6289  0 
 6290  0 
 6291  0 
 6292  0 
 6293  0 
 6294  0 
 6295  0 
 6296  0 
 6297  0 
 6298  0 
 6299  0 
 6300  0 
 6301  0 
 6302  0 
 6303  0 
 6304  0 
 6305  0 
 6306  0 
 6307  0 
 6308  0 
 6309  0 
 6310  0 
 6311  0 
 6312  0 
 6313  0 
 6314  0 
 6315  0 
 6316  0 
 6317  0 
 6318  0 
 6319  0 
 6320  0 
 6321  0 
 6322  0 
 6323  0 
 6324  0 
 6325  0 
 6326  0 
 6327  0 
 6328  0 
 6329  0 
 6330  0 
 6331  0 
 6332  0 
 6333  0 
 6334  0 
 6335  0 
 6336  0 
 6337  0 
 6338  0 
 6339  0 
 6340  0 
 6341  0 
 6342  0 
 6343  0 
 6344  0 
 6345  0 
 6346  0 
 6347  0 
 6348  0 
 6349  0 
 6350  1 
 6351  0 
 6352  0 
 6353  0 
 6354  0 
 6355  0 
 6356  0 
 6357  0 
 6358  0 
 6359  0 
 6360  0 
 6361  0 
 6362  0 
 6363  0 
 6364  0 
 6365  0 
 6366  0 
 6367  0 
 6368  0 
 6369  0 
 6370  0 
 6371  0 
 6372  0 
 6373  0 
 6374  0 
 6375  0 
 6376  0 
 6377  0 
 6378  0 
 6379  0 
 6380  0 
 6381  0 
 6382  0 
 6383  0 
 6384  0 
 6385  0 
 6386  0 
 6387  0 
 6388  0 
 6389  0 
 6390  0 
 6391  0 
 6392  0 
 6393  0 
 6394  0 
 6395  0 
 6396  0 
 6397  0 
 6398  0 
 6399  0 
 6400  0 
 6401  0 
 6402  0 
 6403  0 
 6404  0 
 6405  0 
 6406  0 
 6407  0 
 6408  0 
 6409  0 
 6410  0 
 6411  0 
 6412  0 
 6413  0 
 6414  0 
 6415  0 
 6416  0 
 6417  0 
 6418  0 
 6419  0 
 6420  0 
 6421  0 
 6422  0 
 6423  0 
 6424  0 
 6425  0 
 6426  0 
 6427  0 
 6428  0 
 6429  0 
 6430  0 
 6431  0 
 6432  0 
 6433  0 
 6434  0 
 6435  0 
 6436  0 
 6437  0 
 6438  0 
 6439  0 
 6440  0 
 6441  0 
 6442  0 
 6443  0 
 6444  0 
 6445  0 
 6446  0 
 6447  0 
 6448  0 
 6449  0 
 6450  0 
 6451  0 
 6452  0 
 6453  0 
 6454  0 
 6455  0 
 6456  0 
 6457  0 
 6458  0 
 6459  0 
 6460  0 
 6461  0 
 6462  0 
 6463  0 
 6464  0 
 6465  0 
 6466  0 
 6467  0 
 6468  0 
 6469  0 
 6470  0 
 6471  0 
 6472  0 
 6473  0 
 6474  0 
 6475  0 
 6476  0 
 6477  0 
 6478  0 
 6479  0 
 6480  0 
 6481  0 
 6482  0 
 6483  0 
 6484  0 
 6485  0 
 6486  0 
 6487  0 
 6488  0 
 6489  0 
 6490  0 
 6491  0 
 6492  0 
 6493  0 
 6494  0 
 6495  0 
 6496  0 
 6497  0 
 6498  0 
 6499  0 
 6500  0 
 6501  0 
 6502  0 
 6503  0 
 6504  0 
 6505  0 
 6506  0 
 6507  0 
 6508  0 
 6509  0 
 6510  0 
 6511  0 
 6512  0 
 6513  0 
 6514  1 
 6515  0 
 6516  0 
 6517  0 
 6518  0 
 6519  0 
 6520  0 
 6521  0 
 6522  0 
 6523  0 
 6524  0 
 6525  0 
 6526  0 
 6527  0 
 6528  0 
 6529  0 
 6530  0 
 6531  0 
 6532  0 
 6533  0 
 6534  0 
 6535  0 
 6536  0 
 6537  0 
 6538  0 
 6539  0 
 6540  0 
 6541  0 
 6542  0 
 6543  0 
 6544  0 
 6545  0 
 6546  0 
 6547  0 
 6548  0 
 6549  0 
 6550  0 
 6551  0 
 6552  0 
 6553  0 
 6554  0 
 6555  0 
 6556  0 
 6557  0 
 6558  0 
 6559  0 
 6560  0 
 6561  0 
 6562  0 
 6563  0 
 6564  0 
 6565  0 
 6566  0 
 6567  0 
 6568  0 
 6569  0 
 6570  0 
 6571  0 
 6572  0 
 6573  0 
 6574  0 
 6575  0 
 6576  0 
 6577  0 
 6578  0 
 6579  0 
 6580  0 
 6581  0 
 6582  0 
 6583  0 
 6584  0 
 6585  0 
 6586  0 
 6587  0 
 6588  1 
 6589  0 
 6590  0 
 6591  0 
 6592  0 
 6593  0 
 6594  1 
 6595  0 
 6596  0 
 6597  0 
 6598  0 
 6599  0 
 6600  0 
 6601  0 
 6602  0 
 6603  0 
 6604  0 
 6605  0 
 6606  0 
 6607  0 
 6608  0 
 6609  0 
 6610  0 
 6611  0 
 6612  0 
 6613  0 
 6614  0 
 6615  0 
 6616  0 
 6617  0 
 6618  0 
 6619  0 
 6620  0 
 6621  0 
 6622  0 
 6623  0 
 6624  0 
 6625  0 
 6626  0 
 6627  0 
 6628  0 
 6629  0 
 6630  0 
 6631  0 
 6632  0 
 6633  0 
 6634  0 
 6635  0 
 6636  0 
 6637  0 
 6638  0 
 6639  0 
 6640  0 
 6641  0 
 6642  0 
 6643  0 
 6644  0 
 6645  0 
 6646  0 
 6647  0 
 6648  0 
 6649  0 
 6650  0 
 6651  0 
 6652  0 
 6653  0 
 6654  0 
 6655  0 
 6656  0 
 6657  0 
 6658  0 
 6659  0 
 6660  0 
 6661  0 
 6662  0 
 6663  0 
 6664  0 
 6665  0 
 6666  0 
 6667  0 
 6668  0 
 6669  0 
 6670  0 
 6671  1 
 6672  0 
 6673  0 
 6674  0 
 6675  0 
 6676  0 
 6677  0 
 6678  0 
 6679  0 
 6680  0 
 6681  0 
 6682  0 
 6683  0 
 6684  0 
 6685  0 
 6686  0 
 6687  0 
 6688  0 
 6689  1 
 6690  0 
 6691  0 
 6692  0 
 6693  0 
 6694  0 
 6695  0 
 6696  0 
 6697  0 
 6698  0 
 6699  0 
 6700  0 
 6701  0 
 6702  0 
 6703  0 
 6704  0 
 6705  0 
 6706  0 
 6707  0 
 6708  0 
 6709  0 
 6710  0 
 6711  0 
 6712  0 
 6713  0 
 6714  0 
 6715  0 
 6716  0 
 6717  0 
 6718  0 
 6719  0 
 6720  0 
 6721  0 
 6722  0 
 6723  0 
 6724  0 
 6725  0 
 6726  0 
 6727  0 
 6728  0 
 6729  0 
 6730  0 
 6731  0 
 6732  0 
 6733  0 
 6734  0 
 6735  0 
 6736  0 
 6737  0 
 6738  0 
 6739  0 
 6740  0 
 6741  0 
 6742  0 
 6743  0 
 6744  0 
 6745  0 
 6746  0 
 6747  0 
 6748  0 
 6749  0 
 6750  0 
 6751  0 
 6752  0 
 6753  0 
 6754  0 
 6755  0 
 6756  0 
 6757  0 
 6758  0 
 6759  0 
 6760  0 
 6761  0 
 6762  0 
 6763  0 
 6764  0 
 6765  0 
 6766  0 
 6767  0 
 6768  0 
 6769  0 
 6770  0 
 6771  0 
 6772  0 
 6773  1 
 6774  0 
 6775  0 
 6776  0 
 6777  0 
 6778  0 
 6779  0 
 6780  0 
 6781  0 
 6782  0 
 6783  0 
 6784  0 
 6785  0 
 6786  0 
 6787  0 
 6788  0 
 6789  1 
 6790  0 
 6791  1 
 6792  0 
 6793  0 
 6794  0 
 6795  0 
 6796  0 
 6797  0 
 6798  0 
 6799  0 
 6800  0 
 6801  0 
 6802  0 
 6803  0 
 6804  0 
 6805  0 
 6806  0 
 6807  0 
 6808  0 
 6809  0 
 6810  0 
 6811  0 
 6812  0 
 6813  0 
 6814  0 
 6815  0 
 6816  0 
 6817  0 
 6818  0 
 6819  0 
 6820  0 
 6821  0 
 6822  0 
 6823  0 
 6824  0 
 6825  0 
 6826  0 
 6827  0 
 6828  0 
 6829  0 
 6830  0 
 6831  0 
 6832  0 
 6833  0 
 6834  0 
 6835  0 
 6836  0 
 6837  0 
 6838  0 
 6839  0 
 6840  0 
 6841  0 
 6842  0 
 6843  1 
 6844  0 
 6845  0 
 6846  0 
 6847  0 
 6848  0 
 6849  0 
 6850  0 
 6851  0 
 6852  0 
 6853  0 
 6854  0 
 6855  0 
 6856  0 
 6857  0 
 6858  0 
 6859  0 
 6860  0 
 6861  0 
 6862  0 
 6863  0 
 6864  0 
 6865  0 
 6866  0 
 6867  0 
 6868  0 
 6869  0 
 6870  0 
 6871  0 
 6872  0 
 6873  0 
 6874  0 
 6875  0 
 6876  0 
 6877  0 
 6878  0 
 6879  0 
 6880  0 
 6881  0 
 6882  0 
 6883  0 
 6884  1 
 6885  0 
 6886  0 
 6887  0 
 6888  0 
 6889  0 
 6890  0 
 6891  0 
 6892  0 
 6893  0 
 6894  0 
 6895  0 
 6896  0 
 6897  0 
 6898  0 
 6899  0 
 6900  0 
 6901  0 
 6902  0 
 6903  0 
 6904  0 
 6905  0 
 6906  0 
 6907  0 
 6908  0 
 6909  0 
 6910  0 
 6911  0 
 6912  0 
 6913  0 
 6914  0 
 6915  0 
 6916  0 
 6917  0 
 6918  0 
 6919  0 
 6920  0 
 6921  0 
 6922  0 
 6923  0 
 6924  1 
 6925  0 
 6926  0 
 6927  0 
 6928  0 
 6929  0 
 6930  0 
 6931  0 
 6932  0 
 6933  0 
 6934  0 
 6935  0 
 6936  0 
 6937  0 
 6938  0 
 6939  0 
 6940  0 
 6941  0 
 6942  0 
 6943  0 
 6944  0 
 6945  0 
 6946  0 
 6947  0 
 6948  0 
 6949  0 
 6950  0 
 6951  0 
 6952  0 
 6953  0 
 6954  0 
 6955  0 
 6956  0 
 6957  0 
 6958  0 
 6959  0 
 6960  0 
 6961  0 
 6962  0 
 6963  0 
 6964  0 
 6965  0 
 6966  0 
 6967  0 
 6968  1 
 6969  0 
 6970  0 
 6971  0 
 6972  0 
 6973  0 
 6974  0 
 6975  0 
 6976  0 
 6977  0 
 6978  0 
 6979  0 
 6980  0 
 6981  0 
 6982  0 
 6983  0 
 6984  0 
 6985  0 
 6986  0 
 6987  0 
 6988  0 
 6989  0 
 6990  0 
 6991  0 
 6992  0 
 6993  0 
 6994  0 
 6995  0 
 6996  0 
 6997  0 
 6998  0 
 6999  0 
 7000  0 
 7001  0 
 7002  0 
 7003  0 
 7004  0 
 7005  0 
 7006  0 
 7007  0 
 7008  0 
 7009  0 
 7010  0 
 7011  0 
 7012  0 
 7013  0 
 7014  0 
 7015  0 
 7016  0 
 7017  0 
 7018  0 
 7019  0 
 7020  0 
 7021  0 
 7022  0 
 7023  0 
 7024  0 
 7025  0 
 7026  0 
 7027  0 
 7028  0 
 7029  0 
 7030  0 
 7031  0 
 7032  0 
 7033  0 
 7034  0 
 7035  0 
 7036  0 
 7037  0 
 7038  0 
 7039  0 
 7040  0 
 7041  0 
 7042  0 
 7043  0 
 7044  0 
 7045  0 
 7046  0 
 7047  0 
 7048  0 
 7049  0 
 7050  0 
 7051  0 
 7052  0 
 7053  0 
 7054  0 
 7055  0 
 7056  0 
 7057  0 
 7058  0 
 7059  0 
 7060  0 
 7061  0 
 7062  0 
 7063  0 
 7064  0 
 7065  0 
 7066  0 
 7067  0 
 7068  0 
 7069  0 
 7070  0 
 7071  0 
 7072  0 
 7073  0 
 7074  0 
 7075  0 
 7076  0 
 7077  0 
 7078  0 
 7079  0 
 7080  0 
 7081  0 
 7082  0 
 7083  0 
 7084  0 
 7085  1 
 7086  0 
 7087  0 
 7088  0 
 7089  0 
 7090  0 
 7091  0 
 7092  0 
 7093  0 
 7094  0 
 7095  0 
 7096  0 
 7097  0 
 7098  0 
 7099  0 
 7100  0 
 7101  0 
 7102  0 
 7103  0 
 7104  0 
 7105  0 
 7106  0 
 7107  0 
 7108  0 
 7109  0 
 7110  0 
 7111  0 
 7112  0 
 7113  0 
 7114  0 
 7115  0 
 7116  0 
 7117  0 
 7118  0 
 7119  0 
 7120  0 
 7121  0 
 7122  0 
 7123  0 
 7124  0 
 7125  0 
 7126  0 
 7127  0 
 7128  0 
 7129  0 
 7130  0 
 7131  0 
 7132  0 
 7133  0 
 7134  0 
 7135  0 
 7136  0 
 7137  0 
 7138  0 
 7139  0 
 7140  0 
 7141  0 
 7142  0 
 7143  0 
 7144  0 
 7145  0 
 7146  0 
 7147  0 
 7148  0 
 7149  0 
 7150  0 
 7151  0 
 7152  0 
 7153  0 
 7154  0 
 7155  0 
 7156  0 
 7157  0 
 7158  0 
 7159  0 
 7160  0 
 7161  0 
 7162  0 
 7163  0 
 7164  0 
 7165  0 
 7166  0 
 7167  0 
 7168  0 
 7169  0 
 7170  0 
 7171  0 
 7172  0 
 7173  0 
 7174  0 
 7175  0 
 7176  0 
 7177  0 
 7178  0 
 7179  0 
 7180  0 
 7181  0 
 7182  0 
 7183  0 
 7184  0 
 7185  0 
 7186  0 
 7187  0 
 7188  0 
 7189  0 
 7190  0 
 7191  0 
 7192  0 
 7193  0 
 7194  0 
 7195  0 
 7196  0 
 7197  0 
 7198  0 
 7199  0 
 7200  0 
 7201  0 
 7202  0 
 7203  0 
 7204  0 
 7205  0 
 7206  0 
 7207  0 
 7208  0 
 7209  0 
 7210  0 
 7211  0 
 7212  0 
 7213  0 
 7214  0 
 7215  0 
 7216  0 
 7217  0 
 7218  0 
 7219  0 
 7220  0 
 7221  0 
 7222  0 
 7223  0 
 7224  0 
 7225  0 
 7226  0 
 7227  0 
 7228  0 
 7229  0 
 7230  0 
 7231  0 
 7232  0 
 7233  0 
 7234  0 
 7235  0 
 7236  0 
 7237  0 
 7238  0 
 7239  0 
 7240  0 
 7241  0 
 7242  0 
 7243  0 
 7244  0 
 7245  0 
 7246  0 
 7247  0 
 7248  0 
 7249  0 
 7250  0 
 7251  0 
 7252  0 
 7253  0 
 7254  0 
 7255  0 
 7256  0 
 7257  0 
 7258  0 
 7259  0 
 7260  0 
 7261  0 
 7262  0 
 7263  0 
 7264  0 
 7265  0 
 7266  0 
 7267  0 
 7268  0 
 7269  0 
 7270  0 
 7271  0 
 7272  0 
 7273  0 
 7274  0 
 7275  0 
 7276  0 
 7277  0 
 7278  0 
 7279  0 
 7280  0 
 7281  0 
 7282  0 
 7283  0 
 7284  0 
 7285  0 
 7286  0 
 7287  0 
 7288  0 
 7289  0 
 7290  0 
 7291  0 
 7292  0 
 7293  0 
 7294  0 
 7295  0 
 7296  0 
 7297  0 
 7298  0 
 7299  0 
 7300  0 
 7301  0 
 7302  0 
 7303  0 
 7304  0 
 7305  0 
 7306  0 
 7307  0 
 7308  0 
 7309  0 
 7310  0 
 7311  0 
 7312  0 
 7313  0 
 7314  0 
 7315  0 
 7316  0 
 7317  0 
 7318  0 
 7319  0 
 7320  0 
 7321  0 
 7322  0 
 7323  0 
 7324  0 
 7325  0 
 7326  0 
 7327  0 
 7328  0 
 7329  0 
 7330  0 
 7331  0 
 7332  0 
 7333  0 
 7334  0 
 7335  0 
 7336  0 
 7337  0 
 7338  0 
 7339  0 
 7340  0 
 7341  0 
 7342  0 
 7343  0 
 7344  0 
 7345  0 
 7346  0 
 7347  0 
 7348  0 
 7349  0 
 7350  1 
 7351  0 
 7352  0 
 7353  0 
 7354  0 
 7355  2 
 7356  0 
 7357  0 
 7358  0 
 7359  0 
 7360  1 
 7361  0 
 7362  0 
 7363  0 
 7364  0 
 7365  0 
 7366  0 
 7367  0 
 7368  0 
 7369  0 
 7370  0 
 7371  0 
 7372  0 
 7373  0 
 7374  0 
 7375  0 
 7376  0 
 7377  0 
 7378  0 
 7379  0 
 7380  0 
 7381  0 
 7382  0 
 7383  0 
 7384  0 
 7385  0 
 7386  0 
 7387  0 
 7388  0 
 7389  0 
 7390  0 
 7391  0 
 7392  0 
 7393  0 
 7394  0 
 7395  0 
 7396  0 
 7397  0 
 7398  0 
 7399  0 
 7400  0 
 7401  0 
 7402  0 
 7403  0 
 7404  0 
 7405  0 
 7406  2 
 7407  0 
 7408  0 
 7409  0 
 7410  0 
 7411  0 
 7412  0 
 7413  0 
 7414  0 
 7415  0 
 7416  0 
 7417  0 
 7418  0 
 7419  0 
 7420  0 
 7421  0 
 7422  0 
 7423  1 
 7424  0 
 7425  0 
 7426  1 
 7427  0 
 7428  1 
 7429  0 
 7430  0 
 7431  1 
 7432  0 
 7433  0 
 7434  0 
 7435  0 
 7436  0 
 7437  0 
 7438  0 
 7439  0 
 7440  1 
 7441  0 
 7442  1 
 7443  0 
 7444  0 
 7445  0 
 7446  0 
 7447  0 
 7448  0 
 7449  0 
 7450  0 
 7451  0 
 7452  0 
 7453  0 
 7454  0 
 7455  0 
 7456  0 
 7457  0 
 7458  0 
 7459  0 
 7460  0 
 7461  0 
 7462  0 
 7463  0 
 7464  0 
 7465  0 
 7466  0 
 7467  0 
 7468  0 
 7469  0 
 7470  0 
 7471  0 
 7472  0 
 7473  0 
 7474  0 
 7475  0 
 7476  1 
 7477  1 
 7478  0 
 7479  1 
 7480  1 
 7481  0 
 7482  0 
 7483  0 
 7484  0 
 7485  0 
 7486  0 
 7487  0 
 7488  0 
 7489  0 
 7490  0 
 7491  1 
 7492  0 
 7493  0 
 7494  0 
 7495  0 
 7496  1 
 7497  0 
 7498  0 
 7499  0 
 7500  0 
 7501  0 
 7502  0 
 7503  0 
 7504  0 
 7505  0 
 7506  0 
 7507  0 
 7508  1 
 7509  0 
 7510  0 
 7511  1 
 7512  0 
 7513  0 
 7514  1 
 7515  0 
 7516  0 
 7517  0 
 7518  0 
 7519  1 
 7520  0 
 7521  0 
 7522  0 
 7523  0 
 7524  0 
 7525  0 
 7526  1 
 7527  0 
 7528  0 
 7529  0 
 7530  0 
 7531  0 
 7532  0 
 7533  0 
 7534  1 
 7535  3 
 7536  0 
 7537  2 
 7538  0 
 7539  0 
 7540  0 
 7541  0 
 7542  0 
 7543  0 
 7544  0 
 7545  1 
 7546  0 
 7547  0 
 7548  0 
 7549  0 
 7550  0 
 7551  0 
 7552  0 
 7553  0 
 7554  0 
 7555  0 
 7556  0 
 7557  0 
 7558  0 
 7559  0 
 7560  0 
 7561  0 
 7562  0 
 7563  0 
 7564  0 
 7565  0 
 7566  0 
 7567  0 
 7568  0 
 7569  0 
 7570  0 
 7571  0 
 7572  0 
 7573  0 
 7574  0 
 7575  0 
 7576  0 
 7577  0 
 7578  0 
 7579  0 
 7580  0 
 7581  0 
 7582  0 
 7583  0 
 7584  1 
 7585  1 
 7586  0 
 7587  0 
 7588  1 
 7589  0 
 7590  0 
 7591  1 
 7592  1 
 7593  0 
 7594  0 
 7595  0 
 7596  0 
 7597  1 
 7598  1 
 7599  0 
 7600  0 
 7601  0 
 7602  0 
 7603  0 
 7604  0 
 7605  1 
 7606  1 
 7607  0 
 7608  0 
 7609  1 
 7610  0 
 7611  0 
 7612  1 
 7613  0 
 7614  0 
 7615  0 
 7616  1 
 7617  0 
 7618  0 
 7619  0 
 7620  1 
 7621  0 
 7622  1 
 7623  0 
 7624  0 
 7625  0 
 7626  0 
 7627  0 
 7628  0 
 7629  0 
 7630  0 
 7631  0 
 7632  0 
 7633  1 
 7634  1 
 7635  0 
 7636  0 
 7637  0 
 7638  0 
 7639  0 
 7640  0 
 7641  0 
 7642  0 
 7643  0 
 7644  0 
 7645  0 
 7646  0 
 7647  0 
 7648  0 
 7649  0 
 7650  0 
 7651  0 
 7652  1 
 7653  0 
 7654  0 
 7655  2 
 7656  0 
 7657  0 
 7658  0 
 7659  1 
 7660  0 
 7661  2 
 7662  0 
 7663  1 
 7664  0 
 7665  1 
 7666  0 
 7667  1 
 7668  0 
 7669  0 
 7670  0 
 7671  0 
 7672  0 
 7673  0 
 7674  0 
 7675  0 
 7676  0 
 7677  0 
 7678  0 
 7679  0 
 7680  0 
 7681  0 
 7682  0 
 7683  0 
 7684  0 
 7685  0 
 7686  0 
 7687  1 
 7688  0 
 7689  0 
 7690  0 
 7691  0 
 7692  0 
 7693  0 
 7694  0 
 7695  0 
 7696  0 
 7697  0 
 7698  0 
 7699  0 
 7700  0 
 7701  0 
 7702  0 
 7703  0 
 7704  0 
 7705  0 
 7706  0 
 7707  0 
 7708  0 
 7709  1 
 7710  0 
 7711  1 
 7712  0 
 7713  0 
 7714  0 
 7715  1 
 7716  0 
 7717  1 
 7718  0 
 7719  0 
 7720  0 
 7721  1 
 7722  0 
 7723  0 
 7724  0 
 7725  0 
 7726  0 
 7727  0 
 7728  0 
 7729  0 
 7730  0 
 7731  0 
 7732  0 
 7733  0 
 7734  0 
 7735  1 
 7736  0 
 7737  0 
 7738  0 
 7739  0 
 7740  0 
 7741  0 
 7742  0 
 7743  0 
 7744  0 
 7745  0 
 7746  0 
 7747  0 
 7748  0 
 7749  0 
 7750  0 
 7751  0 
 7752  0 
 7753  0 
 7754  0 
 7755  0 
 7756  0 
 7757  0 
 7758  0 
 7759  0 
 7760  0 
 7761  0 
 7762  0 
 7763  0 
 7764  0 
 7765  0 
 7766  0 
 7767  0 
 7768  0 
 7769  0 
 7770  0 
 7771  0 
 7772  0 
 7773  0 
 7774  0 
 7775  0 
 7776  0 
 7777  0 
 7778  0 
 7779  1 
 7780  0 
 7781  0 
 7782  0 
 7783  0 
 7784  0 
 7785  0 
 7786  0 
 7787  0 
 7788  0 
 7789  0 
 7790  0 
 7791  0 
 7792  0 
 7793  0 
 7794  0 
 7795  0 
 7796  0 
 7797  0 
 7798  0 
 7799  0 
 7800  0 
 7801  0 
 7802  0 
 7803  0 
 7804  0 
 7805  0 
 7806  0 
 7807  0 
 7808  0 
 7809  0 
 7810  0 
 7811  0 
 7812  0 
 7813  0 
 7814  0 
 7815  0 
 7816  0 
 7817  0 
 7818  0 
 7819  0 
 7820  0 
 7821  0 
 7822  0 
 7823  0 
 7824  0 
 7825  0 
 7826  0 
 7827  0 
 7828  0 
 7829  0 
 7830  0 
 7831  0 
 7832  0 
 7833  0 
 7834  0 
 7835  0 
 7836  0 
 7837  0 
 7838  0 
 7839  0 
 7840  0 
 7841  0 
 7842  0 
 7843  0 
 7844  0 
 7845  0 
 7846  0 
 7847  0 
 7848  0 
 7849  0 
 7850  0 
 7851  0 
 7852  0 
 7853  0 
 7854  0 
 7855  0 
 7856  0 
 7857  0 
 7858  0 
 7859  0 
 7860  0 
 7861  0 
 7862  0 
 7863  0 
 7864  0 
 7865  0 
 7866  0 
 7867  0 
 7868  0 
 7869  0 
 7870  0 
 7871  0 
 7872  0 
 7873  0 
 7874  0 
 7875  0 
 7876  0 
 7877  0 
 7878  0 
 7879  0 
 7880  0 
 7881  0 
 7882  0 
 7883  0 
 7884  0 
 7885  0 
 7886  0 
 7887  0 
 7888  0 
 7889  0 
 7890  0 
 7891  0 
 7892  0 
 7893  0 
 7894  0 
 7895  0 
 7896  0 
 7897  0 
 7898  0 
 7899  0 
 7900  0 
 7901  0 
 7902  0 
 7903  0 
 7904  0 
 7905  0 
 7906  0 
 7907  0 
 7908  0 
 7909  0 
 7910  0 
 7911  0 
 7912  0 
 7913  0 
 7914  0 
 7915  0 
 7916  0 
 7917  0 
 7918  0 
 7919  0 
 7920  0 
 7921  0 
 7922  0 
 7923  0 
 7924  0 
 7925  0 
 7926  0 
 7927  0 
 7928  0 
 7929  0 
 7930  0 
 7931  0 
 7932  0 
 7933  0 
 7934  0 
 7935  0 
 7936  0 
 7937  0 
 7938  0 
 7939  0 
 7940  0 
 7941  0 
 7942  0 
 7943  0 
 7944  0 
 7945  0 
 7946  0 
 7947  0 
 7948  0 
 7949  0 
 7950  0 
 7951  0 
 7952  0 
 7953  0 
 7954  0 
 7955  0 
 7956  0 
 7957  0 
 7958  0 
 7959  0 
 7960  0 
 7961  0 
 7962  0 
 7963  0 
 7964  0 
 7965  0 
 7966  0 
 7967  0 
 7968  0 
 7969  0 
 7970  0 
 7971  0 
 7972  0 
 7973  0 
 7974  0 
 7975  0 
 7976  0 
 7977  0 
 7978  0 
 7979  0 
 7980  0 
 7981  0 
 7982  0 
 7983  0 
 7984  0 
 7985  0 
 7986  0 
 7987  0 
 7988  0 
 7989  0 
 7990  0 
 7991  0 
 7992  0 
 7993  0 
 7994  0 
 7995  0 
 7996  0 
 7997  0 
 7998  0 
 7999  0 
 8000  0 
 8001  0 
 8002  0 
 8003  0 
 8004  0 
 8005  0 
 8006  0 
 8007  0 
 8008  0 
 8009  0 
 8010  0 
 8011  0 
 8012  0 
 8013  0 
 8014  0 
 8015  0 
 8016  0 
 8017  0 
 8018  0 
 8019  0 
 8020  0 
 8021  0 
 8022  0 
 8023  0 
 8024  0 
 8025  0 
 8026  0 
 8027  0 
 8028  0 
 8029  0 
 8030  0 
 8031  0 
 8032  0 
 8033  1 
 8034  0 
 8035  0 
 8036  0 
 8037  0 
 8038  0 
 8039  0 
 8040  0 
 8041  0 
 8042  0 
 8043  0 
 8044  0 
 8045  0 
 8046  0 
 8047  0 
 8048  0 
 8049  0 
 8050  0 
 8051  1 
 8052  0 
 8053  0 
 8054  0 
 8055  0 
 8056  0 
 8057  0 
 8058  0 
 8059  0 
 8060  0 
 8061  0 
 8062  0 
 8063  0 
 8064  0 
 8065  0 
 8066  0 
 8067  0 
 8068  0 
 8069  1 
 8070  0 
 8071  0 
 8072  0 
 8073  0 
 8074  0 
 8075  0 
 8076  0 
 8077  0 
 8078  0 
 8079  0 
 8080  0 
 8081  0 
 8082  0 
 8083  0 
 8084  0 
 8085  0 
 8086  0 
 8087  0 
 8088  0 
 8089  0 
 8090  0 
 8091  0 
 8092  0 
 8093  0 
 8094  0 
 8095  0 
 8096  0 
 8097  0 
 8098  0 
 8099  0 
 8100  0 
 8101  0 
 8102  0 
 8103  0 
 8104  0 
 8105  0 
 8106  0 
 8107  0 
 8108  0 
 8109  1 
 8110  0 
 8111  0 
 8112  0 
 8113  0 
 8114  0 
 8115  0 
 8116  0 
 8117  0 
 8118  0 
 8119  0 
 8120  0 
 8121  0 
 8122  0 
 8123  0 
 8124  0 
 8125  0 
 8126  0 
 8127  0 
 8128  0 
 8129  0 
 8130  0 
 8131  0 
 8132  0 
 8133  0 
 8134  0 
 8135  0 
 8136  0 
 8137  0 
 8138  0 
 8139  0 
 8140  0 
 8141  0 
 8142  0 
 8143  0 
 8144  0 
 8145  0 
 8146  0 
 8147  0 
 8148  0 
 8149  0 
 8150  0 
 8151  0 
 8152  0 
 8153  0 
 8154  0 
 8155  0 
 8156  0 
 8157  0 
 8158  0 
 8159  0 
 8160  0 
 8161  0 
 8162  0 
 8163  0 
 8164  0 
 8165  1 
 8166  0 
 8167  0 
 8168  0 
 8169  0 
 8170  0 
 8171  0 
 8172  0 
 8173  0 
 8174  0 
 8175  0 
 8176  0 
 8177  0 
 8178  0 
 8179  0 
 8180  0 
 8181  0 
 8182  0 
 8183  0 
 8184  0 
 8185  0 
 8186  1 
 8187  0 
 8188  0 
 8189  0 
 8190  0 
 8191  0 
