 0  1415 
 1  1423 
 2  0 
 3  0 
 4  0 
 5  0 
 6  0 
 7  0 
 8  0 
 9  0 
 10  0 
 11  0 
 12  0 
 13  0 
 14  0 
 15  0 
 16  0 
 17  0 
 18  0 
 19  0 
 20  0 
 21  0 
 22  0 
 23  0 
 24  0 
 25  0 
 26  0 
 27  0 
 28  0 
 29  0 
 30  0 
 31  0 
 32  0 
 33  0 
 34  0 
 35  0 
 36  0 
 37  0 
 38  0 
 39  0 
 40  0 
 41  0 
 42  0 
 43  0 
 44  0 
 45  0 
 46  0 
 47  0 
 48  0 
 49  0 
 50  0 
 51  0 
 52  0 
 53  0 
 54  0 
 55  0 
 56  0 
 57  0 
 58  0 
 59  0 
 60  0 
 61  0 
 62  0 
 63  0 
 64  0 
 65  0 
 66  0 
 67  0 
 68  0 
 69  0 
 70  0 
 71  0 
 72  0 
 73  0 
 74  0 
 75  0 
 76  0 
 77  0 
 78  0 
 79  0 
 80  0 
 81  0 
 82  0 
 83  0 
 84  0 
 85  0 
 86  0 
 87  0 
 88  0 
 89  0 
 90  0 
 91  0 
 92  0 
 93  0 
 94  0 
 95  0 
 96  0 
 97  0 
 98  0 
 99  0 
 100  0 
 101  0 
 102  0 
 103  0 
 104  0 
 105  0 
 106  0 
 107  0 
 108  0 
 109  0 
 110  0 
 111  0 
 112  0 
 113  0 
 114  0 
 115  0 
 116  0 
 117  0 
 118  0 
 119  0 
 120  0 
 121  0 
 122  0 
 123  0 
 124  0 
 125  0 
 126  0 
 127  0 
 128  0 
 129  0 
 130  0 
 131  0 
 132  0 
 133  0 
 134  0 
 135  0 
 136  0 
 137  0 
 138  0 
 139  0 
 140  0 
 141  0 
 142  0 
 143  0 
 144  0 
 145  0 
 146  0 
 147  0 
 148  0 
 149  0 
 150  0 
 151  0 
 152  0 
 153  0 
 154  0 
 155  0 
 156  0 
 157  0 
 158  0 
 159  0 
 160  0 
 161  0 
 162  0 
 163  0 
 164  0 
 165  0 
 166  0 
 167  0 
 168  0 
 169  0 
 170  0 
 171  0 
 172  0 
 173  0 
 174  0 
 175  0 
 176  0 
 177  0 
 178  0 
 179  0 
 180  0 
 181  0 
 182  0 
 183  0 
 184  0 
 185  0 
 186  0 
 187  0 
 188  0 
 189  0 
 190  0 
 191  0 
 192  0 
 193  0 
 194  0 
 195  0 
 196  0 
 197  0 
 198  0 
 199  0 
 200  0 
 201  0 
 202  0 
 203  0 
 204  0 
 205  0 
 206  0 
 207  0 
 208  0 
 209  0 
 210  0 
 211  0 
 212  0 
 213  0 
 214  0 
 215  0 
 216  0 
 217  0 
 218  0 
 219  0 
 220  0 
 221  0 
 222  0 
 223  0 
 224  0 
 225  0 
 226  0 
 227  0 
 228  0 
 229  0 
 230  0 
 231  0 
 232  0 
 233  0 
 234  0 
 235  0 
 236  0 
 237  0 
 238  0 
 239  0 
 240  0 
 241  0 
 242  0 
 243  0 
 244  0 
 245  0 
 246  0 
 247  0 
 248  0 
 249  0 
 250  0 
 251  1 
 252  106 
 253  187 
 254  171 
 255  174 
 256  191 
 257  199 
 258  195 
 259  198 
 260  174 
 261  200 
 262  150 
 263  176 
 264  180 
 265  163 
 266  147 
 267  164 
 268  157 
 269  159 
 270  137 
 271  145 
 272  163 
 273  119 
 274  129 
 275  129 
 276  137 
 277  136 
 278  125 
 279  117 
 280  118 
 281  128 
 282  120 
 283  109 
 284  106 
 285  109 
 286  109 
 287  100 
 288  113 
 289  96 
 290  105 
 291  100 
 292  91 
 293  106 
 294  92 
 295  98 
 296  89 
 297  96 
 298  92 
 299  104 
 300  76 
 301  80 
 302  93 
 303  90 
 304  85 
 305  81 
 306  82 
 307  71 
 308  70 
 309  63 
 310  68 
 311  70 
 312  94 
 313  61 
 314  55 
 315  65 
 316  50 
 317  68 
 318  76 
 319  55 
 320  55 
 321  61 
 322  65 
 323  66 
 324  40 
 325  52 
 326  59 
 327  57 
 328  67 
 329  34 
 330  50 
 331  64 
 332  39 
 333  44 
 334  42 
 335  41 
 336  57 
 337  47 
 338  40 
 339  45 
 340  49 
 341  41 
 342  31 
 343  45 
 344  33 
 345  58 
 346  36 
 347  40 
 348  39 
 349  34 
 350  33 
 351  40 
 352  39 
 353  35 
 354  38 
 355  35 
 356  33 
 357  29 
 358  35 
 359  27 
 360  26 
 361  25 
 362  36 
 363  33 
 364  32 
 365  38 
 366  29 
 367  25 
 368  35 
 369  18 
 370  26 
 371  28 
 372  29 
 373  32 
 374  27 
 375  27 
 376  27 
 377  31 
 378  28 
 379  26 
 380  30 
 381  23 
 382  28 
 383  28 
 384  29 
 385  30 
 386  30 
 387  25 
 388  22 
 389  23 
 390  31 
 391  18 
 392  32 
 393  36 
 394  27 
 395  34 
 396  26 
 397  31 
 398  20 
 399  36 
 400  21 
 401  24 
 402  18 
 403  18 
 404  32 
 405  23 
 406  14 
 407  16 
 408  24 
 409  21 
 410  29 
 411  22 
 412  21 
 413  22 
 414  20 
 415  28 
 416  23 
 417  22 
 418  26 
 419  23 
 420  18 
 421  28 
 422  18 
 423  21 
 424  25 
 425  20 
 426  26 
 427  15 
 428  18 
 429  22 
 430  32 
 431  26 
 432  19 
 433  25 
 434  22 
 435  23 
 436  28 
 437  25 
 438  26 
 439  22 
 440  15 
 441  23 
 442  17 
 443  22 
 444  19 
 445  30 
 446  22 
 447  15 
 448  19 
 449  16 
 450  26 
 451  25 
 452  27 
 453  19 
 454  28 
 455  29 
 456  23 
 457  24 
 458  14 
 459  16 
 460  32 
 461  28 
 462  17 
 463  26 
 464  27 
 465  26 
 466  28 
 467  11 
 468  30 
 469  31 
 470  29 
 471  13 
 472  19 
 473  19 
 474  19 
 475  29 
 476  24 
 477  29 
 478  24 
 479  20 
 480  13 
 481  21 
 482  17 
 483  26 
 484  27 
 485  16 
 486  33 
 487  18 
 488  25 
 489  32 
 490  29 
 491  30 
 492  22 
 493  22 
 494  24 
 495  22 
 496  37 
 497  25 
 498  28 
 499  28 
 500  30 
 501  27 
 502  24 
 503  28 
 504  27 
 505  28 
 506  35 
 507  37 
 508  33 
 509  27 
 510  27 
 511  28 
 512  26 
 513  26 
 514  32 
 515  31 
 516  31 
 517  31 
 518  31 
 519  46 
 520  37 
 521  28 
 522  30 
 523  37 
 524  38 
 525  25 
 526  25 
 527  38 
 528  43 
 529  40 
 530  36 
 531  40 
 532  41 
 533  27 
 534  39 
 535  46 
 536  48 
 537  44 
 538  37 
 539  55 
 540  47 
 541  54 
 542  47 
 543  43 
 544  42 
 545  46 
 546  55 
 547  48 
 548  48 
 549  58 
 550  49 
 551  58 
 552  59 
 553  55 
 554  56 
 555  48 
 556  60 
 557  62 
 558  71 
 559  54 
 560  62 
 561  75 
 562  69 
 563  77 
 564  61 
 565  69 
 566  87 
 567  93 
 568  74 
 569  78 
 570  79 
 571  93 
 572  102 
 573  107 
 574  95 
 575  92 
 576  98 
 577  84 
 578  115 
 579  111 
 580  144 
 581  120 
 582  142 
 583  128 
 584  148 
 585  139 
 586  124 
 587  135 
 588  152 
 589  159 
 590  148 
 591  180 
 592  183 
 593  168 
 594  149 
 595  187 
 596  165 
 597  219 
 598  201 
 599  155 
 600  188 
 601  197 
 602  228 
 603  225 
 604  229 
 605  217 
 606  219 
 607  227 
 608  213 
 609  226 
 610  217 
 611  235 
 612  268 
 613  259 
 614  265 
 615  251 
 616  267 
 617  280 
 618  280 
 619  250 
 620  267 
 621  269 
 622  266 
 623  286 
 624  293 
 625  248 
 626  272 
 627  266 
 628  291 
 629  265 
 630  295 
 631  273 
 632  317 
 633  285 
 634  286 
 635  279 
 636  277 
 637  266 
 638  293 
 639  251 
 640  284 
 641  265 
 642  248 
 643  235 
 644  246 
 645  255 
 646  260 
 647  269 
 648  240 
 649  255 
 650  252 
 651  234 
 652  234 
 653  230 
 654  225 
 655  232 
 656  229 
 657  222 
 658  211 
 659  208 
 660  177 
 661  183 
 662  187 
 663  190 
 664  183 
 665  164 
 666  176 
 667  162 
 668  182 
 669  140 
 670  163 
 671  159 
 672  157 
 673  156 
 674  130 
 675  149 
 676  129 
 677  124 
 678  111 
 679  122 
 680  101 
 681  114 
 682  115 
 683  79 
 684  112 
 685  89 
 686  95 
 687  85 
 688  87 
 689  80 
 690  63 
 691  80 
 692  96 
 693  69 
 694  73 
 695  73 
 696  67 
 697  58 
 698  42 
 699  58 
 700  55 
 701  48 
 702  41 
 703  42 
 704  51 
 705  40 
 706  31 
 707  33 
 708  35 
 709  26 
 710  25 
 711  29 
 712  27 
 713  30 
 714  27 
 715  31 
 716  27 
 717  28 
 718  16 
 719  21 
 720  19 
 721  22 
 722  39 
 723  30 
 724  30 
 725  17 
 726  14 
 727  21 
 728  25 
 729  21 
 730  13 
 731  32 
 732  17 
 733  16 
 734  15 
 735  18 
 736  13 
 737  11 
 738  20 
 739  10 
 740  18 
 741  13 
 742  10 
 743  15 
 744  15 
 745  19 
 746  14 
 747  10 
 748  15 
 749  11 
 750  9 
 751  15 
 752  19 
 753  16 
 754  17 
 755  11 
 756  14 
 757  20 
 758  10 
 759  15 
 760  19 
 761  13 
 762  13 
 763  16 
 764  12 
 765  11 
 766  16 
 767  9 
 768  25 
 769  11 
 770  10 
 771  16 
 772  10 
 773  16 
 774  11 
 775  11 
 776  12 
 777  10 
 778  14 
 779  19 
 780  18 
 781  12 
 782  10 
 783  7 
 784  4 
 785  11 
 786  6 
 787  14 
 788  13 
 789  19 
 790  17 
 791  13 
 792  16 
 793  21 
 794  4 
 795  8 
 796  10 
 797  9 
 798  6 
 799  11 
 800  9 
 801  14 
 802  9 
 803  18 
 804  13 
 805  19 
 806  11 
 807  12 
 808  9 
 809  11 
 810  10 
 811  8 
 812  10 
 813  14 
 814  6 
 815  14 
 816  9 
 817  18 
 818  13 
 819  10 
 820  10 
 821  11 
 822  12 
 823  14 
 824  12 
 825  17 
 826  9 
 827  13 
 828  11 
 829  7 
 830  10 
 831  11 
 832  11 
 833  11 
 834  9 
 835  12 
 836  17 
 837  5 
 838  9 
 839  9 
 840  14 
 841  9 
 842  11 
 843  13 
 844  5 
 845  9 
 846  13 
 847  8 
 848  14 
 849  8 
 850  17 
 851  11 
 852  13 
 853  12 
 854  5 
 855  8 
 856  9 
 857  15 
 858  7 
 859  11 
 860  12 
 861  9 
 862  15 
 863  15 
 864  8 
 865  10 
 866  16 
 867  12 
 868  16 
 869  10 
 870  8 
 871  11 
 872  8 
 873  3 
 874  12 
 875  8 
 876  8 
 877  16 
 878  14 
 879  13 
 880  8 
 881  8 
 882  11 
 883  12 
 884  13 
 885  9 
 886  9 
 887  15 
 888  10 
 889  11 
 890  11 
 891  18 
 892  10 
 893  12 
 894  15 
 895  11 
 896  12 
 897  11 
 898  15 
 899  10 
 900  8 
 901  10 
 902  8 
 903  9 
 904  16 
 905  16 
 906  8 
 907  10 
 908  14 
 909  11 
 910  17 
 911  13 
 912  10 
 913  7 
 914  9 
 915  17 
 916  9 
 917  9 
 918  8 
 919  6 
 920  11 
 921  8 
 922  17 
 923  17 
 924  14 
 925  5 
 926  6 
 927  10 
 928  15 
 929  15 
 930  9 
 931  17 
 932  11 
 933  10 
 934  8 
 935  11 
 936  8 
 937  12 
 938  10 
 939  8 
 940  15 
 941  9 
 942  9 
 943  7 
 944  12 
 945  13 
 946  13 
 947  12 
 948  12 
 949  9 
 950  10 
 951  14 
 952  9 
 953  15 
 954  8 
 955  3 
 956  7 
 957  11 
 958  9 
 959  10 
 960  8 
 961  12 
 962  16 
 963  9 
 964  13 
 965  4 
 966  13 
 967  14 
 968  12 
 969  10 
 970  8 
 971  13 
 972  10 
 973  5 
 974  10 
 975  9 
 976  14 
 977  11 
 978  9 
 979  10 
 980  11 
 981  12 
 982  8 
 983  8 
 984  10 
 985  11 
 986  8 
 987  12 
 988  14 
 989  7 
 990  18 
 991  15 
 992  8 
 993  8 
 994  12 
 995  6 
 996  14 
 997  6 
 998  3 
 999  10 
 1000  12 
 1001  9 
 1002  14 
 1003  13 
 1004  6 
 1005  13 
 1006  10 
 1007  11 
 1008  19 
 1009  8 
 1010  12 
 1011  12 
 1012  5 
 1013  4 
 1014  13 
 1015  7 
 1016  13 
 1017  13 
 1018  7 
 1019  7 
 1020  5 
 1021  9 
 1022  9 
 1023  9 
 1024  14 
 1025  13 
 1026  11 
 1027  12 
 1028  13 
 1029  8 
 1030  7 
 1031  15 
 1032  7 
 1033  10 
 1034  10 
 1035  12 
 1036  9 
 1037  6 
 1038  6 
 1039  11 
 1040  12 
 1041  17 
 1042  12 
 1043  7 
 1044  9 
 1045  24 
 1046  7 
 1047  8 
 1048  13 
 1049  8 
 1050  12 
 1051  15 
 1052  12 
 1053  8 
 1054  8 
 1055  12 
 1056  4 
 1057  10 
 1058  15 
 1059  13 
 1060  9 
 1061  3 
 1062  13 
 1063  6 
 1064  12 
 1065  8 
 1066  8 
 1067  8 
 1068  12 
 1069  14 
 1070  7 
 1071  8 
 1072  6 
 1073  12 
 1074  13 
 1075  10 
 1076  7 
 1077  5 
 1078  7 
 1079  12 
 1080  8 
 1081  14 
 1082  11 
 1083  12 
 1084  12 
 1085  18 
 1086  8 
 1087  13 
 1088  5 
 1089  10 
 1090  6 
 1091  7 
 1092  5 
 1093  10 
 1094  5 
 1095  8 
 1096  10 
 1097  7 
 1098  11 
 1099  11 
 1100  13 
 1101  6 
 1102  6 
 1103  7 
 1104  11 
 1105  11 
 1106  9 
 1107  7 
 1108  11 
 1109  11 
 1110  5 
 1111  11 
 1112  11 
 1113  6 
 1114  3 
 1115  9 
 1116  4 
 1117  10 
 1118  12 
 1119  15 
 1120  7 
 1121  9 
 1122  12 
 1123  3 
 1124  11 
 1125  5 
 1126  8 
 1127  11 
 1128  12 
 1129  8 
 1130  10 
 1131  7 
 1132  9 
 1133  11 
 1134  9 
 1135  10 
 1136  7 
 1137  5 
 1138  15 
 1139  6 
 1140  16 
 1141  9 
 1142  8 
 1143  8 
 1144  6 
 1145  6 
 1146  14 
 1147  10 
 1148  10 
 1149  11 
 1150  12 
 1151  19 
 1152  12 
 1153  9 
 1154  11 
 1155  13 
 1156  8 
 1157  11 
 1158  12 
 1159  7 
 1160  9 
 1161  10 
 1162  9 
 1163  9 
 1164  10 
 1165  13 
 1166  13 
 1167  6 
 1168  8 
 1169  15 
 1170  9 
 1171  8 
 1172  13 
 1173  11 
 1174  6 
 1175  13 
 1176  9 
 1177  10 
 1178  11 
 1179  7 
 1180  5 
 1181  7 
 1182  4 
 1183  8 
 1184  9 
 1185  5 
 1186  8 
 1187  12 
 1188  10 
 1189  13 
 1190  8 
 1191  16 
 1192  11 
 1193  13 
 1194  10 
 1195  7 
 1196  15 
 1197  9 
 1198  5 
 1199  10 
 1200  7 
 1201  9 
 1202  8 
 1203  12 
 1204  10 
 1205  15 
 1206  9 
 1207  12 
 1208  10 
 1209  12 
 1210  12 
 1211  7 
 1212  10 
 1213  5 
 1214  14 
 1215  6 
 1216  5 
 1217  9 
 1218  17 
 1219  12 
 1220  3 
 1221  5 
 1222  10 
 1223  11 
 1224  10 
 1225  11 
 1226  8 
 1227  6 
 1228  11 
 1229  8 
 1230  6 
 1231  7 
 1232  12 
 1233  6 
 1234  10 
 1235  7 
 1236  6 
 1237  6 
 1238  11 
 1239  10 
 1240  7 
 1241  10 
 1242  9 
 1243  10 
 1244  8 
 1245  6 
 1246  11 
 1247  10 
 1248  11 
 1249  8 
 1250  12 
 1251  20 
 1252  11 
 1253  8 
 1254  10 
 1255  9 
 1256  6 
 1257  9 
 1258  8 
 1259  10 
 1260  7 
 1261  11 
 1262  11 
 1263  9 
 1264  7 
 1265  7 
 1266  3 
 1267  7 
 1268  11 
 1269  13 
 1270  7 
 1271  11 
 1272  7 
 1273  8 
 1274  10 
 1275  10 
 1276  11 
 1277  8 
 1278  6 
 1279  13 
 1280  12 
 1281  13 
 1282  8 
 1283  3 
 1284  9 
 1285  5 
 1286  6 
 1287  8 
 1288  7 
 1289  6 
 1290  8 
 1291  7 
 1292  9 
 1293  8 
 1294  8 
 1295  10 
 1296  13 
 1297  8 
 1298  12 
 1299  6 
 1300  10 
 1301  9 
 1302  6 
 1303  13 
 1304  6 
 1305  10 
 1306  10 
 1307  14 
 1308  3 
 1309  6 
 1310  11 
 1311  7 
 1312  12 
 1313  8 
 1314  5 
 1315  14 
 1316  15 
 1317  17 
 1318  6 
 1319  8 
 1320  10 
 1321  14 
 1322  8 
 1323  7 
 1324  11 
 1325  8 
 1326  16 
 1327  10 
 1328  7 
 1329  13 
 1330  10 
 1331  12 
 1332  5 
 1333  6 
 1334  10 
 1335  8 
 1336  8 
 1337  8 
 1338  10 
 1339  6 
 1340  11 
 1341  9 
 1342  14 
 1343  11 
 1344  9 
 1345  7 
 1346  9 
 1347  11 
 1348  10 
 1349  9 
 1350  8 
 1351  13 
 1352  10 
 1353  8 
 1354  7 
 1355  6 
 1356  8 
 1357  6 
 1358  9 
 1359  14 
 1360  14 
 1361  11 
 1362  10 
 1363  12 
 1364  7 
 1365  9 
 1366  8 
 1367  11 
 1368  6 
 1369  5 
 1370  8 
 1371  7 
 1372  8 
 1373  6 
 1374  7 
 1375  10 
 1376  9 
 1377  7 
 1378  3 
 1379  12 
 1380  11 
 1381  12 
 1382  13 
 1383  9 
 1384  9 
 1385  4 
 1386  14 
 1387  9 
 1388  7 
 1389  13 
 1390  12 
 1391  8 
 1392  9 
 1393  8 
 1394  15 
 1395  11 
 1396  11 
 1397  7 
 1398  11 
 1399  5 
 1400  11 
 1401  9 
 1402  5 
 1403  12 
 1404  12 
 1405  4 
 1406  7 
 1407  8 
 1408  5 
 1409  10 
 1410  7 
 1411  7 
 1412  16 
 1413  6 
 1414  8 
 1415  9 
 1416  10 
 1417  11 
 1418  9 
 1419  9 
 1420  6 
 1421  12 
 1422  8 
 1423  10 
 1424  12 
 1425  6 
 1426  10 
 1427  7 
 1428  6 
 1429  8 
 1430  7 
 1431  8 
 1432  8 
 1433  6 
 1434  6 
 1435  5 
 1436  4 
 1437  5 
 1438  14 
 1439  9 
 1440  11 
 1441  9 
 1442  9 
 1443  5 
 1444  5 
 1445  12 
 1446  12 
 1447  12 
 1448  13 
 1449  4 
 1450  13 
 1451  14 
 1452  7 
 1453  6 
 1454  6 
 1455  5 
 1456  7 
 1457  9 
 1458  6 
 1459  5 
 1460  11 
 1461  11 
 1462  9 
 1463  10 
 1464  7 
 1465  4 
 1466  11 
 1467  11 
 1468  6 
 1469  3 
 1470  9 
 1471  14 
 1472  4 
 1473  10 
 1474  10 
 1475  6 
 1476  9 
 1477  7 
 1478  10 
 1479  7 
 1480  14 
 1481  7 
 1482  7 
 1483  9 
 1484  6 
 1485  7 
 1486  9 
 1487  7 
 1488  8 
 1489  8 
 1490  6 
 1491  6 
 1492  6 
 1493  12 
 1494  3 
 1495  6 
 1496  7 
 1497  9 
 1498  9 
 1499  6 
 1500  3 
 1501  12 
 1502  9 
 1503  9 
 1504  9 
 1505  6 
 1506  7 
 1507  15 
 1508  9 
 1509  7 
 1510  7 
 1511  6 
 1512  10 
 1513  8 
 1514  5 
 1515  9 
 1516  8 
 1517  7 
 1518  8 
 1519  9 
 1520  8 
 1521  13 
 1522  10 
 1523  6 
 1524  8 
 1525  9 
 1526  11 
 1527  11 
 1528  12 
 1529  8 
 1530  4 
 1531  6 
 1532  5 
 1533  10 
 1534  10 
 1535  7 
 1536  4 
 1537  6 
 1538  7 
 1539  6 
 1540  11 
 1541  6 
 1542  8 
 1543  11 
 1544  10 
 1545  5 
 1546  8 
 1547  14 
 1548  5 
 1549  8 
 1550  12 
 1551  13 
 1552  11 
 1553  7 
 1554  8 
 1555  11 
 1556  8 
 1557  13 
 1558  9 
 1559  7 
 1560  12 
 1561  8 
 1562  2 
 1563  12 
 1564  4 
 1565  11 
 1566  9 
 1567  7 
 1568  12 
 1569  10 
 1570  6 
 1571  4 
 1572  15 
 1573  7 
 1574  3 
 1575  13 
 1576  7 
 1577  7 
 1578  9 
 1579  8 
 1580  11 
 1581  4 
 1582  12 
 1583  11 
 1584  15 
 1585  3 
 1586  7 
 1587  13 
 1588  7 
 1589  7 
 1590  6 
 1591  4 
 1592  6 
 1593  10 
 1594  5 
 1595  14 
 1596  7 
 1597  7 
 1598  7 
 1599  11 
 1600  8 
 1601  3 
 1602  6 
 1603  14 
 1604  11 
 1605  11 
 1606  9 
 1607  10 
 1608  5 
 1609  6 
 1610  6 
 1611  10 
 1612  11 
 1613  9 
 1614  7 
 1615  10 
 1616  13 
 1617  10 
 1618  5 
 1619  7 
 1620  13 
 1621  7 
 1622  5 
 1623  9 
 1624  6 
 1625  12 
 1626  2 
 1627  7 
 1628  9 
 1629  9 
 1630  12 
 1631  9 
 1632  11 
 1633  7 
 1634  10 
 1635  11 
 1636  4 
 1637  3 
 1638  12 
 1639  4 
 1640  9 
 1641  5 
 1642  8 
 1643  11 
 1644  6 
 1645  12 
 1646  8 
 1647  7 
 1648  11 
 1649  8 
 1650  8 
 1651  6 
 1652  13 
 1653  3 
 1654  10 
 1655  12 
 1656  9 
 1657  6 
 1658  8 
 1659  7 
 1660  9 
 1661  3 
 1662  5 
 1663  8 
 1664  5 
 1665  6 
 1666  6 
 1667  5 
 1668  7 
 1669  10 
 1670  16 
 1671  14 
 1672  7 
 1673  11 
 1674  10 
 1675  5 
 1676  11 
 1677  10 
 1678  4 
 1679  4 
 1680  5 
 1681  8 
 1682  7 
 1683  4 
 1684  5 
 1685  8 
 1686  9 
 1687  10 
 1688  8 
 1689  10 
 1690  2 
 1691  4 
 1692  11 
 1693  5 
 1694  4 
 1695  10 
 1696  10 
 1697  8 
 1698  9 
 1699  6 
 1700  7 
 1701  10 
 1702  4 
 1703  9 
 1704  7 
 1705  12 
 1706  9 
 1707  7 
 1708  13 
 1709  9 
 1710  7 
 1711  13 
 1712  7 
 1713  12 
 1714  7 
 1715  3 
 1716  6 
 1717  6 
 1718  11 
 1719  4 
 1720  7 
 1721  13 
 1722  9 
 1723  9 
 1724  6 
 1725  10 
 1726  6 
 1727  9 
 1728  8 
 1729  6 
 1730  5 
 1731  3 
 1732  4 
 1733  6 
 1734  8 
 1735  4 
 1736  11 
 1737  7 
 1738  6 
 1739  6 
 1740  6 
 1741  7 
 1742  8 
 1743  4 
 1744  9 
 1745  5 
 1746  8 
 1747  5 
 1748  8 
 1749  4 
 1750  5 
 1751  6 
 1752  5 
 1753  6 
 1754  17 
 1755  9 
 1756  5 
 1757  6 
 1758  9 
 1759  10 
 1760  7 
 1761  6 
 1762  10 
 1763  6 
 1764  6 
 1765  10 
 1766  9 
 1767  6 
 1768  4 
 1769  7 
 1770  7 
 1771  6 
 1772  7 
 1773  5 
 1774  2 
 1775  7 
 1776  2 
 1777  6 
 1778  5 
 1779  9 
 1780  9 
 1781  8 
 1782  11 
 1783  5 
 1784  5 
 1785  12 
 1786  8 
 1787  2 
 1788  10 
 1789  7 
 1790  7 
 1791  10 
 1792  4 
 1793  10 
 1794  5 
 1795  6 
 1796  10 
 1797  8 
 1798  9 
 1799  8 
 1800  7 
 1801  6 
 1802  5 
 1803  10 
 1804  7 
 1805  5 
 1806  7 
 1807  8 
 1808  8 
 1809  8 
 1810  10 
 1811  5 
 1812  6 
 1813  7 
 1814  13 
 1815  9 
 1816  5 
 1817  9 
 1818  6 
 1819  7 
 1820  11 
 1821  11 
 1822  5 
 1823  10 
 1824  3 
 1825  12 
 1826  7 
 1827  3 
 1828  9 
 1829  10 
 1830  10 
 1831  9 
 1832  4 
 1833  6 
 1834  10 
 1835  5 
 1836  8 
 1837  9 
 1838  6 
 1839  8 
 1840  6 
 1841  9 
 1842  8 
 1843  8 
 1844  5 
 1845  12 
 1846  9 
 1847  8 
 1848  6 
 1849  5 
 1850  11 
 1851  4 
 1852  8 
 1853  5 
 1854  9 
 1855  9 
 1856  6 
 1857  6 
 1858  8 
 1859  5 
 1860  6 
 1861  9 
 1862  8 
 1863  8 
 1864  2 
 1865  9 
 1866  6 
 1867  6 
 1868  10 
 1869  7 
 1870  8 
 1871  6 
 1872  4 
 1873  9 
 1874  1 
 1875  7 
 1876  5 
 1877  7 
 1878  9 
 1879  4 
 1880  9 
 1881  5 
 1882  3 
 1883  7 
 1884  9 
 1885  9 
 1886  6 
 1887  6 
 1888  11 
 1889  7 
 1890  11 
 1891  9 
 1892  6 
 1893  9 
 1894  16 
 1895  11 
 1896  14 
 1897  7 
 1898  9 
 1899  7 
 1900  5 
 1901  9 
 1902  11 
 1903  7 
 1904  7 
 1905  8 
 1906  5 
 1907  5 
 1908  3 
 1909  6 
 1910  6 
 1911  11 
 1912  8 
 1913  3 
 1914  10 
 1915  6 
 1916  10 
 1917  2 
 1918  7 
 1919  6 
 1920  5 
 1921  9 
 1922  9 
 1923  9 
 1924  5 
 1925  5 
 1926  7 
 1927  10 
 1928  7 
 1929  5 
 1930  7 
 1931  5 
 1932  6 
 1933  8 
 1934  7 
 1935  9 
 1936  6 
 1937  11 
 1938  6 
 1939  10 
 1940  6 
 1941  9 
 1942  8 
 1943  6 
 1944  11 
 1945  8 
 1946  5 
 1947  10 
 1948  9 
 1949  8 
 1950  13 
 1951  8 
 1952  10 
 1953  5 
 1954  8 
 1955  8 
 1956  8 
 1957  5 
 1958  10 
 1959  8 
 1960  9 
 1961  6 
 1962  6 
 1963  5 
 1964  12 
 1965  9 
 1966  8 
 1967  13 
 1968  3 
 1969  8 
 1970  2 
 1971  4 
 1972  6 
 1973  4 
 1974  10 
 1975  7 
 1976  13 
 1977  8 
 1978  3 
 1979  4 
 1980  5 
 1981  7 
 1982  2 
 1983  10 
 1984  8 
 1985  5 
 1986  4 
 1987  3 
 1988  9 
 1989  8 
 1990  9 
 1991  1 
 1992  8 
 1993  2 
 1994  10 
 1995  5 
 1996  8 
 1997  6 
 1998  8 
 1999  8 
 2000  4 
 2001  4 
 2002  6 
 2003  4 
 2004  7 
 2005  9 
 2006  7 
 2007  1 
 2008  7 
 2009  7 
 2010  7 
 2011  9 
 2012  8 
 2013  8 
 2014  7 
 2015  9 
 2016  9 
 2017  8 
 2018  7 
 2019  4 
 2020  9 
 2021  6 
 2022  8 
 2023  11 
 2024  6 
 2025  5 
 2026  10 
 2027  8 
 2028  5 
 2029  6 
 2030  6 
 2031  5 
 2032  7 
 2033  6 
 2034  5 
 2035  6 
 2036  10 
 2037  4 
 2038  5 
 2039  9 
 2040  6 
 2041  7 
 2042  6 
 2043  10 
 2044  6 
 2045  9 
 2046  6 
 2047  6 
 2048  4 
 2049  5 
 2050  6 
 2051  5 
 2052  7 
 2053  6 
 2054  8 
 2055  5 
 2056  9 
 2057  4 
 2058  5 
 2059  7 
 2060  6 
 2061  9 
 2062  8 
 2063  12 
 2064  9 
 2065  4 
 2066  4 
 2067  8 
 2068  7 
 2069  11 
 2070  2 
 2071  9 
 2072  8 
 2073  12 
 2074  7 
 2075  4 
 2076  11 
 2077  9 
 2078  7 
 2079  11 
 2080  6 
 2081  5 
 2082  5 
 2083  3 
 2084  12 
 2085  4 
 2086  10 
 2087  6 
 2088  6 
 2089  8 
 2090  7 
 2091  5 
 2092  9 
 2093  6 
 2094  4 
 2095  9 
 2096  6 
 2097  9 
 2098  8 
 2099  10 
 2100  3 
 2101  4 
 2102  8 
 2103  2 
 2104  5 
 2105  4 
 2106  4 
 2107  4 
 2108  8 
 2109  6 
 2110  8 
 2111  4 
 2112  9 
 2113  11 
 2114  6 
 2115  5 
 2116  8 
 2117  13 
 2118  7 
 2119  9 
 2120  7 
 2121  5 
 2122  10 
 2123  10 
 2124  6 
 2125  6 
 2126  7 
 2127  5 
 2128  2 
 2129  6 
 2130  1 
 2131  9 
 2132  6 
 2133  10 
 2134  6 
 2135  9 
 2136  7 
 2137  8 
 2138  5 
 2139  17 
 2140  7 
 2141  4 
 2142  8 
 2143  11 
 2144  8 
 2145  9 
 2146  8 
 2147  7 
 2148  6 
 2149  5 
 2150  5 
 2151  1 
 2152  5 
 2153  6 
 2154  12 
 2155  10 
 2156  4 
 2157  8 
 2158  10 
 2159  8 
 2160  5 
 2161  6 
 2162  3 
 2163  7 
 2164  5 
 2165  8 
 2166  6 
 2167  6 
 2168  6 
 2169  5 
 2170  7 
 2171  11 
 2172  8 
 2173  7 
 2174  4 
 2175  7 
 2176  4 
 2177  6 
 2178  4 
 2179  3 
 2180  3 
 2181  7 
 2182  7 
 2183  4 
 2184  6 
 2185  12 
 2186  11 
 2187  7 
 2188  6 
 2189  8 
 2190  5 
 2191  6 
 2192  8 
 2193  10 
 2194  10 
 2195  6 
 2196  9 
 2197  5 
 2198  10 
 2199  6 
 2200  13 
 2201  12 
 2202  8 
 2203  6 
 2204  5 
 2205  5 
 2206  12 
 2207  5 
 2208  5 
 2209  5 
 2210  3 
 2211  9 
 2212  7 
 2213  7 
 2214  9 
 2215  10 
 2216  5 
 2217  7 
 2218  8 
 2219  6 
 2220  10 
 2221  3 
 2222  8 
 2223  12 
 2224  7 
 2225  7 
 2226  7 
 2227  10 
 2228  1 
 2229  6 
 2230  6 
 2231  8 
 2232  11 
 2233  5 
 2234  1 
 2235  7 
 2236  7 
 2237  5 
 2238  8 
 2239  7 
 2240  8 
 2241  2 
 2242  15 
 2243  5 
 2244  6 
 2245  10 
 2246  5 
 2247  4 
 2248  6 
 2249  7 
 2250  5 
 2251  7 
 2252  5 
 2253  9 
 2254  8 
 2255  5 
 2256  6 
 2257  4 
 2258  5 
 2259  7 
 2260  8 
 2261  8 
 2262  5 
 2263  9 
 2264  6 
 2265  9 
 2266  9 
 2267  13 
 2268  4 
 2269  6 
 2270  11 
 2271  9 
 2272  6 
 2273  2 
 2274  6 
 2275  5 
 2276  7 
 2277  12 
 2278  7 
 2279  5 
 2280  5 
 2281  7 
 2282  6 
 2283  7 
 2284  7 
 2285  2 
 2286  7 
 2287  7 
 2288  4 
 2289  2 
 2290  5 
 2291  8 
 2292  9 
 2293  5 
 2294  5 
 2295  9 
 2296  4 
 2297  4 
 2298  5 
 2299  6 
 2300  1 
 2301  13 
 2302  8 
 2303  4 
 2304  5 
 2305  4 
 2306  6 
 2307  6 
 2308  7 
 2309  6 
 2310  5 
 2311  3 
 2312  7 
 2313  6 
 2314  6 
 2315  8 
 2316  11 
 2317  5 
 2318  6 
 2319  6 
 2320  4 
 2321  6 
 2322  8 
 2323  9 
 2324  5 
 2325  6 
 2326  9 
 2327  6 
 2328  7 
 2329  7 
 2330  6 
 2331  5 
 2332  5 
 2333  11 
 2334  8 
 2335  5 
 2336  10 
 2337  7 
 2338  7 
 2339  6 
 2340  4 
 2341  6 
 2342  9 
 2343  3 
 2344  2 
 2345  3 
 2346  3 
 2347  5 
 2348  5 
 2349  5 
 2350  4 
 2351  3 
 2352  3 
 2353  7 
 2354  6 
 2355  9 
 2356  6 
 2357  11 
 2358  6 
 2359  5 
 2360  6 
 2361  4 
 2362  4 
 2363  5 
 2364  10 
 2365  10 
 2366  4 
 2367  10 
 2368  4 
 2369  8 
 2370  8 
 2371  4 
 2372  8 
 2373  9 
 2374  7 
 2375  7 
 2376  6 
 2377  7 
 2378  10 
 2379  11 
 2380  9 
 2381  4 
 2382  7 
 2383  6 
 2384  7 
 2385  12 
 2386  4 
 2387  4 
 2388  8 
 2389  11 
 2390  10 
 2391  10 
 2392  3 
 2393  4 
 2394  13 
 2395  7 
 2396  3 
 2397  6 
 2398  9 
 2399  6 
 2400  7 
 2401  7 
 2402  7 
 2403  4 
 2404  8 
 2405  8 
 2406  8 
 2407  8 
 2408  8 
 2409  9 
 2410  7 
 2411  10 
 2412  6 
 2413  4 
 2414  7 
 2415  8 
 2416  5 
 2417  6 
 2418  6 
 2419  13 
 2420  10 
 2421  5 
 2422  9 
 2423  5 
 2424  6 
 2425  7 
 2426  4 
 2427  9 
 2428  12 
 2429  9 
 2430  7 
 2431  7 
 2432  10 
 2433  6 
 2434  6 
 2435  7 
 2436  6 
 2437  5 
 2438  4 
 2439  8 
 2440  7 
 2441  9 
 2442  11 
 2443  11 
 2444  6 
 2445  4 
 2446  7 
 2447  7 
 2448  6 
 2449  2 
 2450  7 
 2451  9 
 2452  10 
 2453  6 
 2454  11 
 2455  7 
 2456  3 
 2457  1 
 2458  1 
 2459  7 
 2460  6 
 2461  4 
 2462  2 
 2463  4 
 2464  7 
 2465  7 
 2466  8 
 2467  5 
 2468  8 
 2469  10 
 2470  4 
 2471  8 
 2472  9 
 2473  5 
 2474  7 
 2475  7 
 2476  6 
 2477  9 
 2478  10 
 2479  4 
 2480  9 
 2481  7 
 2482  5 
 2483  6 
 2484  5 
 2485  6 
 2486  7 
 2487  6 
 2488  7 
 2489  5 
 2490  5 
 2491  7 
 2492  9 
 2493  3 
 2494  9 
 2495  2 
 2496  11 
 2497  6 
 2498  9 
 2499  7 
 2500  4 
 2501  6 
 2502  7 
 2503  8 
 2504  3 
 2505  3 
 2506  8 
 2507  7 
 2508  3 
 2509  5 
 2510  4 
 2511  4 
 2512  6 
 2513  4 
 2514  7 
 2515  0 
 2516  5 
 2517  6 
 2518  7 
 2519  6 
 2520  10 
 2521  8 
 2522  10 
 2523  15 
 2524  7 
 2525  8 
 2526  3 
 2527  8 
 2528  4 
 2529  6 
 2530  7 
 2531  7 
 2532  6 
 2533  11 
 2534  10 
 2535  13 
 2536  3 
 2537  4 
 2538  6 
 2539  9 
 2540  3 
 2541  2 
 2542  5 
 2543  7 
 2544  4 
 2545  7 
 2546  5 
 2547  7 
 2548  8 
 2549  6 
 2550  12 
 2551  8 
 2552  6 
 2553  9 
 2554  8 
 2555  10 
 2556  8 
 2557  9 
 2558  8 
 2559  11 
 2560  6 
 2561  5 
 2562  5 
 2563  5 
 2564  7 
 2565  8 
 2566  6 
 2567  6 
 2568  5 
 2569  6 
 2570  5 
 2571  6 
 2572  10 
 2573  6 
 2574  6 
 2575  7 
 2576  5 
 2577  3 
 2578  6 
 2579  5 
 2580  5 
 2581  7 
 2582  3 
 2583  7 
 2584  7 
 2585  6 
 2586  9 
 2587  3 
 2588  3 
 2589  7 
 2590  6 
 2591  3 
 2592  6 
 2593  4 
 2594  7 
 2595  5 
 2596  8 
 2597  9 
 2598  7 
 2599  8 
 2600  6 
 2601  10 
 2602  5 
 2603  10 
 2604  6 
 2605  8 
 2606  7 
 2607  7 
 2608  6 
 2609  4 
 2610  10 
 2611  3 
 2612  6 
 2613  12 
 2614  5 
 2615  3 
 2616  9 
 2617  3 
 2618  6 
 2619  6 
 2620  4 
 2621  6 
 2622  6 
 2623  6 
 2624  11 
 2625  4 
 2626  8 
 2627  5 
 2628  5 
 2629  2 
 2630  3 
 2631  6 
 2632  7 
 2633  8 
 2634  6 
 2635  5 
 2636  3 
 2637  6 
 2638  12 
 2639  7 
 2640  11 
 2641  8 
 2642  6 
 2643  7 
 2644  3 
 2645  4 
 2646  2 
 2647  2 
 2648  7 
 2649  6 
 2650  5 
 2651  6 
 2652  6 
 2653  8 
 2654  9 
 2655  7 
 2656  4 
 2657  9 
 2658  7 
 2659  8 
 2660  4 
 2661  6 
 2662  7 
 2663  6 
 2664  3 
 2665  5 
 2666  3 
 2667  3 
 2668  15 
 2669  4 
 2670  4 
 2671  3 
 2672  4 
 2673  5 
 2674  4 
 2675  7 
 2676  3 
 2677  10 
 2678  3 
 2679  7 
 2680  9 
 2681  4 
 2682  8 
 2683  7 
 2684  8 
 2685  6 
 2686  6 
 2687  7 
 2688  7 
 2689  4 
 2690  10 
 2691  13 
 2692  5 
 2693  5 
 2694  6 
 2695  5 
 2696  9 
 2697  6 
 2698  6 
 2699  10 
 2700  9 
 2701  3 
 2702  7 
 2703  6 
 2704  7 
 2705  6 
 2706  5 
 2707  5 
 2708  7 
 2709  9 
 2710  14 
 2711  3 
 2712  2 
 2713  3 
 2714  12 
 2715  9 
 2716  9 
 2717  10 
 2718  6 
 2719  7 
 2720  8 
 2721  17 
 2722  11 
 2723  7 
 2724  9 
 2725  10 
 2726  12 
 2727  12 
 2728  8 
 2729  9 
 2730  13 
 2731  12 
 2732  8 
 2733  13 
 2734  6 
 2735  10 
 2736  14 
 2737  8 
 2738  14 
 2739  11 
 2740  10 
 2741  16 
 2742  14 
 2743  7 
 2744  12 
 2745  18 
 2746  16 
 2747  9 
 2748  7 
 2749  7 
 2750  6 
 2751  12 
 2752  7 
 2753  7 
 2754  12 
 2755  11 
 2756  13 
 2757  17 
 2758  13 
 2759  10 
 2760  9 
 2761  10 
 2762  13 
 2763  8 
 2764  11 
 2765  13 
 2766  13 
 2767  7 
 2768  12 
 2769  7 
 2770  13 
 2771  11 
 2772  3 
 2773  16 
 2774  12 
 2775  6 
 2776  10 
 2777  7 
 2778  9 
 2779  3 
 2780  4 
 2781  8 
 2782  7 
 2783  10 
 2784  7 
 2785  3 
 2786  4 
 2787  4 
 2788  4 
 2789  6 
 2790  5 
 2791  7 
 2792  1 
 2793  4 
 2794  6 
 2795  6 
 2796  9 
 2797  10 
 2798  4 
 2799  5 
 2800  4 
 2801  8 
 2802  5 
 2803  8 
 2804  8 
 2805  6 
 2806  10 
 2807  9 
 2808  9 
 2809  10 
 2810  10 
 2811  7 
 2812  2 
 2813  8 
 2814  7 
 2815  11 
 2816  10 
 2817  5 
 2818  7 
 2819  6 
 2820  9 
 2821  4 
 2822  7 
 2823  6 
 2824  6 
 2825  10 
 2826  7 
 2827  5 
 2828  4 
 2829  2 
 2830  4 
 2831  4 
 2832  5 
 2833  7 
 2834  11 
 2835  8 
 2836  9 
 2837  8 
 2838  5 
 2839  8 
 2840  3 
 2841  6 
 2842  5 
 2843  6 
 2844  4 
 2845  3 
 2846  9 
 2847  4 
 2848  2 
 2849  6 
 2850  5 
 2851  10 
 2852  8 
 2853  6 
 2854  7 
 2855  3 
 2856  7 
 2857  4 
 2858  9 
 2859  10 
 2860  5 
 2861  8 
 2862  5 
 2863  6 
 2864  7 
 2865  5 
 2866  5 
 2867  5 
 2868  9 
 2869  4 
 2870  12 
 2871  8 
 2872  8 
 2873  5 
 2874  9 
 2875  4 
 2876  2 
 2877  5 
 2878  6 
 2879  4 
 2880  3 
 2881  5 
 2882  3 
 2883  6 
 2884  4 
 2885  10 
 2886  4 
 2887  8 
 2888  2 
 2889  3 
 2890  8 
 2891  8 
 2892  7 
 2893  9 
 2894  8 
 2895  6 
 2896  6 
 2897  4 
 2898  6 
 2899  6 
 2900  3 
 2901  4 
 2902  6 
 2903  3 
 2904  3 
 2905  6 
 2906  4 
 2907  3 
 2908  3 
 2909  9 
 2910  6 
 2911  6 
 2912  7 
 2913  7 
 2914  9 
 2915  7 
 2916  4 
 2917  6 
 2918  4 
 2919  5 
 2920  4 
 2921  3 
 2922  1 
 2923  4 
 2924  7 
 2925  4 
 2926  7 
 2927  6 
 2928  9 
 2929  6 
 2930  7 
 2931  6 
 2932  6 
 2933  7 
 2934  2 
 2935  5 
 2936  5 
 2937  4 
 2938  7 
 2939  2 
 2940  6 
 2941  6 
 2942  6 
 2943  3 
 2944  6 
 2945  4 
 2946  7 
 2947  12 
 2948  7 
 2949  3 
 2950  7 
 2951  6 
 2952  9 
 2953  8 
 2954  5 
 2955  7 
 2956  5 
 2957  7 
 2958  4 
 2959  1 
 2960  12 
 2961  4 
 2962  6 
 2963  3 
 2964  8 
 2965  4 
 2966  8 
 2967  5 
 2968  7 
 2969  4 
 2970  4 
 2971  6 
 2972  7 
 2973  5 
 2974  3 
 2975  7 
 2976  11 
 2977  6 
 2978  5 
 2979  4 
 2980  5 
 2981  5 
 2982  7 
 2983  8 
 2984  5 
 2985  6 
 2986  3 
 2987  3 
 2988  4 
 2989  8 
 2990  6 
 2991  12 
 2992  10 
 2993  9 
 2994  7 
 2995  5 
 2996  6 
 2997  6 
 2998  6 
 2999  4 
 3000  5 
 3001  5 
 3002  5 
 3003  4 
 3004  9 
 3005  6 
 3006  8 
 3007  4 
 3008  5 
 3009  7 
 3010  6 
 3011  7 
 3012  9 
 3013  7 
 3014  5 
 3015  8 
 3016  7 
 3017  9 
 3018  7 
 3019  7 
 3020  9 
 3021  5 
 3022  5 
 3023  2 
 3024  7 
 3025  6 
 3026  8 
 3027  7 
 3028  7 
 3029  3 
 3030  1 
 3031  5 
 3032  4 
 3033  6 
 3034  8 
 3035  6 
 3036  4 
 3037  8 
 3038  5 
 3039  9 
 3040  7 
 3041  7 
 3042  5 
 3043  8 
 3044  1 
 3045  7 
 3046  4 
 3047  4 
 3048  8 
 3049  7 
 3050  9 
 3051  4 
 3052  7 
 3053  9 
 3054  7 
 3055  5 
 3056  3 
 3057  7 
 3058  5 
 3059  3 
 3060  7 
 3061  6 
 3062  6 
 3063  4 
 3064  8 
 3065  4 
 3066  4 
 3067  2 
 3068  4 
 3069  6 
 3070  11 
 3071  4 
 3072  5 
 3073  6 
 3074  7 
 3075  7 
 3076  3 
 3077  2 
 3078  6 
 3079  6 
 3080  9 
 3081  7 
 3082  8 
 3083  8 
 3084  6 
 3085  7 
 3086  4 
 3087  2 
 3088  10 
 3089  7 
 3090  5 
 3091  5 
 3092  5 
 3093  7 
 3094  8 
 3095  2 
 3096  7 
 3097  4 
 3098  7 
 3099  1 
 3100  5 
 3101  9 
 3102  5 
 3103  3 
 3104  6 
 3105  3 
 3106  7 
 3107  6 
 3108  9 
 3109  10 
 3110  2 
 3111  5 
 3112  6 
 3113  5 
 3114  3 
 3115  11 
 3116  4 
 3117  2 
 3118  3 
 3119  10 
 3120  4 
 3121  3 
 3122  3 
 3123  4 
 3124  4 
 3125  6 
 3126  8 
 3127  9 
 3128  8 
 3129  9 
 3130  5 
 3131  5 
 3132  7 
 3133  9 
 3134  6 
 3135  9 
 3136  8 
 3137  7 
 3138  5 
 3139  8 
 3140  5 
 3141  5 
 3142  6 
 3143  3 
 3144  7 
 3145  5 
 3146  7 
 3147  2 
 3148  6 
 3149  3 
 3150  6 
 3151  6 
 3152  7 
 3153  9 
 3154  6 
 3155  7 
 3156  6 
 3157  6 
 3158  4 
 3159  6 
 3160  4 
 3161  8 
 3162  4 
 3163  3 
 3164  8 
 3165  7 
 3166  6 
 3167  2 
 3168  3 
 3169  4 
 3170  4 
 3171  8 
 3172  3 
 3173  8 
 3174  4 
 3175  10 
 3176  3 
 3177  7 
 3178  10 
 3179  5 
 3180  4 
 3181  7 
 3182  11 
 3183  6 
 3184  4 
 3185  7 
 3186  7 
 3187  10 
 3188  6 
 3189  4 
 3190  4 
 3191  12 
 3192  5 
 3193  5 
 3194  3 
 3195  2 
 3196  5 
 3197  3 
 3198  6 
 3199  3 
 3200  9 
 3201  8 
 3202  7 
 3203  4 
 3204  5 
 3205  5 
 3206  7 
 3207  7 
 3208  5 
 3209  8 
 3210  6 
 3211  9 
 3212  3 
 3213  10 
 3214  6 
 3215  7 
 3216  11 
 3217  2 
 3218  6 
 3219  5 
 3220  7 
 3221  6 
 3222  8 
 3223  5 
 3224  4 
 3225  5 
 3226  6 
 3227  6 
 3228  3 
 3229  8 
 3230  6 
 3231  4 
 3232  3 
 3233  5 
 3234  3 
 3235  5 
 3236  7 
 3237  8 
 3238  9 
 3239  9 
 3240  3 
 3241  11 
 3242  5 
 3243  4 
 3244  6 
 3245  6 
 3246  6 
 3247  4 
 3248  8 
 3249  2 
 3250  4 
 3251  6 
 3252  2 
 3253  9 
 3254  7 
 3255  4 
 3256  9 
 3257  5 
 3258  7 
 3259  12 
 3260  3 
 3261  6 
 3262  6 
 3263  6 
 3264  5 
 3265  5 
 3266  6 
 3267  5 
 3268  5 
 3269  6 
 3270  8 
 3271  5 
 3272  6 
 3273  5 
 3274  3 
 3275  9 
 3276  10 
 3277  3 
 3278  4 
 3279  4 
 3280  5 
 3281  7 
 3282  7 
 3283  4 
 3284  5 
 3285  9 
 3286  8 
 3287  6 
 3288  4 
 3289  5 
 3290  4 
 3291  3 
 3292  4 
 3293  7 
 3294  6 
 3295  7 
 3296  6 
 3297  4 
 3298  6 
 3299  8 
 3300  3 
 3301  5 
 3302  13 
 3303  7 
 3304  7 
 3305  6 
 3306  7 
 3307  3 
 3308  8 
 3309  11 
 3310  5 
 3311  3 
 3312  6 
 3313  5 
 3314  6 
 3315  5 
 3316  8 
 3317  7 
 3318  12 
 3319  4 
 3320  4 
 3321  6 
 3322  7 
 3323  9 
 3324  8 
 3325  11 
 3326  10 
 3327  11 
 3328  6 
 3329  5 
 3330  6 
 3331  6 
 3332  3 
 3333  11 
 3334  3 
 3335  3 
 3336  5 
 3337  4 
 3338  8 
 3339  9 
 3340  5 
 3341  8 
 3342  7 
 3343  7 
 3344  3 
 3345  0 
 3346  4 
 3347  5 
 3348  12 
 3349  5 
 3350  5 
 3351  4 
 3352  6 
 3353  7 
 3354  9 
 3355  7 
 3356  4 
 3357  8 
 3358  4 
 3359  9 
 3360  5 
 3361  6 
 3362  12 
 3363  2 
 3364  6 
 3365  3 
 3366  4 
 3367  10 
 3368  8 
 3369  3 
 3370  6 
 3371  8 
 3372  8 
 3373  7 
 3374  6 
 3375  7 
 3376  9 
 3377  6 
 3378  3 
 3379  2 
 3380  6 
 3381  9 
 3382  10 
 3383  6 
 3384  8 
 3385  6 
 3386  4 
 3387  4 
 3388  9 
 3389  2 
 3390  6 
 3391  2 
 3392  3 
 3393  4 
 3394  10 
 3395  3 
 3396  7 
 3397  4 
 3398  4 
 3399  7 
 3400  5 
 3401  6 
 3402  6 
 3403  9 
 3404  7 
 3405  7 
 3406  3 
 3407  4 
 3408  7 
 3409  7 
 3410  7 
 3411  4 
 3412  7 
 3413  7 
 3414  13 
 3415  7 
 3416  6 
 3417  4 
 3418  9 
 3419  4 
 3420  2 
 3421  6 
 3422  10 
 3423  4 
 3424  7 
 3425  2 
 3426  5 
 3427  8 
 3428  6 
 3429  6 
 3430  2 
 3431  5 
 3432  12 
 3433  2 
 3434  6 
 3435  3 
 3436  7 
 3437  7 
 3438  6 
 3439  7 
 3440  9 
 3441  5 
 3442  8 
 3443  6 
 3444  6 
 3445  8 
 3446  4 
 3447  5 
 3448  3 
 3449  9 
 3450  4 
 3451  4 
 3452  4 
 3453  2 
 3454  6 
 3455  1 
 3456  9 
 3457  6 
 3458  3 
 3459  4 
 3460  6 
 3461  8 
 3462  8 
 3463  4 
 3464  16 
 3465  9 
 3466  10 
 3467  11 
 3468  10 
 3469  10 
 3470  8 
 3471  11 
 3472  9 
 3473  5 
 3474  8 
 3475  5 
 3476  8 
 3477  11 
 3478  13 
 3479  11 
 3480  6 
 3481  11 
 3482  5 
 3483  12 
 3484  8 
 3485  9 
 3486  10 
 3487  12 
 3488  8 
 3489  24 
 3490  14 
 3491  12 
 3492  19 
 3493  8 
 3494  13 
 3495  17 
 3496  12 
 3497  12 
 3498  23 
 3499  16 
 3500  27 
 3501  20 
 3502  13 
 3503  23 
 3504  15 
 3505  19 
 3506  16 
 3507  14 
 3508  28 
 3509  18 
 3510  18 
 3511  16 
 3512  10 
 3513  18 
 3514  12 
 3515  13 
 3516  13 
 3517  22 
 3518  21 
 3519  15 
 3520  7 
 3521  19 
 3522  22 
 3523  18 
 3524  31 
 3525  16 
 3526  20 
 3527  16 
 3528  12 
 3529  23 
 3530  12 
 3531  18 
 3532  21 
 3533  22 
 3534  9 
 3535  13 
 3536  20 
 3537  15 
 3538  9 
 3539  15 
 3540  16 
 3541  6 
 3542  14 
 3543  10 
 3544  6 
 3545  8 
 3546  12 
 3547  10 
 3548  6 
 3549  9 
 3550  7 
 3551  8 
 3552  7 
 3553  10 
 3554  7 
 3555  6 
 3556  8 
 3557  8 
 3558  7 
 3559  6 
 3560  6 
 3561  12 
 3562  5 
 3563  12 
 3564  9 
 3565  10 
 3566  4 
 3567  11 
 3568  13 
 3569  15 
 3570  13 
 3571  14 
 3572  10 
 3573  8 
 3574  12 
 3575  22 
 3576  11 
 3577  10 
 3578  15 
 3579  9 
 3580  11 
 3581  21 
 3582  12 
 3583  14 
 3584  22 
 3585  16 
 3586  15 
 3587  17 
 3588  28 
 3589  30 
 3590  28 
 3591  27 
 3592  26 
 3593  34 
 3594  22 
 3595  30 
 3596  26 
 3597  32 
 3598  24 
 3599  35 
 3600  38 
 3601  29 
 3602  49 
 3603  46 
 3604  50 
 3605  52 
 3606  43 
 3607  50 
 3608  47 
 3609  57 
 3610  51 
 3611  49 
 3612  53 
 3613  62 
 3614  55 
 3615  61 
 3616  66 
 3617  60 
 3618  72 
 3619  60 
 3620  58 
 3621  66 
 3622  63 
 3623  58 
 3624  63 
 3625  63 
 3626  76 
 3627  70 
 3628  61 
 3629  51 
 3630  65 
 3631  77 
 3632  54 
 3633  53 
 3634  57 
 3635  45 
 3636  41 
 3637  46 
 3638  52 
 3639  36 
 3640  37 
 3641  44 
 3642  35 
 3643  34 
 3644  26 
 3645  28 
 3646  23 
 3647  29 
 3648  33 
 3649  19 
 3650  18 
 3651  12 
 3652  18 
 3653  12 
 3654  17 
 3655  16 
 3656  16 
 3657  12 
 3658  9 
 3659  8 
 3660  6 
 3661  4 
 3662  9 
 3663  6 
 3664  14 
 3665  5 
 3666  9 
 3667  6 
 3668  9 
 3669  5 
 3670  7 
 3671  3 
 3672  4 
 3673  5 
 3674  9 
 3675  11 
 3676  5 
 3677  4 
 3678  6 
 3679  14 
 3680  4 
 3681  5 
 3682  9 
 3683  9 
 3684  5 
 3685  6 
 3686  7 
 3687  3 
 3688  4 
 3689  5 
 3690  9 
 3691  8 
 3692  5 
 3693  6 
 3694  7 
 3695  6 
 3696  6 
 3697  10 
 3698  9 
 3699  7 
 3700  3 
 3701  5 
 3702  2 
 3703  6 
 3704  6 
 3705  3 
 3706  9 
 3707  7 
 3708  11 
 3709  9 
 3710  7 
 3711  14 
 3712  8 
 3713  10 
 3714  6 
 3715  6 
 3716  5 
 3717  9 
 3718  13 
 3719  5 
 3720  3 
 3721  9 
 3722  7 
 3723  3 
 3724  5 
 3725  2 
 3726  8 
 3727  4 
 3728  7 
 3729  8 
 3730  8 
 3731  12 
 3732  11 
 3733  8 
 3734  11 
 3735  8 
 3736  8 
 3737  5 
 3738  8 
 3739  4 
 3740  2 
 3741  7 
 3742  3 
 3743  8 
 3744  7 
 3745  5 
 3746  7 
 3747  10 
 3748  5 
 3749  7 
 3750  4 
 3751  5 
 3752  6 
 3753  3 
 3754  8 
 3755  8 
 3756  4 
 3757  3 
 3758  6 
 3759  6 
 3760  4 
 3761  11 
 3762  4 
 3763  6 
 3764  6 
 3765  7 
 3766  2 
 3767  8 
 3768  8 
 3769  5 
 3770  6 
 3771  7 
 3772  6 
 3773  5 
 3774  4 
 3775  5 
 3776  7 
 3777  8 
 3778  7 
 3779  8 
 3780  9 
 3781  3 
 3782  4 
 3783  6 
 3784  7 
 3785  2 
 3786  8 
 3787  3 
 3788  9 
 3789  6 
 3790  7 
 3791  6 
 3792  8 
 3793  16 
 3794  9 
 3795  10 
 3796  12 
 3797  6 
 3798  8 
 3799  10 
 3800  9 
 3801  9 
 3802  10 
 3803  7 
 3804  5 
 3805  7 
 3806  8 
 3807  12 
 3808  6 
 3809  10 
 3810  10 
 3811  5 
 3812  9 
 3813  9 
 3814  5 
 3815  11 
 3816  7 
 3817  9 
 3818  6 
 3819  8 
 3820  3 
 3821  8 
 3822  12 
 3823  12 
 3824  6 
 3825  11 
 3826  5 
 3827  7 
 3828  10 
 3829  8 
 3830  6 
 3831  9 
 3832  8 
 3833  9 
 3834  16 
 3835  5 
 3836  10 
 3837  9 
 3838  8 
 3839  7 
 3840  10 
 3841  9 
 3842  10 
 3843  8 
 3844  7 
 3845  13 
 3846  13 
 3847  12 
 3848  10 
 3849  12 
 3850  13 
 3851  14 
 3852  13 
 3853  17 
 3854  14 
 3855  17 
 3856  18 
 3857  26 
 3858  20 
 3859  28 
 3860  15 
 3861  25 
 3862  18 
 3863  35 
 3864  37 
 3865  35 
 3866  34 
 3867  50 
 3868  39 
 3869  47 
 3870  45 
 3871  51 
 3872  48 
 3873  75 
 3874  87 
 3875  80 
 3876  83 
 3877  102 
 3878  120 
 3879  86 
 3880  116 
 3881  147 
 3882  150 
 3883  152 
 3884  187 
 3885  213 
 3886  214 
 3887  218 
 3888  250 
 3889  276 
 3890  283 
 3891  334 
 3892  360 
 3893  386 
 3894  444 
 3895  473 
 3896  523 
 3897  631 
 3898  729 
 3899  742 
 3900  850 
 3901  872 
 3902  930 
 3903  1022 
 3904  1178 
 3905  1257 
 3906  1348 
 3907  1402 
 3908  1529 
 3909  1704 
 3910  1754 
 3911  1857 
 3912  1964 
 3913  1991 
 3914  2037 
 3915  2137 
 3916  2179 
 3917  2225 
 3918  2245 
 3919  2262 
 3920  2199 
 3921  2186 
 3922  2063 
 3923  2095 
 3924  1917 
 3925  1802 
 3926  1785 
 3927  1620 
 3928  1527 
 3929  1411 
 3930  1364 
 3931  1127 
 3932  1064 
 3933  932 
 3934  772 
 3935  736 
 3936  659 
 3937  546 
 3938  493 
 3939  438 
 3940  327 
 3941  311 
 3942  265 
 3943  235 
 3944  174 
 3945  169 
 3946  131 
 3947  105 
 3948  88 
 3949  77 
 3950  62 
 3951  67 
 3952  61 
 3953  46 
 3954  46 
 3955  46 
 3956  38 
 3957  18 
 3958  28 
 3959  29 
 3960  22 
 3961  19 
 3962  15 
 3963  22 
 3964  17 
 3965  13 
 3966  14 
 3967  8 
 3968  16 
 3969  8 
 3970  20 
 3971  15 
 3972  10 
 3973  17 
 3974  16 
 3975  15 
 3976  8 
 3977  15 
 3978  11 
 3979  12 
 3980  17 
 3981  11 
 3982  11 
 3983  12 
 3984  17 
 3985  8 
 3986  14 
 3987  18 
 3988  11 
 3989  18 
 3990  9 
 3991  11 
 3992  18 
 3993  17 
 3994  15 
 3995  14 
 3996  14 
 3997  18 
 3998  25 
 3999  21 
 4000  25 
 4001  28 
 4002  28 
 4003  31 
 4004  38 
 4005  31 
 4006  34 
 4007  48 
 4008  40 
 4009  49 
 4010  48 
 4011  59 
 4012  45 
 4013  68 
 4014  66 
 4015  73 
 4016  66 
 4017  69 
 4018  80 
 4019  88 
 4020  70 
 4021  63 
 4022  92 
 4023  68 
 4024  74 
 4025  82 
 4026  76 
 4027  71 
 4028  72 
 4029  96 
 4030  58 
 4031  59 
 4032  58 
 4033  60 
 4034  54 
 4035  49 
 4036  41 
 4037  33 
 4038  28 
 4039  32 
 4040  16 
 4041  26 
 4042  21 
 4043  13 
 4044  10 
 4045  11 
 4046  18 
 4047  10 
 4048  9 
 4049  5 
 4050  5 
 4051  7 
 4052  5 
 4053  7 
 4054  3 
 4055  7 
 4056  8 
 4057  5 
 4058  0 
 4059  1 
 4060  8 
 4061  2 
 4062  4 
 4063  2 
 4064  2 
 4065  5 
 4066  3 
 4067  3 
 4068  5 
 4069  2 
 4070  6 
 4071  4 
 4072  4 
 4073  2 
 4074  4 
 4075  1 
 4076  3 
 4077  4 
 4078  3 
 4079  4 
 4080  2 
 4081  4 
 4082  5 
 4083  2 
 4084  3 
 4085  2 
 4086  1 
 4087  2 
 4088  2 
 4089  4 
 4090  6 
 4091  4 
 4092  4 
 4093  4 
 4094  4 
 4095  7 
 4096  3 
 4097  2 
 4098  6 
 4099  9 
 4100  6 
 4101  5 
 4102  8 
 4103  1 
 4104  11 
 4105  7 
 4106  9 
 4107  7 
 4108  8 
 4109  7 
 4110  11 
 4111  14 
 4112  10 
 4113  12 
 4114  8 
 4115  6 
 4116  7 
 4117  13 
 4118  10 
 4119  11 
 4120  11 
 4121  15 
 4122  10 
 4123  13 
 4124  14 
 4125  16 
 4126  16 
 4127  25 
 4128  22 
 4129  20 
 4130  19 
 4131  26 
 4132  43 
 4133  43 
 4134  38 
 4135  49 
 4136  42 
 4137  48 
 4138  44 
 4139  62 
 4140  71 
 4141  76 
 4142  84 
 4143  81 
 4144  88 
 4145  107 
 4146  101 
 4147  114 
 4148  157 
 4149  165 
 4150  173 
 4151  202 
 4152  223 
 4153  239 
 4154  227 
 4155  264 
 4156  308 
 4157  318 
 4158  334 
 4159  350 
 4160  374 
 4161  404 
 4162  442 
 4163  524 
 4164  540 
 4165  539 
 4166  571 
 4167  626 
 4168  649 
 4169  656 
 4170  744 
 4171  712 
 4172  815 
 4173  875 
 4174  792 
 4175  843 
 4176  899 
 4177  944 
 4178  951 
 4179  1047 
 4180  1005 
 4181  1073 
 4182  1083 
 4183  1065 
 4184  1066 
 4185  1114 
 4186  1093 
 4187  1112 
 4188  1069 
 4189  1042 
 4190  1072 
 4191  1049 
 4192  965 
 4193  985 
 4194  892 
 4195  850 
 4196  884 
 4197  833 
 4198  755 
 4199  752 
 4200  684 
 4201  600 
 4202  578 
 4203  553 
 4204  512 
 4205  441 
 4206  411 
 4207  390 
 4208  319 
 4209  303 
 4210  242 
 4211  209 
 4212  203 
 4213  187 
 4214  139 
 4215  123 
 4216  117 
 4217  89 
 4218  80 
 4219  62 
 4220  65 
 4221  30 
 4222  39 
 4223  32 
 4224  40 
 4225  22 
 4226  18 
 4227  25 
 4228  7 
 4229  10 
 4230  10 
 4231  11 
 4232  17 
 4233  9 
 4234  16 
 4235  15 
 4236  11 
 4237  16 
 4238  10 
 4239  6 
 4240  10 
 4241  17 
 4242  14 
 4243  17 
 4244  17 
 4245  11 
 4246  26 
 4247  16 
 4248  20 
 4249  30 
 4250  42 
 4251  47 
 4252  43 
 4253  55 
 4254  44 
 4255  61 
 4256  59 
 4257  71 
 4258  86 
 4259  69 
 4260  74 
 4261  86 
 4262  84 
 4263  104 
 4264  105 
 4265  110 
 4266  111 
 4267  99 
 4268  114 
 4269  123 
 4270  112 
 4271  123 
 4272  106 
 4273  90 
 4274  101 
 4275  103 
 4276  87 
 4277  95 
 4278  92 
 4279  77 
 4280  73 
 4281  71 
 4282  58 
 4283  51 
 4284  47 
 4285  43 
 4286  25 
 4287  24 
 4288  36 
 4289  30 
 4290  25 
 4291  23 
 4292  19 
 4293  13 
 4294  11 
 4295  12 
 4296  9 
 4297  11 
 4298  15 
 4299  17 
 4300  12 
 4301  13 
 4302  12 
 4303  19 
 4304  19 
 4305  18 
 4306  17 
 4307  8 
 4308  12 
 4309  21 
 4310  13 
 4311  11 
 4312  23 
 4313  10 
 4314  16 
 4315  13 
 4316  21 
 4317  13 
 4318  6 
 4319  13 
 4320  20 
 4321  9 
 4322  15 
 4323  8 
 4324  12 
 4325  13 
 4326  4 
 4327  6 
 4328  13 
 4329  11 
 4330  8 
 4331  10 
 4332  3 
 4333  4 
 4334  7 
 4335  5 
 4336  0 
 4337  9 
 4338  5 
 4339  4 
 4340  3 
 4341  1 
 4342  3 
 4343  2 
 4344  3 
 4345  4 
 4346  1 
 4347  2 
 4348  2 
 4349  0 
 4350  0 
 4351  0 
 4352  0 
 4353  0 
 4354  0 
 4355  0 
 4356  0 
 4357  0 
 4358  0 
 4359  0 
 4360  0 
 4361  0 
 4362  1 
 4363  0 
 4364  0 
 4365  0 
 4366  0 
 4367  0 
 4368  0 
 4369  0 
 4370  0 
 4371  0 
 4372  0 
 4373  0 
 4374  0 
 4375  0 
 4376  0 
 4377  0 
 4378  0 
 4379  0 
 4380  1 
 4381  1 
 4382  0 
 4383  0 
 4384  0 
 4385  0 
 4386  0 
 4387  0 
 4388  0 
 4389  0 
 4390  0 
 4391  0 
 4392  0 
 4393  0 
 4394  0 
 4395  0 
 4396  0 
 4397  0 
 4398  0 
 4399  0 
 4400  0 
 4401  0 
 4402  0 
 4403  1 
 4404  1 
 4405  0 
 4406  0 
 4407  0 
 4408  0 
 4409  0 
 4410  0 
 4411  0 
 4412  0 
 4413  0 
 4414  0 
 4415  0 
 4416  0 
 4417  0 
 4418  0 
 4419  0 
 4420  0 
 4421  0 
 4422  0 
 4423  0 
 4424  0 
 4425  0 
 4426  0 
 4427  1 
 4428  0 
 4429  0 
 4430  0 
 4431  0 
 4432  0 
 4433  0 
 4434  0 
 4435  0 
 4436  0 
 4437  0 
 4438  0 
 4439  0 
 4440  0 
 4441  0 
 4442  0 
 4443  0 
 4444  0 
 4445  0 
 4446  0 
 4447  0 
 4448  0 
 4449  0 
 4450  0 
 4451  0 
 4452  0 
 4453  0 
 4454  1 
 4455  0 
 4456  0 
 4457  0 
 4458  1 
 4459  0 
 4460  0 
 4461  0 
 4462  1 
 4463  0 
 4464  0 
 4465  0 
 4466  0 
 4467  1 
 4468  0 
 4469  0 
 4470  0 
 4471  0 
 4472  0 
 4473  0 
 4474  0 
 4475  0 
 4476  0 
 4477  0 
 4478  0 
 4479  0 
 4480  1 
 4481  0 
 4482  0 
 4483  1 
 4484  0 
 4485  0 
 4486  0 
 4487  0 
 4488  0 
 4489  0 
 4490  0 
 4491  0 
 4492  0 
 4493  0 
 4494  0 
 4495  0 
 4496  1 
 4497  0 
 4498  0 
 4499  0 
 4500  0 
 4501  0 
 4502  0 
 4503  0 
 4504  0 
 4505  0 
 4506  0 
 4507  0 
 4508  0 
 4509  0 
 4510  0 
 4511  0 
 4512  1 
 4513  0 
 4514  0 
 4515  0 
 4516  0 
 4517  0 
 4518  0 
 4519  0 
 4520  0 
 4521  0 
 4522  0 
 4523  0 
 4524  0 
 4525  0 
 4526  0 
 4527  0 
 4528  0 
 4529  0 
 4530  0 
 4531  0 
 4532  0 
 4533  0 
 4534  0 
 4535  0 
 4536  0 
 4537  0 
 4538  0 
 4539  0 
 4540  0 
 4541  0 
 4542  0 
 4543  0 
 4544  0 
 4545  0 
 4546  0 
 4547  0 
 4548  0 
 4549  0 
 4550  0 
 4551  0 
 4552  0 
 4553  0 
 4554  0 
 4555  0 
 4556  0 
 4557  0 
 4558  0 
 4559  0 
 4560  0 
 4561  1 
 4562  0 
 4563  0 
 4564  0 
 4565  0 
 4566  0 
 4567  0 
 4568  1 
 4569  0 
 4570  0 
 4571  0 
 4572  0 
 4573  0 
 4574  0 
 4575  0 
 4576  0 
 4577  0 
 4578  0 
 4579  0 
 4580  0 
 4581  0 
 4582  0 
 4583  0 
 4584  0 
 4585  0 
 4586  0 
 4587  0 
 4588  0 
 4589  0 
 4590  0 
 4591  0 
 4592  1 
 4593  0 
 4594  0 
 4595  0 
 4596  0 
 4597  0 
 4598  0 
 4599  0 
 4600  0 
 4601  0 
 4602  0 
 4603  0 
 4604  0 
 4605  0 
 4606  0 
 4607  0 
 4608  1 
 4609  0 
 4610  0 
 4611  0 
 4612  0 
 4613  0 
 4614  0 
 4615  0 
 4616  0 
 4617  0 
 4618  0 
 4619  0 
 4620  0 
 4621  0 
 4622  0 
 4623  0 
 4624  0 
 4625  0 
 4626  0 
 4627  0 
 4628  0 
 4629  0 
 4630  0 
 4631  0 
 4632  0 
 4633  0 
 4634  0 
 4635  0 
 4636  0 
 4637  0 
 4638  0 
 4639  0 
 4640  1 
 4641  0 
 4642  1 
 4643  0 
 4644  0 
 4645  0 
 4646  0 
 4647  0 
 4648  0 
 4649  0 
 4650  0 
 4651  0 
 4652  0 
 4653  0 
 4654  0 
 4655  0 
 4656  0 
 4657  0 
 4658  0 
 4659  0 
 4660  0 
 4661  0 
 4662  0 
 4663  0 
 4664  0 
 4665  0 
 4666  0 
 4667  0 
 4668  0 
 4669  0 
 4670  0 
 4671  0 
 4672  0 
 4673  0 
 4674  0 
 4675  0 
 4676  0 
 4677  0 
 4678  0 
 4679  0 
 4680  0 
 4681  0 
 4682  0 
 4683  0 
 4684  0 
 4685  1 
 4686  0 
 4687  0 
 4688  0 
 4689  0 
 4690  0 
 4691  0 
 4692  0 
 4693  0 
 4694  0 
 4695  0 
 4696  0 
 4697  0 
 4698  0 
 4699  0 
 4700  0 
 4701  0 
 4702  0 
 4703  0 
 4704  0 
 4705  0 
 4706  0 
 4707  0 
 4708  0 
 4709  0 
 4710  0 
 4711  0 
 4712  0 
 4713  0 
 4714  0 
 4715  0 
 4716  0 
 4717  0 
 4718  0 
 4719  0 
 4720  0 
 4721  0 
 4722  0 
 4723  0 
 4724  0 
 4725  0 
 4726  0 
 4727  1 
 4728  0 
 4729  0 
 4730  0 
 4731  0 
 4732  0 
 4733  0 
 4734  1 
 4735  0 
 4736  0 
 4737  0 
 4738  1 
 4739  0 
 4740  0 
 4741  0 
 4742  0 
 4743  0 
 4744  0 
 4745  0 
 4746  0 
 4747  0 
 4748  0 
 4749  0 
 4750  0 
 4751  0 
 4752  0 
 4753  0 
 4754  0 
 4755  1 
 4756  0 
 4757  0 
 4758  0 
 4759  0 
 4760  0 
 4761  0 
 4762  0 
 4763  0 
 4764  0 
 4765  0 
 4766  0 
 4767  0 
 4768  0 
 4769  0 
 4770  0 
 4771  0 
 4772  0 
 4773  0 
 4774  0 
 4775  0 
 4776  0 
 4777  0 
 4778  0 
 4779  0 
 4780  0 
 4781  0 
 4782  0 
 4783  0 
 4784  0 
 4785  0 
 4786  0 
 4787  1 
 4788  0 
 4789  0 
 4790  0 
 4791  0 
 4792  0 
 4793  0 
 4794  0 
 4795  0 
 4796  0 
 4797  0 
 4798  0 
 4799  0 
 4800  0 
 4801  0 
 4802  0 
 4803  0 
 4804  0 
 4805  0 
 4806  0 
 4807  0 
 4808  0 
 4809  0 
 4810  0 
 4811  0 
 4812  0 
 4813  0 
 4814  0 
 4815  0 
 4816  0 
 4817  0 
 4818  0 
 4819  0 
 4820  0 
 4821  0 
 4822  0 
 4823  0 
 4824  0 
 4825  0 
 4826  1 
 4827  0 
 4828  0 
 4829  0 
 4830  0 
 4831  0 
 4832  0 
 4833  0 
 4834  0 
 4835  0 
 4836  0 
 4837  0 
 4838  0 
 4839  0 
 4840  0 
 4841  0 
 4842  0 
 4843  0 
 4844  0 
 4845  0 
 4846  0 
 4847  0 
 4848  0 
 4849  0 
 4850  0 
 4851  0 
 4852  0 
 4853  0 
 4854  1 
 4855  0 
 4856  0 
 4857  0 
 4858  0 
 4859  0 
 4860  0 
 4861  0 
 4862  0 
 4863  0 
 4864  0 
 4865  0 
 4866  0 
 4867  0 
 4868  0 
 4869  0 
 4870  0 
 4871  0 
 4872  0 
 4873  1 
 4874  0 
 4875  0 
 4876  0 
 4877  0 
 4878  0 
 4879  0 
 4880  0 
 4881  0 
 4882  0 
 4883  0 
 4884  0 
 4885  0 
 4886  0 
 4887  0 
 4888  0 
 4889  0 
 4890  0 
 4891  0 
 4892  0 
 4893  0 
 4894  0 
 4895  0 
 4896  0 
 4897  0 
 4898  0 
 4899  0 
 4900  0 
 4901  0 
 4902  0 
 4903  0 
 4904  0 
 4905  0 
 4906  1 
 4907  0 
 4908  0 
 4909  0 
 4910  0 
 4911  0 
 4912  0 
 4913  0 
 4914  0 
 4915  0 
 4916  0 
 4917  0 
 4918  0 
 4919  0 
 4920  0 
 4921  0 
 4922  0 
 4923  1 
 4924  0 
 4925  0 
 4926  0 
 4927  0 
 4928  0 
 4929  0 
 4930  0 
 4931  0 
 4932  0 
 4933  0 
 4934  0 
 4935  0 
 4936  0 
 4937  0 
 4938  0 
 4939  0 
 4940  0 
 4941  0 
 4942  0 
 4943  0 
 4944  0 
 4945  0 
 4946  0 
 4947  0 
 4948  0 
 4949  0 
 4950  0 
 4951  0 
 4952  0 
 4953  0 
 4954  0 
 4955  0 
 4956  0 
 4957  0 
 4958  0 
 4959  0 
 4960  0 
 4961  0 
 4962  0 
 4963  0 
 4964  0 
 4965  0 
 4966  0 
 4967  0 
 4968  0 
 4969  0 
 4970  0 
 4971  0 
 4972  1 
 4973  0 
 4974  0 
 4975  0 
 4976  0 
 4977  0 
 4978  0 
 4979  0 
 4980  0 
 4981  0 
 4982  0 
 4983  0 
 4984  0 
 4985  0 
 4986  0 
 4987  0 
 4988  0 
 4989  0 
 4990  0 
 4991  0 
 4992  0 
 4993  0 
 4994  0 
 4995  0 
 4996  0 
 4997  0 
 4998  0 
 4999  0 
 5000  0 
 5001  0 
 5002  0 
 5003  0 
 5004  0 
 5005  0 
 5006  0 
 5007  1 
 5008  0 
 5009  0 
 5010  0 
 5011  0 
 5012  1 
 5013  0 
 5014  0 
 5015  0 
 5016  0 
 5017  0 
 5018  0 
 5019  0 
 5020  0 
 5021  0 
 5022  0 
 5023  0 
 5024  0 
 5025  0 
 5026  0 
 5027  0 
 5028  0 
 5029  0 
 5030  0 
 5031  0 
 5032  0 
 5033  0 
 5034  0 
 5035  0 
 5036  0 
 5037  0 
 5038  0 
 5039  0 
 5040  0 
 5041  0 
 5042  0 
 5043  0 
 5044  0 
 5045  0 
 5046  0 
 5047  0 
 5048  0 
 5049  0 
 5050  0 
 5051  0 
 5052  0 
 5053  0 
 5054  0 
 5055  0 
 5056  0 
 5057  0 
 5058  0 
 5059  0 
 5060  0 
 5061  0 
 5062  0 
 5063  0 
 5064  0 
 5065  0 
 5066  0 
 5067  0 
 5068  0 
 5069  0 
 5070  0 
 5071  0 
 5072  0 
 5073  0 
 5074  0 
 5075  0 
 5076  0 
 5077  0 
 5078  0 
 5079  0 
 5080  0 
 5081  0 
 5082  0 
 5083  0 
 5084  0 
 5085  0 
 5086  0 
 5087  0 
 5088  0 
 5089  0 
 5090  0 
 5091  0 
 5092  0 
 5093  0 
 5094  0 
 5095  0 
 5096  0 
 5097  0 
 5098  0 
 5099  0 
 5100  0 
 5101  0 
 5102  0 
 5103  0 
 5104  0 
 5105  0 
 5106  0 
 5107  0 
 5108  0 
 5109  0 
 5110  0 
 5111  0 
 5112  0 
 5113  0 
 5114  0 
 5115  0 
 5116  0 
 5117  0 
 5118  0 
 5119  0 
 5120  0 
 5121  0 
 5122  0 
 5123  0 
 5124  0 
 5125  0 
 5126  0 
 5127  0 
 5128  0 
 5129  0 
 5130  1 
 5131  0 
 5132  0 
 5133  0 
 5134  0 
 5135  0 
 5136  0 
 5137  0 
 5138  0 
 5139  0 
 5140  0 
 5141  0 
 5142  0 
 5143  0 
 5144  0 
 5145  0 
 5146  0 
 5147  0 
 5148  0 
 5149  0 
 5150  0 
 5151  0 
 5152  0 
 5153  0 
 5154  0 
 5155  0 
 5156  0 
 5157  0 
 5158  0 
 5159  0 
 5160  0 
 5161  0 
 5162  0 
 5163  0 
 5164  0 
 5165  0 
 5166  0 
 5167  0 
 5168  0 
 5169  0 
 5170  0 
 5171  0 
 5172  0 
 5173  0 
 5174  0 
 5175  0 
 5176  0 
 5177  0 
 5178  0 
 5179  0 
 5180  0 
 5181  0 
 5182  0 
 5183  0 
 5184  0 
 5185  0 
 5186  0 
 5187  0 
 5188  0 
 5189  0 
 5190  0 
 5191  0 
 5192  0 
 5193  0 
 5194  0 
 5195  0 
 5196  0 
 5197  0 
 5198  0 
 5199  0 
 5200  0 
 5201  0 
 5202  1 
 5203  0 
 5204  0 
 5205  0 
 5206  0 
 5207  0 
 5208  0 
 5209  0 
 5210  0 
 5211  0 
 5212  0 
 5213  0 
 5214  0 
 5215  0 
 5216  0 
 5217  0 
 5218  0 
 5219  0 
 5220  0 
 5221  0 
 5222  0 
 5223  0 
 5224  0 
 5225  1 
 5226  0 
 5227  0 
 5228  0 
 5229  0 
 5230  0 
 5231  0 
 5232  0 
 5233  0 
 5234  0 
 5235  0 
 5236  0 
 5237  0 
 5238  0 
 5239  0 
 5240  0 
 5241  0 
 5242  0 
 5243  0 
 5244  0 
 5245  1 
 5246  0 
 5247  0 
 5248  0 
 5249  0 
 5250  0 
 5251  0 
 5252  0 
 5253  0 
 5254  0 
 5255  0 
 5256  0 
 5257  0 
 5258  0 
 5259  0 
 5260  0 
 5261  0 
 5262  0 
 5263  0 
 5264  0 
 5265  0 
 5266  0 
 5267  0 
 5268  0 
 5269  0 
 5270  0 
 5271  0 
 5272  0 
 5273  0 
 5274  0 
 5275  0 
 5276  0 
 5277  0 
 5278  0 
 5279  0 
 5280  0 
 5281  0 
 5282  0 
 5283  0 
 5284  0 
 5285  0 
 5286  0 
 5287  0 
 5288  0 
 5289  0 
 5290  0 
 5291  0 
 5292  0 
 5293  0 
 5294  0 
 5295  0 
 5296  0 
 5297  0 
 5298  0 
 5299  0 
 5300  0 
 5301  0 
 5302  0 
 5303  0 
 5304  0 
 5305  0 
 5306  0 
 5307  0 
 5308  0 
 5309  0 
 5310  0 
 5311  0 
 5312  0 
 5313  0 
 5314  0 
 5315  0 
 5316  0 
 5317  0 
 5318  0 
 5319  0 
 5320  0 
 5321  0 
 5322  0 
 5323  0 
 5324  0 
 5325  0 
 5326  0 
 5327  0 
 5328  0 
 5329  0 
 5330  0 
 5331  0 
 5332  0 
 5333  0 
 5334  0 
 5335  0 
 5336  0 
 5337  0 
 5338  0 
 5339  0 
 5340  0 
 5341  0 
 5342  0 
 5343  0 
 5344  0 
 5345  0 
 5346  0 
 5347  0 
 5348  0 
 5349  0 
 5350  0 
 5351  0 
 5352  0 
 5353  0 
 5354  0 
 5355  0 
 5356  0 
 5357  0 
 5358  0 
 5359  0 
 5360  0 
 5361  0 
 5362  0 
 5363  0 
 5364  0 
 5365  0 
 5366  0 
 5367  0 
 5368  0 
 5369  1 
 5370  0 
 5371  0 
 5372  0 
 5373  0 
 5374  0 
 5375  0 
 5376  0 
 5377  0 
 5378  0 
 5379  0 
 5380  0 
 5381  0 
 5382  0 
 5383  0 
 5384  0 
 5385  0 
 5386  0 
 5387  0 
 5388  0 
 5389  0 
 5390  0 
 5391  0 
 5392  0 
 5393  0 
 5394  0 
 5395  0 
 5396  0 
 5397  0 
 5398  0 
 5399  0 
 5400  0 
 5401  0 
 5402  0 
 5403  0 
 5404  0 
 5405  0 
 5406  0 
 5407  0 
 5408  0 
 5409  0 
 5410  0 
 5411  0 
 5412  0 
 5413  0 
 5414  0 
 5415  0 
 5416  0 
 5417  0 
 5418  0 
 5419  0 
 5420  0 
 5421  0 
 5422  0 
 5423  0 
 5424  0 
 5425  0 
 5426  0 
 5427  0 
 5428  0 
 5429  0 
 5430  0 
 5431  0 
 5432  0 
 5433  0 
 5434  0 
 5435  0 
 5436  0 
 5437  0 
 5438  0 
 5439  0 
 5440  0 
 5441  0 
 5442  0 
 5443  0 
 5444  0 
 5445  0 
 5446  0 
 5447  0 
 5448  0 
 5449  0 
 5450  0 
 5451  0 
 5452  0 
 5453  0 
 5454  0 
 5455  0 
 5456  0 
 5457  0 
 5458  0 
 5459  0 
 5460  0 
 5461  0 
 5462  0 
 5463  0 
 5464  0 
 5465  0 
 5466  0 
 5467  0 
 5468  0 
 5469  0 
 5470  0 
 5471  0 
 5472  0 
 5473  0 
 5474  0 
 5475  0 
 5476  0 
 5477  0 
 5478  0 
 5479  0 
 5480  0 
 5481  0 
 5482  1 
 5483  0 
 5484  0 
 5485  0 
 5486  0 
 5487  0 
 5488  0 
 5489  0 
 5490  0 
 5491  0 
 5492  0 
 5493  0 
 5494  0 
 5495  0 
 5496  0 
 5497  0 
 5498  0 
 5499  0 
 5500  0 
 5501  0 
 5502  0 
 5503  0 
 5504  1 
 5505  0 
 5506  0 
 5507  0 
 5508  0 
 5509  0 
 5510  0 
 5511  0 
 5512  0 
 5513  0 
 5514  0 
 5515  0 
 5516  0 
 5517  0 
 5518  1 
 5519  0 
 5520  0 
 5521  0 
 5522  0 
 5523  0 
 5524  0 
 5525  1 
 5526  0 
 5527  0 
 5528  0 
 5529  0 
 5530  0 
 5531  0 
 5532  0 
 5533  0 
 5534  0 
 5535  0 
 5536  0 
 5537  0 
 5538  0 
 5539  0 
 5540  0 
 5541  0 
 5542  0 
 5543  0 
 5544  0 
 5545  0 
 5546  0 
 5547  0 
 5548  0 
 5549  0 
 5550  0 
 5551  0 
 5552  0 
 5553  0 
 5554  0 
 5555  0 
 5556  0 
 5557  0 
 5558  0 
 5559  0 
 5560  0 
 5561  0 
 5562  0 
 5563  0 
 5564  0 
 5565  0 
 5566  0 
 5567  0 
 5568  2 
 5569  1 
 5570  0 
 5571  0 
 5572  1 
 5573  0 
 5574  0 
 5575  1 
 5576  0 
 5577  0 
 5578  0 
 5579  0 
 5580  0 
 5581  0 
 5582  0 
 5583  0 
 5584  0 
 5585  0 
 5586  0 
 5587  0 
 5588  0 
 5589  0 
 5590  0 
 5591  0 
 5592  0 
 5593  0 
 5594  0 
 5595  1 
 5596  0 
 5597  0 
 5598  0 
 5599  1 
 5600  0 
 5601  0 
 5602  1 
 5603  1 
 5604  1 
 5605  0 
 5606  0 
 5607  0 
 5608  0 
 5609  0 
 5610  0 
 5611  0 
 5612  1 
 5613  0 
 5614  0 
 5615  0 
 5616  0 
 5617  0 
 5618  0 
 5619  0 
 5620  0 
 5621  0 
 5622  0 
 5623  0 
 5624  0 
 5625  0 
 5626  0 
 5627  0 
 5628  0 
 5629  0 
 5630  1 
 5631  0 
 5632  0 
 5633  2 
 5634  0 
 5635  0 
 5636  0 
 5637  0 
 5638  0 
 5639  0 
 5640  0 
 5641  0 
 5642  1 
 5643  1 
 5644  0 
 5645  0 
 5646  0 
 5647  0 
 5648  1 
 5649  0 
 5650  1 
 5651  0 
 5652  0 
 5653  0 
 5654  1 
 5655  1 
 5656  0 
 5657  3 
 5658  1 
 5659  0 
 5660  0 
 5661  0 
 5662  0 
 5663  1 
 5664  0 
 5665  1 
 5666  0 
 5667  0 
 5668  0 
 5669  1 
 5670  0 
 5671  0 
 5672  0 
 5673  0 
 5674  0 
 5675  0 
 5676  1 
 5677  0 
 5678  0 
 5679  1 
 5680  1 
 5681  0 
 5682  0 
 5683  0 
 5684  0 
 5685  1 
 5686  0 
 5687  0 
 5688  0 
 5689  0 
 5690  1 
 5691  0 
 5692  0 
 5693  2 
 5694  0 
 5695  0 
 5696  0 
 5697  0 
 5698  0 
 5699  0 
 5700  0 
 5701  0 
 5702  2 
 5703  1 
 5704  0 
 5705  0 
 5706  1 
 5707  0 
 5708  0 
 5709  0 
 5710  1 
 5711  0 
 5712  0 
 5713  0 
 5714  0 
 5715  0 
 5716  0 
 5717  1 
 5718  0 
 5719  1 
 5720  0 
 5721  0 
 5722  0 
 5723  2 
 5724  1 
 5725  0 
 5726  1 
 5727  0 
 5728  0 
 5729  1 
 5730  0 
 5731  0 
 5732  0 
 5733  0 
 5734  1 
 5735  1 
 5736  0 
 5737  0 
 5738  0 
 5739  0 
 5740  0 
 5741  0 
 5742  0 
 5743  0 
 5744  0 
 5745  1 
 5746  0 
 5747  0 
 5748  0 
 5749  0 
 5750  0 
 5751  0 
 5752  0 
 5753  1 
 5754  0 
 5755  0 
 5756  0 
 5757  1 
 5758  1 
 5759  0 
 5760  1 
 5761  0 
 5762  0 
 5763  0 
 5764  0 
 5765  0 
 5766  0 
 5767  1 
 5768  0 
 5769  0 
 5770  0 
 5771  0 
 5772  0 
 5773  0 
 5774  1 
 5775  1 
 5776  0 
 5777  1 
 5778  1 
 5779  0 
 5780  0 
 5781  0 
 5782  1 
 5783  0 
 5784  0 
 5785  1 
 5786  0 
 5787  0 
 5788  0 
 5789  0 
 5790  0 
 5791  0 
 5792  0 
 5793  0 
 5794  0 
 5795  0 
 5796  0 
 5797  0 
 5798  0 
 5799  1 
 5800  0 
 5801  0 
 5802  0 
 5803  0 
 5804  0 
 5805  0 
 5806  1 
 5807  0 
 5808  1 
 5809  1 
 5810  0 
 5811  0 
 5812  0 
 5813  0 
 5814  0 
 5815  0 
 5816  0 
 5817  0 
 5818  0 
 5819  0 
 5820  0 
 5821  0 
 5822  0 
 5823  0 
 5824  0 
 5825  0 
 5826  0 
 5827  0 
 5828  0 
 5829  1 
 5830  0 
 5831  0 
 5832  0 
 5833  1 
 5834  0 
 5835  0 
 5836  0 
 5837  0 
 5838  0 
 5839  0 
 5840  0 
 5841  0 
 5842  0 
 5843  0 
 5844  0 
 5845  0 
 5846  0 
 5847  0 
 5848  0 
 5849  0 
 5850  0 
 5851  0 
 5852  0 
 5853  0 
 5854  0 
 5855  0 
 5856  0 
 5857  0 
 5858  0 
 5859  0 
 5860  0 
 5861  0 
 5862  0 
 5863  0 
 5864  0 
 5865  0 
 5866  0 
 5867  0 
 5868  0 
 5869  0 
 5870  0 
 5871  0 
 5872  0 
 5873  0 
 5874  0 
 5875  0 
 5876  0 
 5877  0 
 5878  0 
 5879  0 
 5880  0 
 5881  0 
 5882  0 
 5883  0 
 5884  0 
 5885  0 
 5886  0 
 5887  0 
 5888  0 
 5889  0 
 5890  0 
 5891  0 
 5892  0 
 5893  0 
 5894  0 
 5895  0 
 5896  0 
 5897  0 
 5898  0 
 5899  0 
 5900  0 
 5901  0 
 5902  0 
 5903  0 
 5904  0 
 5905  0 
 5906  0 
 5907  0 
 5908  0 
 5909  0 
 5910  0 
 5911  0 
 5912  0 
 5913  0 
 5914  0 
 5915  0 
 5916  0 
 5917  0 
 5918  0 
 5919  0 
 5920  0 
 5921  1 
 5922  0 
 5923  0 
 5924  0 
 5925  0 
 5926  0 
 5927  0 
 5928  0 
 5929  1 
 5930  0 
 5931  0 
 5932  0 
 5933  0 
 5934  0 
 5935  0 
 5936  0 
 5937  0 
 5938  0 
 5939  0 
 5940  0 
 5941  0 
 5942  0 
 5943  0 
 5944  0 
 5945  0 
 5946  0 
 5947  0 
 5948  0 
 5949  0 
 5950  0 
 5951  0 
 5952  0 
 5953  0 
 5954  0 
 5955  0 
 5956  0 
 5957  0 
 5958  0 
 5959  0 
 5960  0 
 5961  0 
 5962  0 
 5963  0 
 5964  0 
 5965  0 
 5966  0 
 5967  0 
 5968  0 
 5969  0 
 5970  0 
 5971  0 
 5972  0 
 5973  0 
 5974  0 
 5975  0 
 5976  0 
 5977  0 
 5978  0 
 5979  0 
 5980  0 
 5981  0 
 5982  0 
 5983  0 
 5984  0 
 5985  0 
 5986  0 
 5987  0 
 5988  0 
 5989  0 
 5990  0 
 5991  0 
 5992  0 
 5993  0 
 5994  0 
 5995  0 
 5996  0 
 5997  0 
 5998  0 
 5999  0 
 6000  0 
 6001  0 
 6002  0 
 6003  0 
 6004  0 
 6005  0 
 6006  0 
 6007  0 
 6008  0 
 6009  0 
 6010  0 
 6011  0 
 6012  0 
 6013  0 
 6014  0 
 6015  0 
 6016  0 
 6017  0 
 6018  0 
 6019  0 
 6020  0 
 6021  0 
 6022  0 
 6023  0 
 6024  0 
 6025  0 
 6026  0 
 6027  0 
 6028  0 
 6029  0 
 6030  0 
 6031  0 
 6032  0 
 6033  0 
 6034  0 
 6035  0 
 6036  0 
 6037  0 
 6038  0 
 6039  0 
 6040  0 
 6041  0 
 6042  0 
 6043  0 
 6044  0 
 6045  0 
 6046  0 
 6047  0 
 6048  0 
 6049  0 
 6050  0 
 6051  0 
 6052  0 
 6053  0 
 6054  0 
 6055  0 
 6056  0 
 6057  0 
 6058  0 
 6059  0 
 6060  0 
 6061  0 
 6062  0 
 6063  0 
 6064  0 
 6065  0 
 6066  1 
 6067  0 
 6068  0 
 6069  0 
 6070  0 
 6071  0 
 6072  0 
 6073  0 
 6074  0 
 6075  0 
 6076  0 
 6077  0 
 6078  0 
 6079  0 
 6080  0 
 6081  0 
 6082  0 
 6083  0 
 6084  0 
 6085  0 
 6086  0 
 6087  0 
 6088  0 
 6089  0 
 6090  0 
 6091  0 
 6092  0 
 6093  0 
 6094  0 
 6095  0 
 6096  0 
 6097  0 
 6098  0 
 6099  0 
 6100  0 
 6101  0 
 6102  0 
 6103  0 
 6104  0 
 6105  0 
 6106  0 
 6107  0 
 6108  0 
 6109  1 
 6110  0 
 6111  0 
 6112  0 
 6113  0 
 6114  0 
 6115  0 
 6116  0 
 6117  0 
 6118  0 
 6119  0 
 6120  0 
 6121  0 
 6122  0 
 6123  0 
 6124  0 
 6125  0 
 6126  0 
 6127  0 
 6128  0 
 6129  0 
 6130  0 
 6131  0 
 6132  0 
 6133  0 
 6134  0 
 6135  0 
 6136  0 
 6137  0 
 6138  0 
 6139  0 
 6140  0 
 6141  0 
 6142  0 
 6143  0 
 6144  1 
 6145  0 
 6146  0 
 6147  0 
 6148  0 
 6149  0 
 6150  0 
 6151  0 
 6152  0 
 6153  0 
 6154  0 
 6155  0 
 6156  0 
 6157  0 
 6158  0 
 6159  0 
 6160  0 
 6161  1 
 6162  0 
 6163  0 
 6164  0 
 6165  0 
 6166  0 
 6167  0 
 6168  0 
 6169  0 
 6170  0 
 6171  1 
 6172  0 
 6173  0 
 6174  0 
 6175  1 
 6176  0 
 6177  0 
 6178  0 
 6179  0 
 6180  0 
 6181  0 
 6182  0 
 6183  0 
 6184  0 
 6185  0 
 6186  0 
 6187  0 
 6188  0 
 6189  0 
 6190  0 
 6191  0 
 6192  0 
 6193  0 
 6194  0 
 6195  0 
 6196  0 
 6197  0 
 6198  0 
 6199  0 
 6200  0 
 6201  0 
 6202  0 
 6203  0 
 6204  0 
 6205  0 
 6206  0 
 6207  0 
 6208  0 
 6209  0 
 6210  0 
 6211  0 
 6212  0 
 6213  0 
 6214  0 
 6215  0 
 6216  0 
 6217  0 
 6218  1 
 6219  0 
 6220  0 
 6221  0 
 6222  0 
 6223  0 
 6224  0 
 6225  0 
 6226  0 
 6227  0 
 6228  0 
 6229  0 
 6230  0 
 6231  0 
 6232  0 
 6233  0 
 6234  0 
 6235  0 
 6236  0 
 6237  0 
 6238  0 
 6239  0 
 6240  0 
 6241  0 
 6242  0 
 6243  0 
 6244  0 
 6245  0 
 6246  0 
 6247  0 
 6248  0 
 6249  0 
 6250  0 
 6251  0 
 6252  0 
 6253  0 
 6254  0 
 6255  0 
 6256  0 
 6257  1 
 6258  0 
 6259  0 
 6260  0 
 6261  1 
 6262  0 
 6263  0 
 6264  0 
 6265  0 
 6266  0 
 6267  0 
 6268  0 
 6269  0 
 6270  0 
 6271  0 
 6272  0 
 6273  0 
 6274  0 
 6275  0 
 6276  0 
 6277  0 
 6278  0 
 6279  0 
 6280  0 
 6281  0 
 6282  0 
 6283  0 
 6284  0 
 6285  0 
 6286  0 
 6287  0 
 6288  0 
 6289  0 
 6290  0 
 6291  0 
 6292  0 
 6293  0 
 6294  0 
 6295  0 
 6296  0 
 6297  0 
 6298  0 
 6299  0 
 6300  0 
 6301  0 
 6302  0 
 6303  0 
 6304  0 
 6305  1 
 6306  0 
 6307  0 
 6308  0 
 6309  0 
 6310  0 
 6311  0 
 6312  0 
 6313  0 
 6314  0 
 6315  0 
 6316  0 
 6317  0 
 6318  0 
 6319  0 
 6320  0 
 6321  0 
 6322  0 
 6323  0 
 6324  0 
 6325  0 
 6326  0 
 6327  0 
 6328  0 
 6329  0 
 6330  0 
 6331  0 
 6332  0 
 6333  0 
 6334  0 
 6335  0 
 6336  0 
 6337  0 
 6338  0 
 6339  0 
 6340  0 
 6341  0 
 6342  0 
 6343  0 
 6344  0 
 6345  0 
 6346  0 
 6347  0 
 6348  0 
 6349  0 
 6350  0 
 6351  0 
 6352  0 
 6353  0 
 6354  0 
 6355  0 
 6356  0 
 6357  0 
 6358  0 
 6359  0 
 6360  0 
 6361  0 
 6362  0 
 6363  0 
 6364  0 
 6365  0 
 6366  0 
 6367  1 
 6368  0 
 6369  0 
 6370  0 
 6371  0 
 6372  0 
 6373  1 
 6374  0 
 6375  0 
 6376  0 
 6377  0 
 6378  0 
 6379  0 
 6380  0 
 6381  0 
 6382  0 
 6383  0 
 6384  0 
 6385  0 
 6386  0 
 6387  0 
 6388  0 
 6389  0 
 6390  0 
 6391  0 
 6392  0 
 6393  0 
 6394  0 
 6395  0 
 6396  0 
 6397  0 
 6398  0 
 6399  0 
 6400  0 
 6401  0 
 6402  0 
 6403  0 
 6404  0 
 6405  0 
 6406  0 
 6407  0 
 6408  0 
 6409  0 
 6410  0 
 6411  1 
 6412  0 
 6413  0 
 6414  0 
 6415  0 
 6416  0 
 6417  0 
 6418  0 
 6419  0 
 6420  0 
 6421  0 
 6422  0 
 6423  0 
 6424  0 
 6425  0 
 6426  0 
 6427  0 
 6428  0 
 6429  0 
 6430  0 
 6431  0 
 6432  0 
 6433  0 
 6434  0 
 6435  0 
 6436  0 
 6437  0 
 6438  0 
 6439  0 
 6440  0 
 6441  0 
 6442  0 
 6443  0 
 6444  0 
 6445  0 
 6446  0 
 6447  0 
 6448  0 
 6449  0 
 6450  0 
 6451  0 
 6452  0 
 6453  0 
 6454  0 
 6455  0 
 6456  0 
 6457  0 
 6458  0 
 6459  0 
 6460  0 
 6461  0 
 6462  0 
 6463  0 
 6464  0 
 6465  0 
 6466  0 
 6467  0 
 6468  0 
 6469  0 
 6470  0 
 6471  0 
 6472  0 
 6473  0 
 6474  0 
 6475  0 
 6476  0 
 6477  0 
 6478  0 
 6479  0 
 6480  0 
 6481  0 
 6482  0 
 6483  0 
 6484  0 
 6485  0 
 6486  0 
 6487  0 
 6488  0 
 6489  0 
 6490  0 
 6491  0 
 6492  0 
 6493  0 
 6494  0 
 6495  1 
 6496  0 
 6497  0 
 6498  0 
 6499  0 
 6500  0 
 6501  0 
 6502  0 
 6503  0 
 6504  0 
 6505  0 
 6506  0 
 6507  0 
 6508  0 
 6509  0 
 6510  0 
 6511  0 
 6512  0 
 6513  1 
 6514  0 
 6515  0 
 6516  0 
 6517  0 
 6518  0 
 6519  0 
 6520  0 
 6521  0 
 6522  0 
 6523  0 
 6524  0 
 6525  0 
 6526  0 
 6527  0 
 6528  0 
 6529  0 
 6530  0 
 6531  0 
 6532  0 
 6533  0 
 6534  0 
 6535  0 
 6536  0 
 6537  0 
 6538  0 
 6539  0 
 6540  1 
 6541  0 
 6542  0 
 6543  1 
 6544  0 
 6545  0 
 6546  0 
 6547  0 
 6548  0 
 6549  1 
 6550  0 
 6551  0 
 6552  0 
 6553  0 
 6554  0 
 6555  0 
 6556  0 
 6557  0 
 6558  0 
 6559  0 
 6560  0 
 6561  0 
 6562  0 
 6563  0 
 6564  0 
 6565  0 
 6566  0 
 6567  0 
 6568  0 
 6569  0 
 6570  0 
 6571  0 
 6572  0 
 6573  0 
 6574  0 
 6575  0 
 6576  0 
 6577  0 
 6578  0 
 6579  0 
 6580  0 
 6581  0 
 6582  0 
 6583  0 
 6584  0 
 6585  0 
 6586  0 
 6587  0 
 6588  0 
 6589  0 
 6590  0 
 6591  0 
 6592  0 
 6593  0 
 6594  0 
 6595  0 
 6596  0 
 6597  0 
 6598  0 
 6599  0 
 6600  0 
 6601  0 
 6602  0 
 6603  0 
 6604  0 
 6605  0 
 6606  0 
 6607  0 
 6608  0 
 6609  0 
 6610  0 
 6611  0 
 6612  0 
 6613  0 
 6614  0 
 6615  0 
 6616  0 
 6617  0 
 6618  0 
 6619  0 
 6620  0 
 6621  0 
 6622  0 
 6623  0 
 6624  0 
 6625  0 
 6626  0 
 6627  0 
 6628  0 
 6629  0 
 6630  0 
 6631  0 
 6632  0 
 6633  0 
 6634  0 
 6635  0 
 6636  0 
 6637  0 
 6638  0 
 6639  0 
 6640  0 
 6641  0 
 6642  0 
 6643  0 
 6644  0 
 6645  0 
 6646  0 
 6647  0 
 6648  0 
 6649  0 
 6650  0 
 6651  0 
 6652  0 
 6653  0 
 6654  0 
 6655  0 
 6656  0 
 6657  0 
 6658  0 
 6659  0 
 6660  0 
 6661  0 
 6662  0 
 6663  0 
 6664  0 
 6665  0 
 6666  0 
 6667  0 
 6668  0 
 6669  0 
 6670  0 
 6671  0 
 6672  0 
 6673  0 
 6674  0 
 6675  0 
 6676  0 
 6677  0 
 6678  0 
 6679  0 
 6680  0 
 6681  0 
 6682  0 
 6683  0 
 6684  0 
 6685  0 
 6686  0 
 6687  0 
 6688  0 
 6689  0 
 6690  0 
 6691  0 
 6692  0 
 6693  0 
 6694  0 
 6695  0 
 6696  0 
 6697  0 
 6698  0 
 6699  0 
 6700  0 
 6701  0 
 6702  0 
 6703  0 
 6704  0 
 6705  0 
 6706  0 
 6707  0 
 6708  0 
 6709  0 
 6710  0 
 6711  0 
 6712  0 
 6713  0 
 6714  0 
 6715  0 
 6716  0 
 6717  0 
 6718  0 
 6719  0 
 6720  0 
 6721  0 
 6722  0 
 6723  0 
 6724  0 
 6725  0 
 6726  0 
 6727  0 
 6728  0 
 6729  0 
 6730  0 
 6731  0 
 6732  0 
 6733  0 
 6734  0 
 6735  0 
 6736  0 
 6737  0 
 6738  0 
 6739  0 
 6740  0 
 6741  0 
 6742  0 
 6743  0 
 6744  0 
 6745  0 
 6746  0 
 6747  0 
 6748  0 
 6749  0 
 6750  0 
 6751  0 
 6752  0 
 6753  0 
 6754  0 
 6755  0 
 6756  0 
 6757  0 
 6758  0 
 6759  0 
 6760  0 
 6761  0 
 6762  0 
 6763  0 
 6764  0 
 6765  0 
 6766  0 
 6767  0 
 6768  0 
 6769  0 
 6770  0 
 6771  0 
 6772  0 
 6773  0 
 6774  0 
 6775  0 
 6776  0 
 6777  0 
 6778  0 
 6779  0 
 6780  0 
 6781  0 
 6782  0 
 6783  0 
 6784  0 
 6785  0 
 6786  0 
 6787  0 
 6788  0 
 6789  0 
 6790  0 
 6791  0 
 6792  0 
 6793  0 
 6794  0 
 6795  0 
 6796  0 
 6797  0 
 6798  0 
 6799  0 
 6800  0 
 6801  0 
 6802  0 
 6803  0 
 6804  0 
 6805  0 
 6806  0 
 6807  0 
 6808  0 
 6809  0 
 6810  0 
 6811  0 
 6812  0 
 6813  0 
 6814  0 
 6815  0 
 6816  0 
 6817  0 
 6818  0 
 6819  0 
 6820  0 
 6821  0 
 6822  0 
 6823  0 
 6824  0 
 6825  0 
 6826  0 
 6827  0 
 6828  0 
 6829  0 
 6830  0 
 6831  0 
 6832  0 
 6833  0 
 6834  0 
 6835  0 
 6836  0 
 6837  0 
 6838  0 
 6839  0 
 6840  0 
 6841  0 
 6842  1 
 6843  0 
 6844  0 
 6845  0 
 6846  0 
 6847  0 
 6848  0 
 6849  0 
 6850  0 
 6851  0 
 6852  0 
 6853  0 
 6854  0 
 6855  0 
 6856  0 
 6857  0 
 6858  0 
 6859  0 
 6860  0 
 6861  0 
 6862  0 
 6863  0 
 6864  0 
 6865  0 
 6866  1 
 6867  0 
 6868  0 
 6869  0 
 6870  0 
 6871  0 
 6872  0 
 6873  0 
 6874  0 
 6875  0 
 6876  0 
 6877  0 
 6878  0 
 6879  0 
 6880  0 
 6881  0 
 6882  0 
 6883  0 
 6884  0 
 6885  0 
 6886  0 
 6887  0 
 6888  0 
 6889  0 
 6890  0 
 6891  1 
 6892  0 
 6893  0 
 6894  0 
 6895  0 
 6896  0 
 6897  0 
 6898  0 
 6899  0 
 6900  0 
 6901  0 
 6902  0 
 6903  0 
 6904  0 
 6905  0 
 6906  0 
 6907  0 
 6908  0 
 6909  0 
 6910  0 
 6911  0 
 6912  0 
 6913  0 
 6914  0 
 6915  0 
 6916  0 
 6917  0 
 6918  0 
 6919  0 
 6920  0 
 6921  0 
 6922  0 
 6923  0 
 6924  0 
 6925  0 
 6926  0 
 6927  0 
 6928  0 
 6929  0 
 6930  0 
 6931  0 
 6932  0 
 6933  0 
 6934  0 
 6935  0 
 6936  0 
 6937  0 
 6938  0 
 6939  0 
 6940  0 
 6941  0 
 6942  1 
 6943  0 
 6944  1 
 6945  0 
 6946  0 
 6947  0 
 6948  0 
 6949  0 
 6950  0 
 6951  0 
 6952  0 
 6953  0 
 6954  0 
 6955  0 
 6956  0 
 6957  0 
 6958  0 
 6959  0 
 6960  0 
 6961  0 
 6962  0 
 6963  0 
 6964  0 
 6965  0 
 6966  0 
 6967  0 
 6968  0 
 6969  0 
 6970  0 
 6971  0 
 6972  0 
 6973  0 
 6974  0 
 6975  0 
 6976  0 
 6977  0 
 6978  1 
 6979  0 
 6980  0 
 6981  0 
 6982  0 
 6983  0 
 6984  0 
 6985  0 
 6986  0 
 6987  0 
 6988  0 
 6989  0 
 6990  0 
 6991  0 
 6992  0 
 6993  0 
 6994  0 
 6995  1 
 6996  0 
 6997  0 
 6998  0 
 6999  0 
 7000  0 
 7001  0 
 7002  1 
 7003  0 
 7004  0 
 7005  0 
 7006  0 
 7007  0 
 7008  0 
 7009  0 
 7010  0 
 7011  0 
 7012  0 
 7013  1 
 7014  0 
 7015  0 
 7016  0 
 7017  0 
 7018  0 
 7019  0 
 7020  0 
 7021  0 
 7022  0 
 7023  0 
 7024  0 
 7025  0 
 7026  0 
 7027  0 
 7028  0 
 7029  0 
 7030  0 
 7031  0 
 7032  0 
 7033  0 
 7034  0 
 7035  0 
 7036  0 
 7037  0 
 7038  0 
 7039  0 
 7040  0 
 7041  0 
 7042  0 
 7043  0 
 7044  0 
 7045  0 
 7046  0 
 7047  0 
 7048  0 
 7049  0 
 7050  0 
 7051  0 
 7052  0 
 7053  0 
 7054  0 
 7055  0 
 7056  0 
 7057  0 
 7058  0 
 7059  0 
 7060  0 
 7061  0 
 7062  0 
 7063  0 
 7064  0 
 7065  0 
 7066  0 
 7067  0 
 7068  0 
 7069  0 
 7070  0 
 7071  0 
 7072  0 
 7073  0 
 7074  0 
 7075  0 
 7076  0 
 7077  0 
 7078  0 
 7079  0 
 7080  0 
 7081  0 
 7082  0 
 7083  0 
 7084  0 
 7085  0 
 7086  0 
 7087  0 
 7088  0 
 7089  0 
 7090  0 
 7091  0 
 7092  0 
 7093  0 
 7094  0 
 7095  0 
 7096  0 
 7097  0 
 7098  0 
 7099  0 
 7100  0 
 7101  1 
 7102  0 
 7103  0 
 7104  0 
 7105  0 
 7106  0 
 7107  0 
 7108  0 
 7109  0 
 7110  0 
 7111  0 
 7112  0 
 7113  0 
 7114  0 
 7115  0 
 7116  0 
 7117  0 
 7118  0 
 7119  0 
 7120  0 
 7121  0 
 7122  0 
 7123  0 
 7124  0 
 7125  1 
 7126  0 
 7127  0 
 7128  0 
 7129  0 
 7130  0 
 7131  0 
 7132  0 
 7133  0 
 7134  0 
 7135  0 
 7136  0 
 7137  0 
 7138  0 
 7139  0 
 7140  0 
 7141  0 
 7142  0 
 7143  0 
 7144  0 
 7145  0 
 7146  0 
 7147  0 
 7148  0 
 7149  0 
 7150  0 
 7151  0 
 7152  0 
 7153  0 
 7154  0 
 7155  0 
 7156  0 
 7157  0 
 7158  0 
 7159  1 
 7160  0 
 7161  0 
 7162  0 
 7163  0 
 7164  0 
 7165  0 
 7166  0 
 7167  0 
 7168  0 
 7169  0 
 7170  0 
 7171  0 
 7172  0 
 7173  0 
 7174  0 
 7175  0 
 7176  0 
 7177  0 
 7178  0 
 7179  0 
 7180  0 
 7181  0 
 7182  0 
 7183  0 
 7184  0 
 7185  0 
 7186  0 
 7187  1 
 7188  0 
 7189  0 
 7190  0 
 7191  0 
 7192  0 
 7193  0 
 7194  0 
 7195  0 
 7196  0 
 7197  0 
 7198  0 
 7199  0 
 7200  0 
 7201  0 
 7202  0 
 7203  0 
 7204  0 
 7205  0 
 7206  0 
 7207  0 
 7208  0 
 7209  0 
 7210  0 
 7211  0 
 7212  0 
 7213  0 
 7214  0 
 7215  0 
 7216  0 
 7217  0 
 7218  0 
 7219  0 
 7220  0 
 7221  1 
 7222  0 
 7223  0 
 7224  0 
 7225  0 
 7226  0 
 7227  0 
 7228  0 
 7229  0 
 7230  0 
 7231  0 
 7232  1 
 7233  0 
 7234  0 
 7235  0 
 7236  0 
 7237  0 
 7238  0 
 7239  0 
 7240  0 
 7241  0 
 7242  0 
 7243  0 
 7244  0 
 7245  1 
 7246  0 
 7247  0 
 7248  0 
 7249  0 
 7250  0 
 7251  0 
 7252  0 
 7253  0 
 7254  0 
 7255  0 
 7256  0 
 7257  0 
 7258  0 
 7259  0 
 7260  0 
 7261  0 
 7262  0 
 7263  0 
 7264  0 
 7265  0 
 7266  0 
 7267  0 
 7268  0 
 7269  0 
 7270  0 
 7271  0 
 7272  0 
 7273  0 
 7274  0 
 7275  0 
 7276  0 
 7277  0 
 7278  0 
 7279  0 
 7280  0 
 7281  0 
 7282  0 
 7283  0 
 7284  0 
 7285  0 
 7286  0 
 7287  0 
 7288  0 
 7289  0 
 7290  0 
 7291  0 
 7292  0 
 7293  0 
 7294  0 
 7295  0 
 7296  0 
 7297  0 
 7298  0 
 7299  0 
 7300  0 
 7301  0 
 7302  0 
 7303  0 
 7304  0 
 7305  0 
 7306  0 
 7307  0 
 7308  0 
 7309  0 
 7310  1 
 7311  0 
 7312  0 
 7313  0 
 7314  0 
 7315  0 
 7316  0 
 7317  1 
 7318  0 
 7319  1 
 7320  0 
 7321  0 
 7322  0 
 7323  0 
 7324  0 
 7325  1 
 7326  0 
 7327  0 
 7328  1 
 7329  0 
 7330  0 
 7331  0 
 7332  0 
 7333  0 
 7334  0 
 7335  0 
 7336  0 
 7337  0 
 7338  0 
 7339  0 
 7340  0 
 7341  0 
 7342  0 
 7343  0 
 7344  1 
 7345  0 
 7346  0 
 7347  0 
 7348  0 
 7349  1 
 7350  0 
 7351  0 
 7352  0 
 7353  0 
 7354  0 
 7355  0 
 7356  0 
 7357  0 
 7358  0 
 7359  0 
 7360  0 
 7361  1 
 7362  0 
 7363  0 
 7364  1 
 7365  2 
 7366  1 
 7367  0 
 7368  0 
 7369  0 
 7370  0 
 7371  0 
 7372  0 
 7373  0 
 7374  1 
 7375  1 
 7376  0 
 7377  0 
 7378  2 
 7379  0 
 7380  0 
 7381  0 
 7382  1 
 7383  0 
 7384  1 
 7385  2 
 7386  1 
 7387  0 
 7388  0 
 7389  0 
 7390  0 
 7391  1 
 7392  1 
 7393  0 
 7394  0 
 7395  1 
 7396  0 
 7397  0 
 7398  0 
 7399  0 
 7400  0 
 7401  3 
 7402  0 
 7403  0 
 7404  0 
 7405  0 
 7406  0 
 7407  0 
 7408  1 
 7409  1 
 7410  0 
 7411  0 
 7412  0 
 7413  0 
 7414  0 
 7415  0 
 7416  1 
 7417  0 
 7418  0 
 7419  0 
 7420  0 
 7421  1 
 7422  1 
 7423  0 
 7424  0 
 7425  1 
 7426  0 
 7427  0 
 7428  1 
 7429  1 
 7430  0 
 7431  0 
 7432  1 
 7433  0 
 7434  0 
 7435  0 
 7436  0 
 7437  0 
 7438  0 
 7439  1 
 7440  0 
 7441  2 
 7442  0 
 7443  0 
 7444  0 
 7445  0 
 7446  0 
 7447  1 
 7448  0 
 7449  0 
 7450  0 
 7451  0 
 7452  0 
 7453  0 
 7454  0 
 7455  0 
 7456  0 
 7457  1 
 7458  1 
 7459  1 
 7460  0 
 7461  0 
 7462  0 
 7463  1 
 7464  1 
 7465  0 
 7466  0 
 7467  1 
 7468  1 
 7469  0 
 7470  0 
 7471  0 
 7472  1 
 7473  1 
 7474  0 
 7475  0 
 7476  1 
 7477  0 
 7478  0 
 7479  2 
 7480  0 
 7481  1 
 7482  0 
 7483  0 
 7484  0 
 7485  0 
 7486  0 
 7487  1 
 7488  1 
 7489  0 
 7490  0 
 7491  0 
 7492  0 
 7493  0 
 7494  0 
 7495  0 
 7496  0 
 7497  0 
 7498  0 
 7499  0 
 7500  0 
 7501  0 
 7502  0 
 7503  0 
 7504  0 
 7505  0 
 7506  0 
 7507  0 
 7508  0 
 7509  0 
 7510  0 
 7511  1 
 7512  0 
 7513  0 
 7514  0 
 7515  0 
 7516  0 
 7517  0 
 7518  0 
 7519  0 
 7520  0 
 7521  0 
 7522  0 
 7523  0 
 7524  0 
 7525  0 
 7526  0 
 7527  1 
 7528  1 
 7529  0 
 7530  0 
 7531  0 
 7532  0 
 7533  0 
 7534  0 
 7535  0 
 7536  0 
 7537  0 
 7538  0 
 7539  0 
 7540  0 
 7541  0 
 7542  0 
 7543  0 
 7544  0 
 7545  0 
 7546  0 
 7547  0 
 7548  1 
 7549  0 
 7550  0 
 7551  0 
 7552  0 
 7553  0 
 7554  0 
 7555  0 
 7556  0 
 7557  0 
 7558  0 
 7559  0 
 7560  0 
 7561  0 
 7562  0 
 7563  0 
 7564  0 
 7565  0 
 7566  0 
 7567  0 
 7568  0 
 7569  0 
 7570  0 
 7571  0 
 7572  0 
 7573  0 
 7574  0 
 7575  0 
 7576  0 
 7577  1 
 7578  0 
 7579  0 
 7580  0 
 7581  0 
 7582  0 
 7583  0 
 7584  0 
 7585  0 
 7586  0 
 7587  0 
 7588  0 
 7589  0 
 7590  0 
 7591  0 
 7592  0 
 7593  0 
 7594  0 
 7595  0 
 7596  0 
 7597  0 
 7598  0 
 7599  0 
 7600  0 
 7601  0 
 7602  0 
 7603  0 
 7604  0 
 7605  0 
 7606  0 
 7607  0 
 7608  0 
 7609  0 
 7610  0 
 7611  0 
 7612  0 
 7613  0 
 7614  0 
 7615  0 
 7616  0 
 7617  0 
 7618  0 
 7619  0 
 7620  0 
 7621  0 
 7622  0 
 7623  0 
 7624  0 
 7625  0 
 7626  0 
 7627  0 
 7628  0 
 7629  0 
 7630  0 
 7631  0 
 7632  0 
 7633  0 
 7634  0 
 7635  0 
 7636  0 
 7637  0 
 7638  0 
 7639  0 
 7640  0 
 7641  0 
 7642  0 
 7643  0 
 7644  0 
 7645  0 
 7646  0 
 7647  0 
 7648  0 
 7649  0 
 7650  0 
 7651  0 
 7652  0 
 7653  0 
 7654  0 
 7655  0 
 7656  0 
 7657  0 
 7658  0 
 7659  1 
 7660  0 
 7661  0 
 7662  0 
 7663  0 
 7664  0 
 7665  0 
 7666  0 
 7667  0 
 7668  0 
 7669  0 
 7670  0 
 7671  0 
 7672  0 
 7673  0 
 7674  0 
 7675  0 
 7676  0 
 7677  0 
 7678  0 
 7679  0 
 7680  0 
 7681  0 
 7682  0 
 7683  0 
 7684  0 
 7685  0 
 7686  0 
 7687  0 
 7688  0 
 7689  0 
 7690  0 
 7691  0 
 7692  0 
 7693  0 
 7694  0 
 7695  0 
 7696  0 
 7697  0 
 7698  0 
 7699  0 
 7700  0 
 7701  0 
 7702  0 
 7703  0 
 7704  0 
 7705  0 
 7706  0 
 7707  0 
 7708  0 
 7709  0 
 7710  0 
 7711  0 
 7712  0 
 7713  0 
 7714  0 
 7715  0 
 7716  0 
 7717  0 
 7718  0 
 7719  0 
 7720  0 
 7721  0 
 7722  0 
 7723  0 
 7724  0 
 7725  0 
 7726  0 
 7727  0 
 7728  0 
 7729  0 
 7730  0 
 7731  0 
 7732  0 
 7733  0 
 7734  0 
 7735  1 
 7736  0 
 7737  0 
 7738  0 
 7739  0 
 7740  0 
 7741  0 
 7742  0 
 7743  0 
 7744  0 
 7745  0 
 7746  0 
 7747  0 
 7748  0 
 7749  0 
 7750  0 
 7751  0 
 7752  0 
 7753  0 
 7754  0 
 7755  0 
 7756  0 
 7757  0 
 7758  0 
 7759  0 
 7760  0 
 7761  0 
 7762  0 
 7763  0 
 7764  0 
 7765  0 
 7766  0 
 7767  0 
 7768  0 
 7769  0 
 7770  0 
 7771  0 
 7772  0 
 7773  0 
 7774  0 
 7775  0 
 7776  0 
 7777  0 
 7778  0 
 7779  1 
 7780  0 
 7781  0 
 7782  0 
 7783  0 
 7784  0 
 7785  0 
 7786  0 
 7787  0 
 7788  0 
 7789  0 
 7790  0 
 7791  0 
 7792  0 
 7793  0 
 7794  0 
 7795  0 
 7796  0 
 7797  0 
 7798  0 
 7799  0 
 7800  0 
 7801  0 
 7802  0 
 7803  0 
 7804  0 
 7805  0 
 7806  0 
 7807  0 
 7808  0 
 7809  0 
 7810  0 
 7811  0 
 7812  0 
 7813  0 
 7814  0 
 7815  0 
 7816  0 
 7817  0 
 7818  0 
 7819  0 
 7820  0 
 7821  0 
 7822  0 
 7823  0 
 7824  0 
 7825  0 
 7826  0 
 7827  0 
 7828  0 
 7829  0 
 7830  0 
 7831  0 
 7832  0 
 7833  0 
 7834  0 
 7835  0 
 7836  0 
 7837  0 
 7838  0 
 7839  0 
 7840  0 
 7841  0 
 7842  0 
 7843  0 
 7844  0 
 7845  0 
 7846  0 
 7847  0 
 7848  0 
 7849  1 
 7850  0 
 7851  1 
 7852  0 
 7853  0 
 7854  0 
 7855  0 
 7856  0 
 7857  0 
 7858  0 
 7859  0 
 7860  0 
 7861  0 
 7862  1 
 7863  0 
 7864  1 
 7865  0 
 7866  0 
 7867  0 
 7868  0 
 7869  0 
 7870  0 
 7871  0 
 7872  0 
 7873  0 
 7874  0 
 7875  0 
 7876  0 
 7877  0 
 7878  0 
 7879  0 
 7880  0 
 7881  0 
 7882  0 
 7883  0 
 7884  0 
 7885  0 
 7886  0 
 7887  0 
 7888  0 
 7889  0 
 7890  0 
 7891  0 
 7892  0 
 7893  0 
 7894  0 
 7895  0 
 7896  0 
 7897  0 
 7898  0 
 7899  0 
 7900  0 
 7901  0 
 7902  0 
 7903  0 
 7904  0 
 7905  0 
 7906  0 
 7907  0 
 7908  0 
 7909  0 
 7910  0 
 7911  0 
 7912  0 
 7913  0 
 7914  0 
 7915  0 
 7916  0 
 7917  0 
 7918  0 
 7919  0 
 7920  0 
 7921  0 
 7922  0 
 7923  0 
 7924  0 
 7925  0 
 7926  0 
 7927  0 
 7928  0 
 7929  0 
 7930  0 
 7931  0 
 7932  0 
 7933  0 
 7934  0 
 7935  0 
 7936  0 
 7937  0 
 7938  0 
 7939  0 
 7940  0 
 7941  0 
 7942  0 
 7943  0 
 7944  1 
 7945  0 
 7946  0 
 7947  0 
 7948  0 
 7949  0 
 7950  0 
 7951  1 
 7952  0 
 7953  0 
 7954  0 
 7955  0 
 7956  0 
 7957  0 
 7958  0 
 7959  0 
 7960  0 
 7961  0 
 7962  0 
 7963  0 
 7964  0 
 7965  0 
 7966  1 
 7967  0 
 7968  0 
 7969  0 
 7970  0 
 7971  0 
 7972  0 
 7973  0 
 7974  0 
 7975  0 
 7976  0 
 7977  0 
 7978  0 
 7979  0 
 7980  0 
 7981  1 
 7982  0 
 7983  0 
 7984  0 
 7985  1 
 7986  0 
 7987  0 
 7988  0 
 7989  0 
 7990  0 
 7991  0 
 7992  0 
 7993  0 
 7994  0 
 7995  0 
 7996  0 
 7997  0 
 7998  0 
 7999  0 
 8000  0 
 8001  0 
 8002  0 
 8003  0 
 8004  0 
 8005  0 
 8006  0 
 8007  0 
 8008  0 
 8009  1 
 8010  0 
 8011  0 
 8012  0 
 8013  0 
 8014  0 
 8015  0 
 8016  0 
 8017  0 
 8018  0 
 8019  0 
 8020  0 
 8021  0 
 8022  0 
 8023  0 
 8024  0 
 8025  0 
 8026  0 
 8027  0 
 8028  0 
 8029  0 
 8030  0 
 8031  0 
 8032  0 
 8033  0 
 8034  0 
 8035  0 
 8036  0 
 8037  0 
 8038  0 
 8039  1 
 8040  1 
 8041  0 
 8042  0 
 8043  0 
 8044  0 
 8045  0 
 8046  0 
 8047  0 
 8048  0 
 8049  0 
 8050  0 
 8051  0 
 8052  0 
 8053  0 
 8054  0 
 8055  0 
 8056  0 
 8057  0 
 8058  0 
 8059  0 
 8060  0 
 8061  0 
 8062  0 
 8063  0 
 8064  0 
 8065  0 
 8066  0 
 8067  0 
 8068  0 
 8069  0 
 8070  0 
 8071  0 
 8072  0 
 8073  0 
 8074  0 
 8075  0 
 8076  0 
 8077  0 
 8078  0 
 8079  0 
 8080  0 
 8081  0 
 8082  0 
 8083  0 
 8084  0 
 8085  0 
 8086  0 
 8087  0 
 8088  0 
 8089  0 
 8090  0 
 8091  0 
 8092  0 
 8093  0 
 8094  0 
 8095  0 
 8096  0 
 8097  0 
 8098  0 
 8099  0 
 8100  0 
 8101  0 
 8102  0 
 8103  0 
 8104  0 
 8105  0 
 8106  0 
 8107  0 
 8108  0 
 8109  0 
 8110  1 
 8111  0 
 8112  0 
 8113  0 
 8114  0 
 8115  0 
 8116  0 
 8117  0 
 8118  0 
 8119  0 
 8120  0 
 8121  0 
 8122  0 
 8123  0 
 8124  0 
 8125  0 
 8126  0 
 8127  0 
 8128  0 
 8129  0 
 8130  0 
 8131  0 
 8132  0 
 8133  0 
 8134  0 
 8135  0 
 8136  0 
 8137  0 
 8138  0 
 8139  0 
 8140  0 
 8141  0 
 8142  0 
 8143  0 
 8144  0 
 8145  0 
 8146  0 
 8147  0 
 8148  0 
 8149  0 
 8150  0 
 8151  0 
 8152  0 
 8153  0 
 8154  0 
 8155  0 
 8156  0 
 8157  0 
 8158  0 
 8159  0 
 8160  0 
 8161  0 
 8162  0 
 8163  0 
 8164  0 
 8165  0 
 8166  0 
 8167  0 
 8168  0 
 8169  0 
 8170  0 
 8171  0 
 8172  0 
 8173  0 
 8174  0 
 8175  0 
 8176  0 
 8177  0 
 8178  0 
 8179  0 
 8180  0 
 8181  0 
 8182  0 
 8183  0 
 8184  0 
 8185  0 
 8186  0 
 8187  0 
 8188  0 
 8189  0 
 8190  0 
 8191  0 
