 0  1089 
 1  1097 
 2  0 
 3  0 
 4  0 
 5  0 
 6  0 
 7  0 
 8  0 
 9  0 
 10  0 
 11  0 
 12  0 
 13  0 
 14  0 
 15  0 
 16  0 
 17  0 
 18  0 
 19  0 
 20  0 
 21  0 
 22  0 
 23  0 
 24  0 
 25  0 
 26  0 
 27  0 
 28  0 
 29  0 
 30  0 
 31  0 
 32  0 
 33  0 
 34  0 
 35  0 
 36  0 
 37  0 
 38  0 
 39  0 
 40  0 
 41  0 
 42  0 
 43  0 
 44  0 
 45  0 
 46  0 
 47  0 
 48  0 
 49  0 
 50  0 
 51  0 
 52  0 
 53  0 
 54  0 
 55  0 
 56  0 
 57  0 
 58  0 
 59  0 
 60  0 
 61  0 
 62  0 
 63  0 
 64  0 
 65  0 
 66  0 
 67  0 
 68  0 
 69  0 
 70  0 
 71  0 
 72  0 
 73  0 
 74  0 
 75  0 
 76  0 
 77  0 
 78  0 
 79  0 
 80  0 
 81  0 
 82  0 
 83  0 
 84  0 
 85  0 
 86  0 
 87  0 
 88  0 
 89  0 
 90  0 
 91  0 
 92  0 
 93  0 
 94  0 
 95  0 
 96  0 
 97  0 
 98  0 
 99  0 
 100  0 
 101  0 
 102  0 
 103  0 
 104  0 
 105  0 
 106  0 
 107  0 
 108  0 
 109  0 
 110  0 
 111  0 
 112  0 
 113  0 
 114  0 
 115  0 
 116  0 
 117  0 
 118  0 
 119  0 
 120  0 
 121  0 
 122  0 
 123  0 
 124  0 
 125  0 
 126  0 
 127  0 
 128  0 
 129  0 
 130  0 
 131  0 
 132  0 
 133  0 
 134  0 
 135  0 
 136  0 
 137  0 
 138  0 
 139  0 
 140  0 
 141  0 
 142  0 
 143  0 
 144  0 
 145  0 
 146  0 
 147  0 
 148  0 
 149  0 
 150  0 
 151  0 
 152  0 
 153  0 
 154  0 
 155  0 
 156  0 
 157  0 
 158  0 
 159  0 
 160  0 
 161  0 
 162  0 
 163  0 
 164  0 
 165  0 
 166  0 
 167  0 
 168  0 
 169  0 
 170  0 
 171  0 
 172  0 
 173  0 
 174  0 
 175  0 
 176  0 
 177  0 
 178  0 
 179  0 
 180  0 
 181  0 
 182  0 
 183  0 
 184  0 
 185  0 
 186  0 
 187  0 
 188  0 
 189  0 
 190  0 
 191  0 
 192  0 
 193  0 
 194  0 
 195  0 
 196  0 
 197  0 
 198  0 
 199  0 
 200  0 
 201  0 
 202  0 
 203  0 
 204  0 
 205  0 
 206  0 
 207  0 
 208  0 
 209  0 
 210  0 
 211  0 
 212  0 
 213  0 
 214  0 
 215  0 
 216  0 
 217  0 
 218  0 
 219  0 
 220  0 
 221  0 
 222  0 
 223  0 
 224  0 
 225  0 
 226  0 
 227  0 
 228  0 
 229  0 
 230  0 
 231  0 
 232  0 
 233  0 
 234  0 
 235  0 
 236  0 
 237  0 
 238  0 
 239  0 
 240  0 
 241  0 
 242  0 
 243  0 
 244  0 
 245  0 
 246  0 
 247  0 
 248  0 
 249  0 
 250  0 
 251  1 
 252  120 
 253  201 
 254  210 
 255  192 
 256  177 
 257  176 
 258  169 
 259  169 
 260  175 
 261  152 
 262  144 
 263  154 
 264  153 
 265  170 
 266  150 
 267  128 
 268  135 
 269  147 
 270  126 
 271  140 
 272  126 
 273  120 
 274  147 
 275  134 
 276  112 
 277  115 
 278  132 
 279  117 
 280  113 
 281  127 
 282  95 
 283  123 
 284  109 
 285  113 
 286  111 
 287  97 
 288  110 
 289  101 
 290  101 
 291  97 
 292  97 
 293  90 
 294  96 
 295  94 
 296  105 
 297  91 
 298  78 
 299  90 
 300  82 
 301  77 
 302  87 
 303  73 
 304  89 
 305  77 
 306  89 
 307  77 
 308  80 
 309  80 
 310  62 
 311  68 
 312  58 
 313  64 
 314  70 
 315  71 
 316  60 
 317  69 
 318  47 
 319  57 
 320  62 
 321  49 
 322  61 
 323  52 
 324  69 
 325  44 
 326  66 
 327  51 
 328  57 
 329  52 
 330  51 
 331  43 
 332  45 
 333  42 
 334  37 
 335  39 
 336  46 
 337  33 
 338  37 
 339  40 
 340  32 
 341  38 
 342  49 
 343  40 
 344  41 
 345  47 
 346  28 
 347  33 
 348  35 
 349  29 
 350  34 
 351  29 
 352  37 
 353  24 
 354  40 
 355  44 
 356  24 
 357  26 
 358  27 
 359  27 
 360  44 
 361  23 
 362  39 
 363  32 
 364  30 
 365  30 
 366  25 
 367  25 
 368  31 
 369  33 
 370  29 
 371  35 
 372  30 
 373  22 
 374  32 
 375  23 
 376  28 
 377  31 
 378  21 
 379  25 
 380  28 
 381  23 
 382  20 
 383  34 
 384  21 
 385  28 
 386  31 
 387  19 
 388  30 
 389  33 
 390  28 
 391  31 
 392  32 
 393  24 
 394  31 
 395  27 
 396  25 
 397  29 
 398  25 
 399  27 
 400  21 
 401  23 
 402  19 
 403  29 
 404  31 
 405  34 
 406  22 
 407  17 
 408  27 
 409  35 
 410  25 
 411  24 
 412  16 
 413  19 
 414  27 
 415  34 
 416  24 
 417  33 
 418  31 
 419  27 
 420  25 
 421  23 
 422  26 
 423  27 
 424  33 
 425  29 
 426  36 
 427  24 
 428  16 
 429  18 
 430  19 
 431  25 
 432  19 
 433  26 
 434  28 
 435  24 
 436  26 
 437  23 
 438  22 
 439  27 
 440  32 
 441  31 
 442  30 
 443  23 
 444  27 
 445  27 
 446  21 
 447  23 
 448  19 
 449  25 
 450  23 
 451  20 
 452  19 
 453  25 
 454  34 
 455  20 
 456  31 
 457  31 
 458  32 
 459  18 
 460  33 
 461  16 
 462  30 
 463  23 
 464  25 
 465  19 
 466  16 
 467  24 
 468  34 
 469  21 
 470  16 
 471  26 
 472  30 
 473  26 
 474  30 
 475  24 
 476  23 
 477  31 
 478  29 
 479  29 
 480  20 
 481  37 
 482  30 
 483  32 
 484  24 
 485  22 
 486  35 
 487  28 
 488  31 
 489  21 
 490  31 
 491  21 
 492  27 
 493  36 
 494  29 
 495  22 
 496  29 
 497  29 
 498  23 
 499  37 
 500  22 
 501  25 
 502  28 
 503  31 
 504  33 
 505  37 
 506  23 
 507  36 
 508  28 
 509  26 
 510  38 
 511  31 
 512  35 
 513  29 
 514  41 
 515  39 
 516  27 
 517  43 
 518  36 
 519  43 
 520  29 
 521  40 
 522  42 
 523  37 
 524  38 
 525  30 
 526  45 
 527  34 
 528  41 
 529  35 
 530  37 
 531  46 
 532  50 
 533  43 
 534  41 
 535  49 
 536  36 
 537  51 
 538  42 
 539  48 
 540  60 
 541  56 
 542  49 
 543  51 
 544  49 
 545  54 
 546  37 
 547  61 
 548  52 
 549  57 
 550  53 
 551  62 
 552  56 
 553  49 
 554  74 
 555  59 
 556  62 
 557  69 
 558  71 
 559  62 
 560  71 
 561  73 
 562  73 
 563  67 
 564  84 
 565  74 
 566  70 
 567  94 
 568  99 
 569  81 
 570  100 
 571  90 
 572  105 
 573  87 
 574  95 
 575  119 
 576  94 
 577  96 
 578  113 
 579  107 
 580  108 
 581  104 
 582  104 
 583  121 
 584  114 
 585  143 
 586  120 
 587  156 
 588  140 
 589  118 
 590  133 
 591  154 
 592  155 
 593  145 
 594  148 
 595  164 
 596  173 
 597  156 
 598  191 
 599  160 
 600  182 
 601  185 
 602  193 
 603  200 
 604  180 
 605  180 
 606  213 
 607  193 
 608  203 
 609  194 
 610  219 
 611  234 
 612  249 
 613  235 
 614  233 
 615  217 
 616  216 
 617  183 
 618  224 
 619  209 
 620  224 
 621  239 
 622  227 
 623  267 
 624  267 
 625  257 
 626  257 
 627  242 
 628  272 
 629  278 
 630  245 
 631  287 
 632  254 
 633  281 
 634  293 
 635  281 
 636  255 
 637  270 
 638  250 
 639  252 
 640  276 
 641  279 
 642  247 
 643  291 
 644  244 
 645  259 
 646  247 
 647  286 
 648  263 
 649  266 
 650  261 
 651  234 
 652  261 
 653  234 
 654  243 
 655  220 
 656  228 
 657  248 
 658  240 
 659  213 
 660  230 
 661  217 
 662  190 
 663  208 
 664  200 
 665  209 
 666  194 
 667  191 
 668  210 
 669  212 
 670  194 
 671  184 
 672  164 
 673  198 
 674  166 
 675  164 
 676  154 
 677  158 
 678  156 
 679  148 
 680  128 
 681  142 
 682  145 
 683  121 
 684  137 
 685  139 
 686  127 
 687  124 
 688  115 
 689  119 
 690  116 
 691  103 
 692  93 
 693  85 
 694  84 
 695  79 
 696  73 
 697  63 
 698  63 
 699  79 
 700  72 
 701  77 
 702  65 
 703  69 
 704  67 
 705  47 
 706  50 
 707  37 
 708  48 
 709  51 
 710  42 
 711  38 
 712  44 
 713  41 
 714  32 
 715  41 
 716  36 
 717  31 
 718  38 
 719  40 
 720  32 
 721  33 
 722  32 
 723  27 
 724  25 
 725  32 
 726  24 
 727  25 
 728  27 
 729  21 
 730  33 
 731  27 
 732  27 
 733  26 
 734  15 
 735  22 
 736  21 
 737  22 
 738  24 
 739  19 
 740  16 
 741  16 
 742  16 
 743  19 
 744  20 
 745  21 
 746  11 
 747  18 
 748  15 
 749  11 
 750  20 
 751  15 
 752  16 
 753  12 
 754  18 
 755  12 
 756  17 
 757  24 
 758  13 
 759  16 
 760  20 
 761  15 
 762  23 
 763  24 
 764  13 
 765  12 
 766  16 
 767  12 
 768  17 
 769  12 
 770  17 
 771  16 
 772  14 
 773  21 
 774  8 
 775  14 
 776  15 
 777  9 
 778  14 
 779  6 
 780  16 
 781  13 
 782  16 
 783  11 
 784  11 
 785  16 
 786  11 
 787  12 
 788  9 
 789  15 
 790  20 
 791  9 
 792  10 
 793  13 
 794  7 
 795  8 
 796  13 
 797  10 
 798  13 
 799  11 
 800  15 
 801  11 
 802  11 
 803  13 
 804  15 
 805  11 
 806  9 
 807  15 
 808  17 
 809  12 
 810  11 
 811  15 
 812  14 
 813  8 
 814  19 
 815  12 
 816  11 
 817  9 
 818  14 
 819  9 
 820  17 
 821  5 
 822  10 
 823  8 
 824  13 
 825  9 
 826  15 
 827  15 
 828  14 
 829  15 
 830  11 
 831  9 
 832  8 
 833  21 
 834  7 
 835  13 
 836  12 
 837  9 
 838  8 
 839  7 
 840  10 
 841  11 
 842  11 
 843  8 
 844  9 
 845  9 
 846  6 
 847  14 
 848  13 
 849  11 
 850  14 
 851  19 
 852  14 
 853  10 
 854  10 
 855  10 
 856  14 
 857  8 
 858  15 
 859  13 
 860  11 
 861  18 
 862  6 
 863  9 
 864  12 
 865  10 
 866  9 
 867  8 
 868  12 
 869  10 
 870  7 
 871  15 
 872  11 
 873  6 
 874  15 
 875  9 
 876  10 
 877  10 
 878  10 
 879  15 
 880  13 
 881  13 
 882  17 
 883  10 
 884  15 
 885  5 
 886  8 
 887  12 
 888  12 
 889  7 
 890  13 
 891  9 
 892  16 
 893  11 
 894  12 
 895  9 
 896  13 
 897  10 
 898  22 
 899  7 
 900  12 
 901  10 
 902  14 
 903  13 
 904  14 
 905  12 
 906  14 
 907  9 
 908  15 
 909  16 
 910  15 
 911  8 
 912  14 
 913  13 
 914  8 
 915  11 
 916  16 
 917  10 
 918  9 
 919  12 
 920  8 
 921  9 
 922  20 
 923  9 
 924  9 
 925  12 
 926  16 
 927  13 
 928  4 
 929  11 
 930  14 
 931  9 
 932  10 
 933  10 
 934  10 
 935  10 
 936  16 
 937  15 
 938  13 
 939  10 
 940  7 
 941  11 
 942  13 
 943  9 
 944  15 
 945  17 
 946  9 
 947  5 
 948  12 
 949  11 
 950  10 
 951  17 
 952  11 
 953  14 
 954  7 
 955  4 
 956  9 
 957  13 
 958  8 
 959  11 
 960  11 
 961  11 
 962  4 
 963  11 
 964  11 
 965  11 
 966  12 
 967  13 
 968  12 
 969  11 
 970  12 
 971  18 
 972  15 
 973  10 
 974  11 
 975  5 
 976  10 
 977  7 
 978  10 
 979  12 
 980  8 
 981  11 
 982  15 
 983  12 
 984  13 
 985  6 
 986  14 
 987  14 
 988  5 
 989  16 
 990  10 
 991  14 
 992  8 
 993  12 
 994  15 
 995  10 
 996  11 
 997  12 
 998  11 
 999  7 
 1000  14 
 1001  12 
 1002  9 
 1003  7 
 1004  12 
 1005  14 
 1006  16 
 1007  11 
 1008  10 
 1009  12 
 1010  9 
 1011  7 
 1012  10 
 1013  12 
 1014  13 
 1015  7 
 1016  9 
 1017  12 
 1018  7 
 1019  8 
 1020  10 
 1021  9 
 1022  10 
 1023  8 
 1024  5 
 1025  12 
 1026  6 
 1027  13 
 1028  10 
 1029  12 
 1030  16 
 1031  12 
 1032  9 
 1033  13 
 1034  8 
 1035  15 
 1036  16 
 1037  13 
 1038  17 
 1039  15 
 1040  16 
 1041  10 
 1042  10 
 1043  8 
 1044  3 
 1045  6 
 1046  10 
 1047  10 
 1048  14 
 1049  10 
 1050  6 
 1051  16 
 1052  10 
 1053  8 
 1054  20 
 1055  9 
 1056  18 
 1057  6 
 1058  12 
 1059  11 
 1060  11 
 1061  12 
 1062  4 
 1063  15 
 1064  9 
 1065  8 
 1066  14 
 1067  12 
 1068  13 
 1069  13 
 1070  5 
 1071  12 
 1072  15 
 1073  13 
 1074  16 
 1075  9 
 1076  10 
 1077  9 
 1078  10 
 1079  14 
 1080  12 
 1081  9 
 1082  11 
 1083  9 
 1084  9 
 1085  6 
 1086  6 
 1087  8 
 1088  5 
 1089  10 
 1090  6 
 1091  5 
 1092  9 
 1093  7 
 1094  10 
 1095  9 
 1096  7 
 1097  7 
 1098  14 
 1099  11 
 1100  6 
 1101  14 
 1102  12 
 1103  9 
 1104  8 
 1105  10 
 1106  15 
 1107  7 
 1108  11 
 1109  10 
 1110  11 
 1111  16 
 1112  10 
 1113  10 
 1114  11 
 1115  13 
 1116  12 
 1117  11 
 1118  10 
 1119  9 
 1120  10 
 1121  7 
 1122  11 
 1123  13 
 1124  6 
 1125  7 
 1126  9 
 1127  12 
 1128  13 
 1129  16 
 1130  9 
 1131  11 
 1132  14 
 1133  9 
 1134  13 
 1135  10 
 1136  16 
 1137  11 
 1138  9 
 1139  7 
 1140  11 
 1141  9 
 1142  9 
 1143  12 
 1144  8 
 1145  9 
 1146  14 
 1147  12 
 1148  12 
 1149  15 
 1150  10 
 1151  3 
 1152  16 
 1153  13 
 1154  14 
 1155  8 
 1156  12 
 1157  12 
 1158  8 
 1159  17 
 1160  7 
 1161  10 
 1162  6 
 1163  11 
 1164  8 
 1165  9 
 1166  7 
 1167  11 
 1168  10 
 1169  9 
 1170  10 
 1171  10 
 1172  13 
 1173  12 
 1174  7 
 1175  9 
 1176  7 
 1177  11 
 1178  10 
 1179  10 
 1180  6 
 1181  8 
 1182  5 
 1183  8 
 1184  6 
 1185  7 
 1186  5 
 1187  6 
 1188  15 
 1189  12 
 1190  9 
 1191  6 
 1192  14 
 1193  14 
 1194  7 
 1195  3 
 1196  12 
 1197  7 
 1198  7 
 1199  12 
 1200  13 
 1201  9 
 1202  9 
 1203  12 
 1204  12 
 1205  8 
 1206  11 
 1207  6 
 1208  11 
 1209  8 
 1210  9 
 1211  6 
 1212  5 
 1213  10 
 1214  15 
 1215  12 
 1216  9 
 1217  9 
 1218  7 
 1219  10 
 1220  13 
 1221  7 
 1222  12 
 1223  11 
 1224  14 
 1225  11 
 1226  15 
 1227  9 
 1228  8 
 1229  11 
 1230  11 
 1231  8 
 1232  12 
 1233  8 
 1234  9 
 1235  9 
 1236  8 
 1237  10 
 1238  17 
 1239  9 
 1240  4 
 1241  14 
 1242  7 
 1243  8 
 1244  9 
 1245  13 
 1246  9 
 1247  14 
 1248  11 
 1249  12 
 1250  8 
 1251  9 
 1252  7 
 1253  6 
 1254  11 
 1255  6 
 1256  9 
 1257  3 
 1258  10 
 1259  9 
 1260  11 
 1261  13 
 1262  5 
 1263  12 
 1264  8 
 1265  12 
 1266  9 
 1267  5 
 1268  3 
 1269  10 
 1270  8 
 1271  8 
 1272  15 
 1273  10 
 1274  14 
 1275  11 
 1276  10 
 1277  8 
 1278  5 
 1279  11 
 1280  10 
 1281  8 
 1282  13 
 1283  6 
 1284  10 
 1285  10 
 1286  10 
 1287  13 
 1288  10 
 1289  7 
 1290  10 
 1291  10 
 1292  4 
 1293  16 
 1294  7 
 1295  6 
 1296  8 
 1297  9 
 1298  7 
 1299  11 
 1300  5 
 1301  13 
 1302  6 
 1303  10 
 1304  7 
 1305  8 
 1306  7 
 1307  14 
 1308  8 
 1309  7 
 1310  11 
 1311  7 
 1312  10 
 1313  9 
 1314  7 
 1315  14 
 1316  10 
 1317  9 
 1318  11 
 1319  6 
 1320  7 
 1321  15 
 1322  8 
 1323  8 
 1324  10 
 1325  13 
 1326  7 
 1327  14 
 1328  9 
 1329  8 
 1330  11 
 1331  9 
 1332  13 
 1333  13 
 1334  7 
 1335  11 
 1336  8 
 1337  7 
 1338  5 
 1339  14 
 1340  11 
 1341  8 
 1342  9 
 1343  10 
 1344  12 
 1345  12 
 1346  12 
 1347  6 
 1348  12 
 1349  7 
 1350  10 
 1351  10 
 1352  5 
 1353  12 
 1354  14 
 1355  13 
 1356  6 
 1357  9 
 1358  11 
 1359  5 
 1360  5 
 1361  8 
 1362  6 
 1363  12 
 1364  8 
 1365  7 
 1366  13 
 1367  5 
 1368  4 
 1369  8 
 1370  5 
 1371  12 
 1372  9 
 1373  10 
 1374  8 
 1375  16 
 1376  8 
 1377  9 
 1378  9 
 1379  9 
 1380  12 
 1381  6 
 1382  9 
 1383  3 
 1384  9 
 1385  9 
 1386  6 
 1387  4 
 1388  6 
 1389  8 
 1390  2 
 1391  15 
 1392  10 
 1393  9 
 1394  8 
 1395  4 
 1396  10 
 1397  4 
 1398  8 
 1399  16 
 1400  13 
 1401  5 
 1402  11 
 1403  5 
 1404  7 
 1405  8 
 1406  9 
 1407  8 
 1408  11 
 1409  6 
 1410  5 
 1411  5 
 1412  8 
 1413  10 
 1414  8 
 1415  10 
 1416  7 
 1417  9 
 1418  7 
 1419  8 
 1420  6 
 1421  10 
 1422  11 
 1423  7 
 1424  9 
 1425  3 
 1426  13 
 1427  7 
 1428  11 
 1429  13 
 1430  9 
 1431  10 
 1432  7 
 1433  4 
 1434  8 
 1435  9 
 1436  12 
 1437  6 
 1438  7 
 1439  5 
 1440  8 
 1441  11 
 1442  11 
 1443  9 
 1444  5 
 1445  10 
 1446  10 
 1447  6 
 1448  10 
 1449  11 
 1450  14 
 1451  6 
 1452  9 
 1453  11 
 1454  10 
 1455  4 
 1456  9 
 1457  7 
 1458  4 
 1459  10 
 1460  8 
 1461  11 
 1462  9 
 1463  8 
 1464  11 
 1465  7 
 1466  7 
 1467  4 
 1468  5 
 1469  10 
 1470  7 
 1471  11 
 1472  8 
 1473  6 
 1474  7 
 1475  5 
 1476  15 
 1477  17 
 1478  5 
 1479  13 
 1480  13 
 1481  11 
 1482  4 
 1483  7 
 1484  12 
 1485  8 
 1486  10 
 1487  12 
 1488  5 
 1489  11 
 1490  6 
 1491  6 
 1492  8 
 1493  12 
 1494  6 
 1495  8 
 1496  7 
 1497  6 
 1498  9 
 1499  14 
 1500  13 
 1501  12 
 1502  11 
 1503  13 
 1504  12 
 1505  3 
 1506  7 
 1507  12 
 1508  7 
 1509  7 
 1510  12 
 1511  6 
 1512  12 
 1513  6 
 1514  6 
 1515  7 
 1516  13 
 1517  5 
 1518  10 
 1519  3 
 1520  9 
 1521  6 
 1522  9 
 1523  6 
 1524  10 
 1525  5 
 1526  11 
 1527  9 
 1528  7 
 1529  8 
 1530  11 
 1531  6 
 1532  5 
 1533  8 
 1534  13 
 1535  4 
 1536  8 
 1537  13 
 1538  10 
 1539  11 
 1540  10 
 1541  10 
 1542  15 
 1543  9 
 1544  7 
 1545  5 
 1546  11 
 1547  8 
 1548  7 
 1549  8 
 1550  7 
 1551  6 
 1552  12 
 1553  9 
 1554  6 
 1555  6 
 1556  18 
 1557  9 
 1558  11 
 1559  6 
 1560  7 
 1561  4 
 1562  12 
 1563  4 
 1564  8 
 1565  3 
 1566  7 
 1567  11 
 1568  11 
 1569  11 
 1570  14 
 1571  5 
 1572  8 
 1573  13 
 1574  7 
 1575  6 
 1576  10 
 1577  11 
 1578  3 
 1579  5 
 1580  9 
 1581  11 
 1582  5 
 1583  4 
 1584  9 
 1585  8 
 1586  15 
 1587  11 
 1588  8 
 1589  12 
 1590  7 
 1591  12 
 1592  5 
 1593  6 
 1594  8 
 1595  10 
 1596  8 
 1597  11 
 1598  5 
 1599  9 
 1600  10 
 1601  5 
 1602  10 
 1603  16 
 1604  7 
 1605  5 
 1606  8 
 1607  6 
 1608  16 
 1609  10 
 1610  5 
 1611  12 
 1612  4 
 1613  5 
 1614  8 
 1615  9 
 1616  3 
 1617  8 
 1618  4 
 1619  6 
 1620  11 
 1621  8 
 1622  12 
 1623  12 
 1624  7 
 1625  7 
 1626  4 
 1627  9 
 1628  7 
 1629  5 
 1630  8 
 1631  5 
 1632  2 
 1633  7 
 1634  5 
 1635  10 
 1636  6 
 1637  6 
 1638  9 
 1639  12 
 1640  8 
 1641  10 
 1642  12 
 1643  7 
 1644  9 
 1645  7 
 1646  7 
 1647  4 
 1648  7 
 1649  5 
 1650  13 
 1651  11 
 1652  10 
 1653  9 
 1654  4 
 1655  10 
 1656  8 
 1657  11 
 1658  7 
 1659  11 
 1660  12 
 1661  16 
 1662  7 
 1663  8 
 1664  2 
 1665  5 
 1666  4 
 1667  5 
 1668  6 
 1669  6 
 1670  9 
 1671  8 
 1672  9 
 1673  16 
 1674  4 
 1675  13 
 1676  4 
 1677  5 
 1678  4 
 1679  8 
 1680  7 
 1681  4 
 1682  8 
 1683  4 
 1684  6 
 1685  7 
 1686  10 
 1687  6 
 1688  4 
 1689  12 
 1690  12 
 1691  5 
 1692  4 
 1693  5 
 1694  11 
 1695  6 
 1696  8 
 1697  8 
 1698  10 
 1699  6 
 1700  3 
 1701  13 
 1702  5 
 1703  4 
 1704  6 
 1705  6 
 1706  8 
 1707  13 
 1708  1 
 1709  8 
 1710  9 
 1711  1 
 1712  9 
 1713  4 
 1714  5 
 1715  3 
 1716  8 
 1717  9 
 1718  3 
 1719  7 
 1720  8 
 1721  10 
 1722  8 
 1723  11 
 1724  5 
 1725  10 
 1726  8 
 1727  8 
 1728  8 
 1729  8 
 1730  4 
 1731  7 
 1732  3 
 1733  11 
 1734  6 
 1735  5 
 1736  6 
 1737  2 
 1738  12 
 1739  10 
 1740  6 
 1741  10 
 1742  5 
 1743  5 
 1744  5 
 1745  8 
 1746  7 
 1747  5 
 1748  7 
 1749  9 
 1750  3 
 1751  13 
 1752  9 
 1753  13 
 1754  8 
 1755  7 
 1756  4 
 1757  4 
 1758  9 
 1759  6 
 1760  7 
 1761  4 
 1762  7 
 1763  9 
 1764  8 
 1765  10 
 1766  9 
 1767  7 
 1768  5 
 1769  5 
 1770  8 
 1771  7 
 1772  6 
 1773  4 
 1774  3 
 1775  12 
 1776  6 
 1777  8 
 1778  9 
 1779  10 
 1780  9 
 1781  10 
 1782  8 
 1783  8 
 1784  10 
 1785  10 
 1786  10 
 1787  5 
 1788  15 
 1789  13 
 1790  11 
 1791  6 
 1792  7 
 1793  3 
 1794  15 
 1795  8 
 1796  9 
 1797  10 
 1798  9 
 1799  15 
 1800  8 
 1801  7 
 1802  3 
 1803  4 
 1804  10 
 1805  11 
 1806  10 
 1807  9 
 1808  8 
 1809  5 
 1810  6 
 1811  3 
 1812  10 
 1813  14 
 1814  6 
 1815  5 
 1816  5 
 1817  5 
 1818  7 
 1819  9 
 1820  12 
 1821  10 
 1822  9 
 1823  6 
 1824  5 
 1825  8 
 1826  10 
 1827  7 
 1828  10 
 1829  9 
 1830  5 
 1831  8 
 1832  10 
 1833  8 
 1834  9 
 1835  13 
 1836  10 
 1837  7 
 1838  6 
 1839  9 
 1840  2 
 1841  9 
 1842  6 
 1843  8 
 1844  7 
 1845  5 
 1846  9 
 1847  7 
 1848  7 
 1849  6 
 1850  8 
 1851  6 
 1852  10 
 1853  4 
 1854  9 
 1855  3 
 1856  5 
 1857  8 
 1858  7 
 1859  5 
 1860  7 
 1861  3 
 1862  10 
 1863  9 
 1864  5 
 1865  4 
 1866  12 
 1867  12 
 1868  2 
 1869  9 
 1870  8 
 1871  6 
 1872  8 
 1873  5 
 1874  11 
 1875  11 
 1876  3 
 1877  12 
 1878  7 
 1879  3 
 1880  10 
 1881  13 
 1882  7 
 1883  5 
 1884  3 
 1885  12 
 1886  4 
 1887  5 
 1888  7 
 1889  7 
 1890  9 
 1891  10 
 1892  8 
 1893  6 
 1894  5 
 1895  9 
 1896  7 
 1897  12 
 1898  5 
 1899  7 
 1900  9 
 1901  6 
 1902  4 
 1903  6 
 1904  6 
 1905  5 
 1906  9 
 1907  6 
 1908  9 
 1909  9 
 1910  6 
 1911  6 
 1912  9 
 1913  6 
 1914  7 
 1915  11 
 1916  7 
 1917  4 
 1918  9 
 1919  3 
 1920  9 
 1921  11 
 1922  8 
 1923  5 
 1924  11 
 1925  12 
 1926  8 
 1927  7 
 1928  6 
 1929  8 
 1930  11 
 1931  10 
 1932  6 
 1933  6 
 1934  10 
 1935  7 
 1936  12 
 1937  8 
 1938  7 
 1939  9 
 1940  8 
 1941  9 
 1942  6 
 1943  4 
 1944  3 
 1945  8 
 1946  8 
 1947  4 
 1948  3 
 1949  6 
 1950  5 
 1951  10 
 1952  7 
 1953  5 
 1954  4 
 1955  8 
 1956  10 
 1957  8 
 1958  8 
 1959  6 
 1960  7 
 1961  12 
 1962  12 
 1963  7 
 1964  5 
 1965  5 
 1966  8 
 1967  3 
 1968  3 
 1969  8 
 1970  3 
 1971  9 
 1972  6 
 1973  7 
 1974  6 
 1975  12 
 1976  5 
 1977  6 
 1978  9 
 1979  8 
 1980  12 
 1981  3 
 1982  6 
 1983  12 
 1984  10 
 1985  9 
 1986  7 
 1987  6 
 1988  7 
 1989  10 
 1990  5 
 1991  5 
 1992  13 
 1993  9 
 1994  6 
 1995  6 
 1996  6 
 1997  8 
 1998  10 
 1999  7 
 2000  6 
 2001  10 
 2002  6 
 2003  6 
 2004  9 
 2005  6 
 2006  12 
 2007  12 
 2008  7 
 2009  8 
 2010  9 
 2011  9 
 2012  5 
 2013  8 
 2014  9 
 2015  8 
 2016  4 
 2017  9 
 2018  4 
 2019  8 
 2020  5 
 2021  7 
 2022  6 
 2023  6 
 2024  6 
 2025  7 
 2026  8 
 2027  5 
 2028  4 
 2029  8 
 2030  4 
 2031  6 
 2032  13 
 2033  8 
 2034  5 
 2035  5 
 2036  12 
 2037  7 
 2038  7 
 2039  9 
 2040  7 
 2041  7 
 2042  8 
 2043  7 
 2044  6 
 2045  9 
 2046  10 
 2047  11 
 2048  11 
 2049  6 
 2050  5 
 2051  12 
 2052  9 
 2053  7 
 2054  8 
 2055  9 
 2056  8 
 2057  6 
 2058  5 
 2059  12 
 2060  2 
 2061  4 
 2062  6 
 2063  5 
 2064  11 
 2065  6 
 2066  6 
 2067  6 
 2068  5 
 2069  4 
 2070  12 
 2071  6 
 2072  10 
 2073  6 
 2074  7 
 2075  5 
 2076  6 
 2077  7 
 2078  3 
 2079  9 
 2080  5 
 2081  9 
 2082  4 
 2083  2 
 2084  7 
 2085  7 
 2086  5 
 2087  8 
 2088  7 
 2089  2 
 2090  5 
 2091  7 
 2092  7 
 2093  8 
 2094  11 
 2095  8 
 2096  9 
 2097  4 
 2098  5 
 2099  5 
 2100  8 
 2101  7 
 2102  7 
 2103  6 
 2104  12 
 2105  2 
 2106  8 
 2107  5 
 2108  3 
 2109  4 
 2110  10 
 2111  7 
 2112  8 
 2113  8 
 2114  5 
 2115  5 
 2116  6 
 2117  8 
 2118  4 
 2119  5 
 2120  10 
 2121  6 
 2122  11 
 2123  5 
 2124  16 
 2125  9 
 2126  3 
 2127  6 
 2128  8 
 2129  5 
 2130  7 
 2131  7 
 2132  2 
 2133  4 
 2134  9 
 2135  9 
 2136  5 
 2137  8 
 2138  10 
 2139  9 
 2140  5 
 2141  10 
 2142  7 
 2143  7 
 2144  7 
 2145  7 
 2146  5 
 2147  8 
 2148  7 
 2149  6 
 2150  12 
 2151  7 
 2152  6 
 2153  8 
 2154  7 
 2155  8 
 2156  4 
 2157  6 
 2158  8 
 2159  3 
 2160  6 
 2161  4 
 2162  9 
 2163  11 
 2164  12 
 2165  8 
 2166  6 
 2167  8 
 2168  4 
 2169  7 
 2170  7 
 2171  4 
 2172  9 
 2173  3 
 2174  10 
 2175  8 
 2176  5 
 2177  10 
 2178  9 
 2179  11 
 2180  9 
 2181  7 
 2182  8 
 2183  11 
 2184  6 
 2185  3 
 2186  7 
 2187  4 
 2188  4 
 2189  7 
 2190  5 
 2191  7 
 2192  7 
 2193  8 
 2194  9 
 2195  7 
 2196  10 
 2197  6 
 2198  5 
 2199  5 
 2200  5 
 2201  4 
 2202  9 
 2203  9 
 2204  10 
 2205  8 
 2206  8 
 2207  5 
 2208  11 
 2209  6 
 2210  4 
 2211  3 
 2212  11 
 2213  6 
 2214  4 
 2215  7 
 2216  4 
 2217  10 
 2218  7 
 2219  2 
 2220  7 
 2221  3 
 2222  10 
 2223  10 
 2224  4 
 2225  7 
 2226  3 
 2227  9 
 2228  4 
 2229  14 
 2230  7 
 2231  10 
 2232  8 
 2233  4 
 2234  9 
 2235  9 
 2236  10 
 2237  3 
 2238  3 
 2239  8 
 2240  8 
 2241  9 
 2242  2 
 2243  10 
 2244  2 
 2245  7 
 2246  5 
 2247  5 
 2248  3 
 2249  6 
 2250  10 
 2251  12 
 2252  9 
 2253  7 
 2254  7 
 2255  5 
 2256  5 
 2257  11 
 2258  3 
 2259  3 
 2260  5 
 2261  3 
 2262  6 
 2263  5 
 2264  6 
 2265  9 
 2266  11 
 2267  8 
 2268  8 
 2269  5 
 2270  6 
 2271  4 
 2272  6 
 2273  4 
 2274  9 
 2275  5 
 2276  5 
 2277  7 
 2278  7 
 2279  3 
 2280  1 
 2281  2 
 2282  7 
 2283  9 
 2284  6 
 2285  5 
 2286  8 
 2287  2 
 2288  7 
 2289  9 
 2290  9 
 2291  9 
 2292  3 
 2293  4 
 2294  4 
 2295  7 
 2296  3 
 2297  3 
 2298  12 
 2299  9 
 2300  8 
 2301  8 
 2302  10 
 2303  5 
 2304  6 
 2305  5 
 2306  4 
 2307  11 
 2308  2 
 2309  6 
 2310  11 
 2311  4 
 2312  2 
 2313  8 
 2314  4 
 2315  8 
 2316  5 
 2317  12 
 2318  6 
 2319  7 
 2320  7 
 2321  8 
 2322  5 
 2323  4 
 2324  7 
 2325  9 
 2326  4 
 2327  4 
 2328  6 
 2329  3 
 2330  8 
 2331  5 
 2332  5 
 2333  1 
 2334  10 
 2335  5 
 2336  4 
 2337  5 
 2338  9 
 2339  3 
 2340  12 
 2341  8 
 2342  8 
 2343  7 
 2344  5 
 2345  7 
 2346  2 
 2347  9 
 2348  7 
 2349  9 
 2350  3 
 2351  11 
 2352  4 
 2353  10 
 2354  10 
 2355  9 
 2356  4 
 2357  8 
 2358  6 
 2359  3 
 2360  7 
 2361  6 
 2362  5 
 2363  2 
 2364  5 
 2365  8 
 2366  4 
 2367  5 
 2368  5 
 2369  8 
 2370  9 
 2371  4 
 2372  4 
 2373  6 
 2374  7 
 2375  8 
 2376  9 
 2377  6 
 2378  13 
 2379  10 
 2380  8 
 2381  7 
 2382  3 
 2383  12 
 2384  8 
 2385  7 
 2386  3 
 2387  7 
 2388  3 
 2389  9 
 2390  6 
 2391  5 
 2392  4 
 2393  9 
 2394  11 
 2395  6 
 2396  12 
 2397  3 
 2398  7 
 2399  8 
 2400  7 
 2401  5 
 2402  4 
 2403  8 
 2404  13 
 2405  8 
 2406  2 
 2407  7 
 2408  7 
 2409  6 
 2410  6 
 2411  8 
 2412  9 
 2413  0 
 2414  9 
 2415  9 
 2416  6 
 2417  8 
 2418  4 
 2419  5 
 2420  5 
 2421  13 
 2422  5 
 2423  6 
 2424  6 
 2425  9 
 2426  7 
 2427  7 
 2428  8 
 2429  7 
 2430  4 
 2431  7 
 2432  10 
 2433  2 
 2434  4 
 2435  4 
 2436  5 
 2437  4 
 2438  5 
 2439  8 
 2440  6 
 2441  5 
 2442  8 
 2443  9 
 2444  8 
 2445  3 
 2446  8 
 2447  6 
 2448  6 
 2449  9 
 2450  4 
 2451  5 
 2452  4 
 2453  11 
 2454  6 
 2455  4 
 2456  4 
 2457  7 
 2458  8 
 2459  6 
 2460  4 
 2461  8 
 2462  10 
 2463  7 
 2464  8 
 2465  4 
 2466  9 
 2467  3 
 2468  12 
 2469  9 
 2470  4 
 2471  4 
 2472  7 
 2473  7 
 2474  6 
 2475  6 
 2476  5 
 2477  2 
 2478  6 
 2479  10 
 2480  10 
 2481  9 
 2482  6 
 2483  3 
 2484  4 
 2485  4 
 2486  5 
 2487  4 
 2488  5 
 2489  7 
 2490  5 
 2491  6 
 2492  5 
 2493  7 
 2494  7 
 2495  6 
 2496  9 
 2497  6 
 2498  3 
 2499  5 
 2500  5 
 2501  3 
 2502  5 
 2503  4 
 2504  5 
 2505  4 
 2506  2 
 2507  7 
 2508  8 
 2509  9 
 2510  8 
 2511  4 
 2512  4 
 2513  9 
 2514  10 
 2515  6 
 2516  6 
 2517  6 
 2518  7 
 2519  3 
 2520  8 
 2521  6 
 2522  4 
 2523  8 
 2524  6 
 2525  8 
 2526  8 
 2527  2 
 2528  6 
 2529  9 
 2530  4 
 2531  9 
 2532  8 
 2533  6 
 2534  7 
 2535  5 
 2536  2 
 2537  7 
 2538  7 
 2539  8 
 2540  5 
 2541  4 
 2542  4 
 2543  8 
 2544  9 
 2545  6 
 2546  5 
 2547  6 
 2548  10 
 2549  2 
 2550  6 
 2551  9 
 2552  6 
 2553  3 
 2554  4 
 2555  5 
 2556  7 
 2557  7 
 2558  4 
 2559  9 
 2560  7 
 2561  7 
 2562  4 
 2563  5 
 2564  2 
 2565  6 
 2566  7 
 2567  6 
 2568  5 
 2569  6 
 2570  10 
 2571  6 
 2572  4 
 2573  2 
 2574  6 
 2575  5 
 2576  8 
 2577  4 
 2578  10 
 2579  3 
 2580  7 
 2581  5 
 2582  9 
 2583  4 
 2584  8 
 2585  5 
 2586  3 
 2587  4 
 2588  7 
 2589  11 
 2590  7 
 2591  4 
 2592  7 
 2593  6 
 2594  7 
 2595  7 
 2596  5 
 2597  8 
 2598  12 
 2599  6 
 2600  3 
 2601  6 
 2602  7 
 2603  5 
 2604  8 
 2605  2 
 2606  6 
 2607  3 
 2608  5 
 2609  7 
 2610  6 
 2611  4 
 2612  7 
 2613  8 
 2614  6 
 2615  3 
 2616  5 
 2617  6 
 2618  4 
 2619  6 
 2620  8 
 2621  2 
 2622  10 
 2623  8 
 2624  6 
 2625  6 
 2626  7 
 2627  4 
 2628  11 
 2629  6 
 2630  3 
 2631  3 
 2632  9 
 2633  9 
 2634  11 
 2635  3 
 2636  5 
 2637  6 
 2638  4 
 2639  8 
 2640  2 
 2641  8 
 2642  7 
 2643  7 
 2644  3 
 2645  3 
 2646  12 
 2647  4 
 2648  8 
 2649  11 
 2650  5 
 2651  6 
 2652  8 
 2653  5 
 2654  2 
 2655  6 
 2656  3 
 2657  3 
 2658  3 
 2659  6 
 2660  5 
 2661  11 
 2662  4 
 2663  5 
 2664  6 
 2665  5 
 2666  10 
 2667  4 
 2668  7 
 2669  1 
 2670  6 
 2671  6 
 2672  5 
 2673  6 
 2674  2 
 2675  2 
 2676  6 
 2677  3 
 2678  2 
 2679  9 
 2680  5 
 2681  8 
 2682  4 
 2683  10 
 2684  10 
 2685  4 
 2686  9 
 2687  2 
 2688  2 
 2689  4 
 2690  6 
 2691  10 
 2692  4 
 2693  7 
 2694  7 
 2695  11 
 2696  3 
 2697  6 
 2698  6 
 2699  6 
 2700  9 
 2701  5 
 2702  6 
 2703  11 
 2704  4 
 2705  8 
 2706  4 
 2707  6 
 2708  6 
 2709  6 
 2710  10 
 2711  4 
 2712  7 
 2713  4 
 2714  6 
 2715  6 
 2716  7 
 2717  4 
 2718  5 
 2719  8 
 2720  8 
 2721  6 
 2722  7 
 2723  3 
 2724  8 
 2725  8 
 2726  12 
 2727  12 
 2728  9 
 2729  7 
 2730  9 
 2731  7 
 2732  8 
 2733  7 
 2734  8 
 2735  6 
 2736  13 
 2737  3 
 2738  11 
 2739  11 
 2740  13 
 2741  14 
 2742  6 
 2743  14 
 2744  17 
 2745  10 
 2746  9 
 2747  12 
 2748  16 
 2749  8 
 2750  10 
 2751  6 
 2752  13 
 2753  9 
 2754  17 
 2755  8 
 2756  11 
 2757  7 
 2758  17 
 2759  17 
 2760  14 
 2761  14 
 2762  16 
 2763  11 
 2764  11 
 2765  14 
 2766  8 
 2767  10 
 2768  11 
 2769  10 
 2770  10 
 2771  15 
 2772  12 
 2773  7 
 2774  14 
 2775  8 
 2776  16 
 2777  8 
 2778  10 
 2779  8 
 2780  13 
 2781  11 
 2782  6 
 2783  10 
 2784  8 
 2785  8 
 2786  7 
 2787  12 
 2788  4 
 2789  11 
 2790  15 
 2791  10 
 2792  11 
 2793  4 
 2794  9 
 2795  6 
 2796  3 
 2797  5 
 2798  7 
 2799  8 
 2800  6 
 2801  14 
 2802  5 
 2803  3 
 2804  5 
 2805  3 
 2806  3 
 2807  2 
 2808  7 
 2809  11 
 2810  11 
 2811  6 
 2812  4 
 2813  4 
 2814  8 
 2815  8 
 2816  4 
 2817  5 
 2818  5 
 2819  3 
 2820  4 
 2821  5 
 2822  8 
 2823  3 
 2824  8 
 2825  4 
 2826  6 
 2827  6 
 2828  8 
 2829  7 
 2830  6 
 2831  6 
 2832  13 
 2833  7 
 2834  8 
 2835  6 
 2836  3 
 2837  5 
 2838  5 
 2839  4 
 2840  6 
 2841  6 
 2842  6 
 2843  4 
 2844  8 
 2845  5 
 2846  4 
 2847  7 
 2848  4 
 2849  5 
 2850  7 
 2851  13 
 2852  3 
 2853  11 
 2854  4 
 2855  3 
 2856  6 
 2857  12 
 2858  5 
 2859  3 
 2860  2 
 2861  12 
 2862  7 
 2863  10 
 2864  9 
 2865  8 
 2866  5 
 2867  6 
 2868  2 
 2869  8 
 2870  5 
 2871  4 
 2872  3 
 2873  5 
 2874  6 
 2875  9 
 2876  3 
 2877  2 
 2878  9 
 2879  4 
 2880  3 
 2881  4 
 2882  5 
 2883  1 
 2884  9 
 2885  7 
 2886  12 
 2887  14 
 2888  2 
 2889  10 
 2890  6 
 2891  6 
 2892  6 
 2893  3 
 2894  6 
 2895  4 
 2896  7 
 2897  4 
 2898  2 
 2899  6 
 2900  2 
 2901  8 
 2902  4 
 2903  6 
 2904  6 
 2905  8 
 2906  6 
 2907  4 
 2908  8 
 2909  4 
 2910  6 
 2911  6 
 2912  6 
 2913  9 
 2914  3 
 2915  9 
 2916  5 
 2917  8 
 2918  15 
 2919  5 
 2920  6 
 2921  3 
 2922  3 
 2923  7 
 2924  5 
 2925  6 
 2926  7 
 2927  6 
 2928  3 
 2929  3 
 2930  8 
 2931  3 
 2932  5 
 2933  6 
 2934  7 
 2935  7 
 2936  9 
 2937  7 
 2938  7 
 2939  12 
 2940  4 
 2941  5 
 2942  6 
 2943  3 
 2944  9 
 2945  8 
 2946  7 
 2947  5 
 2948  9 
 2949  8 
 2950  7 
 2951  3 
 2952  6 
 2953  3 
 2954  1 
 2955  8 
 2956  7 
 2957  2 
 2958  5 
 2959  8 
 2960  2 
 2961  4 
 2962  9 
 2963  4 
 2964  4 
 2965  5 
 2966  3 
 2967  3 
 2968  7 
 2969  8 
 2970  5 
 2971  5 
 2972  2 
 2973  8 
 2974  8 
 2975  3 
 2976  11 
 2977  5 
 2978  3 
 2979  8 
 2980  14 
 2981  7 
 2982  11 
 2983  9 
 2984  3 
 2985  6 
 2986  3 
 2987  7 
 2988  4 
 2989  5 
 2990  8 
 2991  4 
 2992  6 
 2993  9 
 2994  1 
 2995  8 
 2996  5 
 2997  5 
 2998  8 
 2999  7 
 3000  10 
 3001  6 
 3002  5 
 3003  2 
 3004  8 
 3005  6 
 3006  5 
 3007  3 
 3008  4 
 3009  6 
 3010  4 
 3011  6 
 3012  7 
 3013  5 
 3014  4 
 3015  7 
 3016  8 
 3017  11 
 3018  5 
 3019  8 
 3020  7 
 3021  5 
 3022  9 
 3023  6 
 3024  8 
 3025  4 
 3026  7 
 3027  6 
 3028  4 
 3029  3 
 3030  5 
 3031  7 
 3032  5 
 3033  8 
 3034  5 
 3035  4 
 3036  2 
 3037  4 
 3038  5 
 3039  5 
 3040  7 
 3041  6 
 3042  7 
 3043  4 
 3044  5 
 3045  7 
 3046  7 
 3047  5 
 3048  8 
 3049  7 
 3050  3 
 3051  4 
 3052  6 
 3053  3 
 3054  9 
 3055  4 
 3056  4 
 3057  6 
 3058  7 
 3059  13 
 3060  4 
 3061  2 
 3062  6 
 3063  7 
 3064  8 
 3065  7 
 3066  7 
 3067  4 
 3068  9 
 3069  10 
 3070  4 
 3071  8 
 3072  5 
 3073  1 
 3074  4 
 3075  5 
 3076  6 
 3077  10 
 3078  7 
 3079  4 
 3080  4 
 3081  4 
 3082  5 
 3083  7 
 3084  3 
 3085  2 
 3086  11 
 3087  5 
 3088  3 
 3089  5 
 3090  8 
 3091  5 
 3092  4 
 3093  6 
 3094  12 
 3095  4 
 3096  3 
 3097  7 
 3098  7 
 3099  3 
 3100  7 
 3101  4 
 3102  4 
 3103  6 
 3104  6 
 3105  7 
 3106  4 
 3107  4 
 3108  8 
 3109  4 
 3110  9 
 3111  11 
 3112  5 
 3113  8 
 3114  3 
 3115  3 
 3116  10 
 3117  6 
 3118  4 
 3119  5 
 3120  4 
 3121  6 
 3122  2 
 3123  7 
 3124  3 
 3125  4 
 3126  6 
 3127  6 
 3128  7 
 3129  6 
 3130  5 
 3131  3 
 3132  9 
 3133  3 
 3134  2 
 3135  9 
 3136  11 
 3137  2 
 3138  6 
 3139  4 
 3140  10 
 3141  8 
 3142  8 
 3143  10 
 3144  9 
 3145  6 
 3146  6 
 3147  8 
 3148  6 
 3149  4 
 3150  7 
 3151  5 
 3152  2 
 3153  4 
 3154  2 
 3155  4 
 3156  5 
 3157  7 
 3158  10 
 3159  3 
 3160  10 
 3161  2 
 3162  6 
 3163  4 
 3164  6 
 3165  5 
 3166  4 
 3167  5 
 3168  8 
 3169  13 
 3170  4 
 3171  7 
 3172  5 
 3173  5 
 3174  6 
 3175  4 
 3176  2 
 3177  5 
 3178  6 
 3179  5 
 3180  6 
 3181  3 
 3182  5 
 3183  2 
 3184  3 
 3185  7 
 3186  3 
 3187  9 
 3188  6 
 3189  6 
 3190  6 
 3191  5 
 3192  8 
 3193  8 
 3194  4 
 3195  8 
 3196  6 
 3197  7 
 3198  4 
 3199  5 
 3200  8 
 3201  6 
 3202  1 
 3203  7 
 3204  7 
 3205  6 
 3206  7 
 3207  13 
 3208  9 
 3209  10 
 3210  8 
 3211  4 
 3212  6 
 3213  4 
 3214  7 
 3215  6 
 3216  4 
 3217  5 
 3218  12 
 3219  2 
 3220  5 
 3221  6 
 3222  5 
 3223  8 
 3224  6 
 3225  6 
 3226  9 
 3227  5 
 3228  5 
 3229  7 
 3230  10 
 3231  1 
 3232  10 
 3233  6 
 3234  7 
 3235  7 
 3236  5 
 3237  4 
 3238  9 
 3239  6 
 3240  5 
 3241  4 
 3242  7 
 3243  10 
 3244  5 
 3245  5 
 3246  4 
 3247  3 
 3248  7 
 3249  8 
 3250  3 
 3251  5 
 3252  5 
 3253  10 
 3254  4 
 3255  7 
 3256  9 
 3257  3 
 3258  6 
 3259  9 
 3260  1 
 3261  5 
 3262  7 
 3263  3 
 3264  8 
 3265  2 
 3266  4 
 3267  4 
 3268  5 
 3269  9 
 3270  3 
 3271  4 
 3272  2 
 3273  7 
 3274  7 
 3275  6 
 3276  5 
 3277  5 
 3278  3 
 3279  6 
 3280  5 
 3281  7 
 3282  6 
 3283  7 
 3284  9 
 3285  6 
 3286  3 
 3287  12 
 3288  4 
 3289  5 
 3290  4 
 3291  6 
 3292  6 
 3293  7 
 3294  6 
 3295  1 
 3296  6 
 3297  9 
 3298  5 
 3299  8 
 3300  3 
 3301  7 
 3302  5 
 3303  10 
 3304  12 
 3305  5 
 3306  7 
 3307  10 
 3308  6 
 3309  7 
 3310  6 
 3311  8 
 3312  13 
 3313  6 
 3314  4 
 3315  4 
 3316  9 
 3317  9 
 3318  11 
 3319  4 
 3320  6 
 3321  1 
 3322  7 
 3323  5 
 3324  7 
 3325  4 
 3326  8 
 3327  9 
 3328  9 
 3329  5 
 3330  11 
 3331  6 
 3332  6 
 3333  4 
 3334  3 
 3335  4 
 3336  5 
 3337  4 
 3338  5 
 3339  4 
 3340  4 
 3341  7 
 3342  8 
 3343  8 
 3344  13 
 3345  4 
 3346  5 
 3347  3 
 3348  5 
 3349  6 
 3350  7 
 3351  1 
 3352  10 
 3353  10 
 3354  2 
 3355  10 
 3356  5 
 3357  2 
 3358  8 
 3359  6 
 3360  6 
 3361  13 
 3362  5 
 3363  7 
 3364  4 
 3365  5 
 3366  7 
 3367  2 
 3368  7 
 3369  4 
 3370  4 
 3371  4 
 3372  5 
 3373  7 
 3374  5 
 3375  6 
 3376  8 
 3377  5 
 3378  3 
 3379  4 
 3380  12 
 3381  6 
 3382  8 
 3383  3 
 3384  8 
 3385  6 
 3386  6 
 3387  3 
 3388  4 
 3389  7 
 3390  2 
 3391  5 
 3392  8 
 3393  4 
 3394  11 
 3395  7 
 3396  6 
 3397  8 
 3398  8 
 3399  5 
 3400  10 
 3401  4 
 3402  8 
 3403  8 
 3404  6 
 3405  6 
 3406  6 
 3407  9 
 3408  4 
 3409  10 
 3410  7 
 3411  5 
 3412  5 
 3413  8 
 3414  8 
 3415  7 
 3416  7 
 3417  4 
 3418  6 
 3419  9 
 3420  6 
 3421  9 
 3422  9 
 3423  8 
 3424  7 
 3425  5 
 3426  7 
 3427  8 
 3428  7 
 3429  6 
 3430  8 
 3431  5 
 3432  4 
 3433  5 
 3434  4 
 3435  4 
 3436  8 
 3437  10 
 3438  6 
 3439  5 
 3440  6 
 3441  3 
 3442  7 
 3443  3 
 3444  5 
 3445  4 
 3446  5 
 3447  2 
 3448  4 
 3449  6 
 3450  11 
 3451  5 
 3452  7 
 3453  12 
 3454  4 
 3455  5 
 3456  4 
 3457  4 
 3458  6 
 3459  6 
 3460  6 
 3461  6 
 3462  11 
 3463  6 
 3464  6 
 3465  6 
 3466  9 
 3467  4 
 3468  7 
 3469  7 
 3470  6 
 3471  6 
 3472  9 
 3473  7 
 3474  10 
 3475  7 
 3476  5 
 3477  9 
 3478  5 
 3479  9 
 3480  9 
 3481  6 
 3482  9 
 3483  9 
 3484  7 
 3485  11 
 3486  4 
 3487  3 
 3488  9 
 3489  8 
 3490  9 
 3491  9 
 3492  2 
 3493  3 
 3494  5 
 3495  7 
 3496  8 
 3497  19 
 3498  6 
 3499  8 
 3500  14 
 3501  11 
 3502  10 
 3503  10 
 3504  10 
 3505  12 
 3506  16 
 3507  16 
 3508  15 
 3509  11 
 3510  15 
 3511  12 
 3512  20 
 3513  9 
 3514  11 
 3515  20 
 3516  20 
 3517  16 
 3518  20 
 3519  19 
 3520  21 
 3521  13 
 3522  20 
 3523  24 
 3524  13 
 3525  18 
 3526  8 
 3527  24 
 3528  19 
 3529  18 
 3530  16 
 3531  24 
 3532  24 
 3533  16 
 3534  14 
 3535  25 
 3536  17 
 3537  18 
 3538  15 
 3539  15 
 3540  18 
 3541  15 
 3542  13 
 3543  27 
 3544  17 
 3545  16 
 3546  10 
 3547  10 
 3548  11 
 3549  14 
 3550  24 
 3551  7 
 3552  7 
 3553  12 
 3554  11 
 3555  12 
 3556  14 
 3557  14 
 3558  13 
 3559  7 
 3560  6 
 3561  13 
 3562  9 
 3563  7 
 3564  13 
 3565  10 
 3566  3 
 3567  6 
 3568  13 
 3569  4 
 3570  7 
 3571  8 
 3572  3 
 3573  5 
 3574  7 
 3575  11 
 3576  11 
 3577  6 
 3578  8 
 3579  9 
 3580  8 
 3581  7 
 3582  14 
 3583  9 
 3584  11 
 3585  9 
 3586  11 
 3587  6 
 3588  7 
 3589  10 
 3590  16 
 3591  13 
 3592  11 
 3593  9 
 3594  17 
 3595  12 
 3596  9 
 3597  7 
 3598  16 
 3599  13 
 3600  17 
 3601  21 
 3602  20 
 3603  16 
 3604  22 
 3605  27 
 3606  16 
 3607  27 
 3608  25 
 3609  28 
 3610  29 
 3611  36 
 3612  25 
 3613  33 
 3614  26 
 3615  33 
 3616  35 
 3617  27 
 3618  45 
 3619  42 
 3620  41 
 3621  46 
 3622  43 
 3623  49 
 3624  45 
 3625  44 
 3626  52 
 3627  50 
 3628  47 
 3629  51 
 3630  43 
 3631  50 
 3632  51 
 3633  46 
 3634  79 
 3635  62 
 3636  56 
 3637  57 
 3638  54 
 3639  58 
 3640  73 
 3641  74 
 3642  51 
 3643  66 
 3644  56 
 3645  58 
 3646  58 
 3647  74 
 3648  53 
 3649  66 
 3650  47 
 3651  48 
 3652  35 
 3653  40 
 3654  42 
 3655  38 
 3656  38 
 3657  42 
 3658  38 
 3659  38 
 3660  31 
 3661  32 
 3662  27 
 3663  34 
 3664  17 
 3665  25 
 3666  16 
 3667  17 
 3668  17 
 3669  15 
 3670  16 
 3671  13 
 3672  13 
 3673  11 
 3674  16 
 3675  11 
 3676  8 
 3677  16 
 3678  7 
 3679  14 
 3680  11 
 3681  10 
 3682  10 
 3683  3 
 3684  5 
 3685  4 
 3686  12 
 3687  8 
 3688  7 
 3689  6 
 3690  5 
 3691  2 
 3692  8 
 3693  9 
 3694  10 
 3695  10 
 3696  9 
 3697  7 
 3698  7 
 3699  6 
 3700  12 
 3701  8 
 3702  7 
 3703  3 
 3704  4 
 3705  13 
 3706  8 
 3707  5 
 3708  6 
 3709  8 
 3710  5 
 3711  3 
 3712  4 
 3713  5 
 3714  3 
 3715  4 
 3716  4 
 3717  6 
 3718  9 
 3719  6 
 3720  9 
 3721  6 
 3722  6 
 3723  6 
 3724  7 
 3725  2 
 3726  2 
 3727  7 
 3728  5 
 3729  7 
 3730  8 
 3731  9 
 3732  7 
 3733  6 
 3734  1 
 3735  5 
 3736  8 
 3737  8 
 3738  5 
 3739  4 
 3740  5 
 3741  4 
 3742  5 
 3743  5 
 3744  7 
 3745  6 
 3746  7 
 3747  8 
 3748  7 
 3749  9 
 3750  4 
 3751  8 
 3752  7 
 3753  6 
 3754  7 
 3755  3 
 3756  7 
 3757  5 
 3758  7 
 3759  9 
 3760  6 
 3761  7 
 3762  6 
 3763  5 
 3764  3 
 3765  8 
 3766  7 
 3767  3 
 3768  10 
 3769  2 
 3770  9 
 3771  11 
 3772  16 
 3773  5 
 3774  11 
 3775  12 
 3776  7 
 3777  7 
 3778  6 
 3779  4 
 3780  6 
 3781  8 
 3782  6 
 3783  7 
 3784  5 
 3785  6 
 3786  4 
 3787  4 
 3788  6 
 3789  4 
 3790  6 
 3791  8 
 3792  6 
 3793  6 
 3794  11 
 3795  7 
 3796  3 
 3797  6 
 3798  10 
 3799  10 
 3800  10 
 3801  7 
 3802  9 
 3803  5 
 3804  5 
 3805  5 
 3806  5 
 3807  5 
 3808  7 
 3809  1 
 3810  7 
 3811  4 
 3812  8 
 3813  7 
 3814  7 
 3815  7 
 3816  5 
 3817  6 
 3818  12 
 3819  7 
 3820  9 
 3821  4 
 3822  4 
 3823  6 
 3824  10 
 3825  9 
 3826  4 
 3827  10 
 3828  8 
 3829  9 
 3830  8 
 3831  6 
 3832  7 
 3833  10 
 3834  11 
 3835  9 
 3836  7 
 3837  7 
 3838  12 
 3839  6 
 3840  7 
 3841  6 
 3842  13 
 3843  11 
 3844  13 
 3845  11 
 3846  12 
 3847  9 
 3848  11 
 3849  10 
 3850  13 
 3851  17 
 3852  12 
 3853  8 
 3854  8 
 3855  8 
 3856  10 
 3857  8 
 3858  18 
 3859  9 
 3860  15 
 3861  17 
 3862  9 
 3863  19 
 3864  13 
 3865  14 
 3866  15 
 3867  17 
 3868  28 
 3869  16 
 3870  23 
 3871  19 
 3872  26 
 3873  14 
 3874  26 
 3875  30 
 3876  37 
 3877  55 
 3878  35 
 3879  38 
 3880  64 
 3881  48 
 3882  47 
 3883  76 
 3884  65 
 3885  70 
 3886  79 
 3887  76 
 3888  106 
 3889  81 
 3890  88 
 3891  116 
 3892  107 
 3893  111 
 3894  121 
 3895  139 
 3896  139 
 3897  143 
 3898  171 
 3899  181 
 3900  234 
 3901  208 
 3902  258 
 3903  239 
 3904  309 
 3905  345 
 3906  302 
 3907  366 
 3908  383 
 3909  409 
 3910  482 
 3911  509 
 3912  582 
 3913  636 
 3914  688 
 3915  732 
 3916  772 
 3917  886 
 3918  950 
 3919  1047 
 3920  1120 
 3921  1235 
 3922  1240 
 3923  1339 
 3924  1521 
 3925  1600 
 3926  1718 
 3927  1822 
 3928  1941 
 3929  2043 
 3930  2077 
 3931  2155 
 3932  2145 
 3933  2070 
 3934  2197 
 3935  2254 
 3936  2287 
 3937  2191 
 3938  2186 
 3939  2057 
 3940  2007 
 3941  2023 
 3942  1872 
 3943  1810 
 3944  1714 
 3945  1604 
 3946  1490 
 3947  1359 
 3948  1269 
 3949  1209 
 3950  1057 
 3951  866 
 3952  842 
 3953  724 
 3954  669 
 3955  594 
 3956  508 
 3957  444 
 3958  383 
 3959  359 
 3960  293 
 3961  234 
 3962  229 
 3963  169 
 3964  155 
 3965  142 
 3966  117 
 3967  83 
 3968  81 
 3969  61 
 3970  69 
 3971  47 
 3972  50 
 3973  50 
 3974  51 
 3975  45 
 3976  33 
 3977  30 
 3978  28 
 3979  27 
 3980  22 
 3981  26 
 3982  27 
 3983  17 
 3984  19 
 3985  16 
 3986  20 
 3987  20 
 3988  9 
 3989  18 
 3990  16 
 3991  21 
 3992  12 
 3993  7 
 3994  12 
 3995  14 
 3996  10 
 3997  14 
 3998  13 
 3999  11 
 4000  15 
 4001  8 
 4002  12 
 4003  17 
 4004  9 
 4005  3 
 4006  12 
 4007  20 
 4008  19 
 4009  11 
 4010  11 
 4011  18 
 4012  24 
 4013  17 
 4014  21 
 4015  17 
 4016  26 
 4017  20 
 4018  30 
 4019  38 
 4020  31 
 4021  27 
 4022  35 
 4023  41 
 4024  48 
 4025  41 
 4026  51 
 4027  53 
 4028  54 
 4029  58 
 4030  81 
 4031  62 
 4032  69 
 4033  83 
 4034  82 
 4035  97 
 4036  73 
 4037  88 
 4038  71 
 4039  83 
 4040  92 
 4041  97 
 4042  91 
 4043  86 
 4044  85 
 4045  72 
 4046  83 
 4047  78 
 4048  70 
 4049  59 
 4050  58 
 4051  46 
 4052  44 
 4053  53 
 4054  39 
 4055  31 
 4056  41 
 4057  21 
 4058  21 
 4059  20 
 4060  15 
 4061  17 
 4062  11 
 4063  13 
 4064  7 
 4065  12 
 4066  8 
 4067  8 
 4068  7 
 4069  11 
 4070  2 
 4071  7 
 4072  3 
 4073  5 
 4074  7 
 4075  2 
 4076  7 
 4077  7 
 4078  3 
 4079  5 
 4080  5 
 4081  3 
 4082  3 
 4083  5 
 4084  3 
 4085  8 
 4086  3 
 4087  1 
 4088  3 
 4089  6 
 4090  6 
 4091  5 
 4092  1 
 4093  4 
 4094  1 
 4095  6 
 4096  2 
 4097  2 
 4098  4 
 4099  4 
 4100  4 
 4101  2 
 4102  6 
 4103  8 
 4104  4 
 4105  4 
 4106  1 
 4107  3 
 4108  4 
 4109  5 
 4110  10 
 4111  4 
 4112  4 
 4113  6 
 4114  7 
 4115  3 
 4116  6 
 4117  9 
 4118  9 
 4119  5 
 4120  7 
 4121  8 
 4122  7 
 4123  8 
 4124  7 
 4125  6 
 4126  7 
 4127  6 
 4128  11 
 4129  7 
 4130  14 
 4131  11 
 4132  7 
 4133  12 
 4134  17 
 4135  11 
 4136  12 
 4137  16 
 4138  16 
 4139  16 
 4140  16 
 4141  17 
 4142  13 
 4143  22 
 4144  22 
 4145  13 
 4146  26 
 4147  25 
 4148  24 
 4149  25 
 4150  26 
 4151  38 
 4152  54 
 4153  44 
 4154  38 
 4155  54 
 4156  73 
 4157  81 
 4158  75 
 4159  77 
 4160  104 
 4161  88 
 4162  132 
 4163  117 
 4164  130 
 4165  143 
 4166  175 
 4167  163 
 4168  214 
 4169  218 
 4170  216 
 4171  253 
 4172  281 
 4173  289 
 4174  339 
 4175  339 
 4176  364 
 4177  388 
 4178  430 
 4179  389 
 4180  486 
 4181  487 
 4182  524 
 4183  586 
 4184  529 
 4185  563 
 4186  637 
 4187  655 
 4188  689 
 4189  721 
 4190  738 
 4191  800 
 4192  817 
 4193  829 
 4194  835 
 4195  896 
 4196  883 
 4197  906 
 4198  936 
 4199  952 
 4200  949 
 4201  1018 
 4202  978 
 4203  997 
 4204  987 
 4205  992 
 4206  972 
 4207  966 
 4208  998 
 4209  933 
 4210  946 
 4211  911 
 4212  836 
 4213  843 
 4214  813 
 4215  733 
 4216  706 
 4217  663 
 4218  615 
 4219  601 
 4220  576 
 4221  547 
 4222  450 
 4223  421 
 4224  392 
 4225  343 
 4226  290 
 4227  311 
 4228  231 
 4229  192 
 4230  196 
 4231  183 
 4232  134 
 4233  133 
 4234  107 
 4235  107 
 4236  94 
 4237  74 
 4238  60 
 4239  57 
 4240  39 
 4241  31 
 4242  30 
 4243  37 
 4244  16 
 4245  20 
 4246  26 
 4247  14 
 4248  14 
 4249  16 
 4250  7 
 4251  13 
 4252  11 
 4253  9 
 4254  17 
 4255  12 
 4256  17 
 4257  14 
 4258  16 
 4259  17 
 4260  15 
 4261  19 
 4262  13 
 4263  14 
 4264  20 
 4265  30 
 4266  25 
 4267  39 
 4268  32 
 4269  30 
 4270  39 
 4271  45 
 4272  45 
 4273  65 
 4274  62 
 4275  72 
 4276  75 
 4277  90 
 4278  81 
 4279  95 
 4280  102 
 4281  109 
 4282  112 
 4283  94 
 4284  115 
 4285  123 
 4286  118 
 4287  123 
 4288  100 
 4289  112 
 4290  110 
 4291  107 
 4292  82 
 4293  101 
 4294  97 
 4295  86 
 4296  98 
 4297  77 
 4298  69 
 4299  54 
 4300  49 
 4301  48 
 4302  45 
 4303  50 
 4304  34 
 4305  43 
 4306  24 
 4307  32 
 4308  14 
 4309  26 
 4310  20 
 4311  22 
 4312  19 
 4313  15 
 4314  15 
 4315  19 
 4316  7 
 4317  7 
 4318  17 
 4319  18 
 4320  15 
 4321  12 
 4322  17 
 4323  21 
 4324  12 
 4325  16 
 4326  18 
 4327  14 
 4328  17 
 4329  15 
 4330  18 
 4331  15 
 4332  18 
 4333  16 
 4334  12 
 4335  15 
 4336  11 
 4337  18 
 4338  12 
 4339  19 
 4340  16 
 4341  12 
 4342  10 
 4343  11 
 4344  9 
 4345  8 
 4346  16 
 4347  14 
 4348  10 
 4349  5 
 4350  4 
 4351  10 
 4352  4 
 4353  4 
 4354  2 
 4355  2 
 4356  1 
 4357  1 
 4358  1 
 4359  2 
 4360  1 
 4361  3 
 4362  4 
 4363  0 
 4364  1 
 4365  1 
 4366  0 
 4367  0 
 4368  2 
 4369  1 
 4370  2 
 4371  1 
 4372  0 
 4373  1 
 4374  0 
 4375  0 
 4376  0 
 4377  0 
 4378  0 
 4379  0 
 4380  0 
 4381  0 
 4382  0 
 4383  0 
 4384  1 
 4385  0 
 4386  0 
 4387  1 
 4388  0 
 4389  0 
 4390  0 
 4391  0 
 4392  0 
 4393  0 
 4394  0 
 4395  0 
 4396  0 
 4397  0 
 4398  0 
 4399  0 
 4400  0 
 4401  1 
 4402  0 
 4403  0 
 4404  1 
 4405  0 
 4406  0 
 4407  0 
 4408  0 
 4409  0 
 4410  0 
 4411  0 
 4412  0 
 4413  0 
 4414  0 
 4415  0 
 4416  0 
 4417  0 
 4418  0 
 4419  0 
 4420  0 
 4421  1 
 4422  0 
 4423  0 
 4424  0 
 4425  0 
 4426  0 
 4427  0 
 4428  0 
 4429  0 
 4430  1 
 4431  0 
 4432  0 
 4433  1 
 4434  0 
 4435  0 
 4436  0 
 4437  0 
 4438  1 
 4439  0 
 4440  0 
 4441  0 
 4442  0 
 4443  0 
 4444  0 
 4445  1 
 4446  0 
 4447  0 
 4448  0 
 4449  0 
 4450  1 
 4451  0 
 4452  0 
 4453  0 
 4454  0 
 4455  0 
 4456  0 
 4457  0 
 4458  0 
 4459  0 
 4460  2 
 4461  0 
 4462  0 
 4463  0 
 4464  0 
 4465  0 
 4466  0 
 4467  1 
 4468  0 
 4469  1 
 4470  0 
 4471  0 
 4472  0 
 4473  1 
 4474  0 
 4475  0 
 4476  0 
 4477  0 
 4478  1 
 4479  0 
 4480  0 
 4481  0 
 4482  0 
 4483  0 
 4484  0 
 4485  0 
 4486  0 
 4487  0 
 4488  0 
 4489  0 
 4490  0 
 4491  0 
 4492  0 
 4493  1 
 4494  0 
 4495  0 
 4496  0 
 4497  0 
 4498  1 
 4499  0 
 4500  0 
 4501  0 
 4502  0 
 4503  0 
 4504  0 
 4505  0 
 4506  1 
 4507  0 
 4508  0 
 4509  0 
 4510  0 
 4511  0 
 4512  0 
 4513  0 
 4514  0 
 4515  0 
 4516  0 
 4517  0 
 4518  0 
 4519  0 
 4520  0 
 4521  0 
 4522  0 
 4523  0 
 4524  0 
 4525  0 
 4526  0 
 4527  0 
 4528  0 
 4529  0 
 4530  0 
 4531  0 
 4532  0 
 4533  0 
 4534  0 
 4535  0 
 4536  0 
 4537  0 
 4538  0 
 4539  0 
 4540  0 
 4541  0 
 4542  0 
 4543  0 
 4544  0 
 4545  0 
 4546  0 
 4547  0 
 4548  0 
 4549  0 
 4550  0 
 4551  0 
 4552  0 
 4553  0 
 4554  0 
 4555  0 
 4556  0 
 4557  0 
 4558  0 
 4559  0 
 4560  0 
 4561  0 
 4562  0 
 4563  0 
 4564  0 
 4565  1 
 4566  0 
 4567  0 
 4568  0 
 4569  0 
 4570  0 
 4571  0 
 4572  0 
 4573  0 
 4574  0 
 4575  0 
 4576  0 
 4577  1 
 4578  1 
 4579  0 
 4580  0 
 4581  0 
 4582  0 
 4583  0 
 4584  0 
 4585  0 
 4586  0 
 4587  0 
 4588  0 
 4589  0 
 4590  0 
 4591  0 
 4592  0 
 4593  0 
 4594  0 
 4595  0 
 4596  0 
 4597  0 
 4598  0 
 4599  0 
 4600  0 
 4601  0 
 4602  0 
 4603  0 
 4604  0 
 4605  0 
 4606  0 
 4607  0 
 4608  0 
 4609  0 
 4610  0 
 4611  0 
 4612  0 
 4613  0 
 4614  1 
 4615  1 
 4616  0 
 4617  0 
 4618  0 
 4619  0 
 4620  0 
 4621  0 
 4622  0 
 4623  0 
 4624  0 
 4625  0 
 4626  0 
 4627  1 
 4628  1 
 4629  0 
 4630  0 
 4631  0 
 4632  0 
 4633  0 
 4634  0 
 4635  0 
 4636  0 
 4637  0 
 4638  0 
 4639  0 
 4640  0 
 4641  0 
 4642  0 
 4643  0 
 4644  0 
 4645  0 
 4646  0 
 4647  0 
 4648  0 
 4649  0 
 4650  0 
 4651  0 
 4652  0 
 4653  0 
 4654  0 
 4655  0 
 4656  2 
 4657  0 
 4658  0 
 4659  0 
 4660  0 
 4661  0 
 4662  0 
 4663  0 
 4664  0 
 4665  0 
 4666  0 
 4667  0 
 4668  0 
 4669  0 
 4670  0 
 4671  0 
 4672  0 
 4673  0 
 4674  0 
 4675  0 
 4676  0 
 4677  0 
 4678  0 
 4679  0 
 4680  0 
 4681  0 
 4682  0 
 4683  0 
 4684  0 
 4685  0 
 4686  0 
 4687  0 
 4688  0 
 4689  0 
 4690  0 
 4691  0 
 4692  0 
 4693  0 
 4694  0 
 4695  0 
 4696  0 
 4697  0 
 4698  0 
 4699  0 
 4700  0 
 4701  0 
 4702  0 
 4703  0 
 4704  0 
 4705  0 
 4706  0 
 4707  0 
 4708  0 
 4709  0 
 4710  0 
 4711  1 
 4712  0 
 4713  0 
 4714  0 
 4715  0 
 4716  0 
 4717  0 
 4718  0 
 4719  0 
 4720  0 
 4721  0 
 4722  0 
 4723  0 
 4724  0 
 4725  1 
 4726  0 
 4727  0 
 4728  0 
 4729  0 
 4730  0 
 4731  0 
 4732  0 
 4733  0 
 4734  0 
 4735  0 
 4736  0 
 4737  0 
 4738  0 
 4739  0 
 4740  0 
 4741  0 
 4742  0 
 4743  0 
 4744  0 
 4745  1 
 4746  0 
 4747  0 
 4748  0 
 4749  0 
 4750  0 
 4751  0 
 4752  0 
 4753  0 
 4754  0 
 4755  0 
 4756  0 
 4757  1 
 4758  0 
 4759  0 
 4760  0 
 4761  0 
 4762  0 
 4763  0 
 4764  1 
 4765  0 
 4766  0 
 4767  0 
 4768  0 
 4769  0 
 4770  0 
 4771  0 
 4772  0 
 4773  0 
 4774  0 
 4775  0 
 4776  0 
 4777  0 
 4778  0 
 4779  0 
 4780  0 
 4781  1 
 4782  0 
 4783  0 
 4784  0 
 4785  0 
 4786  0 
 4787  0 
 4788  0 
 4789  0 
 4790  0 
 4791  0 
 4792  0 
 4793  1 
 4794  0 
 4795  0 
 4796  0 
 4797  0 
 4798  0 
 4799  0 
 4800  0 
 4801  0 
 4802  0 
 4803  0 
 4804  0 
 4805  0 
 4806  0 
 4807  0 
 4808  0 
 4809  0 
 4810  0 
 4811  0 
 4812  0 
 4813  0 
 4814  0 
 4815  0 
 4816  0 
 4817  0 
 4818  0 
 4819  0 
 4820  0 
 4821  0 
 4822  0 
 4823  0 
 4824  0 
 4825  0 
 4826  0 
 4827  0 
 4828  2 
 4829  0 
 4830  0 
 4831  0 
 4832  0 
 4833  0 
 4834  0 
 4835  0 
 4836  0 
 4837  0 
 4838  0 
 4839  0 
 4840  0 
 4841  0 
 4842  0 
 4843  0 
 4844  0 
 4845  0 
 4846  0 
 4847  0 
 4848  0 
 4849  0 
 4850  0 
 4851  0 
 4852  0 
 4853  0 
 4854  0 
 4855  1 
 4856  0 
 4857  0 
 4858  0 
 4859  0 
 4860  0 
 4861  0 
 4862  0 
 4863  0 
 4864  0 
 4865  0 
 4866  0 
 4867  0 
 4868  0 
 4869  0 
 4870  0 
 4871  0 
 4872  0 
 4873  0 
 4874  0 
 4875  0 
 4876  0 
 4877  0 
 4878  0 
 4879  0 
 4880  0 
 4881  0 
 4882  0 
 4883  0 
 4884  0 
 4885  0 
 4886  0 
 4887  0 
 4888  0 
 4889  0 
 4890  1 
 4891  0 
 4892  0 
 4893  0 
 4894  0 
 4895  0 
 4896  0 
 4897  0 
 4898  0 
 4899  0 
 4900  0 
 4901  0 
 4902  0 
 4903  0 
 4904  0 
 4905  0 
 4906  0 
 4907  0 
 4908  0 
 4909  0 
 4910  0 
 4911  0 
 4912  0 
 4913  1 
 4914  0 
 4915  0 
 4916  0 
 4917  0 
 4918  0 
 4919  0 
 4920  0 
 4921  0 
 4922  0 
 4923  0 
 4924  0 
 4925  1 
 4926  0 
 4927  0 
 4928  0 
 4929  0 
 4930  0 
 4931  0 
 4932  0 
 4933  0 
 4934  0 
 4935  0 
 4936  0 
 4937  1 
 4938  0 
 4939  0 
 4940  0 
 4941  0 
 4942  0 
 4943  0 
 4944  0 
 4945  0 
 4946  0 
 4947  0 
 4948  0 
 4949  0 
 4950  0 
 4951  0 
 4952  0 
 4953  0 
 4954  0 
 4955  0 
 4956  0 
 4957  0 
 4958  0 
 4959  0 
 4960  0 
 4961  0 
 4962  0 
 4963  0 
 4964  0 
 4965  0 
 4966  0 
 4967  0 
 4968  0 
 4969  0 
 4970  0 
 4971  0 
 4972  0 
 4973  0 
 4974  0 
 4975  0 
 4976  0 
 4977  0 
 4978  0 
 4979  0 
 4980  0 
 4981  0 
 4982  0 
 4983  0 
 4984  0 
 4985  0 
 4986  0 
 4987  0 
 4988  0 
 4989  0 
 4990  0 
 4991  0 
 4992  0 
 4993  0 
 4994  0 
 4995  0 
 4996  0 
 4997  0 
 4998  0 
 4999  0 
 5000  0 
 5001  0 
 5002  1 
 5003  0 
 5004  0 
 5005  0 
 5006  0 
 5007  0 
 5008  0 
 5009  0 
 5010  0 
 5011  0 
 5012  0 
 5013  0 
 5014  0 
 5015  0 
 5016  0 
 5017  0 
 5018  0 
 5019  0 
 5020  0 
 5021  0 
 5022  0 
 5023  0 
 5024  0 
 5025  0 
 5026  0 
 5027  0 
 5028  0 
 5029  0 
 5030  0 
 5031  0 
 5032  0 
 5033  0 
 5034  0 
 5035  0 
 5036  0 
 5037  0 
 5038  0 
 5039  0 
 5040  0 
 5041  0 
 5042  0 
 5043  0 
 5044  0 
 5045  0 
 5046  0 
 5047  0 
 5048  0 
 5049  0 
 5050  0 
 5051  0 
 5052  0 
 5053  0 
 5054  0 
 5055  0 
 5056  0 
 5057  0 
 5058  0 
 5059  0 
 5060  1 
 5061  0 
 5062  0 
 5063  0 
 5064  0 
 5065  0 
 5066  0 
 5067  0 
 5068  1 
 5069  0 
 5070  0 
 5071  0 
 5072  0 
 5073  0 
 5074  0 
 5075  0 
 5076  0 
 5077  0 
 5078  0 
 5079  0 
 5080  0 
 5081  0 
 5082  1 
 5083  0 
 5084  0 
 5085  0 
 5086  0 
 5087  0 
 5088  0 
 5089  0 
 5090  0 
 5091  0 
 5092  0 
 5093  0 
 5094  0 
 5095  0 
 5096  0 
 5097  0 
 5098  0 
 5099  0 
 5100  0 
 5101  0 
 5102  0 
 5103  0 
 5104  0 
 5105  0 
 5106  0 
 5107  0 
 5108  0 
 5109  0 
 5110  0 
 5111  0 
 5112  0 
 5113  0 
 5114  0 
 5115  1 
 5116  0 
 5117  0 
 5118  0 
 5119  0 
 5120  0 
 5121  0 
 5122  1 
 5123  0 
 5124  0 
 5125  0 
 5126  0 
 5127  0 
 5128  0 
 5129  0 
 5130  0 
 5131  0 
 5132  0 
 5133  0 
 5134  0 
 5135  0 
 5136  0 
 5137  0 
 5138  0 
 5139  0 
 5140  0 
 5141  0 
 5142  0 
 5143  0 
 5144  0 
 5145  0 
 5146  0 
 5147  0 
 5148  0 
 5149  0 
 5150  0 
 5151  0 
 5152  0 
 5153  0 
 5154  0 
 5155  0 
 5156  0 
 5157  0 
 5158  0 
 5159  0 
 5160  0 
 5161  0 
 5162  0 
 5163  0 
 5164  0 
 5165  0 
 5166  0 
 5167  1 
 5168  0 
 5169  0 
 5170  0 
 5171  0 
 5172  0 
 5173  2 
 5174  0 
 5175  0 
 5176  0 
 5177  0 
 5178  0 
 5179  0 
 5180  0 
 5181  0 
 5182  0 
 5183  0 
 5184  0 
 5185  0 
 5186  0 
 5187  0 
 5188  0 
 5189  0 
 5190  0 
 5191  0 
 5192  0 
 5193  0 
 5194  0 
 5195  0 
 5196  0 
 5197  0 
 5198  0 
 5199  0 
 5200  0 
 5201  0 
 5202  1 
 5203  0 
 5204  0 
 5205  0 
 5206  0 
 5207  0 
 5208  0 
 5209  0 
 5210  0 
 5211  0 
 5212  0 
 5213  0 
 5214  0 
 5215  0 
 5216  0 
 5217  0 
 5218  0 
 5219  0 
 5220  0 
 5221  0 
 5222  0 
 5223  0 
 5224  0 
 5225  0 
 5226  0 
 5227  0 
 5228  0 
 5229  0 
 5230  0 
 5231  0 
 5232  0 
 5233  0 
 5234  0 
 5235  0 
 5236  0 
 5237  0 
 5238  0 
 5239  0 
 5240  0 
 5241  0 
 5242  0 
 5243  0 
 5244  0 
 5245  0 
 5246  0 
 5247  0 
 5248  0 
 5249  0 
 5250  0 
 5251  0 
 5252  0 
 5253  0 
 5254  0 
 5255  0 
 5256  0 
 5257  0 
 5258  0 
 5259  0 
 5260  0 
 5261  0 
 5262  0 
 5263  0 
 5264  0 
 5265  0 
 5266  0 
 5267  0 
 5268  0 
 5269  0 
 5270  0 
 5271  0 
 5272  0 
 5273  0 
 5274  0 
 5275  0 
 5276  0 
 5277  0 
 5278  0 
 5279  0 
 5280  0 
 5281  0 
 5282  0 
 5283  0 
 5284  0 
 5285  0 
 5286  0 
 5287  0 
 5288  0 
 5289  0 
 5290  0 
 5291  0 
 5292  0 
 5293  0 
 5294  0 
 5295  0 
 5296  0 
 5297  1 
 5298  0 
 5299  0 
 5300  0 
 5301  0 
 5302  0 
 5303  0 
 5304  0 
 5305  0 
 5306  0 
 5307  0 
 5308  0 
 5309  0 
 5310  0 
 5311  0 
 5312  0 
 5313  0 
 5314  0 
 5315  0 
 5316  0 
 5317  0 
 5318  0 
 5319  0 
 5320  0 
 5321  0 
 5322  0 
 5323  0 
 5324  0 
 5325  0 
 5326  0 
 5327  0 
 5328  0 
 5329  0 
 5330  0 
 5331  0 
 5332  0 
 5333  0 
 5334  0 
 5335  0 
 5336  0 
 5337  0 
 5338  0 
 5339  0 
 5340  0 
 5341  0 
 5342  0 
 5343  0 
 5344  0 
 5345  0 
 5346  0 
 5347  0 
 5348  0 
 5349  0 
 5350  0 
 5351  0 
 5352  0 
 5353  0 
 5354  0 
 5355  0 
 5356  0 
 5357  0 
 5358  0 
 5359  0 
 5360  0 
 5361  0 
 5362  0 
 5363  0 
 5364  0 
 5365  0 
 5366  0 
 5367  0 
 5368  0 
 5369  0 
 5370  0 
 5371  0 
 5372  0 
 5373  0 
 5374  0 
 5375  0 
 5376  0 
 5377  0 
 5378  0 
 5379  0 
 5380  0 
 5381  0 
 5382  0 
 5383  0 
 5384  0 
 5385  0 
 5386  0 
 5387  0 
 5388  0 
 5389  0 
 5390  0 
 5391  0 
 5392  0 
 5393  0 
 5394  0 
 5395  0 
 5396  0 
 5397  0 
 5398  0 
 5399  0 
 5400  0 
 5401  0 
 5402  0 
 5403  0 
 5404  0 
 5405  0 
 5406  0 
 5407  0 
 5408  0 
 5409  0 
 5410  0 
 5411  0 
 5412  0 
 5413  0 
 5414  0 
 5415  0 
 5416  0 
 5417  0 
 5418  0 
 5419  0 
 5420  0 
 5421  0 
 5422  0 
 5423  0 
 5424  0 
 5425  0 
 5426  0 
 5427  0 
 5428  0 
 5429  0 
 5430  0 
 5431  0 
 5432  0 
 5433  0 
 5434  0 
 5435  0 
 5436  0 
 5437  0 
 5438  0 
 5439  0 
 5440  0 
 5441  0 
 5442  0 
 5443  0 
 5444  0 
 5445  0 
 5446  0 
 5447  0 
 5448  0 
 5449  0 
 5450  0 
 5451  1 
 5452  0 
 5453  0 
 5454  0 
 5455  0 
 5456  0 
 5457  1 
 5458  0 
 5459  0 
 5460  0 
 5461  0 
 5462  0 
 5463  0 
 5464  0 
 5465  0 
 5466  0 
 5467  0 
 5468  0 
 5469  0 
 5470  0 
 5471  0 
 5472  0 
 5473  0 
 5474  0 
 5475  1 
 5476  0 
 5477  0 
 5478  0 
 5479  0 
 5480  0 
 5481  0 
 5482  0 
 5483  0 
 5484  0 
 5485  0 
 5486  0 
 5487  0 
 5488  0 
 5489  0 
 5490  0 
 5491  0 
 5492  0 
 5493  0 
 5494  0 
 5495  0 
 5496  1 
 5497  0 
 5498  0 
 5499  0 
 5500  0 
 5501  0 
 5502  0 
 5503  0 
 5504  0 
 5505  0 
 5506  0 
 5507  0 
 5508  0 
 5509  0 
 5510  1 
 5511  0 
 5512  0 
 5513  0 
 5514  0 
 5515  0 
 5516  0 
 5517  0 
 5518  0 
 5519  0 
 5520  0 
 5521  0 
 5522  0 
 5523  0 
 5524  0 
 5525  0 
 5526  0 
 5527  2 
 5528  0 
 5529  0 
 5530  1 
 5531  0 
 5532  0 
 5533  0 
 5534  0 
 5535  0 
 5536  0 
 5537  0 
 5538  0 
 5539  0 
 5540  0 
 5541  1 
 5542  0 
 5543  0 
 5544  1 
 5545  1 
 5546  0 
 5547  0 
 5548  0 
 5549  0 
 5550  0 
 5551  0 
 5552  0 
 5553  0 
 5554  0 
 5555  0 
 5556  0 
 5557  0 
 5558  0 
 5559  0 
 5560  0 
 5561  0 
 5562  0 
 5563  0 
 5564  1 
 5565  0 
 5566  0 
 5567  0 
 5568  0 
 5569  1 
 5570  0 
 5571  0 
 5572  0 
 5573  0 
 5574  0 
 5575  0 
 5576  0 
 5577  0 
 5578  0 
 5579  0 
 5580  0 
 5581  0 
 5582  0 
 5583  0 
 5584  0 
 5585  0 
 5586  0 
 5587  0 
 5588  0 
 5589  0 
 5590  0 
 5591  0 
 5592  0 
 5593  0 
 5594  0 
 5595  1 
 5596  0 
 5597  0 
 5598  0 
 5599  0 
 5600  0 
 5601  0 
 5602  2 
 5603  2 
 5604  0 
 5605  0 
 5606  0 
 5607  0 
 5608  1 
 5609  1 
 5610  0 
 5611  0 
 5612  1 
 5613  0 
 5614  0 
 5615  0 
 5616  0 
 5617  0 
 5618  0 
 5619  0 
 5620  0 
 5621  0 
 5622  0 
 5623  0 
 5624  0 
 5625  1 
 5626  0 
 5627  0 
 5628  0 
 5629  0 
 5630  0 
 5631  0 
 5632  0 
 5633  0 
 5634  0 
 5635  0 
 5636  0 
 5637  2 
 5638  0 
 5639  0 
 5640  0 
 5641  1 
 5642  0 
 5643  0 
 5644  0 
 5645  1 
 5646  0 
 5647  0 
 5648  0 
 5649  1 
 5650  0 
 5651  0 
 5652  0 
 5653  1 
 5654  0 
 5655  0 
 5656  0 
 5657  0 
 5658  0 
 5659  0 
 5660  0 
 5661  1 
 5662  0 
 5663  0 
 5664  0 
 5665  1 
 5666  1 
 5667  0 
 5668  0 
 5669  1 
 5670  1 
 5671  0 
 5672  0 
 5673  0 
 5674  0 
 5675  0 
 5676  0 
 5677  1 
 5678  0 
 5679  0 
 5680  0 
 5681  0 
 5682  1 
 5683  0 
 5684  0 
 5685  0 
 5686  2 
 5687  0 
 5688  0 
 5689  0 
 5690  0 
 5691  0 
 5692  0 
 5693  2 
 5694  0 
 5695  0 
 5696  0 
 5697  0 
 5698  0 
 5699  0 
 5700  1 
 5701  1 
 5702  0 
 5703  0 
 5704  0 
 5705  0 
 5706  1 
 5707  0 
 5708  0 
 5709  0 
 5710  0 
 5711  0 
 5712  0 
 5713  0 
 5714  4 
 5715  0 
 5716  1 
 5717  1 
 5718  0 
 5719  1 
 5720  0 
 5721  0 
 5722  0 
 5723  0 
 5724  0 
 5725  0 
 5726  0 
 5727  0 
 5728  1 
 5729  1 
 5730  0 
 5731  0 
 5732  0 
 5733  1 
 5734  0 
 5735  0 
 5736  0 
 5737  1 
 5738  0 
 5739  0 
 5740  0 
 5741  0 
 5742  0 
 5743  0 
 5744  0 
 5745  0 
 5746  0 
 5747  1 
 5748  1 
 5749  1 
 5750  0 
 5751  0 
 5752  0 
 5753  1 
 5754  0 
 5755  0 
 5756  0 
 5757  0 
 5758  0 
 5759  0 
 5760  1 
 5761  0 
 5762  1 
 5763  0 
 5764  1 
 5765  0 
 5766  0 
 5767  0 
 5768  0 
 5769  1 
 5770  0 
 5771  0 
 5772  0 
 5773  0 
 5774  0 
 5775  0 
 5776  0 
 5777  0 
 5778  0 
 5779  0 
 5780  0 
 5781  0 
 5782  0 
 5783  0 
 5784  1 
 5785  1 
 5786  0 
 5787  0 
 5788  0 
 5789  0 
 5790  0 
 5791  0 
 5792  0 
 5793  0 
 5794  0 
 5795  0 
 5796  0 
 5797  0 
 5798  0 
 5799  0 
 5800  2 
 5801  0 
 5802  0 
 5803  0 
 5804  0 
 5805  0 
 5806  0 
 5807  0 
 5808  0 
 5809  0 
 5810  1 
 5811  0 
 5812  0 
 5813  1 
 5814  0 
 5815  1 
 5816  0 
 5817  0 
 5818  0 
 5819  1 
 5820  0 
 5821  0 
 5822  0 
 5823  0 
 5824  0 
 5825  0 
 5826  0 
 5827  0 
 5828  0 
 5829  0 
 5830  0 
 5831  0 
 5832  0 
 5833  0 
 5834  0 
 5835  0 
 5836  0 
 5837  0 
 5838  0 
 5839  0 
 5840  1 
 5841  0 
 5842  0 
 5843  0 
 5844  0 
 5845  0 
 5846  0 
 5847  0 
 5848  0 
 5849  0 
 5850  0 
 5851  0 
 5852  0 
 5853  0 
 5854  0 
 5855  0 
 5856  0 
 5857  0 
 5858  0 
 5859  0 
 5860  0 
 5861  0 
 5862  0 
 5863  0 
 5864  0 
 5865  0 
 5866  0 
 5867  0 
 5868  0 
 5869  0 
 5870  0 
 5871  0 
 5872  0 
 5873  0 
 5874  0 
 5875  0 
 5876  0 
 5877  0 
 5878  0 
 5879  0 
 5880  0 
 5881  0 
 5882  0 
 5883  0 
 5884  0 
 5885  0 
 5886  0 
 5887  0 
 5888  0 
 5889  0 
 5890  1 
 5891  0 
 5892  0 
 5893  0 
 5894  0 
 5895  0 
 5896  0 
 5897  0 
 5898  0 
 5899  0 
 5900  0 
 5901  0 
 5902  0 
 5903  0 
 5904  1 
 5905  0 
 5906  0 
 5907  0 
 5908  0 
 5909  0 
 5910  0 
 5911  0 
 5912  0 
 5913  0 
 5914  0 
 5915  0 
 5916  0 
 5917  0 
 5918  0 
 5919  0 
 5920  0 
 5921  0 
 5922  0 
 5923  0 
 5924  0 
 5925  0 
 5926  0 
 5927  0 
 5928  1 
 5929  0 
 5930  0 
 5931  0 
 5932  0 
 5933  0 
 5934  0 
 5935  0 
 5936  0 
 5937  0 
 5938  0 
 5939  0 
 5940  0 
 5941  0 
 5942  0 
 5943  0 
 5944  0 
 5945  0 
 5946  0 
 5947  0 
 5948  0 
 5949  0 
 5950  0 
 5951  0 
 5952  0 
 5953  0 
 5954  0 
 5955  0 
 5956  0 
 5957  0 
 5958  0 
 5959  0 
 5960  0 
 5961  0 
 5962  0 
 5963  0 
 5964  0 
 5965  0 
 5966  0 
 5967  0 
 5968  0 
 5969  0 
 5970  0 
 5971  0 
 5972  0 
 5973  0 
 5974  0 
 5975  0 
 5976  0 
 5977  0 
 5978  0 
 5979  0 
 5980  0 
 5981  0 
 5982  0 
 5983  0 
 5984  0 
 5985  0 
 5986  0 
 5987  0 
 5988  0 
 5989  0 
 5990  0 
 5991  0 
 5992  0 
 5993  0 
 5994  0 
 5995  0 
 5996  0 
 5997  0 
 5998  0 
 5999  0 
 6000  0 
 6001  0 
 6002  0 
 6003  0 
 6004  0 
 6005  0 
 6006  0 
 6007  0 
 6008  0 
 6009  0 
 6010  0 
 6011  0 
 6012  0 
 6013  0 
 6014  0 
 6015  0 
 6016  0 
 6017  0 
 6018  0 
 6019  0 
 6020  0 
 6021  0 
 6022  0 
 6023  0 
 6024  0 
 6025  0 
 6026  0 
 6027  0 
 6028  0 
 6029  1 
 6030  0 
 6031  0 
 6032  0 
 6033  0 
 6034  0 
 6035  0 
 6036  0 
 6037  0 
 6038  0 
 6039  0 
 6040  0 
 6041  0 
 6042  0 
 6043  0 
 6044  0 
 6045  0 
 6046  0 
 6047  0 
 6048  0 
 6049  0 
 6050  0 
 6051  0 
 6052  0 
 6053  0 
 6054  0 
 6055  0 
 6056  0 
 6057  0 
 6058  0 
 6059  0 
 6060  0 
 6061  0 
 6062  0 
 6063  0 
 6064  0 
 6065  0 
 6066  0 
 6067  0 
 6068  0 
 6069  0 
 6070  0 
 6071  0 
 6072  0 
 6073  0 
 6074  0 
 6075  0 
 6076  0 
 6077  0 
 6078  0 
 6079  0 
 6080  0 
 6081  0 
 6082  0 
 6083  0 
 6084  0 
 6085  0 
 6086  0 
 6087  0 
 6088  0 
 6089  0 
 6090  0 
 6091  0 
 6092  0 
 6093  0 
 6094  0 
 6095  0 
 6096  0 
 6097  0 
 6098  0 
 6099  0 
 6100  0 
 6101  0 
 6102  0 
 6103  0 
 6104  0 
 6105  0 
 6106  0 
 6107  0 
 6108  0 
 6109  0 
 6110  0 
 6111  0 
 6112  0 
 6113  0 
 6114  0 
 6115  0 
 6116  0 
 6117  0 
 6118  0 
 6119  0 
 6120  0 
 6121  0 
 6122  0 
 6123  0 
 6124  0 
 6125  1 
 6126  0 
 6127  0 
 6128  0 
 6129  0 
 6130  0 
 6131  0 
 6132  0 
 6133  0 
 6134  0 
 6135  0 
 6136  0 
 6137  0 
 6138  0 
 6139  0 
 6140  0 
 6141  0 
 6142  0 
 6143  0 
 6144  0 
 6145  0 
 6146  0 
 6147  0 
 6148  0 
 6149  0 
 6150  0 
 6151  0 
 6152  1 
 6153  0 
 6154  0 
 6155  0 
 6156  0 
 6157  0 
 6158  0 
 6159  0 
 6160  0 
 6161  0 
 6162  0 
 6163  0 
 6164  0 
 6165  0 
 6166  0 
 6167  0 
 6168  0 
 6169  0 
 6170  0 
 6171  0 
 6172  0 
 6173  0 
 6174  0 
 6175  0 
 6176  0 
 6177  0 
 6178  0 
 6179  0 
 6180  0 
 6181  0 
 6182  0 
 6183  0 
 6184  0 
 6185  0 
 6186  0 
 6187  0 
 6188  0 
 6189  0 
 6190  0 
 6191  0 
 6192  0 
 6193  0 
 6194  0 
 6195  0 
 6196  0 
 6197  0 
 6198  0 
 6199  0 
 6200  0 
 6201  1 
 6202  0 
 6203  0 
 6204  0 
 6205  0 
 6206  0 
 6207  0 
 6208  0 
 6209  0 
 6210  0 
 6211  0 
 6212  0 
 6213  0 
 6214  0 
 6215  1 
 6216  0 
 6217  0 
 6218  0 
 6219  0 
 6220  0 
 6221  0 
 6222  0 
 6223  0 
 6224  0 
 6225  0 
 6226  0 
 6227  0 
 6228  0 
 6229  0 
 6230  0 
 6231  0 
 6232  0 
 6233  0 
 6234  0 
 6235  0 
 6236  0 
 6237  0 
 6238  0 
 6239  0 
 6240  0 
 6241  0 
 6242  0 
 6243  0 
 6244  0 
 6245  0 
 6246  0 
 6247  0 
 6248  0 
 6249  0 
 6250  0 
 6251  0 
 6252  1 
 6253  0 
 6254  0 
 6255  0 
 6256  0 
 6257  0 
 6258  0 
 6259  0 
 6260  0 
 6261  0 
 6262  0 
 6263  0 
 6264  0 
 6265  0 
 6266  0 
 6267  0 
 6268  0 
 6269  0 
 6270  0 
 6271  0 
 6272  1 
 6273  0 
 6274  0 
 6275  0 
 6276  0 
 6277  0 
 6278  0 
 6279  0 
 6280  0 
 6281  0 
 6282  0 
 6283  0 
 6284  0 
 6285  0 
 6286  0 
 6287  0 
 6288  0 
 6289  0 
 6290  0 
 6291  0 
 6292  0 
 6293  0 
 6294  0 
 6295  0 
 6296  0 
 6297  0 
 6298  1 
 6299  0 
 6300  0 
 6301  0 
 6302  0 
 6303  0 
 6304  0 
 6305  0 
 6306  0 
 6307  0 
 6308  0 
 6309  0 
 6310  1 
 6311  0 
 6312  0 
 6313  0 
 6314  0 
 6315  0 
 6316  0 
 6317  0 
 6318  0 
 6319  0 
 6320  0 
 6321  0 
 6322  0 
 6323  0 
 6324  0 
 6325  0 
 6326  0 
 6327  1 
 6328  0 
 6329  0 
 6330  0 
 6331  0 
 6332  0 
 6333  0 
 6334  0 
 6335  0 
 6336  0 
 6337  0 
 6338  0 
 6339  0 
 6340  0 
 6341  0 
 6342  0 
 6343  0 
 6344  0 
 6345  0 
 6346  0 
 6347  0 
 6348  0 
 6349  0 
 6350  0 
 6351  0 
 6352  0 
 6353  0 
 6354  0 
 6355  0 
 6356  0 
 6357  0 
 6358  0 
 6359  0 
 6360  0 
 6361  0 
 6362  0 
 6363  0 
 6364  0 
 6365  0 
 6366  0 
 6367  0 
 6368  0 
 6369  0 
 6370  0 
 6371  0 
 6372  0 
 6373  0 
 6374  0 
 6375  0 
 6376  0 
 6377  0 
 6378  0 
 6379  0 
 6380  0 
 6381  0 
 6382  0 
 6383  0 
 6384  0 
 6385  0 
 6386  0 
 6387  0 
 6388  0 
 6389  0 
 6390  0 
 6391  0 
 6392  0 
 6393  0 
 6394  0 
 6395  0 
 6396  0 
 6397  0 
 6398  1 
 6399  0 
 6400  0 
 6401  0 
 6402  0 
 6403  0 
 6404  0 
 6405  0 
 6406  0 
 6407  0 
 6408  0 
 6409  0 
 6410  0 
 6411  0 
 6412  0 
 6413  0 
 6414  0 
 6415  0 
 6416  0 
 6417  0 
 6418  0 
 6419  0 
 6420  0 
 6421  0 
 6422  0 
 6423  0 
 6424  0 
 6425  0 
 6426  0 
 6427  0 
 6428  0 
 6429  0 
 6430  0 
 6431  0 
 6432  0 
 6433  0 
 6434  1 
 6435  0 
 6436  0 
 6437  0 
 6438  0 
 6439  0 
 6440  0 
 6441  0 
 6442  0 
 6443  0 
 6444  0 
 6445  0 
 6446  0 
 6447  0 
 6448  0 
 6449  0 
 6450  0 
 6451  0 
 6452  0 
 6453  0 
 6454  0 
 6455  0 
 6456  0 
 6457  0 
 6458  0 
 6459  0 
 6460  0 
 6461  0 
 6462  0 
 6463  0 
 6464  0 
 6465  0 
 6466  0 
 6467  0 
 6468  0 
 6469  0 
 6470  0 
 6471  0 
 6472  0 
 6473  0 
 6474  0 
 6475  0 
 6476  0 
 6477  0 
 6478  0 
 6479  0 
 6480  0 
 6481  0 
 6482  0 
 6483  0 
 6484  0 
 6485  0 
 6486  0 
 6487  0 
 6488  0 
 6489  0 
 6490  0 
 6491  0 
 6492  0 
 6493  0 
 6494  0 
 6495  0 
 6496  0 
 6497  0 
 6498  0 
 6499  0 
 6500  0 
 6501  0 
 6502  0 
 6503  0 
 6504  0 
 6505  0 
 6506  0 
 6507  0 
 6508  0 
 6509  0 
 6510  0 
 6511  0 
 6512  0 
 6513  0 
 6514  0 
 6515  0 
 6516  0 
 6517  0 
 6518  0 
 6519  0 
 6520  0 
 6521  0 
 6522  1 
 6523  0 
 6524  0 
 6525  0 
 6526  0 
 6527  0 
 6528  0 
 6529  0 
 6530  0 
 6531  0 
 6532  0 
 6533  0 
 6534  0 
 6535  0 
 6536  0 
 6537  0 
 6538  0 
 6539  0 
 6540  0 
 6541  0 
 6542  0 
 6543  0 
 6544  0 
 6545  0 
 6546  1 
 6547  0 
 6548  0 
 6549  0 
 6550  0 
 6551  0 
 6552  0 
 6553  0 
 6554  0 
 6555  0 
 6556  0 
 6557  0 
 6558  0 
 6559  0 
 6560  0 
 6561  0 
 6562  0 
 6563  0 
 6564  0 
 6565  0 
 6566  0 
 6567  0 
 6568  0 
 6569  0 
 6570  0 
 6571  0 
 6572  0 
 6573  0 
 6574  0 
 6575  0 
 6576  0 
 6577  0 
 6578  0 
 6579  0 
 6580  0 
 6581  0 
 6582  0 
 6583  0 
 6584  0 
 6585  0 
 6586  0 
 6587  0 
 6588  0 
 6589  0 
 6590  0 
 6591  0 
 6592  0 
 6593  0 
 6594  0 
 6595  0 
 6596  0 
 6597  0 
 6598  0 
 6599  0 
 6600  0 
 6601  0 
 6602  1 
 6603  0 
 6604  0 
 6605  0 
 6606  1 
 6607  0 
 6608  0 
 6609  0 
 6610  0 
 6611  0 
 6612  0 
 6613  0 
 6614  0 
 6615  0 
 6616  0 
 6617  0 
 6618  0 
 6619  0 
 6620  0 
 6621  0 
 6622  0 
 6623  0 
 6624  0 
 6625  0 
 6626  0 
 6627  0 
 6628  0 
 6629  0 
 6630  0 
 6631  0 
 6632  0 
 6633  0 
 6634  0 
 6635  0 
 6636  0 
 6637  0 
 6638  0 
 6639  0 
 6640  0 
 6641  0 
 6642  0 
 6643  0 
 6644  0 
 6645  0 
 6646  0 
 6647  0 
 6648  0 
 6649  0 
 6650  0 
 6651  0 
 6652  1 
 6653  1 
 6654  0 
 6655  0 
 6656  0 
 6657  0 
 6658  0 
 6659  0 
 6660  0 
 6661  0 
 6662  0 
 6663  0 
 6664  0 
 6665  0 
 6666  0 
 6667  0 
 6668  0 
 6669  0 
 6670  0 
 6671  0 
 6672  0 
 6673  0 
 6674  0 
 6675  1 
 6676  0 
 6677  0 
 6678  0 
 6679  0 
 6680  0 
 6681  0 
 6682  0 
 6683  0 
 6684  0 
 6685  0 
 6686  0 
 6687  0 
 6688  0 
 6689  0 
 6690  0 
 6691  0 
 6692  0 
 6693  0 
 6694  0 
 6695  0 
 6696  0 
 6697  0 
 6698  0 
 6699  0 
 6700  0 
 6701  0 
 6702  0 
 6703  0 
 6704  0 
 6705  0 
 6706  0 
 6707  0 
 6708  0 
 6709  0 
 6710  0 
 6711  0 
 6712  0 
 6713  0 
 6714  0 
 6715  0 
 6716  0 
 6717  0 
 6718  1 
 6719  0 
 6720  0 
 6721  0 
 6722  0 
 6723  0 
 6724  0 
 6725  0 
 6726  0 
 6727  0 
 6728  0 
 6729  0 
 6730  0 
 6731  0 
 6732  0 
 6733  0 
 6734  0 
 6735  0 
 6736  0 
 6737  0 
 6738  0 
 6739  0 
 6740  0 
 6741  0 
 6742  0 
 6743  0 
 6744  0 
 6745  0 
 6746  0 
 6747  0 
 6748  0 
 6749  0 
 6750  0 
 6751  0 
 6752  0 
 6753  0 
 6754  0 
 6755  0 
 6756  0 
 6757  0 
 6758  0 
 6759  0 
 6760  0 
 6761  0 
 6762  0 
 6763  0 
 6764  0 
 6765  0 
 6766  1 
 6767  0 
 6768  0 
 6769  0 
 6770  0 
 6771  2 
 6772  0 
 6773  0 
 6774  0 
 6775  0 
 6776  0 
 6777  0 
 6778  0 
 6779  0 
 6780  1 
 6781  0 
 6782  0 
 6783  0 
 6784  0 
 6785  0 
 6786  0 
 6787  0 
 6788  0 
 6789  1 
 6790  0 
 6791  0 
 6792  0 
 6793  0 
 6794  0 
 6795  0 
 6796  0 
 6797  0 
 6798  0 
 6799  0 
 6800  0 
 6801  0 
 6802  0 
 6803  0 
 6804  0 
 6805  0 
 6806  0 
 6807  0 
 6808  0 
 6809  0 
 6810  0 
 6811  0 
 6812  0 
 6813  0 
 6814  1 
 6815  0 
 6816  0 
 6817  0 
 6818  0 
 6819  0 
 6820  0 
 6821  0 
 6822  0 
 6823  0 
 6824  0 
 6825  0 
 6826  0 
 6827  0 
 6828  0 
 6829  0 
 6830  0 
 6831  0 
 6832  0 
 6833  0 
 6834  0 
 6835  0 
 6836  0 
 6837  0 
 6838  0 
 6839  0 
 6840  0 
 6841  0 
 6842  0 
 6843  0 
 6844  0 
 6845  0 
 6846  0 
 6847  0 
 6848  0 
 6849  0 
 6850  0 
 6851  0 
 6852  0 
 6853  0 
 6854  0 
 6855  0 
 6856  0 
 6857  0 
 6858  0 
 6859  0 
 6860  0 
 6861  0 
 6862  0 
 6863  0 
 6864  0 
 6865  0 
 6866  0 
 6867  0 
 6868  0 
 6869  0 
 6870  0 
 6871  0 
 6872  0 
 6873  0 
 6874  0 
 6875  0 
 6876  0 
 6877  0 
 6878  0 
 6879  0 
 6880  0 
 6881  0 
 6882  0 
 6883  0 
 6884  0 
 6885  0 
 6886  0 
 6887  0 
 6888  0 
 6889  0 
 6890  0 
 6891  0 
 6892  0 
 6893  0 
 6894  0 
 6895  0 
 6896  0 
 6897  0 
 6898  0 
 6899  0 
 6900  0 
 6901  0 
 6902  0 
 6903  0 
 6904  0 
 6905  0 
 6906  0 
 6907  0 
 6908  0 
 6909  0 
 6910  0 
 6911  0 
 6912  0 
 6913  0 
 6914  0 
 6915  0 
 6916  0 
 6917  0 
 6918  0 
 6919  0 
 6920  0 
 6921  0 
 6922  0 
 6923  0 
 6924  0 
 6925  0 
 6926  0 
 6927  0 
 6928  0 
 6929  0 
 6930  0 
 6931  0 
 6932  0 
 6933  0 
 6934  0 
 6935  0 
 6936  1 
 6937  0 
 6938  0 
 6939  0 
 6940  0 
 6941  0 
 6942  0 
 6943  0 
 6944  0 
 6945  0 
 6946  0 
 6947  0 
 6948  0 
 6949  0 
 6950  0 
 6951  0 
 6952  0 
 6953  0 
 6954  0 
 6955  0 
 6956  0 
 6957  0 
 6958  0 
 6959  0 
 6960  0 
 6961  0 
 6962  0 
 6963  0 
 6964  0 
 6965  0 
 6966  0 
 6967  0 
 6968  0 
 6969  0 
 6970  0 
 6971  0 
 6972  0 
 6973  0 
 6974  0 
 6975  0 
 6976  0 
 6977  0 
 6978  0 
 6979  0 
 6980  0 
 6981  0 
 6982  0 
 6983  0 
 6984  0 
 6985  0 
 6986  0 
 6987  0 
 6988  0 
 6989  0 
 6990  0 
 6991  0 
 6992  0 
 6993  0 
 6994  0 
 6995  0 
 6996  0 
 6997  0 
 6998  0 
 6999  0 
 7000  0 
 7001  0 
 7002  0 
 7003  0 
 7004  0 
 7005  0 
 7006  0 
 7007  0 
 7008  0 
 7009  0 
 7010  0 
 7011  1 
 7012  0 
 7013  0 
 7014  0 
 7015  0 
 7016  0 
 7017  1 
 7018  0 
 7019  0 
 7020  1 
 7021  0 
 7022  0 
 7023  0 
 7024  0 
 7025  0 
 7026  0 
 7027  0 
 7028  0 
 7029  0 
 7030  0 
 7031  0 
 7032  0 
 7033  0 
 7034  0 
 7035  0 
 7036  0 
 7037  0 
 7038  0 
 7039  0 
 7040  0 
 7041  0 
 7042  0 
 7043  0 
 7044  0 
 7045  0 
 7046  0 
 7047  0 
 7048  0 
 7049  0 
 7050  0 
 7051  0 
 7052  0 
 7053  0 
 7054  0 
 7055  0 
 7056  0 
 7057  0 
 7058  0 
 7059  0 
 7060  0 
 7061  1 
 7062  0 
 7063  0 
 7064  0 
 7065  0 
 7066  0 
 7067  0 
 7068  0 
 7069  0 
 7070  0 
 7071  0 
 7072  0 
 7073  1 
 7074  0 
 7075  0 
 7076  0 
 7077  0 
 7078  0 
 7079  0 
 7080  0 
 7081  0 
 7082  0 
 7083  0 
 7084  0 
 7085  1 
 7086  0 
 7087  0 
 7088  0 
 7089  0 
 7090  0 
 7091  0 
 7092  0 
 7093  0 
 7094  0 
 7095  0 
 7096  0 
 7097  0 
 7098  0 
 7099  0 
 7100  0 
 7101  0 
 7102  0 
 7103  0 
 7104  0 
 7105  0 
 7106  0 
 7107  0 
 7108  0 
 7109  0 
 7110  0 
 7111  0 
 7112  0 
 7113  0 
 7114  0 
 7115  0 
 7116  0 
 7117  0 
 7118  0 
 7119  0 
 7120  0 
 7121  0 
 7122  0 
 7123  0 
 7124  0 
 7125  0 
 7126  0 
 7127  0 
 7128  0 
 7129  0 
 7130  0 
 7131  0 
 7132  0 
 7133  0 
 7134  0 
 7135  0 
 7136  0 
 7137  0 
 7138  0 
 7139  0 
 7140  0 
 7141  0 
 7142  0 
 7143  0 
 7144  0 
 7145  0 
 7146  0 
 7147  0 
 7148  0 
 7149  0 
 7150  0 
 7151  0 
 7152  0 
 7153  0 
 7154  0 
 7155  0 
 7156  0 
 7157  0 
 7158  0 
 7159  0 
 7160  0 
 7161  0 
 7162  0 
 7163  0 
 7164  0 
 7165  1 
 7166  1 
 7167  0 
 7168  0 
 7169  0 
 7170  0 
 7171  0 
 7172  0 
 7173  0 
 7174  0 
 7175  0 
 7176  0 
 7177  0 
 7178  0 
 7179  0 
 7180  0 
 7181  0 
 7182  0 
 7183  0 
 7184  0 
 7185  0 
 7186  0 
 7187  0 
 7188  0 
 7189  0 
 7190  0 
 7191  0 
 7192  0 
 7193  0 
 7194  0 
 7195  0 
 7196  0 
 7197  0 
 7198  0 
 7199  0 
 7200  0 
 7201  0 
 7202  0 
 7203  1 
 7204  0 
 7205  0 
 7206  0 
 7207  0 
 7208  0 
 7209  0 
 7210  0 
 7211  0 
 7212  0 
 7213  0 
 7214  0 
 7215  0 
 7216  0 
 7217  0 
 7218  0 
 7219  0 
 7220  0 
 7221  0 
 7222  1 
 7223  0 
 7224  0 
 7225  0 
 7226  0 
 7227  1 
 7228  0 
 7229  0 
 7230  0 
 7231  0 
 7232  0 
 7233  0 
 7234  0 
 7235  0 
 7236  0 
 7237  0 
 7238  0 
 7239  0 
 7240  0 
 7241  0 
 7242  0 
 7243  0 
 7244  0 
 7245  1 
 7246  0 
 7247  0 
 7248  0 
 7249  0 
 7250  0 
 7251  0 
 7252  0 
 7253  0 
 7254  0 
 7255  0 
 7256  0 
 7257  0 
 7258  0 
 7259  0 
 7260  0 
 7261  0 
 7262  0 
 7263  0 
 7264  0 
 7265  0 
 7266  0 
 7267  0 
 7268  0 
 7269  0 
 7270  0 
 7271  1 
 7272  0 
 7273  1 
 7274  0 
 7275  0 
 7276  0 
 7277  0 
 7278  0 
 7279  0 
 7280  0 
 7281  0 
 7282  0 
 7283  0 
 7284  0 
 7285  0 
 7286  0 
 7287  0 
 7288  0 
 7289  0 
 7290  0 
 7291  0 
 7292  0 
 7293  0 
 7294  1 
 7295  0 
 7296  0 
 7297  0 
 7298  0 
 7299  0 
 7300  0 
 7301  0 
 7302  0 
 7303  0 
 7304  0 
 7305  0 
 7306  0 
 7307  0 
 7308  0 
 7309  0 
 7310  0 
 7311  0 
 7312  0 
 7313  0 
 7314  0 
 7315  0 
 7316  0 
 7317  0 
 7318  0 
 7319  0 
 7320  0 
 7321  0 
 7322  0 
 7323  1 
 7324  0 
 7325  0 
 7326  0 
 7327  0 
 7328  0 
 7329  0 
 7330  0 
 7331  0 
 7332  0 
 7333  1 
 7334  0 
 7335  0 
 7336  0 
 7337  0 
 7338  0 
 7339  0 
 7340  0 
 7341  0 
 7342  0 
 7343  0 
 7344  0 
 7345  0 
 7346  1 
 7347  0 
 7348  0 
 7349  0 
 7350  0 
 7351  0 
 7352  0 
 7353  0 
 7354  0 
 7355  0 
 7356  0 
 7357  0 
 7358  0 
 7359  0 
 7360  0 
 7361  1 
 7362  0 
 7363  0 
 7364  2 
 7365  0 
 7366  0 
 7367  1 
 7368  1 
 7369  0 
 7370  2 
 7371  0 
 7372  1 
 7373  0 
 7374  0 
 7375  0 
 7376  0 
 7377  0 
 7378  0 
 7379  0 
 7380  0 
 7381  0 
 7382  2 
 7383  1 
 7384  0 
 7385  0 
 7386  0 
 7387  1 
 7388  0 
 7389  2 
 7390  2 
 7391  0 
 7392  0 
 7393  0 
 7394  0 
 7395  2 
 7396  0 
 7397  0 
 7398  0 
 7399  0 
 7400  0 
 7401  1 
 7402  0 
 7403  1 
 7404  1 
 7405  0 
 7406  0 
 7407  2 
 7408  0 
 7409  2 
 7410  0 
 7411  0 
 7412  0 
 7413  0 
 7414  0 
 7415  0 
 7416  1 
 7417  0 
 7418  0 
 7419  0 
 7420  0 
 7421  1 
 7422  2 
 7423  0 
 7424  0 
 7425  0 
 7426  0 
 7427  1 
 7428  0 
 7429  0 
 7430  3 
 7431  0 
 7432  0 
 7433  0 
 7434  0 
 7435  1 
 7436  1 
 7437  1 
 7438  3 
 7439  0 
 7440  1 
 7441  0 
 7442  1 
 7443  1 
 7444  0 
 7445  1 
 7446  1 
 7447  1 
 7448  0 
 7449  1 
 7450  0 
 7451  1 
 7452  0 
 7453  1 
 7454  0 
 7455  1 
 7456  0 
 7457  0 
 7458  0 
 7459  0 
 7460  0 
 7461  0 
 7462  1 
 7463  2 
 7464  2 
 7465  0 
 7466  0 
 7467  0 
 7468  0 
 7469  0 
 7470  0 
 7471  0 
 7472  0 
 7473  0 
 7474  0 
 7475  2 
 7476  0 
 7477  0 
 7478  0 
 7479  0 
 7480  1 
 7481  0 
 7482  1 
 7483  0 
 7484  0 
 7485  1 
 7486  0 
 7487  0 
 7488  0 
 7489  1 
 7490  1 
 7491  2 
 7492  2 
 7493  0 
 7494  1 
 7495  0 
 7496  0 
 7497  1 
 7498  0 
 7499  0 
 7500  0 
 7501  1 
 7502  0 
 7503  2 
 7504  1 
 7505  0 
 7506  0 
 7507  0 
 7508  1 
 7509  0 
 7510  0 
 7511  0 
 7512  0 
 7513  1 
 7514  0 
 7515  0 
 7516  0 
 7517  1 
 7518  1 
 7519  1 
 7520  0 
 7521  0 
 7522  0 
 7523  0 
 7524  0 
 7525  0 
 7526  0 
 7527  0 
 7528  0 
 7529  0 
 7530  0 
 7531  0 
 7532  0 
 7533  0 
 7534  0 
 7535  0 
 7536  0 
 7537  0 
 7538  0 
 7539  0 
 7540  0 
 7541  1 
 7542  0 
 7543  0 
 7544  0 
 7545  0 
 7546  0 
 7547  0 
 7548  0 
 7549  1 
 7550  0 
 7551  0 
 7552  0 
 7553  0 
 7554  0 
 7555  0 
 7556  0 
 7557  0 
 7558  0 
 7559  0 
 7560  0 
 7561  0 
 7562  0 
 7563  0 
 7564  0 
 7565  0 
 7566  0 
 7567  1 
 7568  0 
 7569  0 
 7570  0 
 7571  0 
 7572  0 
 7573  0 
 7574  0 
 7575  0 
 7576  0 
 7577  0 
 7578  0 
 7579  0 
 7580  0 
 7581  0 
 7582  0 
 7583  0 
 7584  0 
 7585  0 
 7586  0 
 7587  0 
 7588  0 
 7589  0 
 7590  0 
 7591  0 
 7592  0 
 7593  0 
 7594  0 
 7595  0 
 7596  0 
 7597  0 
 7598  0 
 7599  0 
 7600  0 
 7601  0 
 7602  0 
 7603  0 
 7604  0 
 7605  0 
 7606  0 
 7607  0 
 7608  0 
 7609  0 
 7610  0 
 7611  0 
 7612  0 
 7613  0 
 7614  0 
 7615  0 
 7616  0 
 7617  0 
 7618  0 
 7619  0 
 7620  0 
 7621  0 
 7622  0 
 7623  0 
 7624  0 
 7625  0 
 7626  0 
 7627  0 
 7628  0 
 7629  0 
 7630  0 
 7631  0 
 7632  0 
 7633  0 
 7634  0 
 7635  0 
 7636  0 
 7637  0 
 7638  0 
 7639  0 
 7640  0 
 7641  0 
 7642  0 
 7643  0 
 7644  0 
 7645  0 
 7646  0 
 7647  0 
 7648  0 
 7649  0 
 7650  0 
 7651  0 
 7652  0 
 7653  0 
 7654  1 
 7655  0 
 7656  0 
 7657  0 
 7658  0 
 7659  0 
 7660  0 
 7661  0 
 7662  0 
 7663  0 
 7664  0 
 7665  0 
 7666  0 
 7667  0 
 7668  0 
 7669  0 
 7670  0 
 7671  1 
 7672  0 
 7673  0 
 7674  0 
 7675  0 
 7676  0 
 7677  0 
 7678  0 
 7679  0 
 7680  0 
 7681  0 
 7682  0 
 7683  0 
 7684  0 
 7685  0 
 7686  0 
 7687  0 
 7688  0 
 7689  0 
 7690  1 
 7691  0 
 7692  0 
 7693  1 
 7694  0 
 7695  0 
 7696  0 
 7697  0 
 7698  0 
 7699  0 
 7700  0 
 7701  0 
 7702  0 
 7703  0 
 7704  0 
 7705  0 
 7706  0 
 7707  0 
 7708  0 
 7709  0 
 7710  0 
 7711  0 
 7712  0 
 7713  0 
 7714  0 
 7715  0 
 7716  0 
 7717  0 
 7718  0 
 7719  0 
 7720  0 
 7721  0 
 7722  0 
 7723  0 
 7724  0 
 7725  0 
 7726  0 
 7727  0 
 7728  0 
 7729  0 
 7730  0 
 7731  1 
 7732  0 
 7733  0 
 7734  0 
 7735  1 
 7736  0 
 7737  0 
 7738  0 
 7739  1 
 7740  0 
 7741  0 
 7742  0 
 7743  0 
 7744  0 
 7745  0 
 7746  0 
 7747  0 
 7748  0 
 7749  0 
 7750  0 
 7751  0 
 7752  0 
 7753  1 
 7754  0 
 7755  1 
 7756  0 
 7757  0 
 7758  0 
 7759  0 
 7760  0 
 7761  0 
 7762  0 
 7763  0 
 7764  0 
 7765  0 
 7766  0 
 7767  0 
 7768  0 
 7769  0 
 7770  0 
 7771  0 
 7772  0 
 7773  0 
 7774  0 
 7775  0 
 7776  0 
 7777  0 
 7778  0 
 7779  0 
 7780  0 
 7781  0 
 7782  0 
 7783  0 
 7784  0 
 7785  0 
 7786  0 
 7787  0 
 7788  0 
 7789  0 
 7790  0 
 7791  0 
 7792  0 
 7793  0 
 7794  0 
 7795  0 
 7796  0 
 7797  0 
 7798  0 
 7799  0 
 7800  0 
 7801  1 
 7802  0 
 7803  1 
 7804  0 
 7805  0 
 7806  0 
 7807  1 
 7808  1 
 7809  0 
 7810  0 
 7811  0 
 7812  0 
 7813  0 
 7814  0 
 7815  1 
 7816  0 
 7817  0 
 7818  0 
 7819  0 
 7820  0 
 7821  0 
 7822  0 
 7823  0 
 7824  0 
 7825  0 
 7826  0 
 7827  0 
 7828  0 
 7829  0 
 7830  0 
 7831  0 
 7832  0 
 7833  0 
 7834  0 
 7835  0 
 7836  0 
 7837  0 
 7838  0 
 7839  0 
 7840  0 
 7841  0 
 7842  0 
 7843  0 
 7844  0 
 7845  0 
 7846  0 
 7847  0 
 7848  0 
 7849  0 
 7850  0 
 7851  0 
 7852  0 
 7853  0 
 7854  0 
 7855  0 
 7856  0 
 7857  0 
 7858  0 
 7859  0 
 7860  0 
 7861  0 
 7862  0 
 7863  0 
 7864  0 
 7865  0 
 7866  0 
 7867  0 
 7868  0 
 7869  0 
 7870  0 
 7871  0 
 7872  0 
 7873  0 
 7874  0 
 7875  0 
 7876  0 
 7877  0 
 7878  0 
 7879  0 
 7880  0 
 7881  0 
 7882  0 
 7883  0 
 7884  0 
 7885  0 
 7886  0 
 7887  0 
 7888  0 
 7889  0 
 7890  0 
 7891  0 
 7892  0 
 7893  0 
 7894  0 
 7895  0 
 7896  0 
 7897  0 
 7898  0 
 7899  0 
 7900  0 
 7901  0 
 7902  0 
 7903  0 
 7904  0 
 7905  0 
 7906  0 
 7907  0 
 7908  0 
 7909  0 
 7910  0 
 7911  0 
 7912  0 
 7913  0 
 7914  0 
 7915  0 
 7916  0 
 7917  0 
 7918  0 
 7919  0 
 7920  0 
 7921  0 
 7922  0 
 7923  0 
 7924  0 
 7925  0 
 7926  0 
 7927  0 
 7928  0 
 7929  0 
 7930  0 
 7931  0 
 7932  0 
 7933  0 
 7934  0 
 7935  0 
 7936  0 
 7937  0 
 7938  0 
 7939  0 
 7940  0 
 7941  0 
 7942  0 
 7943  0 
 7944  0 
 7945  0 
 7946  0 
 7947  0 
 7948  0 
 7949  0 
 7950  0 
 7951  0 
 7952  0 
 7953  0 
 7954  0 
 7955  1 
 7956  0 
 7957  0 
 7958  0 
 7959  0 
 7960  0 
 7961  0 
 7962  0 
 7963  0 
 7964  0 
 7965  0 
 7966  0 
 7967  0 
 7968  0 
 7969  0 
 7970  1 
 7971  0 
 7972  0 
 7973  0 
 7974  0 
 7975  1 
 7976  0 
 7977  0 
 7978  0 
 7979  0 
 7980  0 
 7981  0 
 7982  0 
 7983  0 
 7984  0 
 7985  0 
 7986  0 
 7987  0 
 7988  0 
 7989  0 
 7990  0 
 7991  0 
 7992  0 
 7993  0 
 7994  0 
 7995  0 
 7996  0 
 7997  0 
 7998  0 
 7999  0 
 8000  0 
 8001  0 
 8002  0 
 8003  0 
 8004  0 
 8005  0 
 8006  0 
 8007  0 
 8008  0 
 8009  0 
 8010  0 
 8011  0 
 8012  0 
 8013  0 
 8014  0 
 8015  0 
 8016  0 
 8017  0 
 8018  0 
 8019  0 
 8020  0 
 8021  0 
 8022  0 
 8023  0 
 8024  0 
 8025  0 
 8026  0 
 8027  1 
 8028  0 
 8029  1 
 8030  0 
 8031  0 
 8032  0 
 8033  0 
 8034  0 
 8035  0 
 8036  0 
 8037  0 
 8038  0 
 8039  0 
 8040  0 
 8041  1 
 8042  0 
 8043  0 
 8044  1 
 8045  0 
 8046  0 
 8047  1 
 8048  0 
 8049  0 
 8050  0 
 8051  0 
 8052  0 
 8053  0 
 8054  0 
 8055  0 
 8056  0 
 8057  0 
 8058  0 
 8059  0 
 8060  0 
 8061  0 
 8062  0 
 8063  0 
 8064  0 
 8065  0 
 8066  0 
 8067  0 
 8068  0 
 8069  0 
 8070  0 
 8071  0 
 8072  0 
 8073  0 
 8074  0 
 8075  0 
 8076  0 
 8077  0 
 8078  0 
 8079  0 
 8080  0 
 8081  0 
 8082  0 
 8083  0 
 8084  0 
 8085  0 
 8086  0 
 8087  0 
 8088  0 
 8089  0 
 8090  0 
 8091  0 
 8092  0 
 8093  0 
 8094  0 
 8095  0 
 8096  0 
 8097  0 
 8098  0 
 8099  0 
 8100  0 
 8101  0 
 8102  0 
 8103  0 
 8104  0 
 8105  1 
 8106  0 
 8107  0 
 8108  0 
 8109  0 
 8110  0 
 8111  0 
 8112  0 
 8113  0 
 8114  0 
 8115  0 
 8116  0 
 8117  0 
 8118  0 
 8119  0 
 8120  0 
 8121  0 
 8122  0 
 8123  0 
 8124  0 
 8125  0 
 8126  0 
 8127  0 
 8128  0 
 8129  0 
 8130  0 
 8131  0 
 8132  0 
 8133  0 
 8134  0 
 8135  0 
 8136  0 
 8137  0 
 8138  0 
 8139  0 
 8140  0 
 8141  0 
 8142  0 
 8143  0 
 8144  0 
 8145  0 
 8146  0 
 8147  0 
 8148  0 
 8149  0 
 8150  0 
 8151  0 
 8152  0 
 8153  0 
 8154  0 
 8155  0 
 8156  0 
 8157  0 
 8158  0 
 8159  0 
 8160  0 
 8161  0 
 8162  0 
 8163  0 
 8164  0 
 8165  0 
 8166  0 
 8167  0 
 8168  0 
 8169  0 
 8170  0 
 8171  0 
 8172  0 
 8173  0 
 8174  0 
 8175  0 
 8176  0 
 8177  0 
 8178  0 
 8179  0 
 8180  0 
 8181  0 
 8182  0 
 8183  0 
 8184  0 
 8185  0 
 8186  0 
 8187  0 
 8188  0 
 8189  0 
 8190  0 
 8191  0 
