 0  1313 
 1  1321 
 2  0 
 3  0 
 4  0 
 5  0 
 6  0 
 7  0 
 8  0 
 9  0 
 10  0 
 11  0 
 12  0 
 13  0 
 14  0 
 15  0 
 16  0 
 17  0 
 18  0 
 19  0 
 20  0 
 21  0 
 22  0 
 23  0 
 24  0 
 25  0 
 26  0 
 27  0 
 28  0 
 29  0 
 30  0 
 31  0 
 32  0 
 33  0 
 34  0 
 35  0 
 36  0 
 37  0 
 38  0 
 39  0 
 40  0 
 41  0 
 42  0 
 43  0 
 44  0 
 45  0 
 46  0 
 47  0 
 48  0 
 49  0 
 50  0 
 51  0 
 52  0 
 53  0 
 54  0 
 55  0 
 56  0 
 57  0 
 58  0 
 59  0 
 60  0 
 61  0 
 62  0 
 63  0 
 64  0 
 65  0 
 66  0 
 67  0 
 68  0 
 69  0 
 70  0 
 71  0 
 72  0 
 73  0 
 74  0 
 75  0 
 76  0 
 77  0 
 78  0 
 79  0 
 80  0 
 81  0 
 82  0 
 83  0 
 84  0 
 85  0 
 86  0 
 87  0 
 88  0 
 89  0 
 90  0 
 91  0 
 92  0 
 93  0 
 94  0 
 95  0 
 96  0 
 97  0 
 98  0 
 99  0 
 100  0 
 101  0 
 102  0 
 103  0 
 104  0 
 105  0 
 106  0 
 107  0 
 108  0 
 109  0 
 110  0 
 111  0 
 112  0 
 113  0 
 114  0 
 115  0 
 116  0 
 117  0 
 118  0 
 119  0 
 120  0 
 121  0 
 122  0 
 123  0 
 124  0 
 125  0 
 126  0 
 127  0 
 128  0 
 129  0 
 130  0 
 131  0 
 132  0 
 133  0 
 134  0 
 135  0 
 136  0 
 137  0 
 138  0 
 139  0 
 140  0 
 141  0 
 142  0 
 143  0 
 144  0 
 145  0 
 146  0 
 147  0 
 148  0 
 149  0 
 150  0 
 151  0 
 152  0 
 153  0 
 154  0 
 155  0 
 156  0 
 157  0 
 158  0 
 159  0 
 160  0 
 161  0 
 162  0 
 163  0 
 164  0 
 165  0 
 166  0 
 167  0 
 168  0 
 169  0 
 170  0 
 171  0 
 172  0 
 173  0 
 174  0 
 175  0 
 176  0 
 177  0 
 178  0 
 179  0 
 180  0 
 181  0 
 182  0 
 183  0 
 184  0 
 185  0 
 186  0 
 187  0 
 188  0 
 189  0 
 190  0 
 191  0 
 192  0 
 193  0 
 194  0 
 195  0 
 196  0 
 197  0 
 198  0 
 199  0 
 200  0 
 201  0 
 202  0 
 203  0 
 204  0 
 205  0 
 206  0 
 207  0 
 208  0 
 209  0 
 210  0 
 211  0 
 212  0 
 213  0 
 214  0 
 215  0 
 216  0 
 217  0 
 218  0 
 219  0 
 220  0 
 221  0 
 222  0 
 223  0 
 224  0 
 225  0 
 226  0 
 227  0 
 228  0 
 229  0 
 230  0 
 231  0 
 232  0 
 233  0 
 234  0 
 235  0 
 236  0 
 237  0 
 238  0 
 239  0 
 240  0 
 241  0 
 242  0 
 243  0 
 244  0 
 245  0 
 246  0 
 247  0 
 248  0 
 249  0 
 250  1 
 251  1 
 252  96 
 253  227 
 254  190 
 255  186 
 256  194 
 257  189 
 258  180 
 259  195 
 260  172 
 261  182 
 262  194 
 263  195 
 264  174 
 265  169 
 266  164 
 267  163 
 268  159 
 269  150 
 270  148 
 271  158 
 272  141 
 273  148 
 274  149 
 275  132 
 276  122 
 277  117 
 278  115 
 279  113 
 280  104 
 281  102 
 282  85 
 283  109 
 284  116 
 285  93 
 286  81 
 287  81 
 288  83 
 289  90 
 290  87 
 291  81 
 292  78 
 293  89 
 294  82 
 295  83 
 296  65 
 297  57 
 298  83 
 299  73 
 300  76 
 301  71 
 302  59 
 303  47 
 304  85 
 305  67 
 306  56 
 307  67 
 308  48 
 309  65 
 310  45 
 311  64 
 312  51 
 313  44 
 314  55 
 315  43 
 316  49 
 317  54 
 318  43 
 319  46 
 320  41 
 321  43 
 322  29 
 323  35 
 324  35 
 325  32 
 326  41 
 327  43 
 328  40 
 329  36 
 330  30 
 331  27 
 332  31 
 333  32 
 334  35 
 335  28 
 336  51 
 337  53 
 338  28 
 339  32 
 340  37 
 341  32 
 342  24 
 343  26 
 344  25 
 345  28 
 346  26 
 347  30 
 348  19 
 349  24 
 350  22 
 351  13 
 352  24 
 353  28 
 354  25 
 355  25 
 356  34 
 357  22 
 358  20 
 359  29 
 360  15 
 361  19 
 362  26 
 363  18 
 364  30 
 365  19 
 366  27 
 367  14 
 368  23 
 369  14 
 370  24 
 371  18 
 372  21 
 373  22 
 374  21 
 375  22 
 376  27 
 377  16 
 378  20 
 379  17 
 380  25 
 381  27 
 382  19 
 383  17 
 384  17 
 385  26 
 386  20 
 387  14 
 388  23 
 389  21 
 390  14 
 391  26 
 392  15 
 393  27 
 394  26 
 395  20 
 396  14 
 397  16 
 398  15 
 399  17 
 400  22 
 401  21 
 402  20 
 403  21 
 404  19 
 405  18 
 406  21 
 407  14 
 408  18 
 409  24 
 410  17 
 411  11 
 412  23 
 413  25 
 414  15 
 415  11 
 416  16 
 417  18 
 418  15 
 419  18 
 420  13 
 421  16 
 422  19 
 423  17 
 424  24 
 425  21 
 426  23 
 427  26 
 428  18 
 429  20 
 430  17 
 431  20 
 432  19 
 433  17 
 434  16 
 435  20 
 436  13 
 437  19 
 438  19 
 439  12 
 440  15 
 441  13 
 442  18 
 443  18 
 444  28 
 445  18 
 446  16 
 447  18 
 448  30 
 449  21 
 450  32 
 451  16 
 452  17 
 453  16 
 454  25 
 455  18 
 456  17 
 457  17 
 458  21 
 459  28 
 460  20 
 461  22 
 462  26 
 463  22 
 464  24 
 465  22 
 466  33 
 467  16 
 468  18 
 469  18 
 470  19 
 471  26 
 472  24 
 473  24 
 474  33 
 475  28 
 476  28 
 477  28 
 478  27 
 479  37 
 480  25 
 481  28 
 482  31 
 483  27 
 484  28 
 485  17 
 486  18 
 487  25 
 488  24 
 489  27 
 490  41 
 491  33 
 492  38 
 493  37 
 494  38 
 495  38 
 496  40 
 497  31 
 498  30 
 499  33 
 500  43 
 501  41 
 502  33 
 503  36 
 504  54 
 505  46 
 506  50 
 507  40 
 508  51 
 509  41 
 510  49 
 511  63 
 512  49 
 513  55 
 514  50 
 515  65 
 516  62 
 517  49 
 518  59 
 519  57 
 520  64 
 521  58 
 522  71 
 523  83 
 524  72 
 525  76 
 526  63 
 527  85 
 528  87 
 529  86 
 530  82 
 531  89 
 532  107 
 533  101 
 534  93 
 535  81 
 536  113 
 537  106 
 538  139 
 539  122 
 540  110 
 541  126 
 542  135 
 543  141 
 544  124 
 545  154 
 546  177 
 547  144 
 548  155 
 549  184 
 550  183 
 551  182 
 552  177 
 553  204 
 554  223 
 555  217 
 556  188 
 557  204 
 558  222 
 559  263 
 560  243 
 561  223 
 562  238 
 563  247 
 564  267 
 565  278 
 566  309 
 567  307 
 568  308 
 569  260 
 570  288 
 571  290 
 572  320 
 573  330 
 574  351 
 575  309 
 576  317 
 577  332 
 578  338 
 579  314 
 580  314 
 581  318 
 582  334 
 583  346 
 584  340 
 585  365 
 586  336 
 587  353 
 588  309 
 589  297 
 590  310 
 591  294 
 592  290 
 593  293 
 594  300 
 595  290 
 596  268 
 597  282 
 598  272 
 599  266 
 600  266 
 601  298 
 602  265 
 603  235 
 604  237 
 605  260 
 606  234 
 607  201 
 608  204 
 609  203 
 610  205 
 611  164 
 612  162 
 613  175 
 614  172 
 615  164 
 616  166 
 617  125 
 618  134 
 619  128 
 620  127 
 621  121 
 622  125 
 623  114 
 624  89 
 625  100 
 626  85 
 627  74 
 628  91 
 629  58 
 630  73 
 631  57 
 632  75 
 633  52 
 634  47 
 635  54 
 636  50 
 637  47 
 638  40 
 639  37 
 640  42 
 641  27 
 642  34 
 643  33 
 644  23 
 645  33 
 646  15 
 647  37 
 648  25 
 649  25 
 650  25 
 651  22 
 652  18 
 653  26 
 654  20 
 655  13 
 656  26 
 657  21 
 658  19 
 659  18 
 660  22 
 661  16 
 662  14 
 663  12 
 664  22 
 665  10 
 666  16 
 667  14 
 668  12 
 669  13 
 670  9 
 671  22 
 672  13 
 673  8 
 674  15 
 675  15 
 676  13 
 677  5 
 678  7 
 679  12 
 680  9 
 681  13 
 682  15 
 683  10 
 684  14 
 685  8 
 686  13 
 687  16 
 688  7 
 689  10 
 690  7 
 691  7 
 692  6 
 693  6 
 694  11 
 695  13 
 696  19 
 697  7 
 698  10 
 699  9 
 700  21 
 701  12 
 702  11 
 703  12 
 704  7 
 705  10 
 706  9 
 707  9 
 708  10 
 709  9 
 710  10 
 711  8 
 712  13 
 713  10 
 714  13 
 715  14 
 716  10 
 717  3 
 718  7 
 719  8 
 720  6 
 721  10 
 722  5 
 723  10 
 724  3 
 725  6 
 726  13 
 727  10 
 728  9 
 729  12 
 730  12 
 731  9 
 732  9 
 733  8 
 734  7 
 735  8 
 736  8 
 737  8 
 738  3 
 739  13 
 740  8 
 741  12 
 742  9 
 743  6 
 744  8 
 745  10 
 746  12 
 747  13 
 748  6 
 749  15 
 750  7 
 751  13 
 752  10 
 753  7 
 754  9 
 755  11 
 756  7 
 757  7 
 758  2 
 759  7 
 760  9 
 761  8 
 762  17 
 763  7 
 764  8 
 765  8 
 766  7 
 767  13 
 768  5 
 769  11 
 770  11 
 771  6 
 772  4 
 773  5 
 774  6 
 775  8 
 776  9 
 777  10 
 778  11 
 779  8 
 780  7 
 781  4 
 782  10 
 783  1 
 784  15 
 785  6 
 786  12 
 787  8 
 788  14 
 789  10 
 790  6 
 791  16 
 792  11 
 793  6 
 794  9 
 795  9 
 796  11 
 797  8 
 798  11 
 799  6 
 800  8 
 801  5 
 802  10 
 803  8 
 804  8 
 805  6 
 806  8 
 807  9 
 808  9 
 809  6 
 810  7 
 811  16 
 812  9 
 813  6 
 814  9 
 815  8 
 816  11 
 817  5 
 818  7 
 819  9 
 820  9 
 821  11 
 822  6 
 823  12 
 824  5 
 825  4 
 826  12 
 827  13 
 828  10 
 829  7 
 830  7 
 831  7 
 832  6 
 833  9 
 834  4 
 835  8 
 836  11 
 837  14 
 838  9 
 839  6 
 840  12 
 841  6 
 842  8 
 843  8 
 844  8 
 845  8 
 846  7 
 847  5 
 848  5 
 849  8 
 850  14 
 851  11 
 852  9 
 853  11 
 854  7 
 855  6 
 856  9 
 857  11 
 858  9 
 859  5 
 860  6 
 861  7 
 862  8 
 863  8 
 864  8 
 865  7 
 866  6 
 867  11 
 868  9 
 869  6 
 870  9 
 871  7 
 872  7 
 873  12 
 874  9 
 875  11 
 876  5 
 877  8 
 878  10 
 879  8 
 880  10 
 881  11 
 882  9 
 883  7 
 884  10 
 885  5 
 886  9 
 887  5 
 888  12 
 889  4 
 890  7 
 891  6 
 892  5 
 893  7 
 894  10 
 895  11 
 896  8 
 897  7 
 898  10 
 899  5 
 900  4 
 901  8 
 902  9 
 903  8 
 904  9 
 905  6 
 906  10 
 907  3 
 908  10 
 909  11 
 910  7 
 911  11 
 912  8 
 913  7 
 914  9 
 915  12 
 916  8 
 917  10 
 918  8 
 919  11 
 920  7 
 921  7 
 922  11 
 923  11 
 924  11 
 925  12 
 926  8 
 927  9 
 928  8 
 929  8 
 930  5 
 931  9 
 932  8 
 933  5 
 934  6 
 935  6 
 936  6 
 937  11 
 938  8 
 939  5 
 940  6 
 941  8 
 942  13 
 943  10 
 944  5 
 945  11 
 946  11 
 947  8 
 948  12 
 949  7 
 950  5 
 951  12 
 952  9 
 953  7 
 954  9 
 955  6 
 956  10 
 957  8 
 958  7 
 959  14 
 960  6 
 961  6 
 962  6 
 963  4 
 964  14 
 965  9 
 966  1 
 967  12 
 968  6 
 969  10 
 970  10 
 971  11 
 972  8 
 973  7 
 974  10 
 975  6 
 976  9 
 977  7 
 978  10 
 979  3 
 980  7 
 981  5 
 982  10 
 983  6 
 984  7 
 985  7 
 986  6 
 987  4 
 988  8 
 989  10 
 990  4 
 991  7 
 992  6 
 993  6 
 994  9 
 995  9 
 996  11 
 997  10 
 998  7 
 999  6 
 1000  1 
 1001  8 
 1002  6 
 1003  6 
 1004  3 
 1005  11 
 1006  5 
 1007  5 
 1008  8 
 1009  7 
 1010  5 
 1011  6 
 1012  4 
 1013  10 
 1014  6 
 1015  5 
 1016  7 
 1017  8 
 1018  9 
 1019  5 
 1020  11 
 1021  6 
 1022  10 
 1023  6 
 1024  4 
 1025  10 
 1026  10 
 1027  6 
 1028  8 
 1029  8 
 1030  9 
 1031  11 
 1032  8 
 1033  7 
 1034  7 
 1035  8 
 1036  8 
 1037  7 
 1038  8 
 1039  12 
 1040  6 
 1041  7 
 1042  9 
 1043  10 
 1044  6 
 1045  8 
 1046  7 
 1047  13 
 1048  4 
 1049  6 
 1050  6 
 1051  6 
 1052  5 
 1053  8 
 1054  6 
 1055  6 
 1056  11 
 1057  9 
 1058  8 
 1059  8 
 1060  11 
 1061  6 
 1062  5 
 1063  9 
 1064  11 
 1065  10 
 1066  8 
 1067  4 
 1068  4 
 1069  7 
 1070  2 
 1071  10 
 1072  10 
 1073  7 
 1074  11 
 1075  7 
 1076  15 
 1077  6 
 1078  7 
 1079  9 
 1080  5 
 1081  5 
 1082  6 
 1083  4 
 1084  11 
 1085  5 
 1086  6 
 1087  10 
 1088  9 
 1089  6 
 1090  8 
 1091  9 
 1092  13 
 1093  7 
 1094  5 
 1095  7 
 1096  9 
 1097  4 
 1098  10 
 1099  9 
 1100  6 
 1101  3 
 1102  3 
 1103  8 
 1104  9 
 1105  8 
 1106  5 
 1107  12 
 1108  11 
 1109  13 
 1110  8 
 1111  4 
 1112  5 
 1113  10 
 1114  10 
 1115  8 
 1116  5 
 1117  13 
 1118  9 
 1119  11 
 1120  5 
 1121  7 
 1122  6 
 1123  8 
 1124  8 
 1125  15 
 1126  4 
 1127  5 
 1128  12 
 1129  13 
 1130  6 
 1131  8 
 1132  4 
 1133  6 
 1134  5 
 1135  10 
 1136  9 
 1137  11 
 1138  9 
 1139  6 
 1140  7 
 1141  7 
 1142  13 
 1143  13 
 1144  8 
 1145  6 
 1146  7 
 1147  5 
 1148  6 
 1149  9 
 1150  12 
 1151  8 
 1152  10 
 1153  10 
 1154  10 
 1155  6 
 1156  6 
 1157  6 
 1158  6 
 1159  10 
 1160  9 
 1161  7 
 1162  3 
 1163  10 
 1164  11 
 1165  4 
 1166  12 
 1167  8 
 1168  6 
 1169  5 
 1170  11 
 1171  7 
 1172  8 
 1173  7 
 1174  12 
 1175  7 
 1176  8 
 1177  7 
 1178  9 
 1179  7 
 1180  1 
 1181  6 
 1182  7 
 1183  8 
 1184  2 
 1185  4 
 1186  7 
 1187  9 
 1188  5 
 1189  4 
 1190  8 
 1191  11 
 1192  11 
 1193  6 
 1194  5 
 1195  5 
 1196  7 
 1197  7 
 1198  4 
 1199  6 
 1200  7 
 1201  6 
 1202  4 
 1203  6 
 1204  8 
 1205  9 
 1206  6 
 1207  11 
 1208  5 
 1209  10 
 1210  4 
 1211  7 
 1212  4 
 1213  8 
 1214  7 
 1215  6 
 1216  9 
 1217  9 
 1218  9 
 1219  6 
 1220  7 
 1221  8 
 1222  6 
 1223  8 
 1224  6 
 1225  8 
 1226  5 
 1227  13 
 1228  2 
 1229  2 
 1230  6 
 1231  5 
 1232  7 
 1233  7 
 1234  5 
 1235  9 
 1236  4 
 1237  10 
 1238  2 
 1239  8 
 1240  10 
 1241  9 
 1242  5 
 1243  3 
 1244  4 
 1245  5 
 1246  5 
 1247  7 
 1248  7 
 1249  7 
 1250  6 
 1251  5 
 1252  4 
 1253  4 
 1254  11 
 1255  7 
 1256  11 
 1257  7 
 1258  8 
 1259  5 
 1260  4 
 1261  9 
 1262  8 
 1263  8 
 1264  7 
 1265  6 
 1266  7 
 1267  8 
 1268  6 
 1269  11 
 1270  10 
 1271  7 
 1272  7 
 1273  8 
 1274  7 
 1275  6 
 1276  10 
 1277  5 
 1278  7 
 1279  12 
 1280  8 
 1281  7 
 1282  6 
 1283  4 
 1284  9 
 1285  3 
 1286  7 
 1287  4 
 1288  4 
 1289  9 
 1290  10 
 1291  10 
 1292  5 
 1293  7 
 1294  6 
 1295  7 
 1296  10 
 1297  8 
 1298  7 
 1299  7 
 1300  5 
 1301  5 
 1302  10 
 1303  4 
 1304  8 
 1305  7 
 1306  5 
 1307  5 
 1308  8 
 1309  18 
 1310  5 
 1311  5 
 1312  6 
 1313  5 
 1314  14 
 1315  8 
 1316  2 
 1317  5 
 1318  10 
 1319  6 
 1320  5 
 1321  4 
 1322  11 
 1323  12 
 1324  7 
 1325  7 
 1326  5 
 1327  8 
 1328  4 
 1329  6 
 1330  7 
 1331  3 
 1332  8 
 1333  3 
 1334  6 
 1335  11 
 1336  3 
 1337  9 
 1338  6 
 1339  5 
 1340  3 
 1341  3 
 1342  10 
 1343  4 
 1344  5 
 1345  4 
 1346  14 
 1347  5 
 1348  8 
 1349  7 
 1350  4 
 1351  4 
 1352  5 
 1353  5 
 1354  6 
 1355  2 
 1356  10 
 1357  2 
 1358  8 
 1359  5 
 1360  7 
 1361  9 
 1362  6 
 1363  6 
 1364  6 
 1365  4 
 1366  4 
 1367  10 
 1368  5 
 1369  7 
 1370  6 
 1371  5 
 1372  8 
 1373  8 
 1374  7 
 1375  9 
 1376  7 
 1377  4 
 1378  4 
 1379  8 
 1380  7 
 1381  9 
 1382  7 
 1383  13 
 1384  4 
 1385  4 
 1386  3 
 1387  6 
 1388  8 
 1389  11 
 1390  5 
 1391  11 
 1392  6 
 1393  8 
 1394  4 
 1395  6 
 1396  4 
 1397  4 
 1398  9 
 1399  7 
 1400  7 
 1401  8 
 1402  12 
 1403  0 
 1404  11 
 1405  11 
 1406  7 
 1407  6 
 1408  8 
 1409  4 
 1410  8 
 1411  8 
 1412  7 
 1413  5 
 1414  6 
 1415  10 
 1416  10 
 1417  10 
 1418  6 
 1419  5 
 1420  3 
 1421  5 
 1422  9 
 1423  4 
 1424  7 
 1425  7 
 1426  6 
 1427  8 
 1428  7 
 1429  9 
 1430  6 
 1431  9 
 1432  9 
 1433  6 
 1434  13 
 1435  8 
 1436  5 
 1437  8 
 1438  17 
 1439  1 
 1440  7 
 1441  7 
 1442  5 
 1443  3 
 1444  5 
 1445  4 
 1446  11 
 1447  6 
 1448  4 
 1449  4 
 1450  8 
 1451  9 
 1452  9 
 1453  7 
 1454  10 
 1455  5 
 1456  8 
 1457  5 
 1458  7 
 1459  7 
 1460  8 
 1461  2 
 1462  7 
 1463  6 
 1464  9 
 1465  5 
 1466  6 
 1467  4 
 1468  9 
 1469  8 
 1470  13 
 1471  2 
 1472  5 
 1473  16 
 1474  2 
 1475  6 
 1476  6 
 1477  4 
 1478  8 
 1479  9 
 1480  10 
 1481  5 
 1482  5 
 1483  7 
 1484  10 
 1485  7 
 1486  7 
 1487  4 
 1488  5 
 1489  8 
 1490  3 
 1491  4 
 1492  9 
 1493  2 
 1494  8 
 1495  3 
 1496  7 
 1497  8 
 1498  5 
 1499  4 
 1500  10 
 1501  14 
 1502  9 
 1503  10 
 1504  8 
 1505  6 
 1506  7 
 1507  8 
 1508  9 
 1509  3 
 1510  7 
 1511  8 
 1512  9 
 1513  3 
 1514  10 
 1515  7 
 1516  9 
 1517  5 
 1518  7 
 1519  9 
 1520  5 
 1521  3 
 1522  11 
 1523  13 
 1524  9 
 1525  6 
 1526  9 
 1527  10 
 1528  5 
 1529  9 
 1530  4 
 1531  4 
 1532  11 
 1533  4 
 1534  9 
 1535  15 
 1536  5 
 1537  11 
 1538  6 
 1539  6 
 1540  3 
 1541  9 
 1542  7 
 1543  4 
 1544  9 
 1545  3 
 1546  6 
 1547  5 
 1548  7 
 1549  10 
 1550  4 
 1551  10 
 1552  8 
 1553  15 
 1554  8 
 1555  12 
 1556  3 
 1557  4 
 1558  4 
 1559  8 
 1560  6 
 1561  5 
 1562  7 
 1563  11 
 1564  6 
 1565  6 
 1566  3 
 1567  1 
 1568  6 
 1569  4 
 1570  8 
 1571  9 
 1572  4 
 1573  8 
 1574  8 
 1575  6 
 1576  2 
 1577  7 
 1578  2 
 1579  10 
 1580  13 
 1581  5 
 1582  6 
 1583  3 
 1584  2 
 1585  12 
 1586  6 
 1587  10 
 1588  7 
 1589  5 
 1590  6 
 1591  10 
 1592  5 
 1593  9 
 1594  6 
 1595  6 
 1596  5 
 1597  10 
 1598  7 
 1599  7 
 1600  6 
 1601  5 
 1602  8 
 1603  4 
 1604  7 
 1605  5 
 1606  9 
 1607  5 
 1608  8 
 1609  7 
 1610  6 
 1611  6 
 1612  5 
 1613  10 
 1614  1 
 1615  5 
 1616  6 
 1617  14 
 1618  10 
 1619  7 
 1620  7 
 1621  4 
 1622  3 
 1623  12 
 1624  0 
 1625  3 
 1626  6 
 1627  3 
 1628  4 
 1629  8 
 1630  15 
 1631  3 
 1632  7 
 1633  6 
 1634  12 
 1635  5 
 1636  4 
 1637  5 
 1638  7 
 1639  8 
 1640  12 
 1641  12 
 1642  9 
 1643  7 
 1644  8 
 1645  3 
 1646  7 
 1647  9 
 1648  12 
 1649  3 
 1650  7 
 1651  7 
 1652  6 
 1653  3 
 1654  9 
 1655  11 
 1656  3 
 1657  3 
 1658  12 
 1659  9 
 1660  7 
 1661  5 
 1662  9 
 1663  5 
 1664  2 
 1665  4 
 1666  7 
 1667  3 
 1668  5 
 1669  6 
 1670  6 
 1671  12 
 1672  4 
 1673  11 
 1674  3 
 1675  8 
 1676  8 
 1677  4 
 1678  8 
 1679  11 
 1680  6 
 1681  3 
 1682  6 
 1683  3 
 1684  5 
 1685  6 
 1686  4 
 1687  4 
 1688  8 
 1689  9 
 1690  8 
 1691  4 
 1692  6 
 1693  7 
 1694  5 
 1695  6 
 1696  9 
 1697  13 
 1698  14 
 1699  10 
 1700  8 
 1701  10 
 1702  7 
 1703  6 
 1704  5 
 1705  8 
 1706  8 
 1707  4 
 1708  5 
 1709  9 
 1710  5 
 1711  3 
 1712  11 
 1713  7 
 1714  6 
 1715  4 
 1716  9 
 1717  7 
 1718  6 
 1719  7 
 1720  6 
 1721  6 
 1722  2 
 1723  2 
 1724  13 
 1725  11 
 1726  8 
 1727  4 
 1728  4 
 1729  9 
 1730  7 
 1731  4 
 1732  5 
 1733  6 
 1734  13 
 1735  3 
 1736  5 
 1737  8 
 1738  6 
 1739  4 
 1740  7 
 1741  8 
 1742  11 
 1743  9 
 1744  14 
 1745  4 
 1746  5 
 1747  7 
 1748  7 
 1749  5 
 1750  6 
 1751  3 
 1752  5 
 1753  5 
 1754  7 
 1755  6 
 1756  3 
 1757  4 
 1758  10 
 1759  6 
 1760  3 
 1761  10 
 1762  8 
 1763  5 
 1764  1 
 1765  4 
 1766  6 
 1767  5 
 1768  6 
 1769  5 
 1770  5 
 1771  2 
 1772  6 
 1773  10 
 1774  8 
 1775  3 
 1776  5 
 1777  8 
 1778  5 
 1779  8 
 1780  1 
 1781  10 
 1782  4 
 1783  7 
 1784  6 
 1785  7 
 1786  5 
 1787  14 
 1788  9 
 1789  4 
 1790  5 
 1791  2 
 1792  3 
 1793  9 
 1794  7 
 1795  7 
 1796  6 
 1797  8 
 1798  7 
 1799  15 
 1800  4 
 1801  7 
 1802  6 
 1803  7 
 1804  9 
 1805  2 
 1806  4 
 1807  9 
 1808  2 
 1809  10 
 1810  5 
 1811  8 
 1812  6 
 1813  8 
 1814  7 
 1815  6 
 1816  5 
 1817  7 
 1818  9 
 1819  9 
 1820  10 
 1821  6 
 1822  10 
 1823  10 
 1824  6 
 1825  7 
 1826  9 
 1827  9 
 1828  10 
 1829  10 
 1830  5 
 1831  5 
 1832  5 
 1833  10 
 1834  3 
 1835  7 
 1836  8 
 1837  6 
 1838  5 
 1839  9 
 1840  5 
 1841  8 
 1842  7 
 1843  4 
 1844  6 
 1845  9 
 1846  7 
 1847  6 
 1848  5 
 1849  8 
 1850  8 
 1851  6 
 1852  5 
 1853  10 
 1854  8 
 1855  9 
 1856  3 
 1857  8 
 1858  7 
 1859  7 
 1860  9 
 1861  4 
 1862  3 
 1863  9 
 1864  4 
 1865  3 
 1866  3 
 1867  8 
 1868  6 
 1869  11 
 1870  9 
 1871  4 
 1872  8 
 1873  7 
 1874  1 
 1875  8 
 1876  10 
 1877  13 
 1878  9 
 1879  2 
 1880  9 
 1881  8 
 1882  5 
 1883  7 
 1884  5 
 1885  6 
 1886  7 
 1887  6 
 1888  7 
 1889  6 
 1890  9 
 1891  7 
 1892  6 
 1893  4 
 1894  7 
 1895  12 
 1896  6 
 1897  6 
 1898  9 
 1899  7 
 1900  5 
 1901  2 
 1902  8 
 1903  8 
 1904  10 
 1905  5 
 1906  5 
 1907  4 
 1908  4 
 1909  5 
 1910  6 
 1911  8 
 1912  6 
 1913  13 
 1914  2 
 1915  8 
 1916  4 
 1917  3 
 1918  5 
 1919  4 
 1920  11 
 1921  5 
 1922  4 
 1923  9 
 1924  9 
 1925  4 
 1926  7 
 1927  3 
 1928  5 
 1929  3 
 1930  7 
 1931  5 
 1932  7 
 1933  10 
 1934  10 
 1935  4 
 1936  5 
 1937  4 
 1938  10 
 1939  4 
 1940  7 
 1941  6 
 1942  5 
 1943  7 
 1944  4 
 1945  3 
 1946  11 
 1947  5 
 1948  5 
 1949  8 
 1950  5 
 1951  9 
 1952  1 
 1953  3 
 1954  2 
 1955  9 
 1956  7 
 1957  3 
 1958  6 
 1959  6 
 1960  7 
 1961  5 
 1962  11 
 1963  8 
 1964  3 
 1965  6 
 1966  10 
 1967  9 
 1968  7 
 1969  11 
 1970  3 
 1971  5 
 1972  5 
 1973  5 
 1974  6 
 1975  4 
 1976  6 
 1977  6 
 1978  10 
 1979  2 
 1980  6 
 1981  5 
 1982  5 
 1983  5 
 1984  6 
 1985  4 
 1986  9 
 1987  7 
 1988  5 
 1989  4 
 1990  10 
 1991  6 
 1992  4 
 1993  14 
 1994  10 
 1995  3 
 1996  2 
 1997  6 
 1998  11 
 1999  6 
 2000  7 
 2001  5 
 2002  9 
 2003  3 
 2004  7 
 2005  10 
 2006  7 
 2007  7 
 2008  8 
 2009  12 
 2010  11 
 2011  6 
 2012  7 
 2013  4 
 2014  5 
 2015  10 
 2016  7 
 2017  6 
 2018  7 
 2019  4 
 2020  5 
 2021  6 
 2022  4 
 2023  7 
 2024  6 
 2025  3 
 2026  3 
 2027  6 
 2028  14 
 2029  4 
 2030  16 
 2031  6 
 2032  12 
 2033  11 
 2034  4 
 2035  7 
 2036  6 
 2037  4 
 2038  7 
 2039  7 
 2040  1 
 2041  6 
 2042  5 
 2043  1 
 2044  9 
 2045  10 
 2046  8 
 2047  8 
 2048  7 
 2049  6 
 2050  8 
 2051  7 
 2052  3 
 2053  6 
 2054  2 
 2055  3 
 2056  4 
 2057  5 
 2058  5 
 2059  5 
 2060  5 
 2061  10 
 2062  5 
 2063  8 
 2064  5 
 2065  4 
 2066  7 
 2067  7 
 2068  10 
 2069  4 
 2070  6 
 2071  3 
 2072  4 
 2073  3 
 2074  1 
 2075  3 
 2076  4 
 2077  8 
 2078  6 
 2079  2 
 2080  6 
 2081  7 
 2082  4 
 2083  8 
 2084  7 
 2085  6 
 2086  11 
 2087  7 
 2088  5 
 2089  5 
 2090  5 
 2091  6 
 2092  6 
 2093  6 
 2094  12 
 2095  14 
 2096  4 
 2097  12 
 2098  9 
 2099  5 
 2100  3 
 2101  7 
 2102  7 
 2103  6 
 2104  5 
 2105  2 
 2106  7 
 2107  8 
 2108  7 
 2109  3 
 2110  4 
 2111  3 
 2112  3 
 2113  4 
 2114  5 
 2115  7 
 2116  3 
 2117  10 
 2118  8 
 2119  5 
 2120  9 
 2121  4 
 2122  14 
 2123  4 
 2124  4 
 2125  3 
 2126  5 
 2127  4 
 2128  4 
 2129  6 
 2130  4 
 2131  2 
 2132  7 
 2133  6 
 2134  8 
 2135  9 
 2136  6 
 2137  5 
 2138  8 
 2139  6 
 2140  5 
 2141  7 
 2142  5 
 2143  8 
 2144  5 
 2145  6 
 2146  5 
 2147  8 
 2148  10 
 2149  5 
 2150  10 
 2151  7 
 2152  7 
 2153  5 
 2154  8 
 2155  4 
 2156  5 
 2157  4 
 2158  4 
 2159  3 
 2160  6 
 2161  5 
 2162  3 
 2163  3 
 2164  7 
 2165  1 
 2166  3 
 2167  5 
 2168  4 
 2169  4 
 2170  5 
 2171  6 
 2172  6 
 2173  3 
 2174  6 
 2175  6 
 2176  9 
 2177  6 
 2178  8 
 2179  3 
 2180  3 
 2181  8 
 2182  10 
 2183  4 
 2184  6 
 2185  7 
 2186  1 
 2187  2 
 2188  4 
 2189  10 
 2190  9 
 2191  6 
 2192  5 
 2193  8 
 2194  8 
 2195  7 
 2196  8 
 2197  8 
 2198  8 
 2199  3 
 2200  10 
 2201  8 
 2202  11 
 2203  4 
 2204  8 
 2205  12 
 2206  6 
 2207  10 
 2208  5 
 2209  5 
 2210  10 
 2211  4 
 2212  6 
 2213  4 
 2214  5 
 2215  3 
 2216  8 
 2217  8 
 2218  2 
 2219  2 
 2220  1 
 2221  3 
 2222  7 
 2223  7 
 2224  8 
 2225  10 
 2226  8 
 2227  4 
 2228  7 
 2229  2 
 2230  8 
 2231  8 
 2232  9 
 2233  3 
 2234  4 
 2235  3 
 2236  4 
 2237  9 
 2238  3 
 2239  7 
 2240  9 
 2241  12 
 2242  7 
 2243  7 
 2244  8 
 2245  7 
 2246  2 
 2247  10 
 2248  6 
 2249  4 
 2250  6 
 2251  7 
 2252  8 
 2253  4 
 2254  5 
 2255  2 
 2256  6 
 2257  4 
 2258  11 
 2259  6 
 2260  4 
 2261  9 
 2262  8 
 2263  5 
 2264  8 
 2265  9 
 2266  9 
 2267  10 
 2268  4 
 2269  4 
 2270  9 
 2271  7 
 2272  7 
 2273  5 
 2274  6 
 2275  4 
 2276  7 
 2277  3 
 2278  7 
 2279  10 
 2280  10 
 2281  7 
 2282  5 
 2283  8 
 2284  3 
 2285  6 
 2286  6 
 2287  9 
 2288  10 
 2289  2 
 2290  5 
 2291  4 
 2292  3 
 2293  5 
 2294  5 
 2295  6 
 2296  9 
 2297  5 
 2298  3 
 2299  5 
 2300  5 
 2301  9 
 2302  4 
 2303  8 
 2304  7 
 2305  4 
 2306  4 
 2307  3 
 2308  9 
 2309  3 
 2310  8 
 2311  10 
 2312  2 
 2313  3 
 2314  5 
 2315  6 
 2316  5 
 2317  7 
 2318  8 
 2319  8 
 2320  7 
 2321  5 
 2322  7 
 2323  3 
 2324  7 
 2325  3 
 2326  5 
 2327  4 
 2328  5 
 2329  7 
 2330  3 
 2331  6 
 2332  5 
 2333  6 
 2334  6 
 2335  5 
 2336  4 
 2337  8 
 2338  2 
 2339  2 
 2340  6 
 2341  3 
 2342  8 
 2343  7 
 2344  1 
 2345  6 
 2346  7 
 2347  7 
 2348  8 
 2349  3 
 2350  10 
 2351  2 
 2352  13 
 2353  7 
 2354  8 
 2355  4 
 2356  7 
 2357  7 
 2358  4 
 2359  5 
 2360  10 
 2361  2 
 2362  4 
 2363  7 
 2364  5 
 2365  3 
 2366  2 
 2367  4 
 2368  6 
 2369  7 
 2370  9 
 2371  12 
 2372  6 
 2373  5 
 2374  5 
 2375  7 
 2376  10 
 2377  9 
 2378  2 
 2379  7 
 2380  7 
 2381  7 
 2382  4 
 2383  4 
 2384  1 
 2385  2 
 2386  7 
 2387  8 
 2388  6 
 2389  12 
 2390  7 
 2391  6 
 2392  10 
 2393  8 
 2394  6 
 2395  1 
 2396  5 
 2397  16 
 2398  7 
 2399  7 
 2400  4 
 2401  7 
 2402  6 
 2403  12 
 2404  3 
 2405  6 
 2406  5 
 2407  3 
 2408  11 
 2409  3 
 2410  4 
 2411  3 
 2412  6 
 2413  7 
 2414  10 
 2415  10 
 2416  6 
 2417  5 
 2418  8 
 2419  9 
 2420  4 
 2421  3 
 2422  1 
 2423  8 
 2424  6 
 2425  12 
 2426  7 
 2427  6 
 2428  6 
 2429  5 
 2430  7 
 2431  6 
 2432  8 
 2433  2 
 2434  4 
 2435  9 
 2436  10 
 2437  5 
 2438  6 
 2439  9 
 2440  12 
 2441  3 
 2442  11 
 2443  2 
 2444  8 
 2445  5 
 2446  5 
 2447  7 
 2448  4 
 2449  8 
 2450  4 
 2451  8 
 2452  5 
 2453  7 
 2454  7 
 2455  8 
 2456  9 
 2457  12 
 2458  10 
 2459  7 
 2460  6 
 2461  7 
 2462  10 
 2463  9 
 2464  4 
 2465  7 
 2466  8 
 2467  4 
 2468  8 
 2469  11 
 2470  9 
 2471  3 
 2472  5 
 2473  7 
 2474  9 
 2475  12 
 2476  5 
 2477  15 
 2478  16 
 2479  8 
 2480  7 
 2481  9 
 2482  8 
 2483  8 
 2484  10 
 2485  8 
 2486  11 
 2487  13 
 2488  10 
 2489  20 
 2490  9 
 2491  15 
 2492  11 
 2493  15 
 2494  17 
 2495  11 
 2496  15 
 2497  13 
 2498  14 
 2499  13 
 2500  13 
 2501  13 
 2502  6 
 2503  13 
 2504  14 
 2505  12 
 2506  8 
 2507  14 
 2508  9 
 2509  11 
 2510  14 
 2511  5 
 2512  8 
 2513  13 
 2514  12 
 2515  18 
 2516  7 
 2517  10 
 2518  15 
 2519  8 
 2520  11 
 2521  7 
 2522  11 
 2523  8 
 2524  7 
 2525  11 
 2526  6 
 2527  8 
 2528  9 
 2529  9 
 2530  9 
 2531  0 
 2532  10 
 2533  5 
 2534  7 
 2535  4 
 2536  5 
 2537  6 
 2538  9 
 2539  3 
 2540  6 
 2541  7 
 2542  2 
 2543  6 
 2544  1 
 2545  5 
 2546  6 
 2547  4 
 2548  5 
 2549  5 
 2550  7 
 2551  11 
 2552  9 
 2553  5 
 2554  8 
 2555  4 
 2556  6 
 2557  5 
 2558  3 
 2559  6 
 2560  6 
 2561  2 
 2562  6 
 2563  7 
 2564  6 
 2565  3 
 2566  6 
 2567  0 
 2568  8 
 2569  12 
 2570  9 
 2571  5 
 2572  6 
 2573  4 
 2574  8 
 2575  4 
 2576  4 
 2577  9 
 2578  5 
 2579  5 
 2580  8 
 2581  3 
 2582  5 
 2583  8 
 2584  12 
 2585  3 
 2586  7 
 2587  6 
 2588  7 
 2589  7 
 2590  4 
 2591  3 
 2592  1 
 2593  4 
 2594  6 
 2595  4 
 2596  8 
 2597  7 
 2598  5 
 2599  5 
 2600  3 
 2601  6 
 2602  5 
 2603  7 
 2604  3 
 2605  6 
 2606  5 
 2607  4 
 2608  7 
 2609  8 
 2610  8 
 2611  4 
 2612  4 
 2613  9 
 2614  9 
 2615  5 
 2616  5 
 2617  7 
 2618  7 
 2619  11 
 2620  1 
 2621  6 
 2622  6 
 2623  10 
 2624  7 
 2625  7 
 2626  3 
 2627  10 
 2628  12 
 2629  4 
 2630  4 
 2631  4 
 2632  8 
 2633  5 
 2634  5 
 2635  10 
 2636  5 
 2637  8 
 2638  9 
 2639  1 
 2640  8 
 2641  5 
 2642  6 
 2643  6 
 2644  7 
 2645  6 
 2646  6 
 2647  4 
 2648  4 
 2649  7 
 2650  5 
 2651  4 
 2652  6 
 2653  7 
 2654  5 
 2655  3 
 2656  6 
 2657  4 
 2658  6 
 2659  11 
 2660  3 
 2661  4 
 2662  9 
 2663  3 
 2664  7 
 2665  8 
 2666  7 
 2667  4 
 2668  3 
 2669  8 
 2670  8 
 2671  6 
 2672  11 
 2673  3 
 2674  7 
 2675  4 
 2676  7 
 2677  4 
 2678  12 
 2679  5 
 2680  5 
 2681  5 
 2682  7 
 2683  4 
 2684  5 
 2685  4 
 2686  8 
 2687  7 
 2688  10 
 2689  7 
 2690  4 
 2691  10 
 2692  11 
 2693  2 
 2694  7 
 2695  6 
 2696  4 
 2697  4 
 2698  3 
 2699  7 
 2700  3 
 2701  5 
 2702  6 
 2703  5 
 2704  8 
 2705  5 
 2706  6 
 2707  6 
 2708  9 
 2709  5 
 2710  8 
 2711  4 
 2712  3 
 2713  9 
 2714  7 
 2715  13 
 2716  5 
 2717  4 
 2718  3 
 2719  2 
 2720  7 
 2721  4 
 2722  4 
 2723  6 
 2724  7 
 2725  8 
 2726  6 
 2727  10 
 2728  3 
 2729  4 
 2730  8 
 2731  5 
 2732  6 
 2733  10 
 2734  7 
 2735  4 
 2736  4 
 2737  4 
 2738  7 
 2739  6 
 2740  8 
 2741  3 
 2742  9 
 2743  8 
 2744  5 
 2745  11 
 2746  5 
 2747  8 
 2748  6 
 2749  7 
 2750  6 
 2751  2 
 2752  6 
 2753  7 
 2754  9 
 2755  3 
 2756  4 
 2757  7 
 2758  7 
 2759  8 
 2760  13 
 2761  4 
 2762  7 
 2763  10 
 2764  2 
 2765  5 
 2766  2 
 2767  1 
 2768  7 
 2769  5 
 2770  6 
 2771  3 
 2772  3 
 2773  6 
 2774  7 
 2775  6 
 2776  4 
 2777  8 
 2778  6 
 2779  2 
 2780  7 
 2781  4 
 2782  4 
 2783  3 
 2784  6 
 2785  5 
 2786  5 
 2787  8 
 2788  5 
 2789  4 
 2790  8 
 2791  7 
 2792  5 
 2793  7 
 2794  7 
 2795  9 
 2796  4 
 2797  4 
 2798  6 
 2799  7 
 2800  4 
 2801  2 
 2802  5 
 2803  3 
 2804  9 
 2805  6 
 2806  5 
 2807  3 
 2808  0 
 2809  5 
 2810  5 
 2811  8 
 2812  5 
 2813  9 
 2814  8 
 2815  6 
 2816  6 
 2817  6 
 2818  7 
 2819  4 
 2820  6 
 2821  3 
 2822  9 
 2823  5 
 2824  7 
 2825  5 
 2826  4 
 2827  13 
 2828  9 
 2829  6 
 2830  5 
 2831  3 
 2832  8 
 2833  8 
 2834  4 
 2835  10 
 2836  7 
 2837  6 
 2838  5 
 2839  4 
 2840  9 
 2841  8 
 2842  9 
 2843  6 
 2844  11 
 2845  2 
 2846  4 
 2847  6 
 2848  6 
 2849  9 
 2850  4 
 2851  9 
 2852  8 
 2853  4 
 2854  6 
 2855  10 
 2856  4 
 2857  6 
 2858  8 
 2859  6 
 2860  5 
 2861  6 
 2862  6 
 2863  5 
 2864  7 
 2865  6 
 2866  10 
 2867  6 
 2868  7 
 2869  11 
 2870  6 
 2871  6 
 2872  13 
 2873  4 
 2874  9 
 2875  6 
 2876  3 
 2877  9 
 2878  10 
 2879  5 
 2880  5 
 2881  6 
 2882  9 
 2883  5 
 2884  7 
 2885  3 
 2886  10 
 2887  5 
 2888  4 
 2889  10 
 2890  4 
 2891  5 
 2892  13 
 2893  11 
 2894  6 
 2895  8 
 2896  13 
 2897  4 
 2898  11 
 2899  3 
 2900  10 
 2901  8 
 2902  4 
 2903  7 
 2904  6 
 2905  2 
 2906  6 
 2907  4 
 2908  3 
 2909  10 
 2910  10 
 2911  8 
 2912  7 
 2913  9 
 2914  5 
 2915  10 
 2916  7 
 2917  7 
 2918  5 
 2919  2 
 2920  11 
 2921  7 
 2922  1 
 2923  7 
 2924  2 
 2925  5 
 2926  2 
 2927  2 
 2928  4 
 2929  8 
 2930  4 
 2931  3 
 2932  7 
 2933  13 
 2934  2 
 2935  7 
 2936  4 
 2937  9 
 2938  7 
 2939  2 
 2940  1 
 2941  9 
 2942  1 
 2943  6 
 2944  11 
 2945  5 
 2946  4 
 2947  6 
 2948  7 
 2949  1 
 2950  7 
 2951  5 
 2952  2 
 2953  6 
 2954  6 
 2955  9 
 2956  7 
 2957  5 
 2958  3 
 2959  4 
 2960  4 
 2961  5 
 2962  10 
 2963  10 
 2964  7 
 2965  5 
 2966  3 
 2967  4 
 2968  4 
 2969  2 
 2970  3 
 2971  5 
 2972  3 
 2973  6 
 2974  7 
 2975  5 
 2976  5 
 2977  4 
 2978  5 
 2979  11 
 2980  4 
 2981  5 
 2982  7 
 2983  11 
 2984  13 
 2985  5 
 2986  6 
 2987  3 
 2988  4 
 2989  2 
 2990  4 
 2991  9 
 2992  7 
 2993  6 
 2994  8 
 2995  7 
 2996  5 
 2997  5 
 2998  8 
 2999  8 
 3000  4 
 3001  3 
 3002  10 
 3003  9 
 3004  2 
 3005  11 
 3006  2 
 3007  3 
 3008  6 
 3009  3 
 3010  8 
 3011  11 
 3012  6 
 3013  6 
 3014  3 
 3015  8 
 3016  1 
 3017  7 
 3018  9 
 3019  5 
 3020  8 
 3021  6 
 3022  7 
 3023  8 
 3024  10 
 3025  8 
 3026  7 
 3027  3 
 3028  10 
 3029  11 
 3030  6 
 3031  6 
 3032  5 
 3033  8 
 3034  12 
 3035  4 
 3036  8 
 3037  8 
 3038  9 
 3039  6 
 3040  7 
 3041  4 
 3042  8 
 3043  8 
 3044  4 
 3045  7 
 3046  5 
 3047  9 
 3048  4 
 3049  8 
 3050  9 
 3051  8 
 3052  5 
 3053  11 
 3054  3 
 3055  7 
 3056  5 
 3057  4 
 3058  11 
 3059  3 
 3060  2 
 3061  7 
 3062  7 
 3063  3 
 3064  7 
 3065  8 
 3066  7 
 3067  7 
 3068  10 
 3069  9 
 3070  8 
 3071  8 
 3072  4 
 3073  6 
 3074  9 
 3075  5 
 3076  4 
 3077  3 
 3078  7 
 3079  4 
 3080  13 
 3081  4 
 3082  7 
 3083  8 
 3084  6 
 3085  14 
 3086  8 
 3087  5 
 3088  11 
 3089  6 
 3090  5 
 3091  8 
 3092  10 
 3093  5 
 3094  7 
 3095  10 
 3096  7 
 3097  4 
 3098  7 
 3099  5 
 3100  6 
 3101  9 
 3102  3 
 3103  7 
 3104  9 
 3105  9 
 3106  8 
 3107  9 
 3108  4 
 3109  10 
 3110  10 
 3111  9 
 3112  7 
 3113  4 
 3114  7 
 3115  6 
 3116  8 
 3117  4 
 3118  5 
 3119  10 
 3120  5 
 3121  4 
 3122  6 
 3123  1 
 3124  7 
 3125  7 
 3126  7 
 3127  7 
 3128  8 
 3129  4 
 3130  8 
 3131  11 
 3132  8 
 3133  1 
 3134  4 
 3135  9 
 3136  6 
 3137  7 
 3138  9 
 3139  3 
 3140  4 
 3141  3 
 3142  6 
 3143  11 
 3144  7 
 3145  4 
 3146  4 
 3147  6 
 3148  11 
 3149  7 
 3150  9 
 3151  7 
 3152  6 
 3153  4 
 3154  8 
 3155  4 
 3156  10 
 3157  13 
 3158  1 
 3159  3 
 3160  4 
 3161  12 
 3162  10 
 3163  3 
 3164  4 
 3165  3 
 3166  2 
 3167  4 
 3168  8 
 3169  7 
 3170  9 
 3171  11 
 3172  4 
 3173  11 
 3174  7 
 3175  10 
 3176  5 
 3177  3 
 3178  3 
 3179  3 
 3180  5 
 3181  4 
 3182  5 
 3183  9 
 3184  9 
 3185  7 
 3186  8 
 3187  6 
 3188  3 
 3189  12 
 3190  6 
 3191  6 
 3192  8 
 3193  3 
 3194  7 
 3195  7 
 3196  7 
 3197  7 
 3198  7 
 3199  4 
 3200  8 
 3201  9 
 3202  3 
 3203  12 
 3204  7 
 3205  9 
 3206  5 
 3207  11 
 3208  7 
 3209  3 
 3210  5 
 3211  4 
 3212  9 
 3213  10 
 3214  5 
 3215  9 
 3216  9 
 3217  8 
 3218  5 
 3219  8 
 3220  6 
 3221  6 
 3222  9 
 3223  8 
 3224  8 
 3225  8 
 3226  9 
 3227  14 
 3228  6 
 3229  6 
 3230  8 
 3231  9 
 3232  7 
 3233  5 
 3234  8 
 3235  7 
 3236  13 
 3237  4 
 3238  11 
 3239  10 
 3240  9 
 3241  11 
 3242  11 
 3243  10 
 3244  10 
 3245  12 
 3246  11 
 3247  14 
 3248  12 
 3249  8 
 3250  10 
 3251  16 
 3252  18 
 3253  13 
 3254  17 
 3255  16 
 3256  18 
 3257  22 
 3258  24 
 3259  13 
 3260  18 
 3261  22 
 3262  12 
 3263  19 
 3264  22 
 3265  25 
 3266  19 
 3267  24 
 3268  28 
 3269  21 
 3270  26 
 3271  18 
 3272  23 
 3273  24 
 3274  27 
 3275  31 
 3276  24 
 3277  21 
 3278  21 
 3279  16 
 3280  17 
 3281  25 
 3282  26 
 3283  16 
 3284  20 
 3285  11 
 3286  19 
 3287  21 
 3288  19 
 3289  20 
 3290  22 
 3291  22 
 3292  15 
 3293  16 
 3294  16 
 3295  12 
 3296  7 
 3297  13 
 3298  10 
 3299  12 
 3300  8 
 3301  12 
 3302  7 
 3303  11 
 3304  10 
 3305  10 
 3306  14 
 3307  11 
 3308  11 
 3309  11 
 3310  9 
 3311  8 
 3312  12 
 3313  8 
 3314  16 
 3315  8 
 3316  10 
 3317  10 
 3318  14 
 3319  16 
 3320  14 
 3321  12 
 3322  14 
 3323  10 
 3324  23 
 3325  17 
 3326  14 
 3327  22 
 3328  18 
 3329  23 
 3330  13 
 3331  15 
 3332  28 
 3333  32 
 3334  36 
 3335  36 
 3336  28 
 3337  55 
 3338  31 
 3339  30 
 3340  61 
 3341  53 
 3342  48 
 3343  51 
 3344  65 
 3345  66 
 3346  81 
 3347  83 
 3348  76 
 3349  83 
 3350  80 
 3351  103 
 3352  95 
 3353  96 
 3354  103 
 3355  128 
 3356  122 
 3357  141 
 3358  164 
 3359  121 
 3360  147 
 3361  140 
 3362  144 
 3363  198 
 3364  154 
 3365  161 
 3366  153 
 3367  205 
 3368  173 
 3369  159 
 3370  182 
 3371  177 
 3372  195 
 3373  194 
 3374  173 
 3375  187 
 3376  199 
 3377  213 
 3378  195 
 3379  179 
 3380  190 
 3381  168 
 3382  158 
 3383  153 
 3384  153 
 3385  144 
 3386  164 
 3387  134 
 3388  136 
 3389  114 
 3390  140 
 3391  126 
 3392  99 
 3393  97 
 3394  76 
 3395  82 
 3396  78 
 3397  74 
 3398  57 
 3399  42 
 3400  60 
 3401  31 
 3402  40 
 3403  27 
 3404  29 
 3405  27 
 3406  25 
 3407  14 
 3408  25 
 3409  17 
 3410  14 
 3411  12 
 3412  12 
 3413  13 
 3414  9 
 3415  6 
 3416  4 
 3417  9 
 3418  6 
 3419  8 
 3420  4 
 3421  7 
 3422  9 
 3423  7 
 3424  5 
 3425  5 
 3426  7 
 3427  2 
 3428  5 
 3429  9 
 3430  9 
 3431  6 
 3432  13 
 3433  9 
 3434  10 
 3435  6 
 3436  5 
 3437  8 
 3438  6 
 3439  5 
 3440  7 
 3441  3 
 3442  6 
 3443  1 
 3444  0 
 3445  6 
 3446  5 
 3447  7 
 3448  7 
 3449  5 
 3450  8 
 3451  5 
 3452  4 
 3453  5 
 3454  3 
 3455  10 
 3456  5 
 3457  3 
 3458  6 
 3459  6 
 3460  6 
 3461  5 
 3462  5 
 3463  12 
 3464  4 
 3465  4 
 3466  6 
 3467  7 
 3468  8 
 3469  3 
 3470  10 
 3471  16 
 3472  4 
 3473  7 
 3474  8 
 3475  7 
 3476  4 
 3477  13 
 3478  3 
 3479  11 
 3480  7 
 3481  8 
 3482  6 
 3483  6 
 3484  8 
 3485  3 
 3486  6 
 3487  4 
 3488  9 
 3489  6 
 3490  7 
 3491  6 
 3492  5 
 3493  7 
 3494  4 
 3495  6 
 3496  4 
 3497  4 
 3498  13 
 3499  9 
 3500  8 
 3501  7 
 3502  6 
 3503  5 
 3504  7 
 3505  7 
 3506  6 
 3507  8 
 3508  6 
 3509  6 
 3510  5 
 3511  11 
 3512  11 
 3513  7 
 3514  5 
 3515  9 
 3516  9 
 3517  3 
 3518  4 
 3519  3 
 3520  12 
 3521  8 
 3522  8 
 3523  11 
 3524  5 
 3525  9 
 3526  5 
 3527  10 
 3528  3 
 3529  11 
 3530  14 
 3531  8 
 3532  5 
 3533  6 
 3534  5 
 3535  10 
 3536  4 
 3537  3 
 3538  10 
 3539  8 
 3540  7 
 3541  4 
 3542  6 
 3543  5 
 3544  4 
 3545  10 
 3546  8 
 3547  6 
 3548  10 
 3549  7 
 3550  9 
 3551  4 
 3552  7 
 3553  9 
 3554  6 
 3555  10 
 3556  13 
 3557  8 
 3558  6 
 3559  7 
 3560  6 
 3561  10 
 3562  6 
 3563  10 
 3564  8 
 3565  5 
 3566  13 
 3567  7 
 3568  8 
 3569  5 
 3570  14 
 3571  11 
 3572  10 
 3573  7 
 3574  12 
 3575  14 
 3576  4 
 3577  9 
 3578  11 
 3579  12 
 3580  12 
 3581  17 
 3582  10 
 3583  10 
 3584  12 
 3585  15 
 3586  11 
 3587  23 
 3588  11 
 3589  17 
 3590  20 
 3591  21 
 3592  27 
 3593  21 
 3594  23 
 3595  16 
 3596  25 
 3597  30 
 3598  41 
 3599  41 
 3600  41 
 3601  39 
 3602  40 
 3603  49 
 3604  66 
 3605  65 
 3606  63 
 3607  70 
 3608  93 
 3609  93 
 3610  91 
 3611  84 
 3612  95 
 3613  112 
 3614  123 
 3615  151 
 3616  144 
 3617  160 
 3618  180 
 3619  205 
 3620  235 
 3621  247 
 3622  217 
 3623  298 
 3624  296 
 3625  298 
 3626  360 
 3627  376 
 3628  412 
 3629  385 
 3630  473 
 3631  521 
 3632  554 
 3633  702 
 3634  774 
 3635  786 
 3636  893 
 3637  983 
 3638  1083 
 3639  1175 
 3640  1268 
 3641  1457 
 3642  1527 
 3643  1664 
 3644  1905 
 3645  1952 
 3646  2066 
 3647  2277 
 3648  2307 
 3649  2372 
 3650  2408 
 3651  2637 
 3652  2557 
 3653  2666 
 3654  2703 
 3655  2656 
 3656  2567 
 3657  2507 
 3658  2324 
 3659  2331 
 3660  2213 
 3661  2070 
 3662  1924 
 3663  1693 
 3664  1605 
 3665  1504 
 3666  1338 
 3667  1179 
 3668  997 
 3669  894 
 3670  783 
 3671  695 
 3672  577 
 3673  488 
 3674  413 
 3675  345 
 3676  276 
 3677  219 
 3678  209 
 3679  183 
 3680  153 
 3681  128 
 3682  95 
 3683  99 
 3684  76 
 3685  57 
 3686  69 
 3687  43 
 3688  50 
 3689  34 
 3690  34 
 3691  24 
 3692  26 
 3693  29 
 3694  22 
 3695  34 
 3696  28 
 3697  26 
 3698  23 
 3699  12 
 3700  17 
 3701  18 
 3702  9 
 3703  17 
 3704  17 
 3705  8 
 3706  15 
 3707  12 
 3708  10 
 3709  14 
 3710  25 
 3711  14 
 3712  14 
 3713  14 
 3714  5 
 3715  18 
 3716  18 
 3717  16 
 3718  16 
 3719  13 
 3720  10 
 3721  16 
 3722  15 
 3723  14 
 3724  17 
 3725  22 
 3726  20 
 3727  19 
 3728  25 
 3729  24 
 3730  18 
 3731  24 
 3732  16 
 3733  28 
 3734  24 
 3735  31 
 3736  32 
 3737  36 
 3738  33 
 3739  62 
 3740  58 
 3741  64 
 3742  57 
 3743  57 
 3744  73 
 3745  76 
 3746  75 
 3747  80 
 3748  78 
 3749  84 
 3750  85 
 3751  83 
 3752  98 
 3753  79 
 3754  87 
 3755  73 
 3756  75 
 3757  61 
 3758  61 
 3759  61 
 3760  61 
 3761  51 
 3762  47 
 3763  45 
 3764  39 
 3765  47 
 3766  30 
 3767  34 
 3768  20 
 3769  29 
 3770  19 
 3771  20 
 3772  17 
 3773  14 
 3774  9 
 3775  6 
 3776  3 
 3777  1 
 3778  3 
 3779  11 
 3780  8 
 3781  11 
 3782  5 
 3783  3 
 3784  4 
 3785  4 
 3786  12 
 3787  5 
 3788  4 
 3789  8 
 3790  6 
 3791  8 
 3792  8 
 3793  4 
 3794  7 
 3795  3 
 3796  4 
 3797  5 
 3798  6 
 3799  4 
 3800  6 
 3801  4 
 3802  6 
 3803  4 
 3804  6 
 3805  7 
 3806  6 
 3807  8 
 3808  2 
 3809  6 
 3810  5 
 3811  9 
 3812  6 
 3813  10 
 3814  0 
 3815  4 
 3816  9 
 3817  4 
 3818  6 
 3819  2 
 3820  7 
 3821  8 
 3822  3 
 3823  1 
 3824  6 
 3825  7 
 3826  7 
 3827  9 
 3828  7 
 3829  5 
 3830  12 
 3831  9 
 3832  12 
 3833  14 
 3834  12 
 3835  17 
 3836  18 
 3837  11 
 3838  12 
 3839  19 
 3840  20 
 3841  21 
 3842  19 
 3843  25 
 3844  21 
 3845  28 
 3846  30 
 3847  28 
 3848  39 
 3849  32 
 3850  48 
 3851  46 
 3852  48 
 3853  62 
 3854  45 
 3855  76 
 3856  72 
 3857  72 
 3858  86 
 3859  86 
 3860  119 
 3861  151 
 3862  127 
 3863  140 
 3864  173 
 3865  170 
 3866  194 
 3867  227 
 3868  210 
 3869  253 
 3870  274 
 3871  291 
 3872  318 
 3873  365 
 3874  444 
 3875  456 
 3876  480 
 3877  509 
 3878  554 
 3879  638 
 3880  640 
 3881  690 
 3882  775 
 3883  813 
 3884  844 
 3885  849 
 3886  932 
 3887  963 
 3888  951 
 3889  1109 
 3890  1079 
 3891  1123 
 3892  1157 
 3893  1152 
 3894  1234 
 3895  1229 
 3896  1297 
 3897  1235 
 3898  1259 
 3899  1364 
 3900  1315 
 3901  1384 
 3902  1395 
 3903  1314 
 3904  1325 
 3905  1316 
 3906  1232 
 3907  1284 
 3908  1211 
 3909  1158 
 3910  1227 
 3911  1080 
 3912  1003 
 3913  986 
 3914  989 
 3915  892 
 3916  863 
 3917  738 
 3918  697 
 3919  643 
 3920  628 
 3921  591 
 3922  485 
 3923  425 
 3924  367 
 3925  363 
 3926  311 
 3927  254 
 3928  252 
 3929  189 
 3930  158 
 3931  152 
 3932  151 
 3933  126 
 3934  85 
 3935  78 
 3936  63 
 3937  43 
 3938  49 
 3939  35 
 3940  31 
 3941  33 
 3942  21 
 3943  17 
 3944  17 
 3945  15 
 3946  17 
 3947  10 
 3948  14 
 3949  15 
 3950  13 
 3951  19 
 3952  12 
 3953  26 
 3954  17 
 3955  29 
 3956  23 
 3957  20 
 3958  17 
 3959  35 
 3960  36 
 3961  34 
 3962  45 
 3963  32 
 3964  49 
 3965  34 
 3966  54 
 3967  40 
 3968  41 
 3969  65 
 3970  79 
 3971  92 
 3972  64 
 3973  98 
 3974  105 
 3975  108 
 3976  109 
 3977  122 
 3978  127 
 3979  130 
 3980  113 
 3981  127 
 3982  130 
 3983  142 
 3984  139 
 3985  128 
 3986  137 
 3987  115 
 3988  116 
 3989  102 
 3990  116 
 3991  104 
 3992  97 
 3993  67 
 3994  66 
 3995  68 
 3996  56 
 3997  59 
 3998  54 
 3999  47 
 4000  43 
 4001  38 
 4002  35 
 4003  25 
 4004  19 
 4005  24 
 4006  16 
 4007  16 
 4008  13 
 4009  13 
 4010  14 
 4011  20 
 4012  17 
 4013  13 
 4014  15 
 4015  21 
 4016  16 
 4017  11 
 4018  13 
 4019  25 
 4020  20 
 4021  21 
 4022  11 
 4023  18 
 4024  17 
 4025  21 
 4026  12 
 4027  15 
 4028  10 
 4029  20 
 4030  12 
 4031  19 
 4032  15 
 4033  10 
 4034  13 
 4035  15 
 4036  9 
 4037  12 
 4038  8 
 4039  12 
 4040  11 
 4041  8 
 4042  13 
 4043  10 
 4044  6 
 4045  3 
 4046  6 
 4047  5 
 4048  4 
 4049  4 
 4050  4 
 4051  1 
 4052  4 
 4053  0 
 4054  0 
 4055  3 
 4056  1 
 4057  1 
 4058  0 
 4059  0 
 4060  2 
 4061  0 
 4062  0 
 4063  0 
 4064  0 
 4065  0 
 4066  0 
 4067  0 
 4068  0 
 4069  0 
 4070  0 
 4071  0 
 4072  1 
 4073  0 
 4074  0 
 4075  1 
 4076  0 
 4077  1 
 4078  0 
 4079  0 
 4080  1 
 4081  0 
 4082  0 
 4083  1 
 4084  0 
 4085  0 
 4086  0 
 4087  0 
 4088  0 
 4089  0 
 4090  0 
 4091  0 
 4092  0 
 4093  0 
 4094  0 
 4095  0 
 4096  0 
 4097  0 
 4098  0 
 4099  1 
 4100  0 
 4101  0 
 4102  0 
 4103  1 
 4104  0 
 4105  0 
 4106  0 
 4107  0 
 4108  0 
 4109  0 
 4110  0 
 4111  0 
 4112  0 
 4113  0 
 4114  0 
 4115  0 
 4116  1 
 4117  0 
 4118  0 
 4119  0 
 4120  0 
 4121  0 
 4122  0 
 4123  0 
 4124  1 
 4125  0 
 4126  0 
 4127  0 
 4128  0 
 4129  0 
 4130  0 
 4131  0 
 4132  0 
 4133  0 
 4134  1 
 4135  0 
 4136  0 
 4137  0 
 4138  0 
 4139  0 
 4140  0 
 4141  0 
 4142  0 
 4143  0 
 4144  0 
 4145  0 
 4146  0 
 4147  0 
 4148  0 
 4149  0 
 4150  2 
 4151  0 
 4152  0 
 4153  0 
 4154  0 
 4155  0 
 4156  0 
 4157  0 
 4158  0 
 4159  1 
 4160  0 
 4161  0 
 4162  0 
 4163  1 
 4164  0 
 4165  0 
 4166  1 
 4167  0 
 4168  1 
 4169  0 
 4170  0 
 4171  1 
 4172  1 
 4173  0 
 4174  0 
 4175  0 
 4176  0 
 4177  1 
 4178  0 
 4179  0 
 4180  0 
 4181  0 
 4182  0 
 4183  0 
 4184  0 
 4185  0 
 4186  0 
 4187  0 
 4188  0 
 4189  1 
 4190  0 
 4191  0 
 4192  0 
 4193  0 
 4194  0 
 4195  0 
 4196  0 
 4197  0 
 4198  0 
 4199  0 
 4200  0 
 4201  0 
 4202  0 
 4203  0 
 4204  0 
 4205  0 
 4206  0 
 4207  0 
 4208  0 
 4209  0 
 4210  0 
 4211  0 
 4212  0 
 4213  0 
 4214  0 
 4215  0 
 4216  0 
 4217  0 
 4218  0 
 4219  0 
 4220  0 
 4221  0 
 4222  0 
 4223  0 
 4224  0 
 4225  0 
 4226  0 
 4227  0 
 4228  0 
 4229  0 
 4230  0 
 4231  0 
 4232  0 
 4233  0 
 4234  0 
 4235  1 
 4236  0 
 4237  0 
 4238  0 
 4239  0 
 4240  0 
 4241  0 
 4242  0 
 4243  0 
 4244  0 
 4245  0 
 4246  0 
 4247  0 
 4248  0 
 4249  0 
 4250  0 
 4251  0 
 4252  0 
 4253  0 
 4254  0 
 4255  0 
 4256  0 
 4257  0 
 4258  0 
 4259  0 
 4260  0 
 4261  0 
 4262  0 
 4263  0 
 4264  0 
 4265  0 
 4266  0 
 4267  0 
 4268  0 
 4269  0 
 4270  0 
 4271  0 
 4272  0 
 4273  0 
 4274  0 
 4275  0 
 4276  0 
 4277  0 
 4278  0 
 4279  0 
 4280  0 
 4281  0 
 4282  0 
 4283  0 
 4284  0 
 4285  0 
 4286  0 
 4287  0 
 4288  0 
 4289  0 
 4290  1 
 4291  0 
 4292  0 
 4293  1 
 4294  0 
 4295  0 
 4296  0 
 4297  0 
 4298  0 
 4299  0 
 4300  0 
 4301  0 
 4302  0 
 4303  0 
 4304  0 
 4305  0 
 4306  1 
 4307  0 
 4308  0 
 4309  0 
 4310  0 
 4311  0 
 4312  1 
 4313  0 
 4314  0 
 4315  0 
 4316  0 
 4317  0 
 4318  0 
 4319  1 
 4320  0 
 4321  0 
 4322  0 
 4323  1 
 4324  0 
 4325  0 
 4326  0 
 4327  1 
 4328  0 
 4329  0 
 4330  1 
 4331  0 
 4332  0 
 4333  0 
 4334  0 
 4335  0 
 4336  0 
 4337  0 
 4338  0 
 4339  0 
 4340  0 
 4341  0 
 4342  0 
 4343  0 
 4344  0 
 4345  0 
 4346  0 
 4347  0 
 4348  0 
 4349  0 
 4350  0 
 4351  0 
 4352  1 
 4353  2 
 4354  0 
 4355  0 
 4356  0 
 4357  0 
 4358  0 
 4359  0 
 4360  0 
 4361  0 
 4362  1 
 4363  0 
 4364  0 
 4365  0 
 4366  0 
 4367  0 
 4368  0 
 4369  0 
 4370  0 
 4371  0 
 4372  0 
 4373  0 
 4374  0 
 4375  0 
 4376  0 
 4377  0 
 4378  0 
 4379  0 
 4380  0 
 4381  0 
 4382  0 
 4383  0 
 4384  0 
 4385  0 
 4386  0 
 4387  1 
 4388  0 
 4389  0 
 4390  0 
 4391  0 
 4392  1 
 4393  0 
 4394  0 
 4395  0 
 4396  0 
 4397  0 
 4398  0 
 4399  0 
 4400  0 
 4401  0 
 4402  0 
 4403  1 
 4404  0 
 4405  0 
 4406  0 
 4407  0 
 4408  0 
 4409  0 
 4410  0 
 4411  0 
 4412  0 
 4413  0 
 4414  0 
 4415  0 
 4416  0 
 4417  0 
 4418  0 
 4419  0 
 4420  0 
 4421  0 
 4422  0 
 4423  0 
 4424  0 
 4425  0 
 4426  1 
 4427  0 
 4428  0 
 4429  0 
 4430  0 
 4431  0 
 4432  0 
 4433  0 
 4434  0 
 4435  0 
 4436  0 
 4437  0 
 4438  0 
 4439  0 
 4440  0 
 4441  0 
 4442  0 
 4443  0 
 4444  0 
 4445  0 
 4446  0 
 4447  0 
 4448  0 
 4449  0 
 4450  0 
 4451  0 
 4452  0 
 4453  0 
 4454  0 
 4455  0 
 4456  0 
 4457  0 
 4458  0 
 4459  0 
 4460  0 
 4461  0 
 4462  0 
 4463  0 
 4464  0 
 4465  0 
 4466  0 
 4467  0 
 4468  0 
 4469  0 
 4470  1 
 4471  0 
 4472  0 
 4473  0 
 4474  0 
 4475  0 
 4476  0 
 4477  0 
 4478  0 
 4479  0 
 4480  0 
 4481  0 
 4482  0 
 4483  1 
 4484  1 
 4485  0 
 4486  0 
 4487  0 
 4488  0 
 4489  0 
 4490  0 
 4491  0 
 4492  0 
 4493  0 
 4494  0 
 4495  0 
 4496  0 
 4497  0 
 4498  0 
 4499  0 
 4500  0 
 4501  0 
 4502  0 
 4503  0 
 4504  0 
 4505  0 
 4506  0 
 4507  0 
 4508  0 
 4509  0 
 4510  0 
 4511  0 
 4512  0 
 4513  0 
 4514  0 
 4515  0 
 4516  0 
 4517  0 
 4518  0 
 4519  0 
 4520  0 
 4521  0 
 4522  0 
 4523  0 
 4524  0 
 4525  0 
 4526  0 
 4527  0 
 4528  0 
 4529  0 
 4530  0 
 4531  0 
 4532  0 
 4533  0 
 4534  0 
 4535  0 
 4536  0 
 4537  0 
 4538  0 
 4539  0 
 4540  0 
 4541  0 
 4542  0 
 4543  0 
 4544  0 
 4545  0 
 4546  0 
 4547  0 
 4548  0 
 4549  0 
 4550  0 
 4551  0 
 4552  0 
 4553  0 
 4554  0 
 4555  1 
 4556  0 
 4557  0 
 4558  0 
 4559  2 
 4560  0 
 4561  0 
 4562  1 
 4563  0 
 4564  0 
 4565  0 
 4566  0 
 4567  0 
 4568  0 
 4569  0 
 4570  0 
 4571  0 
 4572  0 
 4573  0 
 4574  0 
 4575  1 
 4576  0 
 4577  0 
 4578  0 
 4579  0 
 4580  0 
 4581  0 
 4582  0 
 4583  0 
 4584  0 
 4585  0 
 4586  0 
 4587  0 
 4588  0 
 4589  0 
 4590  0 
 4591  0 
 4592  0 
 4593  0 
 4594  0 
 4595  0 
 4596  1 
 4597  0 
 4598  1 
 4599  0 
 4600  0 
 4601  0 
 4602  0 
 4603  0 
 4604  0 
 4605  0 
 4606  0 
 4607  0 
 4608  0 
 4609  0 
 4610  0 
 4611  0 
 4612  0 
 4613  0 
 4614  0 
 4615  0 
 4616  0 
 4617  0 
 4618  0 
 4619  0 
 4620  0 
 4621  0 
 4622  0 
 4623  0 
 4624  0 
 4625  0 
 4626  0 
 4627  0 
 4628  0 
 4629  0 
 4630  0 
 4631  1 
 4632  0 
 4633  0 
 4634  0 
 4635  0 
 4636  0 
 4637  0 
 4638  0 
 4639  0 
 4640  0 
 4641  0 
 4642  0 
 4643  0 
 4644  0 
 4645  0 
 4646  0 
 4647  0 
 4648  0 
 4649  0 
 4650  0 
 4651  0 
 4652  0 
 4653  0 
 4654  0 
 4655  0 
 4656  0 
 4657  0 
 4658  0 
 4659  0 
 4660  0 
 4661  0 
 4662  0 
 4663  0 
 4664  0 
 4665  0 
 4666  0 
 4667  0 
 4668  0 
 4669  0 
 4670  0 
 4671  0 
 4672  0 
 4673  0 
 4674  0 
 4675  0 
 4676  0 
 4677  0 
 4678  0 
 4679  0 
 4680  0 
 4681  0 
 4682  0 
 4683  0 
 4684  0 
 4685  0 
 4686  0 
 4687  0 
 4688  0 
 4689  0 
 4690  0 
 4691  0 
 4692  0 
 4693  0 
 4694  0 
 4695  0 
 4696  0 
 4697  0 
 4698  0 
 4699  0 
 4700  0 
 4701  0 
 4702  0 
 4703  0 
 4704  0 
 4705  0 
 4706  0 
 4707  0 
 4708  0 
 4709  0 
 4710  0 
 4711  0 
 4712  0 
 4713  0 
 4714  0 
 4715  0 
 4716  0 
 4717  0 
 4718  0 
 4719  0 
 4720  0 
 4721  0 
 4722  0 
 4723  0 
 4724  0 
 4725  0 
 4726  0 
 4727  0 
 4728  0 
 4729  0 
 4730  0 
 4731  0 
 4732  0 
 4733  0 
 4734  0 
 4735  0 
 4736  0 
 4737  0 
 4738  0 
 4739  0 
 4740  0 
 4741  0 
 4742  0 
 4743  0 
 4744  0 
 4745  0 
 4746  0 
 4747  0 
 4748  0 
 4749  0 
 4750  0 
 4751  0 
 4752  0 
 4753  0 
 4754  0 
 4755  0 
 4756  0 
 4757  0 
 4758  0 
 4759  0 
 4760  0 
 4761  0 
 4762  0 
 4763  0 
 4764  0 
 4765  0 
 4766  0 
 4767  0 
 4768  0 
 4769  0 
 4770  0 
 4771  0 
 4772  0 
 4773  0 
 4774  0 
 4775  0 
 4776  0 
 4777  0 
 4778  0 
 4779  0 
 4780  0 
 4781  0 
 4782  0 
 4783  0 
 4784  0 
 4785  0 
 4786  0 
 4787  0 
 4788  0 
 4789  0 
 4790  0 
 4791  0 
 4792  0 
 4793  0 
 4794  0 
 4795  0 
 4796  0 
 4797  0 
 4798  0 
 4799  0 
 4800  0 
 4801  0 
 4802  0 
 4803  0 
 4804  0 
 4805  0 
 4806  0 
 4807  0 
 4808  0 
 4809  0 
 4810  0 
 4811  0 
 4812  0 
 4813  0 
 4814  0 
 4815  0 
 4816  0 
 4817  0 
 4818  0 
 4819  0 
 4820  0 
 4821  0 
 4822  0 
 4823  0 
 4824  0 
 4825  0 
 4826  0 
 4827  0 
 4828  0 
 4829  0 
 4830  0 
 4831  0 
 4832  0 
 4833  0 
 4834  0 
 4835  0 
 4836  0 
 4837  0 
 4838  0 
 4839  0 
 4840  0 
 4841  0 
 4842  0 
 4843  0 
 4844  0 
 4845  0 
 4846  0 
 4847  0 
 4848  0 
 4849  0 
 4850  0 
 4851  0 
 4852  0 
 4853  0 
 4854  0 
 4855  0 
 4856  0 
 4857  0 
 4858  0 
 4859  0 
 4860  0 
 4861  1 
 4862  0 
 4863  0 
 4864  0 
 4865  0 
 4866  0 
 4867  0 
 4868  0 
 4869  0 
 4870  0 
 4871  0 
 4872  0 
 4873  0 
 4874  0 
 4875  0 
 4876  0 
 4877  0 
 4878  0 
 4879  0 
 4880  1 
 4881  0 
 4882  0 
 4883  0 
 4884  0 
 4885  0 
 4886  0 
 4887  0 
 4888  0 
 4889  0 
 4890  0 
 4891  0 
 4892  0 
 4893  0 
 4894  0 
 4895  0 
 4896  1 
 4897  0 
 4898  0 
 4899  0 
 4900  0 
 4901  0 
 4902  0 
 4903  0 
 4904  0 
 4905  0 
 4906  0 
 4907  0 
 4908  0 
 4909  0 
 4910  0 
 4911  0 
 4912  0 
 4913  0 
 4914  0 
 4915  0 
 4916  0 
 4917  0 
 4918  0 
 4919  0 
 4920  0 
 4921  0 
 4922  0 
 4923  0 
 4924  0 
 4925  0 
 4926  0 
 4927  0 
 4928  0 
 4929  0 
 4930  0 
 4931  0 
 4932  0 
 4933  0 
 4934  0 
 4935  0 
 4936  0 
 4937  0 
 4938  0 
 4939  0 
 4940  0 
 4941  0 
 4942  0 
 4943  0 
 4944  0 
 4945  0 
 4946  0 
 4947  0 
 4948  0 
 4949  0 
 4950  0 
 4951  0 
 4952  0 
 4953  0 
 4954  0 
 4955  0 
 4956  0 
 4957  0 
 4958  0 
 4959  1 
 4960  0 
 4961  0 
 4962  0 
 4963  0 
 4964  0 
 4965  0 
 4966  0 
 4967  0 
 4968  0 
 4969  0 
 4970  0 
 4971  0 
 4972  0 
 4973  0 
 4974  1 
 4975  0 
 4976  0 
 4977  0 
 4978  0 
 4979  0 
 4980  0 
 4981  0 
 4982  0 
 4983  0 
 4984  0 
 4985  0 
 4986  0 
 4987  0 
 4988  0 
 4989  0 
 4990  0 
 4991  0 
 4992  0 
 4993  0 
 4994  0 
 4995  0 
 4996  0 
 4997  0 
 4998  0 
 4999  0 
 5000  0 
 5001  0 
 5002  0 
 5003  1 
 5004  0 
 5005  0 
 5006  0 
 5007  0 
 5008  0 
 5009  0 
 5010  0 
 5011  0 
 5012  0 
 5013  0 
 5014  1 
 5015  0 
 5016  0 
 5017  0 
 5018  0 
 5019  0 
 5020  0 
 5021  0 
 5022  0 
 5023  0 
 5024  0 
 5025  0 
 5026  0 
 5027  0 
 5028  0 
 5029  0 
 5030  0 
 5031  0 
 5032  0 
 5033  0 
 5034  0 
 5035  0 
 5036  0 
 5037  0 
 5038  0 
 5039  0 
 5040  0 
 5041  0 
 5042  1 
 5043  0 
 5044  0 
 5045  0 
 5046  0 
 5047  0 
 5048  0 
 5049  0 
 5050  0 
 5051  1 
 5052  0 
 5053  0 
 5054  0 
 5055  0 
 5056  0 
 5057  0 
 5058  0 
 5059  1 
 5060  0 
 5061  0 
 5062  0 
 5063  0 
 5064  0 
 5065  0 
 5066  0 
 5067  0 
 5068  0 
 5069  0 
 5070  0 
 5071  0 
 5072  0 
 5073  0 
 5074  0 
 5075  0 
 5076  0 
 5077  0 
 5078  0 
 5079  0 
 5080  0 
 5081  0 
 5082  0 
 5083  0 
 5084  0 
 5085  0 
 5086  0 
 5087  0 
 5088  0 
 5089  0 
 5090  0 
 5091  0 
 5092  0 
 5093  0 
 5094  0 
 5095  1 
 5096  0 
 5097  0 
 5098  0 
 5099  0 
 5100  0 
 5101  0 
 5102  0 
 5103  0 
 5104  0 
 5105  0 
 5106  0 
 5107  0 
 5108  0 
 5109  0 
 5110  0 
 5111  0 
 5112  0 
 5113  0 
 5114  0 
 5115  0 
 5116  0 
 5117  0 
 5118  0 
 5119  0 
 5120  0 
 5121  0 
 5122  0 
 5123  0 
 5124  0 
 5125  0 
 5126  0 
 5127  0 
 5128  0 
 5129  0 
 5130  0 
 5131  0 
 5132  0 
 5133  0 
 5134  0 
 5135  0 
 5136  0 
 5137  0 
 5138  0 
 5139  0 
 5140  0 
 5141  0 
 5142  1 
 5143  0 
 5144  0 
 5145  0 
 5146  0 
 5147  0 
 5148  0 
 5149  0 
 5150  0 
 5151  1 
 5152  0 
 5153  0 
 5154  0 
 5155  0 
 5156  0 
 5157  0 
 5158  0 
 5159  0 
 5160  0 
 5161  0 
 5162  0 
 5163  0 
 5164  0 
 5165  0 
 5166  0 
 5167  0 
 5168  0 
 5169  0 
 5170  0 
 5171  0 
 5172  1 
 5173  0 
 5174  0 
 5175  0 
 5176  0 
 5177  0 
 5178  0 
 5179  0 
 5180  0 
 5181  0 
 5182  0 
 5183  0 
 5184  0 
 5185  0 
 5186  0 
 5187  0 
 5188  0 
 5189  0 
 5190  0 
 5191  0 
 5192  0 
 5193  0 
 5194  0 
 5195  0 
 5196  0 
 5197  0 
 5198  0 
 5199  0 
 5200  0 
 5201  0 
 5202  0 
 5203  0 
 5204  0 
 5205  0 
 5206  0 
 5207  0 
 5208  0 
 5209  0 
 5210  0 
 5211  0 
 5212  0 
 5213  0 
 5214  0 
 5215  0 
 5216  0 
 5217  0 
 5218  0 
 5219  0 
 5220  0 
 5221  0 
 5222  0 
 5223  0 
 5224  0 
 5225  0 
 5226  0 
 5227  0 
 5228  0 
 5229  0 
 5230  1 
 5231  0 
 5232  0 
 5233  0 
 5234  0 
 5235  0 
 5236  0 
 5237  1 
 5238  0 
 5239  0 
 5240  0 
 5241  0 
 5242  0 
 5243  0 
 5244  0 
 5245  0 
 5246  0 
 5247  0 
 5248  0 
 5249  0 
 5250  0 
 5251  1 
 5252  0 
 5253  0 
 5254  0 
 5255  0 
 5256  0 
 5257  0 
 5258  0 
 5259  0 
 5260  0 
 5261  0 
 5262  0 
 5263  0 
 5264  0 
 5265  0 
 5266  0 
 5267  0 
 5268  0 
 5269  0 
 5270  0 
 5271  0 
 5272  0 
 5273  0 
 5274  0 
 5275  0 
 5276  0 
 5277  0 
 5278  0 
 5279  0 
 5280  0 
 5281  0 
 5282  1 
 5283  0 
 5284  0 
 5285  0 
 5286  0 
 5287  0 
 5288  0 
 5289  0 
 5290  0 
 5291  0 
 5292  0 
 5293  0 
 5294  0 
 5295  0 
 5296  1 
 5297  0 
 5298  0 
 5299  0 
 5300  0 
 5301  0 
 5302  0 
 5303  0 
 5304  0 
 5305  0 
 5306  0 
 5307  0 
 5308  0 
 5309  0 
 5310  0 
 5311  0 
 5312  0 
 5313  0 
 5314  0 
 5315  0 
 5316  0 
 5317  0 
 5318  0 
 5319  1 
 5320  0 
 5321  1 
 5322  0 
 5323  0 
 5324  0 
 5325  1 
 5326  0 
 5327  0 
 5328  0 
 5329  0 
 5330  0 
 5331  0 
 5332  0 
 5333  0 
 5334  0 
 5335  0 
 5336  0 
 5337  0 
 5338  0 
 5339  0 
 5340  0 
 5341  0 
 5342  0 
 5343  0 
 5344  0 
 5345  0 
 5346  0 
 5347  0 
 5348  0 
 5349  0 
 5350  0 
 5351  0 
 5352  0 
 5353  0 
 5354  0 
 5355  0 
 5356  0 
 5357  0 
 5358  0 
 5359  0 
 5360  0 
 5361  0 
 5362  0 
 5363  0 
 5364  0 
 5365  0 
 5366  0 
 5367  0 
 5368  0 
 5369  1 
 5370  0 
 5371  0 
 5372  0 
 5373  0 
 5374  0 
 5375  0 
 5376  0 
 5377  0 
 5378  0 
 5379  0 
 5380  0 
 5381  0 
 5382  0 
 5383  0 
 5384  0 
 5385  0 
 5386  0 
 5387  0 
 5388  0 
 5389  0 
 5390  0 
 5391  0 
 5392  0 
 5393  0 
 5394  0 
 5395  1 
 5396  0 
 5397  0 
 5398  1 
 5399  0 
 5400  0 
 5401  1 
 5402  1 
 5403  0 
 5404  0 
 5405  1 
 5406  0 
 5407  0 
 5408  0 
 5409  0 
 5410  0 
 5411  0 
 5412  0 
 5413  0 
 5414  0 
 5415  0 
 5416  0 
 5417  0 
 5418  0 
 5419  0 
 5420  0 
 5421  0 
 5422  0 
 5423  0 
 5424  0 
 5425  0 
 5426  0 
 5427  0 
 5428  0 
 5429  0 
 5430  0 
 5431  0 
 5432  1 
 5433  0 
 5434  1 
 5435  0 
 5436  1 
 5437  1 
 5438  0 
 5439  0 
 5440  1 
 5441  0 
 5442  0 
 5443  0 
 5444  0 
 5445  0 
 5446  0 
 5447  0 
 5448  0 
 5449  0 
 5450  0 
 5451  0 
 5452  0 
 5453  2 
 5454  0 
 5455  0 
 5456  1 
 5457  0 
 5458  0 
 5459  1 
 5460  0 
 5461  0 
 5462  1 
 5463  0 
 5464  0 
 5465  0 
 5466  0 
 5467  0 
 5468  0 
 5469  1 
 5470  0 
 5471  0 
 5472  0 
 5473  1 
 5474  0 
 5475  0 
 5476  0 
 5477  0 
 5478  0 
 5479  1 
 5480  0 
 5481  0 
 5482  2 
 5483  0 
 5484  0 
 5485  0 
 5486  1 
 5487  0 
 5488  1 
 5489  0 
 5490  0 
 5491  2 
 5492  0 
 5493  0 
 5494  0 
 5495  0 
 5496  0 
 5497  1 
 5498  1 
 5499  0 
 5500  1 
 5501  0 
 5502  0 
 5503  0 
 5504  0 
 5505  0 
 5506  0 
 5507  1 
 5508  0 
 5509  0 
 5510  0 
 5511  0 
 5512  0 
 5513  0 
 5514  0 
 5515  1 
 5516  0 
 5517  0 
 5518  1 
 5519  1 
 5520  1 
 5521  0 
 5522  0 
 5523  0 
 5524  1 
 5525  0 
 5526  0 
 5527  0 
 5528  0 
 5529  0 
 5530  1 
 5531  0 
 5532  0 
 5533  0 
 5534  1 
 5535  0 
 5536  0 
 5537  1 
 5538  0 
 5539  0 
 5540  0 
 5541  0 
 5542  0 
 5543  1 
 5544  0 
 5545  0 
 5546  0 
 5547  0 
 5548  0 
 5549  0 
 5550  0 
 5551  0 
 5552  1 
 5553  0 
 5554  0 
 5555  0 
 5556  0 
 5557  0 
 5558  1 
 5559  0 
 5560  0 
 5561  0 
 5562  2 
 5563  0 
 5564  0 
 5565  1 
 5566  0 
 5567  0 
 5568  0 
 5569  0 
 5570  0 
 5571  1 
 5572  1 
 5573  0 
 5574  0 
 5575  0 
 5576  0 
 5577  0 
 5578  1 
 5579  2 
 5580  1 
 5581  0 
 5582  0 
 5583  0 
 5584  0 
 5585  0 
 5586  1 
 5587  0 
 5588  0 
 5589  1 
 5590  0 
 5591  0 
 5592  1 
 5593  0 
 5594  1 
 5595  0 
 5596  0 
 5597  0 
 5598  0 
 5599  0 
 5600  0 
 5601  0 
 5602  0 
 5603  0 
 5604  0 
 5605  1 
 5606  0 
 5607  1 
 5608  1 
 5609  0 
 5610  0 
 5611  0 
 5612  0 
 5613  1 
 5614  0 
 5615  0 
 5616  0 
 5617  0 
 5618  1 
 5619  0 
 5620  0 
 5621  1 
 5622  0 
 5623  0 
 5624  0 
 5625  0 
 5626  1 
 5627  0 
 5628  0 
 5629  0 
 5630  0 
 5631  0 
 5632  0 
 5633  0 
 5634  0 
 5635  0 
 5636  0 
 5637  0 
 5638  0 
 5639  0 
 5640  1 
 5641  0 
 5642  0 
 5643  0 
 5644  1 
 5645  0 
 5646  0 
 5647  0 
 5648  0 
 5649  0 
 5650  0 
 5651  0 
 5652  0 
 5653  1 
 5654  1 
 5655  0 
 5656  0 
 5657  0 
 5658  0 
 5659  1 
 5660  0 
 5661  0 
 5662  0 
 5663  0 
 5664  0 
 5665  0 
 5666  0 
 5667  0 
 5668  0 
 5669  0 
 5670  0 
 5671  0 
 5672  0 
 5673  0 
 5674  0 
 5675  1 
 5676  0 
 5677  0 
 5678  0 
 5679  0 
 5680  0 
 5681  0 
 5682  0 
 5683  0 
 5684  0 
 5685  1 
 5686  0 
 5687  0 
 5688  0 
 5689  0 
 5690  0 
 5691  0 
 5692  0 
 5693  0 
 5694  0 
 5695  0 
 5696  0 
 5697  0 
 5698  0 
 5699  0 
 5700  0 
 5701  0 
 5702  0 
 5703  0 
 5704  0 
 5705  0 
 5706  0 
 5707  0 
 5708  0 
 5709  0 
 5710  0 
 5711  0 
 5712  0 
 5713  0 
 5714  0 
 5715  0 
 5716  0 
 5717  0 
 5718  0 
 5719  0 
 5720  0 
 5721  0 
 5722  0 
 5723  1 
 5724  0 
 5725  0 
 5726  0 
 5727  1 
 5728  0 
 5729  0 
 5730  0 
 5731  0 
 5732  0 
 5733  0 
 5734  0 
 5735  0 
 5736  2 
 5737  0 
 5738  0 
 5739  0 
 5740  0 
 5741  0 
 5742  0 
 5743  0 
 5744  0 
 5745  0 
 5746  0 
 5747  0 
 5748  0 
 5749  0 
 5750  1 
 5751  0 
 5752  0 
 5753  0 
 5754  1 
 5755  0 
 5756  1 
 5757  0 
 5758  0 
 5759  0 
 5760  0 
 5761  0 
 5762  0 
 5763  0 
 5764  1 
 5765  0 
 5766  0 
 5767  1 
 5768  0 
 5769  0 
 5770  0 
 5771  0 
 5772  0 
 5773  0 
 5774  0 
 5775  0 
 5776  0 
 5777  0 
 5778  0 
 5779  0 
 5780  0 
 5781  0 
 5782  0 
 5783  0 
 5784  0 
 5785  0 
 5786  0 
 5787  0 
 5788  0 
 5789  0 
 5790  0 
 5791  0 
 5792  0 
 5793  0 
 5794  0 
 5795  0 
 5796  0 
 5797  0 
 5798  0 
 5799  0 
 5800  0 
 5801  0 
 5802  0 
 5803  0 
 5804  0 
 5805  1 
 5806  0 
 5807  0 
 5808  0 
 5809  0 
 5810  0 
 5811  0 
 5812  0 
 5813  0 
 5814  0 
 5815  0 
 5816  0 
 5817  0 
 5818  0 
 5819  0 
 5820  0 
 5821  0 
 5822  0 
 5823  0 
 5824  0 
 5825  0 
 5826  0 
 5827  0 
 5828  0 
 5829  0 
 5830  0 
 5831  0 
 5832  0 
 5833  0 
 5834  0 
 5835  0 
 5836  0 
 5837  0 
 5838  0 
 5839  0 
 5840  0 
 5841  0 
 5842  0 
 5843  0 
 5844  0 
 5845  0 
 5846  0 
 5847  0 
 5848  0 
 5849  0 
 5850  0 
 5851  0 
 5852  1 
 5853  0 
 5854  0 
 5855  0 
 5856  0 
 5857  0 
 5858  0 
 5859  0 
 5860  0 
 5861  0 
 5862  0 
 5863  0 
 5864  0 
 5865  0 
 5866  0 
 5867  0 
 5868  0 
 5869  0 
 5870  0 
 5871  0 
 5872  0 
 5873  0 
 5874  0 
 5875  0 
 5876  0 
 5877  1 
 5878  0 
 5879  1 
 5880  0 
 5881  0 
 5882  0 
 5883  0 
 5884  0 
 5885  0 
 5886  0 
 5887  0 
 5888  0 
 5889  0 
 5890  0 
 5891  1 
 5892  0 
 5893  0 
 5894  0 
 5895  0 
 5896  0 
 5897  0 
 5898  0 
 5899  0 
 5900  0 
 5901  0 
 5902  0 
 5903  0 
 5904  0 
 5905  0 
 5906  0 
 5907  0 
 5908  0 
 5909  0 
 5910  0 
 5911  0 
 5912  0 
 5913  0 
 5914  0 
 5915  0 
 5916  0 
 5917  0 
 5918  0 
 5919  0 
 5920  0 
 5921  0 
 5922  0 
 5923  0 
 5924  0 
 5925  0 
 5926  0 
 5927  0 
 5928  0 
 5929  0 
 5930  0 
 5931  0 
 5932  0 
 5933  0 
 5934  0 
 5935  0 
 5936  0 
 5937  1 
 5938  0 
 5939  0 
 5940  0 
 5941  0 
 5942  0 
 5943  0 
 5944  0 
 5945  0 
 5946  0 
 5947  0 
 5948  0 
 5949  0 
 5950  0 
 5951  0 
 5952  0 
 5953  0 
 5954  0 
 5955  0 
 5956  0 
 5957  0 
 5958  0 
 5959  0 
 5960  0 
 5961  0 
 5962  0 
 5963  0 
 5964  0 
 5965  0 
 5966  0 
 5967  0 
 5968  0 
 5969  1 
 5970  0 
 5971  0 
 5972  0 
 5973  0 
 5974  0 
 5975  0 
 5976  0 
 5977  0 
 5978  0 
 5979  0 
 5980  0 
 5981  0 
 5982  0 
 5983  0 
 5984  0 
 5985  0 
 5986  0 
 5987  0 
 5988  0 
 5989  0 
 5990  0 
 5991  0 
 5992  0 
 5993  0 
 5994  0 
 5995  0 
 5996  0 
 5997  1 
 5998  0 
 5999  0 
 6000  0 
 6001  0 
 6002  0 
 6003  0 
 6004  0 
 6005  1 
 6006  0 
 6007  0 
 6008  0 
 6009  0 
 6010  0 
 6011  0 
 6012  0 
 6013  0 
 6014  0 
 6015  0 
 6016  0 
 6017  0 
 6018  0 
 6019  0 
 6020  0 
 6021  0 
 6022  0 
 6023  0 
 6024  0 
 6025  0 
 6026  0 
 6027  0 
 6028  0 
 6029  0 
 6030  0 
 6031  0 
 6032  0 
 6033  0 
 6034  0 
 6035  0 
 6036  0 
 6037  0 
 6038  0 
 6039  0 
 6040  0 
 6041  0 
 6042  0 
 6043  1 
 6044  0 
 6045  0 
 6046  0 
 6047  0 
 6048  0 
 6049  0 
 6050  0 
 6051  0 
 6052  0 
 6053  0 
 6054  0 
 6055  0 
 6056  0 
 6057  0 
 6058  0 
 6059  0 
 6060  0 
 6061  0 
 6062  0 
 6063  0 
 6064  0 
 6065  0 
 6066  0 
 6067  0 
 6068  0 
 6069  0 
 6070  0 
 6071  1 
 6072  0 
 6073  0 
 6074  0 
 6075  0 
 6076  0 
 6077  0 
 6078  0 
 6079  0 
 6080  0 
 6081  0 
 6082  0 
 6083  0 
 6084  0 
 6085  1 
 6086  0 
 6087  0 
 6088  0 
 6089  0 
 6090  0 
 6091  0 
 6092  0 
 6093  0 
 6094  1 
 6095  0 
 6096  0 
 6097  0 
 6098  0 
 6099  0 
 6100  0 
 6101  0 
 6102  0 
 6103  0 
 6104  0 
 6105  0 
 6106  0 
 6107  0 
 6108  0 
 6109  1 
 6110  0 
 6111  0 
 6112  0 
 6113  0 
 6114  0 
 6115  0 
 6116  0 
 6117  0 
 6118  0 
 6119  0 
 6120  1 
 6121  0 
 6122  0 
 6123  0 
 6124  0 
 6125  0 
 6126  0 
 6127  0 
 6128  0 
 6129  0 
 6130  0 
 6131  0 
 6132  0 
 6133  0 
 6134  0 
 6135  0 
 6136  0 
 6137  0 
 6138  0 
 6139  0 
 6140  0 
 6141  0 
 6142  0 
 6143  1 
 6144  0 
 6145  0 
 6146  0 
 6147  0 
 6148  0 
 6149  0 
 6150  0 
 6151  0 
 6152  0 
 6153  0 
 6154  0 
 6155  0 
 6156  0 
 6157  0 
 6158  0 
 6159  0 
 6160  0 
 6161  0 
 6162  0 
 6163  0 
 6164  0 
 6165  0 
 6166  0 
 6167  0 
 6168  0 
 6169  0 
 6170  0 
 6171  0 
 6172  0 
 6173  0 
 6174  0 
 6175  0 
 6176  0 
 6177  0 
 6178  0 
 6179  0 
 6180  0 
 6181  0 
 6182  0 
 6183  0 
 6184  0 
 6185  0 
 6186  0 
 6187  0 
 6188  0 
 6189  0 
 6190  0 
 6191  0 
 6192  0 
 6193  0 
 6194  0 
 6195  0 
 6196  0 
 6197  0 
 6198  0 
 6199  0 
 6200  0 
 6201  0 
 6202  0 
 6203  0 
 6204  0 
 6205  0 
 6206  0 
 6207  0 
 6208  0 
 6209  0 
 6210  0 
 6211  0 
 6212  0 
 6213  0 
 6214  0 
 6215  0 
 6216  0 
 6217  0 
 6218  0 
 6219  0 
 6220  0 
 6221  0 
 6222  0 
 6223  0 
 6224  0 
 6225  0 
 6226  0 
 6227  0 
 6228  0 
 6229  0 
 6230  0 
 6231  0 
 6232  0 
 6233  0 
 6234  0 
 6235  0 
 6236  0 
 6237  0 
 6238  0 
 6239  0 
 6240  0 
 6241  0 
 6242  0 
 6243  0 
 6244  0 
 6245  0 
 6246  0 
 6247  0 
 6248  1 
 6249  0 
 6250  0 
 6251  0 
 6252  0 
 6253  0 
 6254  0 
 6255  0 
 6256  0 
 6257  0 
 6258  0 
 6259  0 
 6260  0 
 6261  0 
 6262  0 
 6263  0 
 6264  0 
 6265  0 
 6266  0 
 6267  0 
 6268  0 
 6269  0 
 6270  0 
 6271  0 
 6272  0 
 6273  0 
 6274  0 
 6275  0 
 6276  0 
 6277  0 
 6278  0 
 6279  0 
 6280  0 
 6281  0 
 6282  0 
 6283  0 
 6284  0 
 6285  0 
 6286  0 
 6287  0 
 6288  0 
 6289  0 
 6290  0 
 6291  0 
 6292  0 
 6293  0 
 6294  0 
 6295  0 
 6296  0 
 6297  0 
 6298  0 
 6299  0 
 6300  0 
 6301  0 
 6302  0 
 6303  0 
 6304  0 
 6305  0 
 6306  0 
 6307  0 
 6308  0 
 6309  0 
 6310  0 
 6311  0 
 6312  0 
 6313  0 
 6314  1 
 6315  0 
 6316  0 
 6317  0 
 6318  0 
 6319  0 
 6320  0 
 6321  0 
 6322  1 
 6323  0 
 6324  0 
 6325  0 
 6326  0 
 6327  0 
 6328  0 
 6329  0 
 6330  0 
 6331  0 
 6332  0 
 6333  0 
 6334  0 
 6335  0 
 6336  0 
 6337  0 
 6338  0 
 6339  0 
 6340  0 
 6341  0 
 6342  0 
 6343  0 
 6344  0 
 6345  0 
 6346  0 
 6347  0 
 6348  0 
 6349  1 
 6350  0 
 6351  0 
 6352  0 
 6353  0 
 6354  0 
 6355  0 
 6356  0 
 6357  0 
 6358  0 
 6359  0 
 6360  0 
 6361  0 
 6362  0 
 6363  0 
 6364  0 
 6365  0 
 6366  0 
 6367  0 
 6368  0 
 6369  0 
 6370  0 
 6371  0 
 6372  0 
 6373  0 
 6374  0 
 6375  0 
 6376  0 
 6377  0 
 6378  0 
 6379  0 
 6380  0 
 6381  0 
 6382  0 
 6383  0 
 6384  0 
 6385  0 
 6386  0 
 6387  0 
 6388  0 
 6389  0 
 6390  0 
 6391  0 
 6392  0 
 6393  0 
 6394  0 
 6395  0 
 6396  1 
 6397  0 
 6398  0 
 6399  0 
 6400  0 
 6401  0 
 6402  0 
 6403  0 
 6404  0 
 6405  0 
 6406  0 
 6407  0 
 6408  0 
 6409  0 
 6410  0 
 6411  0 
 6412  0 
 6413  0 
 6414  0 
 6415  0 
 6416  0 
 6417  0 
 6418  0 
 6419  0 
 6420  0 
 6421  0 
 6422  0 
 6423  0 
 6424  0 
 6425  0 
 6426  0 
 6427  0 
 6428  0 
 6429  0 
 6430  0 
 6431  0 
 6432  0 
 6433  0 
 6434  0 
 6435  0 
 6436  0 
 6437  0 
 6438  0 
 6439  0 
 6440  0 
 6441  0 
 6442  0 
 6443  0 
 6444  0 
 6445  0 
 6446  0 
 6447  0 
 6448  0 
 6449  0 
 6450  0 
 6451  0 
 6452  0 
 6453  0 
 6454  0 
 6455  0 
 6456  0 
 6457  0 
 6458  0 
 6459  0 
 6460  0 
 6461  0 
 6462  0 
 6463  0 
 6464  0 
 6465  0 
 6466  0 
 6467  0 
 6468  0 
 6469  0 
 6470  0 
 6471  0 
 6472  0 
 6473  0 
 6474  0 
 6475  0 
 6476  0 
 6477  0 
 6478  0 
 6479  0 
 6480  0 
 6481  0 
 6482  0 
 6483  0 
 6484  0 
 6485  0 
 6486  0 
 6487  0 
 6488  0 
 6489  0 
 6490  0 
 6491  0 
 6492  0 
 6493  0 
 6494  2 
 6495  0 
 6496  0 
 6497  0 
 6498  0 
 6499  0 
 6500  0 
 6501  0 
 6502  0 
 6503  0 
 6504  0 
 6505  0 
 6506  0 
 6507  0 
 6508  0 
 6509  0 
 6510  0 
 6511  1 
 6512  0 
 6513  0 
 6514  0 
 6515  0 
 6516  0 
 6517  0 
 6518  0 
 6519  0 
 6520  0 
 6521  0 
 6522  0 
 6523  0 
 6524  0 
 6525  0 
 6526  0 
 6527  0 
 6528  0 
 6529  0 
 6530  0 
 6531  0 
 6532  0 
 6533  0 
 6534  0 
 6535  0 
 6536  0 
 6537  0 
 6538  0 
 6539  0 
 6540  1 
 6541  0 
 6542  0 
 6543  0 
 6544  0 
 6545  0 
 6546  0 
 6547  0 
 6548  0 
 6549  0 
 6550  0 
 6551  0 
 6552  0 
 6553  0 
 6554  1 
 6555  0 
 6556  0 
 6557  0 
 6558  0 
 6559  0 
 6560  0 
 6561  0 
 6562  0 
 6563  0 
 6564  0 
 6565  0 
 6566  0 
 6567  0 
 6568  0 
 6569  0 
 6570  0 
 6571  0 
 6572  0 
 6573  0 
 6574  0 
 6575  0 
 6576  0 
 6577  0 
 6578  0 
 6579  0 
 6580  1 
 6581  0 
 6582  0 
 6583  1 
 6584  0 
 6585  0 
 6586  0 
 6587  0 
 6588  0 
 6589  0 
 6590  0 
 6591  0 
 6592  0 
 6593  0 
 6594  0 
 6595  0 
 6596  0 
 6597  0 
 6598  0 
 6599  0 
 6600  0 
 6601  0 
 6602  0 
 6603  0 
 6604  0 
 6605  0 
 6606  0 
 6607  0 
 6608  0 
 6609  0 
 6610  0 
 6611  0 
 6612  0 
 6613  0 
 6614  0 
 6615  0 
 6616  0 
 6617  0 
 6618  0 
 6619  0 
 6620  0 
 6621  0 
 6622  0 
 6623  0 
 6624  0 
 6625  0 
 6626  0 
 6627  0 
 6628  0 
 6629  0 
 6630  0 
 6631  0 
 6632  0 
 6633  0 
 6634  0 
 6635  0 
 6636  0 
 6637  0 
 6638  0 
 6639  0 
 6640  0 
 6641  0 
 6642  1 
 6643  0 
 6644  0 
 6645  0 
 6646  0 
 6647  0 
 6648  0 
 6649  0 
 6650  0 
 6651  0 
 6652  0 
 6653  0 
 6654  0 
 6655  0 
 6656  0 
 6657  0 
 6658  0 
 6659  0 
 6660  0 
 6661  0 
 6662  0 
 6663  0 
 6664  0 
 6665  0 
 6666  0 
 6667  0 
 6668  0 
 6669  0 
 6670  1 
 6671  0 
 6672  0 
 6673  0 
 6674  0 
 6675  0 
 6676  0 
 6677  0 
 6678  0 
 6679  0 
 6680  0 
 6681  0 
 6682  0 
 6683  0 
 6684  0 
 6685  0 
 6686  0 
 6687  0 
 6688  0 
 6689  0 
 6690  0 
 6691  0 
 6692  0 
 6693  0 
 6694  0 
 6695  0 
 6696  0 
 6697  0 
 6698  0 
 6699  0 
 6700  0 
 6701  0 
 6702  0 
 6703  0 
 6704  0 
 6705  0 
 6706  0 
 6707  0 
 6708  0 
 6709  0 
 6710  0 
 6711  0 
 6712  0 
 6713  1 
 6714  0 
 6715  0 
 6716  0 
 6717  0 
 6718  0 
 6719  0 
 6720  1 
 6721  0 
 6722  0 
 6723  0 
 6724  0 
 6725  0 
 6726  0 
 6727  0 
 6728  0 
 6729  0 
 6730  0 
 6731  0 
 6732  0 
 6733  0 
 6734  0 
 6735  0 
 6736  0 
 6737  0 
 6738  0 
 6739  0 
 6740  0 
 6741  0 
 6742  0 
 6743  0 
 6744  0 
 6745  0 
 6746  0 
 6747  0 
 6748  0 
 6749  0 
 6750  0 
 6751  0 
 6752  0 
 6753  0 
 6754  0 
 6755  0 
 6756  0 
 6757  0 
 6758  0 
 6759  0 
 6760  2 
 6761  0 
 6762  0 
 6763  1 
 6764  0 
 6765  0 
 6766  0 
 6767  0 
 6768  0 
 6769  0 
 6770  0 
 6771  0 
 6772  0 
 6773  0 
 6774  0 
 6775  0 
 6776  0 
 6777  0 
 6778  0 
 6779  0 
 6780  0 
 6781  0 
 6782  0 
 6783  0 
 6784  0 
 6785  1 
 6786  0 
 6787  0 
 6788  0 
 6789  0 
 6790  0 
 6791  0 
 6792  0 
 6793  0 
 6794  0 
 6795  0 
 6796  0 
 6797  0 
 6798  0 
 6799  0 
 6800  0 
 6801  1 
 6802  0 
 6803  0 
 6804  1 
 6805  0 
 6806  0 
 6807  0 
 6808  0 
 6809  0 
 6810  0 
 6811  0 
 6812  0 
 6813  0 
 6814  0 
 6815  0 
 6816  0 
 6817  0 
 6818  0 
 6819  0 
 6820  0 
 6821  0 
 6822  0 
 6823  0 
 6824  0 
 6825  0 
 6826  0 
 6827  0 
 6828  0 
 6829  1 
 6830  0 
 6831  0 
 6832  0 
 6833  0 
 6834  0 
 6835  0 
 6836  0 
 6837  0 
 6838  0 
 6839  0 
 6840  0 
 6841  0 
 6842  0 
 6843  0 
 6844  0 
 6845  0 
 6846  0 
 6847  0 
 6848  0 
 6849  0 
 6850  0 
 6851  0 
 6852  0 
 6853  0 
 6854  0 
 6855  0 
 6856  0 
 6857  0 
 6858  0 
 6859  0 
 6860  0 
 6861  0 
 6862  0 
 6863  0 
 6864  0 
 6865  0 
 6866  0 
 6867  0 
 6868  0 
 6869  0 
 6870  0 
 6871  0 
 6872  0 
 6873  0 
 6874  0 
 6875  0 
 6876  0 
 6877  0 
 6878  0 
 6879  0 
 6880  0 
 6881  0 
 6882  0 
 6883  0 
 6884  0 
 6885  0 
 6886  0 
 6887  0 
 6888  0 
 6889  0 
 6890  0 
 6891  0 
 6892  0 
 6893  0 
 6894  1 
 6895  0 
 6896  0 
 6897  0 
 6898  0 
 6899  0 
 6900  0 
 6901  0 
 6902  0 
 6903  0 
 6904  0 
 6905  0 
 6906  0 
 6907  0 
 6908  0 
 6909  0 
 6910  0 
 6911  0 
 6912  0 
 6913  0 
 6914  0 
 6915  0 
 6916  0 
 6917  0 
 6918  0 
 6919  0 
 6920  1 
 6921  0 
 6922  0 
 6923  0 
 6924  0 
 6925  0 
 6926  0 
 6927  0 
 6928  0 
 6929  0 
 6930  0 
 6931  0 
 6932  0 
 6933  0 
 6934  0 
 6935  0 
 6936  0 
 6937  0 
 6938  0 
 6939  0 
 6940  0 
 6941  0 
 6942  0 
 6943  0 
 6944  0 
 6945  0 
 6946  0 
 6947  0 
 6948  1 
 6949  0 
 6950  0 
 6951  1 
 6952  0 
 6953  0 
 6954  0 
 6955  0 
 6956  0 
 6957  0 
 6958  0 
 6959  0 
 6960  0 
 6961  0 
 6962  0 
 6963  0 
 6964  0 
 6965  0 
 6966  0 
 6967  0 
 6968  0 
 6969  0 
 6970  0 
 6971  1 
 6972  0 
 6973  0 
 6974  0 
 6975  0 
 6976  0 
 6977  0 
 6978  0 
 6979  0 
 6980  0 
 6981  0 
 6982  0 
 6983  0 
 6984  0 
 6985  0 
 6986  0 
 6987  0 
 6988  0 
 6989  0 
 6990  0 
 6991  0 
 6992  0 
 6993  0 
 6994  0 
 6995  0 
 6996  0 
 6997  0 
 6998  0 
 6999  0 
 7000  0 
 7001  0 
 7002  0 
 7003  0 
 7004  0 
 7005  1 
 7006  0 
 7007  0 
 7008  0 
 7009  0 
 7010  0 
 7011  0 
 7012  0 
 7013  0 
 7014  0 
 7015  1 
 7016  0 
 7017  0 
 7018  1 
 7019  0 
 7020  0 
 7021  0 
 7022  0 
 7023  0 
 7024  0 
 7025  0 
 7026  0 
 7027  0 
 7028  0 
 7029  0 
 7030  0 
 7031  0 
 7032  0 
 7033  0 
 7034  0 
 7035  0 
 7036  0 
 7037  0 
 7038  0 
 7039  0 
 7040  0 
 7041  0 
 7042  0 
 7043  0 
 7044  0 
 7045  0 
 7046  1 
 7047  0 
 7048  0 
 7049  0 
 7050  0 
 7051  0 
 7052  0 
 7053  0 
 7054  0 
 7055  0 
 7056  0 
 7057  0 
 7058  0 
 7059  0 
 7060  0 
 7061  0 
 7062  0 
 7063  0 
 7064  0 
 7065  0 
 7066  0 
 7067  0 
 7068  0 
 7069  0 
 7070  0 
 7071  0 
 7072  0 
 7073  0 
 7074  0 
 7075  0 
 7076  0 
 7077  0 
 7078  0 
 7079  0 
 7080  0 
 7081  0 
 7082  0 
 7083  1 
 7084  0 
 7085  0 
 7086  0 
 7087  0 
 7088  0 
 7089  1 
 7090  0 
 7091  0 
 7092  0 
 7093  0 
 7094  0 
 7095  0 
 7096  0 
 7097  0 
 7098  0 
 7099  0 
 7100  1 
 7101  0 
 7102  1 
 7103  0 
 7104  1 
 7105  1 
 7106  0 
 7107  0 
 7108  0 
 7109  0 
 7110  1 
 7111  0 
 7112  0 
 7113  0 
 7114  0 
 7115  0 
 7116  0 
 7117  0 
 7118  0 
 7119  0 
 7120  0 
 7121  0 
 7122  0 
 7123  0 
 7124  0 
 7125  0 
 7126  0 
 7127  0 
 7128  0 
 7129  0 
 7130  0 
 7131  0 
 7132  0 
 7133  0 
 7134  0 
 7135  0 
 7136  1 
 7137  0 
 7138  0 
 7139  0 
 7140  0 
 7141  0 
 7142  0 
 7143  0 
 7144  1 
 7145  0 
 7146  1 
 7147  0 
 7148  0 
 7149  0 
 7150  0 
 7151  1 
 7152  0 
 7153  0 
 7154  0 
 7155  2 
 7156  0 
 7157  0 
 7158  1 
 7159  1 
 7160  0 
 7161  0 
 7162  0 
 7163  0 
 7164  0 
 7165  1 
 7166  0 
 7167  0 
 7168  0 
 7169  1 
 7170  0 
 7171  0 
 7172  0 
 7173  0 
 7174  0 
 7175  1 
 7176  1 
 7177  0 
 7178  0 
 7179  0 
 7180  0 
 7181  0 
 7182  0 
 7183  0 
 7184  0 
 7185  1 
 7186  0 
 7187  0 
 7188  0 
 7189  1 
 7190  0 
 7191  0 
 7192  1 
 7193  2 
 7194  0 
 7195  1 
 7196  0 
 7197  0 
 7198  0 
 7199  2 
 7200  0 
 7201  0 
 7202  0 
 7203  1 
 7204  0 
 7205  0 
 7206  1 
 7207  0 
 7208  2 
 7209  0 
 7210  0 
 7211  1 
 7212  0 
 7213  2 
 7214  0 
 7215  2 
 7216  0 
 7217  0 
 7218  1 
 7219  0 
 7220  0 
 7221  0 
 7222  0 
 7223  1 
 7224  1 
 7225  0 
 7226  0 
 7227  0 
 7228  0 
 7229  0 
 7230  0 
 7231  0 
 7232  1 
 7233  0 
 7234  0 
 7235  0 
 7236  2 
 7237  0 
 7238  0 
 7239  0 
 7240  0 
 7241  0 
 7242  0 
 7243  0 
 7244  0 
 7245  0 
 7246  1 
 7247  0 
 7248  0 
 7249  0 
 7250  0 
 7251  0 
 7252  1 
 7253  0 
 7254  0 
 7255  0 
 7256  1 
 7257  0 
 7258  1 
 7259  0 
 7260  0 
 7261  3 
 7262  1 
 7263  0 
 7264  0 
 7265  0 
 7266  0 
 7267  0 
 7268  1 
 7269  1 
 7270  0 
 7271  1 
 7272  1 
 7273  2 
 7274  1 
 7275  1 
 7276  2 
 7277  0 
 7278  0 
 7279  0 
 7280  1 
 7281  0 
 7282  0 
 7283  0 
 7284  0 
 7285  0 
 7286  1 
 7287  0 
 7288  1 
 7289  1 
 7290  0 
 7291  0 
 7292  0 
 7293  1 
 7294  0 
 7295  1 
 7296  0 
 7297  0 
 7298  1 
 7299  1 
 7300  1 
 7301  0 
 7302  0 
 7303  0 
 7304  0 
 7305  0 
 7306  1 
 7307  1 
 7308  0 
 7309  0 
 7310  2 
 7311  1 
 7312  1 
 7313  1 
 7314  0 
 7315  0 
 7316  0 
 7317  1 
 7318  0 
 7319  0 
 7320  1 
 7321  0 
 7322  0 
 7323  0 
 7324  1 
 7325  0 
 7326  0 
 7327  1 
 7328  1 
 7329  0 
 7330  0 
 7331  0 
 7332  0 
 7333  0 
 7334  0 
 7335  0 
 7336  0 
 7337  0 
 7338  0 
 7339  0 
 7340  1 
 7341  0 
 7342  0 
 7343  0 
 7344  0 
 7345  0 
 7346  0 
 7347  0 
 7348  0 
 7349  0 
 7350  0 
 7351  0 
 7352  0 
 7353  0 
 7354  1 
 7355  0 
 7356  0 
 7357  0 
 7358  0 
 7359  0 
 7360  0 
 7361  0 
 7362  0 
 7363  0 
 7364  0 
 7365  0 
 7366  0 
 7367  0 
 7368  0 
 7369  0 
 7370  0 
 7371  0 
 7372  0 
 7373  0 
 7374  0 
 7375  0 
 7376  0 
 7377  0 
 7378  0 
 7379  0 
 7380  0 
 7381  0 
 7382  0 
 7383  0 
 7384  0 
 7385  0 
 7386  0 
 7387  0 
 7388  0 
 7389  0 
 7390  1 
 7391  0 
 7392  0 
 7393  0 
 7394  0 
 7395  0 
 7396  0 
 7397  0 
 7398  0 
 7399  0 
 7400  0 
 7401  0 
 7402  0 
 7403  0 
 7404  0 
 7405  0 
 7406  0 
 7407  0 
 7408  0 
 7409  0 
 7410  0 
 7411  0 
 7412  0 
 7413  0 
 7414  0 
 7415  0 
 7416  0 
 7417  0 
 7418  0 
 7419  0 
 7420  0 
 7421  0 
 7422  0 
 7423  0 
 7424  0 
 7425  0 
 7426  0 
 7427  0 
 7428  0 
 7429  0 
 7430  0 
 7431  0 
 7432  0 
 7433  0 
 7434  0 
 7435  0 
 7436  0 
 7437  0 
 7438  0 
 7439  0 
 7440  0 
 7441  0 
 7442  1 
 7443  0 
 7444  0 
 7445  0 
 7446  0 
 7447  0 
 7448  0 
 7449  0 
 7450  0 
 7451  0 
 7452  0 
 7453  0 
 7454  0 
 7455  0 
 7456  0 
 7457  0 
 7458  0 
 7459  0 
 7460  0 
 7461  0 
 7462  0 
 7463  0 
 7464  0 
 7465  0 
 7466  0 
 7467  0 
 7468  0 
 7469  0 
 7470  0 
 7471  0 
 7472  0 
 7473  0 
 7474  0 
 7475  0 
 7476  0 
 7477  0 
 7478  0 
 7479  0 
 7480  0 
 7481  0 
 7482  0 
 7483  0 
 7484  1 
 7485  0 
 7486  0 
 7487  0 
 7488  0 
 7489  0 
 7490  0 
 7491  0 
 7492  0 
 7493  0 
 7494  0 
 7495  0 
 7496  0 
 7497  0 
 7498  0 
 7499  0 
 7500  0 
 7501  0 
 7502  0 
 7503  0 
 7504  0 
 7505  0 
 7506  0 
 7507  0 
 7508  0 
 7509  0 
 7510  0 
 7511  0 
 7512  0 
 7513  0 
 7514  0 
 7515  0 
 7516  0 
 7517  0 
 7518  0 
 7519  0 
 7520  0 
 7521  0 
 7522  0 
 7523  0 
 7524  1 
 7525  0 
 7526  0 
 7527  0 
 7528  0 
 7529  0 
 7530  0 
 7531  0 
 7532  0 
 7533  0 
 7534  0 
 7535  0 
 7536  0 
 7537  0 
 7538  0 
 7539  0 
 7540  0 
 7541  0 
 7542  0 
 7543  0 
 7544  0 
 7545  0 
 7546  0 
 7547  0 
 7548  0 
 7549  0 
 7550  0 
 7551  0 
 7552  0 
 7553  0 
 7554  0 
 7555  0 
 7556  0 
 7557  0 
 7558  0 
 7559  0 
 7560  0 
 7561  0 
 7562  0 
 7563  0 
 7564  0 
 7565  0 
 7566  0 
 7567  0 
 7568  0 
 7569  0 
 7570  0 
 7571  0 
 7572  0 
 7573  0 
 7574  0 
 7575  0 
 7576  0 
 7577  0 
 7578  0 
 7579  0 
 7580  1 
 7581  0 
 7582  0 
 7583  0 
 7584  0 
 7585  0 
 7586  0 
 7587  0 
 7588  0 
 7589  0 
 7590  0 
 7591  0 
 7592  0 
 7593  0 
 7594  0 
 7595  0 
 7596  0 
 7597  0 
 7598  0 
 7599  0 
 7600  0 
 7601  0 
 7602  0 
 7603  0 
 7604  0 
 7605  0 
 7606  0 
 7607  0 
 7608  0 
 7609  0 
 7610  0 
 7611  0 
 7612  0 
 7613  0 
 7614  0 
 7615  0 
 7616  0 
 7617  0 
 7618  0 
 7619  0 
 7620  0 
 7621  0 
 7622  0 
 7623  0 
 7624  0 
 7625  0 
 7626  0 
 7627  0 
 7628  0 
 7629  0 
 7630  0 
 7631  0 
 7632  0 
 7633  0 
 7634  0 
 7635  0 
 7636  0 
 7637  0 
 7638  0 
 7639  0 
 7640  0 
 7641  0 
 7642  0 
 7643  0 
 7644  0 
 7645  0 
 7646  0 
 7647  0 
 7648  0 
 7649  0 
 7650  0 
 7651  0 
 7652  0 
 7653  0 
 7654  0 
 7655  0 
 7656  0 
 7657  0 
 7658  0 
 7659  0 
 7660  0 
 7661  0 
 7662  0 
 7663  0 
 7664  0 
 7665  0 
 7666  0 
 7667  0 
 7668  0 
 7669  0 
 7670  0 
 7671  0 
 7672  0 
 7673  0 
 7674  0 
 7675  0 
 7676  0 
 7677  0 
 7678  0 
 7679  0 
 7680  0 
 7681  0 
 7682  0 
 7683  0 
 7684  0 
 7685  0 
 7686  0 
 7687  0 
 7688  0 
 7689  0 
 7690  0 
 7691  0 
 7692  0 
 7693  0 
 7694  0 
 7695  0 
 7696  0 
 7697  0 
 7698  0 
 7699  0 
 7700  0 
 7701  0 
 7702  0 
 7703  0 
 7704  0 
 7705  0 
 7706  0 
 7707  0 
 7708  0 
 7709  0 
 7710  0 
 7711  0 
 7712  0 
 7713  0 
 7714  0 
 7715  0 
 7716  0 
 7717  0 
 7718  0 
 7719  0 
 7720  0 
 7721  0 
 7722  0 
 7723  0 
 7724  0 
 7725  0 
 7726  0 
 7727  0 
 7728  0 
 7729  0 
 7730  0 
 7731  0 
 7732  0 
 7733  0 
 7734  0 
 7735  0 
 7736  0 
 7737  0 
 7738  0 
 7739  0 
 7740  0 
 7741  0 
 7742  0 
 7743  0 
 7744  0 
 7745  0 
 7746  0 
 7747  0 
 7748  0 
 7749  0 
 7750  0 
 7751  0 
 7752  0 
 7753  0 
 7754  0 
 7755  0 
 7756  0 
 7757  0 
 7758  0 
 7759  0 
 7760  0 
 7761  0 
 7762  0 
 7763  0 
 7764  0 
 7765  0 
 7766  0 
 7767  0 
 7768  0 
 7769  0 
 7770  0 
 7771  0 
 7772  0 
 7773  0 
 7774  0 
 7775  0 
 7776  0 
 7777  0 
 7778  0 
 7779  0 
 7780  0 
 7781  0 
 7782  0 
 7783  0 
 7784  0 
 7785  0 
 7786  0 
 7787  0 
 7788  0 
 7789  0 
 7790  0 
 7791  0 
 7792  0 
 7793  0 
 7794  0 
 7795  0 
 7796  0 
 7797  0 
 7798  0 
 7799  0 
 7800  0 
 7801  0 
 7802  0 
 7803  0 
 7804  0 
 7805  0 
 7806  0 
 7807  0 
 7808  0 
 7809  0 
 7810  0 
 7811  0 
 7812  0 
 7813  0 
 7814  0 
 7815  0 
 7816  0 
 7817  0 
 7818  0 
 7819  0 
 7820  0 
 7821  0 
 7822  0 
 7823  0 
 7824  0 
 7825  0 
 7826  0 
 7827  0 
 7828  0 
 7829  0 
 7830  0 
 7831  0 
 7832  0 
 7833  0 
 7834  0 
 7835  0 
 7836  0 
 7837  0 
 7838  0 
 7839  0 
 7840  0 
 7841  0 
 7842  0 
 7843  0 
 7844  0 
 7845  0 
 7846  0 
 7847  0 
 7848  0 
 7849  0 
 7850  0 
 7851  0 
 7852  0 
 7853  0 
 7854  0 
 7855  0 
 7856  0 
 7857  0 
 7858  0 
 7859  0 
 7860  0 
 7861  0 
 7862  0 
 7863  0 
 7864  0 
 7865  0 
 7866  0 
 7867  0 
 7868  0 
 7869  0 
 7870  0 
 7871  0 
 7872  0 
 7873  0 
 7874  0 
 7875  0 
 7876  0 
 7877  0 
 7878  0 
 7879  0 
 7880  0 
 7881  0 
 7882  0 
 7883  0 
 7884  0 
 7885  0 
 7886  0 
 7887  0 
 7888  0 
 7889  0 
 7890  0 
 7891  0 
 7892  0 
 7893  0 
 7894  0 
 7895  0 
 7896  0 
 7897  0 
 7898  0 
 7899  0 
 7900  0 
 7901  0 
 7902  0 
 7903  0 
 7904  0 
 7905  0 
 7906  0 
 7907  0 
 7908  0 
 7909  0 
 7910  0 
 7911  0 
 7912  0 
 7913  0 
 7914  0 
 7915  0 
 7916  0 
 7917  0 
 7918  0 
 7919  0 
 7920  0 
 7921  0 
 7922  0 
 7923  0 
 7924  0 
 7925  0 
 7926  0 
 7927  0 
 7928  0 
 7929  0 
 7930  0 
 7931  0 
 7932  0 
 7933  0 
 7934  0 
 7935  0 
 7936  0 
 7937  0 
 7938  0 
 7939  0 
 7940  0 
 7941  0 
 7942  0 
 7943  0 
 7944  0 
 7945  0 
 7946  0 
 7947  0 
 7948  0 
 7949  0 
 7950  0 
 7951  0 
 7952  0 
 7953  0 
 7954  0 
 7955  0 
 7956  0 
 7957  0 
 7958  0 
 7959  0 
 7960  0 
 7961  0 
 7962  0 
 7963  0 
 7964  0 
 7965  0 
 7966  0 
 7967  0 
 7968  0 
 7969  0 
 7970  0 
 7971  0 
 7972  0 
 7973  0 
 7974  0 
 7975  0 
 7976  0 
 7977  0 
 7978  0 
 7979  0 
 7980  0 
 7981  0 
 7982  0 
 7983  0 
 7984  0 
 7985  0 
 7986  0 
 7987  0 
 7988  0 
 7989  0 
 7990  0 
 7991  0 
 7992  0 
 7993  0 
 7994  0 
 7995  0 
 7996  0 
 7997  0 
 7998  0 
 7999  0 
 8000  0 
 8001  0 
 8002  0 
 8003  0 
 8004  0 
 8005  0 
 8006  0 
 8007  0 
 8008  0 
 8009  0 
 8010  0 
 8011  0 
 8012  0 
 8013  0 
 8014  0 
 8015  0 
 8016  0 
 8017  0 
 8018  0 
 8019  0 
 8020  0 
 8021  0 
 8022  0 
 8023  0 
 8024  0 
 8025  0 
 8026  0 
 8027  0 
 8028  0 
 8029  0 
 8030  0 
 8031  0 
 8032  0 
 8033  0 
 8034  0 
 8035  0 
 8036  0 
 8037  0 
 8038  0 
 8039  0 
 8040  0 
 8041  0 
 8042  0 
 8043  0 
 8044  0 
 8045  0 
 8046  0 
 8047  0 
 8048  0 
 8049  0 
 8050  0 
 8051  0 
 8052  0 
 8053  0 
 8054  0 
 8055  0 
 8056  0 
 8057  0 
 8058  0 
 8059  0 
 8060  0 
 8061  0 
 8062  0 
 8063  0 
 8064  0 
 8065  0 
 8066  0 
 8067  0 
 8068  0 
 8069  0 
 8070  0 
 8071  0 
 8072  0 
 8073  0 
 8074  0 
 8075  0 
 8076  0 
 8077  0 
 8078  0 
 8079  0 
 8080  0 
 8081  0 
 8082  0 
 8083  0 
 8084  0 
 8085  0 
 8086  0 
 8087  0 
 8088  0 
 8089  0 
 8090  0 
 8091  0 
 8092  0 
 8093  0 
 8094  0 
 8095  0 
 8096  0 
 8097  0 
 8098  0 
 8099  0 
 8100  0 
 8101  0 
 8102  0 
 8103  0 
 8104  0 
 8105  0 
 8106  0 
 8107  0 
 8108  0 
 8109  0 
 8110  0 
 8111  0 
 8112  0 
 8113  0 
 8114  0 
 8115  0 
 8116  0 
 8117  0 
 8118  0 
 8119  0 
 8120  0 
 8121  0 
 8122  0 
 8123  0 
 8124  0 
 8125  0 
 8126  0 
 8127  0 
 8128  0 
 8129  0 
 8130  0 
 8131  0 
 8132  0 
 8133  0 
 8134  0 
 8135  0 
 8136  0 
 8137  0 
 8138  0 
 8139  0 
 8140  0 
 8141  0 
 8142  0 
 8143  0 
 8144  0 
 8145  0 
 8146  0 
 8147  0 
 8148  0 
 8149  0 
 8150  0 
 8151  0 
 8152  0 
 8153  0 
 8154  0 
 8155  0 
 8156  0 
 8157  0 
 8158  0 
 8159  0 
 8160  0 
 8161  0 
 8162  0 
 8163  0 
 8164  0 
 8165  0 
 8166  0 
 8167  0 
 8168  0 
 8169  0 
 8170  0 
 8171  0 
 8172  0 
 8173  0 
 8174  0 
 8175  0 
 8176  0 
 8177  0 
 8178  0 
 8179  0 
 8180  0 
 8181  0 
 8182  0 
 8183  0 
 8184  0 
 8185  0 
 8186  0 
 8187  0 
 8188  0 
 8189  0 
 8190  0 
 8191  0 
