 0  909 
 1  924 
 2  0 
 3  0 
 4  0 
 5  0 
 6  0 
 7  0 
 8  0 
 9  0 
 10  0 
 11  0 
 12  0 
 13  0 
 14  0 
 15  0 
 16  0 
 17  0 
 18  0 
 19  0 
 20  0 
 21  0 
 22  0 
 23  0 
 24  0 
 25  0 
 26  0 
 27  0 
 28  0 
 29  0 
 30  0 
 31  0 
 32  0 
 33  0 
 34  0 
 35  0 
 36  0 
 37  0 
 38  0 
 39  0 
 40  0 
 41  0 
 42  0 
 43  0 
 44  0 
 45  0 
 46  0 
 47  0 
 48  0 
 49  0 
 50  0 
 51  0 
 52  0 
 53  0 
 54  0 
 55  0 
 56  0 
 57  0 
 58  0 
 59  0 
 60  0 
 61  0 
 62  0 
 63  0 
 64  0 
 65  0 
 66  0 
 67  0 
 68  0 
 69  0 
 70  0 
 71  0 
 72  0 
 73  0 
 74  0 
 75  0 
 76  0 
 77  0 
 78  0 
 79  0 
 80  0 
 81  0 
 82  0 
 83  0 
 84  0 
 85  0 
 86  0 
 87  0 
 88  0 
 89  0 
 90  0 
 91  0 
 92  0 
 93  0 
 94  0 
 95  0 
 96  0 
 97  0 
 98  0 
 99  0 
 100  0 
 101  0 
 102  0 
 103  0 
 104  0 
 105  0 
 106  0 
 107  0 
 108  0 
 109  0 
 110  0 
 111  0 
 112  0 
 113  0 
 114  0 
 115  0 
 116  0 
 117  0 
 118  0 
 119  0 
 120  0 
 121  0 
 122  0 
 123  0 
 124  0 
 125  0 
 126  0 
 127  0 
 128  0 
 129  0 
 130  0 
 131  0 
 132  0 
 133  0 
 134  0 
 135  0 
 136  0 
 137  0 
 138  0 
 139  0 
 140  0 
 141  0 
 142  0 
 143  0 
 144  0 
 145  0 
 146  0 
 147  0 
 148  0 
 149  0 
 150  0 
 151  0 
 152  0 
 153  0 
 154  0 
 155  0 
 156  0 
 157  0 
 158  0 
 159  0 
 160  0 
 161  0 
 162  0 
 163  0 
 164  0 
 165  0 
 166  0 
 167  0 
 168  0 
 169  0 
 170  0 
 171  0 
 172  0 
 173  0 
 174  0 
 175  0 
 176  0 
 177  0 
 178  0 
 179  0 
 180  0 
 181  0 
 182  0 
 183  0 
 184  0 
 185  0 
 186  0 
 187  0 
 188  0 
 189  0 
 190  0 
 191  0 
 192  0 
 193  0 
 194  0 
 195  0 
 196  0 
 197  0 
 198  0 
 199  0 
 200  0 
 201  0 
 202  0 
 203  0 
 204  0 
 205  0 
 206  0 
 207  0 
 208  0 
 209  0 
 210  0 
 211  0 
 212  0 
 213  0 
 214  0 
 215  0 
 216  0 
 217  0 
 218  0 
 219  0 
 220  0 
 221  0 
 222  0 
 223  0 
 224  0 
 225  0 
 226  0 
 227  0 
 228  0 
 229  0 
 230  0 
 231  0 
 232  0 
 233  0 
 234  0 
 235  0 
 236  0 
 237  0 
 238  0 
 239  0 
 240  0 
 241  0 
 242  0 
 243  0 
 244  0 
 245  0 
 246  3 
 247  2 
 248  5 
 249  5 
 250  14 
 251  15 
 252  753 
 253  1339 
 254  1387 
 255  1374 
 256  1322 
 257  1329 
 258  1437 
 259  1312 
 260  1331 
 261  1328 
 262  1339 
 263  1383 
 264  1370 
 265  1370 
 266  1305 
 267  1357 
 268  1437 
 269  1314 
 270  1385 
 271  1315 
 272  1411 
 273  1363 
 274  1355 
 275  1296 
 276  1329 
 277  1283 
 278  1301 
 279  1358 
 280  1261 
 281  1297 
 282  1270 
 283  1233 
 284  1262 
 285  1272 
 286  1237 
 287  1312 
 288  1275 
 289  1278 
 290  1250 
 291  1225 
 292  1252 
 293  1217 
 294  1208 
 295  1270 
 296  1225 
 297  1284 
 298  1159 
 299  1118 
 300  1110 
 301  1154 
 302  1131 
 303  1088 
 304  1050 
 305  1089 
 306  1090 
 307  1060 
 308  1004 
 309  1060 
 310  987 
 311  1010 
 312  1023 
 313  975 
 314  930 
 315  978 
 316  919 
 317  950 
 318  867 
 319  848 
 320  798 
 321  880 
 322  845 
 323  784 
 324  738 
 325  758 
 326  748 
 327  723 
 328  676 
 329  748 
 330  696 
 331  694 
 332  646 
 333  661 
 334  648 
 335  610 
 336  582 
 337  566 
 338  537 
 339  552 
 340  525 
 341  508 
 342  520 
 343  492 
 344  455 
 345  446 
 346  434 
 347  418 
 348  426 
 349  393 
 350  425 
 351  385 
 352  374 
 353  354 
 354  332 
 355  355 
 356  319 
 357  333 
 358  303 
 359  315 
 360  292 
 361  263 
 362  276 
 363  278 
 364  282 
 365  260 
 366  247 
 367  282 
 368  265 
 369  219 
 370  249 
 371  232 
 372  226 
 373  238 
 374  237 
 375  227 
 376  244 
 377  204 
 378  240 
 379  202 
 380  210 
 381  214 
 382  191 
 383  201 
 384  187 
 385  213 
 386  217 
 387  173 
 388  183 
 389  167 
 390  182 
 391  179 
 392  190 
 393  175 
 394  186 
 395  209 
 396  167 
 397  186 
 398  186 
 399  194 
 400  152 
 401  172 
 402  167 
 403  163 
 404  153 
 405  164 
 406  186 
 407  175 
 408  178 
 409  172 
 410  162 
 411  160 
 412  174 
 413  164 
 414  136 
 415  149 
 416  179 
 417  151 
 418  142 
 419  140 
 420  150 
 421  136 
 422  140 
 423  153 
 424  135 
 425  156 
 426  139 
 427  148 
 428  132 
 429  124 
 430  147 
 431  134 
 432  141 
 433  153 
 434  144 
 435  137 
 436  131 
 437  134 
 438  126 
 439  149 
 440  139 
 441  129 
 442  141 
 443  112 
 444  134 
 445  141 
 446  117 
 447  129 
 448  148 
 449  135 
 450  135 
 451  141 
 452  139 
 453  149 
 454  118 
 455  130 
 456  138 
 457  133 
 458  127 
 459  133 
 460  114 
 461  141 
 462  125 
 463  141 
 464  119 
 465  141 
 466  118 
 467  138 
 468  134 
 469  131 
 470  152 
 471  112 
 472  120 
 473  106 
 474  122 
 475  122 
 476  141 
 477  131 
 478  127 
 479  114 
 480  103 
 481  129 
 482  112 
 483  123 
 484  119 
 485  108 
 486  99 
 487  115 
 488  101 
 489  103 
 490  103 
 491  124 
 492  102 
 493  116 
 494  115 
 495  99 
 496  114 
 497  87 
 498  77 
 499  114 
 500  108 
 501  107 
 502  86 
 503  98 
 504  103 
 505  78 
 506  84 
 507  87 
 508  82 
 509  96 
 510  80 
 511  77 
 512  96 
 513  77 
 514  87 
 515  90 
 516  79 
 517  95 
 518  60 
 519  60 
 520  86 
 521  65 
 522  67 
 523  75 
 524  69 
 525  74 
 526  89 
 527  71 
 528  73 
 529  63 
 530  66 
 531  92 
 532  56 
 533  53 
 534  58 
 535  59 
 536  69 
 537  57 
 538  59 
 539  62 
 540  51 
 541  56 
 542  42 
 543  58 
 544  58 
 545  55 
 546  50 
 547  49 
 548  60 
 549  62 
 550  38 
 551  53 
 552  61 
 553  54 
 554  34 
 555  43 
 556  49 
 557  42 
 558  37 
 559  50 
 560  49 
 561  58 
 562  49 
 563  36 
 564  53 
 565  46 
 566  42 
 567  41 
 568  43 
 569  47 
 570  47 
 571  47 
 572  44 
 573  54 
 574  39 
 575  49 
 576  47 
 577  45 
 578  44 
 579  57 
 580  47 
 581  33 
 582  46 
 583  47 
 584  35 
 585  42 
 586  43 
 587  38 
 588  36 
 589  38 
 590  38 
 591  53 
 592  44 
 593  30 
 594  36 
 595  49 
 596  27 
 597  46 
 598  38 
 599  39 
 600  37 
 601  48 
 602  30 
 603  49 
 604  42 
 605  38 
 606  45 
 607  43 
 608  45 
 609  34 
 610  33 
 611  40 
 612  38 
 613  53 
 614  33 
 615  33 
 616  38 
 617  41 
 618  45 
 619  33 
 620  46 
 621  44 
 622  31 
 623  26 
 624  50 
 625  44 
 626  28 
 627  43 
 628  40 
 629  28 
 630  29 
 631  50 
 632  43 
 633  33 
 634  37 
 635  37 
 636  43 
 637  38 
 638  39 
 639  31 
 640  34 
 641  42 
 642  32 
 643  28 
 644  40 
 645  46 
 646  56 
 647  37 
 648  52 
 649  37 
 650  29 
 651  35 
 652  35 
 653  38 
 654  37 
 655  37 
 656  28 
 657  37 
 658  32 
 659  38 
 660  39 
 661  37 
 662  43 
 663  34 
 664  36 
 665  35 
 666  35 
 667  44 
 668  46 
 669  31 
 670  54 
 671  31 
 672  45 
 673  34 
 674  38 
 675  26 
 676  36 
 677  43 
 678  23 
 679  27 
 680  40 
 681  33 
 682  27 
 683  44 
 684  46 
 685  41 
 686  38 
 687  33 
 688  43 
 689  27 
 690  36 
 691  45 
 692  34 
 693  27 
 694  40 
 695  41 
 696  24 
 697  36 
 698  34 
 699  42 
 700  36 
 701  39 
 702  29 
 703  35 
 704  37 
 705  22 
 706  35 
 707  25 
 708  40 
 709  28 
 710  32 
 711  31 
 712  35 
 713  44 
 714  24 
 715  29 
 716  37 
 717  30 
 718  30 
 719  37 
 720  27 
 721  29 
 722  32 
 723  41 
 724  37 
 725  31 
 726  30 
 727  37 
 728  32 
 729  29 
 730  31 
 731  30 
 732  34 
 733  29 
 734  36 
 735  39 
 736  36 
 737  35 
 738  37 
 739  31 
 740  39 
 741  33 
 742  45 
 743  33 
 744  27 
 745  37 
 746  34 
 747  24 
 748  29 
 749  31 
 750  28 
 751  32 
 752  29 
 753  33 
 754  30 
 755  26 
 756  31 
 757  44 
 758  24 
 759  35 
 760  35 
 761  31 
 762  34 
 763  34 
 764  35 
 765  33 
 766  34 
 767  34 
 768  27 
 769  35 
 770  32 
 771  37 
 772  23 
 773  21 
 774  30 
 775  42 
 776  30 
 777  30 
 778  30 
 779  43 
 780  27 
 781  29 
 782  35 
 783  45 
 784  28 
 785  27 
 786  28 
 787  31 
 788  37 
 789  36 
 790  32 
 791  35 
 792  28 
 793  41 
 794  33 
 795  30 
 796  33 
 797  30 
 798  19 
 799  23 
 800  21 
 801  35 
 802  40 
 803  24 
 804  30 
 805  30 
 806  22 
 807  32 
 808  30 
 809  29 
 810  31 
 811  38 
 812  34 
 813  26 
 814  30 
 815  27 
 816  27 
 817  31 
 818  25 
 819  30 
 820  30 
 821  28 
 822  35 
 823  22 
 824  23 
 825  14 
 826  24 
 827  42 
 828  29 
 829  31 
 830  24 
 831  37 
 832  28 
 833  34 
 834  30 
 835  38 
 836  30 
 837  31 
 838  35 
 839  38 
 840  33 
 841  35 
 842  38 
 843  22 
 844  24 
 845  27 
 846  39 
 847  29 
 848  22 
 849  27 
 850  28 
 851  31 
 852  26 
 853  37 
 854  31 
 855  26 
 856  37 
 857  35 
 858  25 
 859  34 
 860  35 
 861  27 
 862  15 
 863  34 
 864  22 
 865  17 
 866  20 
 867  29 
 868  25 
 869  39 
 870  28 
 871  22 
 872  33 
 873  27 
 874  31 
 875  30 
 876  26 
 877  28 
 878  26 
 879  31 
 880  21 
 881  26 
 882  29 
 883  27 
 884  29 
 885  36 
 886  33 
 887  40 
 888  37 
 889  21 
 890  26 
 891  29 
 892  17 
 893  25 
 894  26 
 895  31 
 896  26 
 897  36 
 898  28 
 899  40 
 900  28 
 901  29 
 902  39 
 903  24 
 904  39 
 905  32 
 906  30 
 907  33 
 908  21 
 909  28 
 910  34 
 911  20 
 912  29 
 913  29 
 914  28 
 915  30 
 916  31 
 917  30 
 918  24 
 919  26 
 920  27 
 921  26 
 922  30 
 923  22 
 924  24 
 925  36 
 926  18 
 927  23 
 928  27 
 929  24 
 930  29 
 931  24 
 932  33 
 933  24 
 934  30 
 935  26 
 936  21 
 937  35 
 938  35 
 939  34 
 940  28 
 941  36 
 942  27 
 943  23 
 944  30 
 945  27 
 946  36 
 947  26 
 948  25 
 949  26 
 950  29 
 951  24 
 952  30 
 953  24 
 954  29 
 955  32 
 956  30 
 957  24 
 958  24 
 959  24 
 960  21 
 961  27 
 962  21 
 963  26 
 964  23 
 965  33 
 966  40 
 967  25 
 968  21 
 969  26 
 970  28 
 971  27 
 972  22 
 973  26 
 974  32 
 975  28 
 976  28 
 977  30 
 978  36 
 979  25 
 980  31 
 981  38 
 982  35 
 983  22 
 984  32 
 985  36 
 986  21 
 987  35 
 988  34 
 989  21 
 990  36 
 991  27 
 992  27 
 993  41 
 994  32 
 995  29 
 996  18 
 997  36 
 998  32 
 999  24 
 1000  38 
 1001  35 
 1002  44 
 1003  30 
 1004  37 
 1005  20 
 1006  23 
 1007  32 
 1008  27 
 1009  34 
 1010  40 
 1011  35 
 1012  31 
 1013  28 
 1014  27 
 1015  37 
 1016  36 
 1017  28 
 1018  29 
 1019  44 
 1020  36 
 1021  32 
 1022  44 
 1023  28 
 1024  34 
 1025  32 
 1026  31 
 1027  29 
 1028  38 
 1029  35 
 1030  50 
 1031  42 
 1032  35 
 1033  34 
 1034  38 
 1035  27 
 1036  45 
 1037  41 
 1038  40 
 1039  35 
 1040  35 
 1041  52 
 1042  35 
 1043  44 
 1044  40 
 1045  51 
 1046  44 
 1047  40 
 1048  47 
 1049  59 
 1050  49 
 1051  52 
 1052  45 
 1053  48 
 1054  41 
 1055  45 
 1056  58 
 1057  66 
 1058  54 
 1059  56 
 1060  54 
 1061  57 
 1062  58 
 1063  58 
 1064  72 
 1065  80 
 1066  76 
 1067  76 
 1068  53 
 1069  78 
 1070  70 
 1071  81 
 1072  84 
 1073  85 
 1074  66 
 1075  98 
 1076  84 
 1077  97 
 1078  96 
 1079  96 
 1080  107 
 1081  96 
 1082  88 
 1083  144 
 1084  114 
 1085  110 
 1086  105 
 1087  118 
 1088  129 
 1089  142 
 1090  139 
 1091  137 
 1092  150 
 1093  142 
 1094  162 
 1095  177 
 1096  161 
 1097  175 
 1098  183 
 1099  177 
 1100  189 
 1101  187 
 1102  205 
 1103  256 
 1104  204 
 1105  236 
 1106  248 
 1107  259 
 1108  233 
 1109  242 
 1110  255 
 1111  296 
 1112  289 
 1113  290 
 1114  296 
 1115  283 
 1116  300 
 1117  341 
 1118  319 
 1119  308 
 1120  339 
 1121  336 
 1122  395 
 1123  355 
 1124  335 
 1125  355 
 1126  384 
 1127  363 
 1128  430 
 1129  400 
 1130  407 
 1131  391 
 1132  363 
 1133  399 
 1134  432 
 1135  430 
 1136  449 
 1137  459 
 1138  424 
 1139  433 
 1140  417 
 1141  433 
 1142  439 
 1143  466 
 1144  475 
 1145  486 
 1146  471 
 1147  445 
 1148  458 
 1149  452 
 1150  476 
 1151  438 
 1152  476 
 1153  437 
 1154  459 
 1155  423 
 1156  494 
 1157  437 
 1158  435 
 1159  454 
 1160  429 
 1161  420 
 1162  433 
 1163  473 
 1164  409 
 1165  409 
 1166  418 
 1167  433 
 1168  378 
 1169  422 
 1170  409 
 1171  352 
 1172  375 
 1173  329 
 1174  338 
 1175  357 
 1176  343 
 1177  350 
 1178  352 
 1179  331 
 1180  341 
 1181  329 
 1182  322 
 1183  299 
 1184  305 
 1185  280 
 1186  300 
 1187  270 
 1188  303 
 1189  241 
 1190  235 
 1191  256 
 1192  219 
 1193  236 
 1194  221 
 1195  210 
 1196  206 
 1197  182 
 1198  183 
 1199  168 
 1200  167 
 1201  165 
 1202  167 
 1203  148 
 1204  132 
 1205  120 
 1206  130 
 1207  121 
 1208  110 
 1209  106 
 1210  113 
 1211  97 
 1212  100 
 1213  96 
 1214  103 
 1215  69 
 1216  75 
 1217  85 
 1218  72 
 1219  69 
 1220  71 
 1221  58 
 1222  65 
 1223  58 
 1224  60 
 1225  45 
 1226  55 
 1227  61 
 1228  36 
 1229  47 
 1230  38 
 1231  27 
 1232  38 
 1233  33 
 1234  35 
 1235  31 
 1236  33 
 1237  29 
 1238  28 
 1239  32 
 1240  33 
 1241  28 
 1242  39 
 1243  29 
 1244  25 
 1245  33 
 1246  28 
 1247  28 
 1248  20 
 1249  22 
 1250  25 
 1251  29 
 1252  28 
 1253  20 
 1254  19 
 1255  21 
 1256  19 
 1257  27 
 1258  19 
 1259  21 
 1260  22 
 1261  21 
 1262  23 
 1263  19 
 1264  23 
 1265  20 
 1266  20 
 1267  19 
 1268  21 
 1269  27 
 1270  21 
 1271  16 
 1272  12 
 1273  21 
 1274  29 
 1275  10 
 1276  20 
 1277  14 
 1278  12 
 1279  21 
 1280  15 
 1281  21 
 1282  16 
 1283  25 
 1284  25 
 1285  19 
 1286  17 
 1287  19 
 1288  26 
 1289  21 
 1290  26 
 1291  13 
 1292  19 
 1293  23 
 1294  28 
 1295  18 
 1296  23 
 1297  17 
 1298  11 
 1299  15 
 1300  20 
 1301  21 
 1302  16 
 1303  23 
 1304  23 
 1305  14 
 1306  21 
 1307  25 
 1308  27 
 1309  24 
 1310  15 
 1311  19 
 1312  17 
 1313  21 
 1314  24 
 1315  20 
 1316  13 
 1317  15 
 1318  21 
 1319  20 
 1320  22 
 1321  17 
 1322  21 
 1323  11 
 1324  14 
 1325  14 
 1326  11 
 1327  16 
 1328  19 
 1329  31 
 1330  12 
 1331  16 
 1332  17 
 1333  15 
 1334  23 
 1335  17 
 1336  18 
 1337  16 
 1338  19 
 1339  16 
 1340  16 
 1341  16 
 1342  16 
 1343  28 
 1344  8 
 1345  11 
 1346  22 
 1347  18 
 1348  28 
 1349  15 
 1350  19 
 1351  17 
 1352  17 
 1353  19 
 1354  23 
 1355  20 
 1356  19 
 1357  14 
 1358  20 
 1359  15 
 1360  7 
 1361  21 
 1362  17 
 1363  13 
 1364  24 
 1365  20 
 1366  23 
 1367  23 
 1368  17 
 1369  18 
 1370  13 
 1371  28 
 1372  14 
 1373  21 
 1374  14 
 1375  22 
 1376  11 
 1377  10 
 1378  15 
 1379  20 
 1380  16 
 1381  20 
 1382  19 
 1383  15 
 1384  10 
 1385  18 
 1386  19 
 1387  14 
 1388  17 
 1389  21 
 1390  11 
 1391  17 
 1392  14 
 1393  19 
 1394  15 
 1395  12 
 1396  15 
 1397  22 
 1398  18 
 1399  9 
 1400  21 
 1401  24 
 1402  19 
 1403  14 
 1404  16 
 1405  11 
 1406  23 
 1407  10 
 1408  19 
 1409  18 
 1410  15 
 1411  11 
 1412  9 
 1413  17 
 1414  23 
 1415  6 
 1416  15 
 1417  14 
 1418  23 
 1419  20 
 1420  11 
 1421  14 
 1422  9 
 1423  12 
 1424  17 
 1425  22 
 1426  13 
 1427  23 
 1428  19 
 1429  18 
 1430  9 
 1431  15 
 1432  8 
 1433  19 
 1434  15 
 1435  14 
 1436  13 
 1437  10 
 1438  15 
 1439  14 
 1440  25 
 1441  17 
 1442  15 
 1443  21 
 1444  20 
 1445  17 
 1446  21 
 1447  14 
 1448  13 
 1449  15 
 1450  10 
 1451  25 
 1452  9 
 1453  17 
 1454  16 
 1455  16 
 1456  17 
 1457  16 
 1458  16 
 1459  22 
 1460  18 
 1461  11 
 1462  17 
 1463  13 
 1464  19 
 1465  13 
 1466  22 
 1467  12 
 1468  13 
 1469  18 
 1470  13 
 1471  13 
 1472  15 
 1473  11 
 1474  21 
 1475  12 
 1476  15 
 1477  22 
 1478  18 
 1479  17 
 1480  13 
 1481  13 
 1482  14 
 1483  16 
 1484  14 
 1485  10 
 1486  12 
 1487  15 
 1488  13 
 1489  15 
 1490  19 
 1491  9 
 1492  15 
 1493  14 
 1494  12 
 1495  11 
 1496  14 
 1497  16 
 1498  17 
 1499  10 
 1500  19 
 1501  13 
 1502  15 
 1503  19 
 1504  7 
 1505  18 
 1506  13 
 1507  13 
 1508  13 
 1509  14 
 1510  10 
 1511  15 
 1512  19 
 1513  17 
 1514  11 
 1515  21 
 1516  12 
 1517  18 
 1518  9 
 1519  11 
 1520  19 
 1521  18 
 1522  11 
 1523  15 
 1524  18 
 1525  11 
 1526  19 
 1527  19 
 1528  17 
 1529  15 
 1530  13 
 1531  16 
 1532  13 
 1533  18 
 1534  16 
 1535  13 
 1536  14 
 1537  16 
 1538  15 
 1539  17 
 1540  20 
 1541  10 
 1542  12 
 1543  12 
 1544  14 
 1545  13 
 1546  18 
 1547  24 
 1548  14 
 1549  18 
 1550  11 
 1551  16 
 1552  19 
 1553  11 
 1554  20 
 1555  23 
 1556  26 
 1557  13 
 1558  16 
 1559  17 
 1560  17 
 1561  17 
 1562  13 
 1563  14 
 1564  14 
 1565  13 
 1566  12 
 1567  18 
 1568  9 
 1569  12 
 1570  12 
 1571  11 
 1572  11 
 1573  19 
 1574  16 
 1575  14 
 1576  12 
 1577  14 
 1578  14 
 1579  17 
 1580  6 
 1581  17 
 1582  16 
 1583  15 
 1584  15 
 1585  10 
 1586  13 
 1587  15 
 1588  9 
 1589  12 
 1590  16 
 1591  19 
 1592  15 
 1593  12 
 1594  20 
 1595  15 
 1596  12 
 1597  11 
 1598  12 
 1599  14 
 1600  12 
 1601  19 
 1602  17 
 1603  19 
 1604  15 
 1605  21 
 1606  17 
 1607  18 
 1608  10 
 1609  16 
 1610  17 
 1611  16 
 1612  12 
 1613  12 
 1614  17 
 1615  15 
 1616  15 
 1617  19 
 1618  11 
 1619  19 
 1620  14 
 1621  16 
 1622  16 
 1623  12 
 1624  18 
 1625  13 
 1626  16 
 1627  10 
 1628  9 
 1629  12 
 1630  12 
 1631  12 
 1632  15 
 1633  10 
 1634  12 
 1635  20 
 1636  8 
 1637  13 
 1638  15 
 1639  17 
 1640  16 
 1641  14 
 1642  16 
 1643  17 
 1644  12 
 1645  15 
 1646  9 
 1647  9 
 1648  19 
 1649  20 
 1650  12 
 1651  18 
 1652  14 
 1653  12 
 1654  15 
 1655  13 
 1656  10 
 1657  11 
 1658  18 
 1659  8 
 1660  7 
 1661  19 
 1662  11 
 1663  11 
 1664  12 
 1665  13 
 1666  15 
 1667  8 
 1668  11 
 1669  9 
 1670  9 
 1671  8 
 1672  17 
 1673  15 
 1674  14 
 1675  17 
 1676  17 
 1677  13 
 1678  9 
 1679  15 
 1680  9 
 1681  15 
 1682  12 
 1683  20 
 1684  12 
 1685  16 
 1686  16 
 1687  15 
 1688  14 
 1689  13 
 1690  18 
 1691  15 
 1692  9 
 1693  12 
 1694  8 
 1695  7 
 1696  15 
 1697  15 
 1698  18 
 1699  18 
 1700  15 
 1701  11 
 1702  14 
 1703  19 
 1704  19 
 1705  15 
 1706  15 
 1707  16 
 1708  7 
 1709  13 
 1710  15 
 1711  12 
 1712  15 
 1713  11 
 1714  13 
 1715  13 
 1716  10 
 1717  8 
 1718  14 
 1719  16 
 1720  12 
 1721  12 
 1722  10 
 1723  7 
 1724  11 
 1725  15 
 1726  9 
 1727  11 
 1728  17 
 1729  15 
 1730  8 
 1731  9 
 1732  13 
 1733  13 
 1734  15 
 1735  11 
 1736  7 
 1737  12 
 1738  11 
 1739  17 
 1740  13 
 1741  11 
 1742  8 
 1743  11 
 1744  12 
 1745  12 
 1746  12 
 1747  9 
 1748  12 
 1749  12 
 1750  14 
 1751  12 
 1752  14 
 1753  8 
 1754  8 
 1755  19 
 1756  9 
 1757  11 
 1758  18 
 1759  11 
 1760  11 
 1761  12 
 1762  11 
 1763  15 
 1764  14 
 1765  6 
 1766  14 
 1767  7 
 1768  17 
 1769  18 
 1770  6 
 1771  7 
 1772  8 
 1773  10 
 1774  15 
 1775  12 
 1776  13 
 1777  14 
 1778  11 
 1779  13 
 1780  13 
 1781  10 
 1782  17 
 1783  11 
 1784  9 
 1785  16 
 1786  8 
 1787  9 
 1788  9 
 1789  12 
 1790  15 
 1791  14 
 1792  7 
 1793  8 
 1794  12 
 1795  14 
 1796  12 
 1797  9 
 1798  13 
 1799  13 
 1800  15 
 1801  9 
 1802  13 
 1803  8 
 1804  10 
 1805  9 
 1806  15 
 1807  9 
 1808  11 
 1809  7 
 1810  12 
 1811  11 
 1812  9 
 1813  10 
 1814  15 
 1815  10 
 1816  12 
 1817  11 
 1818  13 
 1819  12 
 1820  5 
 1821  13 
 1822  17 
 1823  13 
 1824  9 
 1825  12 
 1826  10 
 1827  13 
 1828  13 
 1829  10 
 1830  12 
 1831  8 
 1832  10 
 1833  13 
 1834  12 
 1835  12 
 1836  18 
 1837  14 
 1838  15 
 1839  12 
 1840  6 
 1841  10 
 1842  12 
 1843  8 
 1844  12 
 1845  8 
 1846  10 
 1847  14 
 1848  10 
 1849  9 
 1850  13 
 1851  10 
 1852  10 
 1853  11 
 1854  12 
 1855  14 
 1856  18 
 1857  9 
 1858  10 
 1859  5 
 1860  9 
 1861  9 
 1862  9 
 1863  10 
 1864  11 
 1865  14 
 1866  15 
 1867  7 
 1868  14 
 1869  9 
 1870  11 
 1871  13 
 1872  14 
 1873  13 
 1874  13 
 1875  19 
 1876  11 
 1877  22 
 1878  12 
 1879  12 
 1880  18 
 1881  11 
 1882  14 
 1883  14 
 1884  13 
 1885  11 
 1886  9 
 1887  4 
 1888  10 
 1889  8 
 1890  7 
 1891  11 
 1892  14 
 1893  14 
 1894  11 
 1895  12 
 1896  10 
 1897  16 
 1898  13 
 1899  10 
 1900  10 
 1901  10 
 1902  12 
 1903  13 
 1904  17 
 1905  10 
 1906  5 
 1907  15 
 1908  12 
 1909  10 
 1910  11 
 1911  14 
 1912  12 
 1913  9 
 1914  16 
 1915  5 
 1916  14 
 1917  15 
 1918  16 
 1919  10 
 1920  12 
 1921  7 
 1922  11 
 1923  7 
 1924  9 
 1925  11 
 1926  10 
 1927  14 
 1928  6 
 1929  13 
 1930  9 
 1931  11 
 1932  9 
 1933  11 
 1934  9 
 1935  10 
 1936  15 
 1937  9 
 1938  8 
 1939  9 
 1940  10 
 1941  3 
 1942  12 
 1943  8 
 1944  9 
 1945  12 
 1946  8 
 1947  14 
 1948  11 
 1949  12 
 1950  12 
 1951  17 
 1952  4 
 1953  7 
 1954  5 
 1955  12 
 1956  13 
 1957  10 
 1958  13 
 1959  8 
 1960  7 
 1961  10 
 1962  9 
 1963  14 
 1964  16 
 1965  7 
 1966  13 
 1967  10 
 1968  13 
 1969  11 
 1970  8 
 1971  11 
 1972  10 
 1973  16 
 1974  12 
 1975  14 
 1976  9 
 1977  8 
 1978  7 
 1979  6 
 1980  6 
 1981  14 
 1982  15 
 1983  18 
 1984  11 
 1985  10 
 1986  11 
 1987  7 
 1988  7 
 1989  11 
 1990  12 
 1991  17 
 1992  9 
 1993  12 
 1994  16 
 1995  8 
 1996  14 
 1997  6 
 1998  12 
 1999  12 
 2000  6 
 2001  10 
 2002  11 
 2003  11 
 2004  17 
 2005  11 
 2006  9 
 2007  21 
 2008  12 
 2009  15 
 2010  15 
 2011  13 
 2012  9 
 2013  13 
 2014  10 
 2015  15 
 2016  10 
 2017  8 
 2018  9 
 2019  12 
 2020  14 
 2021  10 
 2022  6 
 2023  14 
 2024  10 
 2025  14 
 2026  8 
 2027  11 
 2028  16 
 2029  13 
 2030  10 
 2031  7 
 2032  9 
 2033  12 
 2034  11 
 2035  11 
 2036  9 
 2037  10 
 2038  11 
 2039  9 
 2040  13 
 2041  15 
 2042  12 
 2043  15 
 2044  8 
 2045  11 
 2046  12 
 2047  13 
 2048  12 
 2049  15 
 2050  10 
 2051  8 
 2052  8 
 2053  17 
 2054  7 
 2055  16 
 2056  8 
 2057  9 
 2058  17 
 2059  12 
 2060  8 
 2061  7 
 2062  12 
 2063  9 
 2064  16 
 2065  10 
 2066  13 
 2067  8 
 2068  6 
 2069  13 
 2070  17 
 2071  11 
 2072  9 
 2073  12 
 2074  13 
 2075  10 
 2076  9 
 2077  14 
 2078  17 
 2079  13 
 2080  5 
 2081  10 
 2082  6 
 2083  10 
 2084  14 
 2085  11 
 2086  11 
 2087  13 
 2088  9 
 2089  5 
 2090  6 
 2091  10 
 2092  14 
 2093  10 
 2094  4 
 2095  5 
 2096  15 
 2097  20 
 2098  10 
 2099  9 
 2100  11 
 2101  7 
 2102  2 
 2103  12 
 2104  8 
 2105  13 
 2106  7 
 2107  12 
 2108  9 
 2109  7 
 2110  9 
 2111  20 
 2112  9 
 2113  6 
 2114  6 
 2115  7 
 2116  9 
 2117  10 
 2118  11 
 2119  6 
 2120  8 
 2121  10 
 2122  15 
 2123  4 
 2124  9 
 2125  12 
 2126  10 
 2127  8 
 2128  9 
 2129  5 
 2130  13 
 2131  8 
 2132  12 
 2133  11 
 2134  8 
 2135  13 
 2136  8 
 2137  9 
 2138  8 
 2139  6 
 2140  6 
 2141  10 
 2142  15 
 2143  4 
 2144  12 
 2145  11 
 2146  14 
 2147  7 
 2148  10 
 2149  13 
 2150  7 
 2151  11 
 2152  10 
 2153  12 
 2154  13 
 2155  11 
 2156  9 
 2157  8 
 2158  12 
 2159  11 
 2160  7 
 2161  7 
 2162  9 
 2163  7 
 2164  10 
 2165  8 
 2166  12 
 2167  8 
 2168  12 
 2169  11 
 2170  16 
 2171  11 
 2172  11 
 2173  11 
 2174  16 
 2175  10 
 2176  14 
 2177  9 
 2178  13 
 2179  16 
 2180  12 
 2181  18 
 2182  11 
 2183  11 
 2184  10 
 2185  9 
 2186  10 
 2187  11 
 2188  8 
 2189  9 
 2190  14 
 2191  9 
 2192  13 
 2193  8 
 2194  6 
 2195  6 
 2196  7 
 2197  16 
 2198  4 
 2199  7 
 2200  12 
 2201  13 
 2202  11 
 2203  11 
 2204  7 
 2205  9 
 2206  6 
 2207  11 
 2208  7 
 2209  8 
 2210  9 
 2211  8 
 2212  11 
 2213  13 
 2214  11 
 2215  13 
 2216  11 
 2217  13 
 2218  9 
 2219  11 
 2220  7 
 2221  11 
 2222  9 
 2223  13 
 2224  20 
 2225  10 
 2226  8 
 2227  9 
 2228  9 
 2229  12 
 2230  10 
 2231  11 
 2232  19 
 2233  8 
 2234  11 
 2235  12 
 2236  14 
 2237  7 
 2238  8 
 2239  7 
 2240  11 
 2241  14 
 2242  11 
 2243  8 
 2244  17 
 2245  13 
 2246  13 
 2247  8 
 2248  8 
 2249  6 
 2250  12 
 2251  7 
 2252  10 
 2253  11 
 2254  13 
 2255  5 
 2256  14 
 2257  8 
 2258  14 
 2259  5 
 2260  11 
 2261  12 
 2262  9 
 2263  7 
 2264  7 
 2265  11 
 2266  8 
 2267  12 
 2268  12 
 2269  7 
 2270  7 
 2271  4 
 2272  16 
 2273  7 
 2274  13 
 2275  7 
 2276  12 
 2277  8 
 2278  16 
 2279  11 
 2280  12 
 2281  12 
 2282  12 
 2283  13 
 2284  11 
 2285  14 
 2286  6 
 2287  7 
 2288  11 
 2289  7 
 2290  10 
 2291  7 
 2292  6 
 2293  10 
 2294  10 
 2295  11 
 2296  12 
 2297  4 
 2298  11 
 2299  7 
 2300  10 
 2301  10 
 2302  7 
 2303  12 
 2304  15 
 2305  12 
 2306  18 
 2307  11 
 2308  11 
 2309  12 
 2310  7 
 2311  13 
 2312  8 
 2313  9 
 2314  7 
 2315  2 
 2316  8 
 2317  8 
 2318  8 
 2319  16 
 2320  8 
 2321  12 
 2322  8 
 2323  12 
 2324  10 
 2325  9 
 2326  6 
 2327  8 
 2328  4 
 2329  10 
 2330  7 
 2331  13 
 2332  13 
 2333  13 
 2334  17 
 2335  11 
 2336  7 
 2337  13 
 2338  11 
 2339  9 
 2340  5 
 2341  12 
 2342  12 
 2343  10 
 2344  12 
 2345  5 
 2346  8 
 2347  6 
 2348  2 
 2349  15 
 2350  14 
 2351  11 
 2352  7 
 2353  7 
 2354  10 
 2355  7 
 2356  7 
 2357  10 
 2358  10 
 2359  10 
 2360  7 
 2361  8 
 2362  5 
 2363  7 
 2364  12 
 2365  8 
 2366  3 
 2367  13 
 2368  9 
 2369  10 
 2370  9 
 2371  10 
 2372  8 
 2373  5 
 2374  13 
 2375  12 
 2376  9 
 2377  13 
 2378  8 
 2379  14 
 2380  11 
 2381  10 
 2382  11 
 2383  14 
 2384  6 
 2385  10 
 2386  6 
 2387  10 
 2388  12 
 2389  13 
 2390  6 
 2391  6 
 2392  11 
 2393  14 
 2394  11 
 2395  13 
 2396  12 
 2397  7 
 2398  11 
 2399  11 
 2400  8 
 2401  11 
 2402  6 
 2403  10 
 2404  11 
 2405  6 
 2406  10 
 2407  9 
 2408  6 
 2409  13 
 2410  10 
 2411  8 
 2412  13 
 2413  10 
 2414  9 
 2415  7 
 2416  13 
 2417  8 
 2418  7 
 2419  19 
 2420  10 
 2421  13 
 2422  8 
 2423  10 
 2424  7 
 2425  14 
 2426  10 
 2427  10 
 2428  9 
 2429  10 
 2430  8 
 2431  6 
 2432  9 
 2433  6 
 2434  3 
 2435  15 
 2436  8 
 2437  12 
 2438  10 
 2439  4 
 2440  11 
 2441  13 
 2442  10 
 2443  9 
 2444  10 
 2445  6 
 2446  8 
 2447  11 
 2448  13 
 2449  9 
 2450  15 
 2451  11 
 2452  10 
 2453  12 
 2454  16 
 2455  6 
 2456  14 
 2457  10 
 2458  9 
 2459  14 
 2460  3 
 2461  15 
 2462  5 
 2463  8 
 2464  14 
 2465  6 
 2466  7 
 2467  9 
 2468  8 
 2469  9 
 2470  10 
 2471  9 
 2472  13 
 2473  11 
 2474  14 
 2475  9 
 2476  9 
 2477  7 
 2478  13 
 2479  10 
 2480  12 
 2481  12 
 2482  7 
 2483  5 
 2484  8 
 2485  10 
 2486  14 
 2487  13 
 2488  12 
 2489  12 
 2490  7 
 2491  6 
 2492  7 
 2493  10 
 2494  12 
 2495  6 
 2496  8 
 2497  10 
 2498  9 
 2499  9 
 2500  11 
 2501  14 
 2502  7 
 2503  6 
 2504  9 
 2505  8 
 2506  13 
 2507  6 
 2508  9 
 2509  9 
 2510  9 
 2511  9 
 2512  12 
 2513  12 
 2514  10 
 2515  13 
 2516  7 
 2517  10 
 2518  8 
 2519  11 
 2520  10 
 2521  8 
 2522  13 
 2523  9 
 2524  12 
 2525  8 
 2526  13 
 2527  10 
 2528  15 
 2529  9 
 2530  12 
 2531  12 
 2532  10 
 2533  15 
 2534  6 
 2535  9 
 2536  9 
 2537  11 
 2538  10 
 2539  9 
 2540  11 
 2541  9 
 2542  11 
 2543  10 
 2544  12 
 2545  9 
 2546  13 
 2547  12 
 2548  10 
 2549  5 
 2550  6 
 2551  13 
 2552  6 
 2553  10 
 2554  5 
 2555  17 
 2556  9 
 2557  11 
 2558  12 
 2559  11 
 2560  14 
 2561  14 
 2562  14 
 2563  6 
 2564  7 
 2565  10 
 2566  10 
 2567  16 
 2568  12 
 2569  12 
 2570  17 
 2571  11 
 2572  9 
 2573  15 
 2574  12 
 2575  10 
 2576  15 
 2577  19 
 2578  11 
 2579  6 
 2580  17 
 2581  23 
 2582  15 
 2583  17 
 2584  10 
 2585  11 
 2586  11 
 2587  15 
 2588  11 
 2589  14 
 2590  12 
 2591  18 
 2592  22 
 2593  12 
 2594  12 
 2595  11 
 2596  8 
 2597  13 
 2598  19 
 2599  17 
 2600  20 
 2601  15 
 2602  21 
 2603  11 
 2604  16 
 2605  12 
 2606  14 
 2607  15 
 2608  16 
 2609  17 
 2610  16 
 2611  12 
 2612  20 
 2613  17 
 2614  14 
 2615  9 
 2616  16 
 2617  19 
 2618  8 
 2619  14 
 2620  17 
 2621  12 
 2622  18 
 2623  12 
 2624  13 
 2625  19 
 2626  10 
 2627  12 
 2628  20 
 2629  12 
 2630  14 
 2631  8 
 2632  11 
 2633  10 
 2634  13 
 2635  9 
 2636  4 
 2637  5 
 2638  4 
 2639  6 
 2640  9 
 2641  8 
 2642  12 
 2643  12 
 2644  6 
 2645  13 
 2646  12 
 2647  11 
 2648  6 
 2649  14 
 2650  10 
 2651  13 
 2652  10 
 2653  8 
 2654  10 
 2655  13 
 2656  6 
 2657  5 
 2658  12 
 2659  12 
 2660  11 
 2661  6 
 2662  10 
 2663  7 
 2664  13 
 2665  9 
 2666  6 
 2667  7 
 2668  10 
 2669  10 
 2670  13 
 2671  14 
 2672  3 
 2673  8 
 2674  14 
 2675  12 
 2676  12 
 2677  10 
 2678  5 
 2679  7 
 2680  11 
 2681  11 
 2682  8 
 2683  12 
 2684  9 
 2685  11 
 2686  4 
 2687  13 
 2688  15 
 2689  5 
 2690  4 
 2691  14 
 2692  12 
 2693  12 
 2694  6 
 2695  10 
 2696  8 
 2697  9 
 2698  11 
 2699  12 
 2700  9 
 2701  10 
 2702  9 
 2703  9 
 2704  5 
 2705  8 
 2706  9 
 2707  8 
 2708  11 
 2709  6 
 2710  7 
 2711  8 
 2712  14 
 2713  8 
 2714  7 
 2715  10 
 2716  7 
 2717  11 
 2718  7 
 2719  12 
 2720  4 
 2721  10 
 2722  7 
 2723  6 
 2724  11 
 2725  6 
 2726  7 
 2727  8 
 2728  10 
 2729  11 
 2730  13 
 2731  11 
 2732  13 
 2733  8 
 2734  9 
 2735  10 
 2736  13 
 2737  13 
 2738  11 
 2739  5 
 2740  10 
 2741  6 
 2742  13 
 2743  18 
 2744  13 
 2745  10 
 2746  7 
 2747  8 
 2748  13 
 2749  6 
 2750  14 
 2751  10 
 2752  13 
 2753  14 
 2754  11 
 2755  10 
 2756  8 
 2757  7 
 2758  12 
 2759  4 
 2760  9 
 2761  8 
 2762  8 
 2763  10 
 2764  9 
 2765  8 
 2766  11 
 2767  7 
 2768  5 
 2769  16 
 2770  10 
 2771  14 
 2772  5 
 2773  10 
 2774  9 
 2775  9 
 2776  7 
 2777  21 
 2778  8 
 2779  8 
 2780  9 
 2781  10 
 2782  6 
 2783  8 
 2784  11 
 2785  4 
 2786  16 
 2787  15 
 2788  7 
 2789  11 
 2790  9 
 2791  4 
 2792  11 
 2793  8 
 2794  7 
 2795  14 
 2796  11 
 2797  8 
 2798  9 
 2799  9 
 2800  10 
 2801  8 
 2802  4 
 2803  7 
 2804  10 
 2805  5 
 2806  10 
 2807  10 
 2808  9 
 2809  9 
 2810  10 
 2811  8 
 2812  12 
 2813  5 
 2814  12 
 2815  13 
 2816  13 
 2817  9 
 2818  7 
 2819  13 
 2820  14 
 2821  8 
 2822  9 
 2823  7 
 2824  7 
 2825  5 
 2826  12 
 2827  8 
 2828  9 
 2829  11 
 2830  13 
 2831  8 
 2832  12 
 2833  9 
 2834  9 
 2835  14 
 2836  7 
 2837  7 
 2838  15 
 2839  10 
 2840  9 
 2841  16 
 2842  4 
 2843  9 
 2844  10 
 2845  9 
 2846  11 
 2847  12 
 2848  8 
 2849  12 
 2850  12 
 2851  4 
 2852  14 
 2853  10 
 2854  4 
 2855  5 
 2856  5 
 2857  6 
 2858  11 
 2859  11 
 2860  14 
 2861  9 
 2862  8 
 2863  13 
 2864  5 
 2865  13 
 2866  7 
 2867  8 
 2868  13 
 2869  8 
 2870  13 
 2871  5 
 2872  7 
 2873  8 
 2874  11 
 2875  16 
 2876  13 
 2877  7 
 2878  15 
 2879  8 
 2880  14 
 2881  8 
 2882  8 
 2883  12 
 2884  8 
 2885  6 
 2886  13 
 2887  6 
 2888  10 
 2889  10 
 2890  7 
 2891  5 
 2892  10 
 2893  10 
 2894  8 
 2895  8 
 2896  11 
 2897  6 
 2898  6 
 2899  13 
 2900  15 
 2901  11 
 2902  9 
 2903  2 
 2904  8 
 2905  12 
 2906  7 
 2907  7 
 2908  10 
 2909  11 
 2910  11 
 2911  9 
 2912  7 
 2913  12 
 2914  6 
 2915  8 
 2916  17 
 2917  11 
 2918  11 
 2919  11 
 2920  5 
 2921  7 
 2922  18 
 2923  8 
 2924  8 
 2925  14 
 2926  18 
 2927  6 
 2928  12 
 2929  11 
 2930  7 
 2931  14 
 2932  11 
 2933  14 
 2934  4 
 2935  8 
 2936  8 
 2937  5 
 2938  6 
 2939  6 
 2940  10 
 2941  10 
 2942  7 
 2943  5 
 2944  3 
 2945  10 
 2946  7 
 2947  4 
 2948  10 
 2949  8 
 2950  12 
 2951  10 
 2952  10 
 2953  7 
 2954  6 
 2955  10 
 2956  7 
 2957  9 
 2958  11 
 2959  4 
 2960  6 
 2961  13 
 2962  9 
 2963  14 
 2964  8 
 2965  8 
 2966  9 
 2967  5 
 2968  8 
 2969  5 
 2970  8 
 2971  11 
 2972  11 
 2973  11 
 2974  6 
 2975  12 
 2976  16 
 2977  12 
 2978  9 
 2979  10 
 2980  6 
 2981  12 
 2982  8 
 2983  12 
 2984  10 
 2985  14 
 2986  7 
 2987  11 
 2988  11 
 2989  9 
 2990  9 
 2991  6 
 2992  15 
 2993  11 
 2994  10 
 2995  9 
 2996  6 
 2997  8 
 2998  7 
 2999  11 
 3000  16 
 3001  11 
 3002  8 
 3003  10 
 3004  10 
 3005  9 
 3006  7 
 3007  10 
 3008  13 
 3009  5 
 3010  11 
 3011  11 
 3012  8 
 3013  12 
 3014  8 
 3015  9 
 3016  7 
 3017  12 
 3018  8 
 3019  13 
 3020  8 
 3021  7 
 3022  9 
 3023  8 
 3024  9 
 3025  10 
 3026  9 
 3027  12 
 3028  14 
 3029  8 
 3030  11 
 3031  7 
 3032  6 
 3033  8 
 3034  15 
 3035  10 
 3036  4 
 3037  10 
 3038  11 
 3039  10 
 3040  10 
 3041  7 
 3042  15 
 3043  6 
 3044  14 
 3045  5 
 3046  8 
 3047  12 
 3048  5 
 3049  10 
 3050  9 
 3051  12 
 3052  13 
 3053  9 
 3054  11 
 3055  8 
 3056  5 
 3057  6 
 3058  11 
 3059  6 
 3060  12 
 3061  13 
 3062  8 
 3063  4 
 3064  13 
 3065  9 
 3066  10 
 3067  11 
 3068  5 
 3069  11 
 3070  7 
 3071  9 
 3072  8 
 3073  9 
 3074  9 
 3075  10 
 3076  12 
 3077  8 
 3078  11 
 3079  8 
 3080  12 
 3081  7 
 3082  11 
 3083  9 
 3084  11 
 3085  7 
 3086  12 
 3087  8 
 3088  14 
 3089  16 
 3090  5 
 3091  6 
 3092  7 
 3093  17 
 3094  13 
 3095  13 
 3096  10 
 3097  6 
 3098  8 
 3099  8 
 3100  16 
 3101  11 
 3102  16 
 3103  10 
 3104  5 
 3105  10 
 3106  7 
 3107  12 
 3108  8 
 3109  12 
 3110  18 
 3111  10 
 3112  6 
 3113  5 
 3114  8 
 3115  14 
 3116  10 
 3117  13 
 3118  8 
 3119  9 
 3120  18 
 3121  7 
 3122  7 
 3123  10 
 3124  11 
 3125  12 
 3126  8 
 3127  13 
 3128  10 
 3129  7 
 3130  9 
 3131  15 
 3132  12 
 3133  11 
 3134  12 
 3135  3 
 3136  11 
 3137  9 
 3138  7 
 3139  15 
 3140  4 
 3141  21 
 3142  10 
 3143  12 
 3144  8 
 3145  10 
 3146  13 
 3147  10 
 3148  9 
 3149  13 
 3150  13 
 3151  15 
 3152  9 
 3153  17 
 3154  9 
 3155  14 
 3156  18 
 3157  6 
 3158  10 
 3159  9 
 3160  8 
 3161  12 
 3162  10 
 3163  18 
 3164  11 
 3165  16 
 3166  8 
 3167  11 
 3168  8 
 3169  4 
 3170  13 
 3171  10 
 3172  12 
 3173  15 
 3174  11 
 3175  10 
 3176  6 
 3177  12 
 3178  3 
 3179  8 
 3180  11 
 3181  9 
 3182  10 
 3183  10 
 3184  6 
 3185  7 
 3186  9 
 3187  13 
 3188  17 
 3189  12 
 3190  10 
 3191  13 
 3192  11 
 3193  9 
 3194  11 
 3195  14 
 3196  3 
 3197  13 
 3198  13 
 3199  18 
 3200  9 
 3201  11 
 3202  8 
 3203  9 
 3204  11 
 3205  14 
 3206  10 
 3207  14 
 3208  3 
 3209  13 
 3210  4 
 3211  12 
 3212  5 
 3213  6 
 3214  13 
 3215  15 
 3216  13 
 3217  9 
 3218  8 
 3219  10 
 3220  6 
 3221  10 
 3222  8 
 3223  9 
 3224  7 
 3225  16 
 3226  14 
 3227  10 
 3228  11 
 3229  11 
 3230  12 
 3231  15 
 3232  15 
 3233  12 
 3234  12 
 3235  7 
 3236  7 
 3237  7 
 3238  6 
 3239  11 
 3240  11 
 3241  10 
 3242  12 
 3243  18 
 3244  8 
 3245  19 
 3246  8 
 3247  4 
 3248  16 
 3249  11 
 3250  13 
 3251  7 
 3252  12 
 3253  10 
 3254  12 
 3255  9 
 3256  14 
 3257  14 
 3258  18 
 3259  14 
 3260  10 
 3261  11 
 3262  16 
 3263  8 
 3264  11 
 3265  13 
 3266  9 
 3267  10 
 3268  8 
 3269  18 
 3270  13 
 3271  9 
 3272  20 
 3273  10 
 3274  9 
 3275  14 
 3276  9 
 3277  10 
 3278  15 
 3279  15 
 3280  13 
 3281  8 
 3282  13 
 3283  15 
 3284  14 
 3285  7 
 3286  13 
 3287  7 
 3288  12 
 3289  13 
 3290  9 
 3291  14 
 3292  16 
 3293  12 
 3294  17 
 3295  13 
 3296  14 
 3297  13 
 3298  13 
 3299  9 
 3300  8 
 3301  11 
 3302  9 
 3303  11 
 3304  15 
 3305  10 
 3306  21 
 3307  13 
 3308  16 
 3309  13 
 3310  11 
 3311  12 
 3312  14 
 3313  7 
 3314  13 
 3315  12 
 3316  8 
 3317  13 
 3318  10 
 3319  15 
 3320  7 
 3321  18 
 3322  11 
 3323  10 
 3324  7 
 3325  11 
 3326  9 
 3327  13 
 3328  23 
 3329  11 
 3330  6 
 3331  9 
 3332  16 
 3333  16 
 3334  10 
 3335  8 
 3336  17 
 3337  12 
 3338  12 
 3339  15 
 3340  12 
 3341  15 
 3342  14 
 3343  11 
 3344  14 
 3345  12 
 3346  14 
 3347  10 
 3348  16 
 3349  14 
 3350  9 
 3351  7 
 3352  15 
 3353  17 
 3354  19 
 3355  16 
 3356  13 
 3357  13 
 3358  10 
 3359  15 
 3360  14 
 3361  9 
 3362  7 
 3363  17 
 3364  9 
 3365  15 
 3366  21 
 3367  11 
 3368  16 
 3369  24 
 3370  22 
 3371  23 
 3372  16 
 3373  12 
 3374  13 
 3375  11 
 3376  15 
 3377  15 
 3378  9 
 3379  21 
 3380  12 
 3381  17 
 3382  13 
 3383  16 
 3384  19 
 3385  17 
 3386  18 
 3387  14 
 3388  17 
 3389  22 
 3390  22 
 3391  26 
 3392  24 
 3393  25 
 3394  24 
 3395  18 
 3396  31 
 3397  36 
 3398  26 
 3399  23 
 3400  25 
 3401  32 
 3402  20 
 3403  29 
 3404  33 
 3405  32 
 3406  30 
 3407  34 
 3408  24 
 3409  21 
 3410  28 
 3411  40 
 3412  30 
 3413  40 
 3414  28 
 3415  34 
 3416  36 
 3417  44 
 3418  39 
 3419  41 
 3420  37 
 3421  27 
 3422  46 
 3423  41 
 3424  44 
 3425  36 
 3426  38 
 3427  38 
 3428  39 
 3429  36 
 3430  47 
 3431  44 
 3432  46 
 3433  45 
 3434  34 
 3435  52 
 3436  38 
 3437  43 
 3438  39 
 3439  41 
 3440  43 
 3441  45 
 3442  44 
 3443  47 
 3444  32 
 3445  48 
 3446  43 
 3447  50 
 3448  35 
 3449  49 
 3450  38 
 3451  47 
 3452  59 
 3453  56 
 3454  43 
 3455  47 
 3456  45 
 3457  65 
 3458  63 
 3459  73 
 3460  71 
 3461  82 
 3462  81 
 3463  79 
 3464  74 
 3465  88 
 3466  73 
 3467  98 
 3468  96 
 3469  120 
 3470  101 
 3471  124 
 3472  108 
 3473  102 
 3474  129 
 3475  115 
 3476  124 
 3477  141 
 3478  162 
 3479  154 
 3480  147 
 3481  160 
 3482  178 
 3483  177 
 3484  163 
 3485  180 
 3486  207 
 3487  185 
 3488  235 
 3489  231 
 3490  237 
 3491  198 
 3492  228 
 3493  230 
 3494  251 
 3495  230 
 3496  250 
 3497  261 
 3498  259 
 3499  245 
 3500  265 
 3501  236 
 3502  269 
 3503  296 
 3504  272 
 3505  279 
 3506  248 
 3507  268 
 3508  235 
 3509  255 
 3510  227 
 3511  231 
 3512  256 
 3513  210 
 3514  214 
 3515  208 
 3516  202 
 3517  196 
 3518  164 
 3519  174 
 3520  161 
 3521  133 
 3522  144 
 3523  120 
 3524  110 
 3525  104 
 3526  96 
 3527  96 
 3528  93 
 3529  87 
 3530  64 
 3531  81 
 3532  63 
 3533  69 
 3534  43 
 3535  56 
 3536  45 
 3537  42 
 3538  35 
 3539  30 
 3540  29 
 3541  21 
 3542  26 
 3543  36 
 3544  26 
 3545  20 
 3546  17 
 3547  17 
 3548  14 
 3549  19 
 3550  21 
 3551  9 
 3552  23 
 3553  18 
 3554  7 
 3555  10 
 3556  10 
 3557  11 
 3558  17 
 3559  8 
 3560  12 
 3561  17 
 3562  9 
 3563  13 
 3564  9 
 3565  13 
 3566  20 
 3567  12 
 3568  17 
 3569  13 
 3570  6 
 3571  8 
 3572  15 
 3573  10 
 3574  15 
 3575  7 
 3576  12 
 3577  10 
 3578  22 
 3579  16 
 3580  8 
 3581  18 
 3582  11 
 3583  13 
 3584  15 
 3585  16 
 3586  12 
 3587  19 
 3588  14 
 3589  13 
 3590  19 
 3591  13 
 3592  11 
 3593  10 
 3594  9 
 3595  13 
 3596  12 
 3597  18 
 3598  9 
 3599  17 
 3600  17 
 3601  5 
 3602  14 
 3603  14 
 3604  13 
 3605  11 
 3606  10 
 3607  11 
 3608  16 
 3609  16 
 3610  21 
 3611  16 
 3612  18 
 3613  12 
 3614  23 
 3615  11 
 3616  12 
 3617  13 
 3618  14 
 3619  16 
 3620  20 
 3621  25 
 3622  14 
 3623  18 
 3624  21 
 3625  13 
 3626  16 
 3627  25 
 3628  16 
 3629  22 
 3630  25 
 3631  17 
 3632  27 
 3633  29 
 3634  20 
 3635  23 
 3636  26 
 3637  33 
 3638  25 
 3639  30 
 3640  21 
 3641  31 
 3642  35 
 3643  33 
 3644  37 
 3645  45 
 3646  32 
 3647  35 
 3648  43 
 3649  39 
 3650  56 
 3651  50 
 3652  62 
 3653  60 
 3654  62 
 3655  62 
 3656  67 
 3657  69 
 3658  58 
 3659  72 
 3660  82 
 3661  65 
 3662  111 
 3663  91 
 3664  95 
 3665  107 
 3666  91 
 3667  130 
 3668  133 
 3669  141 
 3670  123 
 3671  174 
 3672  169 
 3673  169 
 3674  177 
 3675  200 
 3676  211 
 3677  250 
 3678  277 
 3679  293 
 3680  272 
 3681  321 
 3682  389 
 3683  403 
 3684  397 
 3685  480 
 3686  505 
 3687  514 
 3688  569 
 3689  580 
 3690  663 
 3691  689 
 3692  758 
 3693  870 
 3694  958 
 3695  1030 
 3696  1074 
 3697  1255 
 3698  1263 
 3699  1408 
 3700  1554 
 3701  1640 
 3702  1715 
 3703  1869 
 3704  2019 
 3705  2072 
 3706  2290 
 3707  2431 
 3708  2586 
 3709  2646 
 3710  2811 
 3711  2982 
 3712  2968 
 3713  3035 
 3714  3083 
 3715  3188 
 3716  3283 
 3717  3426 
 3718  3329 
 3719  3368 
 3720  3330 
 3721  3344 
 3722  3228 
 3723  3156 
 3724  3078 
 3725  2971 
 3726  2790 
 3727  2627 
 3728  2556 
 3729  2365 
 3730  2267 
 3731  2020 
 3732  1904 
 3733  1783 
 3734  1644 
 3735  1582 
 3736  1365 
 3737  1265 
 3738  1101 
 3739  968 
 3740  936 
 3741  806 
 3742  738 
 3743  645 
 3744  561 
 3745  447 
 3746  426 
 3747  327 
 3748  318 
 3749  298 
 3750  236 
 3751  240 
 3752  200 
 3753  173 
 3754  158 
 3755  145 
 3756  123 
 3757  103 
 3758  99 
 3759  93 
 3760  73 
 3761  94 
 3762  93 
 3763  88 
 3764  97 
 3765  91 
 3766  87 
 3767  63 
 3768  83 
 3769  86 
 3770  69 
 3771  97 
 3772  89 
 3773  99 
 3774  91 
 3775  124 
 3776  101 
 3777  114 
 3778  130 
 3779  128 
 3780  152 
 3781  143 
 3782  142 
 3783  135 
 3784  157 
 3785  186 
 3786  174 
 3787  173 
 3788  175 
 3789  199 
 3790  207 
 3791  178 
 3792  173 
 3793  185 
 3794  181 
 3795  178 
 3796  181 
 3797  146 
 3798  169 
 3799  154 
 3800  140 
 3801  141 
 3802  144 
 3803  109 
 3804  111 
 3805  96 
 3806  118 
 3807  102 
 3808  92 
 3809  95 
 3810  94 
 3811  97 
 3812  82 
 3813  91 
 3814  82 
 3815  76 
 3816  80 
 3817  70 
 3818  59 
 3819  66 
 3820  79 
 3821  59 
 3822  65 
 3823  53 
 3824  58 
 3825  85 
 3826  52 
 3827  82 
 3828  69 
 3829  81 
 3830  77 
 3831  89 
 3832  84 
 3833  84 
 3834  99 
 3835  114 
 3836  107 
 3837  88 
 3838  104 
 3839  129 
 3840  115 
 3841  110 
 3842  129 
 3843  138 
 3844  174 
 3845  176 
 3846  161 
 3847  178 
 3848  165 
 3849  225 
 3850  206 
 3851  205 
 3852  245 
 3853  237 
 3854  272 
 3855  286 
 3856  303 
 3857  338 
 3858  293 
 3859  348 
 3860  377 
 3861  372 
 3862  436 
 3863  431 
 3864  509 
 3865  477 
 3866  454 
 3867  542 
 3868  586 
 3869  601 
 3870  625 
 3871  669 
 3872  714 
 3873  730 
 3874  783 
 3875  788 
 3876  861 
 3877  945 
 3878  987 
 3879  946 
 3880  1035 
 3881  1101 
 3882  1145 
 3883  1247 
 3884  1243 
 3885  1287 
 3886  1372 
 3887  1423 
 3888  1492 
 3889  1568 
 3890  1532 
 3891  1613 
 3892  1592 
 3893  1731 
 3894  1697 
 3895  1733 
 3896  1737 
 3897  1765 
 3898  1798 
 3899  1966 
 3900  1876 
 3901  1822 
 3902  1930 
 3903  1808 
 3904  1721 
 3905  1902 
 3906  1860 
 3907  1808 
 3908  1725 
 3909  1709 
 3910  1642 
 3911  1673 
 3912  1587 
 3913  1610 
 3914  1478 
 3915  1343 
 3916  1366 
 3917  1275 
 3918  1150 
 3919  1113 
 3920  1039 
 3921  918 
 3922  837 
 3923  840 
 3924  707 
 3925  659 
 3926  623 
 3927  544 
 3928  519 
 3929  458 
 3930  471 
 3931  380 
 3932  362 
 3933  305 
 3934  268 
 3935  239 
 3936  218 
 3937  200 
 3938  202 
 3939  179 
 3940  155 
 3941  116 
 3942  136 
 3943  130 
 3944  134 
 3945  109 
 3946  127 
 3947  113 
 3948  126 
 3949  144 
 3950  151 
 3951  118 
 3952  140 
 3953  152 
 3954  137 
 3955  173 
 3956  175 
 3957  189 
 3958  184 
 3959  225 
 3960  189 
 3961  248 
 3962  206 
 3963  225 
 3964  213 
 3965  227 
 3966  200 
 3967  229 
 3968  203 
 3969  204 
 3970  208 
 3971  207 
 3972  194 
 3973  190 
 3974  206 
 3975  171 
 3976  177 
 3977  183 
 3978  167 
 3979  157 
 3980  145 
 3981  119 
 3982  120 
 3983  93 
 3984  105 
 3985  97 
 3986  79 
 3987  75 
 3988  66 
 3989  76 
 3990  76 
 3991  64 
 3992  55 
 3993  56 
 3994  51 
 3995  49 
 3996  35 
 3997  37 
 3998  40 
 3999  40 
 4000  41 
 4001  27 
 4002  40 
 4003  30 
 4004  29 
 4005  32 
 4006  33 
 4007  26 
 4008  28 
 4009  22 
 4010  18 
 4011  25 
 4012  17 
 4013  18 
 4014  21 
 4015  16 
 4016  20 
 4017  12 
 4018  10 
 4019  13 
 4020  14 
 4021  8 
 4022  18 
 4023  8 
 4024  8 
 4025  5 
 4026  2 
 4027  5 
 4028  5 
 4029  3 
 4030  2 
 4031  2 
 4032  2 
 4033  6 
 4034  3 
 4035  3 
 4036  4 
 4037  2 
 4038  4 
 4039  3 
 4040  2 
 4041  3 
 4042  0 
 4043  1 
 4044  1 
 4045  2 
 4046  2 
 4047  2 
 4048  1 
 4049  2 
 4050  1 
 4051  1 
 4052  2 
 4053  0 
 4054  1 
 4055  3 
 4056  2 
 4057  1 
 4058  2 
 4059  1 
 4060  1 
 4061  2 
 4062  3 
 4063  1 
 4064  1 
 4065  1 
 4066  0 
 4067  2 
 4068  0 
 4069  0 
 4070  1 
 4071  0 
 4072  4 
 4073  0 
 4074  0 
 4075  3 
 4076  2 
 4077  2 
 4078  2 
 4079  1 
 4080  0 
 4081  0 
 4082  1 
 4083  0 
 4084  1 
 4085  0 
 4086  2 
 4087  0 
 4088  1 
 4089  1 
 4090  2 
 4091  2 
 4092  0 
 4093  2 
 4094  2 
 4095  0 
 4096  2 
 4097  1 
 4098  3 
 4099  0 
 4100  0 
 4101  0 
 4102  0 
 4103  1 
 4104  1 
 4105  0 
 4106  0 
 4107  1 
 4108  0 
 4109  2 
 4110  1 
 4111  0 
 4112  0 
 4113  0 
 4114  0 
 4115  0 
 4116  1 
 4117  1 
 4118  1 
 4119  0 
 4120  1 
 4121  1 
 4122  1 
 4123  2 
 4124  0 
 4125  1 
 4126  0 
 4127  2 
 4128  0 
 4129  2 
 4130  0 
 4131  4 
 4132  0 
 4133  0 
 4134  0 
 4135  3 
 4136  0 
 4137  2 
 4138  2 
 4139  2 
 4140  0 
 4141  0 
 4142  0 
 4143  0 
 4144  0 
 4145  0 
 4146  0 
 4147  0 
 4148  0 
 4149  0 
 4150  1 
 4151  0 
 4152  1 
 4153  0 
 4154  1 
 4155  0 
 4156  3 
 4157  1 
 4158  0 
 4159  0 
 4160  1 
 4161  0 
 4162  2 
 4163  0 
 4164  1 
 4165  0 
 4166  1 
 4167  0 
 4168  1 
 4169  0 
 4170  0 
 4171  1 
 4172  0 
 4173  0 
 4174  0 
 4175  0 
 4176  0 
 4177  1 
 4178  1 
 4179  0 
 4180  0 
 4181  0 
 4182  0 
 4183  0 
 4184  1 
 4185  0 
 4186  3 
 4187  1 
 4188  0 
 4189  0 
 4190  0 
 4191  0 
 4192  0 
 4193  0 
 4194  1 
 4195  0 
 4196  0 
 4197  1 
 4198  0 
 4199  1 
 4200  2 
 4201  0 
 4202  2 
 4203  0 
 4204  0 
 4205  1 
 4206  0 
 4207  1 
 4208  0 
 4209  0 
 4210  0 
 4211  0 
 4212  0 
 4213  1 
 4214  1 
 4215  0 
 4216  1 
 4217  0 
 4218  1 
 4219  1 
 4220  0 
 4221  0 
 4222  0 
 4223  0 
 4224  0 
 4225  0 
 4226  2 
 4227  0 
 4228  1 
 4229  0 
 4230  0 
 4231  0 
 4232  0 
 4233  0 
 4234  1 
 4235  0 
 4236  0 
 4237  0 
 4238  2 
 4239  0 
 4240  1 
 4241  0 
 4242  0 
 4243  0 
 4244  1 
 4245  1 
 4246  0 
 4247  0 
 4248  0 
 4249  0 
 4250  1 
 4251  0 
 4252  0 
 4253  2 
 4254  1 
 4255  0 
 4256  1 
 4257  0 
 4258  1 
 4259  0 
 4260  0 
 4261  1 
 4262  0 
 4263  0 
 4264  2 
 4265  0 
 4266  0 
 4267  0 
 4268  0 
 4269  0 
 4270  0 
 4271  1 
 4272  0 
 4273  2 
 4274  0 
 4275  1 
 4276  1 
 4277  1 
 4278  0 
 4279  1 
 4280  1 
 4281  0 
 4282  0 
 4283  2 
 4284  1 
 4285  2 
 4286  1 
 4287  0 
 4288  0 
 4289  3 
 4290  0 
 4291  0 
 4292  0 
 4293  0 
 4294  0 
 4295  1 
 4296  0 
 4297  0 
 4298  0 
 4299  1 
 4300  1 
 4301  0 
 4302  0 
 4303  1 
 4304  1 
 4305  2 
 4306  1 
 4307  3 
 4308  0 
 4309  0 
 4310  1 
 4311  0 
 4312  0 
 4313  1 
 4314  1 
 4315  0 
 4316  1 
 4317  1 
 4318  0 
 4319  0 
 4320  1 
 4321  0 
 4322  1 
 4323  0 
 4324  1 
 4325  1 
 4326  0 
 4327  0 
 4328  1 
 4329  0 
 4330  0 
 4331  0 
 4332  1 
 4333  0 
 4334  1 
 4335  0 
 4336  0 
 4337  1 
 4338  1 
 4339  0 
 4340  0 
 4341  0 
 4342  1 
 4343  0 
 4344  1 
 4345  0 
 4346  0 
 4347  1 
 4348  0 
 4349  0 
 4350  0 
 4351  0 
 4352  1 
 4353  0 
 4354  0 
 4355  0 
 4356  1 
 4357  1 
 4358  1 
 4359  0 
 4360  0 
 4361  0 
 4362  0 
 4363  0 
 4364  0 
 4365  2 
 4366  1 
 4367  0 
 4368  0 
 4369  0 
 4370  1 
 4371  1 
 4372  0 
 4373  0 
 4374  0 
 4375  0 
 4376  0 
 4377  0 
 4378  0 
 4379  0 
 4380  0 
 4381  0 
 4382  1 
 4383  0 
 4384  0 
 4385  1 
 4386  1 
 4387  1 
 4388  0 
 4389  2 
 4390  0 
 4391  0 
 4392  0 
 4393  0 
 4394  0 
 4395  1 
 4396  0 
 4397  1 
 4398  0 
 4399  0 
 4400  0 
 4401  0 
 4402  0 
 4403  0 
 4404  0 
 4405  1 
 4406  1 
 4407  4 
 4408  0 
 4409  1 
 4410  0 
 4411  1 
 4412  0 
 4413  1 
 4414  0 
 4415  0 
 4416  0 
 4417  1 
 4418  0 
 4419  1 
 4420  0 
 4421  0 
 4422  0 
 4423  0 
 4424  1 
 4425  0 
 4426  2 
 4427  1 
 4428  0 
 4429  0 
 4430  0 
 4431  0 
 4432  0 
 4433  0 
 4434  0 
 4435  0 
 4436  1 
 4437  0 
 4438  0 
 4439  1 
 4440  0 
 4441  1 
 4442  0 
 4443  0 
 4444  0 
 4445  0 
 4446  1 
 4447  0 
 4448  0 
 4449  0 
 4450  0 
 4451  0 
 4452  0 
 4453  1 
 4454  0 
 4455  0 
 4456  0 
 4457  1 
 4458  0 
 4459  1 
 4460  0 
 4461  1 
 4462  0 
 4463  0 
 4464  0 
 4465  1 
 4466  0 
 4467  0 
 4468  0 
 4469  1 
 4470  0 
 4471  0 
 4472  0 
 4473  0 
 4474  0 
 4475  0 
 4476  0 
 4477  0 
 4478  0 
 4479  1 
 4480  0 
 4481  0 
 4482  1 
 4483  2 
 4484  0 
 4485  0 
 4486  0 
 4487  0 
 4488  0 
 4489  0 
 4490  0 
 4491  1 
 4492  0 
 4493  0 
 4494  1 
 4495  0 
 4496  1 
 4497  0 
 4498  0 
 4499  0 
 4500  1 
 4501  0 
 4502  1 
 4503  1 
 4504  0 
 4505  1 
 4506  0 
 4507  0 
 4508  0 
 4509  1 
 4510  0 
 4511  1 
 4512  1 
 4513  0 
 4514  0 
 4515  0 
 4516  0 
 4517  0 
 4518  0 
 4519  0 
 4520  0 
 4521  0 
 4522  0 
 4523  0 
 4524  0 
 4525  0 
 4526  0 
 4527  0 
 4528  0 
 4529  0 
 4530  0 
 4531  1 
 4532  0 
 4533  0 
 4534  0 
 4535  0 
 4536  0 
 4537  0 
 4538  0 
 4539  1 
 4540  2 
 4541  0 
 4542  0 
 4543  1 
 4544  0 
 4545  0 
 4546  0 
 4547  1 
 4548  0 
 4549  0 
 4550  0 
 4551  0 
 4552  0 
 4553  0 
 4554  0 
 4555  0 
 4556  0 
 4557  0 
 4558  0 
 4559  1 
 4560  0 
 4561  0 
 4562  1 
 4563  1 
 4564  0 
 4565  0 
 4566  0 
 4567  0 
 4568  0 
 4569  0 
 4570  0 
 4571  1 
 4572  0 
 4573  0 
 4574  1 
 4575  0 
 4576  2 
 4577  0 
 4578  1 
 4579  0 
 4580  0 
 4581  0 
 4582  0 
 4583  0 
 4584  0 
 4585  0 
 4586  2 
 4587  0 
 4588  0 
 4589  1 
 4590  0 
 4591  0 
 4592  0 
 4593  0 
 4594  0 
 4595  1 
 4596  0 
 4597  0 
 4598  0 
 4599  0 
 4600  0 
 4601  0 
 4602  0 
 4603  1 
 4604  0 
 4605  0 
 4606  0 
 4607  0 
 4608  1 
 4609  0 
 4610  0 
 4611  0 
 4612  1 
 4613  0 
 4614  0 
 4615  0 
 4616  0 
 4617  0 
 4618  0 
 4619  0 
 4620  0 
 4621  0 
 4622  0 
 4623  0 
 4624  1 
 4625  1 
 4626  1 
 4627  0 
 4628  0 
 4629  0 
 4630  0 
 4631  0 
 4632  0 
 4633  0 
 4634  0 
 4635  0 
 4636  0 
 4637  0 
 4638  0 
 4639  0 
 4640  0 
 4641  3 
 4642  1 
 4643  1 
 4644  0 
 4645  0 
 4646  0 
 4647  0 
 4648  0 
 4649  1 
 4650  0 
 4651  0 
 4652  0 
 4653  1 
 4654  0 
 4655  0 
 4656  0 
 4657  0 
 4658  0 
 4659  0 
 4660  0 
 4661  0 
 4662  0 
 4663  1 
 4664  0 
 4665  0 
 4666  0 
 4667  1 
 4668  1 
 4669  0 
 4670  0 
 4671  1 
 4672  0 
 4673  0 
 4674  1 
 4675  0 
 4676  0 
 4677  0 
 4678  0 
 4679  0 
 4680  0 
 4681  0 
 4682  0 
 4683  0 
 4684  1 
 4685  3 
 4686  0 
 4687  0 
 4688  0 
 4689  0 
 4690  2 
 4691  0 
 4692  1 
 4693  0 
 4694  1 
 4695  0 
 4696  0 
 4697  0 
 4698  0 
 4699  0 
 4700  0 
 4701  0 
 4702  0 
 4703  1 
 4704  0 
 4705  0 
 4706  0 
 4707  2 
 4708  1 
 4709  0 
 4710  0 
 4711  0 
 4712  0 
 4713  0 
 4714  1 
 4715  1 
 4716  2 
 4717  0 
 4718  0 
 4719  0 
 4720  0 
 4721  2 
 4722  0 
 4723  0 
 4724  1 
 4725  0 
 4726  0 
 4727  0 
 4728  1 
 4729  1 
 4730  0 
 4731  0 
 4732  0 
 4733  0 
 4734  0 
 4735  0 
 4736  1 
 4737  0 
 4738  0 
 4739  2 
 4740  0 
 4741  0 
 4742  0 
 4743  0 
 4744  0 
 4745  0 
 4746  1 
 4747  1 
 4748  0 
 4749  0 
 4750  2 
 4751  0 
 4752  1 
 4753  0 
 4754  0 
 4755  1 
 4756  1 
 4757  1 
 4758  0 
 4759  0 
 4760  0 
 4761  0 
 4762  0 
 4763  1 
 4764  0 
 4765  0 
 4766  0 
 4767  0 
 4768  1 
 4769  0 
 4770  1 
 4771  0 
 4772  1 
 4773  0 
 4774  0 
 4775  0 
 4776  0 
 4777  0 
 4778  0 
 4779  0 
 4780  0 
 4781  0 
 4782  1 
 4783  0 
 4784  0 
 4785  0 
 4786  1 
 4787  0 
 4788  0 
 4789  0 
 4790  1 
 4791  0 
 4792  0 
 4793  0 
 4794  0 
 4795  0 
 4796  0 
 4797  0 
 4798  1 
 4799  0 
 4800  0 
 4801  1 
 4802  1 
 4803  0 
 4804  0 
 4805  0 
 4806  1 
 4807  0 
 4808  0 
 4809  0 
 4810  1 
 4811  0 
 4812  0 
 4813  0 
 4814  2 
 4815  1 
 4816  0 
 4817  0 
 4818  1 
 4819  0 
 4820  0 
 4821  0 
 4822  0 
 4823  0 
 4824  0 
 4825  0 
 4826  0 
 4827  1 
 4828  0 
 4829  0 
 4830  1 
 4831  0 
 4832  0 
 4833  0 
 4834  0 
 4835  0 
 4836  2 
 4837  0 
 4838  0 
 4839  1 
 4840  1 
 4841  0 
 4842  1 
 4843  0 
 4844  1 
 4845  0 
 4846  0 
 4847  0 
 4848  0 
 4849  0 
 4850  0 
 4851  0 
 4852  0 
 4853  0 
 4854  0 
 4855  0 
 4856  2 
 4857  0 
 4858  0 
 4859  0 
 4860  0 
 4861  0 
 4862  0 
 4863  1 
 4864  0 
 4865  0 
 4866  0 
 4867  0 
 4868  0 
 4869  0 
 4870  0 
 4871  1 
 4872  0 
 4873  0 
 4874  0 
 4875  1 
 4876  0 
 4877  1 
 4878  0 
 4879  0 
 4880  0 
 4881  0 
 4882  1 
 4883  0 
 4884  0 
 4885  0 
 4886  0 
 4887  0 
 4888  0 
 4889  1 
 4890  0 
 4891  1 
 4892  0 
 4893  0 
 4894  0 
 4895  1 
 4896  0 
 4897  0 
 4898  0 
 4899  0 
 4900  0 
 4901  1 
 4902  0 
 4903  0 
 4904  0 
 4905  0 
 4906  1 
 4907  0 
 4908  1 
 4909  0 
 4910  1 
 4911  0 
 4912  0 
 4913  0 
 4914  0 
 4915  1 
 4916  0 
 4917  0 
 4918  0 
 4919  1 
 4920  0 
 4921  0 
 4922  0 
 4923  0 
 4924  0 
 4925  0 
 4926  0 
 4927  0 
 4928  1 
 4929  0 
 4930  0 
 4931  1 
 4932  0 
 4933  0 
 4934  0 
 4935  0 
 4936  0 
 4937  0 
 4938  0 
 4939  0 
 4940  0 
 4941  0 
 4942  0 
 4943  2 
 4944  0 
 4945  0 
 4946  0 
 4947  0 
 4948  0 
 4949  0 
 4950  1 
 4951  0 
 4952  3 
 4953  0 
 4954  0 
 4955  0 
 4956  0 
 4957  0 
 4958  0 
 4959  0 
 4960  0 
 4961  0 
 4962  0 
 4963  0 
 4964  0 
 4965  0 
 4966  0 
 4967  0 
 4968  0 
 4969  0 
 4970  1 
 4971  0 
 4972  0 
 4973  0 
 4974  0 
 4975  0 
 4976  0 
 4977  1 
 4978  0 
 4979  0 
 4980  0 
 4981  0 
 4982  0 
 4983  1 
 4984  0 
 4985  1 
 4986  0 
 4987  0 
 4988  0 
 4989  0 
 4990  1 
 4991  0 
 4992  0 
 4993  0 
 4994  0 
 4995  0 
 4996  0 
 4997  0 
 4998  0 
 4999  0 
 5000  0 
 5001  0 
 5002  0 
 5003  0 
 5004  0 
 5005  0 
 5006  1 
 5007  1 
 5008  0 
 5009  0 
 5010  0 
 5011  0 
 5012  0 
 5013  2 
 5014  1 
 5015  1 
 5016  0 
 5017  0 
 5018  0 
 5019  0 
 5020  0 
 5021  0 
 5022  0 
 5023  1 
 5024  0 
 5025  0 
 5026  0 
 5027  0 
 5028  0 
 5029  2 
 5030  0 
 5031  0 
 5032  0 
 5033  0 
 5034  0 
 5035  0 
 5036  0 
 5037  0 
 5038  0 
 5039  0 
 5040  0 
 5041  0 
 5042  0 
 5043  0 
 5044  0 
 5045  1 
 5046  0 
 5047  0 
 5048  0 
 5049  0 
 5050  0 
 5051  0 
 5052  0 
 5053  0 
 5054  0 
 5055  0 
 5056  0 
 5057  0 
 5058  0 
 5059  0 
 5060  1 
 5061  0 
 5062  0 
 5063  0 
 5064  0 
 5065  0 
 5066  0 
 5067  0 
 5068  0 
 5069  0 
 5070  0 
 5071  0 
 5072  0 
 5073  0 
 5074  1 
 5075  0 
 5076  0 
 5077  1 
 5078  0 
 5079  0 
 5080  0 
 5081  0 
 5082  1 
 5083  0 
 5084  0 
 5085  0 
 5086  1 
 5087  0 
 5088  0 
 5089  0 
 5090  0 
 5091  0 
 5092  0 
 5093  0 
 5094  0 
 5095  0 
 5096  2 
 5097  0 
 5098  0 
 5099  0 
 5100  0 
 5101  0 
 5102  0 
 5103  0 
 5104  0 
 5105  0 
 5106  0 
 5107  0 
 5108  0 
 5109  0 
 5110  0 
 5111  0 
 5112  1 
 5113  0 
 5114  0 
 5115  0 
 5116  0 
 5117  1 
 5118  1 
 5119  0 
 5120  0 
 5121  0 
 5122  0 
 5123  0 
 5124  0 
 5125  0 
 5126  0 
 5127  0 
 5128  0 
 5129  2 
 5130  0 
 5131  0 
 5132  0 
 5133  0 
 5134  0 
 5135  0 
 5136  0 
 5137  0 
 5138  0 
 5139  0 
 5140  0 
 5141  0 
 5142  1 
 5143  0 
 5144  0 
 5145  0 
 5146  1 
 5147  0 
 5148  0 
 5149  0 
 5150  0 
 5151  0 
 5152  0 
 5153  0 
 5154  0 
 5155  0 
 5156  0 
 5157  0 
 5158  0 
 5159  1 
 5160  0 
 5161  0 
 5162  0 
 5163  0 
 5164  0 
 5165  1 
 5166  0 
 5167  0 
 5168  1 
 5169  0 
 5170  0 
 5171  1 
 5172  0 
 5173  0 
 5174  0 
 5175  0 
 5176  0 
 5177  0 
 5178  0 
 5179  0 
 5180  0 
 5181  0 
 5182  0 
 5183  0 
 5184  0 
 5185  0 
 5186  0 
 5187  0 
 5188  0 
 5189  0 
 5190  0 
 5191  0 
 5192  0 
 5193  0 
 5194  0 
 5195  0 
 5196  0 
 5197  0 
 5198  0 
 5199  0 
 5200  0 
 5201  0 
 5202  0 
 5203  0 
 5204  0 
 5205  0 
 5206  0 
 5207  0 
 5208  0 
 5209  0 
 5210  1 
 5211  0 
 5212  0 
 5213  0 
 5214  0 
 5215  0 
 5216  2 
 5217  0 
 5218  0 
 5219  0 
 5220  0 
 5221  0 
 5222  0 
 5223  0 
 5224  1 
 5225  0 
 5226  0 
 5227  1 
 5228  0 
 5229  0 
 5230  0 
 5231  0 
 5232  0 
 5233  0 
 5234  0 
 5235  0 
 5236  0 
 5237  0 
 5238  0 
 5239  0 
 5240  0 
 5241  0 
 5242  0 
 5243  0 
 5244  0 
 5245  0 
 5246  0 
 5247  0 
 5248  0 
 5249  0 
 5250  1 
 5251  0 
 5252  0 
 5253  0 
 5254  0 
 5255  0 
 5256  1 
 5257  0 
 5258  0 
 5259  0 
 5260  0 
 5261  0 
 5262  0 
 5263  0 
 5264  0 
 5265  0 
 5266  0 
 5267  0 
 5268  0 
 5269  0 
 5270  0 
 5271  0 
 5272  0 
 5273  0 
 5274  0 
 5275  0 
 5276  0 
 5277  0 
 5278  0 
 5279  0 
 5280  0 
 5281  0 
 5282  0 
 5283  0 
 5284  0 
 5285  0 
 5286  0 
 5287  0 
 5288  0 
 5289  0 
 5290  0 
 5291  0 
 5292  0 
 5293  0 
 5294  0 
 5295  0 
 5296  0 
 5297  0 
 5298  0 
 5299  0 
 5300  0 
 5301  0 
 5302  0 
 5303  0 
 5304  0 
 5305  0 
 5306  0 
 5307  0 
 5308  0 
 5309  0 
 5310  0 
 5311  0 
 5312  0 
 5313  0 
 5314  0 
 5315  0 
 5316  0 
 5317  1 
 5318  0 
 5319  0 
 5320  0 
 5321  0 
 5322  0 
 5323  0 
 5324  0 
 5325  0 
 5326  0 
 5327  0 
 5328  0 
 5329  0 
 5330  0 
 5331  0 
 5332  0 
 5333  0 
 5334  0 
 5335  0 
 5336  0 
 5337  0 
 5338  0 
 5339  2 
 5340  0 
 5341  0 
 5342  0 
 5343  0 
 5344  0 
 5345  1 
 5346  0 
 5347  0 
 5348  0 
 5349  0 
 5350  0 
 5351  0 
 5352  0 
 5353  0 
 5354  0 
 5355  1 
 5356  0 
 5357  0 
 5358  0 
 5359  0 
 5360  0 
 5361  0 
 5362  0 
 5363  0 
 5364  0 
 5365  0 
 5366  0 
 5367  0 
 5368  0 
 5369  3 
 5370  0 
 5371  0 
 5372  0 
 5373  0 
 5374  0 
 5375  0 
 5376  0 
 5377  0 
 5378  0 
 5379  0 
 5380  0 
 5381  1 
 5382  0 
 5383  0 
 5384  0 
 5385  0 
 5386  0 
 5387  0 
 5388  1 
 5389  0 
 5390  0 
 5391  0 
 5392  0 
 5393  0 
 5394  0 
 5395  0 
 5396  0 
 5397  0 
 5398  0 
 5399  0 
 5400  0 
 5401  0 
 5402  0 
 5403  0 
 5404  0 
 5405  0 
 5406  0 
 5407  0 
 5408  0 
 5409  0 
 5410  0 
 5411  0 
 5412  0 
 5413  0 
 5414  0 
 5415  0 
 5416  0 
 5417  0 
 5418  0 
 5419  1 
 5420  0 
 5421  0 
 5422  0 
 5423  0 
 5424  0 
 5425  1 
 5426  0 
 5427  0 
 5428  1 
 5429  0 
 5430  0 
 5431  0 
 5432  1 
 5433  0 
 5434  0 
 5435  0 
 5436  0 
 5437  0 
 5438  0 
 5439  0 
 5440  0 
 5441  1 
 5442  0 
 5443  0 
 5444  0 
 5445  0 
 5446  0 
 5447  0 
 5448  0 
 5449  0 
 5450  0 
 5451  1 
 5452  0 
 5453  0 
 5454  0 
 5455  0 
 5456  0 
 5457  0 
 5458  0 
 5459  0 
 5460  0 
 5461  0 
 5462  0 
 5463  0 
 5464  0 
 5465  0 
 5466  0 
 5467  1 
 5468  0 
 5469  0 
 5470  2 
 5471  0 
 5472  0 
 5473  0 
 5474  0 
 5475  0 
 5476  0 
 5477  0 
 5478  0 
 5479  0 
 5480  0 
 5481  1 
 5482  1 
 5483  1 
 5484  0 
 5485  0 
 5486  0 
 5487  0 
 5488  0 
 5489  1 
 5490  0 
 5491  0 
 5492  0 
 5493  0 
 5494  0 
 5495  0 
 5496  0 
 5497  0 
 5498  0 
 5499  0 
 5500  0 
 5501  0 
 5502  1 
 5503  0 
 5504  0 
 5505  0 
 5506  0 
 5507  0 
 5508  0 
 5509  1 
 5510  0 
 5511  0 
 5512  0 
 5513  0 
 5514  0 
 5515  0 
 5516  0 
 5517  0 
 5518  0 
 5519  0 
 5520  0 
 5521  0 
 5522  0 
 5523  0 
 5524  0 
 5525  0 
 5526  0 
 5527  0 
 5528  0 
 5529  0 
 5530  0 
 5531  0 
 5532  0 
 5533  0 
 5534  1 
 5535  0 
 5536  0 
 5537  0 
 5538  0 
 5539  0 
 5540  0 
 5541  0 
 5542  0 
 5543  0 
 5544  0 
 5545  0 
 5546  0 
 5547  0 
 5548  0 
 5549  0 
 5550  0 
 5551  0 
 5552  1 
 5553  0 
 5554  0 
 5555  0 
 5556  0 
 5557  0 
 5558  0 
 5559  0 
 5560  0 
 5561  0 
 5562  0 
 5563  0 
 5564  0 
 5565  0 
 5566  0 
 5567  0 
 5568  0 
 5569  0 
 5570  0 
 5571  0 
 5572  0 
 5573  0 
 5574  0 
 5575  0 
 5576  0 
 5577  0 
 5578  0 
 5579  0 
 5580  0 
 5581  0 
 5582  0 
 5583  1 
 5584  0 
 5585  0 
 5586  0 
 5587  0 
 5588  0 
 5589  0 
 5590  0 
 5591  0 
 5592  1 
 5593  0 
 5594  0 
 5595  0 
 5596  0 
 5597  0 
 5598  0 
 5599  0 
 5600  0 
 5601  0 
 5602  0 
 5603  0 
 5604  0 
 5605  0 
 5606  0 
 5607  0 
 5608  0 
 5609  0 
 5610  1 
 5611  0 
 5612  0 
 5613  0 
 5614  0 
 5615  0 
 5616  0 
 5617  0 
 5618  0 
 5619  0 
 5620  0 
 5621  0 
 5622  1 
 5623  1 
 5624  0 
 5625  0 
 5626  1 
 5627  0 
 5628  1 
 5629  0 
 5630  0 
 5631  0 
 5632  0 
 5633  0 
 5634  0 
 5635  0 
 5636  0 
 5637  0 
 5638  0 
 5639  0 
 5640  0 
 5641  0 
 5642  0 
 5643  0 
 5644  0 
 5645  0 
 5646  0 
 5647  0 
 5648  0 
 5649  1 
 5650  0 
 5651  0 
 5652  0 
 5653  0 
 5654  0 
 5655  0 
 5656  0 
 5657  0 
 5658  0 
 5659  0 
 5660  0 
 5661  0 
 5662  0 
 5663  0 
 5664  0 
 5665  0 
 5666  0 
 5667  0 
 5668  0 
 5669  1 
 5670  0 
 5671  0 
 5672  0 
 5673  0 
 5674  0 
 5675  0 
 5676  0 
 5677  1 
 5678  0 
 5679  0 
 5680  0 
 5681  0 
 5682  0 
 5683  1 
 5684  0 
 5685  0 
 5686  0 
 5687  0 
 5688  0 
 5689  0 
 5690  0 
 5691  0 
 5692  1 
 5693  0 
 5694  0 
 5695  0 
 5696  0 
 5697  0 
 5698  0 
 5699  1 
 5700  0 
 5701  0 
 5702  0 
 5703  0 
 5704  0 
 5705  0 
 5706  0 
 5707  0 
 5708  0 
 5709  0 
 5710  0 
 5711  0 
 5712  1 
 5713  0 
 5714  0 
 5715  1 
 5716  0 
 5717  0 
 5718  0 
 5719  0 
 5720  0 
 5721  0 
 5722  0 
 5723  0 
 5724  0 
 5725  0 
 5726  1 
 5727  0 
 5728  0 
 5729  0 
 5730  0 
 5731  0 
 5732  0 
 5733  0 
 5734  1 
 5735  0 
 5736  0 
 5737  0 
 5738  0 
 5739  0 
 5740  0 
 5741  0 
 5742  0 
 5743  0 
 5744  0 
 5745  0 
 5746  1 
 5747  0 
 5748  0 
 5749  0 
 5750  1 
 5751  0 
 5752  0 
 5753  0 
 5754  0 
 5755  0 
 5756  0 
 5757  0 
 5758  0 
 5759  0 
 5760  0 
 5761  0 
 5762  0 
 5763  1 
 5764  1 
 5765  0 
 5766  0 
 5767  0 
 5768  0 
 5769  0 
 5770  0 
 5771  1 
 5772  0 
 5773  0 
 5774  0 
 5775  0 
 5776  0 
 5777  0 
 5778  0 
 5779  0 
 5780  0 
 5781  0 
 5782  0 
 5783  0 
 5784  0 
 5785  0 
 5786  0 
 5787  0 
 5788  0 
 5789  0 
 5790  0 
 5791  0 
 5792  0 
 5793  0 
 5794  0 
 5795  0 
 5796  0 
 5797  0 
 5798  0 
 5799  0 
 5800  0 
 5801  0 
 5802  0 
 5803  1 
 5804  0 
 5805  0 
 5806  0 
 5807  0 
 5808  0 
 5809  0 
 5810  2 
 5811  0 
 5812  0 
 5813  0 
 5814  2 
 5815  0 
 5816  0 
 5817  0 
 5818  0 
 5819  0 
 5820  0 
 5821  0 
 5822  0 
 5823  1 
 5824  1 
 5825  0 
 5826  0 
 5827  0 
 5828  0 
 5829  0 
 5830  0 
 5831  0 
 5832  0 
 5833  0 
 5834  0 
 5835  0 
 5836  0 
 5837  1 
 5838  0 
 5839  1 
 5840  0 
 5841  0 
 5842  0 
 5843  0 
 5844  0 
 5845  1 
 5846  0 
 5847  0 
 5848  0 
 5849  0 
 5850  0 
 5851  0 
 5852  0 
 5853  0 
 5854  0 
 5855  1 
 5856  0 
 5857  0 
 5858  0 
 5859  0 
 5860  0 
 5861  0 
 5862  0 
 5863  0 
 5864  0 
 5865  0 
 5866  0 
 5867  0 
 5868  0 
 5869  1 
 5870  0 
 5871  0 
 5872  1 
 5873  0 
 5874  0 
 5875  0 
 5876  1 
 5877  1 
 5878  0 
 5879  0 
 5880  0 
 5881  0 
 5882  0 
 5883  0 
 5884  0 
 5885  0 
 5886  0 
 5887  0 
 5888  0 
 5889  0 
 5890  0 
 5891  1 
 5892  0 
 5893  0 
 5894  0 
 5895  0 
 5896  0 
 5897  0 
 5898  0 
 5899  0 
 5900  0 
 5901  0 
 5902  0 
 5903  0 
 5904  0 
 5905  1 
 5906  0 
 5907  0 
 5908  0 
 5909  0 
 5910  0 
 5911  1 
 5912  0 
 5913  0 
 5914  0 
 5915  0 
 5916  0 
 5917  0 
 5918  0 
 5919  0 
 5920  0 
 5921  0 
 5922  0 
 5923  0 
 5924  0 
 5925  0 
 5926  1 
 5927  0 
 5928  1 
 5929  0 
 5930  1 
 5931  0 
 5932  1 
 5933  0 
 5934  0 
 5935  1 
 5936  0 
 5937  0 
 5938  0 
 5939  0 
 5940  0 
 5941  0 
 5942  1 
 5943  1 
 5944  0 
 5945  0 
 5946  0 
 5947  0 
 5948  0 
 5949  2 
 5950  0 
 5951  0 
 5952  0 
 5953  0 
 5954  1 
 5955  0 
 5956  0 
 5957  1 
 5958  0 
 5959  0 
 5960  0 
 5961  0 
 5962  0 
 5963  1 
 5964  1 
 5965  1 
 5966  1 
 5967  0 
 5968  0 
 5969  0 
 5970  0 
 5971  1 
 5972  0 
 5973  1 
 5974  0 
 5975  0 
 5976  1 
 5977  1 
 5978  0 
 5979  0 
 5980  0 
 5981  0 
 5982  0 
 5983  0 
 5984  1 
 5985  1 
 5986  0 
 5987  0 
 5988  0 
 5989  0 
 5990  0 
 5991  0 
 5992  0 
 5993  0 
 5994  0 
 5995  1 
 5996  0 
 5997  1 
 5998  0 
 5999  0 
 6000  0 
 6001  0 
 6002  0 
 6003  1 
 6004  0 
 6005  0 
 6006  0 
 6007  0 
 6008  1 
 6009  2 
 6010  1 
 6011  0 
 6012  2 
 6013  1 
 6014  0 
 6015  0 
 6016  1 
 6017  0 
 6018  1 
 6019  1 
 6020  0 
 6021  0 
 6022  3 
 6023  0 
 6024  1 
 6025  0 
 6026  0 
 6027  0 
 6028  1 
 6029  0 
 6030  0 
 6031  1 
 6032  0 
 6033  1 
 6034  0 
 6035  0 
 6036  1 
 6037  0 
 6038  1 
 6039  0 
 6040  1 
 6041  4 
 6042  0 
 6043  3 
 6044  1 
 6045  1 
 6046  0 
 6047  1 
 6048  0 
 6049  0 
 6050  3 
 6051  1 
 6052  0 
 6053  0 
 6054  1 
 6055  1 
 6056  0 
 6057  0 
 6058  0 
 6059  1 
 6060  1 
 6061  0 
 6062  0 
 6063  0 
 6064  0 
 6065  1 
 6066  0 
 6067  3 
 6068  1 
 6069  0 
 6070  1 
 6071  0 
 6072  0 
 6073  0 
 6074  0 
 6075  0 
 6076  0 
 6077  1 
 6078  1 
 6079  1 
 6080  0 
 6081  0 
 6082  0 
 6083  0 
 6084  1 
 6085  0 
 6086  0 
 6087  0 
 6088  1 
 6089  0 
 6090  1 
 6091  0 
 6092  1 
 6093  1 
 6094  0 
 6095  3 
 6096  1 
 6097  2 
 6098  0 
 6099  0 
 6100  0 
 6101  0 
 6102  0 
 6103  0 
 6104  0 
 6105  0 
 6106  0 
 6107  0 
 6108  1 
 6109  0 
 6110  0 
 6111  0 
 6112  0 
 6113  1 
 6114  0 
 6115  0 
 6116  1 
 6117  0 
 6118  0 
 6119  0 
 6120  1 
 6121  0 
 6122  0 
 6123  0 
 6124  0 
 6125  1 
 6126  2 
 6127  1 
 6128  0 
 6129  0 
 6130  0 
 6131  0 
 6132  0 
 6133  0 
 6134  1 
 6135  0 
 6136  0 
 6137  0 
 6138  0 
 6139  0 
 6140  1 
 6141  0 
 6142  0 
 6143  0 
 6144  0 
 6145  0 
 6146  0 
 6147  1 
 6148  0 
 6149  0 
 6150  0 
 6151  0 
 6152  0 
 6153  0 
 6154  0 
 6155  0 
 6156  0 
 6157  0 
 6158  0 
 6159  0 
 6160  0 
 6161  0 
 6162  0 
 6163  0 
 6164  0 
 6165  0 
 6166  0 
 6167  0 
 6168  0 
 6169  0 
 6170  0 
 6171  1 
 6172  0 
 6173  1 
 6174  0 
 6175  0 
 6176  0 
 6177  0 
 6178  1 
 6179  0 
 6180  0 
 6181  0 
 6182  1 
 6183  0 
 6184  0 
 6185  0 
 6186  0 
 6187  0 
 6188  0 
 6189  0 
 6190  0 
 6191  1 
 6192  0 
 6193  1 
 6194  0 
 6195  1 
 6196  0 
 6197  0 
 6198  1 
 6199  0 
 6200  0 
 6201  0 
 6202  1 
 6203  0 
 6204  0 
 6205  0 
 6206  0 
 6207  1 
 6208  0 
 6209  0 
 6210  0 
 6211  0 
 6212  0 
 6213  0 
 6214  0 
 6215  1 
 6216  1 
 6217  0 
 6218  0 
 6219  1 
 6220  0 
 6221  0 
 6222  0 
 6223  0 
 6224  0 
 6225  0 
 6226  0 
 6227  0 
 6228  0 
 6229  1 
 6230  0 
 6231  0 
 6232  0 
 6233  0 
 6234  1 
 6235  0 
 6236  0 
 6237  0 
 6238  0 
 6239  0 
 6240  0 
 6241  0 
 6242  0 
 6243  0 
 6244  0 
 6245  0 
 6246  0 
 6247  0 
 6248  0 
 6249  0 
 6250  0 
 6251  0 
 6252  0 
 6253  0 
 6254  0 
 6255  0 
 6256  0 
 6257  0 
 6258  0 
 6259  0 
 6260  0 
 6261  0 
 6262  0 
 6263  0 
 6264  0 
 6265  1 
 6266  1 
 6267  0 
 6268  0 
 6269  0 
 6270  0 
 6271  0 
 6272  0 
 6273  0 
 6274  1 
 6275  0 
 6276  0 
 6277  0 
 6278  0 
 6279  0 
 6280  1 
 6281  0 
 6282  0 
 6283  0 
 6284  0 
 6285  0 
 6286  0 
 6287  0 
 6288  0 
 6289  1 
 6290  0 
 6291  0 
 6292  0 
 6293  0 
 6294  0 
 6295  0 
 6296  0 
 6297  0 
 6298  0 
 6299  0 
 6300  0 
 6301  1 
 6302  0 
 6303  0 
 6304  1 
 6305  0 
 6306  0 
 6307  0 
 6308  0 
 6309  0 
 6310  0 
 6311  0 
 6312  0 
 6313  0 
 6314  0 
 6315  0 
 6316  0 
 6317  0 
 6318  0 
 6319  0 
 6320  0 
 6321  0 
 6322  0 
 6323  1 
 6324  0 
 6325  0 
 6326  1 
 6327  0 
 6328  0 
 6329  0 
 6330  0 
 6331  0 
 6332  0 
 6333  0 
 6334  1 
 6335  0 
 6336  0 
 6337  0 
 6338  1 
 6339  0 
 6340  0 
 6341  0 
 6342  0 
 6343  0 
 6344  0 
 6345  1 
 6346  1 
 6347  0 
 6348  0 
 6349  0 
 6350  0 
 6351  0 
 6352  0 
 6353  0 
 6354  0 
 6355  0 
 6356  0 
 6357  0 
 6358  0 
 6359  0 
 6360  0 
 6361  0 
 6362  0 
 6363  0 
 6364  0 
 6365  0 
 6366  1 
 6367  0 
 6368  0 
 6369  0 
 6370  0 
 6371  0 
 6372  0 
 6373  0 
 6374  0 
 6375  1 
 6376  0 
 6377  0 
 6378  1 
 6379  0 
 6380  0 
 6381  0 
 6382  0 
 6383  0 
 6384  0 
 6385  0 
 6386  0 
 6387  0 
 6388  0 
 6389  0 
 6390  0 
 6391  0 
 6392  0 
 6393  0 
 6394  0 
 6395  0 
 6396  0 
 6397  1 
 6398  0 
 6399  0 
 6400  0 
 6401  0 
 6402  0 
 6403  0 
 6404  0 
 6405  0 
 6406  0 
 6407  0 
 6408  0 
 6409  0 
 6410  0 
 6411  0 
 6412  0 
 6413  0 
 6414  0 
 6415  0 
 6416  0 
 6417  0 
 6418  0 
 6419  0 
 6420  0 
 6421  0 
 6422  1 
 6423  0 
 6424  0 
 6425  0 
 6426  0 
 6427  0 
 6428  0 
 6429  0 
 6430  1 
 6431  0 
 6432  0 
 6433  0 
 6434  0 
 6435  0 
 6436  0 
 6437  0 
 6438  0 
 6439  0 
 6440  0 
 6441  0 
 6442  0 
 6443  0 
 6444  0 
 6445  0 
 6446  0 
 6447  0 
 6448  0 
 6449  0 
 6450  0 
 6451  0 
 6452  0 
 6453  0 
 6454  0 
 6455  0 
 6456  0 
 6457  0 
 6458  0 
 6459  0 
 6460  0 
 6461  0 
 6462  0 
 6463  0 
 6464  0 
 6465  0 
 6466  0 
 6467  0 
 6468  1 
 6469  0 
 6470  0 
 6471  0 
 6472  0 
 6473  0 
 6474  0 
 6475  0 
 6476  0 
 6477  0 
 6478  0 
 6479  0 
 6480  0 
 6481  0 
 6482  0 
 6483  0 
 6484  0 
 6485  0 
 6486  0 
 6487  0 
 6488  1 
 6489  0 
 6490  0 
 6491  0 
 6492  0 
 6493  0 
 6494  0 
 6495  0 
 6496  0 
 6497  0 
 6498  0 
 6499  0 
 6500  0 
 6501  0 
 6502  0 
 6503  0 
 6504  0 
 6505  0 
 6506  0 
 6507  1 
 6508  1 
 6509  0 
 6510  0 
 6511  0 
 6512  0 
 6513  1 
 6514  0 
 6515  0 
 6516  0 
 6517  0 
 6518  0 
 6519  0 
 6520  0 
 6521  0 
 6522  0 
 6523  0 
 6524  0 
 6525  0 
 6526  0 
 6527  0 
 6528  0 
 6529  0 
 6530  1 
 6531  0 
 6532  0 
 6533  0 
 6534  0 
 6535  0 
 6536  0 
 6537  0 
 6538  0 
 6539  0 
 6540  0 
 6541  0 
 6542  0 
 6543  0 
 6544  0 
 6545  0 
 6546  0 
 6547  0 
 6548  0 
 6549  0 
 6550  1 
 6551  1 
 6552  0 
 6553  0 
 6554  0 
 6555  0 
 6556  0 
 6557  0 
 6558  0 
 6559  0 
 6560  0 
 6561  0 
 6562  0 
 6563  0 
 6564  0 
 6565  0 
 6566  0 
 6567  0 
 6568  0 
 6569  0 
 6570  0 
 6571  0 
 6572  0 
 6573  0 
 6574  0 
 6575  0 
 6576  0 
 6577  0 
 6578  0 
 6579  0 
 6580  0 
 6581  0 
 6582  0 
 6583  0 
 6584  0 
 6585  0 
 6586  0 
 6587  0 
 6588  0 
 6589  1 
 6590  0 
 6591  0 
 6592  0 
 6593  0 
 6594  0 
 6595  0 
 6596  0 
 6597  0 
 6598  0 
 6599  0 
 6600  0 
 6601  1 
 6602  0 
 6603  0 
 6604  0 
 6605  0 
 6606  0 
 6607  0 
 6608  0 
 6609  0 
 6610  0 
 6611  0 
 6612  0 
 6613  0 
 6614  0 
 6615  0 
 6616  0 
 6617  0 
 6618  0 
 6619  0 
 6620  0 
 6621  0 
 6622  0 
 6623  0 
 6624  0 
 6625  0 
 6626  0 
 6627  0 
 6628  1 
 6629  0 
 6630  0 
 6631  0 
 6632  0 
 6633  0 
 6634  0 
 6635  0 
 6636  0 
 6637  0 
 6638  0 
 6639  0 
 6640  0 
 6641  0 
 6642  0 
 6643  0 
 6644  1 
 6645  0 
 6646  0 
 6647  0 
 6648  0 
 6649  0 
 6650  1 
 6651  0 
 6652  0 
 6653  0 
 6654  0 
 6655  0 
 6656  1 
 6657  0 
 6658  0 
 6659  0 
 6660  0 
 6661  0 
 6662  0 
 6663  0 
 6664  0 
 6665  0 
 6666  0 
 6667  0 
 6668  0 
 6669  0 
 6670  0 
 6671  0 
 6672  0 
 6673  0 
 6674  0 
 6675  0 
 6676  0 
 6677  0 
 6678  0 
 6679  0 
 6680  0 
 6681  0 
 6682  0 
 6683  0 
 6684  0 
 6685  0 
 6686  0 
 6687  0 
 6688  0 
 6689  0 
 6690  1 
 6691  0 
 6692  1 
 6693  0 
 6694  0 
 6695  0 
 6696  1 
 6697  1 
 6698  0 
 6699  0 
 6700  0 
 6701  0 
 6702  2 
 6703  0 
 6704  0 
 6705  1 
 6706  0 
 6707  1 
 6708  0 
 6709  1 
 6710  0 
 6711  0 
 6712  0 
 6713  0 
 6714  0 
 6715  1 
 6716  0 
 6717  1 
 6718  0 
 6719  0 
 6720  0 
 6721  0 
 6722  1 
 6723  0 
 6724  0 
 6725  0 
 6726  0 
 6727  0 
 6728  0 
 6729  0 
 6730  0 
 6731  0 
 6732  0 
 6733  0 
 6734  0 
 6735  0 
 6736  0 
 6737  0 
 6738  0 
 6739  1 
 6740  0 
 6741  0 
 6742  0 
 6743  0 
 6744  1 
 6745  0 
 6746  1 
 6747  0 
 6748  0 
 6749  0 
 6750  0 
 6751  1 
 6752  0 
 6753  0 
 6754  0 
 6755  1 
 6756  0 
 6757  0 
 6758  0 
 6759  0 
 6760  1 
 6761  0 
 6762  0 
 6763  0 
 6764  0 
 6765  0 
 6766  0 
 6767  0 
 6768  0 
 6769  0 
 6770  0 
 6771  1 
 6772  0 
 6773  0 
 6774  0 
 6775  0 
 6776  0 
 6777  1 
 6778  0 
 6779  0 
 6780  0 
 6781  0 
 6782  0 
 6783  0 
 6784  0 
 6785  0 
 6786  0 
 6787  0 
 6788  0 
 6789  0 
 6790  0 
 6791  1 
 6792  0 
 6793  0 
 6794  0 
 6795  0 
 6796  0 
 6797  1 
 6798  0 
 6799  0 
 6800  0 
 6801  0 
 6802  0 
 6803  0 
 6804  0 
 6805  0 
 6806  0 
 6807  1 
 6808  0 
 6809  0 
 6810  0 
 6811  0 
 6812  1 
 6813  0 
 6814  0 
 6815  0 
 6816  0 
 6817  0 
 6818  0 
 6819  0 
 6820  0 
 6821  0 
 6822  0 
 6823  0 
 6824  0 
 6825  0 
 6826  0 
 6827  0 
 6828  0 
 6829  0 
 6830  1 
 6831  0 
 6832  1 
 6833  0 
 6834  0 
 6835  0 
 6836  0 
 6837  0 
 6838  0 
 6839  1 
 6840  0 
 6841  0 
 6842  0 
 6843  0 
 6844  0 
 6845  0 
 6846  0 
 6847  0 
 6848  0 
 6849  0 
 6850  0 
 6851  0 
 6852  0 
 6853  0 
 6854  0 
 6855  1 
 6856  0 
 6857  0 
 6858  1 
 6859  0 
 6860  0 
 6861  0 
 6862  0 
 6863  0 
 6864  0 
 6865  0 
 6866  0 
 6867  0 
 6868  0 
 6869  0 
 6870  1 
 6871  0 
 6872  0 
 6873  1 
 6874  0 
 6875  0 
 6876  1 
 6877  0 
 6878  0 
 6879  0 
 6880  0 
 6881  0 
 6882  0 
 6883  0 
 6884  0 
 6885  0 
 6886  0 
 6887  1 
 6888  0 
 6889  1 
 6890  0 
 6891  0 
 6892  0 
 6893  1 
 6894  0 
 6895  0 
 6896  0 
 6897  0 
 6898  0 
 6899  0 
 6900  0 
 6901  0 
 6902  1 
 6903  0 
 6904  0 
 6905  0 
 6906  0 
 6907  0 
 6908  0 
 6909  0 
 6910  0 
 6911  0 
 6912  0 
 6913  0 
 6914  0 
 6915  0 
 6916  0 
 6917  0 
 6918  0 
 6919  0 
 6920  0 
 6921  0 
 6922  0 
 6923  0 
 6924  0 
 6925  0 
 6926  1 
 6927  0 
 6928  1 
 6929  0 
 6930  0 
 6931  0 
 6932  0 
 6933  0 
 6934  0 
 6935  0 
 6936  0 
 6937  0 
 6938  1 
 6939  0 
 6940  0 
 6941  0 
 6942  0 
 6943  0 
 6944  0 
 6945  0 
 6946  0 
 6947  0 
 6948  0 
 6949  0 
 6950  1 
 6951  0 
 6952  0 
 6953  0 
 6954  0 
 6955  0 
 6956  0 
 6957  0 
 6958  0 
 6959  1 
 6960  0 
 6961  0 
 6962  0 
 6963  0 
 6964  0 
 6965  0 
 6966  0 
 6967  0 
 6968  0 
 6969  0 
 6970  0 
 6971  1 
 6972  0 
 6973  0 
 6974  1 
 6975  0 
 6976  0 
 6977  0 
 6978  0 
 6979  0 
 6980  0 
 6981  0 
 6982  0 
 6983  0 
 6984  0 
 6985  0 
 6986  0 
 6987  1 
 6988  0 
 6989  0 
 6990  0 
 6991  0 
 6992  0 
 6993  0 
 6994  1 
 6995  0 
 6996  1 
 6997  0 
 6998  0 
 6999  0 
 7000  0 
 7001  0 
 7002  0 
 7003  0 
 7004  1 
 7005  0 
 7006  0 
 7007  1 
 7008  0 
 7009  1 
 7010  0 
 7011  0 
 7012  0 
 7013  0 
 7014  1 
 7015  0 
 7016  0 
 7017  1 
 7018  0 
 7019  0 
 7020  0 
 7021  1 
 7022  0 
 7023  1 
 7024  0 
 7025  0 
 7026  0 
 7027  0 
 7028  0 
 7029  0 
 7030  1 
 7031  0 
 7032  0 
 7033  1 
 7034  0 
 7035  0 
 7036  0 
 7037  0 
 7038  0 
 7039  0 
 7040  0 
 7041  0 
 7042  0 
 7043  0 
 7044  0 
 7045  1 
 7046  1 
 7047  0 
 7048  0 
 7049  0 
 7050  0 
 7051  0 
 7052  0 
 7053  1 
 7054  0 
 7055  0 
 7056  0 
 7057  0 
 7058  0 
 7059  1 
 7060  0 
 7061  0 
 7062  0 
 7063  1 
 7064  1 
 7065  0 
 7066  0 
 7067  0 
 7068  0 
 7069  0 
 7070  0 
 7071  1 
 7072  0 
 7073  0 
 7074  0 
 7075  0 
 7076  0 
 7077  0 
 7078  0 
 7079  0 
 7080  0 
 7081  0 
 7082  0 
 7083  0 
 7084  1 
 7085  0 
 7086  0 
 7087  0 
 7088  0 
 7089  0 
 7090  0 
 7091  0 
 7092  0 
 7093  1 
 7094  1 
 7095  0 
 7096  0 
 7097  0 
 7098  0 
 7099  0 
 7100  0 
 7101  0 
 7102  0 
 7103  1 
 7104  1 
 7105  0 
 7106  0 
 7107  1 
 7108  0 
 7109  0 
 7110  0 
 7111  0 
 7112  0 
 7113  0 
 7114  1 
 7115  0 
 7116  0 
 7117  1 
 7118  0 
 7119  0 
 7120  0 
 7121  0 
 7122  0 
 7123  0 
 7124  0 
 7125  1 
 7126  0 
 7127  0 
 7128  1 
 7129  0 
 7130  0 
 7131  0 
 7132  0 
 7133  0 
 7134  0 
 7135  0 
 7136  1 
 7137  0 
 7138  0 
 7139  0 
 7140  0 
 7141  0 
 7142  0 
 7143  0 
 7144  0 
 7145  0 
 7146  1 
 7147  0 
 7148  0 
 7149  0 
 7150  0 
 7151  0 
 7152  1 
 7153  0 
 7154  0 
 7155  0 
 7156  0 
 7157  0 
 7158  0 
 7159  0 
 7160  1 
 7161  0 
 7162  0 
 7163  0 
 7164  0 
 7165  0 
 7166  0 
 7167  0 
 7168  0 
 7169  0 
 7170  0 
 7171  0 
 7172  0 
 7173  0 
 7174  0 
 7175  0 
 7176  0 
 7177  0 
 7178  0 
 7179  0 
 7180  1 
 7181  1 
 7182  0 
 7183  0 
 7184  0 
 7185  0 
 7186  0 
 7187  0 
 7188  1 
 7189  0 
 7190  0 
 7191  0 
 7192  0 
 7193  1 
 7194  0 
 7195  1 
 7196  0 
 7197  0 
 7198  0 
 7199  0 
 7200  0 
 7201  0 
 7202  0 
 7203  1 
 7204  1 
 7205  1 
 7206  0 
 7207  0 
 7208  0 
 7209  0 
 7210  1 
 7211  0 
 7212  0 
 7213  0 
 7214  0 
 7215  0 
 7216  1 
 7217  0 
 7218  1 
 7219  0 
 7220  0 
 7221  0 
 7222  0 
 7223  0 
 7224  1 
 7225  0 
 7226  0 
 7227  0 
 7228  0 
 7229  0 
 7230  0 
 7231  0 
 7232  0 
 7233  0 
 7234  0 
 7235  0 
 7236  1 
 7237  0 
 7238  0 
 7239  0 
 7240  0 
 7241  0 
 7242  0 
 7243  0 
 7244  0 
 7245  0 
 7246  0 
 7247  0 
 7248  0 
 7249  0 
 7250  0 
 7251  0 
 7252  0 
 7253  0 
 7254  1 
 7255  0 
 7256  0 
 7257  0 
 7258  0 
 7259  0 
 7260  0 
 7261  0 
 7262  0 
 7263  1 
 7264  0 
 7265  2 
 7266  2 
 7267  0 
 7268  0 
 7269  0 
 7270  0 
 7271  0 
 7272  0 
 7273  0 
 7274  0 
 7275  0 
 7276  0 
 7277  0 
 7278  0 
 7279  0 
 7280  0 
 7281  0 
 7282  0 
 7283  2 
 7284  0 
 7285  0 
 7286  0 
 7287  1 
 7288  0 
 7289  0 
 7290  0 
 7291  0 
 7292  0 
 7293  1 
 7294  0 
 7295  0 
 7296  0 
 7297  0 
 7298  0 
 7299  0 
 7300  0 
 7301  1 
 7302  1 
 7303  0 
 7304  0 
 7305  0 
 7306  0 
 7307  0 
 7308  0 
 7309  0 
 7310  0 
 7311  0 
 7312  0 
 7313  1 
 7314  0 
 7315  1 
 7316  0 
 7317  1 
 7318  1 
 7319  1 
 7320  1 
 7321  0 
 7322  0 
 7323  0 
 7324  0 
 7325  0 
 7326  0 
 7327  0 
 7328  0 
 7329  0 
 7330  0 
 7331  0 
 7332  0 
 7333  1 
 7334  0 
 7335  0 
 7336  0 
 7337  0 
 7338  0 
 7339  0 
 7340  2 
 7341  0 
 7342  0 
 7343  0 
 7344  0 
 7345  2 
 7346  0 
 7347  0 
 7348  0 
 7349  0 
 7350  0 
 7351  0 
 7352  0 
 7353  0 
 7354  0 
 7355  0 
 7356  0 
 7357  0 
 7358  0 
 7359  0 
 7360  1 
 7361  0 
 7362  0 
 7363  0 
 7364  2 
 7365  0 
 7366  0 
 7367  0 
 7368  0 
 7369  1 
 7370  0 
 7371  0 
 7372  0 
 7373  0 
 7374  0 
 7375  0 
 7376  0 
 7377  0 
 7378  0 
 7379  0 
 7380  0 
 7381  0 
 7382  0 
 7383  0 
 7384  0 
 7385  0 
 7386  1 
 7387  0 
 7388  0 
 7389  0 
 7390  0 
 7391  0 
 7392  0 
 7393  1 
 7394  0 
 7395  0 
 7396  0 
 7397  0 
 7398  0 
 7399  1 
 7400  0 
 7401  1 
 7402  0 
 7403  0 
 7404  0 
 7405  0 
 7406  0 
 7407  0 
 7408  0 
 7409  1 
 7410  0 
 7411  0 
 7412  0 
 7413  0 
 7414  0 
 7415  0 
 7416  0 
 7417  0 
 7418  0 
 7419  0 
 7420  0 
 7421  0 
 7422  0 
 7423  0 
 7424  1 
 7425  1 
 7426  1 
 7427  2 
 7428  0 
 7429  0 
 7430  0 
 7431  0 
 7432  0 
 7433  0 
 7434  0 
 7435  1 
 7436  0 
 7437  0 
 7438  0 
 7439  0 
 7440  0 
 7441  0 
 7442  0 
 7443  0 
 7444  0 
 7445  0 
 7446  0 
 7447  0 
 7448  0 
 7449  0 
 7450  0 
 7451  0 
 7452  0 
 7453  0 
 7454  0 
 7455  2 
 7456  1 
 7457  1 
 7458  0 
 7459  0 
 7460  0 
 7461  1 
 7462  0 
 7463  0 
 7464  0 
 7465  0 
 7466  0 
 7467  0 
 7468  0 
 7469  0 
 7470  0 
 7471  0 
 7472  0 
 7473  0 
 7474  1 
 7475  1 
 7476  0 
 7477  1 
 7478  0 
 7479  0 
 7480  1 
 7481  0 
 7482  1 
 7483  2 
 7484  1 
 7485  0 
 7486  2 
 7487  0 
 7488  0 
 7489  2 
 7490  0 
 7491  0 
 7492  0 
 7493  0 
 7494  0 
 7495  1 
 7496  0 
 7497  0 
 7498  0 
 7499  0 
 7500  3 
 7501  0 
 7502  0 
 7503  0 
 7504  1 
 7505  0 
 7506  1 
 7507  0 
 7508  0 
 7509  1 
 7510  1 
 7511  0 
 7512  0 
 7513  0 
 7514  0 
 7515  1 
 7516  1 
 7517  0 
 7518  0 
 7519  0 
 7520  0 
 7521  0 
 7522  0 
 7523  0 
 7524  2 
 7525  0 
 7526  1 
 7527  1 
 7528  1 
 7529  0 
 7530  1 
 7531  0 
 7532  0 
 7533  0 
 7534  0 
 7535  1 
 7536  0 
 7537  0 
 7538  0 
 7539  1 
 7540  0 
 7541  0 
 7542  0 
 7543  0 
 7544  0 
 7545  0 
 7546  0 
 7547  2 
 7548  0 
 7549  0 
 7550  1 
 7551  0 
 7552  0 
 7553  0 
 7554  0 
 7555  0 
 7556  0 
 7557  1 
 7558  1 
 7559  0 
 7560  0 
 7561  0 
 7562  0 
 7563  0 
 7564  0 
 7565  0 
 7566  1 
 7567  0 
 7568  0 
 7569  0 
 7570  0 
 7571  0 
 7572  1 
 7573  1 
 7574  0 
 7575  0 
 7576  0 
 7577  1 
 7578  0 
 7579  0 
 7580  0 
 7581  1 
 7582  0 
 7583  0 
 7584  0 
 7585  0 
 7586  0 
 7587  0 
 7588  0 
 7589  0 
 7590  1 
 7591  1 
 7592  0 
 7593  0 
 7594  0 
 7595  0 
 7596  0 
 7597  0 
 7598  0 
 7599  0 
 7600  0 
 7601  0 
 7602  0 
 7603  0 
 7604  0 
 7605  0 
 7606  0 
 7607  0 
 7608  0 
 7609  0 
 7610  1 
 7611  0 
 7612  0 
 7613  0 
 7614  0 
 7615  0 
 7616  0 
 7617  0 
 7618  1 
 7619  0 
 7620  0 
 7621  0 
 7622  0 
 7623  0 
 7624  0 
 7625  1 
 7626  0 
 7627  0 
 7628  0 
 7629  3 
 7630  0 
 7631  0 
 7632  1 
 7633  0 
 7634  1 
 7635  0 
 7636  0 
 7637  0 
 7638  0 
 7639  0 
 7640  0 
 7641  0 
 7642  1 
 7643  0 
 7644  1 
 7645  0 
 7646  2 
 7647  0 
 7648  0 
 7649  0 
 7650  1 
 7651  1 
 7652  1 
 7653  0 
 7654  0 
 7655  0 
 7656  1 
 7657  0 
 7658  0 
 7659  0 
 7660  1 
 7661  0 
 7662  0 
 7663  0 
 7664  0 
 7665  0 
 7666  0 
 7667  1 
 7668  0 
 7669  0 
 7670  0 
 7671  1 
 7672  1 
 7673  0 
 7674  0 
 7675  0 
 7676  0 
 7677  0 
 7678  0 
 7679  0 
 7680  2 
 7681  1 
 7682  0 
 7683  0 
 7684  1 
 7685  0 
 7686  1 
 7687  0 
 7688  0 
 7689  1 
 7690  0 
 7691  0 
 7692  0 
 7693  0 
 7694  0 
 7695  0 
 7696  0 
 7697  0 
 7698  0 
 7699  0 
 7700  1 
 7701  2 
 7702  0 
 7703  0 
 7704  0 
 7705  1 
 7706  1 
 7707  0 
 7708  0 
 7709  0 
 7710  0 
 7711  3 
 7712  1 
 7713  0 
 7714  1 
 7715  1 
 7716  0 
 7717  0 
 7718  0 
 7719  1 
 7720  0 
 7721  0 
 7722  0 
 7723  0 
 7724  0 
 7725  1 
 7726  0 
 7727  1 
 7728  1 
 7729  2 
 7730  0 
 7731  3 
 7732  0 
 7733  2 
 7734  0 
 7735  0 
 7736  0 
 7737  1 
 7738  0 
 7739  0 
 7740  0 
 7741  0 
 7742  0 
 7743  3 
 7744  0 
 7745  0 
 7746  1 
 7747  0 
 7748  0 
 7749  0 
 7750  1 
 7751  0 
 7752  2 
 7753  1 
 7754  1 
 7755  0 
 7756  0 
 7757  0 
 7758  0 
 7759  0 
 7760  0 
 7761  1 
 7762  0 
 7763  0 
 7764  0 
 7765  1 
 7766  0 
 7767  1 
 7768  0 
 7769  0 
 7770  0 
 7771  0 
 7772  0 
 7773  1 
 7774  0 
 7775  0 
 7776  1 
 7777  0 
 7778  0 
 7779  0 
 7780  0 
 7781  0 
 7782  0 
 7783  1 
 7784  0 
 7785  1 
 7786  2 
 7787  0 
 7788  1 
 7789  0 
 7790  0 
 7791  0 
 7792  0 
 7793  0 
 7794  0 
 7795  0 
 7796  0 
 7797  0 
 7798  0 
 7799  0 
 7800  0 
 7801  0 
 7802  0 
 7803  0 
 7804  0 
 7805  0 
 7806  0 
 7807  0 
 7808  0 
 7809  0 
 7810  0 
 7811  0 
 7812  0 
 7813  0 
 7814  0 
 7815  1 
 7816  0 
 7817  0 
 7818  0 
 7819  0 
 7820  0 
 7821  0 
 7822  0 
 7823  0 
 7824  0 
 7825  0 
 7826  0 
 7827  0 
 7828  0 
 7829  0 
 7830  0 
 7831  0 
 7832  0 
 7833  0 
 7834  0 
 7835  0 
 7836  0 
 7837  0 
 7838  0 
 7839  0 
 7840  0 
 7841  0 
 7842  0 
 7843  0 
 7844  0 
 7845  0 
 7846  0 
 7847  0 
 7848  0 
 7849  0 
 7850  0 
 7851  0 
 7852  0 
 7853  0 
 7854  0 
 7855  0 
 7856  0 
 7857  0 
 7858  0 
 7859  0 
 7860  0 
 7861  0 
 7862  0 
 7863  0 
 7864  0 
 7865  0 
 7866  0 
 7867  0 
 7868  0 
 7869  0 
 7870  0 
 7871  0 
 7872  0 
 7873  0 
 7874  0 
 7875  0 
 7876  0 
 7877  0 
 7878  0 
 7879  0 
 7880  0 
 7881  0 
 7882  0 
 7883  0 
 7884  0 
 7885  0 
 7886  0 
 7887  0 
 7888  0 
 7889  0 
 7890  0 
 7891  0 
 7892  0 
 7893  0 
 7894  0 
 7895  0 
 7896  0 
 7897  0 
 7898  0 
 7899  0 
 7900  0 
 7901  0 
 7902  0 
 7903  0 
 7904  0 
 7905  0 
 7906  0 
 7907  0 
 7908  0 
 7909  0 
 7910  0 
 7911  0 
 7912  0 
 7913  0 
 7914  0 
 7915  0 
 7916  0 
 7917  0 
 7918  0 
 7919  0 
 7920  0 
 7921  0 
 7922  0 
 7923  0 
 7924  0 
 7925  0 
 7926  0 
 7927  0 
 7928  0 
 7929  0 
 7930  1 
 7931  0 
 7932  0 
 7933  0 
 7934  0 
 7935  0 
 7936  0 
 7937  0 
 7938  0 
 7939  0 
 7940  0 
 7941  0 
 7942  0 
 7943  0 
 7944  0 
 7945  0 
 7946  0 
 7947  0 
 7948  0 
 7949  0 
 7950  0 
 7951  0 
 7952  0 
 7953  0 
 7954  0 
 7955  0 
 7956  0 
 7957  0 
 7958  0 
 7959  0 
 7960  0 
 7961  0 
 7962  0 
 7963  0 
 7964  0 
 7965  0 
 7966  0 
 7967  0 
 7968  0 
 7969  0 
 7970  0 
 7971  0 
 7972  0 
 7973  0 
 7974  0 
 7975  0 
 7976  0 
 7977  0 
 7978  0 
 7979  0 
 7980  0 
 7981  0 
 7982  0 
 7983  0 
 7984  0 
 7985  0 
 7986  0 
 7987  0 
 7988  0 
 7989  0 
 7990  0 
 7991  0 
 7992  0 
 7993  0 
 7994  0 
 7995  0 
 7996  0 
 7997  0 
 7998  0 
 7999  0 
 8000  0 
 8001  0 
 8002  0 
 8003  0 
 8004  0 
 8005  0 
 8006  0 
 8007  0 
 8008  0 
 8009  0 
 8010  0 
 8011  0 
 8012  0 
 8013  0 
 8014  0 
 8015  0 
 8016  0 
 8017  0 
 8018  0 
 8019  0 
 8020  0 
 8021  0 
 8022  0 
 8023  0 
 8024  0 
 8025  0 
 8026  0 
 8027  0 
 8028  0 
 8029  0 
 8030  0 
 8031  0 
 8032  0 
 8033  0 
 8034  0 
 8035  0 
 8036  0 
 8037  0 
 8038  0 
 8039  0 
 8040  0 
 8041  0 
 8042  0 
 8043  0 
 8044  0 
 8045  0 
 8046  0 
 8047  0 
 8048  0 
 8049  0 
 8050  0 
 8051  0 
 8052  0 
 8053  0 
 8054  0 
 8055  0 
 8056  0 
 8057  0 
 8058  0 
 8059  0 
 8060  0 
 8061  0 
 8062  0 
 8063  0 
 8064  0 
 8065  0 
 8066  0 
 8067  0 
 8068  0 
 8069  0 
 8070  0 
 8071  0 
 8072  0 
 8073  0 
 8074  0 
 8075  0 
 8076  0 
 8077  0 
 8078  0 
 8079  0 
 8080  0 
 8081  0 
 8082  0 
 8083  0 
 8084  0 
 8085  0 
 8086  0 
 8087  0 
 8088  0 
 8089  0 
 8090  0 
 8091  0 
 8092  0 
 8093  0 
 8094  0 
 8095  0 
 8096  0 
 8097  0 
 8098  0 
 8099  0 
 8100  0 
 8101  0 
 8102  0 
 8103  0 
 8104  0 
 8105  0 
 8106  0 
 8107  0 
 8108  0 
 8109  0 
 8110  0 
 8111  0 
 8112  0 
 8113  0 
 8114  0 
 8115  0 
 8116  0 
 8117  0 
 8118  0 
 8119  0 
 8120  0 
 8121  0 
 8122  0 
 8123  0 
 8124  0 
 8125  0 
 8126  0 
 8127  0 
 8128  0 
 8129  0 
 8130  0 
 8131  0 
 8132  0 
 8133  0 
 8134  0 
 8135  0 
 8136  0 
 8137  0 
 8138  0 
 8139  0 
 8140  0 
 8141  0 
 8142  0 
 8143  0 
 8144  0 
 8145  0 
 8146  0 
 8147  0 
 8148  0 
 8149  0 
 8150  0 
 8151  0 
 8152  0 
 8153  0 
 8154  0 
 8155  0 
 8156  0 
 8157  0 
 8158  0 
 8159  0 
 8160  0 
 8161  0 
 8162  0 
 8163  0 
 8164  0 
 8165  0 
 8166  0 
 8167  0 
 8168  0 
 8169  0 
 8170  0 
 8171  0 
 8172  0 
 8173  0 
 8174  0 
 8175  0 
 8176  0 
 8177  0 
 8178  0 
 8179  0 
 8180  0 
 8181  0 
 8182  0 
 8183  0 
 8184  0 
 8185  0 
 8186  0 
 8187  0 
 8188  0 
 8189  0 
 8190  0 
 8191  0 
