 0  1330 
 1  1336 
 2  0 
 3  0 
 4  0 
 5  0 
 6  0 
 7  0 
 8  0 
 9  0 
 10  0 
 11  0 
 12  0 
 13  0 
 14  0 
 15  0 
 16  0 
 17  0 
 18  0 
 19  0 
 20  0 
 21  0 
 22  0 
 23  0 
 24  0 
 25  0 
 26  0 
 27  0 
 28  0 
 29  0 
 30  0 
 31  0 
 32  0 
 33  0 
 34  0 
 35  0 
 36  0 
 37  0 
 38  0 
 39  0 
 40  0 
 41  0 
 42  0 
 43  0 
 44  0 
 45  0 
 46  0 
 47  0 
 48  0 
 49  0 
 50  0 
 51  0 
 52  0 
 53  0 
 54  0 
 55  0 
 56  0 
 57  0 
 58  0 
 59  0 
 60  0 
 61  0 
 62  0 
 63  0 
 64  0 
 65  0 
 66  0 
 67  0 
 68  0 
 69  0 
 70  0 
 71  0 
 72  0 
 73  0 
 74  0 
 75  0 
 76  0 
 77  0 
 78  0 
 79  0 
 80  0 
 81  0 
 82  0 
 83  0 
 84  0 
 85  0 
 86  0 
 87  0 
 88  0 
 89  0 
 90  0 
 91  0 
 92  0 
 93  0 
 94  0 
 95  0 
 96  0 
 97  0 
 98  0 
 99  0 
 100  0 
 101  0 
 102  0 
 103  0 
 104  0 
 105  0 
 106  0 
 107  0 
 108  0 
 109  0 
 110  0 
 111  0 
 112  0 
 113  0 
 114  0 
 115  0 
 116  0 
 117  0 
 118  0 
 119  0 
 120  0 
 121  0 
 122  0 
 123  0 
 124  0 
 125  0 
 126  0 
 127  0 
 128  0 
 129  0 
 130  0 
 131  0 
 132  0 
 133  0 
 134  0 
 135  0 
 136  0 
 137  0 
 138  0 
 139  0 
 140  0 
 141  0 
 142  0 
 143  0 
 144  0 
 145  0 
 146  0 
 147  0 
 148  0 
 149  0 
 150  0 
 151  0 
 152  0 
 153  0 
 154  0 
 155  0 
 156  0 
 157  0 
 158  0 
 159  0 
 160  0 
 161  0 
 162  0 
 163  0 
 164  0 
 165  0 
 166  0 
 167  0 
 168  0 
 169  0 
 170  0 
 171  0 
 172  0 
 173  0 
 174  0 
 175  0 
 176  0 
 177  0 
 178  0 
 179  0 
 180  0 
 181  0 
 182  0 
 183  0 
 184  0 
 185  0 
 186  0 
 187  0 
 188  0 
 189  0 
 190  0 
 191  0 
 192  0 
 193  0 
 194  0 
 195  0 
 196  0 
 197  0 
 198  0 
 199  0 
 200  0 
 201  0 
 202  0 
 203  0 
 204  0 
 205  0 
 206  0 
 207  0 
 208  0 
 209  0 
 210  0 
 211  0 
 212  0 
 213  0 
 214  0 
 215  0 
 216  0 
 217  0 
 218  0 
 219  0 
 220  0 
 221  0 
 222  0 
 223  0 
 224  0 
 225  0 
 226  0 
 227  0 
 228  0 
 229  0 
 230  0 
 231  0 
 232  0 
 233  0 
 234  0 
 235  0 
 236  0 
 237  0 
 238  0 
 239  0 
 240  0 
 241  0 
 242  0 
 243  0 
 244  0 
 245  0 
 246  0 
 247  0 
 248  0 
 249  0 
 250  0 
 251  0 
 252  0 
 253  0 
 254  0 
 255  0 
 256  0 
 257  0 
 258  0 
 259  0 
 260  0 
 261  0 
 262  0 
 263  0 
 264  0 
 265  0 
 266  0 
 267  0 
 268  0 
 269  0 
 270  0 
 271  0 
 272  0 
 273  0 
 274  0 
 275  0 
 276  0 
 277  0 
 278  0 
 279  0 
 280  0 
 281  0 
 282  0 
 283  0 
 284  0 
 285  0 
 286  0 
 287  0 
 288  0 
 289  0 
 290  0 
 291  0 
 292  0 
 293  0 
 294  0 
 295  0 
 296  0 
 297  0 
 298  0 
 299  0 
 300  0 
 301  0 
 302  0 
 303  0 
 304  0 
 305  0 
 306  0 
 307  0 
 308  0 
 309  0 
 310  0 
 311  0 
 312  0 
 313  0 
 314  0 
 315  0 
 316  0 
 317  0 
 318  0 
 319  0 
 320  0 
 321  0 
 322  0 
 323  0 
 324  0 
 325  0 
 326  0 
 327  0 
 328  0 
 329  0 
 330  0 
 331  0 
 332  0 
 333  0 
 334  0 
 335  0 
 336  0 
 337  0 
 338  0 
 339  0 
 340  0 
 341  0 
 342  0 
 343  0 
 344  0 
 345  0 
 346  0 
 347  0 
 348  0 
 349  0 
 350  0 
 351  0 
 352  0 
 353  0 
 354  0 
 355  0 
 356  0 
 357  0 
 358  0 
 359  0 
 360  0 
 361  0 
 362  0 
 363  0 
 364  0 
 365  0 
 366  0 
 367  0 
 368  0 
 369  0 
 370  0 
 371  0 
 372  0 
 373  0 
 374  0 
 375  0 
 376  0 
 377  0 
 378  0 
 379  0 
 380  0 
 381  0 
 382  0 
 383  0 
 384  0 
 385  0 
 386  0 
 387  0 
 388  0 
 389  0 
 390  0 
 391  0 
 392  0 
 393  0 
 394  0 
 395  0 
 396  0 
 397  0 
 398  0 
 399  0 
 400  0 
 401  0 
 402  0 
 403  0 
 404  0 
 405  0 
 406  0 
 407  0 
 408  0 
 409  0 
 410  0 
 411  0 
 412  0 
 413  0 
 414  0 
 415  0 
 416  0 
 417  0 
 418  0 
 419  0 
 420  0 
 421  0 
 422  0 
 423  0 
 424  0 
 425  0 
 426  0 
 427  0 
 428  0 
 429  0 
 430  0 
 431  0 
 432  0 
 433  0 
 434  0 
 435  0 
 436  0 
 437  0 
 438  0 
 439  0 
 440  0 
 441  0 
 442  0 
 443  0 
 444  0 
 445  0 
 446  0 
 447  0 
 448  0 
 449  0 
 450  0 
 451  0 
 452  0 
 453  0 
 454  0 
 455  0 
 456  0 
 457  0 
 458  0 
 459  0 
 460  0 
 461  0 
 462  0 
 463  0 
 464  0 
 465  0 
 466  0 
 467  0 
 468  0 
 469  0 
 470  0 
 471  0 
 472  0 
 473  0 
 474  0 
 475  0 
 476  0 
 477  0 
 478  0 
 479  0 
 480  0 
 481  0 
 482  0 
 483  0 
 484  0 
 485  0 
 486  0 
 487  10 
 488  13 
 489  16 
 490  16 
 491  5 
 492  13 
 493  11 
 494  11 
 495  14 
 496  14 
 497  10 
 498  12 
 499  24 
 500  13 
 501  17 
 502  11 
 503  9 
 504  21 
 505  16 
 506  8 
 507  12 
 508  11 
 509  12 
 510  14 
 511  17 
 512  12 
 513  11 
 514  8 
 515  14 
 516  10 
 517  12 
 518  15 
 519  13 
 520  11 
 521  11 
 522  13 
 523  15 
 524  8 
 525  12 
 526  18 
 527  16 
 528  10 
 529  12 
 530  12 
 531  12 
 532  10 
 533  11 
 534  14 
 535  17 
 536  15 
 537  13 
 538  13 
 539  8 
 540  12 
 541  10 
 542  11 
 543  8 
 544  10 
 545  12 
 546  9 
 547  14 
 548  9 
 549  17 
 550  14 
 551  9 
 552  13 
 553  19 
 554  7 
 555  14 
 556  10 
 557  11 
 558  11 
 559  19 
 560  8 
 561  12 
 562  15 
 563  8 
 564  11 
 565  17 
 566  12 
 567  6 
 568  13 
 569  21 
 570  9 
 571  13 
 572  16 
 573  10 
 574  12 
 575  13 
 576  6 
 577  15 
 578  9 
 579  9 
 580  14 
 581  10 
 582  12 
 583  14 
 584  15 
 585  8 
 586  14 
 587  10 
 588  14 
 589  12 
 590  12 
 591  7 
 592  14 
 593  15 
 594  10 
 595  8 
 596  14 
 597  7 
 598  15 
 599  17 
 600  9 
 601  10 
 602  10 
 603  16 
 604  9 
 605  12 
 606  18 
 607  14 
 608  12 
 609  16 
 610  12 
 611  8 
 612  9 
 613  12 
 614  19 
 615  14 
 616  9 
 617  7 
 618  9 
 619  8 
 620  4 
 621  10 
 622  13 
 623  15 
 624  12 
 625  10 
 626  11 
 627  10 
 628  19 
 629  15 
 630  6 
 631  10 
 632  9 
 633  13 
 634  10 
 635  8 
 636  9 
 637  3 
 638  11 
 639  11 
 640  6 
 641  17 
 642  11 
 643  18 
 644  16 
 645  4 
 646  9 
 647  13 
 648  9 
 649  15 
 650  11 
 651  14 
 652  12 
 653  4 
 654  13 
 655  10 
 656  9 
 657  6 
 658  16 
 659  11 
 660  9 
 661  14 
 662  12 
 663  16 
 664  14 
 665  13 
 666  11 
 667  6 
 668  15 
 669  10 
 670  19 
 671  4 
 672  12 
 673  12 
 674  10 
 675  9 
 676  12 
 677  9 
 678  10 
 679  12 
 680  11 
 681  9 
 682  16 
 683  14 
 684  7 
 685  9 
 686  15 
 687  15 
 688  7 
 689  14 
 690  15 
 691  11 
 692  9 
 693  13 
 694  13 
 695  12 
 696  11 
 697  6 
 698  13 
 699  14 
 700  15 
 701  16 
 702  15 
 703  13 
 704  13 
 705  17 
 706  13 
 707  13 
 708  11 
 709  12 
 710  8 
 711  15 
 712  10 
 713  16 
 714  18 
 715  6 
 716  6 
 717  10 
 718  13 
 719  5 
 720  5 
 721  12 
 722  14 
 723  10 
 724  8 
 725  8 
 726  6 
 727  12 
 728  14 
 729  12 
 730  5 
 731  9 
 732  3 
 733  12 
 734  8 
 735  13 
 736  10 
 737  13 
 738  9 
 739  8 
 740  9 
 741  14 
 742  14 
 743  9 
 744  11 
 745  7 
 746  9 
 747  12 
 748  12 
 749  12 
 750  6 
 751  6 
 752  13 
 753  10 
 754  11 
 755  9 
 756  14 
 757  18 
 758  7 
 759  10 
 760  8 
 761  12 
 762  8 
 763  4 
 764  10 
 765  13 
 766  11 
 767  6 
 768  8 
 769  9 
 770  9 
 771  10 
 772  12 
 773  6 
 774  8 
 775  8 
 776  13 
 777  13 
 778  13 
 779  11 
 780  13 
 781  11 
 782  13 
 783  11 
 784  9 
 785  13 
 786  10 
 787  13 
 788  13 
 789  10 
 790  6 
 791  8 
 792  12 
 793  13 
 794  12 
 795  8 
 796  7 
 797  12 
 798  9 
 799  8 
 800  11 
 801  12 
 802  10 
 803  17 
 804  8 
 805  14 
 806  11 
 807  10 
 808  8 
 809  7 
 810  12 
 811  10 
 812  9 
 813  13 
 814  6 
 815  6 
 816  7 
 817  11 
 818  16 
 819  12 
 820  10 
 821  9 
 822  15 
 823  11 
 824  14 
 825  8 
 826  6 
 827  4 
 828  10 
 829  12 
 830  9 
 831  6 
 832  12 
 833  7 
 834  14 
 835  11 
 836  14 
 837  11 
 838  7 
 839  12 
 840  6 
 841  13 
 842  9 
 843  3 
 844  5 
 845  9 
 846  8 
 847  12 
 848  12 
 849  6 
 850  11 
 851  4 
 852  13 
 853  7 
 854  13 
 855  10 
 856  9 
 857  18 
 858  11 
 859  5 
 860  10 
 861  9 
 862  6 
 863  6 
 864  10 
 865  14 
 866  14 
 867  10 
 868  8 
 869  19 
 870  12 
 871  7 
 872  9 
 873  16 
 874  14 
 875  16 
 876  14 
 877  5 
 878  10 
 879  9 
 880  16 
 881  5 
 882  8 
 883  9 
 884  13 
 885  15 
 886  8 
 887  13 
 888  8 
 889  11 
 890  14 
 891  9 
 892  7 
 893  4 
 894  12 
 895  7 
 896  7 
 897  10 
 898  14 
 899  3 
 900  16 
 901  6 
 902  9 
 903  11 
 904  14 
 905  11 
 906  9 
 907  7 
 908  10 
 909  8 
 910  10 
 911  9 
 912  11 
 913  8 
 914  10 
 915  12 
 916  10 
 917  9 
 918  11 
 919  7 
 920  7 
 921  7 
 922  9 
 923  14 
 924  6 
 925  12 
 926  10 
 927  4 
 928  13 
 929  10 
 930  8 
 931  10 
 932  12 
 933  6 
 934  8 
 935  11 
 936  12 
 937  9 
 938  8 
 939  6 
 940  11 
 941  12 
 942  12 
 943  10 
 944  9 
 945  7 
 946  10 
 947  7 
 948  8 
 949  7 
 950  7 
 951  9 
 952  11 
 953  9 
 954  8 
 955  8 
 956  11 
 957  12 
 958  8 
 959  13 
 960  4 
 961  9 
 962  9 
 963  13 
 964  8 
 965  12 
 966  8 
 967  12 
 968  6 
 969  10 
 970  6 
 971  18 
 972  5 
 973  9 
 974  7 
 975  9 
 976  15 
 977  8 
 978  6 
 979  8 
 980  10 
 981  8 
 982  13 
 983  7 
 984  6 
 985  9 
 986  9 
 987  9 
 988  10 
 989  16 
 990  11 
 991  11 
 992  9 
 993  11 
 994  14 
 995  9 
 996  5 
 997  10 
 998  8 
 999  14 
 1000  5 
 1001  10 
 1002  14 
 1003  9 
 1004  7 
 1005  6 
 1006  12 
 1007  7 
 1008  8 
 1009  10 
 1010  7 
 1011  9 
 1012  7 
 1013  10 
 1014  13 
 1015  13 
 1016  6 
 1017  10 
 1018  8 
 1019  12 
 1020  12 
 1021  13 
 1022  8 
 1023  10 
 1024  11 
 1025  9 
 1026  9 
 1027  11 
 1028  7 
 1029  9 
 1030  12 
 1031  8 
 1032  8 
 1033  6 
 1034  9 
 1035  10 
 1036  4 
 1037  17 
 1038  7 
 1039  5 
 1040  8 
 1041  11 
 1042  8 
 1043  13 
 1044  6 
 1045  12 
 1046  11 
 1047  9 
 1048  14 
 1049  9 
 1050  12 
 1051  8 
 1052  16 
 1053  8 
 1054  15 
 1055  9 
 1056  11 
 1057  11 
 1058  13 
 1059  13 
 1060  13 
 1061  12 
 1062  18 
 1063  16 
 1064  12 
 1065  12 
 1066  11 
 1067  11 
 1068  7 
 1069  9 
 1070  9 
 1071  8 
 1072  8 
 1073  7 
 1074  9 
 1075  10 
 1076  15 
 1077  8 
 1078  5 
 1079  11 
 1080  4 
 1081  10 
 1082  6 
 1083  10 
 1084  7 
 1085  9 
 1086  12 
 1087  9 
 1088  11 
 1089  6 
 1090  3 
 1091  4 
 1092  11 
 1093  9 
 1094  7 
 1095  8 
 1096  3 
 1097  9 
 1098  14 
 1099  6 
 1100  10 
 1101  9 
 1102  9 
 1103  11 
 1104  8 
 1105  13 
 1106  9 
 1107  6 
 1108  8 
 1109  4 
 1110  12 
 1111  11 
 1112  6 
 1113  8 
 1114  11 
 1115  6 
 1116  8 
 1117  3 
 1118  11 
 1119  7 
 1120  8 
 1121  14 
 1122  12 
 1123  4 
 1124  8 
 1125  11 
 1126  8 
 1127  5 
 1128  5 
 1129  7 
 1130  13 
 1131  12 
 1132  6 
 1133  11 
 1134  11 
 1135  13 
 1136  10 
 1137  13 
 1138  11 
 1139  11 
 1140  8 
 1141  6 
 1142  10 
 1143  11 
 1144  6 
 1145  8 
 1146  15 
 1147  10 
 1148  12 
 1149  8 
 1150  8 
 1151  6 
 1152  9 
 1153  9 
 1154  5 
 1155  8 
 1156  9 
 1157  8 
 1158  6 
 1159  8 
 1160  13 
 1161  8 
 1162  6 
 1163  8 
 1164  15 
 1165  9 
 1166  5 
 1167  6 
 1168  7 
 1169  13 
 1170  17 
 1171  15 
 1172  7 
 1173  11 
 1174  9 
 1175  14 
 1176  9 
 1177  7 
 1178  7 
 1179  15 
 1180  10 
 1181  8 
 1182  7 
 1183  5 
 1184  8 
 1185  12 
 1186  8 
 1187  11 
 1188  7 
 1189  5 
 1190  8 
 1191  13 
 1192  13 
 1193  9 
 1194  16 
 1195  12 
 1196  10 
 1197  10 
 1198  9 
 1199  5 
 1200  8 
 1201  13 
 1202  12 
 1203  8 
 1204  12 
 1205  9 
 1206  11 
 1207  6 
 1208  8 
 1209  6 
 1210  11 
 1211  9 
 1212  12 
 1213  3 
 1214  5 
 1215  10 
 1216  10 
 1217  8 
 1218  11 
 1219  6 
 1220  9 
 1221  6 
 1222  10 
 1223  9 
 1224  17 
 1225  7 
 1226  8 
 1227  11 
 1228  6 
 1229  7 
 1230  21 
 1231  10 
 1232  9 
 1233  8 
 1234  12 
 1235  9 
 1236  4 
 1237  6 
 1238  9 
 1239  5 
 1240  8 
 1241  10 
 1242  6 
 1243  9 
 1244  9 
 1245  8 
 1246  8 
 1247  12 
 1248  9 
 1249  8 
 1250  7 
 1251  8 
 1252  9 
 1253  5 
 1254  6 
 1255  9 
 1256  10 
 1257  12 
 1258  8 
 1259  12 
 1260  7 
 1261  10 
 1262  11 
 1263  9 
 1264  17 
 1265  11 
 1266  15 
 1267  7 
 1268  12 
 1269  6 
 1270  11 
 1271  14 
 1272  9 
 1273  8 
 1274  12 
 1275  6 
 1276  8 
 1277  12 
 1278  10 
 1279  12 
 1280  9 
 1281  3 
 1282  9 
 1283  9 
 1284  11 
 1285  8 
 1286  9 
 1287  7 
 1288  11 
 1289  6 
 1290  7 
 1291  6 
 1292  12 
 1293  9 
 1294  8 
 1295  14 
 1296  10 
 1297  9 
 1298  3 
 1299  15 
 1300  9 
 1301  6 
 1302  9 
 1303  10 
 1304  14 
 1305  11 
 1306  7 
 1307  12 
 1308  10 
 1309  7 
 1310  12 
 1311  11 
 1312  7 
 1313  8 
 1314  15 
 1315  6 
 1316  6 
 1317  10 
 1318  11 
 1319  10 
 1320  10 
 1321  9 
 1322  13 
 1323  8 
 1324  11 
 1325  10 
 1326  12 
 1327  9 
 1328  12 
 1329  11 
 1330  8 
 1331  12 
 1332  8 
 1333  12 
 1334  9 
 1335  7 
 1336  3 
 1337  10 
 1338  13 
 1339  4 
 1340  9 
 1341  6 
 1342  8 
 1343  5 
 1344  6 
 1345  12 
 1346  8 
 1347  9 
 1348  9 
 1349  8 
 1350  7 
 1351  8 
 1352  9 
 1353  8 
 1354  5 
 1355  7 
 1356  5 
 1357  6 
 1358  7 
 1359  7 
 1360  11 
 1361  3 
 1362  9 
 1363  9 
 1364  5 
 1365  14 
 1366  10 
 1367  17 
 1368  7 
 1369  7 
 1370  5 
 1371  9 
 1372  9 
 1373  13 
 1374  9 
 1375  9 
 1376  8 
 1377  12 
 1378  6 
 1379  11 
 1380  4 
 1381  10 
 1382  10 
 1383  8 
 1384  9 
 1385  8 
 1386  8 
 1387  10 
 1388  8 
 1389  7 
 1390  9 
 1391  13 
 1392  7 
 1393  10 
 1394  6 
 1395  13 
 1396  13 
 1397  10 
 1398  5 
 1399  5 
 1400  7 
 1401  8 
 1402  9 
 1403  6 
 1404  8 
 1405  12 
 1406  8 
 1407  11 
 1408  10 
 1409  10 
 1410  9 
 1411  11 
 1412  8 
 1413  6 
 1414  5 
 1415  3 
 1416  11 
 1417  3 
 1418  5 
 1419  4 
 1420  8 
 1421  6 
 1422  7 
 1423  9 
 1424  11 
 1425  13 
 1426  9 
 1427  7 
 1428  3 
 1429  12 
 1430  7 
 1431  5 
 1432  10 
 1433  2 
 1434  4 
 1435  5 
 1436  11 
 1437  8 
 1438  8 
 1439  6 
 1440  5 
 1441  9 
 1442  5 
 1443  3 
 1444  7 
 1445  10 
 1446  9 
 1447  11 
 1448  6 
 1449  12 
 1450  11 
 1451  10 
 1452  15 
 1453  15 
 1454  9 
 1455  9 
 1456  8 
 1457  6 
 1458  5 
 1459  8 
 1460  3 
 1461  7 
 1462  8 
 1463  7 
 1464  10 
 1465  7 
 1466  6 
 1467  10 
 1468  9 
 1469  11 
 1470  10 
 1471  6 
 1472  6 
 1473  12 
 1474  7 
 1475  5 
 1476  8 
 1477  4 
 1478  11 
 1479  6 
 1480  8 
 1481  7 
 1482  11 
 1483  4 
 1484  5 
 1485  11 
 1486  4 
 1487  9 
 1488  9 
 1489  8 
 1490  11 
 1491  14 
 1492  2 
 1493  10 
 1494  3 
 1495  5 
 1496  9 
 1497  6 
 1498  12 
 1499  14 
 1500  12 
 1501  9 
 1502  6 
 1503  11 
 1504  11 
 1505  9 
 1506  9 
 1507  14 
 1508  11 
 1509  7 
 1510  12 
 1511  5 
 1512  4 
 1513  4 
 1514  13 
 1515  6 
 1516  9 
 1517  8 
 1518  9 
 1519  8 
 1520  5 
 1521  7 
 1522  7 
 1523  6 
 1524  9 
 1525  9 
 1526  7 
 1527  5 
 1528  5 
 1529  3 
 1530  8 
 1531  6 
 1532  3 
 1533  7 
 1534  8 
 1535  7 
 1536  5 
 1537  3 
 1538  4 
 1539  9 
 1540  9 
 1541  5 
 1542  11 
 1543  7 
 1544  9 
 1545  11 
 1546  4 
 1547  14 
 1548  3 
 1549  9 
 1550  9 
 1551  6 
 1552  14 
 1553  6 
 1554  8 
 1555  15 
 1556  12 
 1557  5 
 1558  16 
 1559  6 
 1560  6 
 1561  8 
 1562  10 
 1563  5 
 1564  9 
 1565  10 
 1566  7 
 1567  4 
 1568  8 
 1569  9 
 1570  3 
 1571  6 
 1572  10 
 1573  5 
 1574  4 
 1575  7 
 1576  7 
 1577  11 
 1578  7 
 1579  7 
 1580  10 
 1581  9 
 1582  11 
 1583  2 
 1584  13 
 1585  7 
 1586  9 
 1587  4 
 1588  9 
 1589  8 
 1590  8 
 1591  11 
 1592  11 
 1593  9 
 1594  7 
 1595  8 
 1596  8 
 1597  10 
 1598  13 
 1599  12 
 1600  7 
 1601  8 
 1602  7 
 1603  3 
 1604  10 
 1605  3 
 1606  4 
 1607  9 
 1608  5 
 1609  6 
 1610  11 
 1611  8 
 1612  6 
 1613  5 
 1614  8 
 1615  7 
 1616  9 
 1617  7 
 1618  6 
 1619  7 
 1620  11 
 1621  8 
 1622  6 
 1623  6 
 1624  6 
 1625  7 
 1626  9 
 1627  9 
 1628  16 
 1629  10 
 1630  9 
 1631  6 
 1632  9 
 1633  11 
 1634  5 
 1635  7 
 1636  5 
 1637  4 
 1638  11 
 1639  7 
 1640  6 
 1641  5 
 1642  12 
 1643  6 
 1644  7 
 1645  8 
 1646  10 
 1647  7 
 1648  11 
 1649  8 
 1650  10 
 1651  9 
 1652  8 
 1653  10 
 1654  7 
 1655  6 
 1656  4 
 1657  10 
 1658  5 
 1659  7 
 1660  5 
 1661  6 
 1662  13 
 1663  4 
 1664  7 
 1665  10 
 1666  7 
 1667  7 
 1668  7 
 1669  6 
 1670  8 
 1671  10 
 1672  5 
 1673  7 
 1674  9 
 1675  6 
 1676  9 
 1677  8 
 1678  4 
 1679  6 
 1680  5 
 1681  7 
 1682  9 
 1683  8 
 1684  5 
 1685  7 
 1686  11 
 1687  2 
 1688  4 
 1689  12 
 1690  4 
 1691  2 
 1692  9 
 1693  9 
 1694  10 
 1695  8 
 1696  9 
 1697  9 
 1698  5 
 1699  6 
 1700  1 
 1701  7 
 1702  5 
 1703  12 
 1704  5 
 1705  6 
 1706  7 
 1707  10 
 1708  6 
 1709  4 
 1710  9 
 1711  6 
 1712  8 
 1713  7 
 1714  7 
 1715  6 
 1716  8 
 1717  11 
 1718  11 
 1719  10 
 1720  7 
 1721  5 
 1722  4 
 1723  3 
 1724  10 
 1725  6 
 1726  5 
 1727  8 
 1728  11 
 1729  10 
 1730  10 
 1731  6 
 1732  9 
 1733  6 
 1734  5 
 1735  7 
 1736  8 
 1737  8 
 1738  7 
 1739  8 
 1740  9 
 1741  11 
 1742  10 
 1743  12 
 1744  11 
 1745  7 
 1746  5 
 1747  8 
 1748  6 
 1749  10 
 1750  7 
 1751  5 
 1752  11 
 1753  2 
 1754  4 
 1755  8 
 1756  6 
 1757  11 
 1758  5 
 1759  9 
 1760  9 
 1761  6 
 1762  9 
 1763  5 
 1764  8 
 1765  11 
 1766  9 
 1767  9 
 1768  4 
 1769  6 
 1770  8 
 1771  6 
 1772  10 
 1773  5 
 1774  9 
 1775  8 
 1776  9 
 1777  8 
 1778  9 
 1779  10 
 1780  3 
 1781  8 
 1782  7 
 1783  8 
 1784  6 
 1785  6 
 1786  7 
 1787  11 
 1788  11 
 1789  8 
 1790  9 
 1791  12 
 1792  7 
 1793  7 
 1794  9 
 1795  9 
 1796  10 
 1797  5 
 1798  9 
 1799  8 
 1800  7 
 1801  6 
 1802  11 
 1803  7 
 1804  5 
 1805  11 
 1806  12 
 1807  10 
 1808  9 
 1809  12 
 1810  7 
 1811  5 
 1812  9 
 1813  13 
 1814  5 
 1815  17 
 1816  10 
 1817  14 
 1818  10 
 1819  8 
 1820  7 
 1821  9 
 1822  15 
 1823  9 
 1824  5 
 1825  16 
 1826  15 
 1827  10 
 1828  9 
 1829  12 
 1830  11 
 1831  6 
 1832  14 
 1833  16 
 1834  13 
 1835  16 
 1836  12 
 1837  13 
 1838  10 
 1839  14 
 1840  9 
 1841  13 
 1842  14 
 1843  10 
 1844  22 
 1845  7 
 1846  14 
 1847  16 
 1848  6 
 1849  10 
 1850  11 
 1851  11 
 1852  9 
 1853  15 
 1854  12 
 1855  15 
 1856  8 
 1857  14 
 1858  13 
 1859  10 
 1860  7 
 1861  20 
 1862  10 
 1863  7 
 1864  10 
 1865  13 
 1866  10 
 1867  9 
 1868  8 
 1869  17 
 1870  9 
 1871  9 
 1872  12 
 1873  6 
 1874  11 
 1875  14 
 1876  6 
 1877  9 
 1878  19 
 1879  9 
 1880  7 
 1881  5 
 1882  7 
 1883  7 
 1884  10 
 1885  5 
 1886  11 
 1887  8 
 1888  5 
 1889  2 
 1890  4 
 1891  11 
 1892  5 
 1893  6 
 1894  3 
 1895  9 
 1896  8 
 1897  7 
 1898  7 
 1899  7 
 1900  4 
 1901  1 
 1902  12 
 1903  11 
 1904  5 
 1905  4 
 1906  11 
 1907  4 
 1908  8 
 1909  8 
 1910  5 
 1911  7 
 1912  5 
 1913  7 
 1914  7 
 1915  6 
 1916  3 
 1917  9 
 1918  5 
 1919  3 
 1920  6 
 1921  10 
 1922  7 
 1923  3 
 1924  6 
 1925  6 
 1926  7 
 1927  14 
 1928  6 
 1929  7 
 1930  9 
 1931  11 
 1932  7 
 1933  5 
 1934  3 
 1935  5 
 1936  8 
 1937  5 
 1938  9 
 1939  4 
 1940  6 
 1941  7 
 1942  6 
 1943  14 
 1944  6 
 1945  5 
 1946  7 
 1947  10 
 1948  4 
 1949  7 
 1950  6 
 1951  9 
 1952  10 
 1953  8 
 1954  5 
 1955  6 
 1956  4 
 1957  9 
 1958  6 
 1959  7 
 1960  6 
 1961  7 
 1962  6 
 1963  9 
 1964  3 
 1965  9 
 1966  6 
 1967  9 
 1968  10 
 1969  13 
 1970  9 
 1971  7 
 1972  2 
 1973  4 
 1974  9 
 1975  7 
 1976  3 
 1977  9 
 1978  4 
 1979  14 
 1980  15 
 1981  8 
 1982  8 
 1983  10 
 1984  11 
 1985  8 
 1986  6 
 1987  7 
 1988  4 
 1989  9 
 1990  6 
 1991  10 
 1992  10 
 1993  6 
 1994  6 
 1995  9 
 1996  7 
 1997  7 
 1998  8 
 1999  3 
 2000  3 
 2001  9 
 2002  7 
 2003  12 
 2004  6 
 2005  5 
 2006  6 
 2007  8 
 2008  9 
 2009  4 
 2010  8 
 2011  3 
 2012  3 
 2013  7 
 2014  11 
 2015  11 
 2016  7 
 2017  9 
 2018  8 
 2019  5 
 2020  13 
 2021  8 
 2022  12 
 2023  7 
 2024  7 
 2025  12 
 2026  9 
 2027  9 
 2028  9 
 2029  5 
 2030  6 
 2031  6 
 2032  8 
 2033  4 
 2034  13 
 2035  7 
 2036  4 
 2037  14 
 2038  5 
 2039  11 
 2040  13 
 2041  4 
 2042  8 
 2043  5 
 2044  5 
 2045  5 
 2046  10 
 2047  6 
 2048  5 
 2049  6 
 2050  9 
 2051  9 
 2052  10 
 2053  9 
 2054  7 
 2055  4 
 2056  9 
 2057  9 
 2058  6 
 2059  12 
 2060  6 
 2061  6 
 2062  11 
 2063  11 
 2064  5 
 2065  6 
 2066  2 
 2067  3 
 2068  9 
 2069  8 
 2070  9 
 2071  9 
 2072  6 
 2073  7 
 2074  6 
 2075  11 
 2076  8 
 2077  6 
 2078  12 
 2079  7 
 2080  4 
 2081  7 
 2082  7 
 2083  5 
 2084  9 
 2085  4 
 2086  6 
 2087  2 
 2088  3 
 2089  8 
 2090  10 
 2091  5 
 2092  8 
 2093  10 
 2094  7 
 2095  11 
 2096  11 
 2097  11 
 2098  7 
 2099  8 
 2100  3 
 2101  8 
 2102  5 
 2103  12 
 2104  8 
 2105  8 
 2106  7 
 2107  10 
 2108  4 
 2109  8 
 2110  11 
 2111  4 
 2112  7 
 2113  4 
 2114  4 
 2115  5 
 2116  9 
 2117  7 
 2118  9 
 2119  5 
 2120  8 
 2121  9 
 2122  8 
 2123  10 
 2124  3 
 2125  8 
 2126  6 
 2127  6 
 2128  9 
 2129  7 
 2130  10 
 2131  7 
 2132  9 
 2133  4 
 2134  6 
 2135  12 
 2136  4 
 2137  10 
 2138  11 
 2139  7 
 2140  8 
 2141  6 
 2142  3 
 2143  7 
 2144  13 
 2145  5 
 2146  4 
 2147  10 
 2148  4 
 2149  4 
 2150  6 
 2151  12 
 2152  11 
 2153  6 
 2154  6 
 2155  2 
 2156  3 
 2157  5 
 2158  6 
 2159  8 
 2160  5 
 2161  7 
 2162  5 
 2163  12 
 2164  7 
 2165  4 
 2166  10 
 2167  5 
 2168  8 
 2169  18 
 2170  5 
 2171  9 
 2172  10 
 2173  10 
 2174  5 
 2175  8 
 2176  11 
 2177  10 
 2178  7 
 2179  6 
 2180  7 
 2181  8 
 2182  8 
 2183  7 
 2184  6 
 2185  7 
 2186  8 
 2187  7 
 2188  6 
 2189  9 
 2190  7 
 2191  10 
 2192  7 
 2193  10 
 2194  10 
 2195  4 
 2196  6 
 2197  7 
 2198  9 
 2199  11 
 2200  4 
 2201  8 
 2202  7 
 2203  12 
 2204  6 
 2205  6 
 2206  9 
 2207  7 
 2208  8 
 2209  5 
 2210  7 
 2211  7 
 2212  3 
 2213  11 
 2214  7 
 2215  8 
 2216  6 
 2217  5 
 2218  9 
 2219  8 
 2220  6 
 2221  5 
 2222  7 
 2223  4 
 2224  5 
 2225  9 
 2226  9 
 2227  6 
 2228  14 
 2229  3 
 2230  15 
 2231  5 
 2232  5 
 2233  6 
 2234  6 
 2235  8 
 2236  6 
 2237  7 
 2238  6 
 2239  8 
 2240  5 
 2241  9 
 2242  6 
 2243  6 
 2244  9 
 2245  4 
 2246  7 
 2247  8 
 2248  7 
 2249  4 
 2250  5 
 2251  7 
 2252  9 
 2253  7 
 2254  12 
 2255  4 
 2256  9 
 2257  8 
 2258  6 
 2259  10 
 2260  7 
 2261  4 
 2262  10 
 2263  7 
 2264  6 
 2265  7 
 2266  6 
 2267  12 
 2268  4 
 2269  8 
 2270  4 
 2271  7 
 2272  7 
 2273  9 
 2274  7 
 2275  11 
 2276  17 
 2277  6 
 2278  8 
 2279  5 
 2280  15 
 2281  8 
 2282  5 
 2283  6 
 2284  9 
 2285  8 
 2286  3 
 2287  6 
 2288  5 
 2289  7 
 2290  12 
 2291  7 
 2292  8 
 2293  6 
 2294  6 
 2295  12 
 2296  8 
 2297  1 
 2298  2 
 2299  10 
 2300  8 
 2301  5 
 2302  2 
 2303  5 
 2304  10 
 2305  8 
 2306  13 
 2307  6 
 2308  6 
 2309  8 
 2310  9 
 2311  15 
 2312  8 
 2313  6 
 2314  6 
 2315  7 
 2316  10 
 2317  7 
 2318  7 
 2319  8 
 2320  10 
 2321  10 
 2322  4 
 2323  10 
 2324  8 
 2325  8 
 2326  10 
 2327  5 
 2328  9 
 2329  3 
 2330  10 
 2331  4 
 2332  12 
 2333  10 
 2334  2 
 2335  10 
 2336  11 
 2337  12 
 2338  13 
 2339  8 
 2340  4 
 2341  7 
 2342  12 
 2343  12 
 2344  8 
 2345  9 
 2346  6 
 2347  14 
 2348  6 
 2349  7 
 2350  6 
 2351  3 
 2352  12 
 2353  6 
 2354  11 
 2355  5 
 2356  14 
 2357  8 
 2358  9 
 2359  11 
 2360  6 
 2361  8 
 2362  6 
 2363  5 
 2364  6 
 2365  5 
 2366  6 
 2367  8 
 2368  7 
 2369  7 
 2370  13 
 2371  10 
 2372  11 
 2373  10 
 2374  9 
 2375  12 
 2376  8 
 2377  6 
 2378  7 
 2379  8 
 2380  8 
 2381  7 
 2382  5 
 2383  12 
 2384  6 
 2385  7 
 2386  6 
 2387  12 
 2388  3 
 2389  4 
 2390  5 
 2391  10 
 2392  11 
 2393  5 
 2394  8 
 2395  9 
 2396  6 
 2397  14 
 2398  6 
 2399  7 
 2400  7 
 2401  3 
 2402  3 
 2403  9 
 2404  11 
 2405  6 
 2406  12 
 2407  10 
 2408  6 
 2409  3 
 2410  5 
 2411  6 
 2412  11 
 2413  7 
 2414  7 
 2415  5 
 2416  7 
 2417  8 
 2418  9 
 2419  10 
 2420  8 
 2421  4 
 2422  4 
 2423  5 
 2424  8 
 2425  6 
 2426  8 
 2427  9 
 2428  9 
 2429  8 
 2430  10 
 2431  11 
 2432  2 
 2433  12 
 2434  4 
 2435  7 
 2436  5 
 2437  12 
 2438  12 
 2439  7 
 2440  19 
 2441  7 
 2442  9 
 2443  8 
 2444  4 
 2445  6 
 2446  6 
 2447  6 
 2448  10 
 2449  6 
 2450  9 
 2451  9 
 2452  10 
 2453  6 
 2454  11 
 2455  5 
 2456  9 
 2457  10 
 2458  4 
 2459  5 
 2460  4 
 2461  6 
 2462  12 
 2463  6 
 2464  9 
 2465  9 
 2466  5 
 2467  10 
 2468  5 
 2469  5 
 2470  5 
 2471  8 
 2472  9 
 2473  5 
 2474  8 
 2475  9 
 2476  4 
 2477  5 
 2478  9 
 2479  14 
 2480  9 
 2481  6 
 2482  9 
 2483  9 
 2484  8 
 2485  12 
 2486  6 
 2487  2 
 2488  13 
 2489  9 
 2490  6 
 2491  8 
 2492  8 
 2493  6 
 2494  10 
 2495  13 
 2496  8 
 2497  11 
 2498  7 
 2499  7 
 2500  9 
 2501  6 
 2502  11 
 2503  7 
 2504  11 
 2505  11 
 2506  5 
 2507  17 
 2508  10 
 2509  17 
 2510  13 
 2511  11 
 2512  7 
 2513  10 
 2514  15 
 2515  17 
 2516  11 
 2517  16 
 2518  15 
 2519  14 
 2520  13 
 2521  11 
 2522  18 
 2523  7 
 2524  15 
 2525  18 
 2526  21 
 2527  19 
 2528  12 
 2529  20 
 2530  15 
 2531  19 
 2532  10 
 2533  13 
 2534  19 
 2535  22 
 2536  15 
 2537  15 
 2538  24 
 2539  19 
 2540  12 
 2541  19 
 2542  21 
 2543  33 
 2544  21 
 2545  20 
 2546  7 
 2547  16 
 2548  19 
 2549  15 
 2550  12 
 2551  19 
 2552  11 
 2553  17 
 2554  15 
 2555  16 
 2556  15 
 2557  23 
 2558  22 
 2559  16 
 2560  18 
 2561  15 
 2562  13 
 2563  5 
 2564  11 
 2565  7 
 2566  16 
 2567  18 
 2568  14 
 2569  4 
 2570  13 
 2571  10 
 2572  13 
 2573  11 
 2574  10 
 2575  12 
 2576  7 
 2577  11 
 2578  11 
 2579  9 
 2580  1 
 2581  8 
 2582  14 
 2583  7 
 2584  8 
 2585  7 
 2586  11 
 2587  18 
 2588  10 
 2589  9 
 2590  18 
 2591  13 
 2592  10 
 2593  11 
 2594  8 
 2595  9 
 2596  11 
 2597  9 
 2598  16 
 2599  8 
 2600  13 
 2601  10 
 2602  13 
 2603  8 
 2604  15 
 2605  17 
 2606  18 
 2607  14 
 2608  10 
 2609  9 
 2610  18 
 2611  13 
 2612  21 
 2613  12 
 2614  9 
 2615  14 
 2616  15 
 2617  21 
 2618  18 
 2619  24 
 2620  15 
 2621  15 
 2622  26 
 2623  22 
 2624  23 
 2625  29 
 2626  26 
 2627  43 
 2628  35 
 2629  30 
 2630  39 
 2631  26 
 2632  28 
 2633  32 
 2634  31 
 2635  42 
 2636  39 
 2637  53 
 2638  55 
 2639  47 
 2640  56 
 2641  55 
 2642  52 
 2643  58 
 2644  39 
 2645  59 
 2646  68 
 2647  65 
 2648  67 
 2649  63 
 2650  65 
 2651  86 
 2652  78 
 2653  76 
 2654  89 
 2655  80 
 2656  111 
 2657  82 
 2658  85 
 2659  101 
 2660  114 
 2661  94 
 2662  96 
 2663  108 
 2664  95 
 2665  111 
 2666  119 
 2667  111 
 2668  109 
 2669  121 
 2670  128 
 2671  110 
 2672  117 
 2673  134 
 2674  117 
 2675  121 
 2676  124 
 2677  105 
 2678  120 
 2679  113 
 2680  93 
 2681  125 
 2682  109 
 2683  119 
 2684  122 
 2685  102 
 2686  111 
 2687  114 
 2688  108 
 2689  84 
 2690  100 
 2691  79 
 2692  82 
 2693  74 
 2694  88 
 2695  65 
 2696  86 
 2697  53 
 2698  71 
 2699  53 
 2700  47 
 2701  51 
 2702  54 
 2703  39 
 2704  48 
 2705  40 
 2706  32 
 2707  31 
 2708  25 
 2709  25 
 2710  15 
 2711  19 
 2712  13 
 2713  12 
 2714  16 
 2715  17 
 2716  13 
 2717  14 
 2718  10 
 2719  16 
 2720  8 
 2721  14 
 2722  10 
 2723  11 
 2724  11 
 2725  10 
 2726  7 
 2727  17 
 2728  8 
 2729  12 
 2730  6 
 2731  11 
 2732  8 
 2733  10 
 2734  7 
 2735  6 
 2736  6 
 2737  10 
 2738  10 
 2739  7 
 2740  12 
 2741  11 
 2742  12 
 2743  9 
 2744  7 
 2745  15 
 2746  6 
 2747  7 
 2748  9 
 2749  13 
 2750  6 
 2751  5 
 2752  6 
 2753  2 
 2754  10 
 2755  10 
 2756  5 
 2757  8 
 2758  8 
 2759  5 
 2760  8 
 2761  10 
 2762  12 
 2763  12 
 2764  12 
 2765  6 
 2766  9 
 2767  10 
 2768  12 
 2769  9 
 2770  10 
 2771  14 
 2772  12 
 2773  3 
 2774  9 
 2775  12 
 2776  11 
 2777  5 
 2778  13 
 2779  6 
 2780  6 
 2781  8 
 2782  10 
 2783  13 
 2784  6 
 2785  11 
 2786  14 
 2787  11 
 2788  10 
 2789  13 
 2790  11 
 2791  10 
 2792  10 
 2793  10 
 2794  9 
 2795  12 
 2796  13 
 2797  3 
 2798  12 
 2799  7 
 2800  11 
 2801  10 
 2802  10 
 2803  8 
 2804  15 
 2805  6 
 2806  15 
 2807  9 
 2808  10 
 2809  8 
 2810  16 
 2811  8 
 2812  11 
 2813  11 
 2814  6 
 2815  11 
 2816  11 
 2817  14 
 2818  13 
 2819  11 
 2820  10 
 2821  6 
 2822  10 
 2823  7 
 2824  14 
 2825  10 
 2826  9 
 2827  13 
 2828  11 
 2829  3 
 2830  15 
 2831  9 
 2832  7 
 2833  4 
 2834  11 
 2835  9 
 2836  5 
 2837  16 
 2838  15 
 2839  10 
 2840  8 
 2841  8 
 2842  14 
 2843  14 
 2844  9 
 2845  5 
 2846  9 
 2847  19 
 2848  14 
 2849  11 
 2850  9 
 2851  10 
 2852  17 
 2853  12 
 2854  10 
 2855  10 
 2856  12 
 2857  7 
 2858  12 
 2859  8 
 2860  11 
 2861  15 
 2862  9 
 2863  5 
 2864  9 
 2865  9 
 2866  13 
 2867  14 
 2868  9 
 2869  14 
 2870  9 
 2871  9 
 2872  11 
 2873  9 
 2874  7 
 2875  11 
 2876  7 
 2877  8 
 2878  18 
 2879  12 
 2880  12 
 2881  9 
 2882  14 
 2883  12 
 2884  12 
 2885  9 
 2886  14 
 2887  12 
 2888  10 
 2889  6 
 2890  9 
 2891  8 
 2892  14 
 2893  7 
 2894  8 
 2895  11 
 2896  4 
 2897  8 
 2898  13 
 2899  13 
 2900  8 
 2901  5 
 2902  15 
 2903  10 
 2904  8 
 2905  8 
 2906  8 
 2907  12 
 2908  11 
 2909  12 
 2910  8 
 2911  15 
 2912  7 
 2913  18 
 2914  9 
 2915  11 
 2916  14 
 2917  12 
 2918  9 
 2919  14 
 2920  16 
 2921  10 
 2922  10 
 2923  11 
 2924  18 
 2925  10 
 2926  16 
 2927  7 
 2928  13 
 2929  11 
 2930  14 
 2931  10 
 2932  20 
 2933  14 
 2934  18 
 2935  10 
 2936  9 
 2937  12 
 2938  11 
 2939  9 
 2940  10 
 2941  10 
 2942  13 
 2943  6 
 2944  20 
 2945  11 
 2946  15 
 2947  12 
 2948  13 
 2949  13 
 2950  20 
 2951  18 
 2952  20 
 2953  14 
 2954  13 
 2955  20 
 2956  10 
 2957  12 
 2958  16 
 2959  7 
 2960  11 
 2961  17 
 2962  14 
 2963  15 
 2964  20 
 2965  18 
 2966  23 
 2967  13 
 2968  12 
 2969  19 
 2970  18 
 2971  17 
 2972  18 
 2973  16 
 2974  34 
 2975  21 
 2976  29 
 2977  25 
 2978  25 
 2979  30 
 2980  25 
 2981  30 
 2982  25 
 2983  33 
 2984  39 
 2985  45 
 2986  50 
 2987  53 
 2988  53 
 2989  55 
 2990  59 
 2991  72 
 2992  79 
 2993  77 
 2994  88 
 2995  98 
 2996  99 
 2997  108 
 2998  106 
 2999  136 
 3000  128 
 3001  159 
 3002  177 
 3003  196 
 3004  182 
 3005  175 
 3006  207 
 3007  227 
 3008  250 
 3009  241 
 3010  296 
 3011  306 
 3012  312 
 3013  336 
 3014  408 
 3015  410 
 3016  470 
 3017  477 
 3018  532 
 3019  634 
 3020  653 
 3021  716 
 3022  814 
 3023  815 
 3024  980 
 3025  1049 
 3026  1124 
 3027  1224 
 3028  1332 
 3029  1413 
 3030  1646 
 3031  1718 
 3032  1806 
 3033  1983 
 3034  2083 
 3035  2126 
 3036  2235 
 3037  2485 
 3038  2442 
 3039  2564 
 3040  2558 
 3041  2576 
 3042  2600 
 3043  2544 
 3044  2491 
 3045  2360 
 3046  2365 
 3047  2164 
 3048  2083 
 3049  1947 
 3050  1833 
 3051  1584 
 3052  1556 
 3053  1380 
 3054  1190 
 3055  1026 
 3056  935 
 3057  813 
 3058  769 
 3059  607 
 3060  463 
 3061  422 
 3062  349 
 3063  294 
 3064  219 
 3065  197 
 3066  165 
 3067  145 
 3068  96 
 3069  82 
 3070  60 
 3071  61 
 3072  40 
 3073  36 
 3074  39 
 3075  22 
 3076  27 
 3077  39 
 3078  29 
 3079  26 
 3080  21 
 3081  32 
 3082  36 
 3083  22 
 3084  31 
 3085  27 
 3086  18 
 3087  18 
 3088  23 
 3089  12 
 3090  19 
 3091  17 
 3092  19 
 3093  11 
 3094  19 
 3095  8 
 3096  17 
 3097  12 
 3098  10 
 3099  8 
 3100  8 
 3101  13 
 3102  9 
 3103  13 
 3104  5 
 3105  5 
 3106  9 
 3107  9 
 3108  9 
 3109  7 
 3110  7 
 3111  10 
 3112  9 
 3113  6 
 3114  9 
 3115  13 
 3116  9 
 3117  13 
 3118  8 
 3119  10 
 3120  9 
 3121  5 
 3122  12 
 3123  6 
 3124  3 
 3125  15 
 3126  3 
 3127  4 
 3128  8 
 3129  17 
 3130  6 
 3131  9 
 3132  6 
 3133  5 
 3134  11 
 3135  12 
 3136  13 
 3137  6 
 3138  12 
 3139  12 
 3140  10 
 3141  12 
 3142  4 
 3143  9 
 3144  14 
 3145  14 
 3146  14 
 3147  12 
 3148  16 
 3149  10 
 3150  15 
 3151  21 
 3152  9 
 3153  19 
 3154  39 
 3155  21 
 3156  16 
 3157  23 
 3158  23 
 3159  45 
 3160  27 
 3161  40 
 3162  33 
 3163  50 
 3164  46 
 3165  58 
 3166  68 
 3167  62 
 3168  57 
 3169  37 
 3170  53 
 3171  66 
 3172  57 
 3173  60 
 3174  68 
 3175  51 
 3176  47 
 3177  50 
 3178  48 
 3179  40 
 3180  52 
 3181  51 
 3182  41 
 3183  40 
 3184  31 
 3185  27 
 3186  38 
 3187  21 
 3188  25 
 3189  19 
 3190  12 
 3191  15 
 3192  14 
 3193  7 
 3194  8 
 3195  9 
 3196  8 
 3197  6 
 3198  1 
 3199  3 
 3200  5 
 3201  9 
 3202  4 
 3203  3 
 3204  5 
 3205  3 
 3206  2 
 3207  2 
 3208  4 
 3209  1 
 3210  2 
 3211  0 
 3212  4 
 3213  3 
 3214  4 
 3215  8 
 3216  0 
 3217  5 
 3218  1 
 3219  3 
 3220  5 
 3221  1 
 3222  3 
 3223  3 
 3224  0 
 3225  1 
 3226  3 
 3227  3 
 3228  8 
 3229  3 
 3230  4 
 3231  4 
 3232  3 
 3233  0 
 3234  6 
 3235  7 
 3236  4 
 3237  2 
 3238  3 
 3239  2 
 3240  6 
 3241  4 
 3242  3 
 3243  5 
 3244  0 
 3245  5 
 3246  2 
 3247  2 
 3248  4 
 3249  1 
 3250  5 
 3251  6 
 3252  2 
 3253  4 
 3254  3 
 3255  2 
 3256  4 
 3257  3 
 3258  3 
 3259  4 
 3260  5 
 3261  1 
 3262  5 
 3263  5 
 3264  7 
 3265  3 
 3266  4 
 3267  5 
 3268  4 
 3269  3 
 3270  3 
 3271  1 
 3272  6 
 3273  6 
 3274  4 
 3275  3 
 3276  6 
 3277  5 
 3278  2 
 3279  6 
 3280  1 
 3281  0 
 3282  3 
 3283  7 
 3284  6 
 3285  5 
 3286  7 
 3287  7 
 3288  7 
 3289  4 
 3290  6 
 3291  11 
 3292  4 
 3293  3 
 3294  7 
 3295  9 
 3296  5 
 3297  5 
 3298  4 
 3299  5 
 3300  2 
 3301  3 
 3302  6 
 3303  9 
 3304  6 
 3305  6 
 3306  11 
 3307  11 
 3308  14 
 3309  4 
 3310  9 
 3311  9 
 3312  24 
 3313  7 
 3314  10 
 3315  20 
 3316  18 
 3317  14 
 3318  24 
 3319  26 
 3320  29 
 3321  23 
 3322  26 
 3323  23 
 3324  35 
 3325  35 
 3326  38 
 3327  34 
 3328  32 
 3329  39 
 3330  57 
 3331  56 
 3332  63 
 3333  70 
 3334  59 
 3335  85 
 3336  95 
 3337  92 
 3338  95 
 3339  119 
 3340  103 
 3341  114 
 3342  141 
 3343  152 
 3344  174 
 3345  208 
 3346  158 
 3347  188 
 3348  204 
 3349  213 
 3350  250 
 3351  227 
 3352  194 
 3353  272 
 3354  272 
 3355  286 
 3356  278 
 3357  297 
 3358  342 
 3359  324 
 3360  339 
 3361  358 
 3362  398 
 3363  371 
 3364  378 
 3365  384 
 3366  397 
 3367  434 
 3368  451 
 3369  434 
 3370  457 
 3371  443 
 3372  491 
 3373  423 
 3374  463 
 3375  502 
 3376  469 
 3377  523 
 3378  516 
 3379  470 
 3380  428 
 3381  495 
 3382  486 
 3383  523 
 3384  514 
 3385  460 
 3386  503 
 3387  478 
 3388  455 
 3389  484 
 3390  439 
 3391  419 
 3392  390 
 3393  393 
 3394  403 
 3395  366 
 3396  334 
 3397  328 
 3398  328 
 3399  288 
 3400  300 
 3401  243 
 3402  232 
 3403  224 
 3404  219 
 3405  196 
 3406  182 
 3407  150 
 3408  124 
 3409  119 
 3410  102 
 3411  85 
 3412  84 
 3413  63 
 3414  65 
 3415  41 
 3416  34 
 3417  47 
 3418  29 
 3419  25 
 3420  23 
 3421  26 
 3422  23 
 3423  23 
 3424  12 
 3425  11 
 3426  15 
 3427  12 
 3428  6 
 3429  3 
 3430  3 
 3431  5 
 3432  3 
 3433  6 
 3434  7 
 3435  5 
 3436  5 
 3437  3 
 3438  5 
 3439  2 
 3440  5 
 3441  6 
 3442  3 
 3443  4 
 3444  2 
 3445  5 
 3446  6 
 3447  2 
 3448  3 
 3449  1 
 3450  1 
 3451  7 
 3452  8 
 3453  8 
 3454  4 
 3455  3 
 3456  6 
 3457  7 
 3458  14 
 3459  13 
 3460  11 
 3461  6 
 3462  7 
 3463  6 
 3464  14 
 3465  11 
 3466  9 
 3467  13 
 3468  17 
 3469  14 
 3470  12 
 3471  20 
 3472  11 
 3473  16 
 3474  21 
 3475  28 
 3476  31 
 3477  31 
 3478  44 
 3479  32 
 3480  46 
 3481  54 
 3482  53 
 3483  44 
 3484  64 
 3485  47 
 3486  57 
 3487  62 
 3488  51 
 3489  62 
 3490  66 
 3491  73 
 3492  61 
 3493  72 
 3494  55 
 3495  57 
 3496  47 
 3497  61 
 3498  36 
 3499  36 
 3500  44 
 3501  40 
 3502  38 
 3503  39 
 3504  31 
 3505  21 
 3506  23 
 3507  14 
 3508  18 
 3509  22 
 3510  18 
 3511  17 
 3512  14 
 3513  4 
 3514  6 
 3515  11 
 3516  7 
 3517  4 
 3518  3 
 3519  4 
 3520  5 
 3521  3 
 3522  3 
 3523  2 
 3524  4 
 3525  2 
 3526  7 
 3527  2 
 3528  8 
 3529  3 
 3530  6 
 3531  5 
 3532  3 
 3533  9 
 3534  4 
 3535  7 
 3536  8 
 3537  8 
 3538  6 
 3539  7 
 3540  2 
 3541  10 
 3542  12 
 3543  12 
 3544  7 
 3545  8 
 3546  4 
 3547  7 
 3548  4 
 3549  7 
 3550  3 
 3551  2 
 3552  10 
 3553  5 
 3554  9 
 3555  2 
 3556  7 
 3557  7 
 3558  4 
 3559  6 
 3560  3 
 3561  6 
 3562  6 
 3563  3 
 3564  4 
 3565  4 
 3566  6 
 3567  5 
 3568  9 
 3569  3 
 3570  3 
 3571  5 
 3572  3 
 3573  5 
 3574  1 
 3575  3 
 3576  4 
 3577  4 
 3578  3 
 3579  0 
 3580  1 
 3581  1 
 3582  1 
 3583  2 
 3584  1 
 3585  1 
 3586  1 
 3587  0 
 3588  0 
 3589  0 
 3590  0 
 3591  0 
 3592  0 
 3593  0 
 3594  0 
 3595  0 
 3596  0 
 3597  0 
 3598  0 
 3599  0 
 3600  0 
 3601  0 
 3602  0 
 3603  0 
 3604  0 
 3605  0 
 3606  0 
 3607  0 
 3608  0 
 3609  1 
 3610  0 
 3611  0 
 3612  1 
 3613  0 
 3614  0 
 3615  0 
 3616  0 
 3617  0 
 3618  0 
 3619  0 
 3620  1 
 3621  0 
 3622  0 
 3623  0 
 3624  1 
 3625  0 
 3626  0 
 3627  0 
 3628  0 
 3629  0 
 3630  0 
 3631  0 
 3632  0 
 3633  0 
 3634  0 
 3635  0 
 3636  0 
 3637  0 
 3638  0 
 3639  0 
 3640  0 
 3641  0 
 3642  0 
 3643  0 
 3644  0 
 3645  0 
 3646  0 
 3647  0 
 3648  0 
 3649  0 
 3650  0 
 3651  0 
 3652  0 
 3653  0 
 3654  0 
 3655  1 
 3656  0 
 3657  0 
 3658  0 
 3659  0 
 3660  0 
 3661  0 
 3662  0 
 3663  0 
 3664  0 
 3665  0 
 3666  0 
 3667  0 
 3668  0 
 3669  0 
 3670  0 
 3671  0 
 3672  0 
 3673  0 
 3674  0 
 3675  0 
 3676  0 
 3677  0 
 3678  1 
 3679  1 
 3680  0 
 3681  0 
 3682  0 
 3683  0 
 3684  0 
 3685  0 
 3686  0 
 3687  0 
 3688  0 
 3689  0 
 3690  0 
 3691  0 
 3692  0 
 3693  0 
 3694  0 
 3695  0 
 3696  0 
 3697  0 
 3698  0 
 3699  0 
 3700  0 
 3701  0 
 3702  0 
 3703  1 
 3704  0 
 3705  0 
 3706  0 
 3707  0 
 3708  0 
 3709  0 
 3710  0 
 3711  0 
 3712  0 
 3713  0 
 3714  0 
 3715  0 
 3716  0 
 3717  0 
 3718  0 
 3719  0 
 3720  0 
 3721  0 
 3722  0 
 3723  0 
 3724  0 
 3725  0 
 3726  0 
 3727  0 
 3728  0 
 3729  0 
 3730  0 
 3731  0 
 3732  0 
 3733  0 
 3734  0 
 3735  0 
 3736  0 
 3737  0 
 3738  0 
 3739  0 
 3740  0 
 3741  0 
 3742  0 
 3743  0 
 3744  0 
 3745  0 
 3746  0 
 3747  0 
 3748  0 
 3749  0 
 3750  0 
 3751  0 
 3752  0 
 3753  0 
 3754  0 
 3755  0 
 3756  0 
 3757  0 
 3758  0 
 3759  0 
 3760  0 
 3761  0 
 3762  0 
 3763  0 
 3764  0 
 3765  0 
 3766  0 
 3767  0 
 3768  0 
 3769  0 
 3770  0 
 3771  0 
 3772  0 
 3773  0 
 3774  0 
 3775  0 
 3776  0 
 3777  0 
 3778  0 
 3779  0 
 3780  0 
 3781  0 
 3782  1 
 3783  0 
 3784  0 
 3785  0 
 3786  0 
 3787  0 
 3788  0 
 3789  0 
 3790  0 
 3791  0 
 3792  0 
 3793  0 
 3794  0 
 3795  0 
 3796  0 
 3797  0 
 3798  0 
 3799  0 
 3800  0 
 3801  0 
 3802  0 
 3803  0 
 3804  0 
 3805  0 
 3806  0 
 3807  0 
 3808  0 
 3809  0 
 3810  0 
 3811  0 
 3812  0 
 3813  0 
 3814  0 
 3815  0 
 3816  0 
 3817  0 
 3818  0 
 3819  0 
 3820  0 
 3821  0 
 3822  0 
 3823  0 
 3824  1 
 3825  0 
 3826  0 
 3827  0 
 3828  0 
 3829  0 
 3830  0 
 3831  0 
 3832  0 
 3833  0 
 3834  0 
 3835  0 
 3836  0 
 3837  0 
 3838  0 
 3839  0 
 3840  0 
 3841  0 
 3842  0 
 3843  0 
 3844  0 
 3845  0 
 3846  0 
 3847  0 
 3848  1 
 3849  0 
 3850  0 
 3851  0 
 3852  0 
 3853  0 
 3854  0 
 3855  0 
 3856  0 
 3857  0 
 3858  0 
 3859  0 
 3860  0 
 3861  0 
 3862  0 
 3863  0 
 3864  0 
 3865  0 
 3866  0 
 3867  0 
 3868  0 
 3869  0 
 3870  0 
 3871  0 
 3872  1 
 3873  0 
 3874  0 
 3875  0 
 3876  0 
 3877  0 
 3878  0 
 3879  0 
 3880  0 
 3881  0 
 3882  0 
 3883  0 
 3884  0 
 3885  0 
 3886  0 
 3887  0 
 3888  0 
 3889  0 
 3890  1 
 3891  0 
 3892  0 
 3893  1 
 3894  0 
 3895  0 
 3896  0 
 3897  0 
 3898  0 
 3899  0 
 3900  0 
 3901  0 
 3902  0 
 3903  0 
 3904  0 
 3905  0 
 3906  0 
 3907  0 
 3908  0 
 3909  0 
 3910  0 
 3911  0 
 3912  0 
 3913  0 
 3914  0 
 3915  0 
 3916  0 
 3917  0 
 3918  0 
 3919  0 
 3920  0 
 3921  0 
 3922  0 
 3923  0 
 3924  0 
 3925  0 
 3926  0 
 3927  0 
 3928  0 
 3929  0 
 3930  0 
 3931  0 
 3932  0 
 3933  0 
 3934  0 
 3935  1 
 3936  0 
 3937  0 
 3938  1 
 3939  0 
 3940  1 
 3941  0 
 3942  0 
 3943  0 
 3944  0 
 3945  0 
 3946  0 
 3947  0 
 3948  0 
 3949  0 
 3950  0 
 3951  0 
 3952  0 
 3953  0 
 3954  0 
 3955  0 
 3956  0 
 3957  0 
 3958  0 
 3959  0 
 3960  0 
 3961  0 
 3962  0 
 3963  0 
 3964  1 
 3965  0 
 3966  0 
 3967  0 
 3968  0 
 3969  0 
 3970  0 
 3971  0 
 3972  0 
 3973  0 
 3974  0 
 3975  0 
 3976  0 
 3977  0 
 3978  0 
 3979  0 
 3980  0 
 3981  0 
 3982  0 
 3983  0 
 3984  0 
 3985  0 
 3986  0 
 3987  0 
 3988  0 
 3989  0 
 3990  0 
 3991  0 
 3992  0 
 3993  0 
 3994  0 
 3995  0 
 3996  0 
 3997  0 
 3998  0 
 3999  0 
 4000  0 
 4001  0 
 4002  0 
 4003  0 
 4004  0 
 4005  0 
 4006  0 
 4007  0 
 4008  0 
 4009  1 
 4010  0 
 4011  0 
 4012  0 
 4013  0 
 4014  0 
 4015  0 
 4016  0 
 4017  0 
 4018  0 
 4019  0 
 4020  0 
 4021  0 
 4022  0 
 4023  0 
 4024  0 
 4025  0 
 4026  0 
 4027  0 
 4028  1 
 4029  0 
 4030  0 
 4031  0 
 4032  0 
 4033  1 
 4034  0 
 4035  0 
 4036  0 
 4037  0 
 4038  0 
 4039  0 
 4040  0 
 4041  0 
 4042  1 
 4043  0 
 4044  0 
 4045  0 
 4046  0 
 4047  0 
 4048  0 
 4049  0 
 4050  0 
 4051  0 
 4052  0 
 4053  0 
 4054  0 
 4055  0 
 4056  0 
 4057  0 
 4058  0 
 4059  0 
 4060  0 
 4061  0 
 4062  0 
 4063  0 
 4064  0 
 4065  0 
 4066  1 
 4067  0 
 4068  0 
 4069  0 
 4070  0 
 4071  0 
 4072  0 
 4073  0 
 4074  0 
 4075  1 
 4076  0 
 4077  0 
 4078  0 
 4079  0 
 4080  0 
 4081  0 
 4082  0 
 4083  0 
 4084  0 
 4085  0 
 4086  0 
 4087  0 
 4088  0 
 4089  0 
 4090  0 
 4091  1 
 4092  0 
 4093  0 
 4094  0 
 4095  1 
 4096  0 
 4097  0 
 4098  0 
 4099  0 
 4100  0 
 4101  0 
 4102  0 
 4103  0 
 4104  0 
 4105  0 
 4106  0 
 4107  0 
 4108  0 
 4109  0 
 4110  0 
 4111  0 
 4112  0 
 4113  0 
 4114  0 
 4115  0 
 4116  0 
 4117  0 
 4118  0 
 4119  0 
 4120  0 
 4121  0 
 4122  0 
 4123  0 
 4124  0 
 4125  0 
 4126  0 
 4127  0 
 4128  0 
 4129  1 
 4130  0 
 4131  0 
 4132  0 
 4133  0 
 4134  1 
 4135  0 
 4136  0 
 4137  0 
 4138  0 
 4139  0 
 4140  0 
 4141  0 
 4142  0 
 4143  0 
 4144  0 
 4145  0 
 4146  0 
 4147  0 
 4148  0 
 4149  1 
 4150  0 
 4151  0 
 4152  0 
 4153  1 
 4154  0 
 4155  0 
 4156  0 
 4157  0 
 4158  0 
 4159  0 
 4160  0 
 4161  0 
 4162  0 
 4163  1 
 4164  0 
 4165  0 
 4166  0 
 4167  0 
 4168  0 
 4169  0 
 4170  0 
 4171  0 
 4172  1 
 4173  0 
 4174  0 
 4175  0 
 4176  0 
 4177  0 
 4178  0 
 4179  0 
 4180  0 
 4181  0 
 4182  0 
 4183  1 
 4184  0 
 4185  0 
 4186  0 
 4187  0 
 4188  1 
 4189  0 
 4190  0 
 4191  1 
 4192  0 
 4193  0 
 4194  0 
 4195  0 
 4196  0 
 4197  0 
 4198  1 
 4199  0 
 4200  0 
 4201  0 
 4202  1 
 4203  0 
 4204  0 
 4205  0 
 4206  0 
 4207  0 
 4208  0 
 4209  0 
 4210  0 
 4211  0 
 4212  0 
 4213  0 
 4214  0 
 4215  0 
 4216  0 
 4217  1 
 4218  0 
 4219  0 
 4220  0 
 4221  0 
 4222  0 
 4223  0 
 4224  2 
 4225  0 
 4226  0 
 4227  1 
 4228  0 
 4229  0 
 4230  0 
 4231  0 
 4232  0 
 4233  0 
 4234  0 
 4235  0 
 4236  0 
 4237  0 
 4238  1 
 4239  0 
 4240  1 
 4241  0 
 4242  2 
 4243  0 
 4244  2 
 4245  1 
 4246  0 
 4247  1 
 4248  1 
 4249  0 
 4250  1 
 4251  0 
 4252  0 
 4253  1 
 4254  0 
 4255  0 
 4256  0 
 4257  1 
 4258  1 
 4259  0 
 4260  0 
 4261  0 
 4262  0 
 4263  0 
 4264  1 
 4265  0 
 4266  1 
 4267  0 
 4268  0 
 4269  0 
 4270  0 
 4271  1 
 4272  1 
 4273  0 
 4274  0 
 4275  0 
 4276  0 
 4277  0 
 4278  2 
 4279  2 
 4280  0 
 4281  0 
 4282  1 
 4283  0 
 4284  1 
 4285  0 
 4286  0 
 4287  0 
 4288  0 
 4289  0 
 4290  0 
 4291  1 
 4292  0 
 4293  0 
 4294  0 
 4295  0 
 4296  0 
 4297  2 
 4298  0 
 4299  0 
 4300  0 
 4301  0 
 4302  0 
 4303  1 
 4304  1 
 4305  0 
 4306  0 
 4307  1 
 4308  1 
 4309  0 
 4310  0 
 4311  0 
 4312  0 
 4313  0 
 4314  0 
 4315  1 
 4316  0 
 4317  0 
 4318  1 
 4319  1 
 4320  0 
 4321  0 
 4322  0 
 4323  0 
 4324  1 
 4325  0 
 4326  0 
 4327  1 
 4328  0 
 4329  1 
 4330  0 
 4331  0 
 4332  0 
 4333  0 
 4334  0 
 4335  1 
 4336  0 
 4337  0 
 4338  0 
 4339  0 
 4340  0 
 4341  1 
 4342  0 
 4343  0 
 4344  0 
 4345  0 
 4346  1 
 4347  2 
 4348  0 
 4349  0 
 4350  0 
 4351  2 
 4352  0 
 4353  0 
 4354  0 
 4355  1 
 4356  0 
 4357  0 
 4358  1 
 4359  2 
 4360  0 
 4361  0 
 4362  0 
 4363  0 
 4364  1 
 4365  0 
 4366  0 
 4367  0 
 4368  0 
 4369  0 
 4370  1 
 4371  0 
 4372  0 
 4373  0 
 4374  0 
 4375  0 
 4376  0 
 4377  0 
 4378  1 
 4379  0 
 4380  0 
 4381  0 
 4382  0 
 4383  0 
 4384  0 
 4385  0 
 4386  0 
 4387  0 
 4388  0 
 4389  1 
 4390  0 
 4391  1 
 4392  0 
 4393  0 
 4394  1 
 4395  1 
 4396  0 
 4397  0 
 4398  0 
 4399  1 
 4400  0 
 4401  0 
 4402  0 
 4403  1 
 4404  0 
 4405  1 
 4406  2 
 4407  0 
 4408  0 
 4409  0 
 4410  0 
 4411  0 
 4412  1 
 4413  1 
 4414  0 
 4415  0 
 4416  0 
 4417  0 
 4418  0 
 4419  0 
 4420  1 
 4421  0 
 4422  0 
 4423  0 
 4424  0 
 4425  0 
 4426  0 
 4427  0 
 4428  0 
 4429  0 
 4430  1 
 4431  0 
 4432  0 
 4433  0 
 4434  0 
 4435  0 
 4436  0 
 4437  0 
 4438  0 
 4439  0 
 4440  0 
 4441  1 
 4442  0 
 4443  0 
 4444  0 
 4445  0 
 4446  0 
 4447  0 
 4448  0 
 4449  0 
 4450  0 
 4451  0 
 4452  1 
 4453  0 
 4454  0 
 4455  0 
 4456  0 
 4457  0 
 4458  0 
 4459  0 
 4460  0 
 4461  0 
 4462  0 
 4463  0 
 4464  0 
 4465  0 
 4466  0 
 4467  0 
 4468  0 
 4469  1 
 4470  0 
 4471  0 
 4472  0 
 4473  0 
 4474  0 
 4475  0 
 4476  0 
 4477  0 
 4478  0 
 4479  0 
 4480  0 
 4481  0 
 4482  0 
 4483  0 
 4484  0 
 4485  0 
 4486  0 
 4487  0 
 4488  0 
 4489  0 
 4490  0 
 4491  0 
 4492  0 
 4493  1 
 4494  0 
 4495  0 
 4496  0 
 4497  1 
 4498  0 
 4499  0 
 4500  0 
 4501  0 
 4502  0 
 4503  0 
 4504  0 
 4505  0 
 4506  0 
 4507  0 
 4508  0 
 4509  0 
 4510  0 
 4511  0 
 4512  0 
 4513  0 
 4514  0 
 4515  0 
 4516  0 
 4517  0 
 4518  1 
 4519  0 
 4520  0 
 4521  0 
 4522  0 
 4523  0 
 4524  0 
 4525  0 
 4526  0 
 4527  0 
 4528  0 
 4529  0 
 4530  0 
 4531  0 
 4532  0 
 4533  0 
 4534  0 
 4535  0 
 4536  0 
 4537  0 
 4538  0 
 4539  0 
 4540  0 
 4541  0 
 4542  0 
 4543  0 
 4544  0 
 4545  0 
 4546  0 
 4547  0 
 4548  1 
 4549  0 
 4550  0 
 4551  0 
 4552  0 
 4553  0 
 4554  0 
 4555  0 
 4556  0 
 4557  0 
 4558  0 
 4559  0 
 4560  0 
 4561  0 
 4562  0 
 4563  0 
 4564  0 
 4565  0 
 4566  0 
 4567  0 
 4568  1 
 4569  0 
 4570  0 
 4571  0 
 4572  0 
 4573  0 
 4574  0 
 4575  0 
 4576  0 
 4577  0 
 4578  0 
 4579  0 
 4580  0 
 4581  0 
 4582  0 
 4583  0 
 4584  0 
 4585  0 
 4586  0 
 4587  0 
 4588  0 
 4589  0 
 4590  0 
 4591  0 
 4592  0 
 4593  0 
 4594  0 
 4595  0 
 4596  0 
 4597  0 
 4598  0 
 4599  0 
 4600  0 
 4601  0 
 4602  0 
 4603  0 
 4604  0 
 4605  0 
 4606  0 
 4607  0 
 4608  0 
 4609  0 
 4610  0 
 4611  0 
 4612  0 
 4613  0 
 4614  0 
 4615  0 
 4616  0 
 4617  0 
 4618  0 
 4619  0 
 4620  0 
 4621  0 
 4622  0 
 4623  0 
 4624  1 
 4625  0 
 4626  0 
 4627  0 
 4628  0 
 4629  0 
 4630  0 
 4631  0 
 4632  0 
 4633  0 
 4634  0 
 4635  0 
 4636  0 
 4637  0 
 4638  0 
 4639  0 
 4640  0 
 4641  0 
 4642  0 
 4643  0 
 4644  0 
 4645  0 
 4646  0 
 4647  0 
 4648  0 
 4649  0 
 4650  0 
 4651  0 
 4652  0 
 4653  0 
 4654  0 
 4655  0 
 4656  0 
 4657  0 
 4658  0 
 4659  0 
 4660  0 
 4661  0 
 4662  0 
 4663  0 
 4664  0 
 4665  0 
 4666  0 
 4667  0 
 4668  0 
 4669  0 
 4670  0 
 4671  0 
 4672  0 
 4673  0 
 4674  0 
 4675  0 
 4676  0 
 4677  0 
 4678  0 
 4679  0 
 4680  0 
 4681  0 
 4682  0 
 4683  0 
 4684  0 
 4685  0 
 4686  0 
 4687  0 
 4688  0 
 4689  0 
 4690  0 
 4691  0 
 4692  0 
 4693  0 
 4694  0 
 4695  0 
 4696  0 
 4697  0 
 4698  0 
 4699  0 
 4700  0 
 4701  0 
 4702  0 
 4703  0 
 4704  0 
 4705  0 
 4706  0 
 4707  0 
 4708  0 
 4709  0 
 4710  0 
 4711  0 
 4712  0 
 4713  0 
 4714  0 
 4715  0 
 4716  0 
 4717  1 
 4718  0 
 4719  0 
 4720  1 
 4721  0 
 4722  0 
 4723  0 
 4724  0 
 4725  0 
 4726  0 
 4727  0 
 4728  0 
 4729  1 
 4730  0 
 4731  0 
 4732  0 
 4733  0 
 4734  0 
 4735  0 
 4736  0 
 4737  0 
 4738  0 
 4739  0 
 4740  0 
 4741  0 
 4742  0 
 4743  0 
 4744  0 
 4745  0 
 4746  0 
 4747  0 
 4748  0 
 4749  0 
 4750  0 
 4751  0 
 4752  0 
 4753  0 
 4754  0 
 4755  0 
 4756  0 
 4757  0 
 4758  0 
 4759  0 
 4760  0 
 4761  0 
 4762  0 
 4763  1 
 4764  0 
 4765  0 
 4766  0 
 4767  0 
 4768  0 
 4769  0 
 4770  0 
 4771  0 
 4772  0 
 4773  0 
 4774  0 
 4775  0 
 4776  0 
 4777  0 
 4778  0 
 4779  0 
 4780  0 
 4781  0 
 4782  0 
 4783  0 
 4784  0 
 4785  0 
 4786  0 
 4787  0 
 4788  0 
 4789  0 
 4790  0 
 4791  0 
 4792  0 
 4793  0 
 4794  0 
 4795  0 
 4796  0 
 4797  0 
 4798  0 
 4799  0 
 4800  0 
 4801  0 
 4802  0 
 4803  0 
 4804  0 
 4805  0 
 4806  0 
 4807  0 
 4808  0 
 4809  0 
 4810  0 
 4811  0 
 4812  0 
 4813  0 
 4814  0 
 4815  0 
 4816  0 
 4817  0 
 4818  0 
 4819  0 
 4820  0 
 4821  0 
 4822  0 
 4823  0 
 4824  0 
 4825  0 
 4826  0 
 4827  0 
 4828  0 
 4829  0 
 4830  0 
 4831  0 
 4832  0 
 4833  0 
 4834  0 
 4835  0 
 4836  0 
 4837  0 
 4838  0 
 4839  0 
 4840  0 
 4841  0 
 4842  0 
 4843  0 
 4844  0 
 4845  0 
 4846  0 
 4847  0 
 4848  0 
 4849  0 
 4850  0 
 4851  0 
 4852  0 
 4853  0 
 4854  0 
 4855  0 
 4856  0 
 4857  0 
 4858  0 
 4859  0 
 4860  1 
 4861  0 
 4862  0 
 4863  0 
 4864  0 
 4865  0 
 4866  0 
 4867  0 
 4868  0 
 4869  0 
 4870  0 
 4871  0 
 4872  0 
 4873  0 
 4874  0 
 4875  0 
 4876  0 
 4877  0 
 4878  0 
 4879  0 
 4880  0 
 4881  0 
 4882  0 
 4883  0 
 4884  0 
 4885  0 
 4886  0 
 4887  0 
 4888  0 
 4889  0 
 4890  0 
 4891  0 
 4892  0 
 4893  0 
 4894  0 
 4895  0 
 4896  0 
 4897  0 
 4898  0 
 4899  0 
 4900  0 
 4901  0 
 4902  0 
 4903  0 
 4904  0 
 4905  0 
 4906  0 
 4907  0 
 4908  0 
 4909  0 
 4910  0 
 4911  0 
 4912  0 
 4913  0 
 4914  1 
 4915  0 
 4916  0 
 4917  0 
 4918  0 
 4919  0 
 4920  0 
 4921  0 
 4922  0 
 4923  0 
 4924  0 
 4925  0 
 4926  0 
 4927  1 
 4928  0 
 4929  0 
 4930  0 
 4931  0 
 4932  0 
 4933  0 
 4934  0 
 4935  0 
 4936  0 
 4937  0 
 4938  0 
 4939  0 
 4940  0 
 4941  0 
 4942  0 
 4943  0 
 4944  0 
 4945  0 
 4946  0 
 4947  0 
 4948  0 
 4949  0 
 4950  0 
 4951  0 
 4952  0 
 4953  0 
 4954  0 
 4955  0 
 4956  0 
 4957  0 
 4958  0 
 4959  0 
 4960  0 
 4961  0 
 4962  0 
 4963  0 
 4964  0 
 4965  0 
 4966  0 
 4967  0 
 4968  0 
 4969  0 
 4970  0 
 4971  0 
 4972  0 
 4973  0 
 4974  0 
 4975  0 
 4976  0 
 4977  0 
 4978  0 
 4979  0 
 4980  0 
 4981  0 
 4982  0 
 4983  0 
 4984  0 
 4985  0 
 4986  0 
 4987  0 
 4988  0 
 4989  0 
 4990  0 
 4991  0 
 4992  0 
 4993  0 
 4994  0 
 4995  0 
 4996  0 
 4997  0 
 4998  0 
 4999  0 
 5000  0 
 5001  0 
 5002  0 
 5003  0 
 5004  0 
 5005  1 
 5006  0 
 5007  0 
 5008  0 
 5009  1 
 5010  0 
 5011  0 
 5012  0 
 5013  0 
 5014  0 
 5015  0 
 5016  0 
 5017  0 
 5018  0 
 5019  0 
 5020  0 
 5021  0 
 5022  0 
 5023  0 
 5024  0 
 5025  0 
 5026  0 
 5027  0 
 5028  0 
 5029  0 
 5030  0 
 5031  0 
 5032  0 
 5033  0 
 5034  0 
 5035  1 
 5036  0 
 5037  0 
 5038  0 
 5039  0 
 5040  0 
 5041  0 
 5042  0 
 5043  0 
 5044  0 
 5045  0 
 5046  0 
 5047  0 
 5048  0 
 5049  0 
 5050  0 
 5051  0 
 5052  0 
 5053  0 
 5054  0 
 5055  0 
 5056  0 
 5057  1 
 5058  0 
 5059  0 
 5060  0 
 5061  0 
 5062  0 
 5063  0 
 5064  0 
 5065  0 
 5066  0 
 5067  0 
 5068  0 
 5069  0 
 5070  0 
 5071  0 
 5072  0 
 5073  0 
 5074  0 
 5075  0 
 5076  0 
 5077  0 
 5078  0 
 5079  0 
 5080  0 
 5081  0 
 5082  0 
 5083  0 
 5084  0 
 5085  0 
 5086  0 
 5087  0 
 5088  1 
 5089  0 
 5090  0 
 5091  0 
 5092  0 
 5093  0 
 5094  0 
 5095  0 
 5096  0 
 5097  0 
 5098  0 
 5099  0 
 5100  0 
 5101  0 
 5102  0 
 5103  0 
 5104  0 
 5105  0 
 5106  0 
 5107  0 
 5108  0 
 5109  0 
 5110  0 
 5111  0 
 5112  0 
 5113  0 
 5114  0 
 5115  0 
 5116  0 
 5117  0 
 5118  0 
 5119  0 
 5120  0 
 5121  0 
 5122  0 
 5123  0 
 5124  0 
 5125  0 
 5126  0 
 5127  0 
 5128  0 
 5129  0 
 5130  0 
 5131  0 
 5132  0 
 5133  0 
 5134  0 
 5135  0 
 5136  0 
 5137  0 
 5138  0 
 5139  0 
 5140  0 
 5141  0 
 5142  1 
 5143  0 
 5144  0 
 5145  0 
 5146  0 
 5147  0 
 5148  0 
 5149  0 
 5150  0 
 5151  0 
 5152  0 
 5153  0 
 5154  0 
 5155  0 
 5156  0 
 5157  0 
 5158  0 
 5159  0 
 5160  0 
 5161  0 
 5162  0 
 5163  0 
 5164  0 
 5165  0 
 5166  0 
 5167  0 
 5168  0 
 5169  0 
 5170  0 
 5171  0 
 5172  0 
 5173  0 
 5174  0 
 5175  0 
 5176  0 
 5177  0 
 5178  0 
 5179  0 
 5180  0 
 5181  0 
 5182  0 
 5183  0 
 5184  0 
 5185  0 
 5186  0 
 5187  0 
 5188  0 
 5189  0 
 5190  0 
 5191  0 
 5192  0 
 5193  0 
 5194  0 
 5195  0 
 5196  0 
 5197  0 
 5198  0 
 5199  0 
 5200  0 
 5201  0 
 5202  0 
 5203  0 
 5204  0 
 5205  0 
 5206  0 
 5207  0 
 5208  0 
 5209  0 
 5210  0 
 5211  0 
 5212  0 
 5213  0 
 5214  0 
 5215  0 
 5216  0 
 5217  0 
 5218  0 
 5219  0 
 5220  0 
 5221  0 
 5222  0 
 5223  0 
 5224  0 
 5225  0 
 5226  0 
 5227  0 
 5228  0 
 5229  0 
 5230  0 
 5231  0 
 5232  0 
 5233  0 
 5234  0 
 5235  0 
 5236  0 
 5237  0 
 5238  0 
 5239  0 
 5240  0 
 5241  0 
 5242  0 
 5243  0 
 5244  0 
 5245  0 
 5246  0 
 5247  0 
 5248  0 
 5249  0 
 5250  0 
 5251  0 
 5252  0 
 5253  0 
 5254  0 
 5255  0 
 5256  0 
 5257  0 
 5258  1 
 5259  0 
 5260  0 
 5261  0 
 5262  0 
 5263  1 
 5264  0 
 5265  0 
 5266  0 
 5267  0 
 5268  0 
 5269  0 
 5270  0 
 5271  0 
 5272  0 
 5273  0 
 5274  0 
 5275  0 
 5276  0 
 5277  0 
 5278  0 
 5279  0 
 5280  0 
 5281  0 
 5282  0 
 5283  0 
 5284  0 
 5285  0 
 5286  0 
 5287  0 
 5288  0 
 5289  0 
 5290  0 
 5291  0 
 5292  0 
 5293  0 
 5294  0 
 5295  0 
 5296  0 
 5297  0 
 5298  0 
 5299  0 
 5300  0 
 5301  0 
 5302  0 
 5303  0 
 5304  0 
 5305  0 
 5306  0 
 5307  0 
 5308  0 
 5309  0 
 5310  0 
 5311  0 
 5312  0 
 5313  0 
 5314  0 
 5315  0 
 5316  0 
 5317  0 
 5318  0 
 5319  0 
 5320  0 
 5321  0 
 5322  0 
 5323  0 
 5324  0 
 5325  0 
 5326  0 
 5327  0 
 5328  0 
 5329  0 
 5330  0 
 5331  0 
 5332  0 
 5333  0 
 5334  0 
 5335  0 
 5336  0 
 5337  1 
 5338  0 
 5339  0 
 5340  0 
 5341  0 
 5342  0 
 5343  0 
 5344  0 
 5345  0 
 5346  0 
 5347  0 
 5348  0 
 5349  0 
 5350  0 
 5351  0 
 5352  0 
 5353  0 
 5354  0 
 5355  0 
 5356  0 
 5357  0 
 5358  0 
 5359  0 
 5360  0 
 5361  0 
 5362  0 
 5363  0 
 5364  0 
 5365  0 
 5366  0 
 5367  0 
 5368  0 
 5369  0 
 5370  0 
 5371  0 
 5372  0 
 5373  0 
 5374  0 
 5375  0 
 5376  0 
 5377  0 
 5378  0 
 5379  0 
 5380  0 
 5381  0 
 5382  0 
 5383  0 
 5384  0 
 5385  0 
 5386  0 
 5387  0 
 5388  0 
 5389  0 
 5390  0 
 5391  0 
 5392  0 
 5393  0 
 5394  0 
 5395  0 
 5396  0 
 5397  0 
 5398  0 
 5399  0 
 5400  0 
 5401  0 
 5402  0 
 5403  0 
 5404  0 
 5405  0 
 5406  0 
 5407  1 
 5408  0 
 5409  0 
 5410  0 
 5411  0 
 5412  0 
 5413  0 
 5414  0 
 5415  0 
 5416  0 
 5417  0 
 5418  0 
 5419  0 
 5420  0 
 5421  0 
 5422  0 
 5423  0 
 5424  0 
 5425  0 
 5426  0 
 5427  0 
 5428  0 
 5429  0 
 5430  0 
 5431  0 
 5432  0 
 5433  0 
 5434  1 
 5435  0 
 5436  0 
 5437  0 
 5438  0 
 5439  0 
 5440  1 
 5441  0 
 5442  0 
 5443  0 
 5444  0 
 5445  0 
 5446  0 
 5447  0 
 5448  0 
 5449  0 
 5450  0 
 5451  0 
 5452  0 
 5453  0 
 5454  0 
 5455  0 
 5456  0 
 5457  0 
 5458  0 
 5459  0 
 5460  0 
 5461  0 
 5462  0 
 5463  0 
 5464  0 
 5465  0 
 5466  0 
 5467  1 
 5468  0 
 5469  0 
 5470  0 
 5471  0 
 5472  0 
 5473  0 
 5474  0 
 5475  0 
 5476  0 
 5477  0 
 5478  0 
 5479  0 
 5480  0 
 5481  0 
 5482  0 
 5483  0 
 5484  0 
 5485  0 
 5486  0 
 5487  0 
 5488  0 
 5489  0 
 5490  0 
 5491  0 
 5492  0 
 5493  0 
 5494  0 
 5495  0 
 5496  1 
 5497  0 
 5498  0 
 5499  0 
 5500  0 
 5501  0 
 5502  0 
 5503  0 
 5504  0 
 5505  0 
 5506  0 
 5507  0 
 5508  0 
 5509  0 
 5510  0 
 5511  0 
 5512  0 
 5513  0 
 5514  0 
 5515  0 
 5516  0 
 5517  0 
 5518  0 
 5519  0 
 5520  0 
 5521  0 
 5522  0 
 5523  0 
 5524  0 
 5525  0 
 5526  0 
 5527  0 
 5528  0 
 5529  0 
 5530  0 
 5531  0 
 5532  1 
 5533  0 
 5534  0 
 5535  0 
 5536  0 
 5537  0 
 5538  0 
 5539  0 
 5540  0 
 5541  0 
 5542  0 
 5543  0 
 5544  0 
 5545  0 
 5546  0 
 5547  1 
 5548  0 
 5549  0 
 5550  0 
 5551  0 
 5552  0 
 5553  0 
 5554  0 
 5555  0 
 5556  0 
 5557  0 
 5558  0 
 5559  0 
 5560  0 
 5561  0 
 5562  0 
 5563  0 
 5564  0 
 5565  0 
 5566  0 
 5567  0 
 5568  0 
 5569  0 
 5570  0 
 5571  0 
 5572  0 
 5573  0 
 5574  0 
 5575  0 
 5576  0 
 5577  0 
 5578  0 
 5579  0 
 5580  0 
 5581  0 
 5582  0 
 5583  0 
 5584  0 
 5585  0 
 5586  0 
 5587  0 
 5588  0 
 5589  0 
 5590  0 
 5591  0 
 5592  0 
 5593  0 
 5594  0 
 5595  0 
 5596  0 
 5597  0 
 5598  0 
 5599  0 
 5600  0 
 5601  0 
 5602  0 
 5603  0 
 5604  0 
 5605  0 
 5606  0 
 5607  0 
 5608  0 
 5609  0 
 5610  0 
 5611  0 
 5612  0 
 5613  0 
 5614  0 
 5615  0 
 5616  0 
 5617  0 
 5618  0 
 5619  0 
 5620  0 
 5621  0 
 5622  0 
 5623  0 
 5624  0 
 5625  0 
 5626  0 
 5627  0 
 5628  0 
 5629  0 
 5630  0 
 5631  0 
 5632  0 
 5633  0 
 5634  0 
 5635  0 
 5636  0 
 5637  0 
 5638  0 
 5639  0 
 5640  0 
 5641  0 
 5642  0 
 5643  0 
 5644  0 
 5645  0 
 5646  0 
 5647  0 
 5648  0 
 5649  0 
 5650  0 
 5651  0 
 5652  0 
 5653  0 
 5654  0 
 5655  0 
 5656  0 
 5657  0 
 5658  0 
 5659  0 
 5660  0 
 5661  1 
 5662  0 
 5663  0 
 5664  0 
 5665  0 
 5666  0 
 5667  1 
 5668  0 
 5669  1 
 5670  0 
 5671  0 
 5672  0 
 5673  0 
 5674  0 
 5675  0 
 5676  0 
 5677  0 
 5678  0 
 5679  1 
 5680  0 
 5681  0 
 5682  0 
 5683  0 
 5684  0 
 5685  0 
 5686  0 
 5687  0 
 5688  0 
 5689  0 
 5690  0 
 5691  0 
 5692  0 
 5693  0 
 5694  0 
 5695  0 
 5696  0 
 5697  0 
 5698  0 
 5699  0 
 5700  0 
 5701  0 
 5702  0 
 5703  0 
 5704  0 
 5705  0 
 5706  0 
 5707  0 
 5708  0 
 5709  1 
 5710  0 
 5711  0 
 5712  1 
 5713  0 
 5714  1 
 5715  0 
 5716  0 
 5717  0 
 5718  0 
 5719  0 
 5720  0 
 5721  0 
 5722  0 
 5723  0 
 5724  0 
 5725  0 
 5726  0 
 5727  0 
 5728  0 
 5729  0 
 5730  0 
 5731  0 
 5732  0 
 5733  0 
 5734  0 
 5735  0 
 5736  0 
 5737  0 
 5738  0 
 5739  0 
 5740  0 
 5741  0 
 5742  0 
 5743  0 
 5744  0 
 5745  0 
 5746  0 
 5747  0 
 5748  0 
 5749  0 
 5750  0 
 5751  0 
 5752  0 
 5753  0 
 5754  0 
 5755  0 
 5756  0 
 5757  0 
 5758  0 
 5759  0 
 5760  0 
 5761  0 
 5762  0 
 5763  0 
 5764  0 
 5765  0 
 5766  0 
 5767  1 
 5768  0 
 5769  0 
 5770  0 
 5771  0 
 5772  0 
 5773  0 
 5774  0 
 5775  0 
 5776  0 
 5777  0 
 5778  0 
 5779  0 
 5780  0 
 5781  0 
 5782  1 
 5783  0 
 5784  0 
 5785  0 
 5786  0 
 5787  0 
 5788  0 
 5789  0 
 5790  0 
 5791  0 
 5792  0 
 5793  0 
 5794  0 
 5795  1 
 5796  0 
 5797  0 
 5798  0 
 5799  0 
 5800  0 
 5801  0 
 5802  0 
 5803  0 
 5804  0 
 5805  0 
 5806  0 
 5807  0 
 5808  0 
 5809  0 
 5810  0 
 5811  0 
 5812  0 
 5813  0 
 5814  0 
 5815  0 
 5816  0 
 5817  0 
 5818  1 
 5819  0 
 5820  0 
 5821  0 
 5822  0 
 5823  0 
 5824  0 
 5825  0 
 5826  0 
 5827  0 
 5828  0 
 5829  0 
 5830  0 
 5831  0 
 5832  0 
 5833  0 
 5834  0 
 5835  0 
 5836  0 
 5837  0 
 5838  0 
 5839  0 
 5840  0 
 5841  0 
 5842  0 
 5843  0 
 5844  0 
 5845  0 
 5846  0 
 5847  0 
 5848  0 
 5849  0 
 5850  0 
 5851  0 
 5852  0 
 5853  0 
 5854  0 
 5855  0 
 5856  0 
 5857  0 
 5858  0 
 5859  0 
 5860  0 
 5861  0 
 5862  0 
 5863  0 
 5864  0 
 5865  0 
 5866  0 
 5867  0 
 5868  0 
 5869  0 
 5870  0 
 5871  0 
 5872  0 
 5873  0 
 5874  0 
 5875  0 
 5876  0 
 5877  0 
 5878  0 
 5879  0 
 5880  0 
 5881  0 
 5882  1 
 5883  0 
 5884  0 
 5885  2 
 5886  1 
 5887  0 
 5888  0 
 5889  0 
 5890  0 
 5891  0 
 5892  0 
 5893  0 
 5894  0 
 5895  0 
 5896  1 
 5897  0 
 5898  1 
 5899  0 
 5900  1 
 5901  1 
 5902  0 
 5903  0 
 5904  0 
 5905  0 
 5906  0 
 5907  0 
 5908  0 
 5909  0 
 5910  1 
 5911  0 
 5912  0 
 5913  0 
 5914  0 
 5915  0 
 5916  0 
 5917  0 
 5918  0 
 5919  1 
 5920  0 
 5921  0 
 5922  1 
 5923  0 
 5924  0 
 5925  0 
 5926  0 
 5927  1 
 5928  0 
 5929  1 
 5930  0 
 5931  0 
 5932  0 
 5933  0 
 5934  0 
 5935  0 
 5936  0 
 5937  0 
 5938  0 
 5939  0 
 5940  0 
 5941  0 
 5942  0 
 5943  0 
 5944  1 
 5945  0 
 5946  0 
 5947  1 
 5948  0 
 5949  0 
 5950  1 
 5951  0 
 5952  1 
 5953  0 
 5954  0 
 5955  0 
 5956  0 
 5957  0 
 5958  0 
 5959  0 
 5960  0 
 5961  0 
 5962  0 
 5963  1 
 5964  0 
 5965  0 
 5966  2 
 5967  0 
 5968  0 
 5969  1 
 5970  0 
 5971  0 
 5972  0 
 5973  0 
 5974  0 
 5975  0 
 5976  1 
 5977  0 
 5978  0 
 5979  1 
 5980  0 
 5981  0 
 5982  0 
 5983  1 
 5984  0 
 5985  0 
 5986  1 
 5987  0 
 5988  1 
 5989  0 
 5990  0 
 5991  0 
 5992  0 
 5993  0 
 5994  1 
 5995  0 
 5996  0 
 5997  0 
 5998  0 
 5999  2 
 6000  0 
 6001  0 
 6002  0 
 6003  0 
 6004  2 
 6005  1 
 6006  0 
 6007  0 
 6008  0 
 6009  1 
 6010  0 
 6011  0 
 6012  0 
 6013  0 
 6014  0 
 6015  1 
 6016  0 
 6017  1 
 6018  1 
 6019  0 
 6020  0 
 6021  0 
 6022  0 
 6023  0 
 6024  0 
 6025  0 
 6026  0 
 6027  0 
 6028  0 
 6029  0 
 6030  0 
 6031  0 
 6032  0 
 6033  1 
 6034  0 
 6035  0 
 6036  0 
 6037  0 
 6038  0 
 6039  0 
 6040  0 
 6041  0 
 6042  0 
 6043  0 
 6044  0 
 6045  0 
 6046  0 
 6047  1 
 6048  1 
 6049  0 
 6050  0 
 6051  1 
 6052  0 
 6053  0 
 6054  0 
 6055  0 
 6056  0 
 6057  1 
 6058  0 
 6059  0 
 6060  0 
 6061  0 
 6062  0 
 6063  0 
 6064  0 
 6065  0 
 6066  0 
 6067  1 
 6068  0 
 6069  0 
 6070  0 
 6071  0 
 6072  0 
 6073  0 
 6074  0 
 6075  0 
 6076  0 
 6077  1 
 6078  1 
 6079  1 
 6080  0 
 6081  1 
 6082  0 
 6083  0 
 6084  0 
 6085  0 
 6086  0 
 6087  0 
 6088  0 
 6089  0 
 6090  0 
 6091  1 
 6092  0 
 6093  0 
 6094  0 
 6095  0 
 6096  0 
 6097  0 
 6098  0 
 6099  0 
 6100  0 
 6101  0 
 6102  0 
 6103  0 
 6104  0 
 6105  0 
 6106  0 
 6107  0 
 6108  0 
 6109  0 
 6110  0 
 6111  0 
 6112  0 
 6113  0 
 6114  0 
 6115  0 
 6116  0 
 6117  0 
 6118  0 
 6119  0 
 6120  0 
 6121  0 
 6122  0 
 6123  0 
 6124  0 
 6125  0 
 6126  0 
 6127  0 
 6128  0 
 6129  0 
 6130  0 
 6131  0 
 6132  0 
 6133  0 
 6134  0 
 6135  0 
 6136  0 
 6137  0 
 6138  0 
 6139  0 
 6140  0 
 6141  0 
 6142  0 
 6143  0 
 6144  0 
 6145  0 
 6146  0 
 6147  0 
 6148  0 
 6149  0 
 6150  0 
 6151  0 
 6152  0 
 6153  0 
 6154  0 
 6155  0 
 6156  0 
 6157  0 
 6158  0 
 6159  0 
 6160  0 
 6161  0 
 6162  0 
 6163  0 
 6164  0 
 6165  0 
 6166  0 
 6167  0 
 6168  0 
 6169  0 
 6170  0 
 6171  0 
 6172  0 
 6173  0 
 6174  0 
 6175  0 
 6176  0 
 6177  0 
 6178  0 
 6179  0 
 6180  0 
 6181  0 
 6182  0 
 6183  0 
 6184  0 
 6185  0 
 6186  0 
 6187  0 
 6188  0 
 6189  0 
 6190  0 
 6191  0 
 6192  0 
 6193  0 
 6194  0 
 6195  0 
 6196  0 
 6197  0 
 6198  0 
 6199  0 
 6200  0 
 6201  0 
 6202  0 
 6203  0 
 6204  0 
 6205  0 
 6206  0 
 6207  0 
 6208  0 
 6209  0 
 6210  0 
 6211  0 
 6212  0 
 6213  0 
 6214  0 
 6215  0 
 6216  0 
 6217  0 
 6218  0 
 6219  0 
 6220  0 
 6221  0 
 6222  0 
 6223  0 
 6224  0 
 6225  0 
 6226  0 
 6227  0 
 6228  0 
 6229  0 
 6230  0 
 6231  0 
 6232  0 
 6233  0 
 6234  0 
 6235  0 
 6236  0 
 6237  0 
 6238  0 
 6239  0 
 6240  0 
 6241  0 
 6242  0 
 6243  0 
 6244  0 
 6245  0 
 6246  0 
 6247  0 
 6248  0 
 6249  0 
 6250  0 
 6251  0 
 6252  0 
 6253  0 
 6254  0 
 6255  1 
 6256  0 
 6257  0 
 6258  0 
 6259  0 
 6260  1 
 6261  0 
 6262  0 
 6263  0 
 6264  0 
 6265  0 
 6266  0 
 6267  0 
 6268  0 
 6269  0 
 6270  0 
 6271  0 
 6272  0 
 6273  0 
 6274  0 
 6275  0 
 6276  0 
 6277  0 
 6278  0 
 6279  0 
 6280  0 
 6281  0 
 6282  0 
 6283  0 
 6284  0 
 6285  0 
 6286  0 
 6287  0 
 6288  0 
 6289  0 
 6290  0 
 6291  0 
 6292  0 
 6293  0 
 6294  0 
 6295  0 
 6296  1 
 6297  0 
 6298  0 
 6299  0 
 6300  0 
 6301  0 
 6302  0 
 6303  0 
 6304  0 
 6305  0 
 6306  0 
 6307  0 
 6308  0 
 6309  0 
 6310  0 
 6311  0 
 6312  0 
 6313  0 
 6314  0 
 6315  0 
 6316  0 
 6317  0 
 6318  0 
 6319  0 
 6320  0 
 6321  0 
 6322  0 
 6323  0 
 6324  0 
 6325  0 
 6326  0 
 6327  0 
 6328  0 
 6329  0 
 6330  0 
 6331  0 
 6332  0 
 6333  0 
 6334  0 
 6335  0 
 6336  0 
 6337  0 
 6338  0 
 6339  0 
 6340  0 
 6341  0 
 6342  0 
 6343  0 
 6344  0 
 6345  0 
 6346  0 
 6347  0 
 6348  0 
 6349  0 
 6350  0 
 6351  0 
 6352  0 
 6353  0 
 6354  0 
 6355  0 
 6356  0 
 6357  0 
 6358  0 
 6359  0 
 6360  0 
 6361  0 
 6362  0 
 6363  0 
 6364  0 
 6365  0 
 6366  0 
 6367  0 
 6368  0 
 6369  0 
 6370  0 
 6371  0 
 6372  0 
 6373  0 
 6374  0 
 6375  0 
 6376  1 
 6377  0 
 6378  0 
 6379  0 
 6380  0 
 6381  0 
 6382  0 
 6383  0 
 6384  0 
 6385  0 
 6386  0 
 6387  0 
 6388  0 
 6389  0 
 6390  0 
 6391  0 
 6392  0 
 6393  1 
 6394  0 
 6395  0 
 6396  0 
 6397  0 
 6398  0 
 6399  0 
 6400  0 
 6401  0 
 6402  0 
 6403  1 
 6404  0 
 6405  0 
 6406  0 
 6407  0 
 6408  0 
 6409  0 
 6410  0 
 6411  0 
 6412  0 
 6413  0 
 6414  0 
 6415  0 
 6416  0 
 6417  0 
 6418  0 
 6419  1 
 6420  0 
 6421  0 
 6422  0 
 6423  0 
 6424  0 
 6425  0 
 6426  0 
 6427  0 
 6428  0 
 6429  0 
 6430  0 
 6431  0 
 6432  0 
 6433  0 
 6434  0 
 6435  0 
 6436  0 
 6437  0 
 6438  0 
 6439  0 
 6440  0 
 6441  0 
 6442  0 
 6443  0 
 6444  0 
 6445  0 
 6446  0 
 6447  0 
 6448  0 
 6449  0 
 6450  0 
 6451  0 
 6452  0 
 6453  0 
 6454  0 
 6455  0 
 6456  0 
 6457  0 
 6458  0 
 6459  0 
 6460  0 
 6461  0 
 6462  0 
 6463  0 
 6464  0 
 6465  0 
 6466  1 
 6467  0 
 6468  0 
 6469  0 
 6470  0 
 6471  0 
 6472  0 
 6473  0 
 6474  0 
 6475  0 
 6476  0 
 6477  0 
 6478  0 
 6479  0 
 6480  0 
 6481  0 
 6482  0 
 6483  0 
 6484  0 
 6485  0 
 6486  0 
 6487  0 
 6488  0 
 6489  0 
 6490  0 
 6491  0 
 6492  0 
 6493  0 
 6494  0 
 6495  0 
 6496  0 
 6497  0 
 6498  0 
 6499  0 
 6500  0 
 6501  0 
 6502  0 
 6503  0 
 6504  0 
 6505  0 
 6506  0 
 6507  0 
 6508  0 
 6509  0 
 6510  0 
 6511  0 
 6512  0 
 6513  0 
 6514  0 
 6515  0 
 6516  0 
 6517  0 
 6518  0 
 6519  0 
 6520  0 
 6521  0 
 6522  0 
 6523  0 
 6524  0 
 6525  0 
 6526  0 
 6527  0 
 6528  0 
 6529  0 
 6530  0 
 6531  0 
 6532  0 
 6533  0 
 6534  0 
 6535  0 
 6536  0 
 6537  0 
 6538  0 
 6539  0 
 6540  0 
 6541  0 
 6542  0 
 6543  0 
 6544  0 
 6545  0 
 6546  0 
 6547  0 
 6548  0 
 6549  0 
 6550  0 
 6551  0 
 6552  0 
 6553  0 
 6554  0 
 6555  0 
 6556  0 
 6557  0 
 6558  0 
 6559  0 
 6560  0 
 6561  0 
 6562  0 
 6563  0 
 6564  0 
 6565  1 
 6566  0 
 6567  0 
 6568  0 
 6569  0 
 6570  0 
 6571  0 
 6572  0 
 6573  0 
 6574  0 
 6575  0 
 6576  0 
 6577  0 
 6578  0 
 6579  0 
 6580  0 
 6581  0 
 6582  0 
 6583  0 
 6584  0 
 6585  0 
 6586  0 
 6587  0 
 6588  0 
 6589  0 
 6590  0 
 6591  0 
 6592  0 
 6593  0 
 6594  0 
 6595  0 
 6596  0 
 6597  0 
 6598  0 
 6599  0 
 6600  0 
 6601  0 
 6602  0 
 6603  0 
 6604  0 
 6605  0 
 6606  0 
 6607  0 
 6608  0 
 6609  0 
 6610  0 
 6611  0 
 6612  0 
 6613  0 
 6614  0 
 6615  0 
 6616  0 
 6617  0 
 6618  0 
 6619  0 
 6620  0 
 6621  0 
 6622  0 
 6623  0 
 6624  0 
 6625  0 
 6626  0 
 6627  0 
 6628  0 
 6629  0 
 6630  0 
 6631  0 
 6632  0 
 6633  0 
 6634  0 
 6635  0 
 6636  0 
 6637  0 
 6638  0 
 6639  0 
 6640  0 
 6641  0 
 6642  0 
 6643  0 
 6644  0 
 6645  0 
 6646  0 
 6647  0 
 6648  0 
 6649  0 
 6650  0 
 6651  0 
 6652  0 
 6653  0 
 6654  0 
 6655  0 
 6656  0 
 6657  0 
 6658  0 
 6659  0 
 6660  0 
 6661  0 
 6662  0 
 6663  0 
 6664  0 
 6665  0 
 6666  0 
 6667  0 
 6668  0 
 6669  0 
 6670  0 
 6671  0 
 6672  0 
 6673  0 
 6674  0 
 6675  0 
 6676  0 
 6677  0 
 6678  0 
 6679  0 
 6680  0 
 6681  0 
 6682  0 
 6683  0 
 6684  0 
 6685  0 
 6686  0 
 6687  0 
 6688  0 
 6689  0 
 6690  0 
 6691  0 
 6692  0 
 6693  0 
 6694  0 
 6695  0 
 6696  0 
 6697  0 
 6698  0 
 6699  0 
 6700  0 
 6701  0 
 6702  0 
 6703  0 
 6704  0 
 6705  0 
 6706  0 
 6707  0 
 6708  0 
 6709  0 
 6710  0 
 6711  0 
 6712  0 
 6713  0 
 6714  0 
 6715  0 
 6716  0 
 6717  0 
 6718  0 
 6719  0 
 6720  0 
 6721  0 
 6722  0 
 6723  0 
 6724  0 
 6725  0 
 6726  0 
 6727  0 
 6728  0 
 6729  0 
 6730  0 
 6731  0 
 6732  0 
 6733  0 
 6734  0 
 6735  0 
 6736  0 
 6737  0 
 6738  0 
 6739  0 
 6740  0 
 6741  0 
 6742  0 
 6743  0 
 6744  0 
 6745  0 
 6746  0 
 6747  0 
 6748  0 
 6749  0 
 6750  0 
 6751  0 
 6752  0 
 6753  0 
 6754  0 
 6755  0 
 6756  0 
 6757  0 
 6758  0 
 6759  0 
 6760  0 
 6761  0 
 6762  0 
 6763  0 
 6764  0 
 6765  0 
 6766  0 
 6767  0 
 6768  0 
 6769  0 
 6770  0 
 6771  0 
 6772  0 
 6773  0 
 6774  0 
 6775  0 
 6776  0 
 6777  0 
 6778  0 
 6779  0 
 6780  0 
 6781  0 
 6782  0 
 6783  0 
 6784  0 
 6785  0 
 6786  0 
 6787  0 
 6788  0 
 6789  0 
 6790  0 
 6791  0 
 6792  0 
 6793  0 
 6794  0 
 6795  0 
 6796  0 
 6797  0 
 6798  0 
 6799  0 
 6800  1 
 6801  0 
 6802  0 
 6803  0 
 6804  0 
 6805  0 
 6806  0 
 6807  0 
 6808  0 
 6809  0 
 6810  0 
 6811  0 
 6812  0 
 6813  0 
 6814  0 
 6815  0 
 6816  0 
 6817  0 
 6818  0 
 6819  0 
 6820  0 
 6821  0 
 6822  0 
 6823  0 
 6824  0 
 6825  0 
 6826  0 
 6827  0 
 6828  0 
 6829  0 
 6830  0 
 6831  0 
 6832  0 
 6833  0 
 6834  0 
 6835  0 
 6836  0 
 6837  0 
 6838  0 
 6839  0 
 6840  0 
 6841  0 
 6842  0 
 6843  0 
 6844  0 
 6845  0 
 6846  0 
 6847  0 
 6848  0 
 6849  0 
 6850  0 
 6851  0 
 6852  0 
 6853  0 
 6854  0 
 6855  0 
 6856  0 
 6857  0 
 6858  0 
 6859  0 
 6860  0 
 6861  0 
 6862  0 
 6863  0 
 6864  0 
 6865  0 
 6866  0 
 6867  0 
 6868  0 
 6869  0 
 6870  0 
 6871  0 
 6872  0 
 6873  0 
 6874  0 
 6875  0 
 6876  0 
 6877  0 
 6878  0 
 6879  0 
 6880  0 
 6881  0 
 6882  0 
 6883  0 
 6884  0 
 6885  0 
 6886  0 
 6887  0 
 6888  0 
 6889  0 
 6890  0 
 6891  0 
 6892  0 
 6893  0 
 6894  0 
 6895  0 
 6896  0 
 6897  0 
 6898  0 
 6899  0 
 6900  0 
 6901  0 
 6902  0 
 6903  0 
 6904  0 
 6905  0 
 6906  0 
 6907  0 
 6908  0 
 6909  0 
 6910  0 
 6911  0 
 6912  0 
 6913  0 
 6914  0 
 6915  0 
 6916  0 
 6917  0 
 6918  0 
 6919  0 
 6920  0 
 6921  0 
 6922  0 
 6923  0 
 6924  0 
 6925  0 
 6926  0 
 6927  0 
 6928  0 
 6929  0 
 6930  0 
 6931  0 
 6932  0 
 6933  0 
 6934  0 
 6935  0 
 6936  0 
 6937  0 
 6938  0 
 6939  0 
 6940  0 
 6941  0 
 6942  0 
 6943  0 
 6944  0 
 6945  0 
 6946  0 
 6947  0 
 6948  0 
 6949  0 
 6950  0 
 6951  0 
 6952  0 
 6953  0 
 6954  0 
 6955  0 
 6956  0 
 6957  0 
 6958  0 
 6959  0 
 6960  0 
 6961  0 
 6962  0 
 6963  0 
 6964  0 
 6965  0 
 6966  0 
 6967  0 
 6968  0 
 6969  0 
 6970  0 
 6971  0 
 6972  0 
 6973  0 
 6974  0 
 6975  0 
 6976  0 
 6977  0 
 6978  0 
 6979  0 
 6980  0 
 6981  0 
 6982  0 
 6983  0 
 6984  0 
 6985  0 
 6986  0 
 6987  0 
 6988  0 
 6989  0 
 6990  0 
 6991  0 
 6992  0 
 6993  0 
 6994  0 
 6995  0 
 6996  0 
 6997  0 
 6998  0 
 6999  0 
 7000  0 
 7001  0 
 7002  0 
 7003  0 
 7004  0 
 7005  0 
 7006  0 
 7007  0 
 7008  0 
 7009  0 
 7010  0 
 7011  0 
 7012  0 
 7013  0 
 7014  0 
 7015  0 
 7016  0 
 7017  0 
 7018  0 
 7019  0 
 7020  0 
 7021  0 
 7022  0 
 7023  0 
 7024  0 
 7025  0 
 7026  0 
 7027  0 
 7028  0 
 7029  0 
 7030  0 
 7031  0 
 7032  0 
 7033  0 
 7034  0 
 7035  0 
 7036  0 
 7037  0 
 7038  0 
 7039  0 
 7040  0 
 7041  0 
 7042  0 
 7043  0 
 7044  0 
 7045  0 
 7046  0 
 7047  0 
 7048  0 
 7049  0 
 7050  0 
 7051  0 
 7052  0 
 7053  0 
 7054  0 
 7055  0 
 7056  0 
 7057  0 
 7058  0 
 7059  0 
 7060  0 
 7061  0 
 7062  0 
 7063  0 
 7064  0 
 7065  0 
 7066  0 
 7067  0 
 7068  0 
 7069  0 
 7070  0 
 7071  0 
 7072  0 
 7073  0 
 7074  0 
 7075  0 
 7076  0 
 7077  0 
 7078  0 
 7079  0 
 7080  0 
 7081  0 
 7082  0 
 7083  0 
 7084  0 
 7085  0 
 7086  0 
 7087  0 
 7088  0 
 7089  0 
 7090  0 
 7091  0 
 7092  0 
 7093  0 
 7094  0 
 7095  0 
 7096  0 
 7097  0 
 7098  0 
 7099  0 
 7100  0 
 7101  0 
 7102  0 
 7103  0 
 7104  0 
 7105  0 
 7106  0 
 7107  0 
 7108  0 
 7109  0 
 7110  0 
 7111  0 
 7112  0 
 7113  0 
 7114  0 
 7115  0 
 7116  0 
 7117  0 
 7118  0 
 7119  0 
 7120  0 
 7121  0 
 7122  0 
 7123  0 
 7124  0 
 7125  0 
 7126  0 
 7127  0 
 7128  0 
 7129  0 
 7130  0 
 7131  0 
 7132  0 
 7133  0 
 7134  0 
 7135  0 
 7136  0 
 7137  0 
 7138  0 
 7139  0 
 7140  0 
 7141  0 
 7142  0 
 7143  0 
 7144  0 
 7145  0 
 7146  0 
 7147  0 
 7148  0 
 7149  0 
 7150  0 
 7151  0 
 7152  0 
 7153  0 
 7154  0 
 7155  0 
 7156  0 
 7157  0 
 7158  0 
 7159  0 
 7160  0 
 7161  0 
 7162  0 
 7163  0 
 7164  0 
 7165  0 
 7166  0 
 7167  0 
 7168  0 
 7169  0 
 7170  0 
 7171  0 
 7172  0 
 7173  0 
 7174  0 
 7175  0 
 7176  0 
 7177  0 
 7178  0 
 7179  0 
 7180  0 
 7181  0 
 7182  0 
 7183  0 
 7184  0 
 7185  0 
 7186  0 
 7187  0 
 7188  0 
 7189  0 
 7190  0 
 7191  0 
 7192  0 
 7193  0 
 7194  0 
 7195  0 
 7196  0 
 7197  0 
 7198  0 
 7199  0 
 7200  0 
 7201  0 
 7202  0 
 7203  0 
 7204  0 
 7205  0 
 7206  0 
 7207  0 
 7208  0 
 7209  0 
 7210  0 
 7211  0 
 7212  0 
 7213  0 
 7214  0 
 7215  0 
 7216  0 
 7217  0 
 7218  0 
 7219  0 
 7220  0 
 7221  0 
 7222  0 
 7223  0 
 7224  0 
 7225  0 
 7226  0 
 7227  0 
 7228  0 
 7229  0 
 7230  0 
 7231  0 
 7232  0 
 7233  0 
 7234  0 
 7235  0 
 7236  0 
 7237  0 
 7238  0 
 7239  0 
 7240  0 
 7241  0 
 7242  0 
 7243  0 
 7244  0 
 7245  0 
 7246  0 
 7247  0 
 7248  0 
 7249  0 
 7250  0 
 7251  0 
 7252  0 
 7253  0 
 7254  0 
 7255  0 
 7256  0 
 7257  0 
 7258  0 
 7259  0 
 7260  0 
 7261  0 
 7262  0 
 7263  0 
 7264  0 
 7265  0 
 7266  0 
 7267  0 
 7268  0 
 7269  0 
 7270  0 
 7271  0 
 7272  0 
 7273  0 
 7274  0 
 7275  0 
 7276  0 
 7277  0 
 7278  0 
 7279  0 
 7280  0 
 7281  0 
 7282  0 
 7283  0 
 7284  0 
 7285  0 
 7286  0 
 7287  0 
 7288  0 
 7289  0 
 7290  0 
 7291  0 
 7292  0 
 7293  0 
 7294  0 
 7295  0 
 7296  0 
 7297  0 
 7298  0 
 7299  0 
 7300  0 
 7301  0 
 7302  0 
 7303  0 
 7304  0 
 7305  0 
 7306  0 
 7307  0 
 7308  0 
 7309  0 
 7310  0 
 7311  0 
 7312  0 
 7313  0 
 7314  0 
 7315  0 
 7316  0 
 7317  0 
 7318  0 
 7319  0 
 7320  0 
 7321  0 
 7322  0 
 7323  0 
 7324  0 
 7325  0 
 7326  0 
 7327  0 
 7328  0 
 7329  0 
 7330  0 
 7331  0 
 7332  0 
 7333  0 
 7334  0 
 7335  0 
 7336  0 
 7337  0 
 7338  0 
 7339  0 
 7340  0 
 7341  0 
 7342  0 
 7343  0 
 7344  0 
 7345  0 
 7346  0 
 7347  0 
 7348  0 
 7349  0 
 7350  0 
 7351  0 
 7352  0 
 7353  0 
 7354  0 
 7355  0 
 7356  0 
 7357  0 
 7358  0 
 7359  0 
 7360  0 
 7361  0 
 7362  0 
 7363  0 
 7364  0 
 7365  0 
 7366  0 
 7367  0 
 7368  0 
 7369  0 
 7370  0 
 7371  0 
 7372  0 
 7373  0 
 7374  0 
 7375  0 
 7376  0 
 7377  0 
 7378  0 
 7379  0 
 7380  0 
 7381  0 
 7382  0 
 7383  0 
 7384  0 
 7385  0 
 7386  0 
 7387  0 
 7388  0 
 7389  0 
 7390  0 
 7391  0 
 7392  0 
 7393  0 
 7394  0 
 7395  0 
 7396  0 
 7397  0 
 7398  0 
 7399  0 
 7400  0 
 7401  0 
 7402  0 
 7403  0 
 7404  0 
 7405  0 
 7406  0 
 7407  0 
 7408  0 
 7409  0 
 7410  0 
 7411  0 
 7412  0 
 7413  0 
 7414  0 
 7415  0 
 7416  0 
 7417  0 
 7418  0 
 7419  0 
 7420  0 
 7421  0 
 7422  0 
 7423  0 
 7424  0 
 7425  0 
 7426  0 
 7427  0 
 7428  0 
 7429  0 
 7430  0 
 7431  0 
 7432  0 
 7433  0 
 7434  0 
 7435  0 
 7436  0 
 7437  0 
 7438  0 
 7439  0 
 7440  0 
 7441  0 
 7442  0 
 7443  0 
 7444  0 
 7445  0 
 7446  0 
 7447  0 
 7448  0 
 7449  0 
 7450  0 
 7451  0 
 7452  0 
 7453  0 
 7454  0 
 7455  0 
 7456  0 
 7457  0 
 7458  0 
 7459  0 
 7460  0 
 7461  0 
 7462  0 
 7463  0 
 7464  0 
 7465  0 
 7466  0 
 7467  0 
 7468  0 
 7469  0 
 7470  0 
 7471  0 
 7472  0 
 7473  0 
 7474  0 
 7475  0 
 7476  0 
 7477  0 
 7478  0 
 7479  0 
 7480  0 
 7481  0 
 7482  0 
 7483  0 
 7484  0 
 7485  0 
 7486  0 
 7487  0 
 7488  0 
 7489  0 
 7490  0 
 7491  0 
 7492  0 
 7493  0 
 7494  0 
 7495  0 
 7496  0 
 7497  0 
 7498  0 
 7499  0 
 7500  0 
 7501  0 
 7502  0 
 7503  0 
 7504  0 
 7505  0 
 7506  0 
 7507  0 
 7508  0 
 7509  0 
 7510  0 
 7511  0 
 7512  0 
 7513  0 
 7514  0 
 7515  0 
 7516  0 
 7517  0 
 7518  0 
 7519  0 
 7520  0 
 7521  0 
 7522  0 
 7523  0 
 7524  0 
 7525  0 
 7526  0 
 7527  0 
 7528  0 
 7529  0 
 7530  0 
 7531  0 
 7532  0 
 7533  0 
 7534  0 
 7535  0 
 7536  0 
 7537  0 
 7538  0 
 7539  0 
 7540  0 
 7541  0 
 7542  0 
 7543  0 
 7544  0 
 7545  0 
 7546  0 
 7547  0 
 7548  0 
 7549  0 
 7550  0 
 7551  0 
 7552  0 
 7553  0 
 7554  0 
 7555  0 
 7556  0 
 7557  0 
 7558  0 
 7559  0 
 7560  0 
 7561  0 
 7562  0 
 7563  0 
 7564  0 
 7565  0 
 7566  0 
 7567  0 
 7568  0 
 7569  0 
 7570  0 
 7571  0 
 7572  0 
 7573  0 
 7574  0 
 7575  0 
 7576  0 
 7577  0 
 7578  0 
 7579  0 
 7580  0 
 7581  0 
 7582  0 
 7583  0 
 7584  0 
 7585  0 
 7586  0 
 7587  0 
 7588  0 
 7589  0 
 7590  0 
 7591  0 
 7592  0 
 7593  0 
 7594  0 
 7595  0 
 7596  0 
 7597  0 
 7598  0 
 7599  0 
 7600  0 
 7601  0 
 7602  0 
 7603  0 
 7604  0 
 7605  0 
 7606  0 
 7607  0 
 7608  0 
 7609  0 
 7610  0 
 7611  0 
 7612  0 
 7613  0 
 7614  0 
 7615  0 
 7616  0 
 7617  0 
 7618  0 
 7619  0 
 7620  0 
 7621  0 
 7622  0 
 7623  0 
 7624  0 
 7625  0 
 7626  0 
 7627  0 
 7628  0 
 7629  0 
 7630  0 
 7631  0 
 7632  0 
 7633  0 
 7634  0 
 7635  0 
 7636  0 
 7637  0 
 7638  0 
 7639  0 
 7640  0 
 7641  0 
 7642  0 
 7643  0 
 7644  0 
 7645  0 
 7646  0 
 7647  0 
 7648  0 
 7649  0 
 7650  0 
 7651  0 
 7652  0 
 7653  0 
 7654  0 
 7655  0 
 7656  0 
 7657  0 
 7658  0 
 7659  0 
 7660  0 
 7661  0 
 7662  0 
 7663  0 
 7664  0 
 7665  0 
 7666  0 
 7667  0 
 7668  0 
 7669  0 
 7670  0 
 7671  0 
 7672  0 
 7673  0 
 7674  0 
 7675  0 
 7676  0 
 7677  0 
 7678  0 
 7679  0 
 7680  0 
 7681  0 
 7682  0 
 7683  0 
 7684  0 
 7685  0 
 7686  0 
 7687  0 
 7688  0 
 7689  0 
 7690  0 
 7691  0 
 7692  0 
 7693  0 
 7694  0 
 7695  0 
 7696  0 
 7697  0 
 7698  0 
 7699  0 
 7700  0 
 7701  0 
 7702  0 
 7703  0 
 7704  0 
 7705  0 
 7706  0 
 7707  0 
 7708  0 
 7709  0 
 7710  0 
 7711  0 
 7712  0 
 7713  0 
 7714  0 
 7715  0 
 7716  0 
 7717  0 
 7718  0 
 7719  0 
 7720  0 
 7721  0 
 7722  0 
 7723  0 
 7724  0 
 7725  0 
 7726  0 
 7727  0 
 7728  0 
 7729  0 
 7730  0 
 7731  0 
 7732  0 
 7733  0 
 7734  0 
 7735  0 
 7736  0 
 7737  0 
 7738  0 
 7739  0 
 7740  0 
 7741  0 
 7742  0 
 7743  0 
 7744  0 
 7745  0 
 7746  0 
 7747  0 
 7748  0 
 7749  0 
 7750  0 
 7751  0 
 7752  0 
 7753  0 
 7754  0 
 7755  0 
 7756  0 
 7757  0 
 7758  0 
 7759  0 
 7760  0 
 7761  0 
 7762  0 
 7763  0 
 7764  0 
 7765  0 
 7766  0 
 7767  0 
 7768  0 
 7769  0 
 7770  0 
 7771  0 
 7772  0 
 7773  0 
 7774  0 
 7775  0 
 7776  0 
 7777  0 
 7778  0 
 7779  0 
 7780  0 
 7781  0 
 7782  0 
 7783  0 
 7784  0 
 7785  0 
 7786  0 
 7787  0 
 7788  0 
 7789  0 
 7790  0 
 7791  0 
 7792  0 
 7793  0 
 7794  0 
 7795  0 
 7796  0 
 7797  0 
 7798  0 
 7799  0 
 7800  0 
 7801  0 
 7802  0 
 7803  0 
 7804  0 
 7805  0 
 7806  0 
 7807  0 
 7808  0 
 7809  0 
 7810  0 
 7811  0 
 7812  0 
 7813  0 
 7814  0 
 7815  0 
 7816  0 
 7817  0 
 7818  0 
 7819  0 
 7820  0 
 7821  0 
 7822  0 
 7823  0 
 7824  0 
 7825  0 
 7826  0 
 7827  0 
 7828  0 
 7829  0 
 7830  0 
 7831  0 
 7832  0 
 7833  0 
 7834  0 
 7835  0 
 7836  0 
 7837  0 
 7838  0 
 7839  0 
 7840  0 
 7841  0 
 7842  0 
 7843  0 
 7844  0 
 7845  0 
 7846  0 
 7847  0 
 7848  0 
 7849  0 
 7850  0 
 7851  0 
 7852  0 
 7853  0 
 7854  0 
 7855  0 
 7856  0 
 7857  0 
 7858  0 
 7859  0 
 7860  0 
 7861  0 
 7862  0 
 7863  0 
 7864  0 
 7865  0 
 7866  0 
 7867  0 
 7868  0 
 7869  0 
 7870  0 
 7871  0 
 7872  0 
 7873  0 
 7874  0 
 7875  0 
 7876  0 
 7877  0 
 7878  0 
 7879  0 
 7880  0 
 7881  0 
 7882  0 
 7883  0 
 7884  0 
 7885  0 
 7886  0 
 7887  0 
 7888  0 
 7889  0 
 7890  0 
 7891  0 
 7892  0 
 7893  0 
 7894  0 
 7895  0 
 7896  0 
 7897  0 
 7898  0 
 7899  0 
 7900  0 
 7901  0 
 7902  0 
 7903  0 
 7904  0 
 7905  0 
 7906  0 
 7907  0 
 7908  0 
 7909  0 
 7910  0 
 7911  0 
 7912  0 
 7913  0 
 7914  0 
 7915  0 
 7916  0 
 7917  0 
 7918  0 
 7919  0 
 7920  0 
 7921  0 
 7922  0 
 7923  0 
 7924  0 
 7925  0 
 7926  0 
 7927  0 
 7928  0 
 7929  0 
 7930  0 
 7931  0 
 7932  0 
 7933  0 
 7934  0 
 7935  0 
 7936  0 
 7937  0 
 7938  0 
 7939  0 
 7940  0 
 7941  0 
 7942  0 
 7943  0 
 7944  0 
 7945  0 
 7946  0 
 7947  0 
 7948  0 
 7949  0 
 7950  0 
 7951  0 
 7952  0 
 7953  0 
 7954  0 
 7955  0 
 7956  0 
 7957  0 
 7958  0 
 7959  0 
 7960  0 
 7961  0 
 7962  0 
 7963  0 
 7964  0 
 7965  0 
 7966  0 
 7967  0 
 7968  0 
 7969  0 
 7970  0 
 7971  0 
 7972  0 
 7973  0 
 7974  0 
 7975  0 
 7976  0 
 7977  0 
 7978  0 
 7979  0 
 7980  0 
 7981  0 
 7982  0 
 7983  0 
 7984  0 
 7985  0 
 7986  0 
 7987  0 
 7988  0 
 7989  0 
 7990  0 
 7991  0 
 7992  0 
 7993  0 
 7994  0 
 7995  0 
 7996  0 
 7997  0 
 7998  0 
 7999  0 
 8000  0 
 8001  0 
 8002  0 
 8003  0 
 8004  0 
 8005  0 
 8006  0 
 8007  0 
 8008  0 
 8009  0 
 8010  0 
 8011  0 
 8012  0 
 8013  0 
 8014  0 
 8015  0 
 8016  0 
 8017  0 
 8018  0 
 8019  0 
 8020  0 
 8021  0 
 8022  0 
 8023  0 
 8024  0 
 8025  0 
 8026  0 
 8027  0 
 8028  0 
 8029  0 
 8030  0 
 8031  0 
 8032  0 
 8033  0 
 8034  0 
 8035  0 
 8036  0 
 8037  0 
 8038  0 
 8039  0 
 8040  0 
 8041  0 
 8042  0 
 8043  0 
 8044  0 
 8045  0 
 8046  0 
 8047  0 
 8048  0 
 8049  0 
 8050  0 
 8051  0 
 8052  0 
 8053  0 
 8054  0 
 8055  0 
 8056  0 
 8057  0 
 8058  0 
 8059  0 
 8060  0 
 8061  0 
 8062  0 
 8063  0 
 8064  0 
 8065  0 
 8066  0 
 8067  0 
 8068  0 
 8069  0 
 8070  0 
 8071  0 
 8072  0 
 8073  0 
 8074  0 
 8075  0 
 8076  0 
 8077  0 
 8078  0 
 8079  0 
 8080  0 
 8081  0 
 8082  0 
 8083  0 
 8084  0 
 8085  0 
 8086  0 
 8087  0 
 8088  0 
 8089  0 
 8090  0 
 8091  0 
 8092  0 
 8093  0 
 8094  0 
 8095  0 
 8096  0 
 8097  0 
 8098  0 
 8099  0 
 8100  0 
 8101  0 
 8102  0 
 8103  0 
 8104  0 
 8105  0 
 8106  0 
 8107  0 
 8108  0 
 8109  0 
 8110  0 
 8111  0 
 8112  0 
 8113  0 
 8114  0 
 8115  0 
 8116  0 
 8117  0 
 8118  0 
 8119  0 
 8120  0 
 8121  0 
 8122  0 
 8123  0 
 8124  0 
 8125  0 
 8126  0 
 8127  0 
 8128  0 
 8129  0 
 8130  0 
 8131  0 
 8132  0 
 8133  0 
 8134  0 
 8135  0 
 8136  0 
 8137  0 
 8138  0 
 8139  0 
 8140  0 
 8141  0 
 8142  0 
 8143  0 
 8144  0 
 8145  0 
 8146  0 
 8147  0 
 8148  0 
 8149  0 
 8150  0 
 8151  0 
 8152  0 
 8153  0 
 8154  0 
 8155  0 
 8156  0 
 8157  0 
 8158  0 
 8159  0 
 8160  0 
 8161  0 
 8162  0 
 8163  0 
 8164  0 
 8165  0 
 8166  0 
 8167  0 
 8168  0 
 8169  0 
 8170  0 
 8171  0 
 8172  0 
 8173  0 
 8174  0 
 8175  0 
 8176  0 
 8177  0 
 8178  0 
 8179  0 
 8180  0 
 8181  0 
 8182  0 
 8183  0 
 8184  0 
 8185  0 
 8186  0 
 8187  0 
 8188  0 
 8189  0 
 8190  0 
 8191  0 
