 0  939 
 1  950 
 2  0 
 3  0 
 4  0 
 5  0 
 6  0 
 7  0 
 8  0 
 9  0 
 10  0 
 11  0 
 12  0 
 13  0 
 14  0 
 15  0 
 16  0 
 17  0 
 18  0 
 19  0 
 20  0 
 21  0 
 22  0 
 23  0 
 24  0 
 25  0 
 26  0 
 27  0 
 28  0 
 29  0 
 30  0 
 31  0 
 32  0 
 33  0 
 34  0 
 35  0 
 36  0 
 37  0 
 38  0 
 39  0 
 40  0 
 41  0 
 42  0 
 43  0 
 44  0 
 45  0 
 46  0 
 47  0 
 48  0 
 49  0 
 50  0 
 51  0 
 52  0 
 53  0 
 54  0 
 55  0 
 56  0 
 57  0 
 58  0 
 59  0 
 60  0 
 61  0 
 62  0 
 63  0 
 64  0 
 65  0 
 66  0 
 67  0 
 68  0 
 69  0 
 70  0 
 71  0 
 72  0 
 73  0 
 74  0 
 75  0 
 76  0 
 77  0 
 78  0 
 79  0 
 80  0 
 81  0 
 82  0 
 83  0 
 84  0 
 85  0 
 86  0 
 87  0 
 88  0 
 89  0 
 90  0 
 91  0 
 92  0 
 93  0 
 94  0 
 95  0 
 96  0 
 97  0 
 98  0 
 99  0 
 100  0 
 101  0 
 102  0 
 103  0 
 104  0 
 105  0 
 106  0 
 107  0 
 108  0 
 109  0 
 110  0 
 111  0 
 112  0 
 113  0 
 114  0 
 115  0 
 116  0 
 117  0 
 118  0 
 119  0 
 120  0 
 121  0 
 122  0 
 123  0 
 124  0 
 125  0 
 126  0 
 127  0 
 128  0 
 129  0 
 130  0 
 131  0 
 132  0 
 133  0 
 134  0 
 135  0 
 136  0 
 137  0 
 138  0 
 139  0 
 140  0 
 141  0 
 142  0 
 143  0 
 144  0 
 145  0 
 146  0 
 147  0 
 148  0 
 149  0 
 150  0 
 151  0 
 152  0 
 153  0 
 154  0 
 155  0 
 156  0 
 157  0 
 158  0 
 159  0 
 160  0 
 161  0 
 162  0 
 163  0 
 164  0 
 165  0 
 166  0 
 167  0 
 168  0 
 169  0 
 170  0 
 171  0 
 172  0 
 173  0 
 174  0 
 175  0 
 176  0 
 177  0 
 178  0 
 179  0 
 180  0 
 181  0 
 182  0 
 183  0 
 184  0 
 185  0 
 186  0 
 187  0 
 188  0 
 189  0 
 190  0 
 191  0 
 192  0 
 193  0 
 194  0 
 195  0 
 196  0 
 197  0 
 198  0 
 199  0 
 200  0 
 201  0 
 202  0 
 203  0 
 204  0 
 205  0 
 206  0 
 207  0 
 208  0 
 209  0 
 210  0 
 211  0 
 212  0 
 213  0 
 214  0 
 215  0 
 216  0 
 217  0 
 218  0 
 219  0 
 220  0 
 221  0 
 222  0 
 223  0 
 224  0 
 225  0 
 226  0 
 227  0 
 228  0 
 229  0 
 230  0 
 231  0 
 232  0 
 233  0 
 234  0 
 235  0 
 236  0 
 237  0 
 238  0 
 239  0 
 240  0 
 241  0 
 242  0 
 243  0 
 244  0 
 245  0 
 246  0 
 247  0 
 248  0 
 249  0 
 250  0 
 251  0 
 252  0 
 253  0 
 254  0 
 255  0 
 256  0 
 257  0 
 258  0 
 259  0 
 260  0 
 261  0 
 262  0 
 263  0 
 264  0 
 265  0 
 266  0 
 267  0 
 268  0 
 269  0 
 270  0 
 271  0 
 272  0 
 273  0 
 274  0 
 275  0 
 276  0 
 277  0 
 278  0 
 279  0 
 280  0 
 281  0 
 282  0 
 283  0 
 284  0 
 285  0 
 286  0 
 287  0 
 288  0 
 289  0 
 290  0 
 291  0 
 292  0 
 293  0 
 294  0 
 295  0 
 296  0 
 297  0 
 298  0 
 299  0 
 300  0 
 301  0 
 302  0 
 303  0 
 304  0 
 305  0 
 306  0 
 307  0 
 308  0 
 309  0 
 310  0 
 311  0 
 312  0 
 313  0 
 314  0 
 315  0 
 316  0 
 317  0 
 318  0 
 319  0 
 320  0 
 321  0 
 322  0 
 323  0 
 324  0 
 325  0 
 326  0 
 327  0 
 328  0 
 329  0 
 330  0 
 331  0 
 332  0 
 333  0 
 334  0 
 335  0 
 336  0 
 337  0 
 338  0 
 339  0 
 340  0 
 341  0 
 342  0 
 343  0 
 344  0 
 345  0 
 346  0 
 347  0 
 348  0 
 349  0 
 350  0 
 351  0 
 352  0 
 353  0 
 354  0 
 355  0 
 356  0 
 357  0 
 358  0 
 359  0 
 360  0 
 361  0 
 362  0 
 363  0 
 364  0 
 365  0 
 366  0 
 367  0 
 368  0 
 369  0 
 370  0 
 371  0 
 372  0 
 373  0 
 374  0 
 375  0 
 376  0 
 377  0 
 378  0 
 379  0 
 380  0 
 381  0 
 382  0 
 383  0 
 384  0 
 385  0 
 386  0 
 387  0 
 388  0 
 389  0 
 390  0 
 391  0 
 392  0 
 393  0 
 394  0 
 395  0 
 396  0 
 397  0 
 398  0 
 399  0 
 400  0 
 401  0 
 402  0 
 403  0 
 404  0 
 405  0 
 406  0 
 407  0 
 408  0 
 409  0 
 410  0 
 411  0 
 412  0 
 413  0 
 414  0 
 415  0 
 416  0 
 417  0 
 418  0 
 419  0 
 420  0 
 421  0 
 422  0 
 423  0 
 424  0 
 425  0 
 426  0 
 427  0 
 428  0 
 429  0 
 430  0 
 431  0 
 432  0 
 433  0 
 434  0 
 435  0 
 436  0 
 437  0 
 438  0 
 439  0 
 440  0 
 441  0 
 442  0 
 443  0 
 444  0 
 445  0 
 446  0 
 447  0 
 448  0 
 449  0 
 450  0 
 451  0 
 452  0 
 453  0 
 454  0 
 455  0 
 456  0 
 457  0 
 458  0 
 459  0 
 460  0 
 461  0 
 462  0 
 463  0 
 464  0 
 465  0 
 466  0 
 467  0 
 468  0 
 469  0 
 470  0 
 471  0 
 472  0 
 473  0 
 474  0 
 475  0 
 476  0 
 477  0 
 478  0 
 479  0 
 480  0 
 481  0 
 482  0 
 483  0 
 484  0 
 485  0 
 486  0 
 487  13 
 488  38 
 489  50 
 490  28 
 491  41 
 492  37 
 493  33 
 494  29 
 495  37 
 496  34 
 497  37 
 498  38 
 499  25 
 500  38 
 501  39 
 502  47 
 503  33 
 504  42 
 505  45 
 506  45 
 507  27 
 508  43 
 509  31 
 510  27 
 511  24 
 512  30 
 513  29 
 514  33 
 515  33 
 516  31 
 517  28 
 518  33 
 519  41 
 520  49 
 521  22 
 522  32 
 523  43 
 524  41 
 525  45 
 526  44 
 527  36 
 528  34 
 529  35 
 530  35 
 531  34 
 532  39 
 533  37 
 534  42 
 535  36 
 536  30 
 537  27 
 538  31 
 539  40 
 540  47 
 541  34 
 542  33 
 543  31 
 544  39 
 545  26 
 546  41 
 547  25 
 548  31 
 549  39 
 550  30 
 551  32 
 552  38 
 553  34 
 554  31 
 555  37 
 556  31 
 557  33 
 558  24 
 559  34 
 560  29 
 561  31 
 562  35 
 563  31 
 564  31 
 565  34 
 566  35 
 567  37 
 568  30 
 569  28 
 570  25 
 571  42 
 572  30 
 573  33 
 574  27 
 575  28 
 576  40 
 577  39 
 578  31 
 579  41 
 580  30 
 581  34 
 582  37 
 583  38 
 584  31 
 585  29 
 586  25 
 587  34 
 588  38 
 589  32 
 590  33 
 591  36 
 592  30 
 593  24 
 594  21 
 595  36 
 596  32 
 597  29 
 598  30 
 599  30 
 600  28 
 601  30 
 602  38 
 603  38 
 604  26 
 605  24 
 606  27 
 607  36 
 608  29 
 609  40 
 610  23 
 611  39 
 612  37 
 613  27 
 614  22 
 615  27 
 616  28 
 617  35 
 618  30 
 619  38 
 620  25 
 621  31 
 622  36 
 623  34 
 624  32 
 625  20 
 626  26 
 627  29 
 628  26 
 629  31 
 630  33 
 631  28 
 632  33 
 633  24 
 634  33 
 635  32 
 636  36 
 637  36 
 638  27 
 639  32 
 640  28 
 641  30 
 642  32 
 643  39 
 644  31 
 645  39 
 646  25 
 647  31 
 648  29 
 649  32 
 650  28 
 651  47 
 652  35 
 653  26 
 654  36 
 655  30 
 656  25 
 657  31 
 658  23 
 659  21 
 660  37 
 661  35 
 662  33 
 663  35 
 664  30 
 665  28 
 666  36 
 667  27 
 668  25 
 669  38 
 670  32 
 671  21 
 672  30 
 673  30 
 674  21 
 675  35 
 676  34 
 677  20 
 678  29 
 679  32 
 680  26 
 681  26 
 682  33 
 683  24 
 684  26 
 685  13 
 686  30 
 687  28 
 688  29 
 689  34 
 690  26 
 691  30 
 692  32 
 693  24 
 694  35 
 695  31 
 696  24 
 697  19 
 698  22 
 699  40 
 700  28 
 701  37 
 702  21 
 703  29 
 704  23 
 705  26 
 706  30 
 707  22 
 708  26 
 709  37 
 710  32 
 711  25 
 712  30 
 713  30 
 714  34 
 715  23 
 716  32 
 717  29 
 718  19 
 719  19 
 720  24 
 721  21 
 722  41 
 723  31 
 724  33 
 725  31 
 726  28 
 727  24 
 728  37 
 729  33 
 730  18 
 731  28 
 732  30 
 733  29 
 734  28 
 735  21 
 736  28 
 737  28 
 738  30 
 739  33 
 740  23 
 741  24 
 742  30 
 743  39 
 744  22 
 745  23 
 746  25 
 747  28 
 748  36 
 749  16 
 750  30 
 751  25 
 752  32 
 753  35 
 754  36 
 755  31 
 756  26 
 757  26 
 758  18 
 759  35 
 760  30 
 761  28 
 762  29 
 763  34 
 764  33 
 765  29 
 766  23 
 767  28 
 768  23 
 769  29 
 770  22 
 771  26 
 772  37 
 773  26 
 774  30 
 775  27 
 776  24 
 777  17 
 778  24 
 779  28 
 780  30 
 781  26 
 782  15 
 783  26 
 784  32 
 785  20 
 786  29 
 787  34 
 788  17 
 789  32 
 790  41 
 791  28 
 792  23 
 793  25 
 794  28 
 795  32 
 796  28 
 797  26 
 798  25 
 799  30 
 800  28 
 801  25 
 802  21 
 803  30 
 804  31 
 805  31 
 806  30 
 807  25 
 808  23 
 809  31 
 810  26 
 811  25 
 812  31 
 813  29 
 814  21 
 815  22 
 816  31 
 817  24 
 818  29 
 819  35 
 820  25 
 821  27 
 822  28 
 823  24 
 824  27 
 825  28 
 826  29 
 827  27 
 828  15 
 829  30 
 830  25 
 831  30 
 832  21 
 833  27 
 834  25 
 835  24 
 836  23 
 837  30 
 838  23 
 839  29 
 840  23 
 841  23 
 842  29 
 843  28 
 844  24 
 845  36 
 846  25 
 847  16 
 848  31 
 849  22 
 850  24 
 851  26 
 852  31 
 853  29 
 854  28 
 855  19 
 856  26 
 857  34 
 858  24 
 859  34 
 860  24 
 861  17 
 862  29 
 863  22 
 864  26 
 865  28 
 866  30 
 867  26 
 868  33 
 869  21 
 870  20 
 871  25 
 872  24 
 873  34 
 874  27 
 875  35 
 876  29 
 877  28 
 878  24 
 879  20 
 880  31 
 881  30 
 882  23 
 883  28 
 884  29 
 885  24 
 886  28 
 887  22 
 888  27 
 889  28 
 890  14 
 891  28 
 892  27 
 893  25 
 894  28 
 895  25 
 896  24 
 897  23 
 898  23 
 899  27 
 900  12 
 901  29 
 902  21 
 903  20 
 904  29 
 905  20 
 906  24 
 907  12 
 908  21 
 909  36 
 910  26 
 911  30 
 912  33 
 913  28 
 914  34 
 915  27 
 916  31 
 917  21 
 918  23 
 919  32 
 920  21 
 921  26 
 922  28 
 923  22 
 924  27 
 925  25 
 926  20 
 927  29 
 928  21 
 929  12 
 930  22 
 931  31 
 932  16 
 933  26 
 934  27 
 935  20 
 936  28 
 937  21 
 938  22 
 939  24 
 940  24 
 941  36 
 942  26 
 943  28 
 944  26 
 945  25 
 946  24 
 947  19 
 948  25 
 949  24 
 950  30 
 951  20 
 952  17 
 953  22 
 954  22 
 955  19 
 956  24 
 957  22 
 958  14 
 959  24 
 960  27 
 961  26 
 962  17 
 963  32 
 964  34 
 965  23 
 966  26 
 967  23 
 968  22 
 969  31 
 970  15 
 971  28 
 972  30 
 973  24 
 974  23 
 975  21 
 976  22 
 977  29 
 978  18 
 979  27 
 980  29 
 981  22 
 982  25 
 983  42 
 984  24 
 985  31 
 986  26 
 987  32 
 988  22 
 989  34 
 990  17 
 991  21 
 992  20 
 993  26 
 994  18 
 995  24 
 996  15 
 997  26 
 998  21 
 999  17 
 1000  18 
 1001  26 
 1002  27 
 1003  22 
 1004  23 
 1005  31 
 1006  11 
 1007  30 
 1008  20 
 1009  14 
 1010  35 
 1011  18 
 1012  18 
 1013  15 
 1014  23 
 1015  28 
 1016  36 
 1017  16 
 1018  21 
 1019  20 
 1020  28 
 1021  25 
 1022  30 
 1023  18 
 1024  18 
 1025  26 
 1026  22 
 1027  20 
 1028  23 
 1029  27 
 1030  23 
 1031  22 
 1032  23 
 1033  29 
 1034  15 
 1035  26 
 1036  28 
 1037  27 
 1038  26 
 1039  27 
 1040  23 
 1041  24 
 1042  30 
 1043  27 
 1044  23 
 1045  19 
 1046  36 
 1047  34 
 1048  21 
 1049  21 
 1050  18 
 1051  31 
 1052  27 
 1053  30 
 1054  25 
 1055  26 
 1056  26 
 1057  29 
 1058  24 
 1059  15 
 1060  18 
 1061  18 
 1062  19 
 1063  21 
 1064  26 
 1065  17 
 1066  27 
 1067  24 
 1068  28 
 1069  26 
 1070  18 
 1071  21 
 1072  32 
 1073  20 
 1074  27 
 1075  33 
 1076  19 
 1077  25 
 1078  19 
 1079  7 
 1080  18 
 1081  18 
 1082  22 
 1083  29 
 1084  16 
 1085  25 
 1086  23 
 1087  27 
 1088  26 
 1089  21 
 1090  25 
 1091  22 
 1092  25 
 1093  27 
 1094  22 
 1095  28 
 1096  16 
 1097  19 
 1098  22 
 1099  17 
 1100  24 
 1101  26 
 1102  22 
 1103  26 
 1104  25 
 1105  23 
 1106  23 
 1107  22 
 1108  26 
 1109  12 
 1110  25 
 1111  20 
 1112  15 
 1113  17 
 1114  25 
 1115  30 
 1116  29 
 1117  29 
 1118  22 
 1119  18 
 1120  26 
 1121  33 
 1122  27 
 1123  25 
 1124  17 
 1125  19 
 1126  25 
 1127  20 
 1128  22 
 1129  25 
 1130  30 
 1131  26 
 1132  29 
 1133  26 
 1134  27 
 1135  21 
 1136  24 
 1137  19 
 1138  21 
 1139  23 
 1140  21 
 1141  18 
 1142  22 
 1143  16 
 1144  25 
 1145  21 
 1146  25 
 1147  24 
 1148  21 
 1149  21 
 1150  21 
 1151  23 
 1152  17 
 1153  23 
 1154  27 
 1155  28 
 1156  20 
 1157  21 
 1158  23 
 1159  18 
 1160  26 
 1161  26 
 1162  21 
 1163  23 
 1164  23 
 1165  30 
 1166  24 
 1167  14 
 1168  22 
 1169  22 
 1170  24 
 1171  30 
 1172  24 
 1173  18 
 1174  21 
 1175  28 
 1176  25 
 1177  24 
 1178  18 
 1179  14 
 1180  11 
 1181  20 
 1182  21 
 1183  19 
 1184  25 
 1185  30 
 1186  17 
 1187  17 
 1188  22 
 1189  24 
 1190  26 
 1191  23 
 1192  21 
 1193  23 
 1194  24 
 1195  24 
 1196  24 
 1197  25 
 1198  20 
 1199  25 
 1200  19 
 1201  26 
 1202  19 
 1203  11 
 1204  25 
 1205  16 
 1206  15 
 1207  14 
 1208  31 
 1209  13 
 1210  23 
 1211  27 
 1212  19 
 1213  18 
 1214  30 
 1215  21 
 1216  17 
 1217  22 
 1218  19 
 1219  19 
 1220  17 
 1221  21 
 1222  21 
 1223  15 
 1224  22 
 1225  21 
 1226  20 
 1227  19 
 1228  22 
 1229  23 
 1230  29 
 1231  16 
 1232  24 
 1233  32 
 1234  14 
 1235  21 
 1236  22 
 1237  23 
 1238  14 
 1239  23 
 1240  26 
 1241  22 
 1242  21 
 1243  31 
 1244  27 
 1245  22 
 1246  33 
 1247  24 
 1248  19 
 1249  20 
 1250  17 
 1251  22 
 1252  17 
 1253  21 
 1254  24 
 1255  22 
 1256  21 
 1257  18 
 1258  20 
 1259  14 
 1260  17 
 1261  22 
 1262  23 
 1263  23 
 1264  13 
 1265  24 
 1266  21 
 1267  31 
 1268  19 
 1269  19 
 1270  29 
 1271  17 
 1272  16 
 1273  13 
 1274  22 
 1275  22 
 1276  22 
 1277  24 
 1278  19 
 1279  26 
 1280  21 
 1281  15 
 1282  17 
 1283  18 
 1284  22 
 1285  23 
 1286  14 
 1287  26 
 1288  23 
 1289  22 
 1290  18 
 1291  26 
 1292  19 
 1293  24 
 1294  15 
 1295  22 
 1296  24 
 1297  18 
 1298  17 
 1299  22 
 1300  28 
 1301  20 
 1302  20 
 1303  19 
 1304  13 
 1305  12 
 1306  24 
 1307  19 
 1308  21 
 1309  27 
 1310  16 
 1311  17 
 1312  24 
 1313  26 
 1314  23 
 1315  23 
 1316  20 
 1317  16 
 1318  14 
 1319  16 
 1320  15 
 1321  18 
 1322  19 
 1323  23 
 1324  18 
 1325  17 
 1326  24 
 1327  17 
 1328  28 
 1329  18 
 1330  16 
 1331  23 
 1332  26 
 1333  18 
 1334  17 
 1335  18 
 1336  20 
 1337  22 
 1338  14 
 1339  29 
 1340  19 
 1341  18 
 1342  18 
 1343  19 
 1344  25 
 1345  18 
 1346  24 
 1347  19 
 1348  23 
 1349  24 
 1350  23 
 1351  12 
 1352  16 
 1353  18 
 1354  19 
 1355  20 
 1356  17 
 1357  28 
 1358  32 
 1359  24 
 1360  21 
 1361  22 
 1362  25 
 1363  14 
 1364  14 
 1365  15 
 1366  21 
 1367  21 
 1368  28 
 1369  21 
 1370  25 
 1371  21 
 1372  14 
 1373  16 
 1374  22 
 1375  25 
 1376  23 
 1377  17 
 1378  16 
 1379  14 
 1380  15 
 1381  25 
 1382  21 
 1383  20 
 1384  26 
 1385  25 
 1386  26 
 1387  20 
 1388  21 
 1389  19 
 1390  15 
 1391  17 
 1392  19 
 1393  31 
 1394  18 
 1395  27 
 1396  20 
 1397  20 
 1398  21 
 1399  21 
 1400  13 
 1401  19 
 1402  29 
 1403  22 
 1404  22 
 1405  26 
 1406  21 
 1407  16 
 1408  22 
 1409  18 
 1410  8 
 1411  12 
 1412  14 
 1413  19 
 1414  18 
 1415  22 
 1416  27 
 1417  20 
 1418  16 
 1419  23 
 1420  19 
 1421  16 
 1422  20 
 1423  16 
 1424  21 
 1425  20 
 1426  26 
 1427  27 
 1428  21 
 1429  15 
 1430  18 
 1431  23 
 1432  22 
 1433  27 
 1434  27 
 1435  19 
 1436  19 
 1437  22 
 1438  21 
 1439  21 
 1440  21 
 1441  26 
 1442  20 
 1443  21 
 1444  22 
 1445  18 
 1446  26 
 1447  26 
 1448  18 
 1449  13 
 1450  11 
 1451  22 
 1452  25 
 1453  20 
 1454  17 
 1455  22 
 1456  18 
 1457  24 
 1458  18 
 1459  20 
 1460  18 
 1461  18 
 1462  13 
 1463  24 
 1464  18 
 1465  22 
 1466  21 
 1467  12 
 1468  25 
 1469  22 
 1470  16 
 1471  17 
 1472  16 
 1473  18 
 1474  29 
 1475  24 
 1476  17 
 1477  30 
 1478  24 
 1479  21 
 1480  34 
 1481  25 
 1482  16 
 1483  22 
 1484  20 
 1485  20 
 1486  19 
 1487  19 
 1488  25 
 1489  16 
 1490  20 
 1491  19 
 1492  21 
 1493  12 
 1494  23 
 1495  15 
 1496  22 
 1497  22 
 1498  28 
 1499  24 
 1500  25 
 1501  21 
 1502  17 
 1503  15 
 1504  19 
 1505  22 
 1506  22 
 1507  13 
 1508  21 
 1509  19 
 1510  13 
 1511  19 
 1512  20 
 1513  16 
 1514  19 
 1515  21 
 1516  18 
 1517  19 
 1518  17 
 1519  25 
 1520  17 
 1521  24 
 1522  16 
 1523  17 
 1524  25 
 1525  21 
 1526  21 
 1527  10 
 1528  21 
 1529  17 
 1530  15 
 1531  23 
 1532  18 
 1533  19 
 1534  12 
 1535  20 
 1536  31 
 1537  29 
 1538  16 
 1539  23 
 1540  18 
 1541  15 
 1542  20 
 1543  20 
 1544  19 
 1545  20 
 1546  14 
 1547  9 
 1548  17 
 1549  15 
 1550  25 
 1551  19 
 1552  20 
 1553  23 
 1554  13 
 1555  12 
 1556  24 
 1557  16 
 1558  23 
 1559  18 
 1560  18 
 1561  23 
 1562  20 
 1563  20 
 1564  19 
 1565  23 
 1566  16 
 1567  16 
 1568  23 
 1569  18 
 1570  24 
 1571  12 
 1572  19 
 1573  17 
 1574  20 
 1575  14 
 1576  22 
 1577  26 
 1578  13 
 1579  14 
 1580  29 
 1581  19 
 1582  16 
 1583  16 
 1584  17 
 1585  13 
 1586  12 
 1587  16 
 1588  20 
 1589  15 
 1590  20 
 1591  23 
 1592  18 
 1593  20 
 1594  13 
 1595  18 
 1596  18 
 1597  12 
 1598  18 
 1599  18 
 1600  18 
 1601  16 
 1602  18 
 1603  16 
 1604  28 
 1605  23 
 1606  32 
 1607  23 
 1608  22 
 1609  19 
 1610  14 
 1611  23 
 1612  12 
 1613  17 
 1614  21 
 1615  17 
 1616  18 
 1617  27 
 1618  17 
 1619  23 
 1620  18 
 1621  11 
 1622  22 
 1623  25 
 1624  16 
 1625  24 
 1626  20 
 1627  16 
 1628  9 
 1629  18 
 1630  15 
 1631  21 
 1632  18 
 1633  15 
 1634  25 
 1635  26 
 1636  17 
 1637  14 
 1638  15 
 1639  21 
 1640  18 
 1641  15 
 1642  22 
 1643  22 
 1644  24 
 1645  18 
 1646  17 
 1647  16 
 1648  21 
 1649  17 
 1650  19 
 1651  26 
 1652  11 
 1653  14 
 1654  15 
 1655  27 
 1656  22 
 1657  25 
 1658  20 
 1659  19 
 1660  18 
 1661  18 
 1662  24 
 1663  21 
 1664  14 
 1665  21 
 1666  22 
 1667  27 
 1668  13 
 1669  22 
 1670  17 
 1671  17 
 1672  27 
 1673  23 
 1674  12 
 1675  19 
 1676  20 
 1677  20 
 1678  17 
 1679  17 
 1680  17 
 1681  17 
 1682  14 
 1683  13 
 1684  24 
 1685  23 
 1686  22 
 1687  14 
 1688  19 
 1689  16 
 1690  15 
 1691  22 
 1692  21 
 1693  22 
 1694  29 
 1695  19 
 1696  18 
 1697  28 
 1698  20 
 1699  18 
 1700  18 
 1701  11 
 1702  30 
 1703  22 
 1704  18 
 1705  19 
 1706  17 
 1707  24 
 1708  21 
 1709  16 
 1710  26 
 1711  12 
 1712  24 
 1713  19 
 1714  23 
 1715  21 
 1716  22 
 1717  18 
 1718  16 
 1719  26 
 1720  22 
 1721  18 
 1722  25 
 1723  17 
 1724  22 
 1725  20 
 1726  14 
 1727  28 
 1728  15 
 1729  30 
 1730  25 
 1731  26 
 1732  19 
 1733  28 
 1734  23 
 1735  20 
 1736  15 
 1737  18 
 1738  25 
 1739  24 
 1740  20 
 1741  18 
 1742  27 
 1743  24 
 1744  25 
 1745  25 
 1746  26 
 1747  22 
 1748  25 
 1749  18 
 1750  24 
 1751  20 
 1752  25 
 1753  19 
 1754  27 
 1755  19 
 1756  13 
 1757  21 
 1758  11 
 1759  25 
 1760  23 
 1761  21 
 1762  21 
 1763  21 
 1764  15 
 1765  19 
 1766  20 
 1767  15 
 1768  18 
 1769  16 
 1770  11 
 1771  19 
 1772  15 
 1773  20 
 1774  16 
 1775  17 
 1776  19 
 1777  14 
 1778  17 
 1779  22 
 1780  13 
 1781  21 
 1782  18 
 1783  15 
 1784  25 
 1785  18 
 1786  21 
 1787  15 
 1788  18 
 1789  18 
 1790  8 
 1791  25 
 1792  9 
 1793  18 
 1794  16 
 1795  17 
 1796  17 
 1797  23 
 1798  17 
 1799  13 
 1800  20 
 1801  13 
 1802  18 
 1803  16 
 1804  18 
 1805  17 
 1806  13 
 1807  17 
 1808  19 
 1809  19 
 1810  26 
 1811  19 
 1812  10 
 1813  16 
 1814  8 
 1815  15 
 1816  18 
 1817  20 
 1818  14 
 1819  22 
 1820  18 
 1821  26 
 1822  21 
 1823  24 
 1824  15 
 1825  16 
 1826  19 
 1827  19 
 1828  19 
 1829  20 
 1830  16 
 1831  19 
 1832  23 
 1833  8 
 1834  18 
 1835  15 
 1836  16 
 1837  11 
 1838  14 
 1839  16 
 1840  16 
 1841  25 
 1842  18 
 1843  13 
 1844  18 
 1845  16 
 1846  24 
 1847  20 
 1848  11 
 1849  18 
 1850  11 
 1851  9 
 1852  22 
 1853  22 
 1854  12 
 1855  18 
 1856  13 
 1857  15 
 1858  12 
 1859  13 
 1860  17 
 1861  17 
 1862  15 
 1863  13 
 1864  17 
 1865  16 
 1866  18 
 1867  26 
 1868  13 
 1869  14 
 1870  18 
 1871  18 
 1872  15 
 1873  13 
 1874  18 
 1875  19 
 1876  12 
 1877  14 
 1878  14 
 1879  24 
 1880  14 
 1881  18 
 1882  19 
 1883  16 
 1884  13 
 1885  19 
 1886  17 
 1887  19 
 1888  16 
 1889  11 
 1890  18 
 1891  16 
 1892  13 
 1893  15 
 1894  15 
 1895  14 
 1896  22 
 1897  18 
 1898  15 
 1899  16 
 1900  19 
 1901  21 
 1902  18 
 1903  15 
 1904  11 
 1905  13 
 1906  11 
 1907  15 
 1908  16 
 1909  11 
 1910  19 
 1911  19 
 1912  22 
 1913  24 
 1914  18 
 1915  11 
 1916  16 
 1917  14 
 1918  13 
 1919  21 
 1920  20 
 1921  17 
 1922  17 
 1923  19 
 1924  20 
 1925  20 
 1926  12 
 1927  19 
 1928  13 
 1929  27 
 1930  11 
 1931  17 
 1932  18 
 1933  11 
 1934  13 
 1935  12 
 1936  26 
 1937  17 
 1938  12 
 1939  16 
 1940  14 
 1941  17 
 1942  25 
 1943  14 
 1944  14 
 1945  17 
 1946  20 
 1947  17 
 1948  20 
 1949  17 
 1950  18 
 1951  14 
 1952  13 
 1953  14 
 1954  14 
 1955  18 
 1956  11 
 1957  27 
 1958  14 
 1959  13 
 1960  21 
 1961  20 
 1962  15 
 1963  24 
 1964  17 
 1965  12 
 1966  25 
 1967  11 
 1968  9 
 1969  9 
 1970  13 
 1971  13 
 1972  18 
 1973  13 
 1974  16 
 1975  13 
 1976  21 
 1977  15 
 1978  18 
 1979  13 
 1980  19 
 1981  18 
 1982  20 
 1983  16 
 1984  16 
 1985  21 
 1986  17 
 1987  17 
 1988  17 
 1989  15 
 1990  16 
 1991  15 
 1992  15 
 1993  17 
 1994  19 
 1995  18 
 1996  19 
 1997  8 
 1998  22 
 1999  14 
 2000  17 
 2001  13 
 2002  19 
 2003  16 
 2004  19 
 2005  14 
 2006  20 
 2007  14 
 2008  15 
 2009  16 
 2010  20 
 2011  18 
 2012  17 
 2013  20 
 2014  16 
 2015  20 
 2016  12 
 2017  17 
 2018  13 
 2019  23 
 2020  13 
 2021  17 
 2022  12 
 2023  24 
 2024  18 
 2025  17 
 2026  15 
 2027  14 
 2028  14 
 2029  12 
 2030  15 
 2031  13 
 2032  18 
 2033  14 
 2034  15 
 2035  12 
 2036  20 
 2037  25 
 2038  19 
 2039  17 
 2040  21 
 2041  22 
 2042  11 
 2043  24 
 2044  17 
 2045  18 
 2046  15 
 2047  16 
 2048  17 
 2049  21 
 2050  22 
 2051  15 
 2052  17 
 2053  18 
 2054  18 
 2055  15 
 2056  17 
 2057  13 
 2058  14 
 2059  18 
 2060  23 
 2061  18 
 2062  17 
 2063  15 
 2064  22 
 2065  14 
 2066  17 
 2067  19 
 2068  16 
 2069  12 
 2070  19 
 2071  16 
 2072  20 
 2073  23 
 2074  13 
 2075  25 
 2076  13 
 2077  19 
 2078  21 
 2079  12 
 2080  17 
 2081  20 
 2082  13 
 2083  12 
 2084  19 
 2085  15 
 2086  15 
 2087  14 
 2088  16 
 2089  20 
 2090  12 
 2091  13 
 2092  15 
 2093  12 
 2094  22 
 2095  16 
 2096  12 
 2097  21 
 2098  15 
 2099  16 
 2100  16 
 2101  14 
 2102  23 
 2103  14 
 2104  15 
 2105  14 
 2106  17 
 2107  25 
 2108  15 
 2109  15 
 2110  16 
 2111  16 
 2112  12 
 2113  11 
 2114  20 
 2115  18 
 2116  17 
 2117  15 
 2118  12 
 2119  20 
 2120  13 
 2121  15 
 2122  18 
 2123  10 
 2124  14 
 2125  19 
 2126  15 
 2127  22 
 2128  14 
 2129  15 
 2130  15 
 2131  17 
 2132  11 
 2133  18 
 2134  18 
 2135  11 
 2136  11 
 2137  15 
 2138  22 
 2139  26 
 2140  21 
 2141  6 
 2142  20 
 2143  19 
 2144  22 
 2145  19 
 2146  21 
 2147  15 
 2148  15 
 2149  17 
 2150  18 
 2151  14 
 2152  13 
 2153  15 
 2154  14 
 2155  20 
 2156  19 
 2157  14 
 2158  14 
 2159  22 
 2160  17 
 2161  16 
 2162  20 
 2163  8 
 2164  17 
 2165  21 
 2166  9 
 2167  16 
 2168  17 
 2169  25 
 2170  16 
 2171  15 
 2172  11 
 2173  13 
 2174  10 
 2175  16 
 2176  15 
 2177  9 
 2178  17 
 2179  20 
 2180  16 
 2181  14 
 2182  16 
 2183  19 
 2184  19 
 2185  23 
 2186  18 
 2187  11 
 2188  12 
 2189  19 
 2190  23 
 2191  18 
 2192  22 
 2193  15 
 2194  14 
 2195  13 
 2196  13 
 2197  14 
 2198  13 
 2199  14 
 2200  12 
 2201  18 
 2202  22 
 2203  18 
 2204  11 
 2205  21 
 2206  23 
 2207  7 
 2208  13 
 2209  22 
 2210  17 
 2211  18 
 2212  19 
 2213  13 
 2214  11 
 2215  19 
 2216  17 
 2217  20 
 2218  21 
 2219  21 
 2220  15 
 2221  13 
 2222  21 
 2223  13 
 2224  16 
 2225  22 
 2226  19 
 2227  27 
 2228  12 
 2229  19 
 2230  12 
 2231  24 
 2232  20 
 2233  10 
 2234  19 
 2235  21 
 2236  17 
 2237  13 
 2238  28 
 2239  13 
 2240  19 
 2241  14 
 2242  14 
 2243  20 
 2244  13 
 2245  14 
 2246  14 
 2247  14 
 2248  16 
 2249  17 
 2250  11 
 2251  9 
 2252  15 
 2253  13 
 2254  13 
 2255  15 
 2256  22 
 2257  19 
 2258  19 
 2259  19 
 2260  20 
 2261  15 
 2262  16 
 2263  23 
 2264  22 
 2265  18 
 2266  11 
 2267  18 
 2268  13 
 2269  9 
 2270  9 
 2271  18 
 2272  14 
 2273  21 
 2274  13 
 2275  25 
 2276  16 
 2277  26 
 2278  15 
 2279  11 
 2280  12 
 2281  20 
 2282  19 
 2283  18 
 2284  15 
 2285  15 
 2286  20 
 2287  9 
 2288  12 
 2289  10 
 2290  16 
 2291  21 
 2292  14 
 2293  16 
 2294  14 
 2295  16 
 2296  18 
 2297  19 
 2298  16 
 2299  18 
 2300  16 
 2301  14 
 2302  16 
 2303  20 
 2304  21 
 2305  11 
 2306  12 
 2307  17 
 2308  16 
 2309  16 
 2310  15 
 2311  16 
 2312  12 
 2313  20 
 2314  15 
 2315  17 
 2316  26 
 2317  17 
 2318  21 
 2319  16 
 2320  16 
 2321  21 
 2322  10 
 2323  11 
 2324  9 
 2325  14 
 2326  20 
 2327  15 
 2328  22 
 2329  19 
 2330  16 
 2331  24 
 2332  19 
 2333  15 
 2334  15 
 2335  18 
 2336  16 
 2337  20 
 2338  23 
 2339  9 
 2340  21 
 2341  20 
 2342  16 
 2343  14 
 2344  14 
 2345  16 
 2346  15 
 2347  20 
 2348  13 
 2349  18 
 2350  11 
 2351  15 
 2352  18 
 2353  15 
 2354  13 
 2355  15 
 2356  22 
 2357  17 
 2358  12 
 2359  15 
 2360  16 
 2361  14 
 2362  18 
 2363  16 
 2364  17 
 2365  20 
 2366  18 
 2367  25 
 2368  13 
 2369  21 
 2370  9 
 2371  12 
 2372  16 
 2373  15 
 2374  24 
 2375  19 
 2376  15 
 2377  10 
 2378  19 
 2379  20 
 2380  17 
 2381  19 
 2382  24 
 2383  18 
 2384  21 
 2385  15 
 2386  19 
 2387  31 
 2388  12 
 2389  18 
 2390  19 
 2391  22 
 2392  13 
 2393  14 
 2394  18 
 2395  24 
 2396  24 
 2397  20 
 2398  18 
 2399  11 
 2400  17 
 2401  18 
 2402  18 
 2403  20 
 2404  14 
 2405  21 
 2406  8 
 2407  16 
 2408  18 
 2409  13 
 2410  22 
 2411  13 
 2412  9 
 2413  8 
 2414  19 
 2415  20 
 2416  10 
 2417  12 
 2418  18 
 2419  17 
 2420  15 
 2421  17 
 2422  17 
 2423  14 
 2424  15 
 2425  17 
 2426  13 
 2427  21 
 2428  19 
 2429  26 
 2430  20 
 2431  20 
 2432  13 
 2433  22 
 2434  18 
 2435  11 
 2436  21 
 2437  16 
 2438  11 
 2439  14 
 2440  13 
 2441  13 
 2442  21 
 2443  25 
 2444  10 
 2445  25 
 2446  15 
 2447  24 
 2448  13 
 2449  21 
 2450  21 
 2451  23 
 2452  20 
 2453  16 
 2454  21 
 2455  21 
 2456  16 
 2457  17 
 2458  15 
 2459  18 
 2460  21 
 2461  24 
 2462  21 
 2463  16 
 2464  21 
 2465  16 
 2466  20 
 2467  23 
 2468  15 
 2469  17 
 2470  23 
 2471  15 
 2472  25 
 2473  17 
 2474  18 
 2475  18 
 2476  17 
 2477  19 
 2478  18 
 2479  17 
 2480  23 
 2481  26 
 2482  12 
 2483  27 
 2484  19 
 2485  25 
 2486  17 
 2487  28 
 2488  34 
 2489  19 
 2490  21 
 2491  25 
 2492  19 
 2493  31 
 2494  21 
 2495  25 
 2496  27 
 2497  24 
 2498  28 
 2499  23 
 2500  32 
 2501  31 
 2502  27 
 2503  22 
 2504  34 
 2505  33 
 2506  29 
 2507  21 
 2508  36 
 2509  21 
 2510  24 
 2511  32 
 2512  27 
 2513  37 
 2514  32 
 2515  32 
 2516  32 
 2517  32 
 2518  24 
 2519  22 
 2520  24 
 2521  31 
 2522  28 
 2523  24 
 2524  35 
 2525  39 
 2526  30 
 2527  40 
 2528  37 
 2529  35 
 2530  31 
 2531  25 
 2532  28 
 2533  34 
 2534  41 
 2535  30 
 2536  34 
 2537  26 
 2538  25 
 2539  31 
 2540  36 
 2541  40 
 2542  29 
 2543  37 
 2544  32 
 2545  27 
 2546  29 
 2547  24 
 2548  29 
 2549  34 
 2550  36 
 2551  26 
 2552  38 
 2553  34 
 2554  41 
 2555  30 
 2556  30 
 2557  35 
 2558  36 
 2559  39 
 2560  48 
 2561  25 
 2562  49 
 2563  53 
 2564  48 
 2565  44 
 2566  59 
 2567  39 
 2568  49 
 2569  44 
 2570  49 
 2571  45 
 2572  45 
 2573  55 
 2574  55 
 2575  55 
 2576  64 
 2577  53 
 2578  61 
 2579  70 
 2580  61 
 2581  55 
 2582  74 
 2583  65 
 2584  67 
 2585  74 
 2586  87 
 2587  70 
 2588  70 
 2589  82 
 2590  87 
 2591  77 
 2592  94 
 2593  94 
 2594  70 
 2595  66 
 2596  90 
 2597  81 
 2598  88 
 2599  105 
 2600  96 
 2601  81 
 2602  100 
 2603  107 
 2604  107 
 2605  96 
 2606  112 
 2607  93 
 2608  88 
 2609  78 
 2610  80 
 2611  81 
 2612  98 
 2613  84 
 2614  90 
 2615  86 
 2616  77 
 2617  81 
 2618  73 
 2619  63 
 2620  71 
 2621  60 
 2622  75 
 2623  53 
 2624  73 
 2625  68 
 2626  48 
 2627  53 
 2628  47 
 2629  42 
 2630  29 
 2631  49 
 2632  56 
 2633  40 
 2634  40 
 2635  36 
 2636  24 
 2637  34 
 2638  32 
 2639  22 
 2640  26 
 2641  27 
 2642  28 
 2643  39 
 2644  28 
 2645  24 
 2646  31 
 2647  25 
 2648  24 
 2649  16 
 2650  35 
 2651  21 
 2652  21 
 2653  22 
 2654  17 
 2655  20 
 2656  18 
 2657  17 
 2658  22 
 2659  16 
 2660  23 
 2661  20 
 2662  15 
 2663  20 
 2664  29 
 2665  24 
 2666  26 
 2667  28 
 2668  25 
 2669  16 
 2670  18 
 2671  24 
 2672  19 
 2673  31 
 2674  14 
 2675  18 
 2676  21 
 2677  23 
 2678  20 
 2679  27 
 2680  22 
 2681  15 
 2682  20 
 2683  20 
 2684  18 
 2685  15 
 2686  28 
 2687  18 
 2688  24 
 2689  24 
 2690  27 
 2691  17 
 2692  25 
 2693  28 
 2694  25 
 2695  20 
 2696  24 
 2697  25 
 2698  33 
 2699  25 
 2700  26 
 2701  16 
 2702  20 
 2703  16 
 2704  25 
 2705  20 
 2706  19 
 2707  14 
 2708  37 
 2709  23 
 2710  24 
 2711  26 
 2712  25 
 2713  40 
 2714  17 
 2715  25 
 2716  28 
 2717  29 
 2718  21 
 2719  22 
 2720  26 
 2721  25 
 2722  28 
 2723  31 
 2724  28 
 2725  28 
 2726  23 
 2727  39 
 2728  37 
 2729  34 
 2730  23 
 2731  40 
 2732  24 
 2733  34 
 2734  29 
 2735  28 
 2736  30 
 2737  36 
 2738  37 
 2739  35 
 2740  34 
 2741  29 
 2742  34 
 2743  45 
 2744  39 
 2745  35 
 2746  40 
 2747  42 
 2748  48 
 2749  42 
 2750  39 
 2751  55 
 2752  44 
 2753  54 
 2754  56 
 2755  49 
 2756  60 
 2757  56 
 2758  59 
 2759  63 
 2760  75 
 2761  67 
 2762  61 
 2763  82 
 2764  71 
 2765  98 
 2766  81 
 2767  93 
 2768  77 
 2769  85 
 2770  93 
 2771  101 
 2772  104 
 2773  125 
 2774  128 
 2775  122 
 2776  132 
 2777  145 
 2778  175 
 2779  138 
 2780  159 
 2781  152 
 2782  164 
 2783  195 
 2784  183 
 2785  195 
 2786  177 
 2787  234 
 2788  259 
 2789  259 
 2790  262 
 2791  283 
 2792  323 
 2793  313 
 2794  317 
 2795  342 
 2796  341 
 2797  354 
 2798  351 
 2799  434 
 2800  452 
 2801  444 
 2802  522 
 2803  570 
 2804  609 
 2805  600 
 2806  660 
 2807  740 
 2808  777 
 2809  869 
 2810  865 
 2811  943 
 2812  1013 
 2813  1139 
 2814  1190 
 2815  1272 
 2816  1489 
 2817  1501 
 2818  1578 
 2819  1705 
 2820  1859 
 2821  1988 
 2822  2086 
 2823  2369 
 2824  2348 
 2825  2506 
 2826  2637 
 2827  2728 
 2828  2838 
 2829  2898 
 2830  2963 
 2831  3149 
 2832  3232 
 2833  3276 
 2834  3131 
 2835  3193 
 2836  3290 
 2837  3159 
 2838  3158 
 2839  3013 
 2840  3030 
 2841  2833 
 2842  2705 
 2843  2526 
 2844  2426 
 2845  2383 
 2846  2099 
 2847  1961 
 2848  1916 
 2849  1705 
 2850  1554 
 2851  1426 
 2852  1301 
 2853  1064 
 2854  1038 
 2855  961 
 2856  833 
 2857  707 
 2858  668 
 2859  545 
 2860  491 
 2861  425 
 2862  344 
 2863  304 
 2864  303 
 2865  238 
 2866  225 
 2867  181 
 2868  142 
 2869  133 
 2870  126 
 2871  119 
 2872  91 
 2873  108 
 2874  90 
 2875  89 
 2876  87 
 2877  74 
 2878  78 
 2879  77 
 2880  65 
 2881  80 
 2882  95 
 2883  82 
 2884  73 
 2885  79 
 2886  90 
 2887  77 
 2888  61 
 2889  80 
 2890  94 
 2891  94 
 2892  80 
 2893  81 
 2894  100 
 2895  101 
 2896  104 
 2897  113 
 2898  101 
 2899  120 
 2900  108 
 2901  118 
 2902  119 
 2903  136 
 2904  138 
 2905  156 
 2906  163 
 2907  159 
 2908  150 
 2909  163 
 2910  167 
 2911  162 
 2912  183 
 2913  172 
 2914  156 
 2915  142 
 2916  150 
 2917  166 
 2918  166 
 2919  142 
 2920  140 
 2921  124 
 2922  124 
 2923  123 
 2924  109 
 2925  121 
 2926  96 
 2927  123 
 2928  119 
 2929  89 
 2930  91 
 2931  91 
 2932  92 
 2933  84 
 2934  74 
 2935  65 
 2936  84 
 2937  70 
 2938  84 
 2939  78 
 2940  77 
 2941  77 
 2942  93 
 2943  75 
 2944  84 
 2945  69 
 2946  78 
 2947  79 
 2948  82 
 2949  93 
 2950  89 
 2951  101 
 2952  100 
 2953  117 
 2954  100 
 2955  119 
 2956  127 
 2957  118 
 2958  135 
 2959  116 
 2960  133 
 2961  142 
 2962  176 
 2963  153 
 2964  167 
 2965  170 
 2966  202 
 2967  189 
 2968  219 
 2969  225 
 2970  250 
 2971  211 
 2972  276 
 2973  281 
 2974  256 
 2975  289 
 2976  276 
 2977  357 
 2978  347 
 2979  331 
 2980  322 
 2981  388 
 2982  361 
 2983  389 
 2984  432 
 2985  460 
 2986  429 
 2987  507 
 2988  497 
 2989  517 
 2990  509 
 2991  584 
 2992  614 
 2993  613 
 2994  656 
 2995  704 
 2996  736 
 2997  707 
 2998  746 
 2999  835 
 3000  879 
 3001  897 
 3002  963 
 3003  955 
 3004  1010 
 3005  1022 
 3006  1014 
 3007  1190 
 3008  1165 
 3009  1168 
 3010  1166 
 3011  1303 
 3012  1330 
 3013  1383 
 3014  1327 
 3015  1392 
 3016  1429 
 3017  1478 
 3018  1413 
 3019  1518 
 3020  1455 
 3021  1552 
 3022  1538 
 3023  1606 
 3024  1649 
 3025  1634 
 3026  1616 
 3027  1607 
 3028  1599 
 3029  1565 
 3030  1551 
 3031  1552 
 3032  1620 
 3033  1510 
 3034  1519 
 3035  1460 
 3036  1345 
 3037  1372 
 3038  1278 
 3039  1317 
 3040  1245 
 3041  1173 
 3042  1170 
 3043  1037 
 3044  996 
 3045  953 
 3046  951 
 3047  852 
 3048  781 
 3049  725 
 3050  710 
 3051  619 
 3052  570 
 3053  577 
 3054  507 
 3055  433 
 3056  397 
 3057  349 
 3058  315 
 3059  285 
 3060  276 
 3061  220 
 3062  185 
 3063  181 
 3064  147 
 3065  143 
 3066  137 
 3067  106 
 3068  118 
 3069  80 
 3070  70 
 3071  79 
 3072  73 
 3073  68 
 3074  65 
 3075  73 
 3076  71 
 3077  86 
 3078  71 
 3079  88 
 3080  85 
 3081  100 
 3082  96 
 3083  115 
 3084  123 
 3085  123 
 3086  118 
 3087  130 
 3088  140 
 3089  153 
 3090  175 
 3091  162 
 3092  159 
 3093  184 
 3094  191 
 3095  209 
 3096  206 
 3097  205 
 3098  185 
 3099  226 
 3100  217 
 3101  193 
 3102  198 
 3103  204 
 3104  184 
 3105  173 
 3106  177 
 3107  180 
 3108  177 
 3109  159 
 3110  139 
 3111  124 
 3112  125 
 3113  126 
 3114  107 
 3115  91 
 3116  95 
 3117  84 
 3118  85 
 3119  60 
 3120  67 
 3121  70 
 3122  48 
 3123  61 
 3124  42 
 3125  45 
 3126  42 
 3127  52 
 3128  33 
 3129  39 
 3130  32 
 3131  31 
 3132  44 
 3133  28 
 3134  45 
 3135  34 
 3136  32 
 3137  33 
 3138  24 
 3139  16 
 3140  27 
 3141  27 
 3142  28 
 3143  23 
 3144  20 
 3145  19 
 3146  16 
 3147  19 
 3148  12 
 3149  17 
 3150  10 
 3151  12 
 3152  13 
 3153  13 
 3154  8 
 3155  12 
 3156  7 
 3157  10 
 3158  8 
 3159  3 
 3160  6 
 3161  4 
 3162  7 
 3163  4 
 3164  6 
 3165  3 
 3166  4 
 3167  2 
 3168  4 
 3169  0 
 3170  2 
 3171  4 
 3172  1 
 3173  1 
 3174  0 
 3175  1 
 3176  1 
 3177  2 
 3178  1 
 3179  1 
 3180  1 
 3181  1 
 3182  3 
 3183  1 
 3184  1 
 3185  1 
 3186  2 
 3187  2 
 3188  1 
 3189  1 
 3190  0 
 3191  1 
 3192  0 
 3193  2 
 3194  0 
 3195  4 
 3196  4 
 3197  0 
 3198  1 
 3199  0 
 3200  1 
 3201  2 
 3202  0 
 3203  0 
 3204  0 
 3205  0 
 3206  1 
 3207  0 
 3208  0 
 3209  1 
 3210  1 
 3211  0 
 3212  0 
 3213  0 
 3214  0 
 3215  0 
 3216  1 
 3217  2 
 3218  0 
 3219  0 
 3220  0 
 3221  1 
 3222  0 
 3223  1 
 3224  1 
 3225  0 
 3226  0 
 3227  1 
 3228  0 
 3229  0 
 3230  0 
 3231  0 
 3232  1 
 3233  0 
 3234  0 
 3235  0 
 3236  0 
 3237  1 
 3238  1 
 3239  0 
 3240  2 
 3241  1 
 3242  0 
 3243  0 
 3244  0 
 3245  0 
 3246  0 
 3247  1 
 3248  0 
 3249  2 
 3250  0 
 3251  0 
 3252  1 
 3253  0 
 3254  0 
 3255  0 
 3256  0 
 3257  0 
 3258  1 
 3259  1 
 3260  0 
 3261  0 
 3262  0 
 3263  0 
 3264  0 
 3265  0 
 3266  0 
 3267  0 
 3268  0 
 3269  1 
 3270  0 
 3271  0 
 3272  2 
 3273  0 
 3274  0 
 3275  1 
 3276  0 
 3277  0 
 3278  1 
 3279  1 
 3280  1 
 3281  1 
 3282  0 
 3283  0 
 3284  1 
 3285  1 
 3286  0 
 3287  0 
 3288  0 
 3289  1 
 3290  0 
 3291  0 
 3292  1 
 3293  0 
 3294  1 
 3295  0 
 3296  0 
 3297  0 
 3298  0 
 3299  0 
 3300  0 
 3301  0 
 3302  1 
 3303  0 
 3304  0 
 3305  0 
 3306  0 
 3307  0 
 3308  0 
 3309  0 
 3310  0 
 3311  0 
 3312  1 
 3313  1 
 3314  1 
 3315  0 
 3316  1 
 3317  0 
 3318  1 
 3319  0 
 3320  1 
 3321  0 
 3322  0 
 3323  0 
 3324  0 
 3325  0 
 3326  0 
 3327  0 
 3328  0 
 3329  0 
 3330  1 
 3331  1 
 3332  0 
 3333  0 
 3334  1 
 3335  1 
 3336  1 
 3337  1 
 3338  2 
 3339  0 
 3340  0 
 3341  1 
 3342  0 
 3343  0 
 3344  1 
 3345  0 
 3346  0 
 3347  2 
 3348  0 
 3349  1 
 3350  0 
 3351  0 
 3352  0 
 3353  2 
 3354  1 
 3355  0 
 3356  0 
 3357  0 
 3358  0 
 3359  0 
 3360  0 
 3361  0 
 3362  0 
 3363  1 
 3364  1 
 3365  0 
 3366  0 
 3367  0 
 3368  1 
 3369  0 
 3370  0 
 3371  0 
 3372  1 
 3373  0 
 3374  0 
 3375  1 
 3376  1 
 3377  1 
 3378  0 
 3379  1 
 3380  0 
 3381  0 
 3382  0 
 3383  1 
 3384  0 
 3385  1 
 3386  0 
 3387  1 
 3388  0 
 3389  0 
 3390  0 
 3391  0 
 3392  1 
 3393  0 
 3394  0 
 3395  0 
 3396  0 
 3397  1 
 3398  0 
 3399  0 
 3400  2 
 3401  2 
 3402  1 
 3403  0 
 3404  0 
 3405  0 
 3406  0 
 3407  0 
 3408  0 
 3409  2 
 3410  0 
 3411  1 
 3412  1 
 3413  0 
 3414  1 
 3415  1 
 3416  0 
 3417  0 
 3418  0 
 3419  0 
 3420  0 
 3421  1 
 3422  0 
 3423  0 
 3424  1 
 3425  0 
 3426  0 
 3427  1 
 3428  0 
 3429  2 
 3430  0 
 3431  1 
 3432  2 
 3433  0 
 3434  0 
 3435  0 
 3436  0 
 3437  1 
 3438  0 
 3439  1 
 3440  0 
 3441  0 
 3442  2 
 3443  0 
 3444  0 
 3445  0 
 3446  0 
 3447  1 
 3448  0 
 3449  0 
 3450  0 
 3451  1 
 3452  0 
 3453  0 
 3454  0 
 3455  0 
 3456  1 
 3457  1 
 3458  1 
 3459  0 
 3460  0 
 3461  1 
 3462  0 
 3463  0 
 3464  0 
 3465  0 
 3466  0 
 3467  0 
 3468  0 
 3469  0 
 3470  0 
 3471  0 
 3472  2 
 3473  0 
 3474  0 
 3475  1 
 3476  0 
 3477  0 
 3478  0 
 3479  0 
 3480  0 
 3481  0 
 3482  0 
 3483  0 
 3484  1 
 3485  0 
 3486  0 
 3487  0 
 3488  0 
 3489  0 
 3490  0 
 3491  0 
 3492  0 
 3493  0 
 3494  0 
 3495  0 
 3496  0 
 3497  0 
 3498  0 
 3499  2 
 3500  0 
 3501  1 
 3502  0 
 3503  0 
 3504  0 
 3505  0 
 3506  3 
 3507  0 
 3508  0 
 3509  0 
 3510  1 
 3511  0 
 3512  0 
 3513  0 
 3514  0 
 3515  0 
 3516  0 
 3517  1 
 3518  0 
 3519  0 
 3520  2 
 3521  0 
 3522  0 
 3523  0 
 3524  2 
 3525  0 
 3526  0 
 3527  0 
 3528  0 
 3529  0 
 3530  0 
 3531  0 
 3532  0 
 3533  1 
 3534  0 
 3535  0 
 3536  0 
 3537  0 
 3538  1 
 3539  0 
 3540  0 
 3541  0 
 3542  0 
 3543  1 
 3544  0 
 3545  0 
 3546  1 
 3547  0 
 3548  0 
 3549  0 
 3550  0 
 3551  0 
 3552  0 
 3553  0 
 3554  0 
 3555  1 
 3556  0 
 3557  1 
 3558  0 
 3559  0 
 3560  0 
 3561  0 
 3562  0 
 3563  0 
 3564  1 
 3565  0 
 3566  0 
 3567  0 
 3568  0 
 3569  0 
 3570  0 
 3571  0 
 3572  1 
 3573  0 
 3574  0 
 3575  0 
 3576  0 
 3577  0 
 3578  2 
 3579  0 
 3580  0 
 3581  0 
 3582  0 
 3583  0 
 3584  0 
 3585  0 
 3586  0 
 3587  0 
 3588  0 
 3589  0 
 3590  0 
 3591  1 
 3592  0 
 3593  0 
 3594  0 
 3595  0 
 3596  1 
 3597  0 
 3598  0 
 3599  0 
 3600  0 
 3601  1 
 3602  1 
 3603  1 
 3604  1 
 3605  0 
 3606  3 
 3607  2 
 3608  0 
 3609  0 
 3610  0 
 3611  0 
 3612  1 
 3613  1 
 3614  1 
 3615  0 
 3616  1 
 3617  0 
 3618  1 
 3619  0 
 3620  0 
 3621  0 
 3622  1 
 3623  0 
 3624  0 
 3625  1 
 3626  0 
 3627  0 
 3628  0 
 3629  1 
 3630  0 
 3631  0 
 3632  0 
 3633  0 
 3634  0 
 3635  1 
 3636  0 
 3637  0 
 3638  2 
 3639  0 
 3640  0 
 3641  1 
 3642  1 
 3643  0 
 3644  0 
 3645  1 
 3646  0 
 3647  0 
 3648  0 
 3649  1 
 3650  0 
 3651  1 
 3652  0 
 3653  0 
 3654  1 
 3655  0 
 3656  0 
 3657  0 
 3658  0 
 3659  0 
 3660  0 
 3661  1 
 3662  1 
 3663  0 
 3664  0 
 3665  0 
 3666  0 
 3667  2 
 3668  1 
 3669  1 
 3670  1 
 3671  0 
 3672  0 
 3673  2 
 3674  0 
 3675  0 
 3676  0 
 3677  0 
 3678  0 
 3679  0 
 3680  1 
 3681  1 
 3682  1 
 3683  0 
 3684  0 
 3685  0 
 3686  0 
 3687  0 
 3688  0 
 3689  0 
 3690  1 
 3691  0 
 3692  0 
 3693  0 
 3694  0 
 3695  0 
 3696  1 
 3697  0 
 3698  0 
 3699  0 
 3700  0 
 3701  0 
 3702  0 
 3703  0 
 3704  1 
 3705  0 
 3706  0 
 3707  0 
 3708  0 
 3709  0 
 3710  0 
 3711  1 
 3712  0 
 3713  0 
 3714  1 
 3715  0 
 3716  0 
 3717  0 
 3718  2 
 3719  0 
 3720  0 
 3721  0 
 3722  0 
 3723  0 
 3724  1 
 3725  0 
 3726  0 
 3727  0 
 3728  0 
 3729  0 
 3730  2 
 3731  0 
 3732  0 
 3733  0 
 3734  0 
 3735  0 
 3736  0 
 3737  1 
 3738  0 
 3739  0 
 3740  0 
 3741  0 
 3742  0 
 3743  0 
 3744  0 
 3745  0 
 3746  0 
 3747  0 
 3748  1 
 3749  1 
 3750  1 
 3751  2 
 3752  0 
 3753  1 
 3754  0 
 3755  1 
 3756  0 
 3757  3 
 3758  0 
 3759  0 
 3760  0 
 3761  0 
 3762  0 
 3763  0 
 3764  1 
 3765  0 
 3766  0 
 3767  1 
 3768  0 
 3769  0 
 3770  0 
 3771  0 
 3772  0 
 3773  0 
 3774  0 
 3775  0 
 3776  0 
 3777  1 
 3778  0 
 3779  1 
 3780  0 
 3781  0 
 3782  0 
 3783  0 
 3784  0 
 3785  0 
 3786  0 
 3787  0 
 3788  1 
 3789  0 
 3790  1 
 3791  0 
 3792  0 
 3793  0 
 3794  0 
 3795  0 
 3796  0 
 3797  1 
 3798  1 
 3799  0 
 3800  1 
 3801  0 
 3802  1 
 3803  1 
 3804  0 
 3805  0 
 3806  2 
 3807  0 
 3808  0 
 3809  1 
 3810  1 
 3811  0 
 3812  1 
 3813  0 
 3814  0 
 3815  0 
 3816  0 
 3817  0 
 3818  1 
 3819  0 
 3820  0 
 3821  0 
 3822  0 
 3823  0 
 3824  1 
 3825  0 
 3826  0 
 3827  0 
 3828  0 
 3829  0 
 3830  0 
 3831  0 
 3832  0 
 3833  0 
 3834  0 
 3835  0 
 3836  0 
 3837  0 
 3838  0 
 3839  0 
 3840  0 
 3841  0 
 3842  0 
 3843  0 
 3844  1 
 3845  0 
 3846  1 
 3847  1 
 3848  1 
 3849  0 
 3850  0 
 3851  0 
 3852  0 
 3853  0 
 3854  0 
 3855  0 
 3856  0 
 3857  0 
 3858  0 
 3859  1 
 3860  0 
 3861  0 
 3862  1 
 3863  1 
 3864  0 
 3865  1 
 3866  0 
 3867  0 
 3868  0 
 3869  1 
 3870  0 
 3871  2 
 3872  0 
 3873  1 
 3874  0 
 3875  0 
 3876  0 
 3877  0 
 3878  0 
 3879  0 
 3880  1 
 3881  0 
 3882  0 
 3883  0 
 3884  0 
 3885  0 
 3886  0 
 3887  0 
 3888  0 
 3889  0 
 3890  0 
 3891  0 
 3892  0 
 3893  0 
 3894  1 
 3895  1 
 3896  0 
 3897  0 
 3898  0 
 3899  0 
 3900  0 
 3901  0 
 3902  0 
 3903  0 
 3904  0 
 3905  0 
 3906  0 
 3907  1 
 3908  0 
 3909  0 
 3910  0 
 3911  1 
 3912  0 
 3913  0 
 3914  0 
 3915  0 
 3916  0 
 3917  1 
 3918  0 
 3919  0 
 3920  0 
 3921  0 
 3922  1 
 3923  0 
 3924  0 
 3925  0 
 3926  0 
 3927  0 
 3928  0 
 3929  0 
 3930  1 
 3931  0 
 3932  0 
 3933  1 
 3934  0 
 3935  1 
 3936  1 
 3937  1 
 3938  0 
 3939  0 
 3940  0 
 3941  0 
 3942  0 
 3943  0 
 3944  0 
 3945  0 
 3946  0 
 3947  0 
 3948  1 
 3949  0 
 3950  0 
 3951  0 
 3952  0 
 3953  0 
 3954  0 
 3955  1 
 3956  1 
 3957  0 
 3958  0 
 3959  1 
 3960  0 
 3961  1 
 3962  1 
 3963  0 
 3964  0 
 3965  0 
 3966  0 
 3967  0 
 3968  0 
 3969  0 
 3970  0 
 3971  0 
 3972  0 
 3973  0 
 3974  0 
 3975  0 
 3976  0 
 3977  2 
 3978  0 
 3979  0 
 3980  0 
 3981  1 
 3982  0 
 3983  0 
 3984  0 
 3985  0 
 3986  0 
 3987  0 
 3988  1 
 3989  0 
 3990  0 
 3991  0 
 3992  0 
 3993  0 
 3994  0 
 3995  0 
 3996  0 
 3997  1 
 3998  0 
 3999  0 
 4000  0 
 4001  0 
 4002  0 
 4003  0 
 4004  1 
 4005  0 
 4006  0 
 4007  0 
 4008  0 
 4009  0 
 4010  0 
 4011  0 
 4012  0 
 4013  0 
 4014  0 
 4015  0 
 4016  0 
 4017  0 
 4018  0 
 4019  0 
 4020  1 
 4021  0 
 4022  0 
 4023  0 
 4024  2 
 4025  0 
 4026  0 
 4027  1 
 4028  0 
 4029  0 
 4030  0 
 4031  0 
 4032  0 
 4033  0 
 4034  0 
 4035  1 
 4036  0 
 4037  1 
 4038  0 
 4039  0 
 4040  0 
 4041  1 
 4042  0 
 4043  0 
 4044  0 
 4045  0 
 4046  0 
 4047  0 
 4048  0 
 4049  0 
 4050  0 
 4051  0 
 4052  0 
 4053  0 
 4054  0 
 4055  0 
 4056  1 
 4057  1 
 4058  0 
 4059  0 
 4060  1 
 4061  1 
 4062  0 
 4063  0 
 4064  0 
 4065  0 
 4066  0 
 4067  0 
 4068  0 
 4069  0 
 4070  1 
 4071  0 
 4072  0 
 4073  1 
 4074  0 
 4075  0 
 4076  0 
 4077  0 
 4078  0 
 4079  0 
 4080  0 
 4081  2 
 4082  0 
 4083  0 
 4084  0 
 4085  0 
 4086  0 
 4087  0 
 4088  0 
 4089  0 
 4090  0 
 4091  0 
 4092  0 
 4093  0 
 4094  0 
 4095  1 
 4096  0 
 4097  0 
 4098  0 
 4099  0 
 4100  0 
 4101  0 
 4102  0 
 4103  1 
 4104  0 
 4105  1 
 4106  1 
 4107  0 
 4108  0 
 4109  0 
 4110  1 
 4111  1 
 4112  0 
 4113  0 
 4114  0 
 4115  0 
 4116  0 
 4117  0 
 4118  0 
 4119  0 
 4120  0 
 4121  0 
 4122  0 
 4123  1 
 4124  0 
 4125  0 
 4126  0 
 4127  0 
 4128  1 
 4129  0 
 4130  0 
 4131  0 
 4132  0 
 4133  0 
 4134  2 
 4135  0 
 4136  0 
 4137  0 
 4138  0 
 4139  0 
 4140  0 
 4141  0 
 4142  0 
 4143  1 
 4144  0 
 4145  0 
 4146  0 
 4147  0 
 4148  0 
 4149  0 
 4150  0 
 4151  0 
 4152  0 
 4153  0 
 4154  0 
 4155  0 
 4156  1 
 4157  1 
 4158  1 
 4159  0 
 4160  0 
 4161  0 
 4162  0 
 4163  0 
 4164  0 
 4165  1 
 4166  0 
 4167  0 
 4168  1 
 4169  1 
 4170  0 
 4171  0 
 4172  0 
 4173  0 
 4174  0 
 4175  0 
 4176  1 
 4177  0 
 4178  0 
 4179  0 
 4180  0 
 4181  0 
 4182  0 
 4183  0 
 4184  0 
 4185  0 
 4186  1 
 4187  0 
 4188  0 
 4189  0 
 4190  0 
 4191  1 
 4192  0 
 4193  0 
 4194  0 
 4195  0 
 4196  1 
 4197  0 
 4198  0 
 4199  0 
 4200  0 
 4201  1 
 4202  0 
 4203  0 
 4204  1 
 4205  0 
 4206  0 
 4207  0 
 4208  0 
 4209  1 
 4210  0 
 4211  0 
 4212  0 
 4213  0 
 4214  0 
 4215  0 
 4216  0 
 4217  0 
 4218  0 
 4219  0 
 4220  0 
 4221  0 
 4222  0 
 4223  0 
 4224  0 
 4225  0 
 4226  0 
 4227  0 
 4228  0 
 4229  0 
 4230  0 
 4231  0 
 4232  0 
 4233  1 
 4234  0 
 4235  0 
 4236  0 
 4237  0 
 4238  0 
 4239  1 
 4240  0 
 4241  0 
 4242  0 
 4243  1 
 4244  0 
 4245  0 
 4246  0 
 4247  0 
 4248  0 
 4249  0 
 4250  0 
 4251  0 
 4252  0 
 4253  0 
 4254  1 
 4255  0 
 4256  0 
 4257  0 
 4258  0 
 4259  1 
 4260  0 
 4261  1 
 4262  0 
 4263  0 
 4264  0 
 4265  0 
 4266  0 
 4267  1 
 4268  0 
 4269  0 
 4270  0 
 4271  0 
 4272  0 
 4273  0 
 4274  0 
 4275  0 
 4276  0 
 4277  0 
 4278  0 
 4279  1 
 4280  0 
 4281  0 
 4282  0 
 4283  0 
 4284  0 
 4285  0 
 4286  0 
 4287  0 
 4288  0 
 4289  0 
 4290  0 
 4291  0 
 4292  0 
 4293  0 
 4294  0 
 4295  0 
 4296  0 
 4297  1 
 4298  0 
 4299  0 
 4300  0 
 4301  0 
 4302  0 
 4303  0 
 4304  0 
 4305  0 
 4306  0 
 4307  0 
 4308  0 
 4309  0 
 4310  1 
 4311  0 
 4312  0 
 4313  0 
 4314  0 
 4315  0 
 4316  0 
 4317  0 
 4318  0 
 4319  0 
 4320  0 
 4321  0 
 4322  0 
 4323  0 
 4324  0 
 4325  0 
 4326  1 
 4327  0 
 4328  0 
 4329  0 
 4330  1 
 4331  0 
 4332  0 
 4333  1 
 4334  1 
 4335  0 
 4336  0 
 4337  0 
 4338  0 
 4339  1 
 4340  1 
 4341  0 
 4342  0 
 4343  0 
 4344  0 
 4345  0 
 4346  0 
 4347  0 
 4348  0 
 4349  0 
 4350  0 
 4351  0 
 4352  0 
 4353  0 
 4354  0 
 4355  0 
 4356  0 
 4357  0 
 4358  0 
 4359  0 
 4360  0 
 4361  0 
 4362  0 
 4363  0 
 4364  0 
 4365  0 
 4366  0 
 4367  0 
 4368  0 
 4369  1 
 4370  0 
 4371  0 
 4372  1 
 4373  0 
 4374  0 
 4375  0 
 4376  1 
 4377  0 
 4378  0 
 4379  0 
 4380  0 
 4381  0 
 4382  0 
 4383  0 
 4384  0 
 4385  0 
 4386  0 
 4387  0 
 4388  0 
 4389  1 
 4390  1 
 4391  0 
 4392  0 
 4393  1 
 4394  1 
 4395  0 
 4396  0 
 4397  0 
 4398  0 
 4399  0 
 4400  0 
 4401  0 
 4402  0 
 4403  0 
 4404  0 
 4405  0 
 4406  0 
 4407  1 
 4408  0 
 4409  0 
 4410  0 
 4411  0 
 4412  0 
 4413  0 
 4414  0 
 4415  0 
 4416  0 
 4417  0 
 4418  0 
 4419  0 
 4420  0 
 4421  0 
 4422  0 
 4423  0 
 4424  1 
 4425  0 
 4426  0 
 4427  0 
 4428  0 
 4429  0 
 4430  0 
 4431  0 
 4432  0 
 4433  0 
 4434  0 
 4435  1 
 4436  0 
 4437  0 
 4438  0 
 4439  0 
 4440  0 
 4441  0 
 4442  0 
 4443  0 
 4444  0 
 4445  0 
 4446  0 
 4447  1 
 4448  0 
 4449  0 
 4450  0 
 4451  0 
 4452  0 
 4453  0 
 4454  0 
 4455  0 
 4456  0 
 4457  0 
 4458  1 
 4459  0 
 4460  0 
 4461  0 
 4462  0 
 4463  1 
 4464  0 
 4465  0 
 4466  0 
 4467  1 
 4468  0 
 4469  0 
 4470  2 
 4471  0 
 4472  1 
 4473  0 
 4474  0 
 4475  1 
 4476  0 
 4477  0 
 4478  0 
 4479  0 
 4480  1 
 4481  0 
 4482  0 
 4483  0 
 4484  0 
 4485  0 
 4486  1 
 4487  0 
 4488  0 
 4489  0 
 4490  0 
 4491  0 
 4492  0 
 4493  0 
 4494  0 
 4495  0 
 4496  0 
 4497  0 
 4498  0 
 4499  0 
 4500  0 
 4501  0 
 4502  0 
 4503  0 
 4504  0 
 4505  0 
 4506  0 
 4507  0 
 4508  1 
 4509  0 
 4510  0 
 4511  0 
 4512  0 
 4513  0 
 4514  0 
 4515  0 
 4516  1 
 4517  0 
 4518  0 
 4519  0 
 4520  0 
 4521  1 
 4522  1 
 4523  0 
 4524  0 
 4525  1 
 4526  0 
 4527  0 
 4528  0 
 4529  0 
 4530  0 
 4531  0 
 4532  0 
 4533  0 
 4534  0 
 4535  0 
 4536  0 
 4537  0 
 4538  0 
 4539  1 
 4540  1 
 4541  0 
 4542  0 
 4543  0 
 4544  1 
 4545  0 
 4546  0 
 4547  0 
 4548  0 
 4549  0 
 4550  1 
 4551  0 
 4552  0 
 4553  0 
 4554  0 
 4555  0 
 4556  0 
 4557  0 
 4558  0 
 4559  0 
 4560  0 
 4561  0 
 4562  0 
 4563  0 
 4564  0 
 4565  0 
 4566  1 
 4567  0 
 4568  0 
 4569  0 
 4570  0 
 4571  0 
 4572  0 
 4573  0 
 4574  0 
 4575  1 
 4576  0 
 4577  0 
 4578  0 
 4579  1 
 4580  0 
 4581  0 
 4582  0 
 4583  0 
 4584  0 
 4585  0 
 4586  0 
 4587  1 
 4588  0 
 4589  1 
 4590  0 
 4591  0 
 4592  0 
 4593  0 
 4594  0 
 4595  0 
 4596  0 
 4597  0 
 4598  0 
 4599  0 
 4600  0 
 4601  0 
 4602  0 
 4603  0 
 4604  0 
 4605  0 
 4606  0 
 4607  0 
 4608  0 
 4609  0 
 4610  1 
 4611  1 
 4612  1 
 4613  1 
 4614  0 
 4615  0 
 4616  0 
 4617  0 
 4618  0 
 4619  0 
 4620  0 
 4621  0 
 4622  0 
 4623  0 
 4624  0 
 4625  0 
 4626  1 
 4627  0 
 4628  0 
 4629  1 
 4630  0 
 4631  0 
 4632  0 
 4633  0 
 4634  2 
 4635  0 
 4636  0 
 4637  0 
 4638  0 
 4639  0 
 4640  0 
 4641  0 
 4642  0 
 4643  0 
 4644  0 
 4645  0 
 4646  0 
 4647  0 
 4648  1 
 4649  0 
 4650  0 
 4651  0 
 4652  0 
 4653  1 
 4654  1 
 4655  0 
 4656  0 
 4657  0 
 4658  0 
 4659  0 
 4660  0 
 4661  0 
 4662  0 
 4663  0 
 4664  0 
 4665  0 
 4666  0 
 4667  0 
 4668  1 
 4669  2 
 4670  1 
 4671  0 
 4672  0 
 4673  0 
 4674  0 
 4675  0 
 4676  0 
 4677  0 
 4678  0 
 4679  0 
 4680  0 
 4681  0 
 4682  0 
 4683  0 
 4684  0 
 4685  0 
 4686  0 
 4687  1 
 4688  0 
 4689  1 
 4690  0 
 4691  0 
 4692  0 
 4693  0 
 4694  0 
 4695  0 
 4696  0 
 4697  0 
 4698  1 
 4699  1 
 4700  0 
 4701  2 
 4702  0 
 4703  0 
 4704  0 
 4705  0 
 4706  0 
 4707  0 
 4708  0 
 4709  1 
 4710  0 
 4711  0 
 4712  0 
 4713  0 
 4714  0 
 4715  0 
 4716  1 
 4717  0 
 4718  0 
 4719  2 
 4720  0 
 4721  0 
 4722  0 
 4723  0 
 4724  0 
 4725  1 
 4726  0 
 4727  0 
 4728  0 
 4729  0 
 4730  0 
 4731  1 
 4732  0 
 4733  0 
 4734  0 
 4735  0 
 4736  0 
 4737  0 
 4738  0 
 4739  0 
 4740  0 
 4741  0 
 4742  0 
 4743  1 
 4744  0 
 4745  0 
 4746  0 
 4747  0 
 4748  0 
 4749  0 
 4750  0 
 4751  0 
 4752  0 
 4753  0 
 4754  0 
 4755  0 
 4756  1 
 4757  0 
 4758  0 
 4759  0 
 4760  0 
 4761  2 
 4762  0 
 4763  0 
 4764  0 
 4765  1 
 4766  0 
 4767  1 
 4768  0 
 4769  0 
 4770  0 
 4771  0 
 4772  0 
 4773  0 
 4774  0 
 4775  0 
 4776  0 
 4777  0 
 4778  1 
 4779  0 
 4780  0 
 4781  0 
 4782  1 
 4783  0 
 4784  0 
 4785  0 
 4786  1 
 4787  0 
 4788  0 
 4789  0 
 4790  0 
 4791  1 
 4792  0 
 4793  0 
 4794  1 
 4795  1 
 4796  0 
 4797  0 
 4798  0 
 4799  1 
 4800  0 
 4801  0 
 4802  1 
 4803  0 
 4804  0 
 4805  0 
 4806  0 
 4807  1 
 4808  2 
 4809  0 
 4810  0 
 4811  0 
 4812  0 
 4813  0 
 4814  0 
 4815  0 
 4816  0 
 4817  0 
 4818  0 
 4819  0 
 4820  0 
 4821  0 
 4822  0 
 4823  0 
 4824  1 
 4825  1 
 4826  0 
 4827  0 
 4828  0 
 4829  1 
 4830  0 
 4831  1 
 4832  0 
 4833  0 
 4834  0 
 4835  0 
 4836  0 
 4837  0 
 4838  0 
 4839  0 
 4840  0 
 4841  1 
 4842  0 
 4843  0 
 4844  1 
 4845  0 
 4846  1 
 4847  1 
 4848  1 
 4849  0 
 4850  1 
 4851  0 
 4852  0 
 4853  1 
 4854  0 
 4855  0 
 4856  2 
 4857  0 
 4858  0 
 4859  1 
 4860  0 
 4861  1 
 4862  0 
 4863  0 
 4864  0 
 4865  0 
 4866  1 
 4867  0 
 4868  0 
 4869  0 
 4870  0 
 4871  1 
 4872  0 
 4873  0 
 4874  0 
 4875  0 
 4876  0 
 4877  1 
 4878  0 
 4879  0 
 4880  1 
 4881  0 
 4882  0 
 4883  0 
 4884  0 
 4885  0 
 4886  0 
 4887  0 
 4888  1 
 4889  0 
 4890  0 
 4891  0 
 4892  0 
 4893  2 
 4894  0 
 4895  0 
 4896  0 
 4897  0 
 4898  0 
 4899  0 
 4900  0 
 4901  0 
 4902  0 
 4903  0 
 4904  0 
 4905  0 
 4906  0 
 4907  0 
 4908  0 
 4909  2 
 4910  0 
 4911  0 
 4912  0 
 4913  1 
 4914  0 
 4915  2 
 4916  0 
 4917  0 
 4918  1 
 4919  0 
 4920  0 
 4921  0 
 4922  0 
 4923  0 
 4924  1 
 4925  1 
 4926  1 
 4927  0 
 4928  0 
 4929  1 
 4930  0 
 4931  0 
 4932  0 
 4933  0 
 4934  0 
 4935  0 
 4936  0 
 4937  0 
 4938  1 
 4939  0 
 4940  2 
 4941  0 
 4942  1 
 4943  1 
 4944  0 
 4945  0 
 4946  1 
 4947  1 
 4948  0 
 4949  1 
 4950  1 
 4951  0 
 4952  1 
 4953  1 
 4954  2 
 4955  0 
 4956  1 
 4957  1 
 4958  1 
 4959  0 
 4960  0 
 4961  2 
 4962  1 
 4963  0 
 4964  0 
 4965  1 
 4966  0 
 4967  1 
 4968  0 
 4969  1 
 4970  0 
 4971  0 
 4972  2 
 4973  0 
 4974  0 
 4975  0 
 4976  0 
 4977  0 
 4978  1 
 4979  1 
 4980  0 
 4981  0 
 4982  1 
 4983  0 
 4984  0 
 4985  1 
 4986  0 
 4987  0 
 4988  0 
 4989  0 
 4990  0 
 4991  0 
 4992  1 
 4993  2 
 4994  0 
 4995  0 
 4996  0 
 4997  2 
 4998  0 
 4999  0 
 5000  0 
 5001  2 
 5002  1 
 5003  0 
 5004  0 
 5005  1 
 5006  0 
 5007  2 
 5008  0 
 5009  0 
 5010  0 
 5011  1 
 5012  1 
 5013  2 
 5014  0 
 5015  1 
 5016  0 
 5017  2 
 5018  0 
 5019  2 
 5020  0 
 5021  0 
 5022  1 
 5023  1 
 5024  2 
 5025  1 
 5026  0 
 5027  1 
 5028  0 
 5029  1 
 5030  2 
 5031  2 
 5032  0 
 5033  0 
 5034  0 
 5035  0 
 5036  0 
 5037  1 
 5038  1 
 5039  1 
 5040  1 
 5041  0 
 5042  0 
 5043  1 
 5044  1 
 5045  0 
 5046  2 
 5047  1 
 5048  0 
 5049  1 
 5050  1 
 5051  0 
 5052  0 
 5053  1 
 5054  0 
 5055  0 
 5056  0 
 5057  1 
 5058  0 
 5059  1 
 5060  1 
 5061  0 
 5062  0 
 5063  0 
 5064  1 
 5065  1 
 5066  0 
 5067  0 
 5068  0 
 5069  1 
 5070  0 
 5071  3 
 5072  1 
 5073  0 
 5074  0 
 5075  0 
 5076  0 
 5077  0 
 5078  0 
 5079  1 
 5080  1 
 5081  2 
 5082  0 
 5083  0 
 5084  2 
 5085  0 
 5086  1 
 5087  1 
 5088  0 
 5089  0 
 5090  0 
 5091  0 
 5092  0 
 5093  0 
 5094  1 
 5095  0 
 5096  0 
 5097  1 
 5098  1 
 5099  0 
 5100  1 
 5101  1 
 5102  0 
 5103  0 
 5104  1 
 5105  1 
 5106  0 
 5107  0 
 5108  0 
 5109  0 
 5110  0 
 5111  0 
 5112  0 
 5113  2 
 5114  0 
 5115  0 
 5116  0 
 5117  0 
 5118  0 
 5119  0 
 5120  1 
 5121  1 
 5122  0 
 5123  0 
 5124  0 
 5125  0 
 5126  0 
 5127  1 
 5128  0 
 5129  0 
 5130  0 
 5131  0 
 5132  0 
 5133  0 
 5134  2 
 5135  0 
 5136  0 
 5137  0 
 5138  0 
 5139  0 
 5140  0 
 5141  1 
 5142  0 
 5143  0 
 5144  0 
 5145  0 
 5146  0 
 5147  0 
 5148  0 
 5149  0 
 5150  0 
 5151  0 
 5152  0 
 5153  0 
 5154  0 
 5155  0 
 5156  0 
 5157  0 
 5158  0 
 5159  2 
 5160  0 
 5161  0 
 5162  0 
 5163  0 
 5164  0 
 5165  0 
 5166  0 
 5167  0 
 5168  0 
 5169  0 
 5170  1 
 5171  2 
 5172  0 
 5173  0 
 5174  0 
 5175  0 
 5176  1 
 5177  0 
 5178  0 
 5179  0 
 5180  0 
 5181  0 
 5182  0 
 5183  0 
 5184  0 
 5185  0 
 5186  0 
 5187  0 
 5188  0 
 5189  1 
 5190  1 
 5191  0 
 5192  0 
 5193  0 
 5194  0 
 5195  0 
 5196  0 
 5197  0 
 5198  0 
 5199  1 
 5200  0 
 5201  0 
 5202  0 
 5203  0 
 5204  0 
 5205  0 
 5206  0 
 5207  0 
 5208  0 
 5209  0 
 5210  0 
 5211  0 
 5212  0 
 5213  0 
 5214  0 
 5215  0 
 5216  1 
 5217  0 
 5218  0 
 5219  0 
 5220  0 
 5221  0 
 5222  0 
 5223  0 
 5224  0 
 5225  0 
 5226  0 
 5227  1 
 5228  0 
 5229  0 
 5230  0 
 5231  0 
 5232  0 
 5233  0 
 5234  0 
 5235  0 
 5236  0 
 5237  0 
 5238  0 
 5239  0 
 5240  1 
 5241  0 
 5242  0 
 5243  0 
 5244  0 
 5245  0 
 5246  0 
 5247  0 
 5248  0 
 5249  0 
 5250  0 
 5251  1 
 5252  0 
 5253  0 
 5254  0 
 5255  0 
 5256  0 
 5257  0 
 5258  0 
 5259  0 
 5260  0 
 5261  0 
 5262  0 
 5263  0 
 5264  0 
 5265  0 
 5266  0 
 5267  0 
 5268  1 
 5269  0 
 5270  0 
 5271  0 
 5272  0 
 5273  0 
 5274  0 
 5275  0 
 5276  0 
 5277  0 
 5278  0 
 5279  0 
 5280  0 
 5281  1 
 5282  1 
 5283  0 
 5284  0 
 5285  0 
 5286  0 
 5287  0 
 5288  0 
 5289  0 
 5290  0 
 5291  1 
 5292  0 
 5293  0 
 5294  0 
 5295  0 
 5296  1 
 5297  1 
 5298  0 
 5299  0 
 5300  0 
 5301  0 
 5302  1 
 5303  0 
 5304  0 
 5305  0 
 5306  1 
 5307  0 
 5308  0 
 5309  2 
 5310  0 
 5311  0 
 5312  0 
 5313  0 
 5314  0 
 5315  0 
 5316  0 
 5317  0 
 5318  0 
 5319  0 
 5320  0 
 5321  0 
 5322  0 
 5323  1 
 5324  0 
 5325  0 
 5326  0 
 5327  0 
 5328  0 
 5329  2 
 5330  0 
 5331  0 
 5332  0 
 5333  0 
 5334  0 
 5335  0 
 5336  0 
 5337  0 
 5338  0 
 5339  0 
 5340  1 
 5341  0 
 5342  0 
 5343  1 
 5344  0 
 5345  1 
 5346  0 
 5347  0 
 5348  0 
 5349  0 
 5350  0 
 5351  0 
 5352  0 
 5353  1 
 5354  0 
 5355  0 
 5356  1 
 5357  0 
 5358  1 
 5359  0 
 5360  0 
 5361  0 
 5362  0 
 5363  1 
 5364  0 
 5365  0 
 5366  0 
 5367  0 
 5368  1 
 5369  0 
 5370  0 
 5371  0 
 5372  0 
 5373  0 
 5374  0 
 5375  0 
 5376  0 
 5377  0 
 5378  0 
 5379  0 
 5380  0 
 5381  0 
 5382  0 
 5383  0 
 5384  0 
 5385  0 
 5386  0 
 5387  0 
 5388  0 
 5389  0 
 5390  0 
 5391  0 
 5392  0 
 5393  0 
 5394  0 
 5395  0 
 5396  0 
 5397  0 
 5398  0 
 5399  0 
 5400  0 
 5401  1 
 5402  0 
 5403  0 
 5404  0 
 5405  0 
 5406  0 
 5407  0 
 5408  1 
 5409  0 
 5410  0 
 5411  0 
 5412  0 
 5413  0 
 5414  0 
 5415  0 
 5416  2 
 5417  0 
 5418  1 
 5419  0 
 5420  0 
 5421  0 
 5422  0 
 5423  0 
 5424  0 
 5425  0 
 5426  0 
 5427  0 
 5428  0 
 5429  0 
 5430  0 
 5431  0 
 5432  0 
 5433  0 
 5434  1 
 5435  0 
 5436  0 
 5437  0 
 5438  0 
 5439  1 
 5440  0 
 5441  0 
 5442  0 
 5443  2 
 5444  0 
 5445  0 
 5446  0 
 5447  0 
 5448  0 
 5449  0 
 5450  0 
 5451  0 
 5452  1 
 5453  0 
 5454  0 
 5455  3 
 5456  0 
 5457  0 
 5458  0 
 5459  0 
 5460  0 
 5461  0 
 5462  0 
 5463  0 
 5464  0 
 5465  0 
 5466  1 
 5467  0 
 5468  0 
 5469  0 
 5470  0 
 5471  0 
 5472  0 
 5473  1 
 5474  0 
 5475  0 
 5476  0 
 5477  2 
 5478  0 
 5479  1 
 5480  0 
 5481  0 
 5482  0 
 5483  0 
 5484  0 
 5485  0 
 5486  0 
 5487  0 
 5488  2 
 5489  0 
 5490  1 
 5491  0 
 5492  1 
 5493  0 
 5494  0 
 5495  0 
 5496  0 
 5497  0 
 5498  0 
 5499  0 
 5500  0 
 5501  0 
 5502  0 
 5503  0 
 5504  0 
 5505  0 
 5506  0 
 5507  0 
 5508  0 
 5509  0 
 5510  1 
 5511  0 
 5512  1 
 5513  0 
 5514  1 
 5515  0 
 5516  0 
 5517  0 
 5518  0 
 5519  0 
 5520  1 
 5521  1 
 5522  0 
 5523  0 
 5524  0 
 5525  0 
 5526  0 
 5527  0 
 5528  0 
 5529  1 
 5530  0 
 5531  0 
 5532  0 
 5533  1 
 5534  1 
 5535  2 
 5536  0 
 5537  0 
 5538  0 
 5539  0 
 5540  0 
 5541  0 
 5542  1 
 5543  0 
 5544  1 
 5545  0 
 5546  0 
 5547  0 
 5548  0 
 5549  1 
 5550  0 
 5551  0 
 5552  1 
 5553  0 
 5554  0 
 5555  0 
 5556  0 
 5557  0 
 5558  0 
 5559  0 
 5560  0 
 5561  0 
 5562  0 
 5563  0 
 5564  1 
 5565  0 
 5566  1 
 5567  0 
 5568  0 
 5569  0 
 5570  0 
 5571  0 
 5572  0 
 5573  0 
 5574  0 
 5575  1 
 5576  1 
 5577  0 
 5578  0 
 5579  1 
 5580  0 
 5581  1 
 5582  0 
 5583  0 
 5584  0 
 5585  1 
 5586  0 
 5587  0 
 5588  1 
 5589  0 
 5590  0 
 5591  0 
 5592  1 
 5593  0 
 5594  0 
 5595  0 
 5596  0 
 5597  0 
 5598  0 
 5599  1 
 5600  0 
 5601  0 
 5602  0 
 5603  0 
 5604  1 
 5605  1 
 5606  0 
 5607  0 
 5608  0 
 5609  0 
 5610  0 
 5611  0 
 5612  0 
 5613  1 
 5614  1 
 5615  0 
 5616  0 
 5617  0 
 5618  0 
 5619  0 
 5620  1 
 5621  0 
 5622  0 
 5623  0 
 5624  0 
 5625  0 
 5626  1 
 5627  0 
 5628  0 
 5629  0 
 5630  0 
 5631  0 
 5632  2 
 5633  1 
 5634  0 
 5635  0 
 5636  0 
 5637  1 
 5638  0 
 5639  2 
 5640  0 
 5641  1 
 5642  0 
 5643  0 
 5644  0 
 5645  0 
 5646  1 
 5647  0 
 5648  1 
 5649  0 
 5650  0 
 5651  0 
 5652  0 
 5653  0 
 5654  0 
 5655  1 
 5656  1 
 5657  0 
 5658  0 
 5659  0 
 5660  0 
 5661  0 
 5662  1 
 5663  0 
 5664  1 
 5665  0 
 5666  0 
 5667  0 
 5668  0 
 5669  0 
 5670  0 
 5671  0 
 5672  1 
 5673  0 
 5674  0 
 5675  0 
 5676  0 
 5677  0 
 5678  1 
 5679  0 
 5680  0 
 5681  0 
 5682  0 
 5683  0 
 5684  0 
 5685  0 
 5686  0 
 5687  1 
 5688  0 
 5689  0 
 5690  0 
 5691  1 
 5692  0 
 5693  0 
 5694  0 
 5695  0 
 5696  0 
 5697  0 
 5698  1 
 5699  0 
 5700  1 
 5701  0 
 5702  0 
 5703  1 
 5704  0 
 5705  0 
 5706  0 
 5707  0 
 5708  0 
 5709  0 
 5710  0 
 5711  1 
 5712  0 
 5713  1 
 5714  0 
 5715  1 
 5716  0 
 5717  0 
 5718  0 
 5719  0 
 5720  0 
 5721  0 
 5722  0 
 5723  0 
 5724  0 
 5725  0 
 5726  0 
 5727  0 
 5728  1 
 5729  0 
 5730  0 
 5731  0 
 5732  0 
 5733  0 
 5734  0 
 5735  0 
 5736  0 
 5737  0 
 5738  1 
 5739  0 
 5740  0 
 5741  0 
 5742  0 
 5743  1 
 5744  0 
 5745  0 
 5746  0 
 5747  0 
 5748  1 
 5749  0 
 5750  0 
 5751  0 
 5752  0 
 5753  0 
 5754  1 
 5755  0 
 5756  1 
 5757  0 
 5758  0 
 5759  1 
 5760  0 
 5761  0 
 5762  1 
 5763  0 
 5764  0 
 5765  0 
 5766  0 
 5767  0 
 5768  0 
 5769  0 
 5770  0 
 5771  1 
 5772  1 
 5773  1 
 5774  1 
 5775  0 
 5776  0 
 5777  0 
 5778  0 
 5779  0 
 5780  0 
 5781  0 
 5782  0 
 5783  0 
 5784  0 
 5785  0 
 5786  0 
 5787  0 
 5788  0 
 5789  0 
 5790  1 
 5791  0 
 5792  0 
 5793  0 
 5794  0 
 5795  0 
 5796  1 
 5797  2 
 5798  0 
 5799  0 
 5800  2 
 5801  0 
 5802  1 
 5803  1 
 5804  1 
 5805  1 
 5806  0 
 5807  0 
 5808  1 
 5809  0 
 5810  0 
 5811  0 
 5812  0 
 5813  0 
 5814  0 
 5815  1 
 5816  0 
 5817  0 
 5818  0 
 5819  1 
 5820  0 
 5821  1 
 5822  0 
 5823  0 
 5824  1 
 5825  0 
 5826  0 
 5827  0 
 5828  1 
 5829  0 
 5830  0 
 5831  1 
 5832  0 
 5833  0 
 5834  0 
 5835  0 
 5836  0 
 5837  0 
 5838  0 
 5839  0 
 5840  1 
 5841  0 
 5842  0 
 5843  1 
 5844  0 
 5845  0 
 5846  1 
 5847  0 
 5848  1 
 5849  1 
 5850  0 
 5851  0 
 5852  0 
 5853  1 
 5854  0 
 5855  0 
 5856  1 
 5857  0 
 5858  0 
 5859  0 
 5860  0 
 5861  0 
 5862  0 
 5863  0 
 5864  0 
 5865  0 
 5866  0 
 5867  0 
 5868  0 
 5869  1 
 5870  0 
 5871  0 
 5872  0 
 5873  0 
 5874  0 
 5875  1 
 5876  0 
 5877  0 
 5878  1 
 5879  0 
 5880  0 
 5881  1 
 5882  0 
 5883  0 
 5884  0 
 5885  0 
 5886  1 
 5887  0 
 5888  0 
 5889  0 
 5890  0 
 5891  0 
 5892  0 
 5893  1 
 5894  0 
 5895  1 
 5896  0 
 5897  0 
 5898  1 
 5899  0 
 5900  0 
 5901  0 
 5902  0 
 5903  0 
 5904  0 
 5905  0 
 5906  0 
 5907  0 
 5908  0 
 5909  0 
 5910  0 
 5911  0 
 5912  0 
 5913  0 
 5914  0 
 5915  0 
 5916  0 
 5917  1 
 5918  0 
 5919  1 
 5920  0 
 5921  0 
 5922  0 
 5923  0 
 5924  0 
 5925  0 
 5926  0 
 5927  0 
 5928  0 
 5929  1 
 5930  0 
 5931  0 
 5932  0 
 5933  0 
 5934  0 
 5935  0 
 5936  0 
 5937  0 
 5938  0 
 5939  0 
 5940  0 
 5941  0 
 5942  2 
 5943  0 
 5944  0 
 5945  0 
 5946  0 
 5947  1 
 5948  0 
 5949  0 
 5950  0 
 5951  0 
 5952  0 
 5953  0 
 5954  0 
 5955  0 
 5956  0 
 5957  0 
 5958  0 
 5959  0 
 5960  0 
 5961  0 
 5962  0 
 5963  0 
 5964  0 
 5965  0 
 5966  0 
 5967  0 
 5968  0 
 5969  0 
 5970  0 
 5971  0 
 5972  0 
 5973  0 
 5974  0 
 5975  0 
 5976  0 
 5977  0 
 5978  0 
 5979  0 
 5980  0 
 5981  0 
 5982  0 
 5983  0 
 5984  0 
 5985  0 
 5986  0 
 5987  0 
 5988  0 
 5989  0 
 5990  1 
 5991  1 
 5992  0 
 5993  0 
 5994  0 
 5995  0 
 5996  0 
 5997  0 
 5998  0 
 5999  0 
 6000  0 
 6001  0 
 6002  0 
 6003  0 
 6004  0 
 6005  0 
 6006  0 
 6007  0 
 6008  0 
 6009  0 
 6010  0 
 6011  0 
 6012  1 
 6013  0 
 6014  0 
 6015  0 
 6016  1 
 6017  0 
 6018  0 
 6019  0 
 6020  0 
 6021  0 
 6022  0 
 6023  1 
 6024  0 
 6025  0 
 6026  0 
 6027  0 
 6028  0 
 6029  0 
 6030  0 
 6031  0 
 6032  0 
 6033  1 
 6034  0 
 6035  0 
 6036  0 
 6037  0 
 6038  0 
 6039  0 
 6040  0 
 6041  0 
 6042  0 
 6043  0 
 6044  0 
 6045  0 
 6046  0 
 6047  0 
 6048  0 
 6049  1 
 6050  0 
 6051  0 
 6052  0 
 6053  0 
 6054  0 
 6055  0 
 6056  0 
 6057  0 
 6058  0 
 6059  0 
 6060  0 
 6061  0 
 6062  0 
 6063  0 
 6064  1 
 6065  0 
 6066  0 
 6067  0 
 6068  0 
 6069  1 
 6070  0 
 6071  0 
 6072  0 
 6073  0 
 6074  0 
 6075  0 
 6076  1 
 6077  0 
 6078  0 
 6079  0 
 6080  0 
 6081  0 
 6082  0 
 6083  0 
 6084  0 
 6085  0 
 6086  0 
 6087  0 
 6088  0 
 6089  0 
 6090  0 
 6091  0 
 6092  0 
 6093  0 
 6094  0 
 6095  0 
 6096  1 
 6097  0 
 6098  0 
 6099  0 
 6100  0 
 6101  0 
 6102  0 
 6103  0 
 6104  0 
 6105  0 
 6106  0 
 6107  0 
 6108  0 
 6109  0 
 6110  0 
 6111  0 
 6112  0 
 6113  0 
 6114  0 
 6115  0 
 6116  0 
 6117  0 
 6118  0 
 6119  0 
 6120  0 
 6121  0 
 6122  0 
 6123  0 
 6124  0 
 6125  0 
 6126  0 
 6127  0 
 6128  0 
 6129  0 
 6130  0 
 6131  0 
 6132  0 
 6133  0 
 6134  0 
 6135  0 
 6136  0 
 6137  0 
 6138  0 
 6139  0 
 6140  0 
 6141  0 
 6142  0 
 6143  0 
 6144  0 
 6145  0 
 6146  0 
 6147  0 
 6148  0 
 6149  0 
 6150  0 
 6151  0 
 6152  0 
 6153  0 
 6154  0 
 6155  0 
 6156  1 
 6157  0 
 6158  0 
 6159  0 
 6160  0 
 6161  0 
 6162  0 
 6163  0 
 6164  0 
 6165  0 
 6166  0 
 6167  0 
 6168  0 
 6169  0 
 6170  0 
 6171  0 
 6172  0 
 6173  0 
 6174  0 
 6175  0 
 6176  0 
 6177  1 
 6178  0 
 6179  0 
 6180  0 
 6181  0 
 6182  0 
 6183  0 
 6184  0 
 6185  0 
 6186  0 
 6187  0 
 6188  0 
 6189  0 
 6190  0 
 6191  0 
 6192  0 
 6193  0 
 6194  0 
 6195  0 
 6196  0 
 6197  0 
 6198  0 
 6199  0 
 6200  0 
 6201  0 
 6202  0 
 6203  0 
 6204  0 
 6205  0 
 6206  0 
 6207  0 
 6208  0 
 6209  0 
 6210  0 
 6211  0 
 6212  0 
 6213  0 
 6214  0 
 6215  0 
 6216  0 
 6217  0 
 6218  0 
 6219  0 
 6220  0 
 6221  0 
 6222  0 
 6223  0 
 6224  0 
 6225  0 
 6226  0 
 6227  0 
 6228  0 
 6229  0 
 6230  0 
 6231  0 
 6232  0 
 6233  0 
 6234  0 
 6235  0 
 6236  0 
 6237  0 
 6238  0 
 6239  0 
 6240  0 
 6241  0 
 6242  0 
 6243  0 
 6244  0 
 6245  0 
 6246  0 
 6247  0 
 6248  0 
 6249  0 
 6250  0 
 6251  0 
 6252  0 
 6253  0 
 6254  0 
 6255  0 
 6256  0 
 6257  0 
 6258  0 
 6259  0 
 6260  0 
 6261  0 
 6262  0 
 6263  0 
 6264  0 
 6265  0 
 6266  0 
 6267  0 
 6268  0 
 6269  0 
 6270  0 
 6271  0 
 6272  0 
 6273  0 
 6274  0 
 6275  0 
 6276  0 
 6277  0 
 6278  0 
 6279  0 
 6280  0 
 6281  0 
 6282  0 
 6283  0 
 6284  0 
 6285  0 
 6286  0 
 6287  0 
 6288  0 
 6289  0 
 6290  0 
 6291  0 
 6292  0 
 6293  0 
 6294  0 
 6295  0 
 6296  0 
 6297  0 
 6298  0 
 6299  0 
 6300  0 
 6301  0 
 6302  0 
 6303  0 
 6304  0 
 6305  0 
 6306  0 
 6307  0 
 6308  0 
 6309  0 
 6310  0 
 6311  0 
 6312  0 
 6313  0 
 6314  0 
 6315  0 
 6316  0 
 6317  0 
 6318  0 
 6319  0 
 6320  0 
 6321  0 
 6322  1 
 6323  0 
 6324  0 
 6325  0 
 6326  0 
 6327  0 
 6328  0 
 6329  0 
 6330  0 
 6331  0 
 6332  0 
 6333  0 
 6334  0 
 6335  0 
 6336  0 
 6337  0 
 6338  0 
 6339  0 
 6340  0 
 6341  0 
 6342  0 
 6343  0 
 6344  0 
 6345  0 
 6346  0 
 6347  0 
 6348  0 
 6349  0 
 6350  0 
 6351  0 
 6352  0 
 6353  0 
 6354  0 
 6355  0 
 6356  0 
 6357  0 
 6358  0 
 6359  0 
 6360  0 
 6361  0 
 6362  0 
 6363  0 
 6364  0 
 6365  0 
 6366  0 
 6367  1 
 6368  0 
 6369  0 
 6370  0 
 6371  0 
 6372  0 
 6373  0 
 6374  0 
 6375  0 
 6376  0 
 6377  1 
 6378  0 
 6379  0 
 6380  0 
 6381  0 
 6382  0 
 6383  0 
 6384  0 
 6385  0 
 6386  0 
 6387  0 
 6388  0 
 6389  0 
 6390  0 
 6391  0 
 6392  0 
 6393  0 
 6394  0 
 6395  0 
 6396  0 
 6397  0 
 6398  0 
 6399  0 
 6400  0 
 6401  0 
 6402  0 
 6403  0 
 6404  0 
 6405  0 
 6406  0 
 6407  0 
 6408  0 
 6409  0 
 6410  0 
 6411  0 
 6412  0 
 6413  0 
 6414  0 
 6415  0 
 6416  0 
 6417  0 
 6418  0 
 6419  0 
 6420  0 
 6421  0 
 6422  0 
 6423  0 
 6424  0 
 6425  0 
 6426  0 
 6427  1 
 6428  1 
 6429  0 
 6430  0 
 6431  0 
 6432  0 
 6433  0 
 6434  0 
 6435  0 
 6436  0 
 6437  0 
 6438  0 
 6439  0 
 6440  0 
 6441  0 
 6442  0 
 6443  0 
 6444  0 
 6445  1 
 6446  0 
 6447  0 
 6448  0 
 6449  0 
 6450  0 
 6451  0 
 6452  0 
 6453  0 
 6454  0 
 6455  0 
 6456  0 
 6457  0 
 6458  0 
 6459  0 
 6460  0 
 6461  0 
 6462  0 
 6463  0 
 6464  0 
 6465  0 
 6466  0 
 6467  0 
 6468  0 
 6469  0 
 6470  0 
 6471  0 
 6472  0 
 6473  0 
 6474  0 
 6475  0 
 6476  0 
 6477  0 
 6478  0 
 6479  0 
 6480  0 
 6481  0 
 6482  0 
 6483  0 
 6484  0 
 6485  0 
 6486  0 
 6487  0 
 6488  1 
 6489  0 
 6490  1 
 6491  0 
 6492  0 
 6493  1 
 6494  0 
 6495  1 
 6496  1 
 6497  0 
 6498  0 
 6499  0 
 6500  0 
 6501  0 
 6502  0 
 6503  0 
 6504  0 
 6505  0 
 6506  0 
 6507  0 
 6508  0 
 6509  0 
 6510  0 
 6511  0 
 6512  0 
 6513  0 
 6514  0 
 6515  0 
 6516  1 
 6517  0 
 6518  0 
 6519  0 
 6520  1 
 6521  1 
 6522  0 
 6523  0 
 6524  0 
 6525  0 
 6526  0 
 6527  0 
 6528  1 
 6529  1 
 6530  0 
 6531  0 
 6532  1 
 6533  1 
 6534  2 
 6535  0 
 6536  0 
 6537  0 
 6538  0 
 6539  0 
 6540  0 
 6541  0 
 6542  1 
 6543  0 
 6544  0 
 6545  0 
 6546  2 
 6547  0 
 6548  0 
 6549  0 
 6550  0 
 6551  0 
 6552  0 
 6553  0 
 6554  0 
 6555  2 
 6556  0 
 6557  0 
 6558  1 
 6559  1 
 6560  1 
 6561  0 
 6562  0 
 6563  0 
 6564  1 
 6565  0 
 6566  0 
 6567  0 
 6568  0 
 6569  0 
 6570  0 
 6571  0 
 6572  0 
 6573  0 
 6574  0 
 6575  0 
 6576  2 
 6577  0 
 6578  0 
 6579  0 
 6580  1 
 6581  2 
 6582  0 
 6583  0 
 6584  0 
 6585  3 
 6586  1 
 6587  1 
 6588  0 
 6589  0 
 6590  1 
 6591  0 
 6592  1 
 6593  1 
 6594  1 
 6595  0 
 6596  0 
 6597  0 
 6598  1 
 6599  1 
 6600  3 
 6601  0 
 6602  0 
 6603  1 
 6604  0 
 6605  1 
 6606  0 
 6607  1 
 6608  0 
 6609  1 
 6610  0 
 6611  0 
 6612  0 
 6613  0 
 6614  0 
 6615  2 
 6616  1 
 6617  0 
 6618  0 
 6619  0 
 6620  2 
 6621  0 
 6622  0 
 6623  0 
 6624  0 
 6625  0 
 6626  1 
 6627  0 
 6628  1 
 6629  0 
 6630  0 
 6631  0 
 6632  0 
 6633  0 
 6634  1 
 6635  0 
 6636  1 
 6637  0 
 6638  1 
 6639  0 
 6640  1 
 6641  0 
 6642  0 
 6643  0 
 6644  0 
 6645  1 
 6646  3 
 6647  1 
 6648  0 
 6649  0 
 6650  0 
 6651  0 
 6652  0 
 6653  1 
 6654  0 
 6655  0 
 6656  1 
 6657  1 
 6658  1 
 6659  0 
 6660  0 
 6661  0 
 6662  1 
 6663  0 
 6664  1 
 6665  0 
 6666  1 
 6667  0 
 6668  0 
 6669  1 
 6670  0 
 6671  0 
 6672  0 
 6673  1 
 6674  0 
 6675  0 
 6676  0 
 6677  0 
 6678  1 
 6679  1 
 6680  0 
 6681  2 
 6682  0 
 6683  0 
 6684  0 
 6685  0 
 6686  1 
 6687  0 
 6688  0 
 6689  0 
 6690  0 
 6691  0 
 6692  1 
 6693  0 
 6694  0 
 6695  0 
 6696  0 
 6697  0 
 6698  0 
 6699  0 
 6700  0 
 6701  0 
 6702  0 
 6703  0 
 6704  0 
 6705  0 
 6706  0 
 6707  0 
 6708  0 
 6709  0 
 6710  0 
 6711  0 
 6712  0 
 6713  0 
 6714  1 
 6715  0 
 6716  0 
 6717  0 
 6718  1 
 6719  0 
 6720  0 
 6721  0 
 6722  0 
 6723  0 
 6724  0 
 6725  0 
 6726  0 
 6727  0 
 6728  0 
 6729  0 
 6730  0 
 6731  0 
 6732  0 
 6733  0 
 6734  0 
 6735  0 
 6736  0 
 6737  0 
 6738  0 
 6739  0 
 6740  0 
 6741  0 
 6742  0 
 6743  0 
 6744  0 
 6745  0 
 6746  0 
 6747  0 
 6748  0 
 6749  0 
 6750  0 
 6751  0 
 6752  0 
 6753  0 
 6754  0 
 6755  0 
 6756  0 
 6757  0 
 6758  0 
 6759  0 
 6760  0 
 6761  0 
 6762  0 
 6763  0 
 6764  0 
 6765  0 
 6766  0 
 6767  0 
 6768  0 
 6769  0 
 6770  0 
 6771  0 
 6772  0 
 6773  0 
 6774  0 
 6775  0 
 6776  0 
 6777  0 
 6778  0 
 6779  0 
 6780  0 
 6781  0 
 6782  0 
 6783  0 
 6784  0 
 6785  0 
 6786  0 
 6787  0 
 6788  0 
 6789  0 
 6790  0 
 6791  0 
 6792  0 
 6793  0 
 6794  0 
 6795  0 
 6796  0 
 6797  0 
 6798  0 
 6799  0 
 6800  0 
 6801  0 
 6802  0 
 6803  0 
 6804  0 
 6805  0 
 6806  0 
 6807  0 
 6808  0 
 6809  0 
 6810  0 
 6811  0 
 6812  0 
 6813  0 
 6814  0 
 6815  0 
 6816  0 
 6817  0 
 6818  0 
 6819  0 
 6820  0 
 6821  0 
 6822  0 
 6823  0 
 6824  0 
 6825  0 
 6826  0 
 6827  0 
 6828  0 
 6829  0 
 6830  0 
 6831  0 
 6832  0 
 6833  0 
 6834  0 
 6835  0 
 6836  0 
 6837  0 
 6838  0 
 6839  0 
 6840  0 
 6841  0 
 6842  0 
 6843  0 
 6844  0 
 6845  0 
 6846  0 
 6847  0 
 6848  0 
 6849  0 
 6850  0 
 6851  0 
 6852  0 
 6853  0 
 6854  0 
 6855  0 
 6856  0 
 6857  0 
 6858  0 
 6859  0 
 6860  0 
 6861  0 
 6862  0 
 6863  0 
 6864  0 
 6865  0 
 6866  0 
 6867  0 
 6868  0 
 6869  0 
 6870  0 
 6871  0 
 6872  0 
 6873  0 
 6874  0 
 6875  0 
 6876  0 
 6877  0 
 6878  0 
 6879  0 
 6880  0 
 6881  0 
 6882  0 
 6883  0 
 6884  0 
 6885  0 
 6886  0 
 6887  0 
 6888  0 
 6889  0 
 6890  0 
 6891  0 
 6892  0 
 6893  0 
 6894  0 
 6895  0 
 6896  0 
 6897  0 
 6898  0 
 6899  0 
 6900  0 
 6901  0 
 6902  0 
 6903  0 
 6904  0 
 6905  0 
 6906  0 
 6907  0 
 6908  0 
 6909  0 
 6910  0 
 6911  0 
 6912  0 
 6913  0 
 6914  0 
 6915  0 
 6916  0 
 6917  0 
 6918  0 
 6919  0 
 6920  0 
 6921  0 
 6922  0 
 6923  0 
 6924  0 
 6925  0 
 6926  0 
 6927  0 
 6928  0 
 6929  0 
 6930  0 
 6931  0 
 6932  0 
 6933  0 
 6934  0 
 6935  0 
 6936  0 
 6937  0 
 6938  0 
 6939  0 
 6940  0 
 6941  0 
 6942  0 
 6943  0 
 6944  0 
 6945  0 
 6946  0 
 6947  0 
 6948  0 
 6949  0 
 6950  0 
 6951  0 
 6952  0 
 6953  0 
 6954  0 
 6955  0 
 6956  0 
 6957  0 
 6958  0 
 6959  0 
 6960  0 
 6961  0 
 6962  0 
 6963  0 
 6964  0 
 6965  0 
 6966  0 
 6967  0 
 6968  0 
 6969  0 
 6970  0 
 6971  0 
 6972  0 
 6973  0 
 6974  0 
 6975  0 
 6976  0 
 6977  0 
 6978  0 
 6979  0 
 6980  0 
 6981  0 
 6982  0 
 6983  0 
 6984  0 
 6985  0 
 6986  0 
 6987  0 
 6988  0 
 6989  0 
 6990  0 
 6991  0 
 6992  0 
 6993  0 
 6994  0 
 6995  0 
 6996  0 
 6997  0 
 6998  0 
 6999  0 
 7000  0 
 7001  0 
 7002  0 
 7003  0 
 7004  0 
 7005  0 
 7006  0 
 7007  0 
 7008  0 
 7009  0 
 7010  0 
 7011  0 
 7012  0 
 7013  0 
 7014  0 
 7015  0 
 7016  0 
 7017  0 
 7018  0 
 7019  0 
 7020  0 
 7021  0 
 7022  0 
 7023  0 
 7024  0 
 7025  0 
 7026  0 
 7027  0 
 7028  0 
 7029  0 
 7030  0 
 7031  0 
 7032  0 
 7033  0 
 7034  0 
 7035  0 
 7036  0 
 7037  0 
 7038  0 
 7039  0 
 7040  0 
 7041  0 
 7042  0 
 7043  0 
 7044  0 
 7045  0 
 7046  0 
 7047  0 
 7048  0 
 7049  0 
 7050  0 
 7051  0 
 7052  0 
 7053  0 
 7054  0 
 7055  0 
 7056  0 
 7057  0 
 7058  0 
 7059  0 
 7060  0 
 7061  0 
 7062  0 
 7063  0 
 7064  0 
 7065  0 
 7066  0 
 7067  0 
 7068  0 
 7069  0 
 7070  0 
 7071  0 
 7072  0 
 7073  0 
 7074  0 
 7075  0 
 7076  0 
 7077  0 
 7078  0 
 7079  0 
 7080  0 
 7081  0 
 7082  0 
 7083  0 
 7084  0 
 7085  0 
 7086  0 
 7087  0 
 7088  0 
 7089  0 
 7090  0 
 7091  0 
 7092  0 
 7093  0 
 7094  0 
 7095  0 
 7096  0 
 7097  0 
 7098  0 
 7099  0 
 7100  0 
 7101  0 
 7102  0 
 7103  0 
 7104  0 
 7105  0 
 7106  0 
 7107  0 
 7108  0 
 7109  0 
 7110  0 
 7111  0 
 7112  0 
 7113  0 
 7114  0 
 7115  0 
 7116  0 
 7117  0 
 7118  0 
 7119  0 
 7120  0 
 7121  0 
 7122  0 
 7123  0 
 7124  0 
 7125  0 
 7126  0 
 7127  0 
 7128  0 
 7129  0 
 7130  0 
 7131  0 
 7132  0 
 7133  0 
 7134  0 
 7135  0 
 7136  0 
 7137  0 
 7138  0 
 7139  0 
 7140  0 
 7141  0 
 7142  0 
 7143  0 
 7144  0 
 7145  0 
 7146  0 
 7147  0 
 7148  0 
 7149  0 
 7150  0 
 7151  0 
 7152  0 
 7153  0 
 7154  0 
 7155  0 
 7156  0 
 7157  0 
 7158  0 
 7159  0 
 7160  0 
 7161  0 
 7162  0 
 7163  0 
 7164  0 
 7165  0 
 7166  0 
 7167  0 
 7168  0 
 7169  0 
 7170  0 
 7171  0 
 7172  0 
 7173  0 
 7174  0 
 7175  0 
 7176  0 
 7177  0 
 7178  0 
 7179  0 
 7180  0 
 7181  0 
 7182  0 
 7183  0 
 7184  0 
 7185  0 
 7186  0 
 7187  0 
 7188  0 
 7189  0 
 7190  0 
 7191  0 
 7192  0 
 7193  0 
 7194  0 
 7195  0 
 7196  0 
 7197  0 
 7198  0 
 7199  0 
 7200  0 
 7201  0 
 7202  0 
 7203  0 
 7204  0 
 7205  0 
 7206  0 
 7207  0 
 7208  0 
 7209  0 
 7210  0 
 7211  0 
 7212  0 
 7213  0 
 7214  0 
 7215  0 
 7216  0 
 7217  0 
 7218  0 
 7219  0 
 7220  0 
 7221  0 
 7222  0 
 7223  0 
 7224  0 
 7225  0 
 7226  0 
 7227  0 
 7228  0 
 7229  0 
 7230  0 
 7231  0 
 7232  0 
 7233  0 
 7234  0 
 7235  0 
 7236  0 
 7237  0 
 7238  0 
 7239  0 
 7240  0 
 7241  0 
 7242  0 
 7243  0 
 7244  0 
 7245  0 
 7246  0 
 7247  0 
 7248  0 
 7249  0 
 7250  0 
 7251  0 
 7252  0 
 7253  0 
 7254  0 
 7255  0 
 7256  0 
 7257  0 
 7258  0 
 7259  0 
 7260  0 
 7261  0 
 7262  0 
 7263  0 
 7264  0 
 7265  0 
 7266  0 
 7267  0 
 7268  0 
 7269  0 
 7270  0 
 7271  0 
 7272  0 
 7273  0 
 7274  0 
 7275  0 
 7276  0 
 7277  0 
 7278  0 
 7279  0 
 7280  0 
 7281  0 
 7282  0 
 7283  0 
 7284  0 
 7285  0 
 7286  0 
 7287  0 
 7288  0 
 7289  0 
 7290  0 
 7291  0 
 7292  0 
 7293  0 
 7294  0 
 7295  0 
 7296  0 
 7297  0 
 7298  0 
 7299  0 
 7300  0 
 7301  0 
 7302  0 
 7303  0 
 7304  0 
 7305  0 
 7306  0 
 7307  0 
 7308  0 
 7309  0 
 7310  0 
 7311  0 
 7312  0 
 7313  0 
 7314  0 
 7315  0 
 7316  0 
 7317  0 
 7318  0 
 7319  0 
 7320  0 
 7321  0 
 7322  0 
 7323  0 
 7324  0 
 7325  0 
 7326  0 
 7327  0 
 7328  0 
 7329  0 
 7330  0 
 7331  0 
 7332  0 
 7333  0 
 7334  0 
 7335  0 
 7336  0 
 7337  0 
 7338  0 
 7339  0 
 7340  0 
 7341  0 
 7342  0 
 7343  0 
 7344  0 
 7345  0 
 7346  0 
 7347  0 
 7348  0 
 7349  0 
 7350  0 
 7351  0 
 7352  0 
 7353  0 
 7354  0 
 7355  0 
 7356  0 
 7357  0 
 7358  0 
 7359  0 
 7360  0 
 7361  0 
 7362  0 
 7363  0 
 7364  0 
 7365  0 
 7366  0 
 7367  0 
 7368  0 
 7369  0 
 7370  0 
 7371  0 
 7372  0 
 7373  0 
 7374  0 
 7375  0 
 7376  0 
 7377  0 
 7378  0 
 7379  0 
 7380  0 
 7381  0 
 7382  0 
 7383  0 
 7384  0 
 7385  0 
 7386  0 
 7387  0 
 7388  0 
 7389  0 
 7390  0 
 7391  0 
 7392  0 
 7393  0 
 7394  0 
 7395  0 
 7396  0 
 7397  0 
 7398  0 
 7399  0 
 7400  0 
 7401  0 
 7402  0 
 7403  0 
 7404  0 
 7405  0 
 7406  0 
 7407  0 
 7408  0 
 7409  0 
 7410  0 
 7411  0 
 7412  0 
 7413  0 
 7414  0 
 7415  0 
 7416  0 
 7417  0 
 7418  0 
 7419  0 
 7420  0 
 7421  0 
 7422  0 
 7423  0 
 7424  0 
 7425  0 
 7426  0 
 7427  0 
 7428  0 
 7429  0 
 7430  0 
 7431  0 
 7432  0 
 7433  0 
 7434  0 
 7435  0 
 7436  0 
 7437  0 
 7438  0 
 7439  0 
 7440  0 
 7441  0 
 7442  0 
 7443  0 
 7444  0 
 7445  0 
 7446  0 
 7447  0 
 7448  0 
 7449  0 
 7450  0 
 7451  0 
 7452  0 
 7453  0 
 7454  0 
 7455  0 
 7456  0 
 7457  0 
 7458  0 
 7459  0 
 7460  0 
 7461  0 
 7462  0 
 7463  0 
 7464  0 
 7465  0 
 7466  0 
 7467  0 
 7468  0 
 7469  0 
 7470  0 
 7471  0 
 7472  0 
 7473  0 
 7474  0 
 7475  0 
 7476  0 
 7477  0 
 7478  0 
 7479  0 
 7480  0 
 7481  0 
 7482  0 
 7483  0 
 7484  0 
 7485  0 
 7486  0 
 7487  0 
 7488  0 
 7489  0 
 7490  0 
 7491  0 
 7492  0 
 7493  0 
 7494  0 
 7495  0 
 7496  0 
 7497  0 
 7498  0 
 7499  0 
 7500  0 
 7501  0 
 7502  0 
 7503  0 
 7504  0 
 7505  0 
 7506  0 
 7507  0 
 7508  0 
 7509  0 
 7510  0 
 7511  0 
 7512  0 
 7513  0 
 7514  0 
 7515  0 
 7516  0 
 7517  0 
 7518  0 
 7519  0 
 7520  0 
 7521  0 
 7522  0 
 7523  0 
 7524  0 
 7525  0 
 7526  0 
 7527  0 
 7528  0 
 7529  0 
 7530  0 
 7531  0 
 7532  0 
 7533  0 
 7534  0 
 7535  0 
 7536  0 
 7537  0 
 7538  0 
 7539  0 
 7540  0 
 7541  0 
 7542  0 
 7543  0 
 7544  0 
 7545  0 
 7546  0 
 7547  0 
 7548  0 
 7549  0 
 7550  0 
 7551  0 
 7552  0 
 7553  0 
 7554  0 
 7555  0 
 7556  0 
 7557  0 
 7558  0 
 7559  0 
 7560  0 
 7561  0 
 7562  0 
 7563  0 
 7564  0 
 7565  0 
 7566  0 
 7567  0 
 7568  0 
 7569  0 
 7570  0 
 7571  0 
 7572  0 
 7573  0 
 7574  0 
 7575  0 
 7576  0 
 7577  0 
 7578  0 
 7579  0 
 7580  0 
 7581  0 
 7582  0 
 7583  0 
 7584  0 
 7585  0 
 7586  0 
 7587  0 
 7588  0 
 7589  0 
 7590  0 
 7591  0 
 7592  0 
 7593  0 
 7594  0 
 7595  0 
 7596  0 
 7597  0 
 7598  0 
 7599  0 
 7600  0 
 7601  0 
 7602  0 
 7603  0 
 7604  0 
 7605  0 
 7606  0 
 7607  0 
 7608  0 
 7609  0 
 7610  0 
 7611  0 
 7612  0 
 7613  0 
 7614  0 
 7615  0 
 7616  0 
 7617  0 
 7618  0 
 7619  0 
 7620  0 
 7621  0 
 7622  0 
 7623  0 
 7624  0 
 7625  0 
 7626  0 
 7627  0 
 7628  0 
 7629  0 
 7630  0 
 7631  0 
 7632  0 
 7633  0 
 7634  0 
 7635  0 
 7636  0 
 7637  0 
 7638  0 
 7639  0 
 7640  0 
 7641  0 
 7642  0 
 7643  0 
 7644  0 
 7645  0 
 7646  0 
 7647  0 
 7648  0 
 7649  0 
 7650  0 
 7651  0 
 7652  0 
 7653  0 
 7654  0 
 7655  0 
 7656  0 
 7657  0 
 7658  0 
 7659  0 
 7660  0 
 7661  0 
 7662  0 
 7663  0 
 7664  0 
 7665  0 
 7666  0 
 7667  0 
 7668  0 
 7669  0 
 7670  0 
 7671  0 
 7672  0 
 7673  0 
 7674  0 
 7675  0 
 7676  0 
 7677  0 
 7678  0 
 7679  0 
 7680  0 
 7681  0 
 7682  0 
 7683  0 
 7684  0 
 7685  0 
 7686  0 
 7687  0 
 7688  0 
 7689  0 
 7690  0 
 7691  0 
 7692  0 
 7693  0 
 7694  0 
 7695  0 
 7696  0 
 7697  0 
 7698  0 
 7699  0 
 7700  0 
 7701  0 
 7702  0 
 7703  0 
 7704  0 
 7705  0 
 7706  0 
 7707  0 
 7708  0 
 7709  0 
 7710  0 
 7711  0 
 7712  0 
 7713  0 
 7714  0 
 7715  0 
 7716  0 
 7717  0 
 7718  0 
 7719  0 
 7720  0 
 7721  0 
 7722  0 
 7723  0 
 7724  0 
 7725  0 
 7726  0 
 7727  0 
 7728  0 
 7729  0 
 7730  0 
 7731  0 
 7732  0 
 7733  0 
 7734  0 
 7735  0 
 7736  0 
 7737  0 
 7738  0 
 7739  0 
 7740  0 
 7741  0 
 7742  0 
 7743  0 
 7744  0 
 7745  0 
 7746  0 
 7747  0 
 7748  0 
 7749  0 
 7750  0 
 7751  0 
 7752  0 
 7753  0 
 7754  0 
 7755  0 
 7756  0 
 7757  0 
 7758  0 
 7759  0 
 7760  0 
 7761  0 
 7762  0 
 7763  0 
 7764  0 
 7765  0 
 7766  0 
 7767  0 
 7768  0 
 7769  0 
 7770  0 
 7771  0 
 7772  0 
 7773  0 
 7774  0 
 7775  0 
 7776  0 
 7777  0 
 7778  0 
 7779  0 
 7780  0 
 7781  0 
 7782  0 
 7783  0 
 7784  0 
 7785  0 
 7786  0 
 7787  0 
 7788  0 
 7789  0 
 7790  0 
 7791  0 
 7792  0 
 7793  0 
 7794  0 
 7795  0 
 7796  0 
 7797  0 
 7798  0 
 7799  0 
 7800  0 
 7801  0 
 7802  0 
 7803  0 
 7804  0 
 7805  0 
 7806  0 
 7807  0 
 7808  0 
 7809  0 
 7810  0 
 7811  0 
 7812  0 
 7813  0 
 7814  0 
 7815  0 
 7816  0 
 7817  0 
 7818  0 
 7819  0 
 7820  0 
 7821  0 
 7822  0 
 7823  0 
 7824  0 
 7825  0 
 7826  0 
 7827  0 
 7828  0 
 7829  0 
 7830  0 
 7831  0 
 7832  0 
 7833  0 
 7834  0 
 7835  0 
 7836  0 
 7837  0 
 7838  0 
 7839  0 
 7840  0 
 7841  0 
 7842  0 
 7843  0 
 7844  0 
 7845  0 
 7846  0 
 7847  0 
 7848  0 
 7849  0 
 7850  0 
 7851  0 
 7852  0 
 7853  0 
 7854  0 
 7855  0 
 7856  0 
 7857  0 
 7858  0 
 7859  0 
 7860  0 
 7861  0 
 7862  0 
 7863  0 
 7864  0 
 7865  0 
 7866  0 
 7867  0 
 7868  0 
 7869  0 
 7870  0 
 7871  0 
 7872  0 
 7873  0 
 7874  0 
 7875  0 
 7876  0 
 7877  0 
 7878  0 
 7879  0 
 7880  0 
 7881  0 
 7882  0 
 7883  0 
 7884  0 
 7885  0 
 7886  0 
 7887  0 
 7888  0 
 7889  0 
 7890  0 
 7891  0 
 7892  0 
 7893  0 
 7894  0 
 7895  0 
 7896  0 
 7897  0 
 7898  0 
 7899  0 
 7900  0 
 7901  0 
 7902  0 
 7903  0 
 7904  0 
 7905  0 
 7906  0 
 7907  0 
 7908  0 
 7909  0 
 7910  0 
 7911  0 
 7912  0 
 7913  0 
 7914  0 
 7915  0 
 7916  0 
 7917  0 
 7918  0 
 7919  0 
 7920  0 
 7921  0 
 7922  0 
 7923  0 
 7924  0 
 7925  0 
 7926  0 
 7927  0 
 7928  0 
 7929  0 
 7930  0 
 7931  0 
 7932  0 
 7933  0 
 7934  0 
 7935  0 
 7936  0 
 7937  0 
 7938  0 
 7939  0 
 7940  0 
 7941  0 
 7942  0 
 7943  0 
 7944  0 
 7945  0 
 7946  0 
 7947  0 
 7948  0 
 7949  0 
 7950  0 
 7951  0 
 7952  0 
 7953  0 
 7954  0 
 7955  0 
 7956  0 
 7957  0 
 7958  0 
 7959  0 
 7960  0 
 7961  0 
 7962  0 
 7963  0 
 7964  0 
 7965  0 
 7966  0 
 7967  0 
 7968  0 
 7969  0 
 7970  0 
 7971  0 
 7972  0 
 7973  0 
 7974  0 
 7975  0 
 7976  0 
 7977  0 
 7978  0 
 7979  0 
 7980  0 
 7981  0 
 7982  0 
 7983  0 
 7984  0 
 7985  0 
 7986  0 
 7987  0 
 7988  0 
 7989  0 
 7990  0 
 7991  0 
 7992  0 
 7993  0 
 7994  0 
 7995  0 
 7996  0 
 7997  0 
 7998  0 
 7999  0 
 8000  0 
 8001  0 
 8002  0 
 8003  0 
 8004  0 
 8005  0 
 8006  0 
 8007  0 
 8008  0 
 8009  0 
 8010  0 
 8011  0 
 8012  0 
 8013  0 
 8014  0 
 8015  0 
 8016  0 
 8017  0 
 8018  0 
 8019  0 
 8020  0 
 8021  0 
 8022  0 
 8023  0 
 8024  0 
 8025  0 
 8026  0 
 8027  0 
 8028  0 
 8029  0 
 8030  0 
 8031  0 
 8032  0 
 8033  0 
 8034  0 
 8035  0 
 8036  0 
 8037  0 
 8038  0 
 8039  0 
 8040  0 
 8041  0 
 8042  0 
 8043  0 
 8044  0 
 8045  0 
 8046  0 
 8047  0 
 8048  0 
 8049  0 
 8050  0 
 8051  0 
 8052  0 
 8053  0 
 8054  0 
 8055  0 
 8056  0 
 8057  0 
 8058  0 
 8059  0 
 8060  0 
 8061  0 
 8062  0 
 8063  0 
 8064  0 
 8065  0 
 8066  0 
 8067  0 
 8068  0 
 8069  0 
 8070  0 
 8071  0 
 8072  0 
 8073  0 
 8074  0 
 8075  0 
 8076  0 
 8077  0 
 8078  0 
 8079  0 
 8080  0 
 8081  0 
 8082  0 
 8083  0 
 8084  0 
 8085  0 
 8086  0 
 8087  0 
 8088  0 
 8089  0 
 8090  0 
 8091  0 
 8092  0 
 8093  0 
 8094  0 
 8095  0 
 8096  0 
 8097  0 
 8098  0 
 8099  0 
 8100  0 
 8101  0 
 8102  0 
 8103  0 
 8104  0 
 8105  0 
 8106  0 
 8107  0 
 8108  0 
 8109  0 
 8110  0 
 8111  0 
 8112  0 
 8113  0 
 8114  0 
 8115  0 
 8116  0 
 8117  0 
 8118  0 
 8119  0 
 8120  0 
 8121  0 
 8122  0 
 8123  0 
 8124  0 
 8125  0 
 8126  0 
 8127  0 
 8128  0 
 8129  0 
 8130  0 
 8131  0 
 8132  0 
 8133  0 
 8134  0 
 8135  0 
 8136  0 
 8137  0 
 8138  0 
 8139  0 
 8140  0 
 8141  0 
 8142  0 
 8143  0 
 8144  1 
 8145  1 
 8146  0 
 8147  0 
 8148  0 
 8149  0 
 8150  0 
 8151  0 
 8152  0 
 8153  0 
 8154  0 
 8155  0 
 8156  0 
 8157  0 
 8158  0 
 8159  0 
 8160  0 
 8161  0 
 8162  0 
 8163  0 
 8164  0 
 8165  0 
 8166  0 
 8167  1 
 8168  0 
 8169  0 
 8170  0 
 8171  0 
 8172  0 
 8173  0 
 8174  0 
 8175  0 
 8176  0 
 8177  0 
 8178  0 
 8179  0 
 8180  0 
 8181  0 
 8182  0 
 8183  0 
 8184  0 
 8185  0 
 8186  0 
 8187  0 
 8188  0 
 8189  0 
 8190  0 
 8191  0 
