 0  1092 
 1  1097 
 2  0 
 3  0 
 4  0 
 5  0 
 6  0 
 7  0 
 8  0 
 9  0 
 10  0 
 11  0 
 12  0 
 13  0 
 14  0 
 15  0 
 16  0 
 17  0 
 18  0 
 19  0 
 20  0 
 21  0 
 22  0 
 23  0 
 24  0 
 25  0 
 26  0 
 27  0 
 28  0 
 29  0 
 30  0 
 31  0 
 32  0 
 33  0 
 34  0 
 35  0 
 36  0 
 37  0 
 38  0 
 39  0 
 40  0 
 41  0 
 42  0 
 43  0 
 44  0 
 45  0 
 46  0 
 47  0 
 48  0 
 49  0 
 50  0 
 51  0 
 52  0 
 53  0 
 54  0 
 55  0 
 56  0 
 57  0 
 58  0 
 59  0 
 60  0 
 61  0 
 62  0 
 63  0 
 64  0 
 65  0 
 66  0 
 67  0 
 68  0 
 69  0 
 70  0 
 71  0 
 72  0 
 73  0 
 74  0 
 75  0 
 76  0 
 77  0 
 78  0 
 79  0 
 80  0 
 81  0 
 82  0 
 83  0 
 84  0 
 85  0 
 86  0 
 87  0 
 88  0 
 89  0 
 90  0 
 91  0 
 92  0 
 93  0 
 94  0 
 95  0 
 96  0 
 97  0 
 98  0 
 99  0 
 100  0 
 101  0 
 102  0 
 103  0 
 104  0 
 105  0 
 106  0 
 107  0 
 108  0 
 109  0 
 110  0 
 111  0 
 112  0 
 113  0 
 114  0 
 115  0 
 116  0 
 117  0 
 118  0 
 119  0 
 120  0 
 121  0 
 122  0 
 123  0 
 124  0 
 125  0 
 126  0 
 127  0 
 128  0 
 129  0 
 130  0 
 131  0 
 132  0 
 133  0 
 134  0 
 135  0 
 136  0 
 137  0 
 138  0 
 139  0 
 140  0 
 141  0 
 142  0 
 143  0 
 144  0 
 145  0 
 146  0 
 147  0 
 148  0 
 149  0 
 150  0 
 151  0 
 152  0 
 153  0 
 154  0 
 155  0 
 156  0 
 157  0 
 158  0 
 159  0 
 160  0 
 161  0 
 162  0 
 163  0 
 164  0 
 165  0 
 166  0 
 167  0 
 168  0 
 169  0 
 170  0 
 171  0 
 172  0 
 173  0 
 174  0 
 175  0 
 176  0 
 177  0 
 178  0 
 179  0 
 180  0 
 181  0 
 182  0 
 183  0 
 184  0 
 185  0 
 186  0 
 187  0 
 188  0 
 189  0 
 190  0 
 191  0 
 192  0 
 193  0 
 194  0 
 195  0 
 196  0 
 197  0 
 198  0 
 199  0 
 200  0 
 201  0 
 202  0 
 203  0 
 204  0 
 205  0 
 206  0 
 207  0 
 208  0 
 209  0 
 210  0 
 211  0 
 212  0 
 213  0 
 214  0 
 215  0 
 216  0 
 217  0 
 218  0 
 219  0 
 220  0 
 221  0 
 222  0 
 223  0 
 224  0 
 225  0 
 226  0 
 227  0 
 228  0 
 229  0 
 230  0 
 231  0 
 232  0 
 233  0 
 234  0 
 235  0 
 236  0 
 237  0 
 238  0 
 239  0 
 240  0 
 241  0 
 242  0 
 243  0 
 244  0 
 245  0 
 246  0 
 247  0 
 248  0 
 249  0 
 250  0 
 251  0 
 252  0 
 253  0 
 254  0 
 255  0 
 256  0 
 257  0 
 258  0 
 259  0 
 260  0 
 261  0 
 262  0 
 263  0 
 264  0 
 265  0 
 266  0 
 267  0 
 268  0 
 269  0 
 270  0 
 271  0 
 272  0 
 273  0 
 274  0 
 275  0 
 276  0 
 277  0 
 278  0 
 279  0 
 280  0 
 281  0 
 282  0 
 283  0 
 284  0 
 285  0 
 286  0 
 287  0 
 288  0 
 289  0 
 290  0 
 291  0 
 292  0 
 293  0 
 294  0 
 295  0 
 296  0 
 297  0 
 298  0 
 299  0 
 300  0 
 301  0 
 302  0 
 303  0 
 304  0 
 305  0 
 306  0 
 307  0 
 308  0 
 309  0 
 310  0 
 311  0 
 312  0 
 313  0 
 314  0 
 315  0 
 316  0 
 317  0 
 318  0 
 319  0 
 320  0 
 321  0 
 322  0 
 323  0 
 324  0 
 325  0 
 326  0 
 327  0 
 328  0 
 329  0 
 330  0 
 331  0 
 332  0 
 333  0 
 334  0 
 335  0 
 336  0 
 337  0 
 338  0 
 339  0 
 340  0 
 341  0 
 342  0 
 343  0 
 344  0 
 345  0 
 346  0 
 347  0 
 348  0 
 349  0 
 350  0 
 351  0 
 352  0 
 353  0 
 354  0 
 355  0 
 356  0 
 357  0 
 358  0 
 359  0 
 360  0 
 361  0 
 362  0 
 363  0 
 364  0 
 365  0 
 366  0 
 367  0 
 368  0 
 369  0 
 370  0 
 371  0 
 372  0 
 373  0 
 374  0 
 375  0 
 376  0 
 377  0 
 378  0 
 379  0 
 380  0 
 381  0 
 382  0 
 383  0 
 384  0 
 385  0 
 386  0 
 387  0 
 388  0 
 389  0 
 390  0 
 391  0 
 392  0 
 393  0 
 394  0 
 395  0 
 396  0 
 397  0 
 398  0 
 399  0 
 400  0 
 401  0 
 402  0 
 403  0 
 404  0 
 405  0 
 406  0 
 407  0 
 408  0 
 409  0 
 410  0 
 411  0 
 412  0 
 413  0 
 414  0 
 415  0 
 416  0 
 417  0 
 418  0 
 419  0 
 420  0 
 421  0 
 422  0 
 423  0 
 424  0 
 425  0 
 426  0 
 427  0 
 428  0 
 429  0 
 430  0 
 431  0 
 432  0 
 433  0 
 434  0 
 435  0 
 436  0 
 437  0 
 438  0 
 439  0 
 440  0 
 441  0 
 442  0 
 443  0 
 444  0 
 445  0 
 446  0 
 447  0 
 448  0 
 449  0 
 450  0 
 451  0 
 452  0 
 453  0 
 454  0 
 455  0 
 456  0 
 457  0 
 458  0 
 459  0 
 460  0 
 461  0 
 462  0 
 463  0 
 464  0 
 465  0 
 466  0 
 467  0 
 468  0 
 469  0 
 470  0 
 471  0 
 472  0 
 473  0 
 474  0 
 475  0 
 476  0 
 477  0 
 478  0 
 479  0 
 480  0 
 481  0 
 482  0 
 483  0 
 484  0 
 485  0 
 486  0 
 487  6 
 488  7 
 489  5 
 490  10 
 491  7 
 492  12 
 493  13 
 494  6 
 495  11 
 496  3 
 497  8 
 498  9 
 499  6 
 500  8 
 501  6 
 502  11 
 503  11 
 504  6 
 505  7 
 506  11 
 507  15 
 508  11 
 509  5 
 510  14 
 511  9 
 512  8 
 513  6 
 514  3 
 515  8 
 516  2 
 517  6 
 518  10 
 519  11 
 520  4 
 521  8 
 522  9 
 523  6 
 524  9 
 525  8 
 526  7 
 527  8 
 528  5 
 529  7 
 530  9 
 531  10 
 532  7 
 533  11 
 534  6 
 535  9 
 536  10 
 537  4 
 538  9 
 539  9 
 540  13 
 541  4 
 542  5 
 543  4 
 544  6 
 545  4 
 546  7 
 547  3 
 548  4 
 549  8 
 550  10 
 551  14 
 552  11 
 553  6 
 554  14 
 555  7 
 556  10 
 557  9 
 558  6 
 559  6 
 560  8 
 561  13 
 562  3 
 563  10 
 564  6 
 565  7 
 566  2 
 567  9 
 568  8 
 569  7 
 570  5 
 571  10 
 572  11 
 573  3 
 574  9 
 575  8 
 576  7 
 577  11 
 578  10 
 579  8 
 580  8 
 581  8 
 582  3 
 583  9 
 584  12 
 585  7 
 586  8 
 587  9 
 588  9 
 589  7 
 590  8 
 591  7 
 592  3 
 593  8 
 594  9 
 595  11 
 596  11 
 597  4 
 598  5 
 599  12 
 600  6 
 601  9 
 602  11 
 603  10 
 604  9 
 605  9 
 606  10 
 607  9 
 608  8 
 609  4 
 610  9 
 611  9 
 612  3 
 613  7 
 614  7 
 615  7 
 616  10 
 617  8 
 618  7 
 619  8 
 620  11 
 621  8 
 622  7 
 623  9 
 624  5 
 625  11 
 626  7 
 627  3 
 628  6 
 629  5 
 630  12 
 631  7 
 632  9 
 633  4 
 634  5 
 635  9 
 636  6 
 637  6 
 638  9 
 639  6 
 640  7 
 641  8 
 642  10 
 643  9 
 644  7 
 645  11 
 646  8 
 647  8 
 648  8 
 649  5 
 650  11 
 651  3 
 652  4 
 653  6 
 654  6 
 655  14 
 656  11 
 657  6 
 658  7 
 659  11 
 660  7 
 661  5 
 662  5 
 663  7 
 664  5 
 665  3 
 666  10 
 667  13 
 668  11 
 669  4 
 670  4 
 671  11 
 672  4 
 673  3 
 674  9 
 675  4 
 676  4 
 677  10 
 678  10 
 679  5 
 680  5 
 681  7 
 682  15 
 683  3 
 684  4 
 685  4 
 686  9 
 687  12 
 688  7 
 689  6 
 690  4 
 691  11 
 692  10 
 693  5 
 694  3 
 695  6 
 696  7 
 697  7 
 698  5 
 699  6 
 700  7 
 701  11 
 702  5 
 703  5 
 704  5 
 705  8 
 706  8 
 707  13 
 708  5 
 709  9 
 710  7 
 711  11 
 712  6 
 713  1 
 714  8 
 715  3 
 716  9 
 717  8 
 718  5 
 719  10 
 720  7 
 721  11 
 722  8 
 723  8 
 724  1 
 725  6 
 726  1 
 727  10 
 728  4 
 729  10 
 730  7 
 731  4 
 732  6 
 733  5 
 734  11 
 735  8 
 736  3 
 737  8 
 738  5 
 739  6 
 740  6 
 741  8 
 742  3 
 743  7 
 744  6 
 745  8 
 746  4 
 747  8 
 748  3 
 749  5 
 750  9 
 751  7 
 752  6 
 753  9 
 754  7 
 755  5 
 756  8 
 757  7 
 758  5 
 759  5 
 760  9 
 761  2 
 762  6 
 763  5 
 764  5 
 765  10 
 766  5 
 767  5 
 768  5 
 769  6 
 770  3 
 771  9 
 772  7 
 773  9 
 774  3 
 775  1 
 776  7 
 777  10 
 778  11 
 779  4 
 780  10 
 781  7 
 782  4 
 783  7 
 784  6 
 785  10 
 786  6 
 787  7 
 788  6 
 789  8 
 790  5 
 791  6 
 792  11 
 793  4 
 794  6 
 795  8 
 796  11 
 797  12 
 798  6 
 799  7 
 800  5 
 801  7 
 802  6 
 803  8 
 804  9 
 805  5 
 806  2 
 807  4 
 808  7 
 809  5 
 810  8 
 811  4 
 812  12 
 813  5 
 814  7 
 815  9 
 816  7 
 817  4 
 818  9 
 819  10 
 820  8 
 821  8 
 822  7 
 823  5 
 824  4 
 825  6 
 826  7 
 827  7 
 828  9 
 829  6 
 830  5 
 831  5 
 832  5 
 833  6 
 834  3 
 835  9 
 836  7 
 837  7 
 838  6 
 839  9 
 840  3 
 841  11 
 842  8 
 843  7 
 844  3 
 845  8 
 846  7 
 847  8 
 848  8 
 849  3 
 850  5 
 851  7 
 852  7 
 853  7 
 854  6 
 855  4 
 856  2 
 857  6 
 858  8 
 859  8 
 860  8 
 861  2 
 862  8 
 863  13 
 864  3 
 865  7 
 866  6 
 867  10 
 868  5 
 869  4 
 870  8 
 871  1 
 872  10 
 873  5 
 874  10 
 875  6 
 876  10 
 877  4 
 878  6 
 879  5 
 880  4 
 881  2 
 882  3 
 883  5 
 884  8 
 885  3 
 886  7 
 887  11 
 888  9 
 889  5 
 890  9 
 891  9 
 892  7 
 893  5 
 894  9 
 895  5 
 896  4 
 897  7 
 898  9 
 899  5 
 900  10 
 901  3 
 902  11 
 903  8 
 904  12 
 905  7 
 906  3 
 907  9 
 908  4 
 909  4 
 910  6 
 911  3 
 912  3 
 913  7 
 914  9 
 915  7 
 916  6 
 917  3 
 918  6 
 919  7 
 920  4 
 921  9 
 922  3 
 923  5 
 924  7 
 925  2 
 926  7 
 927  4 
 928  9 
 929  8 
 930  5 
 931  6 
 932  6 
 933  5 
 934  9 
 935  5 
 936  7 
 937  8 
 938  2 
 939  4 
 940  7 
 941  4 
 942  11 
 943  6 
 944  6 
 945  8 
 946  7 
 947  4 
 948  8 
 949  3 
 950  5 
 951  6 
 952  9 
 953  2 
 954  1 
 955  7 
 956  4 
 957  10 
 958  5 
 959  5 
 960  9 
 961  7 
 962  7 
 963  3 
 964  10 
 965  2 
 966  9 
 967  11 
 968  7 
 969  4 
 970  10 
 971  7 
 972  9 
 973  3 
 974  2 
 975  7 
 976  7 
 977  10 
 978  2 
 979  9 
 980  4 
 981  9 
 982  3 
 983  9 
 984  8 
 985  3 
 986  6 
 987  6 
 988  7 
 989  5 
 990  8 
 991  12 
 992  6 
 993  6 
 994  7 
 995  3 
 996  6 
 997  7 
 998  7 
 999  9 
 1000  2 
 1001  10 
 1002  6 
 1003  4 
 1004  11 
 1005  8 
 1006  7 
 1007  5 
 1008  3 
 1009  4 
 1010  6 
 1011  4 
 1012  5 
 1013  7 
 1014  6 
 1015  9 
 1016  3 
 1017  3 
 1018  12 
 1019  5 
 1020  10 
 1021  3 
 1022  4 
 1023  3 
 1024  4 
 1025  7 
 1026  4 
 1027  9 
 1028  5 
 1029  4 
 1030  10 
 1031  4 
 1032  4 
 1033  7 
 1034  7 
 1035  4 
 1036  8 
 1037  6 
 1038  5 
 1039  4 
 1040  7 
 1041  4 
 1042  6 
 1043  5 
 1044  5 
 1045  11 
 1046  4 
 1047  6 
 1048  6 
 1049  5 
 1050  6 
 1051  12 
 1052  4 
 1053  5 
 1054  1 
 1055  7 
 1056  7 
 1057  10 
 1058  6 
 1059  7 
 1060  8 
 1061  10 
 1062  6 
 1063  4 
 1064  8 
 1065  11 
 1066  1 
 1067  11 
 1068  7 
 1069  11 
 1070  8 
 1071  5 
 1072  4 
 1073  5 
 1074  6 
 1075  1 
 1076  4 
 1077  10 
 1078  3 
 1079  5 
 1080  5 
 1081  9 
 1082  9 
 1083  9 
 1084  4 
 1085  5 
 1086  10 
 1087  5 
 1088  4 
 1089  6 
 1090  7 
 1091  4 
 1092  2 
 1093  9 
 1094  4 
 1095  4 
 1096  5 
 1097  3 
 1098  5 
 1099  6 
 1100  2 
 1101  8 
 1102  7 
 1103  2 
 1104  10 
 1105  8 
 1106  3 
 1107  2 
 1108  10 
 1109  7 
 1110  6 
 1111  4 
 1112  7 
 1113  7 
 1114  7 
 1115  7 
 1116  7 
 1117  8 
 1118  3 
 1119  5 
 1120  6 
 1121  6 
 1122  10 
 1123  5 
 1124  10 
 1125  6 
 1126  6 
 1127  8 
 1128  4 
 1129  3 
 1130  8 
 1131  1 
 1132  7 
 1133  7 
 1134  4 
 1135  2 
 1136  7 
 1137  8 
 1138  6 
 1139  6 
 1140  7 
 1141  5 
 1142  4 
 1143  6 
 1144  5 
 1145  8 
 1146  8 
 1147  5 
 1148  4 
 1149  3 
 1150  5 
 1151  6 
 1152  11 
 1153  11 
 1154  4 
 1155  6 
 1156  8 
 1157  8 
 1158  4 
 1159  3 
 1160  3 
 1161  9 
 1162  4 
 1163  5 
 1164  7 
 1165  5 
 1166  5 
 1167  6 
 1168  9 
 1169  6 
 1170  6 
 1171  2 
 1172  8 
 1173  8 
 1174  4 
 1175  7 
 1176  3 
 1177  3 
 1178  2 
 1179  3 
 1180  6 
 1181  3 
 1182  8 
 1183  6 
 1184  7 
 1185  3 
 1186  4 
 1187  2 
 1188  4 
 1189  5 
 1190  3 
 1191  5 
 1192  2 
 1193  7 
 1194  4 
 1195  2 
 1196  6 
 1197  8 
 1198  3 
 1199  6 
 1200  6 
 1201  6 
 1202  5 
 1203  10 
 1204  2 
 1205  9 
 1206  5 
 1207  6 
 1208  5 
 1209  6 
 1210  7 
 1211  3 
 1212  9 
 1213  9 
 1214  6 
 1215  7 
 1216  10 
 1217  10 
 1218  4 
 1219  4 
 1220  4 
 1221  10 
 1222  10 
 1223  6 
 1224  7 
 1225  5 
 1226  8 
 1227  11 
 1228  6 
 1229  4 
 1230  5 
 1231  6 
 1232  1 
 1233  7 
 1234  7 
 1235  4 
 1236  6 
 1237  5 
 1238  6 
 1239  5 
 1240  5 
 1241  6 
 1242  4 
 1243  9 
 1244  4 
 1245  3 
 1246  4 
 1247  7 
 1248  7 
 1249  2 
 1250  5 
 1251  4 
 1252  7 
 1253  5 
 1254  2 
 1255  3 
 1256  4 
 1257  3 
 1258  4 
 1259  5 
 1260  5 
 1261  6 
 1262  7 
 1263  3 
 1264  9 
 1265  5 
 1266  2 
 1267  6 
 1268  7 
 1269  8 
 1270  5 
 1271  1 
 1272  3 
 1273  4 
 1274  7 
 1275  5 
 1276  9 
 1277  5 
 1278  7 
 1279  5 
 1280  4 
 1281  9 
 1282  2 
 1283  6 
 1284  5 
 1285  4 
 1286  7 
 1287  9 
 1288  1 
 1289  10 
 1290  3 
 1291  7 
 1292  7 
 1293  4 
 1294  6 
 1295  9 
 1296  2 
 1297  3 
 1298  2 
 1299  8 
 1300  8 
 1301  4 
 1302  7 
 1303  7 
 1304  6 
 1305  3 
 1306  5 
 1307  7 
 1308  6 
 1309  6 
 1310  5 
 1311  5 
 1312  6 
 1313  6 
 1314  5 
 1315  3 
 1316  4 
 1317  12 
 1318  5 
 1319  8 
 1320  2 
 1321  3 
 1322  6 
 1323  5 
 1324  7 
 1325  4 
 1326  8 
 1327  7 
 1328  3 
 1329  4 
 1330  2 
 1331  6 
 1332  7 
 1333  5 
 1334  6 
 1335  3 
 1336  6 
 1337  7 
 1338  2 
 1339  4 
 1340  4 
 1341  6 
 1342  4 
 1343  8 
 1344  5 
 1345  5 
 1346  4 
 1347  12 
 1348  6 
 1349  7 
 1350  4 
 1351  2 
 1352  6 
 1353  10 
 1354  3 
 1355  6 
 1356  4 
 1357  3 
 1358  6 
 1359  2 
 1360  8 
 1361  2 
 1362  6 
 1363  2 
 1364  5 
 1365  5 
 1366  3 
 1367  4 
 1368  1 
 1369  4 
 1370  4 
 1371  1 
 1372  6 
 1373  4 
 1374  9 
 1375  6 
 1376  5 
 1377  4 
 1378  6 
 1379  7 
 1380  7 
 1381  5 
 1382  8 
 1383  5 
 1384  7 
 1385  5 
 1386  6 
 1387  4 
 1388  5 
 1389  4 
 1390  5 
 1391  6 
 1392  4 
 1393  1 
 1394  6 
 1395  3 
 1396  8 
 1397  8 
 1398  5 
 1399  2 
 1400  7 
 1401  9 
 1402  8 
 1403  5 
 1404  2 
 1405  6 
 1406  2 
 1407  8 
 1408  6 
 1409  9 
 1410  8 
 1411  4 
 1412  2 
 1413  3 
 1414  5 
 1415  7 
 1416  4 
 1417  9 
 1418  2 
 1419  10 
 1420  9 
 1421  5 
 1422  5 
 1423  7 
 1424  8 
 1425  4 
 1426  7 
 1427  3 
 1428  5 
 1429  5 
 1430  3 
 1431  4 
 1432  2 
 1433  6 
 1434  8 
 1435  4 
 1436  8 
 1437  6 
 1438  3 
 1439  4 
 1440  8 
 1441  2 
 1442  5 
 1443  5 
 1444  4 
 1445  6 
 1446  9 
 1447  14 
 1448  10 
 1449  4 
 1450  2 
 1451  9 
 1452  5 
 1453  5 
 1454  5 
 1455  4 
 1456  4 
 1457  5 
 1458  4 
 1459  5 
 1460  6 
 1461  3 
 1462  11 
 1463  9 
 1464  7 
 1465  5 
 1466  7 
 1467  6 
 1468  6 
 1469  7 
 1470  6 
 1471  3 
 1472  8 
 1473  6 
 1474  8 
 1475  7 
 1476  5 
 1477  7 
 1478  7 
 1479  3 
 1480  6 
 1481  4 
 1482  3 
 1483  3 
 1484  2 
 1485  15 
 1486  3 
 1487  3 
 1488  3 
 1489  8 
 1490  1 
 1491  7 
 1492  7 
 1493  5 
 1494  4 
 1495  6 
 1496  2 
 1497  6 
 1498  10 
 1499  7 
 1500  4 
 1501  4 
 1502  4 
 1503  2 
 1504  3 
 1505  3 
 1506  3 
 1507  4 
 1508  6 
 1509  4 
 1510  8 
 1511  5 
 1512  3 
 1513  2 
 1514  4 
 1515  7 
 1516  5 
 1517  3 
 1518  6 
 1519  5 
 1520  4 
 1521  3 
 1522  7 
 1523  6 
 1524  3 
 1525  7 
 1526  5 
 1527  3 
 1528  7 
 1529  7 
 1530  9 
 1531  4 
 1532  5 
 1533  3 
 1534  1 
 1535  2 
 1536  10 
 1537  4 
 1538  5 
 1539  10 
 1540  8 
 1541  4 
 1542  4 
 1543  2 
 1544  6 
 1545  4 
 1546  4 
 1547  4 
 1548  7 
 1549  5 
 1550  5 
 1551  3 
 1552  7 
 1553  7 
 1554  4 
 1555  10 
 1556  5 
 1557  2 
 1558  5 
 1559  7 
 1560  5 
 1561  6 
 1562  4 
 1563  5 
 1564  6 
 1565  7 
 1566  4 
 1567  2 
 1568  6 
 1569  4 
 1570  4 
 1571  6 
 1572  7 
 1573  3 
 1574  4 
 1575  3 
 1576  4 
 1577  8 
 1578  4 
 1579  6 
 1580  6 
 1581  1 
 1582  2 
 1583  3 
 1584  8 
 1585  1 
 1586  2 
 1587  5 
 1588  5 
 1589  6 
 1590  3 
 1591  6 
 1592  6 
 1593  7 
 1594  6 
 1595  3 
 1596  6 
 1597  8 
 1598  2 
 1599  8 
 1600  11 
 1601  5 
 1602  10 
 1603  3 
 1604  6 
 1605  3 
 1606  6 
 1607  2 
 1608  5 
 1609  2 
 1610  4 
 1611  10 
 1612  4 
 1613  4 
 1614  3 
 1615  10 
 1616  7 
 1617  7 
 1618  5 
 1619  8 
 1620  3 
 1621  10 
 1622  8 
 1623  3 
 1624  9 
 1625  6 
 1626  4 
 1627  5 
 1628  4 
 1629  7 
 1630  6 
 1631  6 
 1632  4 
 1633  6 
 1634  4 
 1635  4 
 1636  6 
 1637  6 
 1638  6 
 1639  1 
 1640  5 
 1641  7 
 1642  5 
 1643  8 
 1644  5 
 1645  8 
 1646  5 
 1647  5 
 1648  6 
 1649  11 
 1650  6 
 1651  3 
 1652  4 
 1653  3 
 1654  7 
 1655  6 
 1656  3 
 1657  7 
 1658  3 
 1659  7 
 1660  7 
 1661  5 
 1662  5 
 1663  6 
 1664  5 
 1665  8 
 1666  3 
 1667  7 
 1668  6 
 1669  5 
 1670  3 
 1671  3 
 1672  7 
 1673  3 
 1674  2 
 1675  6 
 1676  3 
 1677  3 
 1678  4 
 1679  6 
 1680  1 
 1681  6 
 1682  5 
 1683  6 
 1684  1 
 1685  2 
 1686  2 
 1687  5 
 1688  5 
 1689  8 
 1690  1 
 1691  4 
 1692  0 
 1693  7 
 1694  4 
 1695  8 
 1696  4 
 1697  6 
 1698  5 
 1699  3 
 1700  1 
 1701  4 
 1702  7 
 1703  5 
 1704  4 
 1705  7 
 1706  4 
 1707  3 
 1708  4 
 1709  3 
 1710  3 
 1711  4 
 1712  1 
 1713  8 
 1714  7 
 1715  4 
 1716  7 
 1717  2 
 1718  5 
 1719  6 
 1720  4 
 1721  8 
 1722  2 
 1723  4 
 1724  1 
 1725  6 
 1726  1 
 1727  10 
 1728  3 
 1729  3 
 1730  6 
 1731  8 
 1732  4 
 1733  2 
 1734  4 
 1735  8 
 1736  5 
 1737  8 
 1738  5 
 1739  10 
 1740  6 
 1741  2 
 1742  9 
 1743  6 
 1744  3 
 1745  4 
 1746  5 
 1747  2 
 1748  3 
 1749  5 
 1750  0 
 1751  5 
 1752  3 
 1753  6 
 1754  9 
 1755  7 
 1756  3 
 1757  6 
 1758  9 
 1759  2 
 1760  2 
 1761  3 
 1762  5 
 1763  4 
 1764  5 
 1765  4 
 1766  7 
 1767  5 
 1768  2 
 1769  2 
 1770  4 
 1771  6 
 1772  7 
 1773  5 
 1774  5 
 1775  3 
 1776  10 
 1777  4 
 1778  2 
 1779  3 
 1780  6 
 1781  3 
 1782  3 
 1783  2 
 1784  3 
 1785  3 
 1786  6 
 1787  4 
 1788  4 
 1789  5 
 1790  2 
 1791  5 
 1792  2 
 1793  3 
 1794  3 
 1795  6 
 1796  5 
 1797  3 
 1798  5 
 1799  5 
 1800  2 
 1801  4 
 1802  4 
 1803  4 
 1804  4 
 1805  4 
 1806  7 
 1807  4 
 1808  4 
 1809  3 
 1810  8 
 1811  8 
 1812  4 
 1813  9 
 1814  6 
 1815  7 
 1816  6 
 1817  4 
 1818  6 
 1819  2 
 1820  2 
 1821  5 
 1822  4 
 1823  6 
 1824  0 
 1825  5 
 1826  8 
 1827  4 
 1828  2 
 1829  7 
 1830  9 
 1831  5 
 1832  8 
 1833  7 
 1834  6 
 1835  1 
 1836  5 
 1837  7 
 1838  6 
 1839  4 
 1840  3 
 1841  4 
 1842  4 
 1843  6 
 1844  2 
 1845  7 
 1846  3 
 1847  9 
 1848  3 
 1849  5 
 1850  4 
 1851  7 
 1852  5 
 1853  2 
 1854  8 
 1855  7 
 1856  5 
 1857  9 
 1858  1 
 1859  2 
 1860  2 
 1861  3 
 1862  3 
 1863  6 
 1864  6 
 1865  1 
 1866  4 
 1867  1 
 1868  3 
 1869  4 
 1870  9 
 1871  5 
 1872  2 
 1873  4 
 1874  3 
 1875  4 
 1876  8 
 1877  4 
 1878  0 
 1879  4 
 1880  3 
 1881  6 
 1882  6 
 1883  5 
 1884  3 
 1885  0 
 1886  3 
 1887  4 
 1888  4 
 1889  4 
 1890  3 
 1891  4 
 1892  8 
 1893  3 
 1894  3 
 1895  6 
 1896  4 
 1897  2 
 1898  2 
 1899  3 
 1900  3 
 1901  2 
 1902  5 
 1903  6 
 1904  2 
 1905  7 
 1906  4 
 1907  5 
 1908  4 
 1909  1 
 1910  3 
 1911  4 
 1912  2 
 1913  6 
 1914  4 
 1915  5 
 1916  8 
 1917  6 
 1918  2 
 1919  6 
 1920  4 
 1921  5 
 1922  2 
 1923  6 
 1924  4 
 1925  3 
 1926  3 
 1927  3 
 1928  4 
 1929  4 
 1930  2 
 1931  9 
 1932  9 
 1933  6 
 1934  3 
 1935  5 
 1936  5 
 1937  4 
 1938  4 
 1939  6 
 1940  5 
 1941  2 
 1942  7 
 1943  4 
 1944  3 
 1945  8 
 1946  4 
 1947  6 
 1948  5 
 1949  6 
 1950  4 
 1951  4 
 1952  2 
 1953  5 
 1954  3 
 1955  3 
 1956  6 
 1957  9 
 1958  4 
 1959  7 
 1960  7 
 1961  3 
 1962  4 
 1963  1 
 1964  6 
 1965  10 
 1966  5 
 1967  6 
 1968  3 
 1969  1 
 1970  10 
 1971  2 
 1972  4 
 1973  2 
 1974  6 
 1975  4 
 1976  5 
 1977  3 
 1978  4 
 1979  4 
 1980  6 
 1981  3 
 1982  3 
 1983  2 
 1984  7 
 1985  2 
 1986  5 
 1987  3 
 1988  9 
 1989  6 
 1990  2 
 1991  7 
 1992  4 
 1993  5 
 1994  5 
 1995  5 
 1996  6 
 1997  4 
 1998  4 
 1999  4 
 2000  3 
 2001  6 
 2002  5 
 2003  6 
 2004  1 
 2005  6 
 2006  3 
 2007  6 
 2008  4 
 2009  5 
 2010  3 
 2011  5 
 2012  3 
 2013  5 
 2014  6 
 2015  6 
 2016  4 
 2017  2 
 2018  3 
 2019  2 
 2020  6 
 2021  5 
 2022  3 
 2023  3 
 2024  7 
 2025  5 
 2026  6 
 2027  2 
 2028  4 
 2029  6 
 2030  6 
 2031  3 
 2032  8 
 2033  0 
 2034  3 
 2035  3 
 2036  8 
 2037  7 
 2038  2 
 2039  3 
 2040  3 
 2041  7 
 2042  7 
 2043  2 
 2044  6 
 2045  5 
 2046  4 
 2047  10 
 2048  3 
 2049  2 
 2050  5 
 2051  9 
 2052  5 
 2053  4 
 2054  3 
 2055  1 
 2056  3 
 2057  3 
 2058  3 
 2059  5 
 2060  4 
 2061  4 
 2062  3 
 2063  4 
 2064  3 
 2065  6 
 2066  4 
 2067  2 
 2068  4 
 2069  4 
 2070  3 
 2071  4 
 2072  4 
 2073  9 
 2074  6 
 2075  4 
 2076  0 
 2077  5 
 2078  6 
 2079  6 
 2080  3 
 2081  6 
 2082  5 
 2083  0 
 2084  7 
 2085  4 
 2086  2 
 2087  6 
 2088  2 
 2089  3 
 2090  3 
 2091  7 
 2092  2 
 2093  8 
 2094  4 
 2095  2 
 2096  2 
 2097  6 
 2098  3 
 2099  7 
 2100  5 
 2101  2 
 2102  2 
 2103  2 
 2104  7 
 2105  6 
 2106  7 
 2107  3 
 2108  3 
 2109  2 
 2110  2 
 2111  4 
 2112  3 
 2113  1 
 2114  7 
 2115  6 
 2116  4 
 2117  4 
 2118  3 
 2119  5 
 2120  4 
 2121  3 
 2122  6 
 2123  3 
 2124  2 
 2125  5 
 2126  3 
 2127  0 
 2128  5 
 2129  8 
 2130  5 
 2131  6 
 2132  6 
 2133  6 
 2134  4 
 2135  5 
 2136  6 
 2137  4 
 2138  5 
 2139  6 
 2140  1 
 2141  2 
 2142  4 
 2143  5 
 2144  7 
 2145  4 
 2146  5 
 2147  6 
 2148  2 
 2149  6 
 2150  7 
 2151  1 
 2152  5 
 2153  5 
 2154  5 
 2155  3 
 2156  2 
 2157  7 
 2158  4 
 2159  3 
 2160  7 
 2161  10 
 2162  5 
 2163  3 
 2164  8 
 2165  4 
 2166  3 
 2167  4 
 2168  2 
 2169  6 
 2170  2 
 2171  3 
 2172  5 
 2173  10 
 2174  4 
 2175  7 
 2176  3 
 2177  5 
 2178  1 
 2179  4 
 2180  6 
 2181  3 
 2182  6 
 2183  6 
 2184  6 
 2185  3 
 2186  5 
 2187  4 
 2188  1 
 2189  8 
 2190  5 
 2191  3 
 2192  5 
 2193  2 
 2194  6 
 2195  2 
 2196  5 
 2197  6 
 2198  5 
 2199  6 
 2200  1 
 2201  4 
 2202  1 
 2203  6 
 2204  2 
 2205  4 
 2206  5 
 2207  2 
 2208  4 
 2209  4 
 2210  2 
 2211  6 
 2212  2 
 2213  5 
 2214  7 
 2215  5 
 2216  2 
 2217  6 
 2218  4 
 2219  5 
 2220  3 
 2221  2 
 2222  5 
 2223  3 
 2224  0 
 2225  2 
 2226  5 
 2227  1 
 2228  5 
 2229  7 
 2230  4 
 2231  4 
 2232  4 
 2233  5 
 2234  1 
 2235  0 
 2236  6 
 2237  7 
 2238  3 
 2239  5 
 2240  7 
 2241  4 
 2242  1 
 2243  1 
 2244  3 
 2245  2 
 2246  4 
 2247  2 
 2248  5 
 2249  0 
 2250  3 
 2251  5 
 2252  4 
 2253  0 
 2254  3 
 2255  4 
 2256  5 
 2257  3 
 2258  7 
 2259  8 
 2260  1 
 2261  4 
 2262  3 
 2263  4 
 2264  10 
 2265  3 
 2266  8 
 2267  2 
 2268  3 
 2269  0 
 2270  4 
 2271  1 
 2272  4 
 2273  3 
 2274  3 
 2275  3 
 2276  5 
 2277  3 
 2278  9 
 2279  3 
 2280  2 
 2281  6 
 2282  6 
 2283  4 
 2284  5 
 2285  2 
 2286  4 
 2287  7 
 2288  5 
 2289  8 
 2290  2 
 2291  5 
 2292  8 
 2293  4 
 2294  9 
 2295  5 
 2296  10 
 2297  4 
 2298  2 
 2299  9 
 2300  7 
 2301  5 
 2302  4 
 2303  5 
 2304  7 
 2305  10 
 2306  6 
 2307  4 
 2308  6 
 2309  8 
 2310  7 
 2311  11 
 2312  4 
 2313  4 
 2314  3 
 2315  3 
 2316  5 
 2317  3 
 2318  12 
 2319  8 
 2320  9 
 2321  4 
 2322  5 
 2323  9 
 2324  8 
 2325  12 
 2326  9 
 2327  14 
 2328  14 
 2329  13 
 2330  14 
 2331  9 
 2332  5 
 2333  5 
 2334  11 
 2335  14 
 2336  9 
 2337  5 
 2338  9 
 2339  12 
 2340  9 
 2341  12 
 2342  5 
 2343  10 
 2344  13 
 2345  7 
 2346  6 
 2347  8 
 2348  10 
 2349  10 
 2350  11 
 2351  8 
 2352  9 
 2353  9 
 2354  6 
 2355  8 
 2356  7 
 2357  13 
 2358  8 
 2359  8 
 2360  8 
 2361  9 
 2362  10 
 2363  6 
 2364  9 
 2365  7 
 2366  5 
 2367  9 
 2368  8 
 2369  6 
 2370  6 
 2371  4 
 2372  1 
 2373  7 
 2374  6 
 2375  11 
 2376  5 
 2377  8 
 2378  8 
 2379  1 
 2380  1 
 2381  3 
 2382  7 
 2383  6 
 2384  8 
 2385  4 
 2386  3 
 2387  3 
 2388  4 
 2389  3 
 2390  3 
 2391  5 
 2392  6 
 2393  3 
 2394  5 
 2395  4 
 2396  4 
 2397  2 
 2398  4 
 2399  4 
 2400  0 
 2401  9 
 2402  3 
 2403  3 
 2404  8 
 2405  5 
 2406  4 
 2407  6 
 2408  3 
 2409  6 
 2410  5 
 2411  2 
 2412  2 
 2413  5 
 2414  1 
 2415  4 
 2416  1 
 2417  4 
 2418  2 
 2419  6 
 2420  3 
 2421  10 
 2422  4 
 2423  2 
 2424  5 
 2425  5 
 2426  7 
 2427  6 
 2428  3 
 2429  3 
 2430  5 
 2431  4 
 2432  6 
 2433  2 
 2434  5 
 2435  2 
 2436  3 
 2437  3 
 2438  3 
 2439  6 
 2440  6 
 2441  9 
 2442  2 
 2443  2 
 2444  3 
 2445  3 
 2446  6 
 2447  2 
 2448  3 
 2449  4 
 2450  5 
 2451  6 
 2452  3 
 2453  4 
 2454  6 
 2455  6 
 2456  7 
 2457  1 
 2458  5 
 2459  5 
 2460  4 
 2461  5 
 2462  5 
 2463  2 
 2464  1 
 2465  6 
 2466  2 
 2467  6 
 2468  3 
 2469  4 
 2470  6 
 2471  6 
 2472  3 
 2473  4 
 2474  3 
 2475  3 
 2476  1 
 2477  2 
 2478  2 
 2479  3 
 2480  2 
 2481  6 
 2482  4 
 2483  2 
 2484  5 
 2485  4 
 2486  2 
 2487  5 
 2488  1 
 2489  5 
 2490  3 
 2491  5 
 2492  1 
 2493  2 
 2494  3 
 2495  4 
 2496  8 
 2497  3 
 2498  4 
 2499  5 
 2500  7 
 2501  5 
 2502  6 
 2503  4 
 2504  5 
 2505  6 
 2506  2 
 2507  3 
 2508  4 
 2509  3 
 2510  8 
 2511  6 
 2512  4 
 2513  2 
 2514  2 
 2515  3 
 2516  5 
 2517  6 
 2518  5 
 2519  8 
 2520  1 
 2521  1 
 2522  3 
 2523  5 
 2524  3 
 2525  4 
 2526  2 
 2527  4 
 2528  3 
 2529  6 
 2530  4 
 2531  2 
 2532  2 
 2533  2 
 2534  5 
 2535  7 
 2536  4 
 2537  4 
 2538  3 
 2539  5 
 2540  7 
 2541  4 
 2542  4 
 2543  2 
 2544  3 
 2545  5 
 2546  4 
 2547  4 
 2548  3 
 2549  4 
 2550  6 
 2551  3 
 2552  6 
 2553  3 
 2554  3 
 2555  2 
 2556  2 
 2557  2 
 2558  4 
 2559  1 
 2560  8 
 2561  5 
 2562  3 
 2563  3 
 2564  3 
 2565  2 
 2566  2 
 2567  9 
 2568  3 
 2569  4 
 2570  1 
 2571  3 
 2572  5 
 2573  6 
 2574  4 
 2575  3 
 2576  3 
 2577  3 
 2578  3 
 2579  7 
 2580  1 
 2581  5 
 2582  6 
 2583  2 
 2584  4 
 2585  3 
 2586  6 
 2587  0 
 2588  2 
 2589  4 
 2590  4 
 2591  3 
 2592  2 
 2593  4 
 2594  6 
 2595  2 
 2596  2 
 2597  4 
 2598  2 
 2599  4 
 2600  2 
 2601  6 
 2602  3 
 2603  5 
 2604  4 
 2605  4 
 2606  6 
 2607  2 
 2608  3 
 2609  4 
 2610  0 
 2611  2 
 2612  2 
 2613  2 
 2614  1 
 2615  2 
 2616  3 
 2617  1 
 2618  3 
 2619  4 
 2620  6 
 2621  3 
 2622  5 
 2623  7 
 2624  5 
 2625  6 
 2626  1 
 2627  4 
 2628  5 
 2629  2 
 2630  6 
 2631  4 
 2632  3 
 2633  1 
 2634  3 
 2635  4 
 2636  3 
 2637  6 
 2638  4 
 2639  3 
 2640  2 
 2641  3 
 2642  3 
 2643  5 
 2644  1 
 2645  5 
 2646  5 
 2647  6 
 2648  5 
 2649  2 
 2650  2 
 2651  5 
 2652  4 
 2653  2 
 2654  5 
 2655  3 
 2656  2 
 2657  7 
 2658  0 
 2659  2 
 2660  5 
 2661  2 
 2662  2 
 2663  6 
 2664  2 
 2665  6 
 2666  4 
 2667  2 
 2668  2 
 2669  2 
 2670  5 
 2671  4 
 2672  3 
 2673  5 
 2674  4 
 2675  1 
 2676  1 
 2677  2 
 2678  3 
 2679  5 
 2680  1 
 2681  6 
 2682  1 
 2683  2 
 2684  2 
 2685  5 
 2686  0 
 2687  4 
 2688  4 
 2689  4 
 2690  7 
 2691  3 
 2692  3 
 2693  3 
 2694  6 
 2695  2 
 2696  2 
 2697  3 
 2698  3 
 2699  5 
 2700  6 
 2701  4 
 2702  6 
 2703  7 
 2704  6 
 2705  8 
 2706  0 
 2707  5 
 2708  6 
 2709  3 
 2710  2 
 2711  5 
 2712  4 
 2713  5 
 2714  6 
 2715  1 
 2716  4 
 2717  5 
 2718  4 
 2719  2 
 2720  2 
 2721  4 
 2722  7 
 2723  4 
 2724  3 
 2725  3 
 2726  3 
 2727  3 
 2728  7 
 2729  4 
 2730  2 
 2731  4 
 2732  3 
 2733  7 
 2734  3 
 2735  1 
 2736  2 
 2737  3 
 2738  5 
 2739  3 
 2740  7 
 2741  5 
 2742  0 
 2743  0 
 2744  2 
 2745  5 
 2746  2 
 2747  4 
 2748  3 
 2749  2 
 2750  1 
 2751  6 
 2752  3 
 2753  4 
 2754  3 
 2755  4 
 2756  1 
 2757  3 
 2758  2 
 2759  4 
 2760  5 
 2761  2 
 2762  0 
 2763  3 
 2764  2 
 2765  1 
 2766  3 
 2767  2 
 2768  3 
 2769  2 
 2770  4 
 2771  1 
 2772  2 
 2773  5 
 2774  5 
 2775  4 
 2776  6 
 2777  4 
 2778  2 
 2779  5 
 2780  4 
 2781  3 
 2782  1 
 2783  2 
 2784  5 
 2785  3 
 2786  2 
 2787  6 
 2788  3 
 2789  5 
 2790  2 
 2791  6 
 2792  4 
 2793  3 
 2794  4 
 2795  3 
 2796  3 
 2797  2 
 2798  4 
 2799  4 
 2800  0 
 2801  2 
 2802  2 
 2803  3 
 2804  4 
 2805  3 
 2806  4 
 2807  5 
 2808  6 
 2809  6 
 2810  0 
 2811  4 
 2812  5 
 2813  3 
 2814  5 
 2815  6 
 2816  7 
 2817  1 
 2818  3 
 2819  1 
 2820  2 
 2821  1 
 2822  4 
 2823  2 
 2824  3 
 2825  4 
 2826  8 
 2827  4 
 2828  5 
 2829  6 
 2830  1 
 2831  4 
 2832  9 
 2833  3 
 2834  7 
 2835  3 
 2836  5 
 2837  6 
 2838  3 
 2839  6 
 2840  3 
 2841  4 
 2842  4 
 2843  4 
 2844  6 
 2845  5 
 2846  3 
 2847  0 
 2848  3 
 2849  4 
 2850  8 
 2851  3 
 2852  9 
 2853  3 
 2854  5 
 2855  3 
 2856  6 
 2857  8 
 2858  2 
 2859  2 
 2860  8 
 2861  3 
 2862  2 
 2863  2 
 2864  7 
 2865  5 
 2866  6 
 2867  7 
 2868  4 
 2869  5 
 2870  3 
 2871  6 
 2872  8 
 2873  7 
 2874  6 
 2875  3 
 2876  2 
 2877  7 
 2878  2 
 2879  2 
 2880  3 
 2881  4 
 2882  3 
 2883  4 
 2884  2 
 2885  6 
 2886  4 
 2887  7 
 2888  4 
 2889  0 
 2890  6 
 2891  3 
 2892  3 
 2893  3 
 2894  1 
 2895  1 
 2896  7 
 2897  2 
 2898  5 
 2899  3 
 2900  1 
 2901  3 
 2902  11 
 2903  8 
 2904  1 
 2905  4 
 2906  4 
 2907  9 
 2908  5 
 2909  2 
 2910  1 
 2911  4 
 2912  6 
 2913  2 
 2914  5 
 2915  3 
 2916  2 
 2917  4 
 2918  8 
 2919  6 
 2920  0 
 2921  6 
 2922  5 
 2923  4 
 2924  7 
 2925  6 
 2926  2 
 2927  8 
 2928  5 
 2929  7 
 2930  4 
 2931  1 
 2932  3 
 2933  6 
 2934  8 
 2935  5 
 2936  7 
 2937  5 
 2938  2 
 2939  1 
 2940  3 
 2941  3 
 2942  2 
 2943  5 
 2944  4 
 2945  5 
 2946  6 
 2947  4 
 2948  5 
 2949  4 
 2950  2 
 2951  9 
 2952  4 
 2953  5 
 2954  4 
 2955  3 
 2956  8 
 2957  6 
 2958  6 
 2959  6 
 2960  10 
 2961  3 
 2962  5 
 2963  4 
 2964  9 
 2965  8 
 2966  4 
 2967  6 
 2968  3 
 2969  5 
 2970  2 
 2971  4 
 2972  5 
 2973  9 
 2974  6 
 2975  5 
 2976  8 
 2977  8 
 2978  9 
 2979  4 
 2980  6 
 2981  0 
 2982  6 
 2983  9 
 2984  15 
 2985  6 
 2986  10 
 2987  3 
 2988  5 
 2989  7 
 2990  16 
 2991  7 
 2992  4 
 2993  7 
 2994  3 
 2995  7 
 2996  10 
 2997  11 
 2998  11 
 2999  7 
 3000  11 
 3001  12 
 3002  5 
 3003  13 
 3004  7 
 3005  8 
 3006  7 
 3007  9 
 3008  7 
 3009  8 
 3010  16 
 3011  4 
 3012  14 
 3013  9 
 3014  6 
 3015  12 
 3016  10 
 3017  21 
 3018  11 
 3019  9 
 3020  5 
 3021  14 
 3022  10 
 3023  12 
 3024  17 
 3025  13 
 3026  6 
 3027  15 
 3028  11 
 3029  5 
 3030  7 
 3031  3 
 3032  10 
 3033  11 
 3034  6 
 3035  10 
 3036  7 
 3037  10 
 3038  7 
 3039  7 
 3040  7 
 3041  9 
 3042  6 
 3043  6 
 3044  3 
 3045  14 
 3046  11 
 3047  7 
 3048  8 
 3049  5 
 3050  4 
 3051  4 
 3052  6 
 3053  7 
 3054  6 
 3055  8 
 3056  7 
 3057  3 
 3058  6 
 3059  7 
 3060  9 
 3061  3 
 3062  4 
 3063  3 
 3064  3 
 3065  4 
 3066  10 
 3067  10 
 3068  3 
 3069  4 
 3070  5 
 3071  5 
 3072  4 
 3073  5 
 3074  5 
 3075  2 
 3076  3 
 3077  4 
 3078  2 
 3079  4 
 3080  3 
 3081  5 
 3082  3 
 3083  1 
 3084  4 
 3085  5 
 3086  10 
 3087  3 
 3088  2 
 3089  5 
 3090  7 
 3091  9 
 3092  7 
 3093  3 
 3094  4 
 3095  7 
 3096  7 
 3097  6 
 3098  3 
 3099  4 
 3100  4 
 3101  4 
 3102  9 
 3103  4 
 3104  2 
 3105  10 
 3106  6 
 3107  4 
 3108  6 
 3109  11 
 3110  8 
 3111  10 
 3112  7 
 3113  10 
 3114  7 
 3115  16 
 3116  6 
 3117  8 
 3118  10 
 3119  12 
 3120  18 
 3121  11 
 3122  8 
 3123  12 
 3124  14 
 3125  10 
 3126  8 
 3127  13 
 3128  16 
 3129  8 
 3130  16 
 3131  10 
 3132  18 
 3133  19 
 3134  23 
 3135  19 
 3136  14 
 3137  16 
 3138  15 
 3139  18 
 3140  20 
 3141  19 
 3142  22 
 3143  25 
 3144  24 
 3145  19 
 3146  27 
 3147  31 
 3148  27 
 3149  23 
 3150  24 
 3151  33 
 3152  29 
 3153  30 
 3154  20 
 3155  41 
 3156  33 
 3157  24 
 3158  31 
 3159  27 
 3160  32 
 3161  30 
 3162  28 
 3163  39 
 3164  31 
 3165  29 
 3166  40 
 3167  34 
 3168  40 
 3169  28 
 3170  27 
 3171  41 
 3172  42 
 3173  41 
 3174  37 
 3175  34 
 3176  31 
 3177  38 
 3178  32 
 3179  29 
 3180  27 
 3181  32 
 3182  32 
 3183  30 
 3184  28 
 3185  26 
 3186  19 
 3187  18 
 3188  23 
 3189  26 
 3190  12 
 3191  21 
 3192  13 
 3193  17 
 3194  14 
 3195  15 
 3196  17 
 3197  18 
 3198  12 
 3199  17 
 3200  10 
 3201  10 
 3202  6 
 3203  6 
 3204  13 
 3205  10 
 3206  7 
 3207  5 
 3208  2 
 3209  5 
 3210  3 
 3211  5 
 3212  6 
 3213  6 
 3214  9 
 3215  5 
 3216  5 
 3217  7 
 3218  5 
 3219  6 
 3220  2 
 3221  5 
 3222  6 
 3223  3 
 3224  4 
 3225  2 
 3226  2 
 3227  4 
 3228  4 
 3229  5 
 3230  1 
 3231  8 
 3232  3 
 3233  8 
 3234  5 
 3235  4 
 3236  6 
 3237  2 
 3238  7 
 3239  6 
 3240  4 
 3241  5 
 3242  4 
 3243  4 
 3244  6 
 3245  7 
 3246  11 
 3247  5 
 3248  4 
 3249  5 
 3250  5 
 3251  7 
 3252  10 
 3253  3 
 3254  7 
 3255  4 
 3256  3 
 3257  9 
 3258  6 
 3259  3 
 3260  4 
 3261  7 
 3262  11 
 3263  3 
 3264  5 
 3265  5 
 3266  5 
 3267  4 
 3268  3 
 3269  4 
 3270  6 
 3271  5 
 3272  8 
 3273  2 
 3274  5 
 3275  5 
 3276  7 
 3277  5 
 3278  5 
 3279  3 
 3280  4 
 3281  5 
 3282  4 
 3283  3 
 3284  4 
 3285  7 
 3286  5 
 3287  5 
 3288  6 
 3289  5 
 3290  3 
 3291  3 
 3292  8 
 3293  7 
 3294  8 
 3295  4 
 3296  4 
 3297  5 
 3298  7 
 3299  8 
 3300  9 
 3301  8 
 3302  4 
 3303  5 
 3304  5 
 3305  5 
 3306  1 
 3307  10 
 3308  3 
 3309  9 
 3310  7 
 3311  4 
 3312  4 
 3313  4 
 3314  4 
 3315  9 
 3316  2 
 3317  6 
 3318  7 
 3319  8 
 3320  3 
 3321  4 
 3322  3 
 3323  7 
 3324  4 
 3325  4 
 3326  3 
 3327  8 
 3328  10 
 3329  3 
 3330  10 
 3331  8 
 3332  6 
 3333  3 
 3334  4 
 3335  7 
 3336  9 
 3337  5 
 3338  9 
 3339  6 
 3340  11 
 3341  2 
 3342  4 
 3343  8 
 3344  7 
 3345  5 
 3346  8 
 3347  4 
 3348  13 
 3349  9 
 3350  6 
 3351  9 
 3352  8 
 3353  7 
 3354  7 
 3355  8 
 3356  3 
 3357  5 
 3358  5 
 3359  6 
 3360  7 
 3361  6 
 3362  5 
 3363  3 
 3364  8 
 3365  9 
 3366  8 
 3367  5 
 3368  5 
 3369  4 
 3370  9 
 3371  8 
 3372  6 
 3373  9 
 3374  2 
 3375  8 
 3376  7 
 3377  3 
 3378  15 
 3379  6 
 3380  10 
 3381  9 
 3382  7 
 3383  4 
 3384  8 
 3385  7 
 3386  10 
 3387  7 
 3388  5 
 3389  4 
 3390  10 
 3391  6 
 3392  4 
 3393  2 
 3394  8 
 3395  5 
 3396  8 
 3397  7 
 3398  4 
 3399  10 
 3400  11 
 3401  5 
 3402  9 
 3403  4 
 3404  7 
 3405  4 
 3406  3 
 3407  9 
 3408  6 
 3409  9 
 3410  7 
 3411  2 
 3412  5 
 3413  7 
 3414  4 
 3415  10 
 3416  5 
 3417  8 
 3418  6 
 3419  8 
 3420  6 
 3421  12 
 3422  7 
 3423  5 
 3424  11 
 3425  9 
 3426  5 
 3427  8 
 3428  9 
 3429  11 
 3430  6 
 3431  6 
 3432  5 
 3433  4 
 3434  8 
 3435  11 
 3436  11 
 3437  4 
 3438  6 
 3439  6 
 3440  10 
 3441  4 
 3442  5 
 3443  8 
 3444  10 
 3445  10 
 3446  5 
 3447  9 
 3448  8 
 3449  4 
 3450  6 
 3451  7 
 3452  9 
 3453  7 
 3454  11 
 3455  7 
 3456  12 
 3457  10 
 3458  8 
 3459  9 
 3460  9 
 3461  13 
 3462  8 
 3463  13 
 3464  11 
 3465  8 
 3466  6 
 3467  17 
 3468  10 
 3469  14 
 3470  8 
 3471  14 
 3472  10 
 3473  9 
 3474  17 
 3475  8 
 3476  11 
 3477  5 
 3478  10 
 3479  15 
 3480  7 
 3481  10 
 3482  11 
 3483  8 
 3484  14 
 3485  11 
 3486  12 
 3487  10 
 3488  6 
 3489  13 
 3490  8 
 3491  7 
 3492  9 
 3493  6 
 3494  11 
 3495  9 
 3496  8 
 3497  11 
 3498  13 
 3499  9 
 3500  10 
 3501  16 
 3502  9 
 3503  8 
 3504  14 
 3505  12 
 3506  12 
 3507  10 
 3508  11 
 3509  12 
 3510  16 
 3511  17 
 3512  20 
 3513  9 
 3514  12 
 3515  17 
 3516  18 
 3517  13 
 3518  23 
 3519  11 
 3520  18 
 3521  10 
 3522  26 
 3523  15 
 3524  13 
 3525  28 
 3526  18 
 3527  18 
 3528  31 
 3529  31 
 3530  33 
 3531  35 
 3532  30 
 3533  43 
 3534  50 
 3535  60 
 3536  45 
 3537  48 
 3538  50 
 3539  47 
 3540  62 
 3541  63 
 3542  78 
 3543  61 
 3544  78 
 3545  79 
 3546  91 
 3547  83 
 3548  107 
 3549  103 
 3550  102 
 3551  128 
 3552  108 
 3553  138 
 3554  193 
 3555  172 
 3556  178 
 3557  186 
 3558  197 
 3559  189 
 3560  215 
 3561  257 
 3562  254 
 3563  285 
 3564  317 
 3565  305 
 3566  354 
 3567  395 
 3568  448 
 3569  490 
 3570  494 
 3571  622 
 3572  634 
 3573  654 
 3574  707 
 3575  774 
 3576  799 
 3577  908 
 3578  986 
 3579  1055 
 3580  1144 
 3581  1206 
 3582  1342 
 3583  1367 
 3584  1520 
 3585  1457 
 3586  1669 
 3587  1693 
 3588  1753 
 3589  1765 
 3590  1808 
 3591  1909 
 3592  1901 
 3593  1904 
 3594  1893 
 3595  1841 
 3596  1795 
 3597  1764 
 3598  1776 
 3599  1565 
 3600  1502 
 3601  1413 
 3602  1339 
 3603  1207 
 3604  1178 
 3605  959 
 3606  962 
 3607  868 
 3608  763 
 3609  673 
 3610  597 
 3611  481 
 3612  435 
 3613  371 
 3614  303 
 3615  261 
 3616  226 
 3617  188 
 3618  161 
 3619  123 
 3620  109 
 3621  84 
 3622  81 
 3623  50 
 3624  47 
 3625  43 
 3626  34 
 3627  28 
 3628  42 
 3629  34 
 3630  19 
 3631  21 
 3632  32 
 3633  26 
 3634  23 
 3635  22 
 3636  15 
 3637  23 
 3638  24 
 3639  21 
 3640  26 
 3641  31 
 3642  17 
 3643  18 
 3644  29 
 3645  26 
 3646  21 
 3647  13 
 3648  17 
 3649  10 
 3650  17 
 3651  19 
 3652  15 
 3653  10 
 3654  17 
 3655  10 
 3656  13 
 3657  10 
 3658  6 
 3659  11 
 3660  5 
 3661  10 
 3662  13 
 3663  4 
 3664  6 
 3665  7 
 3666  5 
 3667  8 
 3668  3 
 3669  2 
 3670  4 
 3671  5 
 3672  3 
 3673  4 
 3674  3 
 3675  6 
 3676  5 
 3677  7 
 3678  6 
 3679  11 
 3680  5 
 3681  3 
 3682  5 
 3683  2 
 3684  5 
 3685  7 
 3686  7 
 3687  4 
 3688  4 
 3689  4 
 3690  4 
 3691  8 
 3692  6 
 3693  2 
 3694  6 
 3695  8 
 3696  6 
 3697  5 
 3698  3 
 3699  1 
 3700  3 
 3701  6 
 3702  3 
 3703  6 
 3704  2 
 3705  6 
 3706  4 
 3707  5 
 3708  5 
 3709  13 
 3710  14 
 3711  4 
 3712  9 
 3713  8 
 3714  10 
 3715  7 
 3716  3 
 3717  10 
 3718  12 
 3719  9 
 3720  16 
 3721  16 
 3722  19 
 3723  27 
 3724  14 
 3725  20 
 3726  19 
 3727  26 
 3728  21 
 3729  25 
 3730  39 
 3731  28 
 3732  31 
 3733  24 
 3734  34 
 3735  33 
 3736  47 
 3737  35 
 3738  34 
 3739  39 
 3740  41 
 3741  57 
 3742  43 
 3743  43 
 3744  62 
 3745  48 
 3746  65 
 3747  54 
 3748  43 
 3749  59 
 3750  47 
 3751  53 
 3752  69 
 3753  49 
 3754  51 
 3755  41 
 3756  44 
 3757  44 
 3758  37 
 3759  42 
 3760  27 
 3761  25 
 3762  20 
 3763  24 
 3764  14 
 3765  20 
 3766  15 
 3767  12 
 3768  10 
 3769  10 
 3770  8 
 3771  5 
 3772  0 
 3773  9 
 3774  1 
 3775  7 
 3776  4 
 3777  0 
 3778  3 
 3779  3 
 3780  1 
 3781  5 
 3782  1 
 3783  2 
 3784  1 
 3785  1 
 3786  2 
 3787  2 
 3788  0 
 3789  2 
 3790  5 
 3791  2 
 3792  0 
 3793  2 
 3794  1 
 3795  2 
 3796  3 
 3797  3 
 3798  2 
 3799  2 
 3800  1 
 3801  0 
 3802  0 
 3803  1 
 3804  4 
 3805  1 
 3806  3 
 3807  0 
 3808  1 
 3809  2 
 3810  0 
 3811  1 
 3812  3 
 3813  1 
 3814  2 
 3815  1 
 3816  4 
 3817  4 
 3818  3 
 3819  1 
 3820  1 
 3821  2 
 3822  0 
 3823  1 
 3824  2 
 3825  2 
 3826  1 
 3827  2 
 3828  5 
 3829  2 
 3830  3 
 3831  3 
 3832  5 
 3833  1 
 3834  1 
 3835  2 
 3836  5 
 3837  1 
 3838  0 
 3839  3 
 3840  1 
 3841  1 
 3842  3 
 3843  5 
 3844  1 
 3845  1 
 3846  5 
 3847  5 
 3848  2 
 3849  5 
 3850  2 
 3851  3 
 3852  3 
 3853  2 
 3854  3 
 3855  3 
 3856  2 
 3857  3 
 3858  0 
 3859  1 
 3860  3 
 3861  3 
 3862  2 
 3863  1 
 3864  4 
 3865  3 
 3866  5 
 3867  1 
 3868  6 
 3869  3 
 3870  4 
 3871  0 
 3872  4 
 3873  4 
 3874  2 
 3875  4 
 3876  4 
 3877  4 
 3878  4 
 3879  4 
 3880  2 
 3881  5 
 3882  0 
 3883  2 
 3884  2 
 3885  2 
 3886  5 
 3887  2 
 3888  8 
 3889  3 
 3890  1 
 3891  5 
 3892  4 
 3893  6 
 3894  0 
 3895  6 
 3896  4 
 3897  2 
 3898  8 
 3899  2 
 3900  2 
 3901  1 
 3902  4 
 3903  5 
 3904  2 
 3905  4 
 3906  5 
 3907  6 
 3908  2 
 3909  2 
 3910  5 
 3911  6 
 3912  5 
 3913  4 
 3914  7 
 3915  5 
 3916  5 
 3917  8 
 3918  5 
 3919  5 
 3920  8 
 3921  6 
 3922  3 
 3923  15 
 3924  5 
 3925  9 
 3926  11 
 3927  4 
 3928  13 
 3929  4 
 3930  15 
 3931  14 
 3932  13 
 3933  14 
 3934  11 
 3935  10 
 3936  19 
 3937  19 
 3938  20 
 3939  31 
 3940  23 
 3941  25 
 3942  34 
 3943  31 
 3944  32 
 3945  28 
 3946  36 
 3947  56 
 3948  49 
 3949  58 
 3950  60 
 3951  45 
 3952  52 
 3953  56 
 3954  59 
 3955  76 
 3956  85 
 3957  87 
 3958  87 
 3959  72 
 3960  105 
 3961  95 
 3962  81 
 3963  110 
 3964  128 
 3965  107 
 3966  123 
 3967  131 
 3968  139 
 3969  145 
 3970  150 
 3971  153 
 3972  156 
 3973  183 
 3974  159 
 3975  148 
 3976  188 
 3977  187 
 3978  218 
 3979  252 
 3980  242 
 3981  215 
 3982  240 
 3983  284 
 3984  254 
 3985  247 
 3986  286 
 3987  291 
 3988  300 
 3989  298 
 3990  342 
 3991  341 
 3992  328 
 3993  341 
 3994  319 
 3995  320 
 3996  329 
 3997  339 
 3998  342 
 3999  378 
 4000  341 
 4001  356 
 4002  383 
 4003  312 
 4004  316 
 4005  329 
 4006  331 
 4007  308 
 4008  313 
 4009  309 
 4010  308 
 4011  263 
 4012  277 
 4013  247 
 4014  228 
 4015  219 
 4016  199 
 4017  188 
 4018  202 
 4019  198 
 4020  137 
 4021  135 
 4022  147 
 4023  129 
 4024  122 
 4025  111 
 4026  89 
 4027  79 
 4028  56 
 4029  64 
 4030  71 
 4031  52 
 4032  41 
 4033  34 
 4034  30 
 4035  24 
 4036  30 
 4037  29 
 4038  16 
 4039  10 
 4040  12 
 4041  15 
 4042  10 
 4043  12 
 4044  9 
 4045  4 
 4046  6 
 4047  3 
 4048  4 
 4049  5 
 4050  4 
 4051  3 
 4052  0 
 4053  3 
 4054  1 
 4055  2 
 4056  2 
 4057  2 
 4058  0 
 4059  0 
 4060  0 
 4061  1 
 4062  1 
 4063  2 
 4064  1 
 4065  2 
 4066  0 
 4067  2 
 4068  1 
 4069  4 
 4070  3 
 4071  3 
 4072  1 
 4073  2 
 4074  2 
 4075  1 
 4076  1 
 4077  0 
 4078  4 
 4079  0 
 4080  0 
 4081  1 
 4082  8 
 4083  1 
 4084  3 
 4085  2 
 4086  2 
 4087  2 
 4088  9 
 4089  6 
 4090  3 
 4091  4 
 4092  5 
 4093  6 
 4094  8 
 4095  13 
 4096  9 
 4097  9 
 4098  9 
 4099  8 
 4100  14 
 4101  11 
 4102  18 
 4103  12 
 4104  13 
 4105  17 
 4106  18 
 4107  26 
 4108  23 
 4109  19 
 4110  24 
 4111  34 
 4112  28 
 4113  30 
 4114  35 
 4115  39 
 4116  38 
 4117  40 
 4118  44 
 4119  41 
 4120  49 
 4121  47 
 4122  49 
 4123  36 
 4124  40 
 4125  41 
 4126  49 
 4127  44 
 4128  41 
 4129  39 
 4130  25 
 4131  32 
 4132  24 
 4133  31 
 4134  24 
 4135  20 
 4136  29 
 4137  18 
 4138  15 
 4139  18 
 4140  14 
 4141  10 
 4142  9 
 4143  10 
 4144  10 
 4145  5 
 4146  2 
 4147  8 
 4148  5 
 4149  5 
 4150  2 
 4151  7 
 4152  0 
 4153  6 
 4154  0 
 4155  2 
 4156  3 
 4157  1 
 4158  3 
 4159  1 
 4160  5 
 4161  2 
 4162  5 
 4163  2 
 4164  2 
 4165  7 
 4166  5 
 4167  3 
 4168  2 
 4169  4 
 4170  2 
 4171  2 
 4172  4 
 4173  3 
 4174  1 
 4175  5 
 4176  5 
 4177  5 
 4178  9 
 4179  2 
 4180  5 
 4181  6 
 4182  2 
 4183  7 
 4184  4 
 4185  7 
 4186  4 
 4187  4 
 4188  6 
 4189  6 
 4190  7 
 4191  5 
 4192  2 
 4193  4 
 4194  4 
 4195  1 
 4196  2 
 4197  6 
 4198  8 
 4199  4 
 4200  9 
 4201  1 
 4202  3 
 4203  4 
 4204  3 
 4205  2 
 4206  7 
 4207  3 
 4208  4 
 4209  0 
 4210  4 
 4211  4 
 4212  3 
 4213  3 
 4214  1 
 4215  1 
 4216  1 
 4217  3 
 4218  1 
 4219  1 
 4220  0 
 4221  0 
 4222  2 
 4223  1 
 4224  1 
 4225  1 
 4226  0 
 4227  1 
 4228  0 
 4229  1 
 4230  0 
 4231  1 
 4232  0 
 4233  0 
 4234  0 
 4235  0 
 4236  0 
 4237  1 
 4238  2 
 4239  0 
 4240  1 
 4241  1 
 4242  0 
 4243  0 
 4244  0 
 4245  0 
 4246  0 
 4247  1 
 4248  0 
 4249  0 
 4250  0 
 4251  0 
 4252  0 
 4253  0 
 4254  0 
 4255  0 
 4256  0 
 4257  0 
 4258  0 
 4259  0 
 4260  0 
 4261  0 
 4262  0 
 4263  0 
 4264  0 
 4265  0 
 4266  1 
 4267  1 
 4268  0 
 4269  0 
 4270  0 
 4271  0 
 4272  1 
 4273  0 
 4274  0 
 4275  0 
 4276  0 
 4277  0 
 4278  0 
 4279  0 
 4280  0 
 4281  0 
 4282  0 
 4283  0 
 4284  0 
 4285  0 
 4286  0 
 4287  0 
 4288  0 
 4289  0 
 4290  0 
 4291  0 
 4292  0 
 4293  0 
 4294  0 
 4295  0 
 4296  0 
 4297  0 
 4298  0 
 4299  0 
 4300  0 
 4301  0 
 4302  1 
 4303  0 
 4304  1 
 4305  0 
 4306  0 
 4307  0 
 4308  0 
 4309  0 
 4310  0 
 4311  0 
 4312  0 
 4313  0 
 4314  0 
 4315  0 
 4316  0 
 4317  0 
 4318  0 
 4319  0 
 4320  1 
 4321  1 
 4322  0 
 4323  0 
 4324  0 
 4325  0 
 4326  0 
 4327  0 
 4328  0 
 4329  0 
 4330  0 
 4331  0 
 4332  1 
 4333  1 
 4334  0 
 4335  0 
 4336  0 
 4337  0 
 4338  0 
 4339  0 
 4340  0 
 4341  1 
 4342  0 
 4343  0 
 4344  0 
 4345  0 
 4346  0 
 4347  0 
 4348  0 
 4349  0 
 4350  0 
 4351  0 
 4352  0 
 4353  0 
 4354  0 
 4355  0 
 4356  0 
 4357  0 
 4358  0 
 4359  0 
 4360  1 
 4361  0 
 4362  0 
 4363  0 
 4364  0 
 4365  0 
 4366  0 
 4367  1 
 4368  2 
 4369  0 
 4370  0 
 4371  0 
 4372  0 
 4373  0 
 4374  0 
 4375  0 
 4376  0 
 4377  0 
 4378  0 
 4379  0 
 4380  0 
 4381  0 
 4382  0 
 4383  0 
 4384  0 
 4385  0 
 4386  0 
 4387  0 
 4388  1 
 4389  0 
 4390  0 
 4391  1 
 4392  0 
 4393  0 
 4394  0 
 4395  0 
 4396  1 
 4397  0 
 4398  0 
 4399  0 
 4400  0 
 4401  1 
 4402  0 
 4403  0 
 4404  0 
 4405  0 
 4406  0 
 4407  0 
 4408  0 
 4409  0 
 4410  0 
 4411  0 
 4412  0 
 4413  1 
 4414  0 
 4415  0 
 4416  0 
 4417  0 
 4418  1 
 4419  1 
 4420  1 
 4421  0 
 4422  0 
 4423  2 
 4424  0 
 4425  0 
 4426  0 
 4427  1 
 4428  0 
 4429  0 
 4430  0 
 4431  0 
 4432  0 
 4433  0 
 4434  0 
 4435  1 
 4436  0 
 4437  0 
 4438  1 
 4439  0 
 4440  0 
 4441  0 
 4442  0 
 4443  0 
 4444  0 
 4445  0 
 4446  1 
 4447  0 
 4448  0 
 4449  1 
 4450  0 
 4451  0 
 4452  0 
 4453  0 
 4454  0 
 4455  0 
 4456  0 
 4457  0 
 4458  0 
 4459  0 
 4460  0 
 4461  1 
 4462  0 
 4463  0 
 4464  0 
 4465  1 
 4466  0 
 4467  1 
 4468  0 
 4469  1 
 4470  1 
 4471  0 
 4472  0 
 4473  0 
 4474  1 
 4475  1 
 4476  0 
 4477  1 
 4478  0 
 4479  1 
 4480  0 
 4481  0 
 4482  1 
 4483  0 
 4484  0 
 4485  0 
 4486  2 
 4487  0 
 4488  0 
 4489  0 
 4490  0 
 4491  0 
 4492  0 
 4493  0 
 4494  0 
 4495  1 
 4496  0 
 4497  0 
 4498  0 
 4499  0 
 4500  0 
 4501  0 
 4502  0 
 4503  0 
 4504  0 
 4505  0 
 4506  0 
 4507  0 
 4508  0 
 4509  0 
 4510  1 
 4511  0 
 4512  0 
 4513  0 
 4514  0 
 4515  1 
 4516  1 
 4517  0 
 4518  0 
 4519  0 
 4520  0 
 4521  1 
 4522  0 
 4523  0 
 4524  0 
 4525  0 
 4526  1 
 4527  0 
 4528  0 
 4529  0 
 4530  0 
 4531  0 
 4532  0 
 4533  0 
 4534  0 
 4535  0 
 4536  0 
 4537  1 
 4538  0 
 4539  0 
 4540  0 
 4541  0 
 4542  0 
 4543  0 
 4544  1 
 4545  0 
 4546  0 
 4547  0 
 4548  0 
 4549  1 
 4550  0 
 4551  1 
 4552  0 
 4553  0 
 4554  0 
 4555  0 
 4556  0 
 4557  0 
 4558  0 
 4559  0 
 4560  0 
 4561  0 
 4562  0 
 4563  3 
 4564  0 
 4565  0 
 4566  1 
 4567  0 
 4568  0 
 4569  0 
 4570  2 
 4571  0 
 4572  0 
 4573  0 
 4574  0 
 4575  0 
 4576  0 
 4577  0 
 4578  0 
 4579  0 
 4580  0 
 4581  0 
 4582  0 
 4583  1 
 4584  0 
 4585  0 
 4586  0 
 4587  0 
 4588  0 
 4589  0 
 4590  0 
 4591  0 
 4592  0 
 4593  0 
 4594  0 
 4595  0 
 4596  0 
 4597  0 
 4598  0 
 4599  1 
 4600  0 
 4601  0 
 4602  0 
 4603  0 
 4604  1 
 4605  1 
 4606  0 
 4607  0 
 4608  0 
 4609  2 
 4610  0 
 4611  0 
 4612  0 
 4613  0 
 4614  1 
 4615  0 
 4616  0 
 4617  0 
 4618  1 
 4619  0 
 4620  0 
 4621  1 
 4622  0 
 4623  0 
 4624  0 
 4625  0 
 4626  0 
 4627  1 
 4628  0 
 4629  0 
 4630  0 
 4631  1 
 4632  0 
 4633  0 
 4634  0 
 4635  0 
 4636  0 
 4637  0 
 4638  1 
 4639  0 
 4640  0 
 4641  0 
 4642  0 
 4643  0 
 4644  0 
 4645  0 
 4646  1 
 4647  0 
 4648  0 
 4649  0 
 4650  0 
 4651  0 
 4652  0 
 4653  0 
 4654  0 
 4655  0 
 4656  0 
 4657  0 
 4658  0 
 4659  1 
 4660  0 
 4661  0 
 4662  0 
 4663  0 
 4664  0 
 4665  0 
 4666  0 
 4667  0 
 4668  0 
 4669  0 
 4670  0 
 4671  0 
 4672  1 
 4673  0 
 4674  0 
 4675  0 
 4676  0 
 4677  0 
 4678  0 
 4679  0 
 4680  0 
 4681  0 
 4682  0 
 4683  0 
 4684  0 
 4685  0 
 4686  0 
 4687  0 
 4688  0 
 4689  0 
 4690  0 
 4691  0 
 4692  1 
 4693  0 
 4694  0 
 4695  0 
 4696  0 
 4697  0 
 4698  0 
 4699  0 
 4700  0 
 4701  0 
 4702  0 
 4703  0 
 4704  0 
 4705  0 
 4706  0 
 4707  0 
 4708  0 
 4709  0 
 4710  0 
 4711  0 
 4712  0 
 4713  0 
 4714  0 
 4715  0 
 4716  0 
 4717  0 
 4718  0 
 4719  0 
 4720  0 
 4721  0 
 4722  1 
 4723  0 
 4724  0 
 4725  0 
 4726  0 
 4727  0 
 4728  0 
 4729  0 
 4730  0 
 4731  0 
 4732  0 
 4733  0 
 4734  0 
 4735  0 
 4736  0 
 4737  0 
 4738  0 
 4739  0 
 4740  0 
 4741  0 
 4742  0 
 4743  0 
 4744  0 
 4745  0 
 4746  0 
 4747  0 
 4748  0 
 4749  0 
 4750  0 
 4751  1 
 4752  0 
 4753  0 
 4754  0 
 4755  0 
 4756  0 
 4757  0 
 4758  0 
 4759  0 
 4760  0 
 4761  0 
 4762  0 
 4763  0 
 4764  0 
 4765  0 
 4766  1 
 4767  0 
 4768  0 
 4769  0 
 4770  0 
 4771  0 
 4772  0 
 4773  0 
 4774  0 
 4775  0 
 4776  0 
 4777  0 
 4778  0 
 4779  0 
 4780  0 
 4781  0 
 4782  0 
 4783  0 
 4784  0 
 4785  0 
 4786  0 
 4787  0 
 4788  0 
 4789  0 
 4790  0 
 4791  0 
 4792  0 
 4793  0 
 4794  0 
 4795  0 
 4796  0 
 4797  0 
 4798  0 
 4799  0 
 4800  0 
 4801  0 
 4802  0 
 4803  0 
 4804  0 
 4805  0 
 4806  0 
 4807  0 
 4808  0 
 4809  0 
 4810  0 
 4811  0 
 4812  0 
 4813  0 
 4814  0 
 4815  0 
 4816  0 
 4817  0 
 4818  0 
 4819  0 
 4820  0 
 4821  0 
 4822  0 
 4823  0 
 4824  0 
 4825  0 
 4826  0 
 4827  0 
 4828  0 
 4829  0 
 4830  0 
 4831  0 
 4832  0 
 4833  0 
 4834  0 
 4835  0 
 4836  0 
 4837  0 
 4838  0 
 4839  0 
 4840  0 
 4841  0 
 4842  0 
 4843  0 
 4844  0 
 4845  0 
 4846  0 
 4847  0 
 4848  0 
 4849  0 
 4850  0 
 4851  0 
 4852  0 
 4853  0 
 4854  0 
 4855  0 
 4856  0 
 4857  0 
 4858  0 
 4859  0 
 4860  0 
 4861  0 
 4862  0 
 4863  0 
 4864  0 
 4865  0 
 4866  0 
 4867  0 
 4868  0 
 4869  0 
 4870  1 
 4871  0 
 4872  0 
 4873  0 
 4874  0 
 4875  0 
 4876  0 
 4877  0 
 4878  1 
 4879  0 
 4880  0 
 4881  0 
 4882  0 
 4883  0 
 4884  1 
 4885  0 
 4886  0 
 4887  0 
 4888  0 
 4889  0 
 4890  0 
 4891  0 
 4892  0 
 4893  0 
 4894  0 
 4895  0 
 4896  0 
 4897  0 
 4898  0 
 4899  1 
 4900  0 
 4901  0 
 4902  0 
 4903  0 
 4904  0 
 4905  0 
 4906  0 
 4907  0 
 4908  0 
 4909  0 
 4910  0 
 4911  1 
 4912  0 
 4913  0 
 4914  0 
 4915  0 
 4916  0 
 4917  0 
 4918  0 
 4919  0 
 4920  0 
 4921  1 
 4922  0 
 4923  0 
 4924  0 
 4925  0 
 4926  0 
 4927  0 
 4928  0 
 4929  0 
 4930  0 
 4931  0 
 4932  0 
 4933  0 
 4934  0 
 4935  0 
 4936  0 
 4937  0 
 4938  0 
 4939  0 
 4940  0 
 4941  0 
 4942  0 
 4943  0 
 4944  0 
 4945  0 
 4946  0 
 4947  0 
 4948  0 
 4949  0 
 4950  0 
 4951  0 
 4952  0 
 4953  0 
 4954  0 
 4955  0 
 4956  0 
 4957  0 
 4958  0 
 4959  0 
 4960  0 
 4961  0 
 4962  0 
 4963  0 
 4964  0 
 4965  0 
 4966  0 
 4967  0 
 4968  0 
 4969  0 
 4970  0 
 4971  0 
 4972  0 
 4973  0 
 4974  0 
 4975  0 
 4976  0 
 4977  0 
 4978  0 
 4979  0 
 4980  0 
 4981  0 
 4982  1 
 4983  0 
 4984  0 
 4985  0 
 4986  0 
 4987  0 
 4988  0 
 4989  0 
 4990  0 
 4991  0 
 4992  0 
 4993  0 
 4994  0 
 4995  1 
 4996  0 
 4997  0 
 4998  0 
 4999  0 
 5000  0 
 5001  0 
 5002  0 
 5003  0 
 5004  0 
 5005  0 
 5006  1 
 5007  0 
 5008  0 
 5009  0 
 5010  0 
 5011  0 
 5012  0 
 5013  1 
 5014  0 
 5015  0 
 5016  0 
 5017  0 
 5018  0 
 5019  0 
 5020  0 
 5021  0 
 5022  0 
 5023  0 
 5024  0 
 5025  0 
 5026  0 
 5027  0 
 5028  0 
 5029  0 
 5030  0 
 5031  0 
 5032  0 
 5033  0 
 5034  0 
 5035  0 
 5036  0 
 5037  0 
 5038  0 
 5039  1 
 5040  0 
 5041  0 
 5042  0 
 5043  0 
 5044  0 
 5045  0 
 5046  0 
 5047  0 
 5048  0 
 5049  0 
 5050  0 
 5051  0 
 5052  0 
 5053  0 
 5054  0 
 5055  0 
 5056  0 
 5057  0 
 5058  0 
 5059  0 
 5060  0 
 5061  0 
 5062  0 
 5063  0 
 5064  0 
 5065  0 
 5066  0 
 5067  0 
 5068  0 
 5069  0 
 5070  0 
 5071  1 
 5072  0 
 5073  0 
 5074  0 
 5075  0 
 5076  0 
 5077  0 
 5078  0 
 5079  0 
 5080  0 
 5081  0 
 5082  0 
 5083  0 
 5084  0 
 5085  0 
 5086  0 
 5087  0 
 5088  0 
 5089  0 
 5090  0 
 5091  0 
 5092  0 
 5093  0 
 5094  0 
 5095  0 
 5096  0 
 5097  0 
 5098  1 
 5099  0 
 5100  0 
 5101  0 
 5102  0 
 5103  0 
 5104  0 
 5105  0 
 5106  0 
 5107  0 
 5108  0 
 5109  0 
 5110  0 
 5111  0 
 5112  0 
 5113  0 
 5114  0 
 5115  0 
 5116  0 
 5117  0 
 5118  0 
 5119  0 
 5120  0 
 5121  0 
 5122  0 
 5123  0 
 5124  0 
 5125  0 
 5126  0 
 5127  0 
 5128  0 
 5129  0 
 5130  0 
 5131  0 
 5132  0 
 5133  0 
 5134  0 
 5135  0 
 5136  0 
 5137  0 
 5138  0 
 5139  0 
 5140  0 
 5141  0 
 5142  0 
 5143  0 
 5144  0 
 5145  0 
 5146  0 
 5147  0 
 5148  0 
 5149  0 
 5150  0 
 5151  0 
 5152  0 
 5153  0 
 5154  0 
 5155  0 
 5156  0 
 5157  0 
 5158  0 
 5159  0 
 5160  0 
 5161  0 
 5162  0 
 5163  0 
 5164  0 
 5165  0 
 5166  0 
 5167  0 
 5168  0 
 5169  0 
 5170  0 
 5171  0 
 5172  0 
 5173  0 
 5174  0 
 5175  0 
 5176  0 
 5177  0 
 5178  0 
 5179  0 
 5180  0 
 5181  0 
 5182  0 
 5183  0 
 5184  0 
 5185  0 
 5186  0 
 5187  0 
 5188  0 
 5189  0 
 5190  0 
 5191  0 
 5192  0 
 5193  0 
 5194  0 
 5195  0 
 5196  0 
 5197  0 
 5198  0 
 5199  0 
 5200  0 
 5201  0 
 5202  0 
 5203  0 
 5204  0 
 5205  0 
 5206  0 
 5207  0 
 5208  0 
 5209  0 
 5210  0 
 5211  0 
 5212  0 
 5213  0 
 5214  0 
 5215  0 
 5216  0 
 5217  0 
 5218  0 
 5219  0 
 5220  0 
 5221  0 
 5222  0 
 5223  0 
 5224  0 
 5225  0 
 5226  0 
 5227  0 
 5228  0 
 5229  0 
 5230  0 
 5231  0 
 5232  0 
 5233  0 
 5234  0 
 5235  0 
 5236  0 
 5237  0 
 5238  0 
 5239  0 
 5240  0 
 5241  0 
 5242  0 
 5243  0 
 5244  0 
 5245  0 
 5246  0 
 5247  0 
 5248  0 
 5249  0 
 5250  0 
 5251  0 
 5252  0 
 5253  0 
 5254  0 
 5255  0 
 5256  0 
 5257  0 
 5258  0 
 5259  0 
 5260  0 
 5261  0 
 5262  0 
 5263  0 
 5264  1 
 5265  0 
 5266  0 
 5267  0 
 5268  0 
 5269  0 
 5270  0 
 5271  0 
 5272  0 
 5273  0 
 5274  0 
 5275  0 
 5276  0 
 5277  0 
 5278  0 
 5279  0 
 5280  0 
 5281  0 
 5282  0 
 5283  0 
 5284  0 
 5285  0 
 5286  0 
 5287  0 
 5288  0 
 5289  0 
 5290  0 
 5291  0 
 5292  0 
 5293  0 
 5294  0 
 5295  0 
 5296  0 
 5297  0 
 5298  0 
 5299  0 
 5300  0 
 5301  0 
 5302  0 
 5303  0 
 5304  0 
 5305  0 
 5306  0 
 5307  0 
 5308  0 
 5309  0 
 5310  0 
 5311  0 
 5312  1 
 5313  0 
 5314  0 
 5315  0 
 5316  0 
 5317  0 
 5318  0 
 5319  0 
 5320  0 
 5321  0 
 5322  0 
 5323  0 
 5324  0 
 5325  0 
 5326  0 
 5327  0 
 5328  0 
 5329  0 
 5330  0 
 5331  0 
 5332  0 
 5333  0 
 5334  0 
 5335  0 
 5336  1 
 5337  0 
 5338  0 
 5339  1 
 5340  0 
 5341  0 
 5342  0 
 5343  0 
 5344  0 
 5345  0 
 5346  0 
 5347  0 
 5348  0 
 5349  0 
 5350  0 
 5351  0 
 5352  0 
 5353  0 
 5354  0 
 5355  0 
 5356  0 
 5357  0 
 5358  0 
 5359  0 
 5360  0 
 5361  0 
 5362  0 
 5363  0 
 5364  0 
 5365  0 
 5366  0 
 5367  0 
 5368  0 
 5369  0 
 5370  0 
 5371  0 
 5372  0 
 5373  0 
 5374  0 
 5375  0 
 5376  0 
 5377  0 
 5378  0 
 5379  0 
 5380  0 
 5381  0 
 5382  0 
 5383  0 
 5384  0 
 5385  0 
 5386  0 
 5387  0 
 5388  0 
 5389  0 
 5390  0 
 5391  0 
 5392  0 
 5393  0 
 5394  0 
 5395  0 
 5396  0 
 5397  0 
 5398  0 
 5399  1 
 5400  0 
 5401  0 
 5402  0 
 5403  0 
 5404  0 
 5405  0 
 5406  0 
 5407  0 
 5408  0 
 5409  0 
 5410  0 
 5411  0 
 5412  0 
 5413  0 
 5414  0 
 5415  0 
 5416  0 
 5417  0 
 5418  0 
 5419  0 
 5420  0 
 5421  0 
 5422  0 
 5423  0 
 5424  0 
 5425  0 
 5426  0 
 5427  0 
 5428  0 
 5429  0 
 5430  0 
 5431  0 
 5432  0 
 5433  0 
 5434  0 
 5435  0 
 5436  0 
 5437  0 
 5438  0 
 5439  0 
 5440  0 
 5441  0 
 5442  0 
 5443  0 
 5444  0 
 5445  0 
 5446  0 
 5447  0 
 5448  0 
 5449  0 
 5450  0 
 5451  0 
 5452  0 
 5453  0 
 5454  0 
 5455  0 
 5456  0 
 5457  0 
 5458  0 
 5459  0 
 5460  0 
 5461  0 
 5462  0 
 5463  0 
 5464  0 
 5465  0 
 5466  0 
 5467  0 
 5468  0 
 5469  0 
 5470  0 
 5471  0 
 5472  0 
 5473  0 
 5474  0 
 5475  0 
 5476  0 
 5477  0 
 5478  0 
 5479  0 
 5480  0 
 5481  0 
 5482  0 
 5483  0 
 5484  0 
 5485  0 
 5486  0 
 5487  0 
 5488  0 
 5489  0 
 5490  0 
 5491  0 
 5492  0 
 5493  0 
 5494  0 
 5495  0 
 5496  0 
 5497  0 
 5498  0 
 5499  0 
 5500  0 
 5501  0 
 5502  0 
 5503  0 
 5504  0 
 5505  0 
 5506  0 
 5507  0 
 5508  0 
 5509  0 
 5510  0 
 5511  0 
 5512  0 
 5513  0 
 5514  0 
 5515  0 
 5516  0 
 5517  0 
 5518  0 
 5519  0 
 5520  0 
 5521  0 
 5522  0 
 5523  0 
 5524  0 
 5525  0 
 5526  0 
 5527  0 
 5528  0 
 5529  0 
 5530  0 
 5531  0 
 5532  0 
 5533  0 
 5534  0 
 5535  0 
 5536  0 
 5537  0 
 5538  0 
 5539  0 
 5540  0 
 5541  0 
 5542  0 
 5543  0 
 5544  0 
 5545  0 
 5546  0 
 5547  0 
 5548  0 
 5549  0 
 5550  0 
 5551  0 
 5552  0 
 5553  0 
 5554  0 
 5555  0 
 5556  1 
 5557  0 
 5558  0 
 5559  0 
 5560  0 
 5561  0 
 5562  0 
 5563  0 
 5564  0 
 5565  0 
 5566  0 
 5567  0 
 5568  0 
 5569  0 
 5570  0 
 5571  0 
 5572  0 
 5573  1 
 5574  0 
 5575  0 
 5576  0 
 5577  0 
 5578  0 
 5579  0 
 5580  0 
 5581  0 
 5582  0 
 5583  0 
 5584  0 
 5585  0 
 5586  0 
 5587  0 
 5588  0 
 5589  0 
 5590  0 
 5591  0 
 5592  0 
 5593  0 
 5594  0 
 5595  0 
 5596  0 
 5597  0 
 5598  0 
 5599  0 
 5600  0 
 5601  0 
 5602  0 
 5603  0 
 5604  0 
 5605  0 
 5606  0 
 5607  0 
 5608  0 
 5609  0 
 5610  0 
 5611  0 
 5612  0 
 5613  0 
 5614  0 
 5615  1 
 5616  0 
 5617  0 
 5618  0 
 5619  0 
 5620  0 
 5621  0 
 5622  0 
 5623  0 
 5624  0 
 5625  0 
 5626  0 
 5627  0 
 5628  0 
 5629  0 
 5630  0 
 5631  0 
 5632  0 
 5633  0 
 5634  0 
 5635  0 
 5636  0 
 5637  0 
 5638  0 
 5639  0 
 5640  0 
 5641  0 
 5642  0 
 5643  0 
 5644  0 
 5645  0 
 5646  0 
 5647  0 
 5648  0 
 5649  0 
 5650  0 
 5651  0 
 5652  0 
 5653  0 
 5654  0 
 5655  0 
 5656  0 
 5657  0 
 5658  0 
 5659  0 
 5660  0 
 5661  0 
 5662  0 
 5663  0 
 5664  0 
 5665  0 
 5666  0 
 5667  0 
 5668  0 
 5669  0 
 5670  0 
 5671  0 
 5672  0 
 5673  0 
 5674  0 
 5675  0 
 5676  0 
 5677  0 
 5678  0 
 5679  0 
 5680  0 
 5681  0 
 5682  0 
 5683  0 
 5684  0 
 5685  0 
 5686  0 
 5687  0 
 5688  0 
 5689  0 
 5690  0 
 5691  0 
 5692  0 
 5693  0 
 5694  0 
 5695  1 
 5696  0 
 5697  0 
 5698  0 
 5699  0 
 5700  0 
 5701  0 
 5702  0 
 5703  0 
 5704  0 
 5705  0 
 5706  0 
 5707  0 
 5708  0 
 5709  0 
 5710  0 
 5711  0 
 5712  0 
 5713  0 
 5714  0 
 5715  0 
 5716  0 
 5717  0 
 5718  0 
 5719  0 
 5720  0 
 5721  0 
 5722  0 
 5723  0 
 5724  0 
 5725  0 
 5726  0 
 5727  0 
 5728  0 
 5729  0 
 5730  0 
 5731  0 
 5732  0 
 5733  0 
 5734  0 
 5735  0 
 5736  0 
 5737  0 
 5738  0 
 5739  0 
 5740  0 
 5741  0 
 5742  0 
 5743  0 
 5744  0 
 5745  0 
 5746  0 
 5747  0 
 5748  0 
 5749  0 
 5750  0 
 5751  0 
 5752  0 
 5753  0 
 5754  0 
 5755  0 
 5756  0 
 5757  0 
 5758  0 
 5759  0 
 5760  0 
 5761  0 
 5762  0 
 5763  0 
 5764  0 
 5765  0 
 5766  0 
 5767  0 
 5768  0 
 5769  0 
 5770  0 
 5771  0 
 5772  0 
 5773  0 
 5774  0 
 5775  0 
 5776  0 
 5777  0 
 5778  0 
 5779  0 
 5780  0 
 5781  0 
 5782  0 
 5783  0 
 5784  0 
 5785  0 
 5786  0 
 5787  0 
 5788  0 
 5789  0 
 5790  0 
 5791  0 
 5792  0 
 5793  0 
 5794  1 
 5795  0 
 5796  0 
 5797  0 
 5798  0 
 5799  0 
 5800  0 
 5801  0 
 5802  0 
 5803  0 
 5804  0 
 5805  0 
 5806  0 
 5807  0 
 5808  0 
 5809  0 
 5810  0 
 5811  0 
 5812  0 
 5813  0 
 5814  0 
 5815  0 
 5816  0 
 5817  0 
 5818  0 
 5819  0 
 5820  0 
 5821  0 
 5822  0 
 5823  0 
 5824  0 
 5825  0 
 5826  0 
 5827  0 
 5828  0 
 5829  0 
 5830  0 
 5831  1 
 5832  0 
 5833  0 
 5834  0 
 5835  0 
 5836  0 
 5837  0 
 5838  0 
 5839  0 
 5840  0 
 5841  0 
 5842  0 
 5843  0 
 5844  0 
 5845  0 
 5846  0 
 5847  0 
 5848  0 
 5849  0 
 5850  0 
 5851  0 
 5852  0 
 5853  0 
 5854  0 
 5855  0 
 5856  0 
 5857  0 
 5858  0 
 5859  0 
 5860  0 
 5861  0 
 5862  0 
 5863  0 
 5864  0 
 5865  0 
 5866  0 
 5867  0 
 5868  0 
 5869  0 
 5870  0 
 5871  0 
 5872  0 
 5873  0 
 5874  0 
 5875  0 
 5876  0 
 5877  0 
 5878  0 
 5879  0 
 5880  0 
 5881  0 
 5882  0 
 5883  0 
 5884  0 
 5885  0 
 5886  0 
 5887  0 
 5888  0 
 5889  0 
 5890  0 
 5891  0 
 5892  0 
 5893  0 
 5894  0 
 5895  0 
 5896  0 
 5897  0 
 5898  0 
 5899  0 
 5900  0 
 5901  0 
 5902  0 
 5903  0 
 5904  0 
 5905  0 
 5906  0 
 5907  0 
 5908  0 
 5909  0 
 5910  0 
 5911  0 
 5912  0 
 5913  0 
 5914  0 
 5915  0 
 5916  0 
 5917  0 
 5918  0 
 5919  0 
 5920  0 
 5921  0 
 5922  0 
 5923  0 
 5924  0 
 5925  0 
 5926  0 
 5927  0 
 5928  0 
 5929  0 
 5930  0 
 5931  0 
 5932  0 
 5933  0 
 5934  0 
 5935  0 
 5936  0 
 5937  0 
 5938  0 
 5939  0 
 5940  0 
 5941  0 
 5942  0 
 5943  0 
 5944  0 
 5945  0 
 5946  0 
 5947  0 
 5948  0 
 5949  0 
 5950  0 
 5951  0 
 5952  0 
 5953  0 
 5954  0 
 5955  0 
 5956  0 
 5957  0 
 5958  0 
 5959  0 
 5960  0 
 5961  0 
 5962  0 
 5963  1 
 5964  0 
 5965  0 
 5966  0 
 5967  0 
 5968  0 
 5969  0 
 5970  0 
 5971  0 
 5972  0 
 5973  0 
 5974  0 
 5975  0 
 5976  0 
 5977  0 
 5978  0 
 5979  0 
 5980  0 
 5981  0 
 5982  0 
 5983  0 
 5984  0 
 5985  0 
 5986  0 
 5987  0 
 5988  0 
 5989  0 
 5990  0 
 5991  1 
 5992  0 
 5993  0 
 5994  0 
 5995  0 
 5996  0 
 5997  0 
 5998  0 
 5999  0 
 6000  0 
 6001  0 
 6002  0 
 6003  0 
 6004  0 
 6005  1 
 6006  0 
 6007  0 
 6008  0 
 6009  0 
 6010  0 
 6011  0 
 6012  0 
 6013  0 
 6014  0 
 6015  0 
 6016  0 
 6017  0 
 6018  0 
 6019  0 
 6020  0 
 6021  0 
 6022  0 
 6023  0 
 6024  0 
 6025  0 
 6026  0 
 6027  0 
 6028  0 
 6029  0 
 6030  0 
 6031  0 
 6032  0 
 6033  0 
 6034  0 
 6035  0 
 6036  1 
 6037  0 
 6038  0 
 6039  0 
 6040  0 
 6041  0 
 6042  0 
 6043  0 
 6044  0 
 6045  0 
 6046  0 
 6047  0 
 6048  0 
 6049  0 
 6050  0 
 6051  0 
 6052  0 
 6053  0 
 6054  0 
 6055  0 
 6056  0 
 6057  0 
 6058  0 
 6059  0 
 6060  0 
 6061  0 
 6062  0 
 6063  0 
 6064  0 
 6065  0 
 6066  0 
 6067  0 
 6068  0 
 6069  0 
 6070  0 
 6071  0 
 6072  0 
 6073  0 
 6074  0 
 6075  0 
 6076  0 
 6077  0 
 6078  0 
 6079  0 
 6080  0 
 6081  0 
 6082  0 
 6083  0 
 6084  0 
 6085  0 
 6086  0 
 6087  1 
 6088  0 
 6089  0 
 6090  0 
 6091  0 
 6092  0 
 6093  0 
 6094  0 
 6095  0 
 6096  0 
 6097  0 
 6098  0 
 6099  0 
 6100  0 
 6101  0 
 6102  0 
 6103  0 
 6104  1 
 6105  0 
 6106  0 
 6107  0 
 6108  0 
 6109  0 
 6110  0 
 6111  0 
 6112  0 
 6113  1 
 6114  0 
 6115  0 
 6116  0 
 6117  0 
 6118  0 
 6119  0 
 6120  0 
 6121  0 
 6122  0 
 6123  0 
 6124  0 
 6125  0 
 6126  1 
 6127  0 
 6128  0 
 6129  0 
 6130  1 
 6131  0 
 6132  0 
 6133  0 
 6134  0 
 6135  0 
 6136  0 
 6137  1 
 6138  0 
 6139  0 
 6140  0 
 6141  0 
 6142  0 
 6143  0 
 6144  0 
 6145  0 
 6146  0 
 6147  0 
 6148  0 
 6149  0 
 6150  0 
 6151  0 
 6152  0 
 6153  0 
 6154  0 
 6155  0 
 6156  0 
 6157  0 
 6158  0 
 6159  1 
 6160  0 
 6161  0 
 6162  0 
 6163  0 
 6164  0 
 6165  0 
 6166  0 
 6167  0 
 6168  0 
 6169  0 
 6170  0 
 6171  0 
 6172  0 
 6173  0 
 6174  0 
 6175  0 
 6176  0 
 6177  0 
 6178  0 
 6179  0 
 6180  0 
 6181  0 
 6182  0 
 6183  0 
 6184  0 
 6185  0 
 6186  0 
 6187  0 
 6188  0 
 6189  0 
 6190  0 
 6191  1 
 6192  0 
 6193  0 
 6194  0 
 6195  1 
 6196  0 
 6197  0 
 6198  0 
 6199  0 
 6200  0 
 6201  1 
 6202  0 
 6203  0 
 6204  0 
 6205  0 
 6206  0 
 6207  0 
 6208  0 
 6209  0 
 6210  1 
 6211  0 
 6212  0 
 6213  1 
 6214  1 
 6215  0 
 6216  0 
 6217  1 
 6218  0 
 6219  0 
 6220  0 
 6221  0 
 6222  0 
 6223  0 
 6224  0 
 6225  0 
 6226  0 
 6227  0 
 6228  0 
 6229  0 
 6230  0 
 6231  1 
 6232  0 
 6233  0 
 6234  1 
 6235  0 
 6236  1 
 6237  0 
 6238  0 
 6239  0 
 6240  1 
 6241  0 
 6242  0 
 6243  1 
 6244  0 
 6245  0 
 6246  1 
 6247  0 
 6248  0 
 6249  0 
 6250  0 
 6251  0 
 6252  0 
 6253  0 
 6254  0 
 6255  0 
 6256  0 
 6257  0 
 6258  0 
 6259  0 
 6260  0 
 6261  0 
 6262  0 
 6263  0 
 6264  1 
 6265  0 
 6266  0 
 6267  0 
 6268  0 
 6269  0 
 6270  1 
 6271  0 
 6272  0 
 6273  0 
 6274  1 
 6275  0 
 6276  0 
 6277  0 
 6278  1 
 6279  0 
 6280  0 
 6281  1 
 6282  0 
 6283  0 
 6284  2 
 6285  0 
 6286  0 
 6287  0 
 6288  0 
 6289  1 
 6290  0 
 6291  1 
 6292  0 
 6293  0 
 6294  0 
 6295  0 
 6296  0 
 6297  1 
 6298  1 
 6299  0 
 6300  0 
 6301  0 
 6302  0 
 6303  0 
 6304  0 
 6305  2 
 6306  0 
 6307  0 
 6308  0 
 6309  0 
 6310  0 
 6311  1 
 6312  0 
 6313  0 
 6314  0 
 6315  0 
 6316  0 
 6317  0 
 6318  0 
 6319  0 
 6320  0 
 6321  0 
 6322  0 
 6323  0 
 6324  1 
 6325  1 
 6326  0 
 6327  0 
 6328  0 
 6329  0 
 6330  0 
 6331  1 
 6332  0 
 6333  0 
 6334  0 
 6335  0 
 6336  0 
 6337  1 
 6338  0 
 6339  0 
 6340  0 
 6341  0 
 6342  0 
 6343  0 
 6344  0 
 6345  0 
 6346  0 
 6347  0 
 6348  0 
 6349  0 
 6350  1 
 6351  0 
 6352  0 
 6353  0 
 6354  0 
 6355  0 
 6356  0 
 6357  1 
 6358  1 
 6359  0 
 6360  0 
 6361  0 
 6362  0 
 6363  0 
 6364  0 
 6365  1 
 6366  0 
 6367  0 
 6368  0 
 6369  0 
 6370  0 
 6371  0 
 6372  0 
 6373  0 
 6374  0 
 6375  0 
 6376  0 
 6377  0 
 6378  1 
 6379  0 
 6380  0 
 6381  0 
 6382  0 
 6383  0 
 6384  0 
 6385  0 
 6386  0 
 6387  0 
 6388  0 
 6389  0 
 6390  0 
 6391  0 
 6392  0 
 6393  0 
 6394  0 
 6395  0 
 6396  0 
 6397  0 
 6398  0 
 6399  0 
 6400  0 
 6401  0 
 6402  0 
 6403  0 
 6404  0 
 6405  0 
 6406  0 
 6407  0 
 6408  0 
 6409  0 
 6410  0 
 6411  0 
 6412  0 
 6413  0 
 6414  0 
 6415  0 
 6416  0 
 6417  0 
 6418  0 
 6419  0 
 6420  0 
 6421  0 
 6422  0 
 6423  0 
 6424  0 
 6425  0 
 6426  0 
 6427  0 
 6428  0 
 6429  0 
 6430  1 
 6431  0 
 6432  0 
 6433  0 
 6434  0 
 6435  0 
 6436  0 
 6437  0 
 6438  0 
 6439  0 
 6440  0 
 6441  0 
 6442  0 
 6443  0 
 6444  0 
 6445  0 
 6446  0 
 6447  0 
 6448  0 
 6449  0 
 6450  0 
 6451  0 
 6452  0 
 6453  0 
 6454  0 
 6455  0 
 6456  0 
 6457  0 
 6458  0 
 6459  0 
 6460  0 
 6461  0 
 6462  0 
 6463  0 
 6464  0 
 6465  0 
 6466  0 
 6467  0 
 6468  0 
 6469  0 
 6470  0 
 6471  0 
 6472  0 
 6473  0 
 6474  0 
 6475  0 
 6476  0 
 6477  0 
 6478  0 
 6479  0 
 6480  0 
 6481  0 
 6482  0 
 6483  0 
 6484  0 
 6485  0 
 6486  0 
 6487  0 
 6488  0 
 6489  0 
 6490  0 
 6491  0 
 6492  0 
 6493  0 
 6494  0 
 6495  0 
 6496  0 
 6497  0 
 6498  0 
 6499  0 
 6500  0 
 6501  0 
 6502  1 
 6503  0 
 6504  0 
 6505  0 
 6506  0 
 6507  0 
 6508  0 
 6509  0 
 6510  0 
 6511  0 
 6512  0 
 6513  0 
 6514  0 
 6515  0 
 6516  0 
 6517  0 
 6518  0 
 6519  0 
 6520  0 
 6521  0 
 6522  0 
 6523  0 
 6524  0 
 6525  0 
 6526  0 
 6527  0 
 6528  0 
 6529  0 
 6530  0 
 6531  0 
 6532  0 
 6533  0 
 6534  0 
 6535  0 
 6536  0 
 6537  0 
 6538  0 
 6539  0 
 6540  0 
 6541  0 
 6542  0 
 6543  0 
 6544  0 
 6545  0 
 6546  0 
 6547  0 
 6548  0 
 6549  0 
 6550  0 
 6551  0 
 6552  0 
 6553  0 
 6554  0 
 6555  0 
 6556  0 
 6557  0 
 6558  0 
 6559  0 
 6560  0 
 6561  0 
 6562  0 
 6563  0 
 6564  0 
 6565  1 
 6566  0 
 6567  0 
 6568  0 
 6569  0 
 6570  0 
 6571  0 
 6572  0 
 6573  0 
 6574  0 
 6575  0 
 6576  0 
 6577  0 
 6578  0 
 6579  0 
 6580  0 
 6581  0 
 6582  1 
 6583  0 
 6584  0 
 6585  0 
 6586  0 
 6587  0 
 6588  0 
 6589  0 
 6590  0 
 6591  0 
 6592  0 
 6593  0 
 6594  0 
 6595  0 
 6596  0 
 6597  0 
 6598  0 
 6599  0 
 6600  0 
 6601  0 
 6602  0 
 6603  1 
 6604  0 
 6605  0 
 6606  0 
 6607  0 
 6608  0 
 6609  0 
 6610  0 
 6611  0 
 6612  0 
 6613  0 
 6614  0 
 6615  0 
 6616  0 
 6617  0 
 6618  0 
 6619  0 
 6620  0 
 6621  0 
 6622  0 
 6623  0 
 6624  0 
 6625  0 
 6626  0 
 6627  0 
 6628  0 
 6629  0 
 6630  0 
 6631  0 
 6632  0 
 6633  0 
 6634  0 
 6635  0 
 6636  0 
 6637  0 
 6638  0 
 6639  0 
 6640  0 
 6641  0 
 6642  0 
 6643  0 
 6644  0 
 6645  0 
 6646  0 
 6647  0 
 6648  0 
 6649  0 
 6650  0 
 6651  0 
 6652  0 
 6653  0 
 6654  0 
 6655  0 
 6656  0 
 6657  0 
 6658  0 
 6659  0 
 6660  0 
 6661  0 
 6662  0 
 6663  0 
 6664  0 
 6665  0 
 6666  0 
 6667  0 
 6668  0 
 6669  0 
 6670  0 
 6671  0 
 6672  0 
 6673  0 
 6674  0 
 6675  0 
 6676  0 
 6677  0 
 6678  0 
 6679  0 
 6680  0 
 6681  0 
 6682  0 
 6683  0 
 6684  0 
 6685  0 
 6686  0 
 6687  0 
 6688  0 
 6689  0 
 6690  0 
 6691  0 
 6692  0 
 6693  0 
 6694  0 
 6695  0 
 6696  1 
 6697  0 
 6698  0 
 6699  1 
 6700  0 
 6701  0 
 6702  0 
 6703  0 
 6704  0 
 6705  0 
 6706  0 
 6707  0 
 6708  0 
 6709  0 
 6710  0 
 6711  1 
 6712  0 
 6713  0 
 6714  0 
 6715  0 
 6716  0 
 6717  0 
 6718  0 
 6719  0 
 6720  0 
 6721  0 
 6722  0 
 6723  0 
 6724  0 
 6725  0 
 6726  0 
 6727  0 
 6728  0 
 6729  0 
 6730  0 
 6731  0 
 6732  0 
 6733  0 
 6734  0 
 6735  0 
 6736  0 
 6737  0 
 6738  0 
 6739  0 
 6740  0 
 6741  0 
 6742  0 
 6743  0 
 6744  0 
 6745  0 
 6746  0 
 6747  1 
 6748  0 
 6749  0 
 6750  0 
 6751  0 
 6752  0 
 6753  0 
 6754  0 
 6755  0 
 6756  0 
 6757  0 
 6758  0 
 6759  0 
 6760  0 
 6761  0 
 6762  0 
 6763  0 
 6764  0 
 6765  0 
 6766  0 
 6767  0 
 6768  0 
 6769  0 
 6770  0 
 6771  0 
 6772  0 
 6773  0 
 6774  0 
 6775  0 
 6776  0 
 6777  0 
 6778  0 
 6779  0 
 6780  0 
 6781  0 
 6782  0 
 6783  0 
 6784  0 
 6785  0 
 6786  0 
 6787  0 
 6788  0 
 6789  0 
 6790  0 
 6791  0 
 6792  0 
 6793  0 
 6794  0 
 6795  0 
 6796  0 
 6797  0 
 6798  0 
 6799  0 
 6800  0 
 6801  0 
 6802  0 
 6803  0 
 6804  0 
 6805  0 
 6806  0 
 6807  0 
 6808  0 
 6809  0 
 6810  0 
 6811  0 
 6812  0 
 6813  0 
 6814  0 
 6815  0 
 6816  0 
 6817  0 
 6818  0 
 6819  0 
 6820  0 
 6821  0 
 6822  0 
 6823  0 
 6824  0 
 6825  0 
 6826  0 
 6827  0 
 6828  0 
 6829  0 
 6830  0 
 6831  0 
 6832  0 
 6833  0 
 6834  0 
 6835  0 
 6836  0 
 6837  0 
 6838  0 
 6839  0 
 6840  0 
 6841  0 
 6842  0 
 6843  0 
 6844  0 
 6845  0 
 6846  0 
 6847  0 
 6848  0 
 6849  0 
 6850  0 
 6851  0 
 6852  0 
 6853  0 
 6854  0 
 6855  0 
 6856  0 
 6857  0 
 6858  0 
 6859  0 
 6860  0 
 6861  0 
 6862  0 
 6863  0 
 6864  0 
 6865  0 
 6866  0 
 6867  0 
 6868  0 
 6869  0 
 6870  0 
 6871  0 
 6872  0 
 6873  0 
 6874  0 
 6875  0 
 6876  0 
 6877  0 
 6878  0 
 6879  0 
 6880  0 
 6881  0 
 6882  0 
 6883  0 
 6884  0 
 6885  0 
 6886  0 
 6887  0 
 6888  0 
 6889  0 
 6890  0 
 6891  0 
 6892  1 
 6893  0 
 6894  0 
 6895  0 
 6896  0 
 6897  0 
 6898  0 
 6899  0 
 6900  0 
 6901  0 
 6902  0 
 6903  0 
 6904  0 
 6905  0 
 6906  0 
 6907  0 
 6908  0 
 6909  1 
 6910  0 
 6911  0 
 6912  0 
 6913  0 
 6914  1 
 6915  0 
 6916  0 
 6917  0 
 6918  0 
 6919  0 
 6920  0 
 6921  1 
 6922  0 
 6923  0 
 6924  0 
 6925  0 
 6926  0 
 6927  0 
 6928  0 
 6929  0 
 6930  0 
 6931  0 
 6932  0 
 6933  0 
 6934  0 
 6935  0 
 6936  0 
 6937  0 
 6938  0 
 6939  0 
 6940  0 
 6941  0 
 6942  0 
 6943  0 
 6944  0 
 6945  0 
 6946  0 
 6947  0 
 6948  0 
 6949  1 
 6950  0 
 6951  0 
 6952  0 
 6953  0 
 6954  0 
 6955  0 
 6956  0 
 6957  0 
 6958  0 
 6959  0 
 6960  0 
 6961  0 
 6962  0 
 6963  0 
 6964  0 
 6965  0 
 6966  0 
 6967  0 
 6968  0 
 6969  0 
 6970  0 
 6971  0 
 6972  0 
 6973  0 
 6974  0 
 6975  0 
 6976  0 
 6977  0 
 6978  0 
 6979  0 
 6980  0 
 6981  0 
 6982  0 
 6983  0 
 6984  0 
 6985  0 
 6986  0 
 6987  0 
 6988  0 
 6989  0 
 6990  0 
 6991  0 
 6992  0 
 6993  0 
 6994  0 
 6995  0 
 6996  0 
 6997  0 
 6998  0 
 6999  1 
 7000  0 
 7001  0 
 7002  0 
 7003  0 
 7004  0 
 7005  0 
 7006  0 
 7007  0 
 7008  0 
 7009  0 
 7010  0 
 7011  0 
 7012  0 
 7013  0 
 7014  0 
 7015  0 
 7016  0 
 7017  0 
 7018  0 
 7019  0 
 7020  0 
 7021  0 
 7022  0 
 7023  0 
 7024  0 
 7025  0 
 7026  0 
 7027  0 
 7028  0 
 7029  0 
 7030  0 
 7031  0 
 7032  0 
 7033  0 
 7034  0 
 7035  0 
 7036  0 
 7037  0 
 7038  0 
 7039  0 
 7040  0 
 7041  0 
 7042  0 
 7043  0 
 7044  0 
 7045  0 
 7046  0 
 7047  0 
 7048  0 
 7049  0 
 7050  0 
 7051  0 
 7052  0 
 7053  0 
 7054  0 
 7055  0 
 7056  0 
 7057  0 
 7058  0 
 7059  0 
 7060  0 
 7061  0 
 7062  0 
 7063  0 
 7064  0 
 7065  0 
 7066  0 
 7067  1 
 7068  0 
 7069  0 
 7070  0 
 7071  0 
 7072  0 
 7073  0 
 7074  0 
 7075  0 
 7076  0 
 7077  0 
 7078  0 
 7079  0 
 7080  0 
 7081  0 
 7082  0 
 7083  0 
 7084  0 
 7085  0 
 7086  0 
 7087  0 
 7088  0 
 7089  0 
 7090  0 
 7091  0 
 7092  0 
 7093  0 
 7094  0 
 7095  0 
 7096  0 
 7097  0 
 7098  0 
 7099  0 
 7100  0 
 7101  0 
 7102  1 
 7103  0 
 7104  0 
 7105  0 
 7106  0 
 7107  0 
 7108  0 
 7109  0 
 7110  0 
 7111  0 
 7112  0 
 7113  0 
 7114  0 
 7115  0 
 7116  0 
 7117  0 
 7118  0 
 7119  0 
 7120  0 
 7121  0 
 7122  0 
 7123  0 
 7124  0 
 7125  0 
 7126  0 
 7127  0 
 7128  0 
 7129  0 
 7130  0 
 7131  0 
 7132  0 
 7133  1 
 7134  0 
 7135  0 
 7136  0 
 7137  0 
 7138  0 
 7139  0 
 7140  0 
 7141  0 
 7142  0 
 7143  0 
 7144  0 
 7145  0 
 7146  0 
 7147  0 
 7148  0 
 7149  0 
 7150  1 
 7151  0 
 7152  0 
 7153  0 
 7154  0 
 7155  0 
 7156  0 
 7157  0 
 7158  0 
 7159  0 
 7160  1 
 7161  0 
 7162  0 
 7163  0 
 7164  0 
 7165  0 
 7166  0 
 7167  0 
 7168  0 
 7169  0 
 7170  0 
 7171  0 
 7172  0 
 7173  0 
 7174  0 
 7175  0 
 7176  0 
 7177  0 
 7178  0 
 7179  0 
 7180  0 
 7181  0 
 7182  0 
 7183  0 
 7184  0 
 7185  0 
 7186  0 
 7187  0 
 7188  0 
 7189  0 
 7190  1 
 7191  0 
 7192  0 
 7193  0 
 7194  0 
 7195  0 
 7196  0 
 7197  0 
 7198  0 
 7199  0 
 7200  0 
 7201  0 
 7202  0 
 7203  0 
 7204  0 
 7205  0 
 7206  0 
 7207  0 
 7208  0 
 7209  0 
 7210  0 
 7211  0 
 7212  0 
 7213  0 
 7214  0 
 7215  0 
 7216  0 
 7217  0 
 7218  0 
 7219  0 
 7220  0 
 7221  0 
 7222  0 
 7223  0 
 7224  0 
 7225  0 
 7226  0 
 7227  0 
 7228  0 
 7229  0 
 7230  0 
 7231  0 
 7232  0 
 7233  0 
 7234  0 
 7235  0 
 7236  0 
 7237  0 
 7238  0 
 7239  0 
 7240  0 
 7241  0 
 7242  0 
 7243  0 
 7244  0 
 7245  0 
 7246  0 
 7247  0 
 7248  0 
 7249  0 
 7250  0 
 7251  0 
 7252  0 
 7253  0 
 7254  0 
 7255  0 
 7256  0 
 7257  0 
 7258  0 
 7259  0 
 7260  0 
 7261  0 
 7262  0 
 7263  0 
 7264  0 
 7265  0 
 7266  0 
 7267  0 
 7268  0 
 7269  0 
 7270  0 
 7271  0 
 7272  0 
 7273  0 
 7274  0 
 7275  0 
 7276  0 
 7277  0 
 7278  0 
 7279  0 
 7280  0 
 7281  0 
 7282  0 
 7283  0 
 7284  0 
 7285  0 
 7286  0 
 7287  0 
 7288  0 
 7289  0 
 7290  0 
 7291  1 
 7292  0 
 7293  0 
 7294  0 
 7295  0 
 7296  0 
 7297  0 
 7298  1 
 7299  0 
 7300  0 
 7301  0 
 7302  0 
 7303  0 
 7304  0 
 7305  0 
 7306  0 
 7307  0 
 7308  0 
 7309  1 
 7310  0 
 7311  0 
 7312  0 
 7313  0 
 7314  0 
 7315  0 
 7316  0 
 7317  0 
 7318  0 
 7319  0 
 7320  0 
 7321  0 
 7322  0 
 7323  0 
 7324  0 
 7325  0 
 7326  0 
 7327  0 
 7328  0 
 7329  0 
 7330  0 
 7331  0 
 7332  0 
 7333  0 
 7334  0 
 7335  0 
 7336  0 
 7337  0 
 7338  0 
 7339  0 
 7340  0 
 7341  0 
 7342  0 
 7343  0 
 7344  0 
 7345  0 
 7346  0 
 7347  0 
 7348  0 
 7349  0 
 7350  0 
 7351  0 
 7352  0 
 7353  0 
 7354  0 
 7355  0 
 7356  0 
 7357  0 
 7358  0 
 7359  0 
 7360  0 
 7361  0 
 7362  0 
 7363  0 
 7364  0 
 7365  0 
 7366  0 
 7367  0 
 7368  0 
 7369  0 
 7370  0 
 7371  0 
 7372  0 
 7373  0 
 7374  0 
 7375  0 
 7376  0 
 7377  0 
 7378  0 
 7379  0 
 7380  0 
 7381  0 
 7382  0 
 7383  0 
 7384  0 
 7385  0 
 7386  0 
 7387  0 
 7388  0 
 7389  0 
 7390  0 
 7391  0 
 7392  0 
 7393  0 
 7394  0 
 7395  0 
 7396  0 
 7397  0 
 7398  0 
 7399  0 
 7400  0 
 7401  0 
 7402  1 
 7403  0 
 7404  0 
 7405  0 
 7406  0 
 7407  0 
 7408  0 
 7409  0 
 7410  0 
 7411  0 
 7412  0 
 7413  0 
 7414  0 
 7415  0 
 7416  0 
 7417  0 
 7418  0 
 7419  0 
 7420  0 
 7421  0 
 7422  0 
 7423  0 
 7424  0 
 7425  0 
 7426  0 
 7427  0 
 7428  0 
 7429  0 
 7430  0 
 7431  0 
 7432  0 
 7433  1 
 7434  0 
 7435  0 
 7436  0 
 7437  0 
 7438  0 
 7439  0 
 7440  0 
 7441  0 
 7442  0 
 7443  0 
 7444  0 
 7445  0 
 7446  0 
 7447  0 
 7448  0 
 7449  0 
 7450  0 
 7451  0 
 7452  0 
 7453  0 
 7454  0 
 7455  0 
 7456  0 
 7457  0 
 7458  0 
 7459  0 
 7460  0 
 7461  0 
 7462  0 
 7463  0 
 7464  0 
 7465  0 
 7466  0 
 7467  0 
 7468  0 
 7469  0 
 7470  0 
 7471  0 
 7472  0 
 7473  0 
 7474  0 
 7475  0 
 7476  0 
 7477  0 
 7478  0 
 7479  0 
 7480  0 
 7481  0 
 7482  0 
 7483  0 
 7484  0 
 7485  0 
 7486  0 
 7487  0 
 7488  0 
 7489  0 
 7490  0 
 7491  0 
 7492  0 
 7493  0 
 7494  0 
 7495  0 
 7496  0 
 7497  0 
 7498  0 
 7499  1 
 7500  0 
 7501  0 
 7502  0 
 7503  0 
 7504  0 
 7505  0 
 7506  0 
 7507  0 
 7508  0 
 7509  0 
 7510  0 
 7511  0 
 7512  0 
 7513  0 
 7514  0 
 7515  0 
 7516  0 
 7517  0 
 7518  0 
 7519  0 
 7520  0 
 7521  0 
 7522  0 
 7523  0 
 7524  0 
 7525  0 
 7526  0 
 7527  0 
 7528  0 
 7529  0 
 7530  0 
 7531  0 
 7532  0 
 7533  0 
 7534  0 
 7535  0 
 7536  0 
 7537  0 
 7538  0 
 7539  0 
 7540  0 
 7541  0 
 7542  0 
 7543  0 
 7544  0 
 7545  0 
 7546  0 
 7547  0 
 7548  0 
 7549  0 
 7550  0 
 7551  0 
 7552  0 
 7553  0 
 7554  0 
 7555  0 
 7556  0 
 7557  0 
 7558  0 
 7559  1 
 7560  1 
 7561  0 
 7562  0 
 7563  0 
 7564  0 
 7565  0 
 7566  0 
 7567  0 
 7568  0 
 7569  1 
 7570  0 
 7571  0 
 7572  0 
 7573  0 
 7574  0 
 7575  0 
 7576  0 
 7577  0 
 7578  0 
 7579  0 
 7580  0 
 7581  0 
 7582  0 
 7583  0 
 7584  0 
 7585  0 
 7586  0 
 7587  0 
 7588  0 
 7589  0 
 7590  0 
 7591  0 
 7592  0 
 7593  0 
 7594  0 
 7595  0 
 7596  0 
 7597  0 
 7598  0 
 7599  0 
 7600  0 
 7601  0 
 7602  0 
 7603  0 
 7604  0 
 7605  0 
 7606  0 
 7607  0 
 7608  0 
 7609  0 
 7610  0 
 7611  0 
 7612  0 
 7613  0 
 7614  0 
 7615  0 
 7616  0 
 7617  0 
 7618  0 
 7619  0 
 7620  0 
 7621  0 
 7622  0 
 7623  0 
 7624  0 
 7625  0 
 7626  0 
 7627  0 
 7628  0 
 7629  0 
 7630  0 
 7631  0 
 7632  0 
 7633  0 
 7634  0 
 7635  0 
 7636  0 
 7637  0 
 7638  0 
 7639  0 
 7640  0 
 7641  0 
 7642  0 
 7643  0 
 7644  0 
 7645  0 
 7646  0 
 7647  0 
 7648  0 
 7649  0 
 7650  0 
 7651  0 
 7652  0 
 7653  0 
 7654  0 
 7655  0 
 7656  0 
 7657  0 
 7658  0 
 7659  0 
 7660  0 
 7661  0 
 7662  0 
 7663  0 
 7664  0 
 7665  0 
 7666  0 
 7667  0 
 7668  0 
 7669  0 
 7670  0 
 7671  0 
 7672  0 
 7673  0 
 7674  0 
 7675  0 
 7676  0 
 7677  0 
 7678  0 
 7679  0 
 7680  0 
 7681  0 
 7682  0 
 7683  0 
 7684  0 
 7685  0 
 7686  0 
 7687  0 
 7688  0 
 7689  0 
 7690  0 
 7691  0 
 7692  0 
 7693  0 
 7694  0 
 7695  0 
 7696  0 
 7697  0 
 7698  0 
 7699  0 
 7700  0 
 7701  0 
 7702  0 
 7703  0 
 7704  0 
 7705  0 
 7706  0 
 7707  0 
 7708  0 
 7709  0 
 7710  0 
 7711  0 
 7712  0 
 7713  0 
 7714  0 
 7715  0 
 7716  0 
 7717  0 
 7718  0 
 7719  0 
 7720  0 
 7721  0 
 7722  0 
 7723  0 
 7724  0 
 7725  0 
 7726  0 
 7727  0 
 7728  0 
 7729  0 
 7730  0 
 7731  0 
 7732  0 
 7733  0 
 7734  0 
 7735  0 
 7736  0 
 7737  0 
 7738  0 
 7739  0 
 7740  0 
 7741  0 
 7742  0 
 7743  0 
 7744  0 
 7745  0 
 7746  0 
 7747  0 
 7748  0 
 7749  0 
 7750  0 
 7751  0 
 7752  0 
 7753  0 
 7754  0 
 7755  0 
 7756  0 
 7757  0 
 7758  0 
 7759  0 
 7760  0 
 7761  0 
 7762  0 
 7763  0 
 7764  0 
 7765  0 
 7766  0 
 7767  0 
 7768  0 
 7769  0 
 7770  0 
 7771  0 
 7772  0 
 7773  0 
 7774  0 
 7775  0 
 7776  0 
 7777  0 
 7778  0 
 7779  0 
 7780  0 
 7781  0 
 7782  0 
 7783  0 
 7784  0 
 7785  0 
 7786  0 
 7787  0 
 7788  0 
 7789  0 
 7790  0 
 7791  0 
 7792  0 
 7793  0 
 7794  0 
 7795  0 
 7796  0 
 7797  0 
 7798  0 
 7799  0 
 7800  0 
 7801  0 
 7802  0 
 7803  0 
 7804  0 
 7805  0 
 7806  0 
 7807  0 
 7808  0 
 7809  0 
 7810  0 
 7811  0 
 7812  0 
 7813  0 
 7814  0 
 7815  0 
 7816  0 
 7817  0 
 7818  0 
 7819  0 
 7820  0 
 7821  0 
 7822  0 
 7823  0 
 7824  0 
 7825  0 
 7826  0 
 7827  0 
 7828  0 
 7829  0 
 7830  0 
 7831  0 
 7832  0 
 7833  0 
 7834  0 
 7835  0 
 7836  0 
 7837  0 
 7838  0 
 7839  0 
 7840  0 
 7841  0 
 7842  0 
 7843  0 
 7844  0 
 7845  0 
 7846  0 
 7847  0 
 7848  0 
 7849  0 
 7850  0 
 7851  0 
 7852  0 
 7853  0 
 7854  0 
 7855  0 
 7856  0 
 7857  0 
 7858  0 
 7859  0 
 7860  0 
 7861  0 
 7862  0 
 7863  0 
 7864  0 
 7865  0 
 7866  0 
 7867  0 
 7868  0 
 7869  0 
 7870  0 
 7871  0 
 7872  0 
 7873  0 
 7874  0 
 7875  0 
 7876  0 
 7877  0 
 7878  0 
 7879  0 
 7880  0 
 7881  0 
 7882  0 
 7883  0 
 7884  0 
 7885  0 
 7886  0 
 7887  0 
 7888  0 
 7889  0 
 7890  0 
 7891  0 
 7892  0 
 7893  0 
 7894  0 
 7895  0 
 7896  0 
 7897  0 
 7898  0 
 7899  0 
 7900  0 
 7901  0 
 7902  0 
 7903  0 
 7904  0 
 7905  0 
 7906  0 
 7907  0 
 7908  0 
 7909  0 
 7910  0 
 7911  0 
 7912  0 
 7913  0 
 7914  0 
 7915  0 
 7916  0 
 7917  0 
 7918  0 
 7919  0 
 7920  0 
 7921  0 
 7922  0 
 7923  0 
 7924  0 
 7925  0 
 7926  0 
 7927  0 
 7928  0 
 7929  0 
 7930  0 
 7931  0 
 7932  0 
 7933  0 
 7934  0 
 7935  0 
 7936  0 
 7937  0 
 7938  0 
 7939  0 
 7940  0 
 7941  0 
 7942  0 
 7943  0 
 7944  0 
 7945  0 
 7946  0 
 7947  0 
 7948  0 
 7949  0 
 7950  0 
 7951  0 
 7952  0 
 7953  0 
 7954  0 
 7955  0 
 7956  0 
 7957  0 
 7958  0 
 7959  0 
 7960  0 
 7961  0 
 7962  0 
 7963  0 
 7964  0 
 7965  0 
 7966  0 
 7967  0 
 7968  0 
 7969  0 
 7970  0 
 7971  0 
 7972  0 
 7973  0 
 7974  0 
 7975  0 
 7976  0 
 7977  0 
 7978  0 
 7979  0 
 7980  0 
 7981  0 
 7982  0 
 7983  0 
 7984  0 
 7985  0 
 7986  0 
 7987  0 
 7988  0 
 7989  0 
 7990  0 
 7991  0 
 7992  0 
 7993  0 
 7994  0 
 7995  0 
 7996  0 
 7997  0 
 7998  0 
 7999  0 
 8000  0 
 8001  0 
 8002  0 
 8003  0 
 8004  0 
 8005  0 
 8006  0 
 8007  0 
 8008  0 
 8009  0 
 8010  0 
 8011  0 
 8012  0 
 8013  0 
 8014  0 
 8015  0 
 8016  0 
 8017  0 
 8018  0 
 8019  0 
 8020  0 
 8021  0 
 8022  0 
 8023  0 
 8024  0 
 8025  0 
 8026  0 
 8027  0 
 8028  0 
 8029  0 
 8030  0 
 8031  0 
 8032  0 
 8033  0 
 8034  0 
 8035  0 
 8036  0 
 8037  0 
 8038  0 
 8039  0 
 8040  0 
 8041  0 
 8042  0 
 8043  0 
 8044  0 
 8045  0 
 8046  0 
 8047  0 
 8048  0 
 8049  0 
 8050  0 
 8051  0 
 8052  0 
 8053  0 
 8054  0 
 8055  0 
 8056  0 
 8057  0 
 8058  0 
 8059  0 
 8060  0 
 8061  0 
 8062  0 
 8063  0 
 8064  0 
 8065  0 
 8066  0 
 8067  0 
 8068  0 
 8069  0 
 8070  0 
 8071  0 
 8072  0 
 8073  0 
 8074  0 
 8075  0 
 8076  0 
 8077  0 
 8078  0 
 8079  1 
 8080  0 
 8081  0 
 8082  0 
 8083  0 
 8084  0 
 8085  0 
 8086  0 
 8087  0 
 8088  0 
 8089  0 
 8090  0 
 8091  0 
 8092  0 
 8093  0 
 8094  0 
 8095  0 
 8096  0 
 8097  0 
 8098  0 
 8099  0 
 8100  0 
 8101  0 
 8102  0 
 8103  0 
 8104  0 
 8105  0 
 8106  0 
 8107  0 
 8108  0 
 8109  0 
 8110  0 
 8111  0 
 8112  0 
 8113  0 
 8114  0 
 8115  0 
 8116  0 
 8117  0 
 8118  0 
 8119  0 
 8120  0 
 8121  0 
 8122  0 
 8123  0 
 8124  0 
 8125  0 
 8126  0 
 8127  0 
 8128  0 
 8129  0 
 8130  0 
 8131  0 
 8132  0 
 8133  0 
 8134  0 
 8135  0 
 8136  0 
 8137  0 
 8138  0 
 8139  0 
 8140  0 
 8141  0 
 8142  0 
 8143  0 
 8144  0 
 8145  0 
 8146  0 
 8147  0 
 8148  0 
 8149  0 
 8150  0 
 8151  0 
 8152  0 
 8153  0 
 8154  0 
 8155  0 
 8156  0 
 8157  0 
 8158  0 
 8159  0 
 8160  0 
 8161  0 
 8162  0 
 8163  0 
 8164  0 
 8165  0 
 8166  0 
 8167  0 
 8168  0 
 8169  0 
 8170  0 
 8171  0 
 8172  0 
 8173  0 
 8174  0 
 8175  0 
 8176  0 
 8177  0 
 8178  0 
 8179  0 
 8180  0 
 8181  0 
 8182  0 
 8183  0 
 8184  0 
 8185  0 
 8186  0 
 8187  0 
 8188  0 
 8189  0 
 8190  0 
 8191  0 
