 0  624 
 1  632 
 2  0 
 3  0 
 4  0 
 5  0 
 6  0 
 7  0 
 8  0 
 9  0 
 10  0 
 11  0 
 12  0 
 13  0 
 14  0 
 15  0 
 16  0 
 17  0 
 18  0 
 19  0 
 20  0 
 21  0 
 22  0 
 23  0 
 24  0 
 25  0 
 26  0 
 27  0 
 28  0 
 29  0 
 30  0 
 31  0 
 32  0 
 33  0 
 34  0 
 35  0 
 36  0 
 37  0 
 38  0 
 39  0 
 40  0 
 41  0 
 42  0 
 43  0 
 44  0 
 45  0 
 46  0 
 47  0 
 48  0 
 49  0 
 50  0 
 51  0 
 52  0 
 53  0 
 54  0 
 55  0 
 56  0 
 57  0 
 58  0 
 59  0 
 60  0 
 61  0 
 62  0 
 63  0 
 64  0 
 65  0 
 66  0 
 67  0 
 68  0 
 69  0 
 70  0 
 71  0 
 72  0 
 73  0 
 74  0 
 75  0 
 76  0 
 77  0 
 78  0 
 79  0 
 80  0 
 81  0 
 82  0 
 83  0 
 84  0 
 85  0 
 86  0 
 87  0 
 88  0 
 89  0 
 90  0 
 91  0 
 92  0 
 93  0 
 94  0 
 95  0 
 96  0 
 97  0 
 98  0 
 99  0 
 100  0 
 101  0 
 102  0 
 103  0 
 104  0 
 105  0 
 106  0 
 107  0 
 108  0 
 109  0 
 110  0 
 111  0 
 112  0 
 113  0 
 114  0 
 115  0 
 116  0 
 117  0 
 118  0 
 119  0 
 120  0 
 121  0 
 122  0 
 123  0 
 124  0 
 125  0 
 126  0 
 127  0 
 128  0 
 129  0 
 130  0 
 131  0 
 132  0 
 133  0 
 134  0 
 135  0 
 136  0 
 137  0 
 138  0 
 139  0 
 140  0 
 141  0 
 142  0 
 143  0 
 144  0 
 145  0 
 146  0 
 147  0 
 148  0 
 149  0 
 150  0 
 151  0 
 152  0 
 153  0 
 154  0 
 155  0 
 156  0 
 157  0 
 158  0 
 159  0 
 160  0 
 161  0 
 162  0 
 163  0 
 164  0 
 165  0 
 166  0 
 167  0 
 168  0 
 169  0 
 170  0 
 171  0 
 172  0 
 173  0 
 174  0 
 175  0 
 176  0 
 177  0 
 178  0 
 179  0 
 180  0 
 181  0 
 182  0 
 183  0 
 184  0 
 185  0 
 186  0 
 187  0 
 188  0 
 189  0 
 190  0 
 191  0 
 192  0 
 193  0 
 194  0 
 195  0 
 196  0 
 197  0 
 198  0 
 199  0 
 200  0 
 201  0 
 202  0 
 203  0 
 204  0 
 205  0 
 206  0 
 207  0 
 208  0 
 209  0 
 210  0 
 211  0 
 212  0 
 213  0 
 214  0 
 215  0 
 216  0 
 217  0 
 218  0 
 219  0 
 220  0 
 221  0 
 222  0 
 223  0 
 224  0 
 225  0 
 226  0 
 227  0 
 228  0 
 229  0 
 230  0 
 231  0 
 232  0 
 233  0 
 234  0 
 235  0 
 236  0 
 237  0 
 238  0 
 239  0 
 240  0 
 241  0 
 242  0 
 243  0 
 244  0 
 245  0 
 246  0 
 247  0 
 248  0 
 249  0 
 250  0 
 251  0 
 252  0 
 253  0 
 254  0 
 255  0 
 256  0 
 257  0 
 258  0 
 259  0 
 260  0 
 261  0 
 262  0 
 263  0 
 264  0 
 265  0 
 266  0 
 267  0 
 268  0 
 269  0 
 270  0 
 271  0 
 272  0 
 273  0 
 274  0 
 275  0 
 276  0 
 277  0 
 278  0 
 279  0 
 280  0 
 281  0 
 282  0 
 283  0 
 284  0 
 285  0 
 286  0 
 287  0 
 288  0 
 289  0 
 290  0 
 291  0 
 292  0 
 293  0 
 294  0 
 295  0 
 296  0 
 297  0 
 298  0 
 299  0 
 300  0 
 301  0 
 302  0 
 303  0 
 304  0 
 305  0 
 306  0 
 307  0 
 308  0 
 309  0 
 310  0 
 311  0 
 312  0 
 313  0 
 314  0 
 315  0 
 316  0 
 317  0 
 318  0 
 319  0 
 320  0 
 321  0 
 322  0 
 323  0 
 324  0 
 325  0 
 326  0 
 327  0 
 328  0 
 329  0 
 330  0 
 331  0 
 332  0 
 333  0 
 334  0 
 335  0 
 336  0 
 337  0 
 338  0 
 339  0 
 340  0 
 341  0 
 342  0 
 343  0 
 344  0 
 345  0 
 346  0 
 347  0 
 348  0 
 349  0 
 350  0 
 351  0 
 352  0 
 353  0 
 354  0 
 355  0 
 356  0 
 357  0 
 358  0 
 359  0 
 360  0 
 361  0 
 362  0 
 363  0 
 364  0 
 365  0 
 366  0 
 367  0 
 368  0 
 369  0 
 370  0 
 371  0 
 372  0 
 373  0 
 374  0 
 375  0 
 376  0 
 377  0 
 378  0 
 379  0 
 380  0 
 381  0 
 382  0 
 383  0 
 384  0 
 385  0 
 386  0 
 387  0 
 388  0 
 389  0 
 390  0 
 391  0 
 392  0 
 393  0 
 394  0 
 395  0 
 396  0 
 397  0 
 398  0 
 399  0 
 400  0 
 401  0 
 402  0 
 403  0 
 404  0 
 405  0 
 406  0 
 407  0 
 408  0 
 409  0 
 410  0 
 411  0 
 412  0 
 413  0 
 414  0 
 415  0 
 416  0 
 417  0 
 418  0 
 419  0 
 420  0 
 421  0 
 422  0 
 423  0 
 424  0 
 425  0 
 426  0 
 427  0 
 428  0 
 429  0 
 430  0 
 431  0 
 432  0 
 433  0 
 434  0 
 435  0 
 436  0 
 437  0 
 438  0 
 439  0 
 440  0 
 441  0 
 442  0 
 443  0 
 444  0 
 445  0 
 446  0 
 447  0 
 448  0 
 449  0 
 450  0 
 451  0 
 452  0 
 453  0 
 454  0 
 455  0 
 456  0 
 457  0 
 458  0 
 459  0 
 460  0 
 461  0 
 462  0 
 463  0 
 464  0 
 465  0 
 466  0 
 467  0 
 468  0 
 469  0 
 470  0 
 471  0 
 472  0 
 473  0 
 474  0 
 475  0 
 476  0 
 477  0 
 478  0 
 479  0 
 480  0 
 481  0 
 482  0 
 483  0 
 484  0 
 485  1 
 486  0 
 487  14 
 488  31 
 489  33 
 490  27 
 491  35 
 492  42 
 493  33 
 494  31 
 495  32 
 496  25 
 497  31 
 498  29 
 499  33 
 500  38 
 501  36 
 502  27 
 503  39 
 504  32 
 505  33 
 506  26 
 507  37 
 508  35 
 509  38 
 510  36 
 511  21 
 512  29 
 513  22 
 514  31 
 515  23 
 516  31 
 517  35 
 518  36 
 519  23 
 520  29 
 521  23 
 522  31 
 523  24 
 524  30 
 525  32 
 526  38 
 527  35 
 528  34 
 529  32 
 530  26 
 531  37 
 532  27 
 533  27 
 534  23 
 535  17 
 536  41 
 537  34 
 538  29 
 539  42 
 540  33 
 541  30 
 542  34 
 543  19 
 544  19 
 545  25 
 546  25 
 547  33 
 548  24 
 549  33 
 550  36 
 551  28 
 552  34 
 553  24 
 554  26 
 555  27 
 556  30 
 557  40 
 558  24 
 559  41 
 560  25 
 561  27 
 562  22 
 563  25 
 564  25 
 565  30 
 566  35 
 567  25 
 568  34 
 569  27 
 570  21 
 571  28 
 572  28 
 573  34 
 574  32 
 575  22 
 576  26 
 577  28 
 578  34 
 579  36 
 580  27 
 581  30 
 582  26 
 583  36 
 584  33 
 585  35 
 586  29 
 587  24 
 588  26 
 589  30 
 590  27 
 591  28 
 592  33 
 593  34 
 594  26 
 595  17 
 596  32 
 597  33 
 598  20 
 599  33 
 600  26 
 601  20 
 602  22 
 603  29 
 604  30 
 605  33 
 606  35 
 607  24 
 608  28 
 609  32 
 610  18 
 611  26 
 612  28 
 613  39 
 614  30 
 615  36 
 616  35 
 617  43 
 618  25 
 619  35 
 620  28 
 621  24 
 622  23 
 623  25 
 624  17 
 625  29 
 626  20 
 627  25 
 628  37 
 629  35 
 630  26 
 631  27 
 632  30 
 633  24 
 634  26 
 635  24 
 636  18 
 637  33 
 638  32 
 639  22 
 640  28 
 641  28 
 642  34 
 643  25 
 644  30 
 645  33 
 646  24 
 647  25 
 648  23 
 649  18 
 650  25 
 651  24 
 652  33 
 653  19 
 654  26 
 655  18 
 656  23 
 657  31 
 658  23 
 659  32 
 660  24 
 661  29 
 662  28 
 663  29 
 664  25 
 665  26 
 666  33 
 667  27 
 668  36 
 669  36 
 670  32 
 671  21 
 672  26 
 673  16 
 674  31 
 675  33 
 676  30 
 677  25 
 678  19 
 679  32 
 680  32 
 681  22 
 682  29 
 683  27 
 684  25 
 685  26 
 686  29 
 687  22 
 688  30 
 689  28 
 690  27 
 691  21 
 692  32 
 693  34 
 694  22 
 695  26 
 696  30 
 697  27 
 698  24 
 699  20 
 700  29 
 701  33 
 702  24 
 703  33 
 704  28 
 705  27 
 706  27 
 707  33 
 708  32 
 709  32 
 710  20 
 711  22 
 712  29 
 713  33 
 714  28 
 715  30 
 716  23 
 717  31 
 718  33 
 719  29 
 720  41 
 721  29 
 722  28 
 723  22 
 724  20 
 725  25 
 726  23 
 727  19 
 728  30 
 729  33 
 730  22 
 731  27 
 732  28 
 733  31 
 734  16 
 735  23 
 736  21 
 737  19 
 738  21 
 739  30 
 740  26 
 741  23 
 742  27 
 743  36 
 744  22 
 745  25 
 746  24 
 747  28 
 748  24 
 749  18 
 750  28 
 751  23 
 752  29 
 753  28 
 754  26 
 755  22 
 756  22 
 757  19 
 758  29 
 759  17 
 760  28 
 761  36 
 762  20 
 763  28 
 764  29 
 765  20 
 766  22 
 767  20 
 768  34 
 769  26 
 770  15 
 771  22 
 772  20 
 773  24 
 774  34 
 775  23 
 776  26 
 777  30 
 778  28 
 779  23 
 780  20 
 781  30 
 782  37 
 783  22 
 784  34 
 785  29 
 786  15 
 787  24 
 788  17 
 789  31 
 790  23 
 791  21 
 792  28 
 793  22 
 794  23 
 795  28 
 796  25 
 797  20 
 798  26 
 799  23 
 800  29 
 801  33 
 802  21 
 803  25 
 804  27 
 805  27 
 806  17 
 807  26 
 808  26 
 809  23 
 810  20 
 811  20 
 812  29 
 813  16 
 814  18 
 815  26 
 816  30 
 817  29 
 818  31 
 819  23 
 820  31 
 821  20 
 822  34 
 823  18 
 824  22 
 825  26 
 826  29 
 827  22 
 828  26 
 829  26 
 830  23 
 831  28 
 832  22 
 833  27 
 834  31 
 835  11 
 836  26 
 837  32 
 838  35 
 839  17 
 840  14 
 841  32 
 842  18 
 843  14 
 844  19 
 845  24 
 846  34 
 847  16 
 848  20 
 849  28 
 850  25 
 851  12 
 852  18 
 853  27 
 854  22 
 855  18 
 856  16 
 857  16 
 858  24 
 859  37 
 860  29 
 861  17 
 862  26 
 863  26 
 864  24 
 865  22 
 866  26 
 867  23 
 868  26 
 869  32 
 870  20 
 871  35 
 872  21 
 873  22 
 874  26 
 875  17 
 876  26 
 877  15 
 878  26 
 879  33 
 880  16 
 881  21 
 882  15 
 883  24 
 884  26 
 885  27 
 886  26 
 887  17 
 888  16 
 889  22 
 890  16 
 891  21 
 892  22 
 893  28 
 894  25 
 895  31 
 896  27 
 897  25 
 898  26 
 899  24 
 900  14 
 901  28 
 902  22 
 903  27 
 904  15 
 905  24 
 906  22 
 907  13 
 908  20 
 909  29 
 910  29 
 911  27 
 912  19 
 913  22 
 914  21 
 915  18 
 916  27 
 917  21 
 918  26 
 919  23 
 920  20 
 921  23 
 922  29 
 923  16 
 924  22 
 925  33 
 926  21 
 927  23 
 928  20 
 929  21 
 930  21 
 931  22 
 932  19 
 933  26 
 934  19 
 935  24 
 936  27 
 937  17 
 938  23 
 939  16 
 940  25 
 941  26 
 942  23 
 943  22 
 944  22 
 945  20 
 946  18 
 947  18 
 948  17 
 949  23 
 950  15 
 951  17 
 952  16 
 953  33 
 954  19 
 955  28 
 956  15 
 957  20 
 958  23 
 959  21 
 960  25 
 961  27 
 962  25 
 963  26 
 964  23 
 965  34 
 966  23 
 967  16 
 968  24 
 969  19 
 970  16 
 971  16 
 972  22 
 973  33 
 974  30 
 975  30 
 976  17 
 977  28 
 978  22 
 979  28 
 980  23 
 981  16 
 982  28 
 983  21 
 984  18 
 985  16 
 986  20 
 987  21 
 988  19 
 989  16 
 990  21 
 991  28 
 992  24 
 993  22 
 994  31 
 995  13 
 996  24 
 997  22 
 998  22 
 999  15 
 1000  18 
 1001  20 
 1002  15 
 1003  22 
 1004  17 
 1005  17 
 1006  21 
 1007  16 
 1008  16 
 1009  21 
 1010  23 
 1011  22 
 1012  16 
 1013  40 
 1014  26 
 1015  30 
 1016  19 
 1017  20 
 1018  24 
 1019  19 
 1020  24 
 1021  31 
 1022  26 
 1023  17 
 1024  23 
 1025  27 
 1026  18 
 1027  19 
 1028  23 
 1029  23 
 1030  18 
 1031  20 
 1032  21 
 1033  22 
 1034  18 
 1035  29 
 1036  17 
 1037  20 
 1038  17 
 1039  20 
 1040  20 
 1041  39 
 1042  19 
 1043  19 
 1044  27 
 1045  22 
 1046  20 
 1047  18 
 1048  30 
 1049  17 
 1050  21 
 1051  15 
 1052  17 
 1053  20 
 1054  18 
 1055  25 
 1056  14 
 1057  24 
 1058  15 
 1059  16 
 1060  21 
 1061  30 
 1062  18 
 1063  23 
 1064  17 
 1065  22 
 1066  20 
 1067  21 
 1068  25 
 1069  17 
 1070  15 
 1071  23 
 1072  26 
 1073  26 
 1074  14 
 1075  23 
 1076  18 
 1077  12 
 1078  23 
 1079  21 
 1080  13 
 1081  15 
 1082  23 
 1083  23 
 1084  13 
 1085  25 
 1086  10 
 1087  26 
 1088  22 
 1089  20 
 1090  21 
 1091  16 
 1092  17 
 1093  26 
 1094  26 
 1095  16 
 1096  23 
 1097  14 
 1098  16 
 1099  25 
 1100  21 
 1101  24 
 1102  24 
 1103  9 
 1104  25 
 1105  37 
 1106  18 
 1107  14 
 1108  20 
 1109  26 
 1110  17 
 1111  24 
 1112  23 
 1113  13 
 1114  29 
 1115  17 
 1116  18 
 1117  24 
 1118  22 
 1119  16 
 1120  17 
 1121  25 
 1122  21 
 1123  28 
 1124  21 
 1125  11 
 1126  16 
 1127  22 
 1128  17 
 1129  27 
 1130  17 
 1131  22 
 1132  21 
 1133  24 
 1134  23 
 1135  25 
 1136  24 
 1137  20 
 1138  18 
 1139  26 
 1140  19 
 1141  22 
 1142  22 
 1143  23 
 1144  21 
 1145  15 
 1146  18 
 1147  24 
 1148  14 
 1149  22 
 1150  15 
 1151  14 
 1152  15 
 1153  12 
 1154  27 
 1155  18 
 1156  23 
 1157  21 
 1158  12 
 1159  12 
 1160  19 
 1161  20 
 1162  23 
 1163  17 
 1164  22 
 1165  25 
 1166  20 
 1167  19 
 1168  18 
 1169  13 
 1170  18 
 1171  19 
 1172  17 
 1173  22 
 1174  15 
 1175  19 
 1176  22 
 1177  14 
 1178  23 
 1179  22 
 1180  17 
 1181  12 
 1182  10 
 1183  21 
 1184  23 
 1185  16 
 1186  14 
 1187  18 
 1188  15 
 1189  15 
 1190  17 
 1191  23 
 1192  16 
 1193  20 
 1194  17 
 1195  18 
 1196  19 
 1197  18 
 1198  25 
 1199  16 
 1200  13 
 1201  17 
 1202  15 
 1203  22 
 1204  11 
 1205  22 
 1206  22 
 1207  21 
 1208  17 
 1209  16 
 1210  16 
 1211  23 
 1212  17 
 1213  14 
 1214  17 
 1215  17 
 1216  21 
 1217  32 
 1218  15 
 1219  16 
 1220  16 
 1221  18 
 1222  14 
 1223  21 
 1224  15 
 1225  10 
 1226  16 
 1227  28 
 1228  23 
 1229  14 
 1230  23 
 1231  18 
 1232  19 
 1233  13 
 1234  19 
 1235  16 
 1236  15 
 1237  26 
 1238  20 
 1239  16 
 1240  20 
 1241  16 
 1242  26 
 1243  23 
 1244  23 
 1245  20 
 1246  19 
 1247  16 
 1248  22 
 1249  17 
 1250  18 
 1251  23 
 1252  17 
 1253  24 
 1254  16 
 1255  18 
 1256  21 
 1257  18 
 1258  22 
 1259  23 
 1260  12 
 1261  20 
 1262  25 
 1263  15 
 1264  17 
 1265  19 
 1266  9 
 1267  27 
 1268  14 
 1269  20 
 1270  15 
 1271  12 
 1272  22 
 1273  23 
 1274  16 
 1275  18 
 1276  25 
 1277  16 
 1278  15 
 1279  13 
 1280  20 
 1281  22 
 1282  18 
 1283  19 
 1284  15 
 1285  14 
 1286  17 
 1287  16 
 1288  19 
 1289  17 
 1290  15 
 1291  20 
 1292  20 
 1293  22 
 1294  18 
 1295  20 
 1296  21 
 1297  25 
 1298  13 
 1299  18 
 1300  16 
 1301  16 
 1302  17 
 1303  20 
 1304  15 
 1305  20 
 1306  17 
 1307  14 
 1308  18 
 1309  19 
 1310  16 
 1311  16 
 1312  18 
 1313  15 
 1314  14 
 1315  14 
 1316  13 
 1317  20 
 1318  17 
 1319  12 
 1320  16 
 1321  12 
 1322  18 
 1323  17 
 1324  16 
 1325  16 
 1326  20 
 1327  15 
 1328  18 
 1329  28 
 1330  21 
 1331  16 
 1332  14 
 1333  17 
 1334  17 
 1335  21 
 1336  18 
 1337  16 
 1338  16 
 1339  16 
 1340  23 
 1341  26 
 1342  21 
 1343  14 
 1344  16 
 1345  22 
 1346  19 
 1347  25 
 1348  9 
 1349  15 
 1350  20 
 1351  14 
 1352  17 
 1353  15 
 1354  17 
 1355  20 
 1356  16 
 1357  10 
 1358  19 
 1359  13 
 1360  21 
 1361  18 
 1362  12 
 1363  22 
 1364  16 
 1365  13 
 1366  16 
 1367  22 
 1368  20 
 1369  15 
 1370  14 
 1371  11 
 1372  15 
 1373  14 
 1374  10 
 1375  17 
 1376  29 
 1377  12 
 1378  15 
 1379  20 
 1380  14 
 1381  13 
 1382  13 
 1383  16 
 1384  17 
 1385  15 
 1386  14 
 1387  21 
 1388  21 
 1389  15 
 1390  13 
 1391  17 
 1392  10 
 1393  18 
 1394  17 
 1395  15 
 1396  17 
 1397  21 
 1398  14 
 1399  12 
 1400  16 
 1401  15 
 1402  24 
 1403  26 
 1404  14 
 1405  17 
 1406  22 
 1407  13 
 1408  11 
 1409  14 
 1410  19 
 1411  18 
 1412  13 
 1413  17 
 1414  19 
 1415  16 
 1416  15 
 1417  20 
 1418  18 
 1419  17 
 1420  20 
 1421  19 
 1422  17 
 1423  12 
 1424  17 
 1425  18 
 1426  16 
 1427  8 
 1428  17 
 1429  21 
 1430  13 
 1431  18 
 1432  15 
 1433  13 
 1434  13 
 1435  19 
 1436  18 
 1437  17 
 1438  20 
 1439  16 
 1440  16 
 1441  15 
 1442  21 
 1443  18 
 1444  22 
 1445  20 
 1446  13 
 1447  16 
 1448  14 
 1449  23 
 1450  10 
 1451  14 
 1452  17 
 1453  10 
 1454  21 
 1455  10 
 1456  9 
 1457  11 
 1458  18 
 1459  16 
 1460  12 
 1461  16 
 1462  11 
 1463  13 
 1464  12 
 1465  12 
 1466  16 
 1467  9 
 1468  19 
 1469  20 
 1470  16 
 1471  17 
 1472  15 
 1473  19 
 1474  16 
 1475  18 
 1476  21 
 1477  12 
 1478  20 
 1479  25 
 1480  14 
 1481  21 
 1482  16 
 1483  17 
 1484  16 
 1485  15 
 1486  12 
 1487  18 
 1488  19 
 1489  9 
 1490  18 
 1491  9 
 1492  10 
 1493  21 
 1494  14 
 1495  10 
 1496  11 
 1497  17 
 1498  18 
 1499  21 
 1500  16 
 1501  14 
 1502  19 
 1503  15 
 1504  22 
 1505  15 
 1506  12 
 1507  22 
 1508  19 
 1509  13 
 1510  23 
 1511  17 
 1512  19 
 1513  13 
 1514  15 
 1515  14 
 1516  15 
 1517  11 
 1518  20 
 1519  12 
 1520  14 
 1521  17 
 1522  18 
 1523  14 
 1524  15 
 1525  17 
 1526  10 
 1527  10 
 1528  23 
 1529  9 
 1530  17 
 1531  17 
 1532  13 
 1533  16 
 1534  11 
 1535  14 
 1536  19 
 1537  12 
 1538  14 
 1539  12 
 1540  23 
 1541  10 
 1542  13 
 1543  11 
 1544  13 
 1545  14 
 1546  15 
 1547  21 
 1548  19 
 1549  18 
 1550  14 
 1551  13 
 1552  11 
 1553  18 
 1554  16 
 1555  8 
 1556  21 
 1557  20 
 1558  13 
 1559  16 
 1560  13 
 1561  20 
 1562  7 
 1563  15 
 1564  13 
 1565  14 
 1566  16 
 1567  19 
 1568  19 
 1569  14 
 1570  11 
 1571  12 
 1572  14 
 1573  21 
 1574  14 
 1575  16 
 1576  18 
 1577  12 
 1578  14 
 1579  14 
 1580  19 
 1581  15 
 1582  19 
 1583  15 
 1584  14 
 1585  13 
 1586  13 
 1587  19 
 1588  14 
 1589  18 
 1590  17 
 1591  16 
 1592  12 
 1593  17 
 1594  15 
 1595  19 
 1596  15 
 1597  14 
 1598  13 
 1599  15 
 1600  14 
 1601  13 
 1602  23 
 1603  15 
 1604  8 
 1605  25 
 1606  18 
 1607  21 
 1608  16 
 1609  11 
 1610  6 
 1611  18 
 1612  11 
 1613  8 
 1614  20 
 1615  11 
 1616  14 
 1617  15 
 1618  10 
 1619  12 
 1620  17 
 1621  12 
 1622  13 
 1623  18 
 1624  19 
 1625  7 
 1626  13 
 1627  8 
 1628  15 
 1629  17 
 1630  21 
 1631  16 
 1632  5 
 1633  9 
 1634  17 
 1635  11 
 1636  13 
 1637  17 
 1638  8 
 1639  14 
 1640  11 
 1641  15 
 1642  9 
 1643  18 
 1644  11 
 1645  15 
 1646  13 
 1647  17 
 1648  13 
 1649  19 
 1650  11 
 1651  6 
 1652  14 
 1653  17 
 1654  6 
 1655  12 
 1656  9 
 1657  17 
 1658  11 
 1659  15 
 1660  12 
 1661  17 
 1662  12 
 1663  10 
 1664  15 
 1665  21 
 1666  13 
 1667  12 
 1668  12 
 1669  6 
 1670  11 
 1671  15 
 1672  14 
 1673  23 
 1674  16 
 1675  10 
 1676  16 
 1677  17 
 1678  14 
 1679  13 
 1680  11 
 1681  9 
 1682  15 
 1683  18 
 1684  11 
 1685  12 
 1686  10 
 1687  11 
 1688  10 
 1689  11 
 1690  5 
 1691  11 
 1692  9 
 1693  14 
 1694  21 
 1695  13 
 1696  11 
 1697  13 
 1698  15 
 1699  13 
 1700  15 
 1701  22 
 1702  18 
 1703  10 
 1704  10 
 1705  9 
 1706  12 
 1707  6 
 1708  17 
 1709  8 
 1710  13 
 1711  7 
 1712  12 
 1713  13 
 1714  13 
 1715  13 
 1716  16 
 1717  19 
 1718  19 
 1719  11 
 1720  10 
 1721  15 
 1722  18 
 1723  14 
 1724  10 
 1725  10 
 1726  15 
 1727  11 
 1728  14 
 1729  14 
 1730  12 
 1731  13 
 1732  5 
 1733  7 
 1734  11 
 1735  13 
 1736  14 
 1737  14 
 1738  16 
 1739  11 
 1740  12 
 1741  8 
 1742  14 
 1743  12 
 1744  18 
 1745  9 
 1746  15 
 1747  15 
 1748  13 
 1749  10 
 1750  14 
 1751  11 
 1752  18 
 1753  16 
 1754  19 
 1755  9 
 1756  18 
 1757  16 
 1758  11 
 1759  13 
 1760  17 
 1761  11 
 1762  14 
 1763  10 
 1764  17 
 1765  10 
 1766  15 
 1767  10 
 1768  10 
 1769  10 
 1770  16 
 1771  12 
 1772  15 
 1773  15 
 1774  6 
 1775  22 
 1776  19 
 1777  16 
 1778  18 
 1779  16 
 1780  15 
 1781  10 
 1782  15 
 1783  14 
 1784  11 
 1785  16 
 1786  14 
 1787  13 
 1788  13 
 1789  15 
 1790  16 
 1791  15 
 1792  15 
 1793  14 
 1794  9 
 1795  8 
 1796  17 
 1797  11 
 1798  10 
 1799  9 
 1800  14 
 1801  21 
 1802  15 
 1803  16 
 1804  9 
 1805  11 
 1806  13 
 1807  14 
 1808  10 
 1809  13 
 1810  11 
 1811  14 
 1812  11 
 1813  11 
 1814  17 
 1815  9 
 1816  6 
 1817  4 
 1818  12 
 1819  17 
 1820  13 
 1821  12 
 1822  8 
 1823  11 
 1824  14 
 1825  15 
 1826  15 
 1827  8 
 1828  6 
 1829  9 
 1830  11 
 1831  7 
 1832  10 
 1833  13 
 1834  12 
 1835  13 
 1836  17 
 1837  13 
 1838  8 
 1839  11 
 1840  8 
 1841  7 
 1842  17 
 1843  16 
 1844  20 
 1845  10 
 1846  13 
 1847  19 
 1848  16 
 1849  11 
 1850  18 
 1851  11 
 1852  19 
 1853  11 
 1854  17 
 1855  12 
 1856  11 
 1857  11 
 1858  10 
 1859  16 
 1860  11 
 1861  15 
 1862  9 
 1863  14 
 1864  14 
 1865  9 
 1866  8 
 1867  10 
 1868  13 
 1869  18 
 1870  19 
 1871  12 
 1872  7 
 1873  19 
 1874  12 
 1875  11 
 1876  20 
 1877  9 
 1878  15 
 1879  15 
 1880  13 
 1881  10 
 1882  12 
 1883  13 
 1884  4 
 1885  16 
 1886  7 
 1887  12 
 1888  18 
 1889  11 
 1890  15 
 1891  16 
 1892  19 
 1893  7 
 1894  11 
 1895  13 
 1896  20 
 1897  17 
 1898  16 
 1899  8 
 1900  12 
 1901  10 
 1902  6 
 1903  19 
 1904  14 
 1905  19 
 1906  24 
 1907  11 
 1908  15 
 1909  10 
 1910  20 
 1911  12 
 1912  9 
 1913  13 
 1914  21 
 1915  14 
 1916  14 
 1917  22 
 1918  17 
 1919  11 
 1920  10 
 1921  19 
 1922  17 
 1923  13 
 1924  21 
 1925  14 
 1926  18 
 1927  15 
 1928  19 
 1929  21 
 1930  14 
 1931  21 
 1932  14 
 1933  15 
 1934  14 
 1935  21 
 1936  12 
 1937  14 
 1938  17 
 1939  15 
 1940  11 
 1941  15 
 1942  17 
 1943  19 
 1944  13 
 1945  11 
 1946  16 
 1947  12 
 1948  8 
 1949  21 
 1950  12 
 1951  10 
 1952  12 
 1953  18 
 1954  14 
 1955  14 
 1956  15 
 1957  16 
 1958  18 
 1959  15 
 1960  20 
 1961  15 
 1962  19 
 1963  18 
 1964  7 
 1965  16 
 1966  16 
 1967  14 
 1968  9 
 1969  18 
 1970  12 
 1971  4 
 1972  16 
 1973  18 
 1974  16 
 1975  9 
 1976  11 
 1977  20 
 1978  14 
 1979  13 
 1980  11 
 1981  10 
 1982  14 
 1983  6 
 1984  7 
 1985  9 
 1986  10 
 1987  13 
 1988  10 
 1989  9 
 1990  10 
 1991  13 
 1992  14 
 1993  15 
 1994  12 
 1995  15 
 1996  9 
 1997  15 
 1998  11 
 1999  13 
 2000  13 
 2001  14 
 2002  18 
 2003  8 
 2004  12 
 2005  7 
 2006  11 
 2007  12 
 2008  9 
 2009  11 
 2010  14 
 2011  11 
 2012  16 
 2013  14 
 2014  11 
 2015  13 
 2016  10 
 2017  8 
 2018  13 
 2019  11 
 2020  17 
 2021  14 
 2022  9 
 2023  8 
 2024  9 
 2025  17 
 2026  13 
 2027  8 
 2028  10 
 2029  5 
 2030  11 
 2031  19 
 2032  11 
 2033  16 
 2034  18 
 2035  12 
 2036  13 
 2037  13 
 2038  16 
 2039  15 
 2040  15 
 2041  16 
 2042  13 
 2043  17 
 2044  10 
 2045  10 
 2046  17 
 2047  14 
 2048  15 
 2049  12 
 2050  8 
 2051  8 
 2052  8 
 2053  15 
 2054  6 
 2055  15 
 2056  6 
 2057  9 
 2058  15 
 2059  7 
 2060  10 
 2061  8 
 2062  10 
 2063  9 
 2064  12 
 2065  12 
 2066  7 
 2067  12 
 2068  13 
 2069  12 
 2070  11 
 2071  9 
 2072  12 
 2073  13 
 2074  11 
 2075  9 
 2076  14 
 2077  13 
 2078  13 
 2079  10 
 2080  10 
 2081  11 
 2082  12 
 2083  8 
 2084  13 
 2085  15 
 2086  13 
 2087  14 
 2088  8 
 2089  5 
 2090  18 
 2091  13 
 2092  16 
 2093  9 
 2094  10 
 2095  7 
 2096  12 
 2097  10 
 2098  19 
 2099  11 
 2100  12 
 2101  14 
 2102  16 
 2103  5 
 2104  12 
 2105  7 
 2106  12 
 2107  15 
 2108  14 
 2109  3 
 2110  15 
 2111  8 
 2112  7 
 2113  4 
 2114  8 
 2115  8 
 2116  11 
 2117  6 
 2118  9 
 2119  8 
 2120  15 
 2121  5 
 2122  18 
 2123  10 
 2124  7 
 2125  8 
 2126  11 
 2127  8 
 2128  7 
 2129  9 
 2130  4 
 2131  14 
 2132  17 
 2133  9 
 2134  8 
 2135  6 
 2136  9 
 2137  15 
 2138  4 
 2139  3 
 2140  7 
 2141  11 
 2142  10 
 2143  11 
 2144  12 
 2145  13 
 2146  10 
 2147  12 
 2148  12 
 2149  10 
 2150  10 
 2151  13 
 2152  9 
 2153  9 
 2154  5 
 2155  10 
 2156  10 
 2157  5 
 2158  18 
 2159  12 
 2160  10 
 2161  16 
 2162  12 
 2163  12 
 2164  9 
 2165  9 
 2166  7 
 2167  12 
 2168  8 
 2169  12 
 2170  6 
 2171  17 
 2172  9 
 2173  14 
 2174  6 
 2175  11 
 2176  11 
 2177  9 
 2178  9 
 2179  13 
 2180  16 
 2181  6 
 2182  9 
 2183  13 
 2184  9 
 2185  8 
 2186  16 
 2187  12 
 2188  16 
 2189  7 
 2190  8 
 2191  13 
 2192  10 
 2193  10 
 2194  11 
 2195  10 
 2196  12 
 2197  14 
 2198  13 
 2199  17 
 2200  11 
 2201  13 
 2202  9 
 2203  11 
 2204  9 
 2205  7 
 2206  8 
 2207  4 
 2208  14 
 2209  16 
 2210  7 
 2211  9 
 2212  15 
 2213  7 
 2214  9 
 2215  7 
 2216  11 
 2217  9 
 2218  8 
 2219  11 
 2220  10 
 2221  8 
 2222  13 
 2223  7 
 2224  7 
 2225  8 
 2226  15 
 2227  11 
 2228  9 
 2229  16 
 2230  9 
 2231  8 
 2232  9 
 2233  17 
 2234  9 
 2235  9 
 2236  10 
 2237  8 
 2238  11 
 2239  8 
 2240  11 
 2241  13 
 2242  12 
 2243  11 
 2244  6 
 2245  10 
 2246  15 
 2247  12 
 2248  12 
 2249  10 
 2250  10 
 2251  8 
 2252  14 
 2253  13 
 2254  11 
 2255  15 
 2256  11 
 2257  12 
 2258  15 
 2259  9 
 2260  9 
 2261  13 
 2262  13 
 2263  6 
 2264  10 
 2265  9 
 2266  14 
 2267  11 
 2268  11 
 2269  8 
 2270  12 
 2271  10 
 2272  10 
 2273  12 
 2274  6 
 2275  5 
 2276  9 
 2277  12 
 2278  14 
 2279  13 
 2280  7 
 2281  14 
 2282  17 
 2283  13 
 2284  9 
 2285  12 
 2286  12 
 2287  13 
 2288  10 
 2289  14 
 2290  11 
 2291  12 
 2292  14 
 2293  12 
 2294  11 
 2295  14 
 2296  8 
 2297  8 
 2298  11 
 2299  17 
 2300  12 
 2301  16 
 2302  8 
 2303  8 
 2304  9 
 2305  10 
 2306  12 
 2307  8 
 2308  18 
 2309  7 
 2310  12 
 2311  15 
 2312  11 
 2313  8 
 2314  13 
 2315  13 
 2316  13 
 2317  6 
 2318  11 
 2319  9 
 2320  11 
 2321  13 
 2322  10 
 2323  17 
 2324  10 
 2325  7 
 2326  16 
 2327  8 
 2328  12 
 2329  7 
 2330  13 
 2331  10 
 2332  7 
 2333  11 
 2334  11 
 2335  11 
 2336  9 
 2337  14 
 2338  9 
 2339  13 
 2340  14 
 2341  8 
 2342  7 
 2343  13 
 2344  10 
 2345  9 
 2346  10 
 2347  7 
 2348  18 
 2349  12 
 2350  11 
 2351  7 
 2352  6 
 2353  10 
 2354  19 
 2355  15 
 2356  19 
 2357  16 
 2358  13 
 2359  10 
 2360  12 
 2361  9 
 2362  7 
 2363  19 
 2364  20 
 2365  11 
 2366  11 
 2367  14 
 2368  11 
 2369  7 
 2370  8 
 2371  11 
 2372  17 
 2373  18 
 2374  11 
 2375  17 
 2376  10 
 2377  9 
 2378  13 
 2379  15 
 2380  13 
 2381  12 
 2382  15 
 2383  13 
 2384  12 
 2385  6 
 2386  10 
 2387  6 
 2388  9 
 2389  8 
 2390  7 
 2391  15 
 2392  14 
 2393  15 
 2394  16 
 2395  9 
 2396  8 
 2397  10 
 2398  10 
 2399  9 
 2400  9 
 2401  14 
 2402  10 
 2403  8 
 2404  11 
 2405  13 
 2406  12 
 2407  13 
 2408  10 
 2409  6 
 2410  11 
 2411  12 
 2412  13 
 2413  11 
 2414  18 
 2415  7 
 2416  12 
 2417  9 
 2418  14 
 2419  12 
 2420  11 
 2421  9 
 2422  9 
 2423  13 
 2424  13 
 2425  10 
 2426  10 
 2427  16 
 2428  13 
 2429  18 
 2430  10 
 2431  9 
 2432  8 
 2433  12 
 2434  4 
 2435  11 
 2436  13 
 2437  9 
 2438  9 
 2439  10 
 2440  13 
 2441  10 
 2442  3 
 2443  16 
 2444  10 
 2445  12 
 2446  11 
 2447  10 
 2448  10 
 2449  12 
 2450  16 
 2451  5 
 2452  10 
 2453  6 
 2454  15 
 2455  14 
 2456  12 
 2457  13 
 2458  13 
 2459  6 
 2460  13 
 2461  11 
 2462  9 
 2463  14 
 2464  11 
 2465  7 
 2466  9 
 2467  10 
 2468  15 
 2469  12 
 2470  7 
 2471  3 
 2472  13 
 2473  9 
 2474  9 
 2475  10 
 2476  8 
 2477  15 
 2478  12 
 2479  14 
 2480  8 
 2481  17 
 2482  13 
 2483  10 
 2484  13 
 2485  13 
 2486  16 
 2487  16 
 2488  13 
 2489  9 
 2490  10 
 2491  8 
 2492  18 
 2493  5 
 2494  11 
 2495  15 
 2496  10 
 2497  9 
 2498  7 
 2499  14 
 2500  9 
 2501  14 
 2502  7 
 2503  13 
 2504  8 
 2505  8 
 2506  11 
 2507  10 
 2508  8 
 2509  15 
 2510  14 
 2511  8 
 2512  15 
 2513  7 
 2514  14 
 2515  9 
 2516  16 
 2517  5 
 2518  13 
 2519  11 
 2520  15 
 2521  11 
 2522  13 
 2523  10 
 2524  8 
 2525  11 
 2526  5 
 2527  8 
 2528  8 
 2529  10 
 2530  12 
 2531  12 
 2532  13 
 2533  9 
 2534  13 
 2535  14 
 2536  13 
 2537  7 
 2538  10 
 2539  10 
 2540  5 
 2541  9 
 2542  9 
 2543  10 
 2544  11 
 2545  9 
 2546  5 
 2547  16 
 2548  7 
 2549  13 
 2550  10 
 2551  10 
 2552  8 
 2553  13 
 2554  11 
 2555  12 
 2556  15 
 2557  9 
 2558  13 
 2559  10 
 2560  13 
 2561  15 
 2562  9 
 2563  11 
 2564  16 
 2565  15 
 2566  11 
 2567  11 
 2568  7 
 2569  13 
 2570  15 
 2571  8 
 2572  6 
 2573  10 
 2574  10 
 2575  9 
 2576  12 
 2577  12 
 2578  14 
 2579  7 
 2580  7 
 2581  16 
 2582  10 
 2583  16 
 2584  11 
 2585  16 
 2586  13 
 2587  14 
 2588  13 
 2589  11 
 2590  11 
 2591  15 
 2592  14 
 2593  12 
 2594  6 
 2595  12 
 2596  9 
 2597  15 
 2598  18 
 2599  11 
 2600  6 
 2601  12 
 2602  11 
 2603  11 
 2604  20 
 2605  19 
 2606  18 
 2607  13 
 2608  10 
 2609  12 
 2610  15 
 2611  12 
 2612  16 
 2613  20 
 2614  11 
 2615  12 
 2616  19 
 2617  12 
 2618  9 
 2619  5 
 2620  17 
 2621  8 
 2622  16 
 2623  12 
 2624  14 
 2625  17 
 2626  20 
 2627  19 
 2628  10 
 2629  16 
 2630  18 
 2631  17 
 2632  16 
 2633  20 
 2634  11 
 2635  14 
 2636  18 
 2637  22 
 2638  11 
 2639  18 
 2640  20 
 2641  10 
 2642  19 
 2643  20 
 2644  27 
 2645  20 
 2646  16 
 2647  23 
 2648  25 
 2649  20 
 2650  22 
 2651  19 
 2652  21 
 2653  16 
 2654  27 
 2655  26 
 2656  14 
 2657  22 
 2658  15 
 2659  24 
 2660  30 
 2661  15 
 2662  24 
 2663  31 
 2664  18 
 2665  21 
 2666  20 
 2667  20 
 2668  22 
 2669  18 
 2670  26 
 2671  27 
 2672  26 
 2673  23 
 2674  22 
 2675  28 
 2676  30 
 2677  28 
 2678  13 
 2679  15 
 2680  33 
 2681  23 
 2682  20 
 2683  26 
 2684  29 
 2685  15 
 2686  24 
 2687  21 
 2688  30 
 2689  23 
 2690  27 
 2691  21 
 2692  24 
 2693  22 
 2694  17 
 2695  22 
 2696  20 
 2697  14 
 2698  13 
 2699  24 
 2700  19 
 2701  18 
 2702  23 
 2703  19 
 2704  22 
 2705  13 
 2706  13 
 2707  16 
 2708  25 
 2709  22 
 2710  29 
 2711  26 
 2712  15 
 2713  17 
 2714  14 
 2715  17 
 2716  24 
 2717  25 
 2718  28 
 2719  20 
 2720  23 
 2721  32 
 2722  23 
 2723  28 
 2724  33 
 2725  23 
 2726  26 
 2727  43 
 2728  31 
 2729  36 
 2730  38 
 2731  28 
 2732  34 
 2733  39 
 2734  41 
 2735  47 
 2736  60 
 2737  54 
 2738  38 
 2739  39 
 2740  40 
 2741  54 
 2742  60 
 2743  70 
 2744  60 
 2745  48 
 2746  65 
 2747  75 
 2748  62 
 2749  67 
 2750  81 
 2751  72 
 2752  82 
 2753  72 
 2754  86 
 2755  96 
 2756  85 
 2757  85 
 2758  76 
 2759  112 
 2760  96 
 2761  128 
 2762  125 
 2763  119 
 2764  100 
 2765  130 
 2766  140 
 2767  135 
 2768  136 
 2769  119 
 2770  129 
 2771  135 
 2772  137 
 2773  145 
 2774  158 
 2775  147 
 2776  154 
 2777  151 
 2778  135 
 2779  153 
 2780  154 
 2781  152 
 2782  161 
 2783  141 
 2784  155 
 2785  165 
 2786  133 
 2787  109 
 2788  136 
 2789  122 
 2790  146 
 2791  132 
 2792  126 
 2793  111 
 2794  127 
 2795  124 
 2796  123 
 2797  105 
 2798  107 
 2799  79 
 2800  91 
 2801  97 
 2802  86 
 2803  97 
 2804  89 
 2805  85 
 2806  63 
 2807  61 
 2808  64 
 2809  64 
 2810  57 
 2811  51 
 2812  46 
 2813  48 
 2814  34 
 2815  44 
 2816  28 
 2817  34 
 2818  30 
 2819  23 
 2820  28 
 2821  30 
 2822  18 
 2823  19 
 2824  25 
 2825  16 
 2826  10 
 2827  13 
 2828  22 
 2829  16 
 2830  12 
 2831  16 
 2832  9 
 2833  18 
 2834  12 
 2835  10 
 2836  10 
 2837  19 
 2838  10 
 2839  14 
 2840  17 
 2841  16 
 2842  2 
 2843  10 
 2844  9 
 2845  16 
 2846  19 
 2847  8 
 2848  17 
 2849  15 
 2850  17 
 2851  14 
 2852  11 
 2853  11 
 2854  17 
 2855  13 
 2856  19 
 2857  13 
 2858  16 
 2859  20 
 2860  15 
 2861  13 
 2862  12 
 2863  12 
 2864  11 
 2865  22 
 2866  9 
 2867  15 
 2868  13 
 2869  14 
 2870  5 
 2871  15 
 2872  17 
 2873  18 
 2874  15 
 2875  14 
 2876  18 
 2877  17 
 2878  16 
 2879  14 
 2880  14 
 2881  18 
 2882  10 
 2883  15 
 2884  18 
 2885  12 
 2886  15 
 2887  19 
 2888  20 
 2889  10 
 2890  12 
 2891  11 
 2892  10 
 2893  14 
 2894  18 
 2895  16 
 2896  10 
 2897  17 
 2898  21 
 2899  14 
 2900  17 
 2901  11 
 2902  8 
 2903  17 
 2904  15 
 2905  15 
 2906  14 
 2907  10 
 2908  16 
 2909  12 
 2910  17 
 2911  15 
 2912  16 
 2913  14 
 2914  14 
 2915  15 
 2916  11 
 2917  16 
 2918  11 
 2919  16 
 2920  16 
 2921  13 
 2922  14 
 2923  12 
 2924  15 
 2925  14 
 2926  14 
 2927  18 
 2928  14 
 2929  17 
 2930  17 
 2931  14 
 2932  15 
 2933  11 
 2934  14 
 2935  8 
 2936  7 
 2937  17 
 2938  22 
 2939  15 
 2940  14 
 2941  14 
 2942  18 
 2943  11 
 2944  17 
 2945  14 
 2946  11 
 2947  18 
 2948  20 
 2949  9 
 2950  11 
 2951  19 
 2952  18 
 2953  18 
 2954  10 
 2955  9 
 2956  22 
 2957  15 
 2958  17 
 2959  15 
 2960  17 
 2961  16 
 2962  16 
 2963  15 
 2964  13 
 2965  17 
 2966  18 
 2967  16 
 2968  18 
 2969  15 
 2970  12 
 2971  22 
 2972  16 
 2973  15 
 2974  15 
 2975  16 
 2976  20 
 2977  19 
 2978  18 
 2979  12 
 2980  23 
 2981  18 
 2982  19 
 2983  26 
 2984  23 
 2985  16 
 2986  17 
 2987  19 
 2988  22 
 2989  27 
 2990  34 
 2991  27 
 2992  27 
 2993  27 
 2994  27 
 2995  24 
 2996  22 
 2997  25 
 2998  29 
 2999  25 
 3000  24 
 3001  29 
 3002  29 
 3003  35 
 3004  39 
 3005  26 
 3006  24 
 3007  37 
 3008  43 
 3009  39 
 3010  36 
 3011  43 
 3012  38 
 3013  34 
 3014  48 
 3015  47 
 3016  64 
 3017  52 
 3018  68 
 3019  51 
 3020  51 
 3021  70 
 3022  72 
 3023  69 
 3024  58 
 3025  81 
 3026  68 
 3027  88 
 3028  73 
 3029  87 
 3030  107 
 3031  102 
 3032  105 
 3033  92 
 3034  113 
 3035  143 
 3036  128 
 3037  115 
 3038  140 
 3039  149 
 3040  158 
 3041  188 
 3042  178 
 3043  186 
 3044  199 
 3045  210 
 3046  236 
 3047  265 
 3048  262 
 3049  258 
 3050  317 
 3051  299 
 3052  331 
 3053  387 
 3054  376 
 3055  431 
 3056  463 
 3057  450 
 3058  517 
 3059  558 
 3060  555 
 3061  631 
 3062  668 
 3063  706 
 3064  793 
 3065  894 
 3066  871 
 3067  1008 
 3068  1109 
 3069  1024 
 3070  1273 
 3071  1292 
 3072  1347 
 3073  1499 
 3074  1618 
 3075  1646 
 3076  1852 
 3077  1972 
 3078  2028 
 3079  2157 
 3080  2283 
 3081  2301 
 3082  2459 
 3083  2520 
 3084  2588 
 3085  2623 
 3086  2755 
 3087  2760 
 3088  2808 
 3089  2843 
 3090  2807 
 3091  2834 
 3092  2713 
 3093  2757 
 3094  2677 
 3095  2592 
 3096  2586 
 3097  2546 
 3098  2372 
 3099  2274 
 3100  2255 
 3101  2149 
 3102  2006 
 3103  1769 
 3104  1684 
 3105  1569 
 3106  1460 
 3107  1323 
 3108  1241 
 3109  1143 
 3110  980 
 3111  917 
 3112  800 
 3113  724 
 3114  633 
 3115  539 
 3116  519 
 3117  424 
 3118  370 
 3119  349 
 3120  290 
 3121  248 
 3122  201 
 3123  174 
 3124  166 
 3125  163 
 3126  96 
 3127  83 
 3128  81 
 3129  59 
 3130  80 
 3131  80 
 3132  62 
 3133  54 
 3134  45 
 3135  44 
 3136  34 
 3137  41 
 3138  31 
 3139  33 
 3140  32 
 3141  33 
 3142  39 
 3143  35 
 3144  42 
 3145  29 
 3146  28 
 3147  29 
 3148  24 
 3149  33 
 3150  23 
 3151  33 
 3152  28 
 3153  16 
 3154  21 
 3155  26 
 3156  22 
 3157  31 
 3158  20 
 3159  26 
 3160  24 
 3161  24 
 3162  33 
 3163  16 
 3164  39 
 3165  22 
 3166  21 
 3167  27 
 3168  25 
 3169  44 
 3170  26 
 3171  34 
 3172  41 
 3173  29 
 3174  33 
 3175  43 
 3176  44 
 3177  52 
 3178  38 
 3179  49 
 3180  57 
 3181  50 
 3182  51 
 3183  57 
 3184  59 
 3185  54 
 3186  75 
 3187  70 
 3188  91 
 3189  75 
 3190  79 
 3191  84 
 3192  70 
 3193  80 
 3194  88 
 3195  91 
 3196  78 
 3197  98 
 3198  82 
 3199  87 
 3200  82 
 3201  64 
 3202  82 
 3203  77 
 3204  81 
 3205  74 
 3206  73 
 3207  70 
 3208  65 
 3209  80 
 3210  77 
 3211  66 
 3212  57 
 3213  59 
 3214  48 
 3215  41 
 3216  38 
 3217  34 
 3218  33 
 3219  38 
 3220  37 
 3221  27 
 3222  34 
 3223  27 
 3224  17 
 3225  23 
 3226  15 
 3227  19 
 3228  10 
 3229  15 
 3230  15 
 3231  5 
 3232  8 
 3233  14 
 3234  10 
 3235  11 
 3236  16 
 3237  12 
 3238  11 
 3239  9 
 3240  8 
 3241  8 
 3242  15 
 3243  9 
 3244  10 
 3245  6 
 3246  10 
 3247  12 
 3248  12 
 3249  11 
 3250  17 
 3251  9 
 3252  19 
 3253  16 
 3254  11 
 3255  9 
 3256  17 
 3257  16 
 3258  6 
 3259  17 
 3260  18 
 3261  9 
 3262  20 
 3263  11 
 3264  17 
 3265  24 
 3266  13 
 3267  20 
 3268  12 
 3269  9 
 3270  10 
 3271  18 
 3272  21 
 3273  18 
 3274  21 
 3275  17 
 3276  19 
 3277  29 
 3278  22 
 3279  21 
 3280  14 
 3281  23 
 3282  27 
 3283  23 
 3284  35 
 3285  26 
 3286  41 
 3287  39 
 3288  24 
 3289  26 
 3290  41 
 3291  32 
 3292  41 
 3293  38 
 3294  41 
 3295  44 
 3296  45 
 3297  53 
 3298  50 
 3299  46 
 3300  56 
 3301  41 
 3302  55 
 3303  66 
 3304  78 
 3305  74 
 3306  71 
 3307  70 
 3308  73 
 3309  73 
 3310  79 
 3311  100 
 3312  123 
 3313  97 
 3314  98 
 3315  100 
 3316  97 
 3317  110 
 3318  111 
 3319  149 
 3320  156 
 3321  136 
 3322  158 
 3323  147 
 3324  156 
 3325  179 
 3326  182 
 3327  205 
 3328  200 
 3329  236 
 3330  235 
 3331  265 
 3332  264 
 3333  277 
 3334  312 
 3335  302 
 3336  313 
 3337  346 
 3338  355 
 3339  380 
 3340  414 
 3341  432 
 3342  450 
 3343  460 
 3344  460 
 3345  459 
 3346  445 
 3347  443 
 3348  505 
 3349  546 
 3350  553 
 3351  590 
 3352  583 
 3353  581 
 3354  636 
 3355  600 
 3356  674 
 3357  670 
 3358  686 
 3359  664 
 3360  766 
 3361  694 
 3362  723 
 3363  666 
 3364  763 
 3365  725 
 3366  733 
 3367  768 
 3368  775 
 3369  744 
 3370  736 
 3371  751 
 3372  745 
 3373  814 
 3374  759 
 3375  758 
 3376  701 
 3377  712 
 3378  606 
 3379  619 
 3380  637 
 3381  589 
 3382  556 
 3383  530 
 3384  557 
 3385  544 
 3386  460 
 3387  463 
 3388  422 
 3389  421 
 3390  355 
 3391  373 
 3392  326 
 3393  334 
 3394  267 
 3395  234 
 3396  227 
 3397  201 
 3398  192 
 3399  176 
 3400  176 
 3401  156 
 3402  133 
 3403  129 
 3404  104 
 3405  85 
 3406  74 
 3407  63 
 3408  64 
 3409  53 
 3410  53 
 3411  53 
 3412  38 
 3413  41 
 3414  42 
 3415  25 
 3416  12 
 3417  31 
 3418  19 
 3419  13 
 3420  17 
 3421  19 
 3422  16 
 3423  16 
 3424  14 
 3425  17 
 3426  19 
 3427  16 
 3428  14 
 3429  13 
 3430  24 
 3431  20 
 3432  14 
 3433  15 
 3434  29 
 3435  19 
 3436  31 
 3437  34 
 3438  33 
 3439  29 
 3440  29 
 3441  41 
 3442  41 
 3443  45 
 3444  36 
 3445  54 
 3446  54 
 3447  52 
 3448  53 
 3449  64 
 3450  59 
 3451  63 
 3452  79 
 3453  85 
 3454  66 
 3455  73 
 3456  88 
 3457  101 
 3458  79 
 3459  108 
 3460  95 
 3461  100 
 3462  88 
 3463  95 
 3464  96 
 3465  79 
 3466  82 
 3467  86 
 3468  91 
 3469  81 
 3470  74 
 3471  81 
 3472  56 
 3473  55 
 3474  54 
 3475  58 
 3476  52 
 3477  43 
 3478  50 
 3479  33 
 3480  44 
 3481  33 
 3482  32 
 3483  42 
 3484  41 
 3485  17 
 3486  31 
 3487  20 
 3488  20 
 3489  17 
 3490  15 
 3491  18 
 3492  17 
 3493  17 
 3494  11 
 3495  22 
 3496  13 
 3497  12 
 3498  16 
 3499  12 
 3500  20 
 3501  16 
 3502  13 
 3503  19 
 3504  12 
 3505  7 
 3506  10 
 3507  14 
 3508  16 
 3509  14 
 3510  18 
 3511  17 
 3512  9 
 3513  11 
 3514  9 
 3515  9 
 3516  11 
 3517  11 
 3518  9 
 3519  10 
 3520  13 
 3521  11 
 3522  11 
 3523  9 
 3524  5 
 3525  16 
 3526  10 
 3527  14 
 3528  4 
 3529  3 
 3530  5 
 3531  3 
 3532  7 
 3533  4 
 3534  5 
 3535  6 
 3536  3 
 3537  5 
 3538  3 
 3539  3 
 3540  1 
 3541  1 
 3542  2 
 3543  4 
 3544  3 
 3545  2 
 3546  1 
 3547  1 
 3548  2 
 3549  0 
 3550  0 
 3551  0 
 3552  0 
 3553  3 
 3554  0 
 3555  2 
 3556  1 
 3557  1 
 3558  0 
 3559  1 
 3560  0 
 3561  2 
 3562  0 
 3563  1 
 3564  1 
 3565  0 
 3566  0 
 3567  0 
 3568  0 
 3569  0 
 3570  0 
 3571  0 
 3572  0 
 3573  1 
 3574  1 
 3575  1 
 3576  0 
 3577  1 
 3578  1 
 3579  1 
 3580  0 
 3581  1 
 3582  0 
 3583  0 
 3584  1 
 3585  0 
 3586  0 
 3587  0 
 3588  2 
 3589  1 
 3590  0 
 3591  1 
 3592  0 
 3593  0 
 3594  0 
 3595  1 
 3596  0 
 3597  0 
 3598  1 
 3599  0 
 3600  0 
 3601  0 
 3602  0 
 3603  0 
 3604  0 
 3605  0 
 3606  0 
 3607  1 
 3608  0 
 3609  0 
 3610  0 
 3611  0 
 3612  0 
 3613  1 
 3614  0 
 3615  0 
 3616  0 
 3617  0 
 3618  1 
 3619  0 
 3620  0 
 3621  0 
 3622  0 
 3623  0 
 3624  0 
 3625  0 
 3626  0 
 3627  0 
 3628  0 
 3629  0 
 3630  0 
 3631  0 
 3632  0 
 3633  0 
 3634  0 
 3635  0 
 3636  1 
 3637  0 
 3638  0 
 3639  1 
 3640  0 
 3641  0 
 3642  0 
 3643  1 
 3644  0 
 3645  1 
 3646  0 
 3647  0 
 3648  0 
 3649  1 
 3650  0 
 3651  0 
 3652  1 
 3653  0 
 3654  0 
 3655  0 
 3656  1 
 3657  0 
 3658  0 
 3659  1 
 3660  0 
 3661  0 
 3662  0 
 3663  0 
 3664  0 
 3665  0 
 3666  0 
 3667  0 
 3668  0 
 3669  1 
 3670  0 
 3671  0 
 3672  0 
 3673  1 
 3674  0 
 3675  0 
 3676  0 
 3677  0 
 3678  0 
 3679  2 
 3680  0 
 3681  0 
 3682  0 
 3683  0 
 3684  1 
 3685  0 
 3686  0 
 3687  0 
 3688  0 
 3689  1 
 3690  0 
 3691  0 
 3692  0 
 3693  1 
 3694  2 
 3695  0 
 3696  1 
 3697  0 
 3698  0 
 3699  1 
 3700  0 
 3701  0 
 3702  0 
 3703  0 
 3704  0 
 3705  0 
 3706  0 
 3707  0 
 3708  0 
 3709  0 
 3710  1 
 3711  0 
 3712  0 
 3713  0 
 3714  0 
 3715  0 
 3716  0 
 3717  0 
 3718  0 
 3719  0 
 3720  0 
 3721  0 
 3722  0 
 3723  0 
 3724  0 
 3725  0 
 3726  0 
 3727  0 
 3728  0 
 3729  1 
 3730  0 
 3731  0 
 3732  0 
 3733  0 
 3734  0 
 3735  1 
 3736  1 
 3737  0 
 3738  0 
 3739  1 
 3740  0 
 3741  0 
 3742  0 
 3743  0 
 3744  1 
 3745  0 
 3746  0 
 3747  0 
 3748  0 
 3749  0 
 3750  0 
 3751  1 
 3752  1 
 3753  0 
 3754  1 
 3755  0 
 3756  2 
 3757  0 
 3758  0 
 3759  0 
 3760  0 
 3761  0 
 3762  0 
 3763  0 
 3764  0 
 3765  0 
 3766  0 
 3767  0 
 3768  0 
 3769  0 
 3770  0 
 3771  1 
 3772  0 
 3773  0 
 3774  1 
 3775  0 
 3776  0 
 3777  0 
 3778  0 
 3779  0 
 3780  2 
 3781  1 
 3782  0 
 3783  0 
 3784  0 
 3785  0 
 3786  0 
 3787  0 
 3788  0 
 3789  1 
 3790  0 
 3791  0 
 3792  0 
 3793  0 
 3794  1 
 3795  0 
 3796  1 
 3797  0 
 3798  0 
 3799  0 
 3800  0 
 3801  0 
 3802  0 
 3803  0 
 3804  0 
 3805  0 
 3806  0 
 3807  0 
 3808  0 
 3809  0 
 3810  0 
 3811  1 
 3812  0 
 3813  0 
 3814  0 
 3815  0 
 3816  0 
 3817  0 
 3818  0 
 3819  0 
 3820  1 
 3821  0 
 3822  1 
 3823  0 
 3824  1 
 3825  1 
 3826  1 
 3827  0 
 3828  0 
 3829  0 
 3830  0 
 3831  1 
 3832  1 
 3833  1 
 3834  0 
 3835  0 
 3836  1 
 3837  0 
 3838  1 
 3839  0 
 3840  0 
 3841  1 
 3842  0 
 3843  0 
 3844  0 
 3845  0 
 3846  0 
 3847  1 
 3848  0 
 3849  0 
 3850  0 
 3851  0 
 3852  0 
 3853  0 
 3854  0 
 3855  0 
 3856  0 
 3857  0 
 3858  0 
 3859  0 
 3860  1 
 3861  0 
 3862  0 
 3863  0 
 3864  1 
 3865  0 
 3866  0 
 3867  1 
 3868  0 
 3869  1 
 3870  1 
 3871  0 
 3872  0 
 3873  1 
 3874  0 
 3875  0 
 3876  0 
 3877  0 
 3878  0 
 3879  0 
 3880  0 
 3881  0 
 3882  1 
 3883  0 
 3884  0 
 3885  0 
 3886  0 
 3887  0 
 3888  0 
 3889  1 
 3890  0 
 3891  0 
 3892  0 
 3893  0 
 3894  0 
 3895  0 
 3896  0 
 3897  1 
 3898  0 
 3899  0 
 3900  0 
 3901  0 
 3902  1 
 3903  0 
 3904  1 
 3905  0 
 3906  0 
 3907  0 
 3908  0 
 3909  0 
 3910  1 
 3911  0 
 3912  0 
 3913  1 
 3914  0 
 3915  1 
 3916  0 
 3917  2 
 3918  0 
 3919  0 
 3920  1 
 3921  0 
 3922  0 
 3923  1 
 3924  0 
 3925  0 
 3926  0 
 3927  0 
 3928  0 
 3929  0 
 3930  0 
 3931  0 
 3932  0 
 3933  2 
 3934  0 
 3935  0 
 3936  1 
 3937  0 
 3938  1 
 3939  0 
 3940  0 
 3941  0 
 3942  0 
 3943  0 
 3944  0 
 3945  1 
 3946  0 
 3947  0 
 3948  0 
 3949  2 
 3950  0 
 3951  0 
 3952  0 
 3953  0 
 3954  0 
 3955  0 
 3956  0 
 3957  0 
 3958  1 
 3959  0 
 3960  0 
 3961  0 
 3962  0 
 3963  0 
 3964  0 
 3965  0 
 3966  0 
 3967  0 
 3968  1 
 3969  0 
 3970  0 
 3971  0 
 3972  0 
 3973  1 
 3974  1 
 3975  1 
 3976  1 
 3977  0 
 3978  0 
 3979  0 
 3980  0 
 3981  0 
 3982  0 
 3983  0 
 3984  0 
 3985  1 
 3986  0 
 3987  2 
 3988  2 
 3989  0 
 3990  0 
 3991  0 
 3992  0 
 3993  0 
 3994  1 
 3995  0 
 3996  0 
 3997  0 
 3998  0 
 3999  0 
 4000  1 
 4001  0 
 4002  0 
 4003  0 
 4004  0 
 4005  0 
 4006  0 
 4007  0 
 4008  0 
 4009  0 
 4010  0 
 4011  0 
 4012  1 
 4013  0 
 4014  0 
 4015  0 
 4016  1 
 4017  0 
 4018  2 
 4019  0 
 4020  1 
 4021  0 
 4022  0 
 4023  0 
 4024  0 
 4025  0 
 4026  0 
 4027  0 
 4028  0 
 4029  0 
 4030  0 
 4031  0 
 4032  0 
 4033  0 
 4034  0 
 4035  0 
 4036  0 
 4037  0 
 4038  0 
 4039  0 
 4040  1 
 4041  0 
 4042  0 
 4043  0 
 4044  0 
 4045  0 
 4046  0 
 4047  0 
 4048  0 
 4049  0 
 4050  0 
 4051  0 
 4052  0 
 4053  0 
 4054  0 
 4055  0 
 4056  0 
 4057  0 
 4058  0 
 4059  1 
 4060  0 
 4061  0 
 4062  0 
 4063  0 
 4064  1 
 4065  0 
 4066  1 
 4067  0 
 4068  1 
 4069  1 
 4070  1 
 4071  0 
 4072  0 
 4073  0 
 4074  0 
 4075  0 
 4076  1 
 4077  0 
 4078  0 
 4079  0 
 4080  1 
 4081  1 
 4082  0 
 4083  0 
 4084  1 
 4085  0 
 4086  0 
 4087  1 
 4088  0 
 4089  0 
 4090  0 
 4091  1 
 4092  0 
 4093  0 
 4094  0 
 4095  0 
 4096  0 
 4097  0 
 4098  1 
 4099  0 
 4100  0 
 4101  0 
 4102  0 
 4103  0 
 4104  0 
 4105  2 
 4106  1 
 4107  0 
 4108  0 
 4109  1 
 4110  0 
 4111  0 
 4112  0 
 4113  0 
 4114  0 
 4115  0 
 4116  1 
 4117  0 
 4118  0 
 4119  0 
 4120  0 
 4121  0 
 4122  0 
 4123  0 
 4124  0 
 4125  0 
 4126  1 
 4127  0 
 4128  0 
 4129  0 
 4130  1 
 4131  0 
 4132  0 
 4133  0 
 4134  0 
 4135  0 
 4136  0 
 4137  0 
 4138  0 
 4139  0 
 4140  0 
 4141  0 
 4142  0 
 4143  0 
 4144  0 
 4145  0 
 4146  0 
 4147  0 
 4148  0 
 4149  0 
 4150  0 
 4151  0 
 4152  0 
 4153  1 
 4154  2 
 4155  0 
 4156  1 
 4157  0 
 4158  0 
 4159  1 
 4160  1 
 4161  0 
 4162  1 
 4163  0 
 4164  0 
 4165  0 
 4166  1 
 4167  0 
 4168  0 
 4169  0 
 4170  0 
 4171  0 
 4172  0 
 4173  0 
 4174  0 
 4175  0 
 4176  0 
 4177  1 
 4178  0 
 4179  0 
 4180  1 
 4181  0 
 4182  0 
 4183  0 
 4184  0 
 4185  0 
 4186  0 
 4187  0 
 4188  0 
 4189  0 
 4190  0 
 4191  0 
 4192  0 
 4193  0 
 4194  0 
 4195  0 
 4196  0 
 4197  1 
 4198  1 
 4199  0 
 4200  0 
 4201  0 
 4202  0 
 4203  0 
 4204  0 
 4205  0 
 4206  0 
 4207  0 
 4208  0 
 4209  0 
 4210  0 
 4211  0 
 4212  0 
 4213  0 
 4214  0 
 4215  1 
 4216  0 
 4217  1 
 4218  0 
 4219  0 
 4220  0 
 4221  0 
 4222  0 
 4223  0 
 4224  0 
 4225  0 
 4226  0 
 4227  0 
 4228  1 
 4229  1 
 4230  0 
 4231  0 
 4232  1 
 4233  0 
 4234  0 
 4235  0 
 4236  0 
 4237  1 
 4238  0 
 4239  0 
 4240  0 
 4241  0 
 4242  0 
 4243  0 
 4244  0 
 4245  0 
 4246  1 
 4247  0 
 4248  0 
 4249  0 
 4250  0 
 4251  0 
 4252  1 
 4253  0 
 4254  1 
 4255  0 
 4256  0 
 4257  0 
 4258  0 
 4259  0 
 4260  0 
 4261  0 
 4262  0 
 4263  0 
 4264  2 
 4265  0 
 4266  0 
 4267  0 
 4268  0 
 4269  0 
 4270  1 
 4271  1 
 4272  0 
 4273  0 
 4274  0 
 4275  0 
 4276  0 
 4277  0 
 4278  0 
 4279  0 
 4280  0 
 4281  0 
 4282  0 
 4283  0 
 4284  1 
 4285  0 
 4286  0 
 4287  0 
 4288  0 
 4289  0 
 4290  0 
 4291  0 
 4292  1 
 4293  0 
 4294  0 
 4295  0 
 4296  0 
 4297  0 
 4298  0 
 4299  0 
 4300  0 
 4301  0 
 4302  1 
 4303  0 
 4304  0 
 4305  1 
 4306  0 
 4307  0 
 4308  0 
 4309  0 
 4310  0 
 4311  0 
 4312  0 
 4313  0 
 4314  0 
 4315  0 
 4316  0 
 4317  0 
 4318  0 
 4319  1 
 4320  0 
 4321  0 
 4322  0 
 4323  0 
 4324  0 
 4325  0 
 4326  0 
 4327  0 
 4328  0 
 4329  0 
 4330  0 
 4331  0 
 4332  0 
 4333  0 
 4334  0 
 4335  0 
 4336  0 
 4337  0 
 4338  1 
 4339  1 
 4340  1 
 4341  0 
 4342  0 
 4343  0 
 4344  0 
 4345  1 
 4346  0 
 4347  0 
 4348  1 
 4349  0 
 4350  0 
 4351  0 
 4352  0 
 4353  0 
 4354  0 
 4355  0 
 4356  0 
 4357  0 
 4358  0 
 4359  0 
 4360  1 
 4361  0 
 4362  0 
 4363  0 
 4364  0 
 4365  0 
 4366  0 
 4367  0 
 4368  0 
 4369  0 
 4370  0 
 4371  0 
 4372  0 
 4373  0 
 4374  0 
 4375  0 
 4376  0 
 4377  0 
 4378  0 
 4379  0 
 4380  0 
 4381  1 
 4382  0 
 4383  0 
 4384  0 
 4385  1 
 4386  0 
 4387  1 
 4388  0 
 4389  0 
 4390  2 
 4391  0 
 4392  0 
 4393  0 
 4394  0 
 4395  0 
 4396  0 
 4397  0 
 4398  0 
 4399  0 
 4400  0 
 4401  0 
 4402  0 
 4403  0 
 4404  0 
 4405  0 
 4406  0 
 4407  0 
 4408  0 
 4409  0 
 4410  0 
 4411  0 
 4412  0 
 4413  1 
 4414  1 
 4415  0 
 4416  0 
 4417  0 
 4418  0 
 4419  1 
 4420  0 
 4421  0 
 4422  0 
 4423  0 
 4424  0 
 4425  1 
 4426  0 
 4427  0 
 4428  1 
 4429  1 
 4430  0 
 4431  0 
 4432  0 
 4433  0 
 4434  0 
 4435  0 
 4436  0 
 4437  0 
 4438  0 
 4439  0 
 4440  1 
 4441  1 
 4442  0 
 4443  0 
 4444  0 
 4445  0 
 4446  0 
 4447  1 
 4448  0 
 4449  0 
 4450  0 
 4451  0 
 4452  0 
 4453  0 
 4454  0 
 4455  0 
 4456  0 
 4457  0 
 4458  0 
 4459  1 
 4460  0 
 4461  0 
 4462  1 
 4463  1 
 4464  0 
 4465  0 
 4466  0 
 4467  0 
 4468  1 
 4469  0 
 4470  0 
 4471  0 
 4472  0 
 4473  0 
 4474  0 
 4475  1 
 4476  0 
 4477  1 
 4478  0 
 4479  0 
 4480  0 
 4481  2 
 4482  0 
 4483  0 
 4484  0 
 4485  1 
 4486  0 
 4487  0 
 4488  1 
 4489  0 
 4490  0 
 4491  0 
 4492  0 
 4493  1 
 4494  0 
 4495  0 
 4496  0 
 4497  1 
 4498  0 
 4499  0 
 4500  0 
 4501  0 
 4502  0 
 4503  0 
 4504  1 
 4505  0 
 4506  0 
 4507  0 
 4508  0 
 4509  0 
 4510  0 
 4511  0 
 4512  0 
 4513  0 
 4514  1 
 4515  0 
 4516  0 
 4517  0 
 4518  0 
 4519  0 
 4520  0 
 4521  0 
 4522  0 
 4523  0 
 4524  0 
 4525  1 
 4526  0 
 4527  0 
 4528  0 
 4529  0 
 4530  0 
 4531  1 
 4532  1 
 4533  0 
 4534  0 
 4535  1 
 4536  0 
 4537  0 
 4538  1 
 4539  0 
 4540  1 
 4541  2 
 4542  0 
 4543  0 
 4544  0 
 4545  0 
 4546  1 
 4547  0 
 4548  0 
 4549  0 
 4550  1 
 4551  1 
 4552  1 
 4553  1 
 4554  0 
 4555  1 
 4556  0 
 4557  0 
 4558  0 
 4559  0 
 4560  0 
 4561  0 
 4562  2 
 4563  0 
 4564  0 
 4565  0 
 4566  0 
 4567  1 
 4568  0 
 4569  0 
 4570  0 
 4571  0 
 4572  0 
 4573  0 
 4574  0 
 4575  1 
 4576  0 
 4577  0 
 4578  1 
 4579  1 
 4580  0 
 4581  0 
 4582  1 
 4583  0 
 4584  1 
 4585  1 
 4586  1 
 4587  0 
 4588  0 
 4589  0 
 4590  0 
 4591  0 
 4592  1 
 4593  0 
 4594  0 
 4595  0 
 4596  0 
 4597  0 
 4598  0 
 4599  0 
 4600  0 
 4601  0 
 4602  0 
 4603  0 
 4604  0 
 4605  1 
 4606  1 
 4607  0 
 4608  1 
 4609  1 
 4610  0 
 4611  0 
 4612  0 
 4613  1 
 4614  1 
 4615  0 
 4616  1 
 4617  0 
 4618  1 
 4619  0 
 4620  1 
 4621  0 
 4622  0 
 4623  0 
 4624  1 
 4625  0 
 4626  0 
 4627  0 
 4628  0 
 4629  0 
 4630  0 
 4631  0 
 4632  0 
 4633  1 
 4634  0 
 4635  0 
 4636  0 
 4637  0 
 4638  0 
 4639  0 
 4640  0 
 4641  1 
 4642  0 
 4643  0 
 4644  0 
 4645  1 
 4646  0 
 4647  0 
 4648  0 
 4649  0 
 4650  2 
 4651  0 
 4652  0 
 4653  0 
 4654  0 
 4655  1 
 4656  0 
 4657  0 
 4658  0 
 4659  1 
 4660  1 
 4661  2 
 4662  0 
 4663  1 
 4664  0 
 4665  1 
 4666  0 
 4667  0 
 4668  1 
 4669  0 
 4670  0 
 4671  1 
 4672  1 
 4673  0 
 4674  0 
 4675  0 
 4676  0 
 4677  0 
 4678  1 
 4679  0 
 4680  0 
 4681  0 
 4682  1 
 4683  0 
 4684  0 
 4685  0 
 4686  0 
 4687  0 
 4688  0 
 4689  1 
 4690  0 
 4691  0 
 4692  0 
 4693  0 
 4694  0 
 4695  1 
 4696  0 
 4697  0 
 4698  0 
 4699  0 
 4700  1 
 4701  0 
 4702  1 
 4703  0 
 4704  1 
 4705  0 
 4706  0 
 4707  0 
 4708  0 
 4709  0 
 4710  0 
 4711  1 
 4712  0 
 4713  0 
 4714  1 
 4715  1 
 4716  1 
 4717  1 
 4718  1 
 4719  0 
 4720  1 
 4721  2 
 4722  1 
 4723  1 
 4724  0 
 4725  0 
 4726  0 
 4727  0 
 4728  0 
 4729  0 
 4730  1 
 4731  0 
 4732  0 
 4733  0 
 4734  0 
 4735  0 
 4736  1 
 4737  1 
 4738  1 
 4739  0 
 4740  1 
 4741  1 
 4742  1 
 4743  0 
 4744  0 
 4745  0 
 4746  0 
 4747  0 
 4748  1 
 4749  1 
 4750  1 
 4751  0 
 4752  0 
 4753  2 
 4754  0 
 4755  2 
 4756  0 
 4757  1 
 4758  0 
 4759  0 
 4760  1 
 4761  1 
 4762  0 
 4763  1 
 4764  1 
 4765  1 
 4766  1 
 4767  2 
 4768  0 
 4769  0 
 4770  0 
 4771  0 
 4772  0 
 4773  0 
 4774  1 
 4775  1 
 4776  0 
 4777  0 
 4778  2 
 4779  0 
 4780  0 
 4781  0 
 4782  0 
 4783  2 
 4784  1 
 4785  0 
 4786  0 
 4787  0 
 4788  0 
 4789  0 
 4790  2 
 4791  0 
 4792  0 
 4793  1 
 4794  0 
 4795  0 
 4796  0 
 4797  0 
 4798  0 
 4799  0 
 4800  0 
 4801  1 
 4802  0 
 4803  1 
 4804  1 
 4805  1 
 4806  1 
 4807  0 
 4808  0 
 4809  0 
 4810  0 
 4811  1 
 4812  0 
 4813  0 
 4814  0 
 4815  0 
 4816  1 
 4817  0 
 4818  0 
 4819  0 
 4820  0 
 4821  0 
 4822  0 
 4823  0 
 4824  0 
 4825  0 
 4826  0 
 4827  0 
 4828  0 
 4829  0 
 4830  0 
 4831  0 
 4832  0 
 4833  1 
 4834  0 
 4835  0 
 4836  1 
 4837  0 
 4838  0 
 4839  0 
 4840  0 
 4841  0 
 4842  0 
 4843  0 
 4844  0 
 4845  0 
 4846  0 
 4847  1 
 4848  0 
 4849  1 
 4850  0 
 4851  0 
 4852  0 
 4853  0 
 4854  0 
 4855  0 
 4856  1 
 4857  0 
 4858  0 
 4859  0 
 4860  1 
 4861  0 
 4862  0 
 4863  0 
 4864  0 
 4865  0 
 4866  0 
 4867  0 
 4868  0 
 4869  1 
 4870  0 
 4871  0 
 4872  0 
 4873  1 
 4874  0 
 4875  0 
 4876  0 
 4877  0 
 4878  0 
 4879  0 
 4880  0 
 4881  2 
 4882  0 
 4883  0 
 4884  0 
 4885  0 
 4886  0 
 4887  0 
 4888  0 
 4889  0 
 4890  0 
 4891  0 
 4892  0 
 4893  0 
 4894  0 
 4895  0 
 4896  0 
 4897  0 
 4898  0 
 4899  0 
 4900  0 
 4901  0 
 4902  0 
 4903  0 
 4904  0 
 4905  0 
 4906  0 
 4907  0 
 4908  1 
 4909  0 
 4910  0 
 4911  0 
 4912  0 
 4913  0 
 4914  0 
 4915  0 
 4916  0 
 4917  0 
 4918  0 
 4919  0 
 4920  0 
 4921  0 
 4922  0 
 4923  0 
 4924  1 
 4925  0 
 4926  0 
 4927  1 
 4928  0 
 4929  1 
 4930  0 
 4931  0 
 4932  0 
 4933  0 
 4934  0 
 4935  1 
 4936  1 
 4937  0 
 4938  0 
 4939  0 
 4940  0 
 4941  0 
 4942  0 
 4943  0 
 4944  1 
 4945  0 
 4946  0 
 4947  0 
 4948  0 
 4949  0 
 4950  0 
 4951  0 
 4952  0 
 4953  0 
 4954  0 
 4955  0 
 4956  0 
 4957  0 
 4958  0 
 4959  1 
 4960  1 
 4961  0 
 4962  0 
 4963  1 
 4964  0 
 4965  0 
 4966  0 
 4967  0 
 4968  0 
 4969  0 
 4970  1 
 4971  0 
 4972  0 
 4973  0 
 4974  0 
 4975  0 
 4976  0 
 4977  0 
 4978  0 
 4979  0 
 4980  1 
 4981  0 
 4982  0 
 4983  1 
 4984  0 
 4985  0 
 4986  0 
 4987  0 
 4988  0 
 4989  0 
 4990  0 
 4991  0 
 4992  0 
 4993  0 
 4994  1 
 4995  0 
 4996  0 
 4997  0 
 4998  0 
 4999  1 
 5000  0 
 5001  0 
 5002  0 
 5003  0 
 5004  0 
 5005  1 
 5006  0 
 5007  1 
 5008  1 
 5009  0 
 5010  0 
 5011  1 
 5012  0 
 5013  0 
 5014  0 
 5015  0 
 5016  1 
 5017  0 
 5018  1 
 5019  1 
 5020  0 
 5021  0 
 5022  0 
 5023  0 
 5024  0 
 5025  0 
 5026  0 
 5027  0 
 5028  0 
 5029  1 
 5030  1 
 5031  1 
 5032  1 
 5033  0 
 5034  0 
 5035  0 
 5036  1 
 5037  0 
 5038  0 
 5039  0 
 5040  0 
 5041  1 
 5042  0 
 5043  0 
 5044  0 
 5045  0 
 5046  0 
 5047  1 
 5048  0 
 5049  0 
 5050  0 
 5051  0 
 5052  0 
 5053  0 
 5054  0 
 5055  0 
 5056  1 
 5057  0 
 5058  0 
 5059  0 
 5060  0 
 5061  0 
 5062  1 
 5063  0 
 5064  0 
 5065  0 
 5066  0 
 5067  0 
 5068  0 
 5069  0 
 5070  0 
 5071  0 
 5072  0 
 5073  0 
 5074  0 
 5075  0 
 5076  1 
 5077  0 
 5078  0 
 5079  0 
 5080  0 
 5081  0 
 5082  1 
 5083  0 
 5084  0 
 5085  0 
 5086  0 
 5087  0 
 5088  0 
 5089  0 
 5090  0 
 5091  0 
 5092  0 
 5093  0 
 5094  0 
 5095  0 
 5096  1 
 5097  0 
 5098  0 
 5099  0 
 5100  1 
 5101  0 
 5102  0 
 5103  0 
 5104  0 
 5105  0 
 5106  0 
 5107  0 
 5108  0 
 5109  0 
 5110  1 
 5111  0 
 5112  0 
 5113  0 
 5114  1 
 5115  0 
 5116  0 
 5117  2 
 5118  0 
 5119  0 
 5120  0 
 5121  0 
 5122  0 
 5123  0 
 5124  1 
 5125  0 
 5126  0 
 5127  0 
 5128  0 
 5129  0 
 5130  0 
 5131  1 
 5132  0 
 5133  0 
 5134  0 
 5135  0 
 5136  0 
 5137  0 
 5138  0 
 5139  0 
 5140  0 
 5141  0 
 5142  0 
 5143  0 
 5144  0 
 5145  0 
 5146  0 
 5147  0 
 5148  0 
 5149  0 
 5150  1 
 5151  1 
 5152  0 
 5153  0 
 5154  0 
 5155  1 
 5156  0 
 5157  1 
 5158  0 
 5159  0 
 5160  0 
 5161  0 
 5162  0 
 5163  0 
 5164  0 
 5165  0 
 5166  0 
 5167  1 
 5168  0 
 5169  0 
 5170  0 
 5171  0 
 5172  0 
 5173  1 
 5174  0 
 5175  0 
 5176  0 
 5177  0 
 5178  0 
 5179  0 
 5180  0 
 5181  0 
 5182  0 
 5183  0 
 5184  0 
 5185  0 
 5186  0 
 5187  0 
 5188  0 
 5189  0 
 5190  0 
 5191  1 
 5192  0 
 5193  0 
 5194  0 
 5195  0 
 5196  0 
 5197  0 
 5198  0 
 5199  0 
 5200  0 
 5201  0 
 5202  1 
 5203  0 
 5204  0 
 5205  0 
 5206  1 
 5207  0 
 5208  0 
 5209  0 
 5210  0 
 5211  0 
 5212  0 
 5213  0 
 5214  1 
 5215  0 
 5216  0 
 5217  0 
 5218  1 
 5219  0 
 5220  0 
 5221  1 
 5222  0 
 5223  0 
 5224  0 
 5225  1 
 5226  0 
 5227  0 
 5228  0 
 5229  0 
 5230  0 
 5231  0 
 5232  0 
 5233  0 
 5234  0 
 5235  0 
 5236  0 
 5237  1 
 5238  0 
 5239  1 
 5240  0 
 5241  0 
 5242  0 
 5243  0 
 5244  0 
 5245  0 
 5246  0 
 5247  0 
 5248  0 
 5249  0 
 5250  0 
 5251  0 
 5252  0 
 5253  1 
 5254  0 
 5255  0 
 5256  0 
 5257  1 
 5258  1 
 5259  0 
 5260  0 
 5261  0 
 5262  0 
 5263  1 
 5264  0 
 5265  1 
 5266  0 
 5267  0 
 5268  0 
 5269  0 
 5270  0 
 5271  0 
 5272  0 
 5273  2 
 5274  1 
 5275  0 
 5276  0 
 5277  0 
 5278  0 
 5279  0 
 5280  0 
 5281  0 
 5282  0 
 5283  0 
 5284  0 
 5285  0 
 5286  0 
 5287  0 
 5288  0 
 5289  1 
 5290  0 
 5291  0 
 5292  0 
 5293  1 
 5294  0 
 5295  0 
 5296  1 
 5297  0 
 5298  1 
 5299  0 
 5300  0 
 5301  0 
 5302  0 
 5303  0 
 5304  0 
 5305  0 
 5306  0 
 5307  1 
 5308  0 
 5309  0 
 5310  0 
 5311  0 
 5312  0 
 5313  0 
 5314  0 
 5315  0 
 5316  0 
 5317  0 
 5318  1 
 5319  1 
 5320  0 
 5321  0 
 5322  0 
 5323  0 
 5324  1 
 5325  0 
 5326  0 
 5327  0 
 5328  0 
 5329  1 
 5330  0 
 5331  0 
 5332  0 
 5333  0 
 5334  0 
 5335  0 
 5336  1 
 5337  0 
 5338  1 
 5339  0 
 5340  0 
 5341  0 
 5342  0 
 5343  0 
 5344  0 
 5345  0 
 5346  1 
 5347  0 
 5348  1 
 5349  0 
 5350  0 
 5351  0 
 5352  0 
 5353  0 
 5354  0 
 5355  0 
 5356  0 
 5357  0 
 5358  1 
 5359  0 
 5360  0 
 5361  0 
 5362  0 
 5363  0 
 5364  0 
 5365  0 
 5366  0 
 5367  0 
 5368  0 
 5369  0 
 5370  0 
 5371  0 
 5372  0 
 5373  0 
 5374  0 
 5375  0 
 5376  0 
 5377  1 
 5378  0 
 5379  0 
 5380  1 
 5381  0 
 5382  0 
 5383  0 
 5384  0 
 5385  0 
 5386  0 
 5387  0 
 5388  0 
 5389  0 
 5390  0 
 5391  0 
 5392  0 
 5393  0 
 5394  0 
 5395  1 
 5396  0 
 5397  0 
 5398  1 
 5399  0 
 5400  0 
 5401  0 
 5402  0 
 5403  0 
 5404  0 
 5405  0 
 5406  0 
 5407  0 
 5408  0 
 5409  0 
 5410  0 
 5411  0 
 5412  0 
 5413  0 
 5414  1 
 5415  0 
 5416  0 
 5417  0 
 5418  0 
 5419  0 
 5420  0 
 5421  0 
 5422  0 
 5423  0 
 5424  1 
 5425  1 
 5426  0 
 5427  0 
 5428  0 
 5429  0 
 5430  0 
 5431  0 
 5432  1 
 5433  0 
 5434  0 
 5435  1 
 5436  0 
 5437  0 
 5438  0 
 5439  0 
 5440  0 
 5441  0 
 5442  0 
 5443  1 
 5444  0 
 5445  0 
 5446  0 
 5447  0 
 5448  1 
 5449  0 
 5450  0 
 5451  0 
 5452  0 
 5453  1 
 5454  1 
 5455  0 
 5456  0 
 5457  0 
 5458  0 
 5459  0 
 5460  0 
 5461  1 
 5462  0 
 5463  0 
 5464  0 
 5465  0 
 5466  0 
 5467  0 
 5468  1 
 5469  0 
 5470  0 
 5471  0 
 5472  2 
 5473  0 
 5474  0 
 5475  0 
 5476  0 
 5477  0 
 5478  1 
 5479  0 
 5480  1 
 5481  0 
 5482  0 
 5483  0 
 5484  1 
 5485  0 
 5486  1 
 5487  0 
 5488  1 
 5489  0 
 5490  0 
 5491  0 
 5492  0 
 5493  0 
 5494  0 
 5495  0 
 5496  0 
 5497  1 
 5498  0 
 5499  0 
 5500  0 
 5501  0 
 5502  0 
 5503  1 
 5504  0 
 5505  0 
 5506  1 
 5507  1 
 5508  0 
 5509  0 
 5510  0 
 5511  0 
 5512  1 
 5513  1 
 5514  0 
 5515  0 
 5516  0 
 5517  0 
 5518  0 
 5519  1 
 5520  0 
 5521  0 
 5522  0 
 5523  0 
 5524  0 
 5525  1 
 5526  2 
 5527  0 
 5528  0 
 5529  1 
 5530  0 
 5531  0 
 5532  0 
 5533  0 
 5534  1 
 5535  0 
 5536  0 
 5537  0 
 5538  0 
 5539  0 
 5540  0 
 5541  0 
 5542  0 
 5543  1 
 5544  0 
 5545  0 
 5546  0 
 5547  0 
 5548  0 
 5549  0 
 5550  0 
 5551  0 
 5552  1 
 5553  0 
 5554  0 
 5555  0 
 5556  0 
 5557  1 
 5558  0 
 5559  0 
 5560  0 
 5561  1 
 5562  0 
 5563  0 
 5564  0 
 5565  0 
 5566  1 
 5567  0 
 5568  0 
 5569  0 
 5570  0 
 5571  1 
 5572  0 
 5573  0 
 5574  0 
 5575  0 
 5576  1 
 5577  0 
 5578  0 
 5579  0 
 5580  0 
 5581  0 
 5582  0 
 5583  0 
 5584  0 
 5585  0 
 5586  0 
 5587  0 
 5588  0 
 5589  0 
 5590  0 
 5591  2 
 5592  0 
 5593  0 
 5594  0 
 5595  0 
 5596  0 
 5597  0 
 5598  0 
 5599  0 
 5600  0 
 5601  0 
 5602  0 
 5603  0 
 5604  0 
 5605  0 
 5606  0 
 5607  0 
 5608  1 
 5609  0 
 5610  0 
 5611  0 
 5612  0 
 5613  0 
 5614  0 
 5615  0 
 5616  0 
 5617  0 
 5618  0 
 5619  1 
 5620  0 
 5621  0 
 5622  0 
 5623  0 
 5624  0 
 5625  0 
 5626  0 
 5627  0 
 5628  0 
 5629  0 
 5630  1 
 5631  0 
 5632  1 
 5633  0 
 5634  0 
 5635  0 
 5636  0 
 5637  0 
 5638  0 
 5639  0 
 5640  0 
 5641  0 
 5642  0 
 5643  0 
 5644  0 
 5645  0 
 5646  0 
 5647  1 
 5648  1 
 5649  1 
 5650  0 
 5651  0 
 5652  0 
 5653  1 
 5654  0 
 5655  1 
 5656  1 
 5657  0 
 5658  0 
 5659  1 
 5660  0 
 5661  1 
 5662  0 
 5663  0 
 5664  0 
 5665  0 
 5666  0 
 5667  0 
 5668  0 
 5669  0 
 5670  0 
 5671  1 
 5672  0 
 5673  0 
 5674  0 
 5675  0 
 5676  0 
 5677  0 
 5678  0 
 5679  1 
 5680  0 
 5681  0 
 5682  0 
 5683  0 
 5684  0 
 5685  0 
 5686  0 
 5687  0 
 5688  0 
 5689  0 
 5690  0 
 5691  0 
 5692  0 
 5693  0 
 5694  0 
 5695  0 
 5696  0 
 5697  0 
 5698  0 
 5699  0 
 5700  0 
 5701  0 
 5702  0 
 5703  0 
 5704  0 
 5705  0 
 5706  0 
 5707  0 
 5708  0 
 5709  1 
 5710  0 
 5711  0 
 5712  0 
 5713  0 
 5714  0 
 5715  0 
 5716  0 
 5717  0 
 5718  0 
 5719  0 
 5720  0 
 5721  0 
 5722  0 
 5723  0 
 5724  0 
 5725  0 
 5726  0 
 5727  0 
 5728  0 
 5729  0 
 5730  0 
 5731  0 
 5732  0 
 5733  0 
 5734  0 
 5735  0 
 5736  0 
 5737  0 
 5738  1 
 5739  0 
 5740  0 
 5741  0 
 5742  0 
 5743  0 
 5744  0 
 5745  0 
 5746  0 
 5747  0 
 5748  0 
 5749  0 
 5750  0 
 5751  0 
 5752  0 
 5753  0 
 5754  0 
 5755  0 
 5756  0 
 5757  0 
 5758  1 
 5759  0 
 5760  0 
 5761  0 
 5762  0 
 5763  0 
 5764  0 
 5765  0 
 5766  0 
 5767  2 
 5768  0 
 5769  0 
 5770  0 
 5771  0 
 5772  0 
 5773  1 
 5774  0 
 5775  0 
 5776  0 
 5777  0 
 5778  0 
 5779  0 
 5780  0 
 5781  0 
 5782  0 
 5783  0 
 5784  1 
 5785  0 
 5786  0 
 5787  0 
 5788  0 
 5789  0 
 5790  0 
 5791  0 
 5792  1 
 5793  0 
 5794  0 
 5795  0 
 5796  0 
 5797  0 
 5798  0 
 5799  0 
 5800  0 
 5801  0 
 5802  0 
 5803  0 
 5804  0 
 5805  0 
 5806  0 
 5807  0 
 5808  1 
 5809  0 
 5810  0 
 5811  0 
 5812  0 
 5813  1 
 5814  0 
 5815  0 
 5816  1 
 5817  0 
 5818  0 
 5819  0 
 5820  0 
 5821  0 
 5822  0 
 5823  0 
 5824  0 
 5825  0 
 5826  0 
 5827  0 
 5828  0 
 5829  0 
 5830  0 
 5831  0 
 5832  0 
 5833  0 
 5834  0 
 5835  1 
 5836  1 
 5837  0 
 5838  0 
 5839  0 
 5840  0 
 5841  0 
 5842  0 
 5843  0 
 5844  0 
 5845  0 
 5846  0 
 5847  0 
 5848  0 
 5849  0 
 5850  0 
 5851  0 
 5852  0 
 5853  0 
 5854  2 
 5855  0 
 5856  0 
 5857  1 
 5858  0 
 5859  0 
 5860  0 
 5861  0 
 5862  0 
 5863  0 
 5864  0 
 5865  0 
 5866  0 
 5867  0 
 5868  0 
 5869  0 
 5870  0 
 5871  0 
 5872  0 
 5873  0 
 5874  1 
 5875  0 
 5876  0 
 5877  0 
 5878  0 
 5879  0 
 5880  0 
 5881  0 
 5882  0 
 5883  0 
 5884  0 
 5885  0 
 5886  0 
 5887  0 
 5888  0 
 5889  0 
 5890  1 
 5891  0 
 5892  0 
 5893  1 
 5894  0 
 5895  0 
 5896  0 
 5897  0 
 5898  0 
 5899  0 
 5900  0 
 5901  1 
 5902  0 
 5903  1 
 5904  0 
 5905  0 
 5906  1 
 5907  0 
 5908  0 
 5909  0 
 5910  0 
 5911  0 
 5912  0 
 5913  1 
 5914  0 
 5915  0 
 5916  0 
 5917  0 
 5918  1 
 5919  0 
 5920  0 
 5921  0 
 5922  0 
 5923  0 
 5924  0 
 5925  0 
 5926  0 
 5927  0 
 5928  0 
 5929  0 
 5930  1 
 5931  0 
 5932  1 
 5933  0 
 5934  0 
 5935  0 
 5936  0 
 5937  0 
 5938  0 
 5939  0 
 5940  0 
 5941  0 
 5942  0 
 5943  0 
 5944  0 
 5945  0 
 5946  0 
 5947  0 
 5948  0 
 5949  0 
 5950  1 
 5951  0 
 5952  0 
 5953  0 
 5954  0 
 5955  0 
 5956  0 
 5957  0 
 5958  0 
 5959  0 
 5960  0 
 5961  0 
 5962  0 
 5963  0 
 5964  0 
 5965  0 
 5966  0 
 5967  0 
 5968  0 
 5969  0 
 5970  0 
 5971  0 
 5972  0 
 5973  0 
 5974  1 
 5975  0 
 5976  0 
 5977  2 
 5978  0 
 5979  0 
 5980  0 
 5981  0 
 5982  0 
 5983  0 
 5984  0 
 5985  0 
 5986  0 
 5987  0 
 5988  0 
 5989  0 
 5990  0 
 5991  0 
 5992  0 
 5993  0 
 5994  0 
 5995  0 
 5996  0 
 5997  0 
 5998  0 
 5999  0 
 6000  0 
 6001  0 
 6002  0 
 6003  0 
 6004  0 
 6005  1 
 6006  0 
 6007  0 
 6008  1 
 6009  1 
 6010  0 
 6011  0 
 6012  0 
 6013  2 
 6014  0 
 6015  0 
 6016  0 
 6017  0 
 6018  1 
 6019  0 
 6020  0 
 6021  1 
 6022  0 
 6023  0 
 6024  0 
 6025  0 
 6026  0 
 6027  1 
 6028  2 
 6029  0 
 6030  0 
 6031  0 
 6032  0 
 6033  0 
 6034  0 
 6035  0 
 6036  0 
 6037  0 
 6038  0 
 6039  1 
 6040  0 
 6041  0 
 6042  0 
 6043  0 
 6044  1 
 6045  0 
 6046  1 
 6047  0 
 6048  0 
 6049  0 
 6050  0 
 6051  1 
 6052  0 
 6053  0 
 6054  0 
 6055  0 
 6056  0 
 6057  0 
 6058  0 
 6059  0 
 6060  0 
 6061  0 
 6062  1 
 6063  1 
 6064  0 
 6065  0 
 6066  0 
 6067  0 
 6068  0 
 6069  0 
 6070  0 
 6071  0 
 6072  0 
 6073  0 
 6074  0 
 6075  0 
 6076  0 
 6077  0 
 6078  0 
 6079  1 
 6080  0 
 6081  0 
 6082  0 
 6083  0 
 6084  0 
 6085  0 
 6086  1 
 6087  0 
 6088  1 
 6089  0 
 6090  0 
 6091  1 
 6092  0 
 6093  0 
 6094  0 
 6095  0 
 6096  0 
 6097  0 
 6098  1 
 6099  1 
 6100  0 
 6101  0 
 6102  0 
 6103  0 
 6104  0 
 6105  0 
 6106  1 
 6107  0 
 6108  0 
 6109  1 
 6110  1 
 6111  0 
 6112  0 
 6113  1 
 6114  1 
 6115  1 
 6116  0 
 6117  0 
 6118  0 
 6119  1 
 6120  0 
 6121  0 
 6122  0 
 6123  0 
 6124  0 
 6125  1 
 6126  0 
 6127  0 
 6128  1 
 6129  1 
 6130  0 
 6131  0 
 6132  1 
 6133  0 
 6134  0 
 6135  1 
 6136  0 
 6137  0 
 6138  0 
 6139  0 
 6140  0 
 6141  0 
 6142  0 
 6143  0 
 6144  0 
 6145  1 
 6146  1 
 6147  1 
 6148  0 
 6149  0 
 6150  0 
 6151  0 
 6152  0 
 6153  0 
 6154  1 
 6155  0 
 6156  0 
 6157  0 
 6158  1 
 6159  0 
 6160  0 
 6161  0 
 6162  0 
 6163  1 
 6164  0 
 6165  0 
 6166  0 
 6167  3 
 6168  0 
 6169  0 
 6170  0 
 6171  1 
 6172  1 
 6173  1 
 6174  2 
 6175  1 
 6176  0 
 6177  0 
 6178  2 
 6179  0 
 6180  0 
 6181  0 
 6182  0 
 6183  0 
 6184  2 
 6185  0 
 6186  3 
 6187  1 
 6188  0 
 6189  1 
 6190  0 
 6191  0 
 6192  1 
 6193  0 
 6194  1 
 6195  1 
 6196  0 
 6197  0 
 6198  1 
 6199  0 
 6200  0 
 6201  1 
 6202  1 
 6203  0 
 6204  0 
 6205  0 
 6206  1 
 6207  1 
 6208  0 
 6209  0 
 6210  0 
 6211  0 
 6212  1 
 6213  0 
 6214  0 
 6215  0 
 6216  0 
 6217  0 
 6218  0 
 6219  1 
 6220  0 
 6221  0 
 6222  0 
 6223  0 
 6224  0 
 6225  0 
 6226  1 
 6227  0 
 6228  0 
 6229  0 
 6230  0 
 6231  0 
 6232  0 
 6233  0 
 6234  0 
 6235  1 
 6236  0 
 6237  0 
 6238  0 
 6239  1 
 6240  0 
 6241  1 
 6242  0 
 6243  0 
 6244  0 
 6245  0 
 6246  0 
 6247  0 
 6248  0 
 6249  1 
 6250  0 
 6251  0 
 6252  0 
 6253  0 
 6254  0 
 6255  0 
 6256  1 
 6257  0 
 6258  0 
 6259  0 
 6260  0 
 6261  1 
 6262  0 
 6263  0 
 6264  1 
 6265  0 
 6266  0 
 6267  0 
 6268  0 
 6269  0 
 6270  0 
 6271  0 
 6272  0 
 6273  0 
 6274  0 
 6275  0 
 6276  0 
 6277  0 
 6278  0 
 6279  0 
 6280  0 
 6281  0 
 6282  1 
 6283  0 
 6284  0 
 6285  0 
 6286  0 
 6287  0 
 6288  0 
 6289  0 
 6290  0 
 6291  1 
 6292  0 
 6293  0 
 6294  0 
 6295  0 
 6296  1 
 6297  0 
 6298  0 
 6299  1 
 6300  0 
 6301  2 
 6302  0 
 6303  1 
 6304  0 
 6305  0 
 6306  0 
 6307  0 
 6308  0 
 6309  1 
 6310  0 
 6311  0 
 6312  0 
 6313  2 
 6314  1 
 6315  0 
 6316  0 
 6317  0 
 6318  0 
 6319  0 
 6320  2 
 6321  3 
 6322  0 
 6323  2 
 6324  0 
 6325  1 
 6326  0 
 6327  0 
 6328  0 
 6329  0 
 6330  0 
 6331  0 
 6332  0 
 6333  0 
 6334  0 
 6335  0 
 6336  0 
 6337  1 
 6338  0 
 6339  0 
 6340  0 
 6341  0 
 6342  1 
 6343  1 
 6344  0 
 6345  0 
 6346  1 
 6347  1 
 6348  0 
 6349  1 
 6350  1 
 6351  1 
 6352  1 
 6353  0 
 6354  0 
 6355  1 
 6356  1 
 6357  0 
 6358  1 
 6359  0 
 6360  0 
 6361  1 
 6362  0 
 6363  2 
 6364  1 
 6365  2 
 6366  0 
 6367  1 
 6368  0 
 6369  1 
 6370  2 
 6371  0 
 6372  2 
 6373  2 
 6374  0 
 6375  0 
 6376  1 
 6377  1 
 6378  0 
 6379  0 
 6380  0 
 6381  0 
 6382  1 
 6383  3 
 6384  0 
 6385  0 
 6386  1 
 6387  2 
 6388  1 
 6389  1 
 6390  1 
 6391  0 
 6392  0 
 6393  1 
 6394  0 
 6395  0 
 6396  1 
 6397  0 
 6398  1 
 6399  1 
 6400  0 
 6401  1 
 6402  1 
 6403  2 
 6404  1 
 6405  0 
 6406  1 
 6407  0 
 6408  0 
 6409  0 
 6410  0 
 6411  0 
 6412  1 
 6413  1 
 6414  0 
 6415  0 
 6416  0 
 6417  0 
 6418  2 
 6419  0 
 6420  0 
 6421  0 
 6422  0 
 6423  1 
 6424  1 
 6425  0 
 6426  1 
 6427  1 
 6428  0 
 6429  1 
 6430  0 
 6431  1 
 6432  1 
 6433  1 
 6434  2 
 6435  0 
 6436  0 
 6437  2 
 6438  1 
 6439  0 
 6440  1 
 6441  0 
 6442  0 
 6443  1 
 6444  0 
 6445  0 
 6446  0 
 6447  1 
 6448  0 
 6449  0 
 6450  0 
 6451  0 
 6452  0 
 6453  0 
 6454  0 
 6455  0 
 6456  0 
 6457  0 
 6458  0 
 6459  0 
 6460  1 
 6461  0 
 6462  0 
 6463  0 
 6464  1 
 6465  0 
 6466  0 
 6467  0 
 6468  0 
 6469  0 
 6470  1 
 6471  0 
 6472  0 
 6473  0 
 6474  0 
 6475  0 
 6476  0 
 6477  0 
 6478  0 
 6479  0 
 6480  0 
 6481  0 
 6482  0 
 6483  0 
 6484  1 
 6485  0 
 6486  0 
 6487  1 
 6488  0 
 6489  0 
 6490  0 
 6491  0 
 6492  0 
 6493  0 
 6494  2 
 6495  0 
 6496  0 
 6497  0 
 6498  0 
 6499  0 
 6500  0 
 6501  0 
 6502  1 
 6503  0 
 6504  0 
 6505  0 
 6506  0 
 6507  0 
 6508  0 
 6509  0 
 6510  0 
 6511  0 
 6512  0 
 6513  0 
 6514  0 
 6515  0 
 6516  0 
 6517  0 
 6518  0 
 6519  0 
 6520  0 
 6521  0 
 6522  0 
 6523  0 
 6524  0 
 6525  0 
 6526  0 
 6527  0 
 6528  0 
 6529  0 
 6530  0 
 6531  0 
 6532  0 
 6533  0 
 6534  0 
 6535  0 
 6536  0 
 6537  0 
 6538  0 
 6539  0 
 6540  0 
 6541  0 
 6542  0 
 6543  0 
 6544  0 
 6545  0 
 6546  0 
 6547  0 
 6548  0 
 6549  0 
 6550  0 
 6551  0 
 6552  0 
 6553  0 
 6554  0 
 6555  0 
 6556  0 
 6557  0 
 6558  0 
 6559  0 
 6560  0 
 6561  0 
 6562  0 
 6563  0 
 6564  0 
 6565  0 
 6566  0 
 6567  0 
 6568  0 
 6569  0 
 6570  0 
 6571  0 
 6572  0 
 6573  0 
 6574  0 
 6575  0 
 6576  0 
 6577  0 
 6578  0 
 6579  0 
 6580  0 
 6581  0 
 6582  0 
 6583  0 
 6584  0 
 6585  0 
 6586  0 
 6587  0 
 6588  0 
 6589  1 
 6590  0 
 6591  0 
 6592  0 
 6593  0 
 6594  0 
 6595  0 
 6596  0 
 6597  0 
 6598  0 
 6599  0 
 6600  0 
 6601  0 
 6602  0 
 6603  0 
 6604  0 
 6605  0 
 6606  0 
 6607  0 
 6608  0 
 6609  0 
 6610  0 
 6611  0 
 6612  0 
 6613  0 
 6614  0 
 6615  0 
 6616  0 
 6617  0 
 6618  0 
 6619  0 
 6620  0 
 6621  0 
 6622  0 
 6623  0 
 6624  0 
 6625  0 
 6626  0 
 6627  0 
 6628  0 
 6629  0 
 6630  0 
 6631  0 
 6632  0 
 6633  1 
 6634  0 
 6635  0 
 6636  0 
 6637  0 
 6638  0 
 6639  0 
 6640  0 
 6641  0 
 6642  0 
 6643  0 
 6644  0 
 6645  0 
 6646  1 
 6647  0 
 6648  0 
 6649  0 
 6650  1 
 6651  0 
 6652  0 
 6653  0 
 6654  0 
 6655  0 
 6656  0 
 6657  0 
 6658  0 
 6659  0 
 6660  0 
 6661  0 
 6662  0 
 6663  0 
 6664  0 
 6665  0 
 6666  0 
 6667  0 
 6668  0 
 6669  0 
 6670  0 
 6671  0 
 6672  0 
 6673  0 
 6674  0 
 6675  0 
 6676  0 
 6677  0 
 6678  0 
 6679  0 
 6680  0 
 6681  0 
 6682  0 
 6683  0 
 6684  0 
 6685  0 
 6686  0 
 6687  0 
 6688  0 
 6689  0 
 6690  0 
 6691  0 
 6692  0 
 6693  0 
 6694  0 
 6695  0 
 6696  0 
 6697  0 
 6698  0 
 6699  0 
 6700  0 
 6701  0 
 6702  0 
 6703  0 
 6704  0 
 6705  0 
 6706  0 
 6707  0 
 6708  0 
 6709  0 
 6710  0 
 6711  0 
 6712  0 
 6713  0 
 6714  0 
 6715  0 
 6716  0 
 6717  0 
 6718  0 
 6719  0 
 6720  0 
 6721  0 
 6722  1 
 6723  0 
 6724  0 
 6725  0 
 6726  0 
 6727  0 
 6728  0 
 6729  0 
 6730  0 
 6731  0 
 6732  0 
 6733  0 
 6734  0 
 6735  0 
 6736  0 
 6737  0 
 6738  0 
 6739  0 
 6740  0 
 6741  0 
 6742  0 
 6743  0 
 6744  1 
 6745  0 
 6746  0 
 6747  0 
 6748  0 
 6749  0 
 6750  0 
 6751  0 
 6752  0 
 6753  0 
 6754  0 
 6755  0 
 6756  0 
 6757  0 
 6758  0 
 6759  0 
 6760  0 
 6761  0 
 6762  0 
 6763  0 
 6764  0 
 6765  0 
 6766  0 
 6767  0 
 6768  0 
 6769  0 
 6770  0 
 6771  0 
 6772  0 
 6773  0 
 6774  0 
 6775  0 
 6776  0 
 6777  0 
 6778  0 
 6779  0 
 6780  0 
 6781  0 
 6782  0 
 6783  0 
 6784  0 
 6785  0 
 6786  0 
 6787  0 
 6788  0 
 6789  0 
 6790  0 
 6791  0 
 6792  0 
 6793  0 
 6794  0 
 6795  0 
 6796  0 
 6797  0 
 6798  0 
 6799  0 
 6800  0 
 6801  0 
 6802  0 
 6803  0 
 6804  0 
 6805  0 
 6806  0 
 6807  0 
 6808  0 
 6809  0 
 6810  0 
 6811  0 
 6812  0 
 6813  0 
 6814  0 
 6815  0 
 6816  0 
 6817  0 
 6818  0 
 6819  0 
 6820  0 
 6821  0 
 6822  0 
 6823  0 
 6824  0 
 6825  0 
 6826  0 
 6827  0 
 6828  0 
 6829  0 
 6830  0 
 6831  0 
 6832  0 
 6833  0 
 6834  0 
 6835  0 
 6836  0 
 6837  0 
 6838  0 
 6839  0 
 6840  0 
 6841  0 
 6842  0 
 6843  0 
 6844  0 
 6845  0 
 6846  0 
 6847  0 
 6848  0 
 6849  0 
 6850  0 
 6851  0 
 6852  0 
 6853  0 
 6854  0 
 6855  0 
 6856  0 
 6857  0 
 6858  0 
 6859  0 
 6860  0 
 6861  0 
 6862  0 
 6863  0 
 6864  0 
 6865  0 
 6866  0 
 6867  0 
 6868  0 
 6869  0 
 6870  0 
 6871  0 
 6872  0 
 6873  0 
 6874  0 
 6875  0 
 6876  0 
 6877  0 
 6878  0 
 6879  0 
 6880  0 
 6881  0 
 6882  0 
 6883  0 
 6884  0 
 6885  0 
 6886  0 
 6887  0 
 6888  0 
 6889  0 
 6890  0 
 6891  0 
 6892  0 
 6893  0 
 6894  0 
 6895  0 
 6896  0 
 6897  0 
 6898  0 
 6899  0 
 6900  0 
 6901  0 
 6902  0 
 6903  0 
 6904  0 
 6905  0 
 6906  0 
 6907  0 
 6908  0 
 6909  0 
 6910  0 
 6911  0 
 6912  0 
 6913  0 
 6914  0 
 6915  0 
 6916  0 
 6917  0 
 6918  0 
 6919  0 
 6920  0 
 6921  0 
 6922  0 
 6923  0 
 6924  0 
 6925  0 
 6926  0 
 6927  0 
 6928  0 
 6929  0 
 6930  0 
 6931  0 
 6932  0 
 6933  0 
 6934  0 
 6935  0 
 6936  0 
 6937  0 
 6938  0 
 6939  0 
 6940  0 
 6941  0 
 6942  0 
 6943  0 
 6944  0 
 6945  0 
 6946  0 
 6947  0 
 6948  0 
 6949  0 
 6950  0 
 6951  0 
 6952  0 
 6953  0 
 6954  0 
 6955  0 
 6956  0 
 6957  0 
 6958  0 
 6959  0 
 6960  0 
 6961  0 
 6962  0 
 6963  0 
 6964  0 
 6965  0 
 6966  0 
 6967  0 
 6968  0 
 6969  0 
 6970  0 
 6971  0 
 6972  0 
 6973  0 
 6974  0 
 6975  0 
 6976  0 
 6977  0 
 6978  0 
 6979  0 
 6980  0 
 6981  0 
 6982  0 
 6983  0 
 6984  0 
 6985  0 
 6986  0 
 6987  0 
 6988  0 
 6989  0 
 6990  0 
 6991  0 
 6992  0 
 6993  0 
 6994  0 
 6995  0 
 6996  0 
 6997  0 
 6998  0 
 6999  0 
 7000  0 
 7001  0 
 7002  0 
 7003  0 
 7004  0 
 7005  0 
 7006  0 
 7007  0 
 7008  0 
 7009  0 
 7010  0 
 7011  0 
 7012  0 
 7013  0 
 7014  0 
 7015  0 
 7016  0 
 7017  0 
 7018  0 
 7019  0 
 7020  0 
 7021  0 
 7022  0 
 7023  0 
 7024  0 
 7025  0 
 7026  0 
 7027  0 
 7028  0 
 7029  0 
 7030  0 
 7031  0 
 7032  0 
 7033  0 
 7034  0 
 7035  0 
 7036  0 
 7037  0 
 7038  0 
 7039  0 
 7040  0 
 7041  0 
 7042  0 
 7043  0 
 7044  0 
 7045  0 
 7046  0 
 7047  0 
 7048  0 
 7049  0 
 7050  0 
 7051  0 
 7052  0 
 7053  0 
 7054  0 
 7055  0 
 7056  0 
 7057  0 
 7058  0 
 7059  0 
 7060  0 
 7061  0 
 7062  0 
 7063  0 
 7064  0 
 7065  0 
 7066  0 
 7067  0 
 7068  0 
 7069  0 
 7070  0 
 7071  0 
 7072  0 
 7073  0 
 7074  0 
 7075  0 
 7076  0 
 7077  0 
 7078  0 
 7079  0 
 7080  0 
 7081  0 
 7082  0 
 7083  0 
 7084  0 
 7085  0 
 7086  0 
 7087  0 
 7088  0 
 7089  0 
 7090  0 
 7091  0 
 7092  0 
 7093  0 
 7094  0 
 7095  0 
 7096  0 
 7097  0 
 7098  0 
 7099  0 
 7100  0 
 7101  0 
 7102  0 
 7103  0 
 7104  0 
 7105  0 
 7106  0 
 7107  0 
 7108  0 
 7109  0 
 7110  0 
 7111  0 
 7112  0 
 7113  0 
 7114  0 
 7115  0 
 7116  0 
 7117  0 
 7118  0 
 7119  0 
 7120  0 
 7121  0 
 7122  0 
 7123  0 
 7124  0 
 7125  0 
 7126  0 
 7127  0 
 7128  0 
 7129  0 
 7130  0 
 7131  0 
 7132  0 
 7133  0 
 7134  0 
 7135  0 
 7136  0 
 7137  0 
 7138  0 
 7139  0 
 7140  0 
 7141  0 
 7142  0 
 7143  0 
 7144  0 
 7145  0 
 7146  0 
 7147  0 
 7148  0 
 7149  0 
 7150  0 
 7151  0 
 7152  0 
 7153  0 
 7154  0 
 7155  0 
 7156  0 
 7157  0 
 7158  0 
 7159  0 
 7160  0 
 7161  0 
 7162  0 
 7163  0 
 7164  0 
 7165  0 
 7166  0 
 7167  0 
 7168  0 
 7169  0 
 7170  0 
 7171  0 
 7172  0 
 7173  0 
 7174  0 
 7175  0 
 7176  0 
 7177  0 
 7178  0 
 7179  0 
 7180  0 
 7181  0 
 7182  0 
 7183  0 
 7184  0 
 7185  0 
 7186  0 
 7187  0 
 7188  0 
 7189  0 
 7190  0 
 7191  0 
 7192  0 
 7193  0 
 7194  0 
 7195  0 
 7196  0 
 7197  0 
 7198  0 
 7199  0 
 7200  0 
 7201  0 
 7202  0 
 7203  0 
 7204  0 
 7205  0 
 7206  0 
 7207  0 
 7208  0 
 7209  0 
 7210  0 
 7211  0 
 7212  0 
 7213  0 
 7214  0 
 7215  0 
 7216  0 
 7217  0 
 7218  0 
 7219  0 
 7220  0 
 7221  0 
 7222  0 
 7223  0 
 7224  0 
 7225  0 
 7226  0 
 7227  0 
 7228  0 
 7229  0 
 7230  0 
 7231  0 
 7232  0 
 7233  0 
 7234  0 
 7235  0 
 7236  0 
 7237  0 
 7238  0 
 7239  0 
 7240  0 
 7241  0 
 7242  0 
 7243  0 
 7244  0 
 7245  0 
 7246  0 
 7247  0 
 7248  0 
 7249  0 
 7250  0 
 7251  0 
 7252  0 
 7253  0 
 7254  0 
 7255  0 
 7256  0 
 7257  0 
 7258  0 
 7259  0 
 7260  0 
 7261  0 
 7262  0 
 7263  0 
 7264  0 
 7265  0 
 7266  0 
 7267  0 
 7268  0 
 7269  0 
 7270  0 
 7271  0 
 7272  0 
 7273  0 
 7274  0 
 7275  0 
 7276  0 
 7277  0 
 7278  0 
 7279  0 
 7280  0 
 7281  0 
 7282  0 
 7283  0 
 7284  0 
 7285  0 
 7286  0 
 7287  0 
 7288  0 
 7289  0 
 7290  0 
 7291  0 
 7292  0 
 7293  0 
 7294  0 
 7295  0 
 7296  0 
 7297  0 
 7298  0 
 7299  0 
 7300  0 
 7301  0 
 7302  0 
 7303  0 
 7304  0 
 7305  0 
 7306  0 
 7307  0 
 7308  0 
 7309  0 
 7310  0 
 7311  0 
 7312  0 
 7313  0 
 7314  0 
 7315  0 
 7316  0 
 7317  0 
 7318  0 
 7319  0 
 7320  0 
 7321  0 
 7322  0 
 7323  0 
 7324  0 
 7325  0 
 7326  0 
 7327  0 
 7328  0 
 7329  0 
 7330  0 
 7331  0 
 7332  0 
 7333  0 
 7334  0 
 7335  0 
 7336  0 
 7337  0 
 7338  0 
 7339  0 
 7340  0 
 7341  0 
 7342  0 
 7343  0 
 7344  0 
 7345  0 
 7346  0 
 7347  0 
 7348  0 
 7349  0 
 7350  0 
 7351  0 
 7352  0 
 7353  0 
 7354  0 
 7355  0 
 7356  0 
 7357  0 
 7358  0 
 7359  0 
 7360  0 
 7361  0 
 7362  0 
 7363  0 
 7364  0 
 7365  0 
 7366  0 
 7367  0 
 7368  0 
 7369  0 
 7370  0 
 7371  0 
 7372  0 
 7373  0 
 7374  0 
 7375  0 
 7376  0 
 7377  0 
 7378  0 
 7379  0 
 7380  0 
 7381  0 
 7382  0 
 7383  0 
 7384  0 
 7385  0 
 7386  0 
 7387  0 
 7388  0 
 7389  0 
 7390  0 
 7391  0 
 7392  0 
 7393  0 
 7394  0 
 7395  0 
 7396  0 
 7397  0 
 7398  0 
 7399  0 
 7400  0 
 7401  0 
 7402  0 
 7403  0 
 7404  0 
 7405  0 
 7406  0 
 7407  0 
 7408  0 
 7409  0 
 7410  0 
 7411  0 
 7412  0 
 7413  0 
 7414  0 
 7415  0 
 7416  0 
 7417  0 
 7418  0 
 7419  0 
 7420  0 
 7421  0 
 7422  0 
 7423  0 
 7424  0 
 7425  0 
 7426  0 
 7427  0 
 7428  0 
 7429  0 
 7430  0 
 7431  0 
 7432  0 
 7433  0 
 7434  0 
 7435  0 
 7436  0 
 7437  0 
 7438  0 
 7439  0 
 7440  0 
 7441  0 
 7442  0 
 7443  0 
 7444  0 
 7445  0 
 7446  0 
 7447  0 
 7448  0 
 7449  0 
 7450  0 
 7451  0 
 7452  0 
 7453  0 
 7454  0 
 7455  0 
 7456  0 
 7457  0 
 7458  0 
 7459  0 
 7460  0 
 7461  0 
 7462  0 
 7463  0 
 7464  0 
 7465  0 
 7466  0 
 7467  0 
 7468  0 
 7469  0 
 7470  0 
 7471  0 
 7472  0 
 7473  0 
 7474  0 
 7475  0 
 7476  0 
 7477  0 
 7478  0 
 7479  0 
 7480  0 
 7481  0 
 7482  0 
 7483  0 
 7484  0 
 7485  0 
 7486  0 
 7487  0 
 7488  0 
 7489  0 
 7490  0 
 7491  0 
 7492  0 
 7493  0 
 7494  0 
 7495  0 
 7496  0 
 7497  0 
 7498  0 
 7499  0 
 7500  0 
 7501  0 
 7502  0 
 7503  0 
 7504  0 
 7505  0 
 7506  0 
 7507  0 
 7508  0 
 7509  0 
 7510  0 
 7511  0 
 7512  0 
 7513  0 
 7514  0 
 7515  0 
 7516  0 
 7517  0 
 7518  0 
 7519  0 
 7520  0 
 7521  0 
 7522  0 
 7523  0 
 7524  0 
 7525  0 
 7526  0 
 7527  0 
 7528  0 
 7529  0 
 7530  0 
 7531  0 
 7532  0 
 7533  0 
 7534  0 
 7535  0 
 7536  0 
 7537  0 
 7538  0 
 7539  0 
 7540  0 
 7541  0 
 7542  0 
 7543  0 
 7544  0 
 7545  0 
 7546  0 
 7547  0 
 7548  0 
 7549  0 
 7550  0 
 7551  0 
 7552  0 
 7553  0 
 7554  0 
 7555  0 
 7556  0 
 7557  0 
 7558  0 
 7559  0 
 7560  0 
 7561  0 
 7562  0 
 7563  0 
 7564  0 
 7565  0 
 7566  0 
 7567  0 
 7568  0 
 7569  0 
 7570  0 
 7571  0 
 7572  0 
 7573  0 
 7574  0 
 7575  0 
 7576  0 
 7577  0 
 7578  0 
 7579  0 
 7580  0 
 7581  0 
 7582  0 
 7583  0 
 7584  0 
 7585  0 
 7586  0 
 7587  0 
 7588  0 
 7589  0 
 7590  0 
 7591  0 
 7592  0 
 7593  0 
 7594  0 
 7595  0 
 7596  0 
 7597  0 
 7598  0 
 7599  0 
 7600  0 
 7601  0 
 7602  0 
 7603  0 
 7604  0 
 7605  0 
 7606  0 
 7607  0 
 7608  0 
 7609  0 
 7610  0 
 7611  0 
 7612  0 
 7613  0 
 7614  0 
 7615  0 
 7616  0 
 7617  0 
 7618  0 
 7619  0 
 7620  0 
 7621  0 
 7622  0 
 7623  0 
 7624  0 
 7625  0 
 7626  0 
 7627  0 
 7628  0 
 7629  0 
 7630  0 
 7631  0 
 7632  0 
 7633  0 
 7634  0 
 7635  0 
 7636  0 
 7637  0 
 7638  0 
 7639  0 
 7640  0 
 7641  0 
 7642  0 
 7643  0 
 7644  0 
 7645  0 
 7646  0 
 7647  0 
 7648  0 
 7649  0 
 7650  0 
 7651  0 
 7652  0 
 7653  0 
 7654  0 
 7655  0 
 7656  0 
 7657  0 
 7658  0 
 7659  0 
 7660  0 
 7661  0 
 7662  0 
 7663  0 
 7664  1 
 7665  0 
 7666  0 
 7667  0 
 7668  0 
 7669  0 
 7670  0 
 7671  0 
 7672  0 
 7673  0 
 7674  0 
 7675  0 
 7676  0 
 7677  0 
 7678  0 
 7679  0 
 7680  0 
 7681  0 
 7682  0 
 7683  0 
 7684  0 
 7685  0 
 7686  0 
 7687  0 
 7688  0 
 7689  0 
 7690  0 
 7691  0 
 7692  0 
 7693  0 
 7694  0 
 7695  0 
 7696  0 
 7697  0 
 7698  0 
 7699  0 
 7700  0 
 7701  0 
 7702  0 
 7703  0 
 7704  0 
 7705  0 
 7706  0 
 7707  0 
 7708  0 
 7709  0 
 7710  0 
 7711  0 
 7712  0 
 7713  0 
 7714  0 
 7715  0 
 7716  0 
 7717  0 
 7718  0 
 7719  0 
 7720  0 
 7721  0 
 7722  0 
 7723  0 
 7724  0 
 7725  0 
 7726  0 
 7727  0 
 7728  0 
 7729  0 
 7730  0 
 7731  0 
 7732  0 
 7733  0 
 7734  0 
 7735  0 
 7736  0 
 7737  0 
 7738  0 
 7739  0 
 7740  0 
 7741  0 
 7742  0 
 7743  0 
 7744  0 
 7745  0 
 7746  0 
 7747  0 
 7748  0 
 7749  0 
 7750  0 
 7751  0 
 7752  0 
 7753  0 
 7754  0 
 7755  0 
 7756  0 
 7757  0 
 7758  0 
 7759  0 
 7760  0 
 7761  0 
 7762  0 
 7763  0 
 7764  0 
 7765  0 
 7766  0 
 7767  0 
 7768  0 
 7769  0 
 7770  0 
 7771  0 
 7772  0 
 7773  0 
 7774  0 
 7775  0 
 7776  0 
 7777  0 
 7778  0 
 7779  0 
 7780  0 
 7781  0 
 7782  0 
 7783  0 
 7784  0 
 7785  0 
 7786  0 
 7787  0 
 7788  0 
 7789  0 
 7790  0 
 7791  0 
 7792  0 
 7793  0 
 7794  0 
 7795  0 
 7796  0 
 7797  0 
 7798  0 
 7799  0 
 7800  0 
 7801  0 
 7802  0 
 7803  0 
 7804  0 
 7805  0 
 7806  0 
 7807  0 
 7808  0 
 7809  0 
 7810  0 
 7811  0 
 7812  0 
 7813  0 
 7814  0 
 7815  0 
 7816  0 
 7817  0 
 7818  0 
 7819  0 
 7820  0 
 7821  0 
 7822  0 
 7823  0 
 7824  0 
 7825  0 
 7826  0 
 7827  0 
 7828  0 
 7829  0 
 7830  0 
 7831  0 
 7832  0 
 7833  0 
 7834  0 
 7835  0 
 7836  0 
 7837  0 
 7838  0 
 7839  0 
 7840  0 
 7841  0 
 7842  0 
 7843  0 
 7844  0 
 7845  0 
 7846  0 
 7847  0 
 7848  0 
 7849  0 
 7850  0 
 7851  0 
 7852  0 
 7853  0 
 7854  0 
 7855  0 
 7856  0 
 7857  0 
 7858  0 
 7859  0 
 7860  0 
 7861  0 
 7862  0 
 7863  0 
 7864  0 
 7865  0 
 7866  0 
 7867  0 
 7868  0 
 7869  0 
 7870  0 
 7871  0 
 7872  0 
 7873  0 
 7874  0 
 7875  0 
 7876  0 
 7877  0 
 7878  0 
 7879  0 
 7880  0 
 7881  0 
 7882  0 
 7883  0 
 7884  0 
 7885  0 
 7886  0 
 7887  0 
 7888  0 
 7889  0 
 7890  0 
 7891  0 
 7892  0 
 7893  0 
 7894  0 
 7895  0 
 7896  0 
 7897  0 
 7898  0 
 7899  0 
 7900  0 
 7901  0 
 7902  0 
 7903  0 
 7904  0 
 7905  0 
 7906  0 
 7907  0 
 7908  0 
 7909  0 
 7910  0 
 7911  0 
 7912  0 
 7913  0 
 7914  0 
 7915  0 
 7916  0 
 7917  0 
 7918  0 
 7919  0 
 7920  0 
 7921  0 
 7922  0 
 7923  0 
 7924  0 
 7925  0 
 7926  0 
 7927  0 
 7928  0 
 7929  0 
 7930  0 
 7931  0 
 7932  0 
 7933  0 
 7934  0 
 7935  0 
 7936  0 
 7937  0 
 7938  0 
 7939  0 
 7940  0 
 7941  0 
 7942  0 
 7943  0 
 7944  0 
 7945  0 
 7946  0 
 7947  0 
 7948  0 
 7949  0 
 7950  0 
 7951  0 
 7952  0 
 7953  0 
 7954  0 
 7955  0 
 7956  0 
 7957  0 
 7958  0 
 7959  0 
 7960  0 
 7961  0 
 7962  0 
 7963  0 
 7964  0 
 7965  0 
 7966  0 
 7967  0 
 7968  0 
 7969  0 
 7970  0 
 7971  0 
 7972  0 
 7973  0 
 7974  0 
 7975  0 
 7976  0 
 7977  0 
 7978  0 
 7979  0 
 7980  0 
 7981  0 
 7982  0 
 7983  0 
 7984  0 
 7985  0 
 7986  0 
 7987  0 
 7988  0 
 7989  0 
 7990  0 
 7991  0 
 7992  0 
 7993  0 
 7994  0 
 7995  0 
 7996  0 
 7997  0 
 7998  0 
 7999  0 
 8000  0 
 8001  0 
 8002  0 
 8003  0 
 8004  0 
 8005  0 
 8006  0 
 8007  0 
 8008  0 
 8009  0 
 8010  0 
 8011  0 
 8012  0 
 8013  0 
 8014  0 
 8015  0 
 8016  0 
 8017  0 
 8018  0 
 8019  0 
 8020  0 
 8021  0 
 8022  0 
 8023  0 
 8024  0 
 8025  0 
 8026  0 
 8027  0 
 8028  0 
 8029  0 
 8030  0 
 8031  0 
 8032  0 
 8033  0 
 8034  0 
 8035  0 
 8036  0 
 8037  0 
 8038  0 
 8039  0 
 8040  0 
 8041  0 
 8042  0 
 8043  0 
 8044  0 
 8045  0 
 8046  0 
 8047  0 
 8048  0 
 8049  0 
 8050  0 
 8051  0 
 8052  0 
 8053  0 
 8054  0 
 8055  0 
 8056  0 
 8057  0 
 8058  0 
 8059  0 
 8060  0 
 8061  0 
 8062  0 
 8063  0 
 8064  0 
 8065  0 
 8066  0 
 8067  0 
 8068  0 
 8069  0 
 8070  0 
 8071  0 
 8072  0 
 8073  0 
 8074  0 
 8075  0 
 8076  0 
 8077  0 
 8078  0 
 8079  0 
 8080  0 
 8081  0 
 8082  0 
 8083  0 
 8084  0 
 8085  0 
 8086  0 
 8087  0 
 8088  0 
 8089  0 
 8090  0 
 8091  0 
 8092  0 
 8093  0 
 8094  0 
 8095  0 
 8096  0 
 8097  0 
 8098  0 
 8099  0 
 8100  0 
 8101  0 
 8102  0 
 8103  0 
 8104  0 
 8105  0 
 8106  0 
 8107  0 
 8108  0 
 8109  0 
 8110  0 
 8111  0 
 8112  0 
 8113  0 
 8114  0 
 8115  0 
 8116  0 
 8117  0 
 8118  0 
 8119  0 
 8120  0 
 8121  0 
 8122  0 
 8123  0 
 8124  0 
 8125  0 
 8126  0 
 8127  0 
 8128  0 
 8129  0 
 8130  0 
 8131  0 
 8132  0 
 8133  0 
 8134  0 
 8135  0 
 8136  0 
 8137  0 
 8138  0 
 8139  0 
 8140  0 
 8141  0 
 8142  0 
 8143  0 
 8144  0 
 8145  0 
 8146  0 
 8147  0 
 8148  0 
 8149  0 
 8150  0 
 8151  0 
 8152  0 
 8153  0 
 8154  0 
 8155  0 
 8156  0 
 8157  0 
 8158  0 
 8159  0 
 8160  0 
 8161  0 
 8162  0 
 8163  0 
 8164  0 
 8165  0 
 8166  0 
 8167  0 
 8168  0 
 8169  0 
 8170  0 
 8171  0 
 8172  0 
 8173  0 
 8174  0 
 8175  0 
 8176  0 
 8177  0 
 8178  0 
 8179  0 
 8180  0 
 8181  0 
 8182  0 
 8183  0 
 8184  0 
 8185  0 
 8186  0 
 8187  0 
 8188  0 
 8189  0 
 8190  0 
 8191  0 
