 0  886 
 1  892 
 2  0 
 3  0 
 4  0 
 5  0 
 6  0 
 7  0 
 8  0 
 9  0 
 10  0 
 11  0 
 12  0 
 13  0 
 14  0 
 15  0 
 16  0 
 17  0 
 18  0 
 19  0 
 20  0 
 21  0 
 22  0 
 23  0 
 24  0 
 25  0 
 26  0 
 27  0 
 28  0 
 29  0 
 30  0 
 31  0 
 32  0 
 33  0 
 34  0 
 35  0 
 36  0 
 37  0 
 38  0 
 39  0 
 40  0 
 41  0 
 42  0 
 43  0 
 44  0 
 45  0 
 46  0 
 47  0 
 48  0 
 49  0 
 50  0 
 51  0 
 52  0 
 53  0 
 54  0 
 55  0 
 56  0 
 57  0 
 58  0 
 59  0 
 60  0 
 61  0 
 62  0 
 63  0 
 64  0 
 65  0 
 66  0 
 67  0 
 68  0 
 69  0 
 70  0 
 71  0 
 72  0 
 73  0 
 74  0 
 75  0 
 76  0 
 77  0 
 78  0 
 79  0 
 80  0 
 81  0 
 82  0 
 83  0 
 84  0 
 85  0 
 86  0 
 87  0 
 88  0 
 89  0 
 90  0 
 91  0 
 92  0 
 93  0 
 94  0 
 95  0 
 96  0 
 97  0 
 98  0 
 99  0 
 100  0 
 101  0 
 102  0 
 103  0 
 104  0 
 105  0 
 106  0 
 107  0 
 108  0 
 109  0 
 110  0 
 111  0 
 112  0 
 113  0 
 114  0 
 115  0 
 116  0 
 117  0 
 118  0 
 119  0 
 120  0 
 121  0 
 122  0 
 123  0 
 124  0 
 125  0 
 126  0 
 127  0 
 128  0 
 129  0 
 130  0 
 131  0 
 132  0 
 133  0 
 134  0 
 135  0 
 136  0 
 137  0 
 138  0 
 139  0 
 140  0 
 141  0 
 142  0 
 143  0 
 144  0 
 145  0 
 146  0 
 147  0 
 148  0 
 149  0 
 150  0 
 151  0 
 152  0 
 153  0 
 154  0 
 155  0 
 156  0 
 157  0 
 158  0 
 159  0 
 160  0 
 161  0 
 162  0 
 163  0 
 164  0 
 165  0 
 166  0 
 167  0 
 168  0 
 169  0 
 170  0 
 171  0 
 172  0 
 173  0 
 174  0 
 175  0 
 176  0 
 177  0 
 178  0 
 179  0 
 180  0 
 181  0 
 182  0 
 183  0 
 184  0 
 185  0 
 186  0 
 187  0 
 188  0 
 189  0 
 190  0 
 191  0 
 192  0 
 193  0 
 194  0 
 195  0 
 196  0 
 197  0 
 198  0 
 199  0 
 200  0 
 201  0 
 202  0 
 203  0 
 204  0 
 205  0 
 206  0 
 207  0 
 208  0 
 209  0 
 210  0 
 211  0 
 212  0 
 213  0 
 214  0 
 215  0 
 216  0 
 217  0 
 218  0 
 219  0 
 220  0 
 221  0 
 222  0 
 223  0 
 224  0 
 225  0 
 226  0 
 227  0 
 228  0 
 229  0 
 230  0 
 231  0 
 232  0 
 233  0 
 234  0 
 235  0 
 236  0 
 237  0 
 238  0 
 239  0 
 240  0 
 241  0 
 242  0 
 243  0 
 244  0 
 245  0 
 246  0 
 247  0 
 248  0 
 249  0 
 250  0 
 251  0 
 252  0 
 253  0 
 254  0 
 255  0 
 256  0 
 257  0 
 258  0 
 259  0 
 260  0 
 261  0 
 262  0 
 263  0 
 264  0 
 265  0 
 266  0 
 267  0 
 268  0 
 269  0 
 270  0 
 271  0 
 272  0 
 273  0 
 274  0 
 275  0 
 276  0 
 277  0 
 278  0 
 279  0 
 280  0 
 281  0 
 282  0 
 283  0 
 284  0 
 285  0 
 286  0 
 287  0 
 288  0 
 289  0 
 290  0 
 291  0 
 292  0 
 293  0 
 294  0 
 295  0 
 296  0 
 297  0 
 298  0 
 299  0 
 300  0 
 301  0 
 302  0 
 303  0 
 304  0 
 305  0 
 306  0 
 307  0 
 308  0 
 309  0 
 310  0 
 311  0 
 312  0 
 313  0 
 314  0 
 315  0 
 316  0 
 317  0 
 318  0 
 319  0 
 320  0 
 321  0 
 322  0 
 323  0 
 324  0 
 325  0 
 326  0 
 327  0 
 328  0 
 329  0 
 330  0 
 331  0 
 332  0 
 333  0 
 334  0 
 335  0 
 336  0 
 337  0 
 338  0 
 339  0 
 340  0 
 341  0 
 342  0 
 343  0 
 344  0 
 345  0 
 346  0 
 347  0 
 348  0 
 349  0 
 350  0 
 351  0 
 352  0 
 353  0 
 354  0 
 355  0 
 356  0 
 357  0 
 358  0 
 359  0 
 360  0 
 361  0 
 362  0 
 363  0 
 364  0 
 365  0 
 366  0 
 367  0 
 368  0 
 369  0 
 370  0 
 371  0 
 372  0 
 373  0 
 374  0 
 375  0 
 376  0 
 377  0 
 378  0 
 379  0 
 380  0 
 381  0 
 382  0 
 383  0 
 384  0 
 385  0 
 386  0 
 387  0 
 388  0 
 389  0 
 390  0 
 391  0 
 392  0 
 393  0 
 394  0 
 395  0 
 396  0 
 397  0 
 398  0 
 399  0 
 400  0 
 401  0 
 402  0 
 403  0 
 404  0 
 405  0 
 406  0 
 407  0 
 408  0 
 409  0 
 410  0 
 411  0 
 412  0 
 413  0 
 414  0 
 415  0 
 416  0 
 417  0 
 418  0 
 419  0 
 420  0 
 421  0 
 422  0 
 423  0 
 424  0 
 425  0 
 426  0 
 427  0 
 428  0 
 429  0 
 430  0 
 431  0 
 432  0 
 433  0 
 434  0 
 435  0 
 436  0 
 437  0 
 438  0 
 439  0 
 440  0 
 441  0 
 442  0 
 443  0 
 444  0 
 445  0 
 446  0 
 447  0 
 448  0 
 449  0 
 450  0 
 451  0 
 452  0 
 453  0 
 454  0 
 455  0 
 456  0 
 457  0 
 458  0 
 459  0 
 460  0 
 461  0 
 462  0 
 463  0 
 464  0 
 465  0 
 466  0 
 467  0 
 468  0 
 469  0 
 470  0 
 471  0 
 472  0 
 473  0 
 474  0 
 475  0 
 476  0 
 477  0 
 478  0 
 479  0 
 480  0 
 481  0 
 482  0 
 483  0 
 484  0 
 485  1 
 486  0 
 487  11 
 488  29 
 489  14 
 490  25 
 491  16 
 492  17 
 493  25 
 494  15 
 495  30 
 496  23 
 497  23 
 498  19 
 499  22 
 500  28 
 501  12 
 502  22 
 503  26 
 504  23 
 505  16 
 506  26 
 507  11 
 508  23 
 509  21 
 510  25 
 511  18 
 512  25 
 513  15 
 514  24 
 515  21 
 516  20 
 517  21 
 518  21 
 519  18 
 520  12 
 521  20 
 522  24 
 523  15 
 524  23 
 525  20 
 526  21 
 527  18 
 528  22 
 529  15 
 530  17 
 531  13 
 532  18 
 533  13 
 534  32 
 535  21 
 536  18 
 537  12 
 538  20 
 539  12 
 540  20 
 541  18 
 542  19 
 543  16 
 544  8 
 545  17 
 546  19 
 547  17 
 548  20 
 549  25 
 550  24 
 551  18 
 552  19 
 553  22 
 554  18 
 555  16 
 556  19 
 557  16 
 558  22 
 559  19 
 560  15 
 561  21 
 562  16 
 563  15 
 564  16 
 565  20 
 566  20 
 567  16 
 568  29 
 569  14 
 570  13 
 571  21 
 572  12 
 573  16 
 574  22 
 575  14 
 576  18 
 577  17 
 578  19 
 579  17 
 580  19 
 581  12 
 582  14 
 583  24 
 584  13 
 585  9 
 586  20 
 587  21 
 588  16 
 589  11 
 590  21 
 591  16 
 592  11 
 593  20 
 594  16 
 595  25 
 596  23 
 597  15 
 598  13 
 599  23 
 600  21 
 601  15 
 602  12 
 603  11 
 604  14 
 605  18 
 606  18 
 607  13 
 608  18 
 609  16 
 610  7 
 611  20 
 612  21 
 613  14 
 614  20 
 615  15 
 616  22 
 617  19 
 618  12 
 619  15 
 620  33 
 621  23 
 622  18 
 623  17 
 624  18 
 625  17 
 626  16 
 627  28 
 628  23 
 629  14 
 630  12 
 631  13 
 632  17 
 633  14 
 634  11 
 635  21 
 636  17 
 637  18 
 638  17 
 639  14 
 640  13 
 641  26 
 642  12 
 643  14 
 644  12 
 645  18 
 646  24 
 647  21 
 648  16 
 649  12 
 650  20 
 651  19 
 652  18 
 653  16 
 654  15 
 655  19 
 656  24 
 657  19 
 658  13 
 659  18 
 660  16 
 661  13 
 662  15 
 663  20 
 664  15 
 665  12 
 666  21 
 667  22 
 668  13 
 669  17 
 670  14 
 671  14 
 672  17 
 673  21 
 674  18 
 675  17 
 676  23 
 677  20 
 678  13 
 679  18 
 680  15 
 681  11 
 682  13 
 683  9 
 684  12 
 685  17 
 686  14 
 687  13 
 688  13 
 689  22 
 690  11 
 691  19 
 692  20 
 693  11 
 694  19 
 695  20 
 696  25 
 697  17 
 698  12 
 699  17 
 700  18 
 701  20 
 702  14 
 703  23 
 704  17 
 705  21 
 706  18 
 707  17 
 708  14 
 709  22 
 710  14 
 711  11 
 712  13 
 713  13 
 714  21 
 715  19 
 716  16 
 717  19 
 718  15 
 719  20 
 720  17 
 721  15 
 722  16 
 723  10 
 724  13 
 725  17 
 726  13 
 727  15 
 728  15 
 729  17 
 730  19 
 731  15 
 732  17 
 733  19 
 734  31 
 735  15 
 736  13 
 737  8 
 738  16 
 739  22 
 740  12 
 741  13 
 742  12 
 743  21 
 744  20 
 745  14 
 746  20 
 747  18 
 748  12 
 749  13 
 750  19 
 751  16 
 752  14 
 753  14 
 754  17 
 755  16 
 756  13 
 757  16 
 758  18 
 759  17 
 760  16 
 761  19 
 762  16 
 763  18 
 764  12 
 765  18 
 766  16 
 767  22 
 768  22 
 769  11 
 770  14 
 771  17 
 772  24 
 773  12 
 774  18 
 775  4 
 776  20 
 777  12 
 778  13 
 779  15 
 780  9 
 781  16 
 782  11 
 783  22 
 784  14 
 785  7 
 786  12 
 787  13 
 788  15 
 789  9 
 790  12 
 791  17 
 792  15 
 793  14 
 794  12 
 795  13 
 796  15 
 797  24 
 798  15 
 799  8 
 800  12 
 801  16 
 802  18 
 803  15 
 804  13 
 805  12 
 806  7 
 807  14 
 808  17 
 809  17 
 810  12 
 811  12 
 812  8 
 813  12 
 814  18 
 815  13 
 816  12 
 817  13 
 818  16 
 819  11 
 820  17 
 821  14 
 822  19 
 823  16 
 824  16 
 825  12 
 826  12 
 827  10 
 828  21 
 829  6 
 830  13 
 831  19 
 832  14 
 833  18 
 834  8 
 835  10 
 836  20 
 837  14 
 838  20 
 839  10 
 840  16 
 841  9 
 842  8 
 843  19 
 844  10 
 845  13 
 846  12 
 847  18 
 848  11 
 849  12 
 850  8 
 851  20 
 852  20 
 853  13 
 854  12 
 855  16 
 856  18 
 857  19 
 858  14 
 859  15 
 860  21 
 861  16 
 862  14 
 863  15 
 864  13 
 865  8 
 866  19 
 867  10 
 868  17 
 869  16 
 870  9 
 871  16 
 872  8 
 873  21 
 874  12 
 875  12 
 876  14 
 877  17 
 878  13 
 879  12 
 880  12 
 881  12 
 882  10 
 883  10 
 884  12 
 885  21 
 886  14 
 887  17 
 888  10 
 889  17 
 890  15 
 891  12 
 892  21 
 893  11 
 894  8 
 895  7 
 896  18 
 897  18 
 898  19 
 899  19 
 900  14 
 901  12 
 902  11 
 903  14 
 904  14 
 905  20 
 906  16 
 907  13 
 908  18 
 909  14 
 910  9 
 911  11 
 912  13 
 913  13 
 914  12 
 915  15 
 916  19 
 917  14 
 918  15 
 919  17 
 920  21 
 921  12 
 922  14 
 923  15 
 924  10 
 925  14 
 926  15 
 927  14 
 928  12 
 929  18 
 930  11 
 931  11 
 932  15 
 933  16 
 934  14 
 935  18 
 936  17 
 937  12 
 938  17 
 939  12 
 940  8 
 941  11 
 942  9 
 943  19 
 944  21 
 945  10 
 946  14 
 947  14 
 948  13 
 949  13 
 950  14 
 951  7 
 952  8 
 953  12 
 954  13 
 955  12 
 956  11 
 957  17 
 958  18 
 959  12 
 960  14 
 961  20 
 962  8 
 963  13 
 964  15 
 965  14 
 966  14 
 967  13 
 968  8 
 969  10 
 970  17 
 971  11 
 972  18 
 973  13 
 974  15 
 975  15 
 976  9 
 977  11 
 978  5 
 979  18 
 980  13 
 981  17 
 982  11 
 983  16 
 984  12 
 985  7 
 986  14 
 987  11 
 988  10 
 989  14 
 990  12 
 991  16 
 992  8 
 993  16 
 994  12 
 995  12 
 996  16 
 997  17 
 998  13 
 999  15 
 1000  15 
 1001  11 
 1002  14 
 1003  10 
 1004  13 
 1005  15 
 1006  15 
 1007  15 
 1008  17 
 1009  8 
 1010  14 
 1011  13 
 1012  12 
 1013  17 
 1014  7 
 1015  8 
 1016  12 
 1017  17 
 1018  10 
 1019  14 
 1020  11 
 1021  17 
 1022  16 
 1023  12 
 1024  10 
 1025  15 
 1026  14 
 1027  8 
 1028  19 
 1029  9 
 1030  8 
 1031  10 
 1032  19 
 1033  12 
 1034  12 
 1035  12 
 1036  17 
 1037  14 
 1038  12 
 1039  10 
 1040  14 
 1041  13 
 1042  20 
 1043  11 
 1044  15 
 1045  14 
 1046  7 
 1047  9 
 1048  10 
 1049  14 
 1050  23 
 1051  9 
 1052  18 
 1053  12 
 1054  15 
 1055  6 
 1056  13 
 1057  15 
 1058  18 
 1059  16 
 1060  9 
 1061  7 
 1062  9 
 1063  14 
 1064  12 
 1065  13 
 1066  8 
 1067  23 
 1068  14 
 1069  19 
 1070  15 
 1071  9 
 1072  15 
 1073  10 
 1074  10 
 1075  13 
 1076  11 
 1077  10 
 1078  23 
 1079  9 
 1080  14 
 1081  15 
 1082  10 
 1083  22 
 1084  7 
 1085  13 
 1086  11 
 1087  16 
 1088  13 
 1089  10 
 1090  21 
 1091  18 
 1092  16 
 1093  18 
 1094  9 
 1095  12 
 1096  14 
 1097  11 
 1098  7 
 1099  11 
 1100  21 
 1101  7 
 1102  12 
 1103  13 
 1104  12 
 1105  21 
 1106  18 
 1107  9 
 1108  11 
 1109  11 
 1110  10 
 1111  11 
 1112  9 
 1113  14 
 1114  12 
 1115  12 
 1116  17 
 1117  7 
 1118  5 
 1119  10 
 1120  7 
 1121  16 
 1122  12 
 1123  6 
 1124  9 
 1125  8 
 1126  8 
 1127  13 
 1128  9 
 1129  13 
 1130  15 
 1131  8 
 1132  12 
 1133  15 
 1134  16 
 1135  13 
 1136  8 
 1137  15 
 1138  8 
 1139  14 
 1140  15 
 1141  10 
 1142  13 
 1143  11 
 1144  11 
 1145  16 
 1146  11 
 1147  17 
 1148  11 
 1149  7 
 1150  12 
 1151  20 
 1152  10 
 1153  14 
 1154  13 
 1155  9 
 1156  11 
 1157  6 
 1158  11 
 1159  12 
 1160  14 
 1161  10 
 1162  10 
 1163  10 
 1164  9 
 1165  13 
 1166  15 
 1167  6 
 1168  6 
 1169  11 
 1170  11 
 1171  9 
 1172  13 
 1173  20 
 1174  9 
 1175  9 
 1176  15 
 1177  8 
 1178  16 
 1179  7 
 1180  14 
 1181  14 
 1182  11 
 1183  13 
 1184  8 
 1185  6 
 1186  9 
 1187  8 
 1188  5 
 1189  15 
 1190  18 
 1191  16 
 1192  20 
 1193  8 
 1194  13 
 1195  14 
 1196  8 
 1197  15 
 1198  5 
 1199  13 
 1200  12 
 1201  11 
 1202  11 
 1203  7 
 1204  14 
 1205  9 
 1206  13 
 1207  10 
 1208  15 
 1209  6 
 1210  11 
 1211  11 
 1212  12 
 1213  10 
 1214  11 
 1215  10 
 1216  13 
 1217  17 
 1218  10 
 1219  6 
 1220  18 
 1221  7 
 1222  17 
 1223  12 
 1224  10 
 1225  11 
 1226  11 
 1227  14 
 1228  13 
 1229  9 
 1230  13 
 1231  12 
 1232  12 
 1233  12 
 1234  10 
 1235  10 
 1236  10 
 1237  9 
 1238  11 
 1239  7 
 1240  12 
 1241  10 
 1242  9 
 1243  10 
 1244  8 
 1245  10 
 1246  11 
 1247  12 
 1248  8 
 1249  10 
 1250  15 
 1251  11 
 1252  6 
 1253  10 
 1254  14 
 1255  8 
 1256  9 
 1257  15 
 1258  15 
 1259  12 
 1260  11 
 1261  9 
 1262  12 
 1263  10 
 1264  7 
 1265  15 
 1266  13 
 1267  15 
 1268  10 
 1269  9 
 1270  10 
 1271  11 
 1272  8 
 1273  9 
 1274  16 
 1275  12 
 1276  4 
 1277  16 
 1278  10 
 1279  11 
 1280  12 
 1281  15 
 1282  13 
 1283  14 
 1284  5 
 1285  5 
 1286  4 
 1287  10 
 1288  7 
 1289  12 
 1290  10 
 1291  6 
 1292  7 
 1293  12 
 1294  13 
 1295  9 
 1296  18 
 1297  5 
 1298  10 
 1299  10 
 1300  8 
 1301  9 
 1302  7 
 1303  15 
 1304  12 
 1305  14 
 1306  7 
 1307  11 
 1308  10 
 1309  6 
 1310  11 
 1311  8 
 1312  12 
 1313  10 
 1314  7 
 1315  10 
 1316  7 
 1317  10 
 1318  17 
 1319  5 
 1320  9 
 1321  11 
 1322  5 
 1323  9 
 1324  10 
 1325  10 
 1326  10 
 1327  10 
 1328  16 
 1329  16 
 1330  12 
 1331  10 
 1332  8 
 1333  13 
 1334  6 
 1335  16 
 1336  7 
 1337  6 
 1338  7 
 1339  9 
 1340  6 
 1341  9 
 1342  10 
 1343  10 
 1344  10 
 1345  11 
 1346  12 
 1347  14 
 1348  11 
 1349  11 
 1350  10 
 1351  11 
 1352  10 
 1353  11 
 1354  16 
 1355  12 
 1356  9 
 1357  5 
 1358  11 
 1359  12 
 1360  12 
 1361  10 
 1362  10 
 1363  11 
 1364  3 
 1365  10 
 1366  5 
 1367  10 
 1368  12 
 1369  6 
 1370  10 
 1371  11 
 1372  12 
 1373  12 
 1374  8 
 1375  12 
 1376  11 
 1377  10 
 1378  7 
 1379  13 
 1380  14 
 1381  24 
 1382  10 
 1383  7 
 1384  9 
 1385  9 
 1386  12 
 1387  12 
 1388  10 
 1389  13 
 1390  14 
 1391  8 
 1392  9 
 1393  12 
 1394  9 
 1395  12 
 1396  6 
 1397  11 
 1398  12 
 1399  12 
 1400  11 
 1401  5 
 1402  10 
 1403  8 
 1404  9 
 1405  10 
 1406  8 
 1407  13 
 1408  10 
 1409  15 
 1410  11 
 1411  11 
 1412  10 
 1413  13 
 1414  8 
 1415  16 
 1416  9 
 1417  12 
 1418  14 
 1419  13 
 1420  7 
 1421  15 
 1422  3 
 1423  11 
 1424  10 
 1425  6 
 1426  11 
 1427  13 
 1428  9 
 1429  8 
 1430  15 
 1431  7 
 1432  5 
 1433  9 
 1434  13 
 1435  12 
 1436  7 
 1437  8 
 1438  14 
 1439  7 
 1440  14 
 1441  15 
 1442  13 
 1443  18 
 1444  16 
 1445  12 
 1446  11 
 1447  13 
 1448  9 
 1449  10 
 1450  8 
 1451  6 
 1452  7 
 1453  11 
 1454  10 
 1455  14 
 1456  13 
 1457  5 
 1458  15 
 1459  8 
 1460  9 
 1461  1 
 1462  10 
 1463  10 
 1464  15 
 1465  19 
 1466  12 
 1467  17 
 1468  17 
 1469  17 
 1470  12 
 1471  8 
 1472  7 
 1473  7 
 1474  14 
 1475  9 
 1476  12 
 1477  13 
 1478  12 
 1479  6 
 1480  13 
 1481  7 
 1482  9 
 1483  10 
 1484  12 
 1485  10 
 1486  12 
 1487  11 
 1488  7 
 1489  17 
 1490  12 
 1491  20 
 1492  16 
 1493  10 
 1494  8 
 1495  16 
 1496  16 
 1497  15 
 1498  10 
 1499  9 
 1500  15 
 1501  13 
 1502  10 
 1503  17 
 1504  11 
 1505  12 
 1506  12 
 1507  10 
 1508  12 
 1509  16 
 1510  19 
 1511  12 
 1512  13 
 1513  8 
 1514  7 
 1515  13 
 1516  14 
 1517  12 
 1518  12 
 1519  10 
 1520  13 
 1521  13 
 1522  13 
 1523  10 
 1524  12 
 1525  14 
 1526  17 
 1527  13 
 1528  12 
 1529  16 
 1530  10 
 1531  15 
 1532  13 
 1533  12 
 1534  16 
 1535  14 
 1536  18 
 1537  10 
 1538  12 
 1539  14 
 1540  19 
 1541  12 
 1542  13 
 1543  3 
 1544  9 
 1545  9 
 1546  14 
 1547  8 
 1548  11 
 1549  10 
 1550  11 
 1551  11 
 1552  13 
 1553  15 
 1554  9 
 1555  9 
 1556  9 
 1557  14 
 1558  9 
 1559  11 
 1560  6 
 1561  14 
 1562  6 
 1563  15 
 1564  10 
 1565  8 
 1566  13 
 1567  12 
 1568  10 
 1569  6 
 1570  7 
 1571  6 
 1572  13 
 1573  8 
 1574  6 
 1575  6 
 1576  7 
 1577  8 
 1578  9 
 1579  10 
 1580  9 
 1581  9 
 1582  14 
 1583  12 
 1584  9 
 1585  9 
 1586  9 
 1587  6 
 1588  16 
 1589  13 
 1590  13 
 1591  8 
 1592  6 
 1593  11 
 1594  9 
 1595  7 
 1596  9 
 1597  11 
 1598  8 
 1599  7 
 1600  6 
 1601  12 
 1602  15 
 1603  9 
 1604  8 
 1605  7 
 1606  9 
 1607  13 
 1608  9 
 1609  11 
 1610  12 
 1611  8 
 1612  7 
 1613  9 
 1614  6 
 1615  6 
 1616  9 
 1617  7 
 1618  6 
 1619  10 
 1620  10 
 1621  16 
 1622  3 
 1623  14 
 1624  5 
 1625  13 
 1626  12 
 1627  10 
 1628  9 
 1629  7 
 1630  7 
 1631  7 
 1632  6 
 1633  10 
 1634  9 
 1635  11 
 1636  4 
 1637  10 
 1638  13 
 1639  15 
 1640  8 
 1641  3 
 1642  13 
 1643  7 
 1644  6 
 1645  9 
 1646  10 
 1647  11 
 1648  6 
 1649  9 
 1650  13 
 1651  11 
 1652  9 
 1653  10 
 1654  7 
 1655  11 
 1656  9 
 1657  13 
 1658  9 
 1659  11 
 1660  7 
 1661  14 
 1662  8 
 1663  3 
 1664  6 
 1665  7 
 1666  8 
 1667  6 
 1668  11 
 1669  16 
 1670  8 
 1671  8 
 1672  12 
 1673  9 
 1674  7 
 1675  10 
 1676  8 
 1677  8 
 1678  7 
 1679  9 
 1680  4 
 1681  7 
 1682  17 
 1683  5 
 1684  10 
 1685  6 
 1686  8 
 1687  9 
 1688  10 
 1689  8 
 1690  13 
 1691  9 
 1692  10 
 1693  5 
 1694  6 
 1695  12 
 1696  17 
 1697  8 
 1698  8 
 1699  5 
 1700  6 
 1701  7 
 1702  13 
 1703  12 
 1704  12 
 1705  10 
 1706  7 
 1707  7 
 1708  11 
 1709  12 
 1710  9 
 1711  13 
 1712  4 
 1713  5 
 1714  6 
 1715  10 
 1716  5 
 1717  9 
 1718  8 
 1719  9 
 1720  11 
 1721  7 
 1722  4 
 1723  7 
 1724  8 
 1725  6 
 1726  11 
 1727  15 
 1728  5 
 1729  7 
 1730  9 
 1731  11 
 1732  8 
 1733  9 
 1734  4 
 1735  10 
 1736  11 
 1737  7 
 1738  7 
 1739  4 
 1740  6 
 1741  8 
 1742  6 
 1743  12 
 1744  9 
 1745  8 
 1746  13 
 1747  9 
 1748  14 
 1749  8 
 1750  7 
 1751  11 
 1752  8 
 1753  17 
 1754  10 
 1755  5 
 1756  6 
 1757  4 
 1758  11 
 1759  7 
 1760  12 
 1761  7 
 1762  7 
 1763  6 
 1764  11 
 1765  8 
 1766  13 
 1767  6 
 1768  9 
 1769  9 
 1770  4 
 1771  11 
 1772  13 
 1773  8 
 1774  12 
 1775  6 
 1776  9 
 1777  7 
 1778  11 
 1779  7 
 1780  7 
 1781  12 
 1782  10 
 1783  9 
 1784  8 
 1785  10 
 1786  7 
 1787  9 
 1788  12 
 1789  16 
 1790  4 
 1791  7 
 1792  7 
 1793  8 
 1794  13 
 1795  9 
 1796  8 
 1797  11 
 1798  7 
 1799  14 
 1800  8 
 1801  18 
 1802  8 
 1803  10 
 1804  7 
 1805  5 
 1806  8 
 1807  9 
 1808  10 
 1809  8 
 1810  7 
 1811  3 
 1812  9 
 1813  11 
 1814  8 
 1815  8 
 1816  10 
 1817  10 
 1818  5 
 1819  7 
 1820  11 
 1821  5 
 1822  13 
 1823  11 
 1824  8 
 1825  14 
 1826  13 
 1827  10 
 1828  13 
 1829  6 
 1830  10 
 1831  4 
 1832  10 
 1833  13 
 1834  12 
 1835  5 
 1836  12 
 1837  10 
 1838  5 
 1839  5 
 1840  11 
 1841  8 
 1842  10 
 1843  15 
 1844  9 
 1845  9 
 1846  13 
 1847  10 
 1848  6 
 1849  12 
 1850  6 
 1851  6 
 1852  10 
 1853  4 
 1854  7 
 1855  7 
 1856  15 
 1857  9 
 1858  5 
 1859  13 
 1860  11 
 1861  14 
 1862  7 
 1863  8 
 1864  9 
 1865  9 
 1866  9 
 1867  11 
 1868  9 
 1869  11 
 1870  8 
 1871  8 
 1872  4 
 1873  8 
 1874  4 
 1875  11 
 1876  7 
 1877  10 
 1878  8 
 1879  13 
 1880  13 
 1881  8 
 1882  12 
 1883  5 
 1884  7 
 1885  6 
 1886  8 
 1887  17 
 1888  8 
 1889  3 
 1890  9 
 1891  9 
 1892  7 
 1893  15 
 1894  4 
 1895  11 
 1896  10 
 1897  4 
 1898  8 
 1899  5 
 1900  7 
 1901  8 
 1902  9 
 1903  10 
 1904  7 
 1905  10 
 1906  9 
 1907  9 
 1908  4 
 1909  11 
 1910  9 
 1911  14 
 1912  11 
 1913  8 
 1914  7 
 1915  7 
 1916  11 
 1917  12 
 1918  12 
 1919  13 
 1920  6 
 1921  8 
 1922  6 
 1923  10 
 1924  10 
 1925  11 
 1926  5 
 1927  6 
 1928  10 
 1929  10 
 1930  7 
 1931  6 
 1932  10 
 1933  7 
 1934  3 
 1935  6 
 1936  11 
 1937  8 
 1938  14 
 1939  6 
 1940  9 
 1941  12 
 1942  9 
 1943  8 
 1944  8 
 1945  10 
 1946  14 
 1947  7 
 1948  9 
 1949  3 
 1950  13 
 1951  9 
 1952  9 
 1953  7 
 1954  8 
 1955  9 
 1956  5 
 1957  11 
 1958  7 
 1959  6 
 1960  6 
 1961  15 
 1962  4 
 1963  9 
 1964  6 
 1965  8 
 1966  9 
 1967  11 
 1968  12 
 1969  8 
 1970  11 
 1971  12 
 1972  8 
 1973  6 
 1974  7 
 1975  12 
 1976  7 
 1977  10 
 1978  12 
 1979  9 
 1980  4 
 1981  12 
 1982  10 
 1983  6 
 1984  9 
 1985  7 
 1986  9 
 1987  8 
 1988  11 
 1989  11 
 1990  11 
 1991  8 
 1992  9 
 1993  4 
 1994  10 
 1995  6 
 1996  8 
 1997  9 
 1998  10 
 1999  3 
 2000  3 
 2001  13 
 2002  11 
 2003  10 
 2004  5 
 2005  6 
 2006  13 
 2007  10 
 2008  9 
 2009  8 
 2010  8 
 2011  15 
 2012  5 
 2013  7 
 2014  5 
 2015  10 
 2016  5 
 2017  6 
 2018  9 
 2019  13 
 2020  10 
 2021  6 
 2022  8 
 2023  7 
 2024  5 
 2025  7 
 2026  4 
 2027  6 
 2028  5 
 2029  12 
 2030  8 
 2031  10 
 2032  6 
 2033  6 
 2034  8 
 2035  12 
 2036  11 
 2037  12 
 2038  11 
 2039  7 
 2040  9 
 2041  11 
 2042  8 
 2043  6 
 2044  7 
 2045  16 
 2046  7 
 2047  4 
 2048  10 
 2049  7 
 2050  4 
 2051  8 
 2052  14 
 2053  4 
 2054  7 
 2055  11 
 2056  7 
 2057  7 
 2058  9 
 2059  2 
 2060  13 
 2061  10 
 2062  8 
 2063  6 
 2064  10 
 2065  8 
 2066  5 
 2067  11 
 2068  6 
 2069  8 
 2070  10 
 2071  7 
 2072  10 
 2073  5 
 2074  9 
 2075  10 
 2076  6 
 2077  12 
 2078  14 
 2079  13 
 2080  13 
 2081  12 
 2082  7 
 2083  5 
 2084  9 
 2085  9 
 2086  9 
 2087  4 
 2088  6 
 2089  7 
 2090  16 
 2091  6 
 2092  9 
 2093  7 
 2094  10 
 2095  10 
 2096  5 
 2097  8 
 2098  7 
 2099  13 
 2100  7 
 2101  14 
 2102  5 
 2103  17 
 2104  3 
 2105  10 
 2106  13 
 2107  10 
 2108  11 
 2109  7 
 2110  8 
 2111  8 
 2112  9 
 2113  11 
 2114  9 
 2115  6 
 2116  3 
 2117  8 
 2118  11 
 2119  10 
 2120  7 
 2121  9 
 2122  6 
 2123  13 
 2124  8 
 2125  12 
 2126  5 
 2127  4 
 2128  14 
 2129  9 
 2130  10 
 2131  8 
 2132  9 
 2133  6 
 2134  4 
 2135  9 
 2136  5 
 2137  11 
 2138  8 
 2139  7 
 2140  8 
 2141  11 
 2142  11 
 2143  7 
 2144  11 
 2145  4 
 2146  9 
 2147  12 
 2148  16 
 2149  6 
 2150  11 
 2151  11 
 2152  5 
 2153  4 
 2154  10 
 2155  6 
 2156  7 
 2157  16 
 2158  10 
 2159  10 
 2160  14 
 2161  12 
 2162  14 
 2163  16 
 2164  11 
 2165  8 
 2166  8 
 2167  13 
 2168  10 
 2169  9 
 2170  11 
 2171  14 
 2172  12 
 2173  14 
 2174  13 
 2175  11 
 2176  13 
 2177  9 
 2178  12 
 2179  12 
 2180  10 
 2181  12 
 2182  9 
 2183  12 
 2184  14 
 2185  10 
 2186  14 
 2187  6 
 2188  18 
 2189  11 
 2190  10 
 2191  7 
 2192  12 
 2193  15 
 2194  4 
 2195  13 
 2196  12 
 2197  9 
 2198  13 
 2199  7 
 2200  16 
 2201  15 
 2202  16 
 2203  18 
 2204  18 
 2205  18 
 2206  18 
 2207  9 
 2208  12 
 2209  18 
 2210  15 
 2211  11 
 2212  18 
 2213  13 
 2214  17 
 2215  18 
 2216  13 
 2217  23 
 2218  18 
 2219  20 
 2220  27 
 2221  15 
 2222  26 
 2223  13 
 2224  16 
 2225  32 
 2226  22 
 2227  18 
 2228  22 
 2229  22 
 2230  23 
 2231  8 
 2232  15 
 2233  27 
 2234  18 
 2235  12 
 2236  23 
 2237  19 
 2238  20 
 2239  22 
 2240  8 
 2241  19 
 2242  22 
 2243  24 
 2244  13 
 2245  15 
 2246  18 
 2247  14 
 2248  15 
 2249  16 
 2250  16 
 2251  23 
 2252  13 
 2253  15 
 2254  12 
 2255  20 
 2256  20 
 2257  20 
 2258  8 
 2259  23 
 2260  30 
 2261  18 
 2262  15 
 2263  10 
 2264  19 
 2265  9 
 2266  14 
 2267  10 
 2268  20 
 2269  12 
 2270  15 
 2271  15 
 2272  15 
 2273  11 
 2274  12 
 2275  17 
 2276  13 
 2277  20 
 2278  20 
 2279  12 
 2280  15 
 2281  12 
 2282  17 
 2283  15 
 2284  13 
 2285  19 
 2286  20 
 2287  19 
 2288  18 
 2289  23 
 2290  24 
 2291  14 
 2292  32 
 2293  25 
 2294  20 
 2295  18 
 2296  28 
 2297  24 
 2298  25 
 2299  21 
 2300  22 
 2301  37 
 2302  26 
 2303  28 
 2304  26 
 2305  26 
 2306  27 
 2307  29 
 2308  38 
 2309  25 
 2310  48 
 2311  30 
 2312  30 
 2313  35 
 2314  45 
 2315  39 
 2316  46 
 2317  46 
 2318  38 
 2319  46 
 2320  62 
 2321  34 
 2322  40 
 2323  58 
 2324  53 
 2325  55 
 2326  55 
 2327  62 
 2328  66 
 2329  57 
 2330  63 
 2331  64 
 2332  60 
 2333  59 
 2334  66 
 2335  69 
 2336  72 
 2337  59 
 2338  62 
 2339  82 
 2340  69 
 2341  77 
 2342  67 
 2343  73 
 2344  86 
 2345  85 
 2346  68 
 2347  82 
 2348  80 
 2349  69 
 2350  61 
 2351  69 
 2352  56 
 2353  67 
 2354  60 
 2355  59 
 2356  57 
 2357  70 
 2358  44 
 2359  71 
 2360  48 
 2361  52 
 2362  58 
 2363  56 
 2364  40 
 2365  38 
 2366  35 
 2367  52 
 2368  38 
 2369  34 
 2370  36 
 2371  31 
 2372  25 
 2373  33 
 2374  24 
 2375  29 
 2376  24 
 2377  27 
 2378  29 
 2379  28 
 2380  20 
 2381  16 
 2382  23 
 2383  13 
 2384  14 
 2385  19 
 2386  11 
 2387  13 
 2388  10 
 2389  13 
 2390  14 
 2391  17 
 2392  8 
 2393  13 
 2394  10 
 2395  13 
 2396  10 
 2397  9 
 2398  11 
 2399  9 
 2400  9 
 2401  12 
 2402  8 
 2403  10 
 2404  10 
 2405  5 
 2406  10 
 2407  14 
 2408  4 
 2409  6 
 2410  11 
 2411  13 
 2412  13 
 2413  13 
 2414  6 
 2415  14 
 2416  9 
 2417  9 
 2418  19 
 2419  10 
 2420  12 
 2421  7 
 2422  8 
 2423  9 
 2424  7 
 2425  8 
 2426  10 
 2427  6 
 2428  13 
 2429  8 
 2430  10 
 2431  7 
 2432  10 
 2433  11 
 2434  8 
 2435  10 
 2436  10 
 2437  9 
 2438  12 
 2439  11 
 2440  13 
 2441  12 
 2442  11 
 2443  8 
 2444  12 
 2445  9 
 2446  12 
 2447  14 
 2448  12 
 2449  7 
 2450  14 
 2451  6 
 2452  9 
 2453  10 
 2454  15 
 2455  13 
 2456  17 
 2457  10 
 2458  13 
 2459  12 
 2460  5 
 2461  13 
 2462  10 
 2463  11 
 2464  13 
 2465  11 
 2466  6 
 2467  11 
 2468  9 
 2469  11 
 2470  10 
 2471  10 
 2472  13 
 2473  8 
 2474  15 
 2475  12 
 2476  15 
 2477  15 
 2478  6 
 2479  16 
 2480  9 
 2481  14 
 2482  18 
 2483  8 
 2484  8 
 2485  13 
 2486  11 
 2487  8 
 2488  13 
 2489  13 
 2490  11 
 2491  9 
 2492  10 
 2493  18 
 2494  13 
 2495  13 
 2496  15 
 2497  15 
 2498  14 
 2499  9 
 2500  9 
 2501  14 
 2502  14 
 2503  9 
 2504  9 
 2505  13 
 2506  7 
 2507  17 
 2508  12 
 2509  14 
 2510  14 
 2511  14 
 2512  14 
 2513  11 
 2514  19 
 2515  12 
 2516  12 
 2517  13 
 2518  17 
 2519  9 
 2520  8 
 2521  20 
 2522  8 
 2523  16 
 2524  15 
 2525  16 
 2526  12 
 2527  16 
 2528  17 
 2529  10 
 2530  9 
 2531  7 
 2532  10 
 2533  22 
 2534  9 
 2535  17 
 2536  9 
 2537  16 
 2538  16 
 2539  16 
 2540  14 
 2541  10 
 2542  8 
 2543  12 
 2544  11 
 2545  16 
 2546  12 
 2547  20 
 2548  21 
 2549  17 
 2550  20 
 2551  25 
 2552  9 
 2553  14 
 2554  14 
 2555  12 
 2556  11 
 2557  18 
 2558  13 
 2559  17 
 2560  14 
 2561  19 
 2562  13 
 2563  13 
 2564  15 
 2565  20 
 2566  16 
 2567  16 
 2568  15 
 2569  21 
 2570  20 
 2571  16 
 2572  16 
 2573  26 
 2574  28 
 2575  12 
 2576  17 
 2577  32 
 2578  19 
 2579  20 
 2580  25 
 2581  24 
 2582  19 
 2583  29 
 2584  25 
 2585  25 
 2586  30 
 2587  30 
 2588  39 
 2589  43 
 2590  32 
 2591  29 
 2592  34 
 2593  31 
 2594  38 
 2595  40 
 2596  34 
 2597  46 
 2598  40 
 2599  44 
 2600  46 
 2601  43 
 2602  47 
 2603  55 
 2604  59 
 2605  53 
 2606  53 
 2607  77 
 2608  54 
 2609  75 
 2610  81 
 2611  81 
 2612  74 
 2613  101 
 2614  80 
 2615  101 
 2616  101 
 2617  104 
 2618  113 
 2619  124 
 2620  130 
 2621  167 
 2622  144 
 2623  119 
 2624  150 
 2625  170 
 2626  182 
 2627  202 
 2628  184 
 2629  201 
 2630  220 
 2631  203 
 2632  223 
 2633  232 
 2634  257 
 2635  268 
 2636  267 
 2637  309 
 2638  341 
 2639  335 
 2640  375 
 2641  369 
 2642  386 
 2643  388 
 2644  482 
 2645  506 
 2646  516 
 2647  593 
 2648  661 
 2649  691 
 2650  752 
 2651  743 
 2652  888 
 2653  884 
 2654  1002 
 2655  1149 
 2656  1179 
 2657  1336 
 2658  1378 
 2659  1481 
 2660  1485 
 2661  1700 
 2662  1726 
 2663  1841 
 2664  1961 
 2665  1958 
 2666  2082 
 2667  2125 
 2668  2088 
 2669  2213 
 2670  2214 
 2671  2113 
 2672  2222 
 2673  2160 
 2674  2036 
 2675  2025 
 2676  1992 
 2677  1822 
 2678  1772 
 2679  1691 
 2680  1513 
 2681  1447 
 2682  1352 
 2683  1243 
 2684  1092 
 2685  992 
 2686  867 
 2687  832 
 2688  688 
 2689  600 
 2690  513 
 2691  473 
 2692  415 
 2693  338 
 2694  287 
 2695  232 
 2696  178 
 2697  187 
 2698  157 
 2699  103 
 2700  115 
 2701  98 
 2702  73 
 2703  80 
 2704  55 
 2705  58 
 2706  60 
 2707  40 
 2708  29 
 2709  52 
 2710  45 
 2711  43 
 2712  45 
 2713  41 
 2714  39 
 2715  27 
 2716  29 
 2717  22 
 2718  18 
 2719  26 
 2720  22 
 2721  30 
 2722  27 
 2723  32 
 2724  23 
 2725  23 
 2726  19 
 2727  12 
 2728  16 
 2729  13 
 2730  23 
 2731  27 
 2732  19 
 2733  11 
 2734  20 
 2735  14 
 2736  28 
 2737  18 
 2738  11 
 2739  11 
 2740  27 
 2741  15 
 2742  13 
 2743  29 
 2744  28 
 2745  25 
 2746  22 
 2747  20 
 2748  20 
 2749  16 
 2750  19 
 2751  28 
 2752  19 
 2753  20 
 2754  25 
 2755  24 
 2756  24 
 2757  32 
 2758  29 
 2759  36 
 2760  37 
 2761  22 
 2762  41 
 2763  38 
 2764  28 
 2765  42 
 2766  30 
 2767  52 
 2768  52 
 2769  45 
 2770  48 
 2771  53 
 2772  58 
 2773  54 
 2774  79 
 2775  66 
 2776  77 
 2777  69 
 2778  89 
 2779  78 
 2780  85 
 2781  83 
 2782  85 
 2783  103 
 2784  97 
 2785  79 
 2786  92 
 2787  79 
 2788  85 
 2789  86 
 2790  87 
 2791  85 
 2792  75 
 2793  66 
 2794  67 
 2795  47 
 2796  74 
 2797  60 
 2798  44 
 2799  41 
 2800  52 
 2801  35 
 2802  39 
 2803  28 
 2804  21 
 2805  28 
 2806  27 
 2807  15 
 2808  18 
 2809  13 
 2810  10 
 2811  7 
 2812  13 
 2813  10 
 2814  11 
 2815  11 
 2816  12 
 2817  14 
 2818  9 
 2819  8 
 2820  7 
 2821  5 
 2822  5 
 2823  6 
 2824  10 
 2825  12 
 2826  13 
 2827  6 
 2828  11 
 2829  9 
 2830  8 
 2831  16 
 2832  13 
 2833  10 
 2834  11 
 2835  9 
 2836  8 
 2837  17 
 2838  14 
 2839  21 
 2840  13 
 2841  9 
 2842  16 
 2843  12 
 2844  17 
 2845  12 
 2846  12 
 2847  10 
 2848  9 
 2849  8 
 2850  16 
 2851  11 
 2852  16 
 2853  17 
 2854  20 
 2855  23 
 2856  17 
 2857  16 
 2858  21 
 2859  18 
 2860  23 
 2861  20 
 2862  25 
 2863  13 
 2864  21 
 2865  26 
 2866  29 
 2867  26 
 2868  23 
 2869  25 
 2870  26 
 2871  24 
 2872  28 
 2873  24 
 2874  32 
 2875  32 
 2876  34 
 2877  35 
 2878  40 
 2879  42 
 2880  47 
 2881  37 
 2882  40 
 2883  44 
 2884  48 
 2885  43 
 2886  49 
 2887  50 
 2888  59 
 2889  50 
 2890  59 
 2891  78 
 2892  65 
 2893  80 
 2894  66 
 2895  63 
 2896  78 
 2897  91 
 2898  79 
 2899  92 
 2900  104 
 2901  112 
 2902  108 
 2903  97 
 2904  116 
 2905  120 
 2906  138 
 2907  111 
 2908  132 
 2909  124 
 2910  149 
 2911  142 
 2912  147 
 2913  188 
 2914  171 
 2915  185 
 2916  192 
 2917  209 
 2918  221 
 2919  222 
 2920  251 
 2921  241 
 2922  268 
 2923  285 
 2924  256 
 2925  328 
 2926  342 
 2927  335 
 2928  353 
 2929  365 
 2930  374 
 2931  411 
 2932  404 
 2933  410 
 2934  395 
 2935  440 
 2936  426 
 2937  461 
 2938  481 
 2939  507 
 2940  509 
 2941  493 
 2942  580 
 2943  583 
 2944  590 
 2945  613 
 2946  609 
 2947  606 
 2948  638 
 2949  627 
 2950  629 
 2951  627 
 2952  656 
 2953  637 
 2954  728 
 2955  677 
 2956  660 
 2957  732 
 2958  694 
 2959  724 
 2960  690 
 2961  707 
 2962  731 
 2963  681 
 2964  720 
 2965  681 
 2966  670 
 2967  683 
 2968  687 
 2969  627 
 2970  709 
 2971  633 
 2972  637 
 2973  636 
 2974  550 
 2975  540 
 2976  572 
 2977  528 
 2978  489 
 2979  495 
 2980  466 
 2981  432 
 2982  423 
 2983  387 
 2984  335 
 2985  371 
 2986  275 
 2987  293 
 2988  262 
 2989  235 
 2990  187 
 2991  194 
 2992  164 
 2993  180 
 2994  146 
 2995  125 
 2996  100 
 2997  103 
 2998  98 
 2999  80 
 3000  77 
 3001  67 
 3002  68 
 3003  57 
 3004  52 
 3005  37 
 3006  33 
 3007  23 
 3008  22 
 3009  27 
 3010  19 
 3011  13 
 3012  16 
 3013  17 
 3014  6 
 3015  11 
 3016  6 
 3017  10 
 3018  18 
 3019  6 
 3020  6 
 3021  7 
 3022  8 
 3023  14 
 3024  10 
 3025  8 
 3026  12 
 3027  13 
 3028  16 
 3029  10 
 3030  13 
 3031  12 
 3032  9 
 3033  16 
 3034  14 
 3035  18 
 3036  15 
 3037  25 
 3038  25 
 3039  19 
 3040  23 
 3041  35 
 3042  34 
 3043  37 
 3044  43 
 3045  33 
 3046  33 
 3047  39 
 3048  38 
 3049  43 
 3050  53 
 3051  67 
 3052  59 
 3053  73 
 3054  63 
 3055  55 
 3056  84 
 3057  84 
 3058  72 
 3059  83 
 3060  108 
 3061  97 
 3062  89 
 3063  103 
 3064  88 
 3065  100 
 3066  100 
 3067  99 
 3068  88 
 3069  77 
 3070  73 
 3071  76 
 3072  64 
 3073  78 
 3074  67 
 3075  61 
 3076  51 
 3077  48 
 3078  47 
 3079  37 
 3080  40 
 3081  24 
 3082  24 
 3083  25 
 3084  23 
 3085  18 
 3086  20 
 3087  16 
 3088  9 
 3089  18 
 3090  10 
 3091  9 
 3092  11 
 3093  10 
 3094  13 
 3095  7 
 3096  9 
 3097  9 
 3098  10 
 3099  9 
 3100  12 
 3101  12 
 3102  5 
 3103  10 
 3104  9 
 3105  9 
 3106  7 
 3107  10 
 3108  7 
 3109  11 
 3110  8 
 3111  8 
 3112  10 
 3113  21 
 3114  4 
 3115  10 
 3116  9 
 3117  13 
 3118  10 
 3119  8 
 3120  9 
 3121  14 
 3122  5 
 3123  12 
 3124  9 
 3125  14 
 3126  6 
 3127  8 
 3128  10 
 3129  7 
 3130  10 
 3131  6 
 3132  11 
 3133  10 
 3134  8 
 3135  2 
 3136  8 
 3137  7 
 3138  6 
 3139  5 
 3140  3 
 3141  5 
 3142  4 
 3143  5 
 3144  4 
 3145  2 
 3146  3 
 3147  0 
 3148  2 
 3149  3 
 3150  0 
 3151  0 
 3152  0 
 3153  1 
 3154  0 
 3155  1 
 3156  0 
 3157  0 
 3158  1 
 3159  0 
 3160  0 
 3161  0 
 3162  0 
 3163  0 
 3164  0 
 3165  0 
 3166  0 
 3167  0 
 3168  0 
 3169  0 
 3170  1 
 3171  1 
 3172  0 
 3173  1 
 3174  1 
 3175  0 
 3176  0 
 3177  0 
 3178  0 
 3179  0 
 3180  0 
 3181  0 
 3182  1 
 3183  0 
 3184  0 
 3185  0 
 3186  0 
 3187  1 
 3188  0 
 3189  0 
 3190  1 
 3191  0 
 3192  0 
 3193  0 
 3194  1 
 3195  0 
 3196  0 
 3197  0 
 3198  0 
 3199  0 
 3200  1 
 3201  0 
 3202  1 
 3203  0 
 3204  1 
 3205  1 
 3206  0 
 3207  0 
 3208  0 
 3209  0 
 3210  0 
 3211  0 
 3212  0 
 3213  0 
 3214  0 
 3215  0 
 3216  0 
 3217  0 
 3218  0 
 3219  0 
 3220  0 
 3221  0 
 3222  0 
 3223  0 
 3224  0 
 3225  0 
 3226  0 
 3227  0 
 3228  0 
 3229  0 
 3230  0 
 3231  0 
 3232  0 
 3233  0 
 3234  0 
 3235  0 
 3236  1 
 3237  0 
 3238  0 
 3239  1 
 3240  0 
 3241  0 
 3242  1 
 3243  1 
 3244  1 
 3245  0 
 3246  2 
 3247  0 
 3248  0 
 3249  0 
 3250  0 
 3251  0 
 3252  0 
 3253  0 
 3254  0 
 3255  0 
 3256  0 
 3257  0 
 3258  0 
 3259  1 
 3260  0 
 3261  0 
 3262  0 
 3263  0 
 3264  1 
 3265  0 
 3266  1 
 3267  0 
 3268  0 
 3269  0 
 3270  0 
 3271  0 
 3272  0 
 3273  1 
 3274  0 
 3275  0 
 3276  0 
 3277  0 
 3278  0 
 3279  0 
 3280  0 
 3281  0 
 3282  0 
 3283  0 
 3284  0 
 3285  0 
 3286  1 
 3287  0 
 3288  0 
 3289  0 
 3290  0 
 3291  0 
 3292  1 
 3293  0 
 3294  0 
 3295  0 
 3296  0 
 3297  0 
 3298  0 
 3299  1 
 3300  1 
 3301  1 
 3302  0 
 3303  0 
 3304  0 
 3305  0 
 3306  0 
 3307  0 
 3308  0 
 3309  0 
 3310  0 
 3311  0 
 3312  0 
 3313  0 
 3314  1 
 3315  0 
 3316  0 
 3317  0 
 3318  0 
 3319  1 
 3320  0 
 3321  0 
 3322  0 
 3323  0 
 3324  0 
 3325  0 
 3326  0 
 3327  1 
 3328  0 
 3329  1 
 3330  0 
 3331  1 
 3332  0 
 3333  0 
 3334  0 
 3335  0 
 3336  0 
 3337  0 
 3338  0 
 3339  0 
 3340  0 
 3341  0 
 3342  1 
 3343  0 
 3344  0 
 3345  0 
 3346  0 
 3347  1 
 3348  0 
 3349  0 
 3350  0 
 3351  0 
 3352  0 
 3353  0 
 3354  0 
 3355  0 
 3356  0 
 3357  0 
 3358  0 
 3359  0 
 3360  1 
 3361  0 
 3362  0 
 3363  0 
 3364  0 
 3365  0 
 3366  0 
 3367  0 
 3368  0 
 3369  0 
 3370  0 
 3371  0 
 3372  0 
 3373  0 
 3374  0 
 3375  0 
 3376  0 
 3377  0 
 3378  0 
 3379  1 
 3380  0 
 3381  0 
 3382  0 
 3383  0 
 3384  0 
 3385  0 
 3386  1 
 3387  0 
 3388  0 
 3389  0 
 3390  0 
 3391  0 
 3392  0 
 3393  0 
 3394  0 
 3395  0 
 3396  0 
 3397  0 
 3398  0 
 3399  0 
 3400  0 
 3401  0 
 3402  0 
 3403  0 
 3404  0 
 3405  0 
 3406  0 
 3407  0 
 3408  0 
 3409  0 
 3410  0 
 3411  0 
 3412  0 
 3413  0 
 3414  0 
 3415  0 
 3416  0 
 3417  0 
 3418  0 
 3419  0 
 3420  0 
 3421  0 
 3422  0 
 3423  0 
 3424  0 
 3425  0 
 3426  0 
 3427  0 
 3428  0 
 3429  0 
 3430  0 
 3431  0 
 3432  0 
 3433  0 
 3434  0 
 3435  0 
 3436  0 
 3437  0 
 3438  0 
 3439  1 
 3440  0 
 3441  0 
 3442  0 
 3443  1 
 3444  0 
 3445  0 
 3446  0 
 3447  0 
 3448  0 
 3449  0 
 3450  0 
 3451  0 
 3452  0 
 3453  1 
 3454  0 
 3455  0 
 3456  0 
 3457  0 
 3458  0 
 3459  0 
 3460  0 
 3461  0 
 3462  0 
 3463  0 
 3464  0 
 3465  0 
 3466  0 
 3467  0 
 3468  0 
 3469  1 
 3470  0 
 3471  2 
 3472  0 
 3473  0 
 3474  1 
 3475  0 
 3476  0 
 3477  1 
 3478  0 
 3479  0 
 3480  0 
 3481  0 
 3482  0 
 3483  0 
 3484  0 
 3485  1 
 3486  0 
 3487  0 
 3488  0 
 3489  0 
 3490  0 
 3491  0 
 3492  0 
 3493  0 
 3494  0 
 3495  0 
 3496  0 
 3497  0 
 3498  0 
 3499  0 
 3500  0 
 3501  0 
 3502  0 
 3503  0 
 3504  0 
 3505  0 
 3506  0 
 3507  0 
 3508  0 
 3509  0 
 3510  0 
 3511  2 
 3512  0 
 3513  0 
 3514  0 
 3515  0 
 3516  0 
 3517  0 
 3518  0 
 3519  0 
 3520  0 
 3521  0 
 3522  1 
 3523  0 
 3524  0 
 3525  0 
 3526  0 
 3527  0 
 3528  0 
 3529  0 
 3530  0 
 3531  0 
 3532  0 
 3533  0 
 3534  0 
 3535  0 
 3536  0 
 3537  0 
 3538  0 
 3539  0 
 3540  0 
 3541  0 
 3542  0 
 3543  1 
 3544  0 
 3545  0 
 3546  0 
 3547  0 
 3548  0 
 3549  0 
 3550  0 
 3551  0 
 3552  0 
 3553  0 
 3554  0 
 3555  0 
 3556  0 
 3557  0 
 3558  0 
 3559  0 
 3560  0 
 3561  0 
 3562  0 
 3563  0 
 3564  0 
 3565  0 
 3566  1 
 3567  1 
 3568  0 
 3569  0 
 3570  1 
 3571  0 
 3572  0 
 3573  0 
 3574  0 
 3575  0 
 3576  0 
 3577  0 
 3578  0 
 3579  1 
 3580  0 
 3581  1 
 3582  1 
 3583  0 
 3584  0 
 3585  0 
 3586  0 
 3587  0 
 3588  0 
 3589  1 
 3590  0 
 3591  1 
 3592  0 
 3593  0 
 3594  0 
 3595  0 
 3596  0 
 3597  0 
 3598  0 
 3599  0 
 3600  0 
 3601  0 
 3602  0 
 3603  0 
 3604  0 
 3605  0 
 3606  0 
 3607  0 
 3608  0 
 3609  0 
 3610  0 
 3611  0 
 3612  0 
 3613  0 
 3614  0 
 3615  0 
 3616  0 
 3617  0 
 3618  0 
 3619  0 
 3620  0 
 3621  0 
 3622  0 
 3623  0 
 3624  0 
 3625  0 
 3626  1 
 3627  1 
 3628  0 
 3629  0 
 3630  0 
 3631  0 
 3632  0 
 3633  0 
 3634  0 
 3635  0 
 3636  0 
 3637  0 
 3638  0 
 3639  0 
 3640  1 
 3641  1 
 3642  1 
 3643  0 
 3644  0 
 3645  0 
 3646  0 
 3647  0 
 3648  0 
 3649  0 
 3650  0 
 3651  2 
 3652  0 
 3653  0 
 3654  0 
 3655  0 
 3656  0 
 3657  0 
 3658  0 
 3659  0 
 3660  0 
 3661  0 
 3662  0 
 3663  0 
 3664  0 
 3665  0 
 3666  0 
 3667  0 
 3668  0 
 3669  0 
 3670  0 
 3671  0 
 3672  0 
 3673  0 
 3674  0 
 3675  1 
 3676  0 
 3677  0 
 3678  0 
 3679  0 
 3680  0 
 3681  0 
 3682  0 
 3683  0 
 3684  0 
 3685  0 
 3686  0 
 3687  1 
 3688  0 
 3689  0 
 3690  0 
 3691  0 
 3692  0 
 3693  0 
 3694  0 
 3695  0 
 3696  0 
 3697  0 
 3698  0 
 3699  0 
 3700  0 
 3701  0 
 3702  0 
 3703  0 
 3704  0 
 3705  0 
 3706  0 
 3707  0 
 3708  0 
 3709  0 
 3710  0 
 3711  0 
 3712  0 
 3713  0 
 3714  0 
 3715  1 
 3716  0 
 3717  0 
 3718  0 
 3719  0 
 3720  0 
 3721  0 
 3722  0 
 3723  0 
 3724  0 
 3725  0 
 3726  0 
 3727  0 
 3728  0 
 3729  0 
 3730  0 
 3731  0 
 3732  0 
 3733  1 
 3734  0 
 3735  0 
 3736  0 
 3737  0 
 3738  0 
 3739  1 
 3740  0 
 3741  0 
 3742  0 
 3743  0 
 3744  0 
 3745  0 
 3746  0 
 3747  0 
 3748  1 
 3749  0 
 3750  0 
 3751  0 
 3752  0 
 3753  0 
 3754  0 
 3755  0 
 3756  0 
 3757  0 
 3758  0 
 3759  0 
 3760  0 
 3761  0 
 3762  0 
 3763  0 
 3764  0 
 3765  0 
 3766  0 
 3767  0 
 3768  0 
 3769  0 
 3770  0 
 3771  0 
 3772  0 
 3773  0 
 3774  0 
 3775  0 
 3776  0 
 3777  0 
 3778  0 
 3779  0 
 3780  1 
 3781  0 
 3782  0 
 3783  0 
 3784  0 
 3785  0 
 3786  0 
 3787  0 
 3788  0 
 3789  0 
 3790  0 
 3791  0 
 3792  0 
 3793  0 
 3794  0 
 3795  0 
 3796  0 
 3797  0 
 3798  0 
 3799  0 
 3800  0 
 3801  0 
 3802  0 
 3803  0 
 3804  0 
 3805  0 
 3806  0 
 3807  0 
 3808  0 
 3809  0 
 3810  1 
 3811  0 
 3812  0 
 3813  0 
 3814  0 
 3815  0 
 3816  0 
 3817  0 
 3818  0 
 3819  1 
 3820  0 
 3821  0 
 3822  0 
 3823  0 
 3824  0 
 3825  0 
 3826  0 
 3827  0 
 3828  0 
 3829  0 
 3830  0 
 3831  1 
 3832  0 
 3833  0 
 3834  0 
 3835  0 
 3836  0 
 3837  1 
 3838  0 
 3839  0 
 3840  0 
 3841  0 
 3842  0 
 3843  0 
 3844  0 
 3845  0 
 3846  0 
 3847  0 
 3848  0 
 3849  0 
 3850  0 
 3851  0 
 3852  0 
 3853  0 
 3854  0 
 3855  0 
 3856  0 
 3857  0 
 3858  0 
 3859  0 
 3860  0 
 3861  1 
 3862  1 
 3863  0 
 3864  0 
 3865  0 
 3866  0 
 3867  0 
 3868  0 
 3869  0 
 3870  0 
 3871  0 
 3872  0 
 3873  0 
 3874  0 
 3875  2 
 3876  0 
 3877  0 
 3878  0 
 3879  0 
 3880  0 
 3881  0 
 3882  0 
 3883  0 
 3884  0 
 3885  0 
 3886  1 
 3887  0 
 3888  0 
 3889  0 
 3890  0 
 3891  0 
 3892  1 
 3893  0 
 3894  0 
 3895  0 
 3896  0 
 3897  0 
 3898  0 
 3899  0 
 3900  0 
 3901  0 
 3902  0 
 3903  0 
 3904  0 
 3905  0 
 3906  0 
 3907  0 
 3908  0 
 3909  0 
 3910  0 
 3911  0 
 3912  0 
 3913  0 
 3914  0 
 3915  0 
 3916  0 
 3917  1 
 3918  0 
 3919  1 
 3920  0 
 3921  0 
 3922  0 
 3923  1 
 3924  0 
 3925  0 
 3926  0 
 3927  0 
 3928  1 
 3929  0 
 3930  0 
 3931  1 
 3932  0 
 3933  0 
 3934  0 
 3935  0 
 3936  0 
 3937  0 
 3938  0 
 3939  0 
 3940  0 
 3941  0 
 3942  0 
 3943  0 
 3944  0 
 3945  0 
 3946  0 
 3947  1 
 3948  1 
 3949  1 
 3950  0 
 3951  0 
 3952  0 
 3953  0 
 3954  1 
 3955  0 
 3956  0 
 3957  0 
 3958  0 
 3959  0 
 3960  0 
 3961  0 
 3962  0 
 3963  1 
 3964  1 
 3965  0 
 3966  0 
 3967  0 
 3968  0 
 3969  0 
 3970  0 
 3971  1 
 3972  0 
 3973  0 
 3974  0 
 3975  1 
 3976  0 
 3977  0 
 3978  0 
 3979  1 
 3980  0 
 3981  0 
 3982  0 
 3983  0 
 3984  0 
 3985  1 
 3986  0 
 3987  0 
 3988  1 
 3989  0 
 3990  0 
 3991  0 
 3992  0 
 3993  0 
 3994  0 
 3995  1 
 3996  0 
 3997  0 
 3998  0 
 3999  0 
 4000  0 
 4001  0 
 4002  0 
 4003  0 
 4004  0 
 4005  0 
 4006  0 
 4007  0 
 4008  1 
 4009  0 
 4010  0 
 4011  0 
 4012  0 
 4013  0 
 4014  0 
 4015  0 
 4016  0 
 4017  0 
 4018  1 
 4019  0 
 4020  0 
 4021  0 
 4022  0 
 4023  0 
 4024  0 
 4025  0 
 4026  1 
 4027  0 
 4028  0 
 4029  1 
 4030  0 
 4031  0 
 4032  0 
 4033  0 
 4034  0 
 4035  0 
 4036  0 
 4037  0 
 4038  0 
 4039  0 
 4040  0 
 4041  0 
 4042  0 
 4043  0 
 4044  1 
 4045  0 
 4046  0 
 4047  0 
 4048  0 
 4049  1 
 4050  0 
 4051  1 
 4052  0 
 4053  1 
 4054  0 
 4055  1 
 4056  0 
 4057  0 
 4058  2 
 4059  0 
 4060  0 
 4061  0 
 4062  0 
 4063  0 
 4064  0 
 4065  0 
 4066  1 
 4067  1 
 4068  0 
 4069  0 
 4070  0 
 4071  0 
 4072  2 
 4073  0 
 4074  0 
 4075  0 
 4076  0 
 4077  1 
 4078  0 
 4079  1 
 4080  2 
 4081  0 
 4082  0 
 4083  0 
 4084  0 
 4085  0 
 4086  0 
 4087  1 
 4088  1 
 4089  1 
 4090  1 
 4091  0 
 4092  2 
 4093  0 
 4094  1 
 4095  0 
 4096  1 
 4097  2 
 4098  1 
 4099  0 
 4100  1 
 4101  0 
 4102  0 
 4103  0 
 4104  0 
 4105  0 
 4106  0 
 4107  0 
 4108  0 
 4109  0 
 4110  0 
 4111  0 
 4112  0 
 4113  0 
 4114  1 
 4115  1 
 4116  0 
 4117  0 
 4118  1 
 4119  0 
 4120  0 
 4121  0 
 4122  1 
 4123  1 
 4124  1 
 4125  0 
 4126  0 
 4127  0 
 4128  0 
 4129  1 
 4130  0 
 4131  0 
 4132  0 
 4133  0 
 4134  0 
 4135  0 
 4136  1 
 4137  0 
 4138  0 
 4139  1 
 4140  1 
 4141  1 
 4142  0 
 4143  1 
 4144  0 
 4145  0 
 4146  0 
 4147  1 
 4148  0 
 4149  0 
 4150  1 
 4151  0 
 4152  1 
 4153  0 
 4154  1 
 4155  0 
 4156  0 
 4157  0 
 4158  0 
 4159  0 
 4160  0 
 4161  0 
 4162  0 
 4163  0 
 4164  0 
 4165  2 
 4166  0 
 4167  1 
 4168  2 
 4169  0 
 4170  1 
 4171  1 
 4172  0 
 4173  0 
 4174  2 
 4175  1 
 4176  0 
 4177  0 
 4178  0 
 4179  0 
 4180  0 
 4181  1 
 4182  1 
 4183  1 
 4184  0 
 4185  0 
 4186  0 
 4187  0 
 4188  1 
 4189  0 
 4190  0 
 4191  0 
 4192  0 
 4193  0 
 4194  2 
 4195  0 
 4196  2 
 4197  1 
 4198  0 
 4199  0 
 4200  2 
 4201  0 
 4202  0 
 4203  1 
 4204  0 
 4205  0 
 4206  1 
 4207  0 
 4208  1 
 4209  1 
 4210  0 
 4211  0 
 4212  0 
 4213  0 
 4214  0 
 4215  0 
 4216  0 
 4217  0 
 4218  0 
 4219  0 
 4220  0 
 4221  0 
 4222  0 
 4223  0 
 4224  0 
 4225  0 
 4226  1 
 4227  0 
 4228  1 
 4229  1 
 4230  0 
 4231  0 
 4232  0 
 4233  0 
 4234  1 
 4235  0 
 4236  0 
 4237  0 
 4238  0 
 4239  0 
 4240  1 
 4241  1 
 4242  0 
 4243  0 
 4244  0 
 4245  0 
 4246  0 
 4247  0 
 4248  0 
 4249  0 
 4250  0 
 4251  0 
 4252  0 
 4253  0 
 4254  1 
 4255  0 
 4256  0 
 4257  0 
 4258  0 
 4259  0 
 4260  0 
 4261  1 
 4262  0 
 4263  0 
 4264  0 
 4265  0 
 4266  0 
 4267  1 
 4268  1 
 4269  1 
 4270  1 
 4271  1 
 4272  0 
 4273  0 
 4274  1 
 4275  1 
 4276  0 
 4277  0 
 4278  0 
 4279  1 
 4280  0 
 4281  0 
 4282  1 
 4283  0 
 4284  0 
 4285  0 
 4286  0 
 4287  0 
 4288  1 
 4289  0 
 4290  0 
 4291  3 
 4292  1 
 4293  1 
 4294  0 
 4295  0 
 4296  0 
 4297  0 
 4298  0 
 4299  0 
 4300  1 
 4301  0 
 4302  0 
 4303  0 
 4304  0 
 4305  1 
 4306  0 
 4307  0 
 4308  0 
 4309  0 
 4310  0 
 4311  0 
 4312  0 
 4313  0 
 4314  0 
 4315  0 
 4316  0 
 4317  1 
 4318  0 
 4319  0 
 4320  0 
 4321  0 
 4322  1 
 4323  0 
 4324  1 
 4325  0 
 4326  0 
 4327  0 
 4328  0 
 4329  0 
 4330  0 
 4331  0 
 4332  0 
 4333  0 
 4334  0 
 4335  0 
 4336  0 
 4337  0 
 4338  0 
 4339  0 
 4340  0 
 4341  1 
 4342  0 
 4343  0 
 4344  0 
 4345  0 
 4346  0 
 4347  0 
 4348  0 
 4349  0 
 4350  0 
 4351  0 
 4352  0 
 4353  0 
 4354  0 
 4355  1 
 4356  0 
 4357  0 
 4358  0 
 4359  0 
 4360  0 
 4361  0 
 4362  0 
 4363  0 
 4364  1 
 4365  0 
 4366  0 
 4367  1 
 4368  0 
 4369  0 
 4370  0 
 4371  0 
 4372  1 
 4373  0 
 4374  0 
 4375  0 
 4376  0 
 4377  0 
 4378  0 
 4379  0 
 4380  0 
 4381  0 
 4382  0 
 4383  0 
 4384  0 
 4385  0 
 4386  0 
 4387  0 
 4388  1 
 4389  0 
 4390  0 
 4391  0 
 4392  0 
 4393  0 
 4394  0 
 4395  0 
 4396  0 
 4397  0 
 4398  0 
 4399  0 
 4400  0 
 4401  0 
 4402  0 
 4403  0 
 4404  0 
 4405  0 
 4406  0 
 4407  0 
 4408  0 
 4409  0 
 4410  0 
 4411  0 
 4412  0 
 4413  1 
 4414  0 
 4415  0 
 4416  0 
 4417  0 
 4418  0 
 4419  0 
 4420  0 
 4421  0 
 4422  0 
 4423  0 
 4424  0 
 4425  0 
 4426  0 
 4427  1 
 4428  0 
 4429  0 
 4430  0 
 4431  0 
 4432  0 
 4433  0 
 4434  0 
 4435  0 
 4436  0 
 4437  0 
 4438  0 
 4439  0 
 4440  0 
 4441  0 
 4442  0 
 4443  0 
 4444  1 
 4445  0 
 4446  0 
 4447  0 
 4448  0 
 4449  0 
 4450  0 
 4451  0 
 4452  0 
 4453  0 
 4454  0 
 4455  0 
 4456  0 
 4457  0 
 4458  0 
 4459  0 
 4460  0 
 4461  0 
 4462  0 
 4463  0 
 4464  0 
 4465  0 
 4466  0 
 4467  0 
 4468  0 
 4469  0 
 4470  0 
 4471  0 
 4472  0 
 4473  1 
 4474  0 
 4475  0 
 4476  0 
 4477  0 
 4478  0 
 4479  0 
 4480  0 
 4481  0 
 4482  0 
 4483  0 
 4484  0 
 4485  0 
 4486  0 
 4487  0 
 4488  0 
 4489  0 
 4490  0 
 4491  0 
 4492  0 
 4493  0 
 4494  0 
 4495  0 
 4496  0 
 4497  0 
 4498  0 
 4499  0 
 4500  0 
 4501  0 
 4502  0 
 4503  0 
 4504  0 
 4505  0 
 4506  0 
 4507  0 
 4508  0 
 4509  0 
 4510  1 
 4511  0 
 4512  0 
 4513  0 
 4514  0 
 4515  0 
 4516  0 
 4517  0 
 4518  0 
 4519  0 
 4520  0 
 4521  0 
 4522  0 
 4523  0 
 4524  0 
 4525  0 
 4526  0 
 4527  0 
 4528  0 
 4529  0 
 4530  0 
 4531  0 
 4532  0 
 4533  0 
 4534  0 
 4535  0 
 4536  1 
 4537  0 
 4538  0 
 4539  1 
 4540  0 
 4541  1 
 4542  0 
 4543  1 
 4544  0 
 4545  0 
 4546  0 
 4547  0 
 4548  0 
 4549  0 
 4550  0 
 4551  1 
 4552  0 
 4553  0 
 4554  0 
 4555  0 
 4556  0 
 4557  0 
 4558  0 
 4559  0 
 4560  1 
 4561  0 
 4562  0 
 4563  0 
 4564  0 
 4565  0 
 4566  0 
 4567  0 
 4568  0 
 4569  0 
 4570  0 
 4571  0 
 4572  0 
 4573  0 
 4574  0 
 4575  0 
 4576  0 
 4577  0 
 4578  0 
 4579  0 
 4580  0 
 4581  0 
 4582  1 
 4583  0 
 4584  0 
 4585  0 
 4586  0 
 4587  0 
 4588  0 
 4589  0 
 4590  0 
 4591  0 
 4592  0 
 4593  0 
 4594  0 
 4595  1 
 4596  0 
 4597  0 
 4598  0 
 4599  0 
 4600  0 
 4601  0 
 4602  0 
 4603  0 
 4604  0 
 4605  0 
 4606  0 
 4607  0 
 4608  0 
 4609  0 
 4610  0 
 4611  0 
 4612  0 
 4613  0 
 4614  0 
 4615  0 
 4616  0 
 4617  0 
 4618  0 
 4619  0 
 4620  0 
 4621  0 
 4622  0 
 4623  0 
 4624  0 
 4625  0 
 4626  0 
 4627  0 
 4628  0 
 4629  0 
 4630  0 
 4631  0 
 4632  0 
 4633  0 
 4634  0 
 4635  0 
 4636  0 
 4637  0 
 4638  0 
 4639  0 
 4640  0 
 4641  0 
 4642  0 
 4643  0 
 4644  0 
 4645  0 
 4646  0 
 4647  0 
 4648  0 
 4649  0 
 4650  0 
 4651  0 
 4652  0 
 4653  0 
 4654  1 
 4655  0 
 4656  0 
 4657  0 
 4658  0 
 4659  0 
 4660  0 
 4661  0 
 4662  1 
 4663  0 
 4664  0 
 4665  0 
 4666  0 
 4667  0 
 4668  0 
 4669  0 
 4670  0 
 4671  1 
 4672  0 
 4673  0 
 4674  0 
 4675  0 
 4676  0 
 4677  0 
 4678  0 
 4679  1 
 4680  0 
 4681  0 
 4682  0 
 4683  0 
 4684  0 
 4685  0 
 4686  0 
 4687  0 
 4688  0 
 4689  0 
 4690  0 
 4691  0 
 4692  0 
 4693  0 
 4694  0 
 4695  0 
 4696  0 
 4697  0 
 4698  0 
 4699  0 
 4700  0 
 4701  0 
 4702  0 
 4703  0 
 4704  0 
 4705  0 
 4706  0 
 4707  0 
 4708  0 
 4709  0 
 4710  0 
 4711  0 
 4712  0 
 4713  0 
 4714  0 
 4715  0 
 4716  0 
 4717  0 
 4718  0 
 4719  0 
 4720  0 
 4721  2 
 4722  0 
 4723  0 
 4724  0 
 4725  0 
 4726  1 
 4727  0 
 4728  0 
 4729  0 
 4730  0 
 4731  0 
 4732  0 
 4733  0 
 4734  0 
 4735  0 
 4736  0 
 4737  0 
 4738  0 
 4739  0 
 4740  0 
 4741  0 
 4742  0 
 4743  0 
 4744  0 
 4745  0 
 4746  1 
 4747  1 
 4748  1 
 4749  0 
 4750  0 
 4751  0 
 4752  0 
 4753  0 
 4754  0 
 4755  0 
 4756  1 
 4757  0 
 4758  0 
 4759  0 
 4760  0 
 4761  0 
 4762  0 
 4763  0 
 4764  0 
 4765  0 
 4766  0 
 4767  0 
 4768  0 
 4769  0 
 4770  0 
 4771  0 
 4772  0 
 4773  0 
 4774  0 
 4775  1 
 4776  0 
 4777  0 
 4778  0 
 4779  0 
 4780  0 
 4781  0 
 4782  0 
 4783  0 
 4784  0 
 4785  0 
 4786  0 
 4787  0 
 4788  0 
 4789  0 
 4790  1 
 4791  0 
 4792  0 
 4793  0 
 4794  0 
 4795  0 
 4796  1 
 4797  0 
 4798  0 
 4799  0 
 4800  0 
 4801  0 
 4802  0 
 4803  0 
 4804  0 
 4805  0 
 4806  0 
 4807  0 
 4808  0 
 4809  0 
 4810  0 
 4811  0 
 4812  0 
 4813  0 
 4814  2 
 4815  0 
 4816  0 
 4817  0 
 4818  0 
 4819  0 
 4820  0 
 4821  0 
 4822  0 
 4823  2 
 4824  0 
 4825  0 
 4826  0 
 4827  0 
 4828  0 
 4829  0 
 4830  0 
 4831  0 
 4832  0 
 4833  0 
 4834  0 
 4835  0 
 4836  1 
 4837  0 
 4838  0 
 4839  0 
 4840  0 
 4841  0 
 4842  0 
 4843  0 
 4844  0 
 4845  0 
 4846  0 
 4847  0 
 4848  0 
 4849  0 
 4850  0 
 4851  0 
 4852  0 
 4853  0 
 4854  0 
 4855  0 
 4856  0 
 4857  1 
 4858  0 
 4859  0 
 4860  0 
 4861  0 
 4862  0 
 4863  0 
 4864  0 
 4865  0 
 4866  0 
 4867  0 
 4868  0 
 4869  1 
 4870  0 
 4871  0 
 4872  0 
 4873  0 
 4874  0 
 4875  0 
 4876  0 
 4877  0 
 4878  0 
 4879  0 
 4880  1 
 4881  0 
 4882  0 
 4883  0 
 4884  0 
 4885  0 
 4886  0 
 4887  0 
 4888  0 
 4889  0 
 4890  0 
 4891  0 
 4892  0 
 4893  0 
 4894  0 
 4895  0 
 4896  0 
 4897  1 
 4898  0 
 4899  0 
 4900  0 
 4901  0 
 4902  0 
 4903  0 
 4904  0 
 4905  0 
 4906  1 
 4907  1 
 4908  0 
 4909  0 
 4910  0 
 4911  0 
 4912  0 
 4913  0 
 4914  0 
 4915  1 
 4916  0 
 4917  0 
 4918  0 
 4919  0 
 4920  0 
 4921  1 
 4922  0 
 4923  0 
 4924  0 
 4925  0 
 4926  0 
 4927  0 
 4928  0 
 4929  0 
 4930  0 
 4931  0 
 4932  0 
 4933  0 
 4934  0 
 4935  0 
 4936  2 
 4937  0 
 4938  0 
 4939  0 
 4940  0 
 4941  0 
 4942  0 
 4943  0 
 4944  0 
 4945  0 
 4946  0 
 4947  0 
 4948  0 
 4949  0 
 4950  0 
 4951  0 
 4952  0 
 4953  0 
 4954  1 
 4955  0 
 4956  0 
 4957  0 
 4958  0 
 4959  0 
 4960  0 
 4961  0 
 4962  1 
 4963  0 
 4964  0 
 4965  1 
 4966  0 
 4967  0 
 4968  0 
 4969  0 
 4970  0 
 4971  0 
 4972  0 
 4973  0 
 4974  0 
 4975  0 
 4976  0 
 4977  0 
 4978  0 
 4979  0 
 4980  1 
 4981  0 
 4982  0 
 4983  0 
 4984  0 
 4985  0 
 4986  0 
 4987  0 
 4988  0 
 4989  0 
 4990  1 
 4991  0 
 4992  0 
 4993  0 
 4994  0 
 4995  0 
 4996  0 
 4997  0 
 4998  0 
 4999  0 
 5000  0 
 5001  1 
 5002  0 
 5003  0 
 5004  0 
 5005  0 
 5006  0 
 5007  0 
 5008  0 
 5009  0 
 5010  0 
 5011  1 
 5012  0 
 5013  0 
 5014  0 
 5015  0 
 5016  0 
 5017  0 
 5018  0 
 5019  0 
 5020  0 
 5021  0 
 5022  0 
 5023  0 
 5024  0 
 5025  0 
 5026  0 
 5027  0 
 5028  0 
 5029  0 
 5030  1 
 5031  0 
 5032  0 
 5033  0 
 5034  0 
 5035  0 
 5036  0 
 5037  0 
 5038  0 
 5039  0 
 5040  0 
 5041  0 
 5042  0 
 5043  1 
 5044  0 
 5045  0 
 5046  0 
 5047  0 
 5048  0 
 5049  0 
 5050  0 
 5051  0 
 5052  0 
 5053  1 
 5054  0 
 5055  0 
 5056  0 
 5057  0 
 5058  0 
 5059  0 
 5060  0 
 5061  0 
 5062  0 
 5063  0 
 5064  0 
 5065  0 
 5066  0 
 5067  0 
 5068  0 
 5069  0 
 5070  0 
 5071  0 
 5072  0 
 5073  0 
 5074  0 
 5075  0 
 5076  0 
 5077  0 
 5078  0 
 5079  0 
 5080  0 
 5081  0 
 5082  0 
 5083  0 
 5084  0 
 5085  0 
 5086  0 
 5087  0 
 5088  0 
 5089  0 
 5090  0 
 5091  0 
 5092  0 
 5093  0 
 5094  0 
 5095  0 
 5096  0 
 5097  0 
 5098  0 
 5099  0 
 5100  1 
 5101  0 
 5102  0 
 5103  0 
 5104  0 
 5105  0 
 5106  0 
 5107  0 
 5108  0 
 5109  0 
 5110  0 
 5111  0 
 5112  0 
 5113  0 
 5114  2 
 5115  0 
 5116  0 
 5117  0 
 5118  0 
 5119  0 
 5120  0 
 5121  0 
 5122  0 
 5123  0 
 5124  0 
 5125  0 
 5126  0 
 5127  0 
 5128  0 
 5129  0 
 5130  0 
 5131  0 
 5132  0 
 5133  1 
 5134  0 
 5135  0 
 5136  0 
 5137  0 
 5138  1 
 5139  0 
 5140  0 
 5141  0 
 5142  0 
 5143  0 
 5144  0 
 5145  0 
 5146  0 
 5147  0 
 5148  0 
 5149  0 
 5150  0 
 5151  0 
 5152  0 
 5153  0 
 5154  0 
 5155  0 
 5156  0 
 5157  0 
 5158  1 
 5159  0 
 5160  1 
 5161  0 
 5162  0 
 5163  0 
 5164  0 
 5165  0 
 5166  0 
 5167  0 
 5168  0 
 5169  0 
 5170  0 
 5171  0 
 5172  0 
 5173  0 
 5174  1 
 5175  1 
 5176  0 
 5177  0 
 5178  0 
 5179  0 
 5180  0 
 5181  0 
 5182  0 
 5183  0 
 5184  0 
 5185  0 
 5186  0 
 5187  0 
 5188  0 
 5189  0 
 5190  0 
 5191  0 
 5192  0 
 5193  0 
 5194  0 
 5195  0 
 5196  0 
 5197  0 
 5198  0 
 5199  0 
 5200  0 
 5201  1 
 5202  0 
 5203  0 
 5204  0 
 5205  0 
 5206  0 
 5207  0 
 5208  0 
 5209  1 
 5210  0 
 5211  0 
 5212  0 
 5213  0 
 5214  0 
 5215  0 
 5216  0 
 5217  0 
 5218  0 
 5219  0 
 5220  0 
 5221  0 
 5222  0 
 5223  0 
 5224  0 
 5225  1 
 5226  0 
 5227  0 
 5228  0 
 5229  0 
 5230  0 
 5231  0 
 5232  0 
 5233  0 
 5234  0 
 5235  0 
 5236  0 
 5237  0 
 5238  0 
 5239  0 
 5240  0 
 5241  1 
 5242  0 
 5243  0 
 5244  0 
 5245  0 
 5246  0 
 5247  0 
 5248  0 
 5249  0 
 5250  0 
 5251  0 
 5252  0 
 5253  0 
 5254  0 
 5255  0 
 5256  0 
 5257  0 
 5258  0 
 5259  1 
 5260  0 
 5261  0 
 5262  2 
 5263  0 
 5264  0 
 5265  0 
 5266  0 
 5267  0 
 5268  0 
 5269  0 
 5270  1 
 5271  0 
 5272  0 
 5273  0 
 5274  1 
 5275  1 
 5276  0 
 5277  0 
 5278  0 
 5279  0 
 5280  0 
 5281  0 
 5282  0 
 5283  1 
 5284  0 
 5285  0 
 5286  1 
 5287  0 
 5288  0 
 5289  0 
 5290  1 
 5291  1 
 5292  0 
 5293  0 
 5294  0 
 5295  0 
 5296  0 
 5297  0 
 5298  0 
 5299  0 
 5300  0 
 5301  0 
 5302  0 
 5303  0 
 5304  0 
 5305  0 
 5306  1 
 5307  0 
 5308  0 
 5309  0 
 5310  1 
 5311  0 
 5312  0 
 5313  0 
 5314  0 
 5315  1 
 5316  0 
 5317  0 
 5318  0 
 5319  0 
 5320  0 
 5321  0 
 5322  0 
 5323  0 
 5324  0 
 5325  0 
 5326  0 
 5327  0 
 5328  0 
 5329  0 
 5330  0 
 5331  0 
 5332  0 
 5333  0 
 5334  0 
 5335  0 
 5336  1 
 5337  0 
 5338  0 
 5339  0 
 5340  0 
 5341  0 
 5342  0 
 5343  0 
 5344  0 
 5345  0 
 5346  0 
 5347  0 
 5348  0 
 5349  0 
 5350  0 
 5351  0 
 5352  0 
 5353  0 
 5354  0 
 5355  0 
 5356  0 
 5357  0 
 5358  0 
 5359  0 
 5360  0 
 5361  0 
 5362  0 
 5363  1 
 5364  0 
 5365  0 
 5366  0 
 5367  0 
 5368  0 
 5369  0 
 5370  1 
 5371  0 
 5372  0 
 5373  0 
 5374  0 
 5375  0 
 5376  0 
 5377  0 
 5378  0 
 5379  0 
 5380  0 
 5381  0 
 5382  0 
 5383  0 
 5384  0 
 5385  0 
 5386  0 
 5387  0 
 5388  0 
 5389  0 
 5390  0 
 5391  0 
 5392  0 
 5393  0 
 5394  0 
 5395  0 
 5396  1 
 5397  0 
 5398  0 
 5399  0 
 5400  0 
 5401  0 
 5402  0 
 5403  0 
 5404  0 
 5405  0 
 5406  0 
 5407  0 
 5408  0 
 5409  0 
 5410  0 
 5411  0 
 5412  0 
 5413  0 
 5414  0 
 5415  2 
 5416  0 
 5417  0 
 5418  0 
 5419  0 
 5420  0 
 5421  0 
 5422  0 
 5423  0 
 5424  0 
 5425  0 
 5426  0 
 5427  0 
 5428  0 
 5429  0 
 5430  0 
 5431  0 
 5432  0 
 5433  0 
 5434  0 
 5435  0 
 5436  0 
 5437  0 
 5438  0 
 5439  0 
 5440  0 
 5441  0 
 5442  0 
 5443  0 
 5444  0 
 5445  0 
 5446  0 
 5447  1 
 5448  0 
 5449  0 
 5450  0 
 5451  0 
 5452  0 
 5453  1 
 5454  0 
 5455  0 
 5456  0 
 5457  0 
 5458  0 
 5459  0 
 5460  0 
 5461  0 
 5462  0 
 5463  0 
 5464  0 
 5465  0 
 5466  0 
 5467  0 
 5468  0 
 5469  0 
 5470  0 
 5471  0 
 5472  0 
 5473  0 
 5474  0 
 5475  0 
 5476  0 
 5477  0 
 5478  0 
 5479  0 
 5480  0 
 5481  0 
 5482  0 
 5483  0 
 5484  0 
 5485  0 
 5486  0 
 5487  0 
 5488  0 
 5489  0 
 5490  0 
 5491  0 
 5492  0 
 5493  0 
 5494  0 
 5495  0 
 5496  0 
 5497  0 
 5498  0 
 5499  0 
 5500  0 
 5501  0 
 5502  0 
 5503  0 
 5504  0 
 5505  0 
 5506  0 
 5507  0 
 5508  0 
 5509  0 
 5510  0 
 5511  0 
 5512  0 
 5513  0 
 5514  0 
 5515  0 
 5516  0 
 5517  0 
 5518  0 
 5519  0 
 5520  0 
 5521  0 
 5522  0 
 5523  0 
 5524  0 
 5525  0 
 5526  1 
 5527  0 
 5528  0 
 5529  0 
 5530  0 
 5531  0 
 5532  0 
 5533  0 
 5534  0 
 5535  0 
 5536  0 
 5537  0 
 5538  0 
 5539  0 
 5540  0 
 5541  0 
 5542  0 
 5543  0 
 5544  1 
 5545  0 
 5546  0 
 5547  0 
 5548  0 
 5549  0 
 5550  0 
 5551  1 
 5552  0 
 5553  0 
 5554  0 
 5555  2 
 5556  0 
 5557  1 
 5558  0 
 5559  0 
 5560  0 
 5561  0 
 5562  0 
 5563  0 
 5564  1 
 5565  0 
 5566  0 
 5567  0 
 5568  0 
 5569  1 
 5570  0 
 5571  0 
 5572  0 
 5573  0 
 5574  0 
 5575  0 
 5576  0 
 5577  0 
 5578  1 
 5579  0 
 5580  0 
 5581  0 
 5582  0 
 5583  0 
 5584  0 
 5585  0 
 5586  0 
 5587  0 
 5588  1 
 5589  0 
 5590  0 
 5591  0 
 5592  0 
 5593  0 
 5594  0 
 5595  1 
 5596  0 
 5597  1 
 5598  1 
 5599  0 
 5600  0 
 5601  0 
 5602  0 
 5603  1 
 5604  1 
 5605  1 
 5606  0 
 5607  0 
 5608  0 
 5609  0 
 5610  0 
 5611  0 
 5612  0 
 5613  0 
 5614  0 
 5615  0 
 5616  0 
 5617  0 
 5618  0 
 5619  0 
 5620  0 
 5621  0 
 5622  1 
 5623  1 
 5624  0 
 5625  0 
 5626  1 
 5627  0 
 5628  0 
 5629  0 
 5630  0 
 5631  0 
 5632  0 
 5633  1 
 5634  0 
 5635  0 
 5636  0 
 5637  0 
 5638  0 
 5639  0 
 5640  1 
 5641  0 
 5642  1 
 5643  0 
 5644  0 
 5645  1 
 5646  0 
 5647  1 
 5648  1 
 5649  0 
 5650  0 
 5651  0 
 5652  0 
 5653  0 
 5654  1 
 5655  0 
 5656  0 
 5657  1 
 5658  0 
 5659  0 
 5660  0 
 5661  0 
 5662  1 
 5663  0 
 5664  1 
 5665  1 
 5666  0 
 5667  2 
 5668  0 
 5669  0 
 5670  0 
 5671  0 
 5672  0 
 5673  0 
 5674  0 
 5675  0 
 5676  0 
 5677  0 
 5678  0 
 5679  0 
 5680  0 
 5681  1 
 5682  0 
 5683  0 
 5684  0 
 5685  0 
 5686  0 
 5687  0 
 5688  0 
 5689  2 
 5690  0 
 5691  0 
 5692  1 
 5693  0 
 5694  0 
 5695  0 
 5696  1 
 5697  0 
 5698  0 
 5699  0 
 5700  0 
 5701  0 
 5702  0 
 5703  0 
 5704  0 
 5705  0 
 5706  0 
 5707  0 
 5708  0 
 5709  0 
 5710  0 
 5711  0 
 5712  2 
 5713  0 
 5714  1 
 5715  0 
 5716  0 
 5717  0 
 5718  0 
 5719  0 
 5720  0 
 5721  0 
 5722  0 
 5723  0 
 5724  0 
 5725  0 
 5726  0 
 5727  1 
 5728  0 
 5729  0 
 5730  0 
 5731  0 
 5732  1 
 5733  0 
 5734  0 
 5735  1 
 5736  0 
 5737  0 
 5738  1 
 5739  0 
 5740  0 
 5741  0 
 5742  1 
 5743  0 
 5744  0 
 5745  0 
 5746  0 
 5747  2 
 5748  0 
 5749  0 
 5750  0 
 5751  0 
 5752  1 
 5753  0 
 5754  0 
 5755  0 
 5756  0 
 5757  0 
 5758  0 
 5759  0 
 5760  0 
 5761  0 
 5762  0 
 5763  1 
 5764  0 
 5765  0 
 5766  0 
 5767  0 
 5768  0 
 5769  0 
 5770  1 
 5771  0 
 5772  0 
 5773  1 
 5774  1 
 5775  1 
 5776  0 
 5777  0 
 5778  3 
 5779  0 
 5780  0 
 5781  0 
 5782  0 
 5783  0 
 5784  1 
 5785  0 
 5786  1 
 5787  0 
 5788  0 
 5789  0 
 5790  0 
 5791  0 
 5792  0 
 5793  0 
 5794  0 
 5795  0 
 5796  1 
 5797  1 
 5798  1 
 5799  0 
 5800  0 
 5801  0 
 5802  0 
 5803  0 
 5804  0 
 5805  1 
 5806  0 
 5807  0 
 5808  0 
 5809  0 
 5810  0 
 5811  1 
 5812  0 
 5813  0 
 5814  2 
 5815  1 
 5816  1 
 5817  0 
 5818  0 
 5819  0 
 5820  0 
 5821  0 
 5822  0 
 5823  2 
 5824  0 
 5825  0 
 5826  0 
 5827  0 
 5828  0 
 5829  1 
 5830  0 
 5831  0 
 5832  0 
 5833  0 
 5834  0 
 5835  1 
 5836  0 
 5837  1 
 5838  1 
 5839  0 
 5840  0 
 5841  0 
 5842  0 
 5843  0 
 5844  1 
 5845  0 
 5846  0 
 5847  0 
 5848  1 
 5849  1 
 5850  0 
 5851  1 
 5852  0 
 5853  2 
 5854  1 
 5855  0 
 5856  0 
 5857  0 
 5858  1 
 5859  0 
 5860  1 
 5861  0 
 5862  0 
 5863  0 
 5864  0 
 5865  0 
 5866  1 
 5867  1 
 5868  0 
 5869  0 
 5870  0 
 5871  1 
 5872  0 
 5873  0 
 5874  0 
 5875  0 
 5876  0 
 5877  0 
 5878  1 
 5879  0 
 5880  0 
 5881  0 
 5882  0 
 5883  1 
 5884  0 
 5885  0 
 5886  0 
 5887  0 
 5888  0 
 5889  0 
 5890  1 
 5891  0 
 5892  0 
 5893  0 
 5894  0 
 5895  0 
 5896  0 
 5897  0 
 5898  0 
 5899  0 
 5900  0 
 5901  0 
 5902  0 
 5903  0 
 5904  0 
 5905  0 
 5906  0 
 5907  0 
 5908  0 
 5909  1 
 5910  0 
 5911  0 
 5912  0 
 5913  0 
 5914  0 
 5915  0 
 5916  0 
 5917  0 
 5918  0 
 5919  0 
 5920  0 
 5921  0 
 5922  0 
 5923  0 
 5924  0 
 5925  0 
 5926  0 
 5927  0 
 5928  0 
 5929  0 
 5930  0 
 5931  0 
 5932  0 
 5933  1 
 5934  0 
 5935  0 
 5936  0 
 5937  0 
 5938  0 
 5939  0 
 5940  0 
 5941  0 
 5942  0 
 5943  0 
 5944  0 
 5945  0 
 5946  0 
 5947  0 
 5948  0 
 5949  0 
 5950  0 
 5951  0 
 5952  0 
 5953  0 
 5954  0 
 5955  0 
 5956  0 
 5957  0 
 5958  0 
 5959  0 
 5960  0 
 5961  0 
 5962  0 
 5963  0 
 5964  0 
 5965  0 
 5966  0 
 5967  0 
 5968  0 
 5969  0 
 5970  0 
 5971  0 
 5972  0 
 5973  0 
 5974  0 
 5975  0 
 5976  0 
 5977  0 
 5978  0 
 5979  0 
 5980  0 
 5981  0 
 5982  0 
 5983  0 
 5984  0 
 5985  0 
 5986  0 
 5987  0 
 5988  0 
 5989  0 
 5990  0 
 5991  0 
 5992  0 
 5993  0 
 5994  0 
 5995  0 
 5996  0 
 5997  0 
 5998  0 
 5999  0 
 6000  0 
 6001  0 
 6002  0 
 6003  0 
 6004  0 
 6005  0 
 6006  0 
 6007  0 
 6008  0 
 6009  0 
 6010  0 
 6011  0 
 6012  0 
 6013  0 
 6014  0 
 6015  0 
 6016  0 
 6017  0 
 6018  0 
 6019  0 
 6020  0 
 6021  0 
 6022  0 
 6023  0 
 6024  0 
 6025  0 
 6026  0 
 6027  0 
 6028  0 
 6029  0 
 6030  0 
 6031  0 
 6032  0 
 6033  0 
 6034  0 
 6035  0 
 6036  0 
 6037  0 
 6038  0 
 6039  0 
 6040  0 
 6041  0 
 6042  0 
 6043  0 
 6044  0 
 6045  0 
 6046  0 
 6047  0 
 6048  0 
 6049  0 
 6050  0 
 6051  0 
 6052  0 
 6053  0 
 6054  0 
 6055  0 
 6056  0 
 6057  0 
 6058  0 
 6059  0 
 6060  0 
 6061  0 
 6062  0 
 6063  0 
 6064  0 
 6065  0 
 6066  0 
 6067  0 
 6068  0 
 6069  0 
 6070  0 
 6071  0 
 6072  0 
 6073  0 
 6074  0 
 6075  0 
 6076  0 
 6077  0 
 6078  0 
 6079  0 
 6080  0 
 6081  0 
 6082  0 
 6083  0 
 6084  0 
 6085  0 
 6086  0 
 6087  0 
 6088  0 
 6089  0 
 6090  0 
 6091  0 
 6092  0 
 6093  0 
 6094  0 
 6095  0 
 6096  0 
 6097  0 
 6098  0 
 6099  0 
 6100  0 
 6101  0 
 6102  0 
 6103  0 
 6104  0 
 6105  0 
 6106  0 
 6107  0 
 6108  0 
 6109  0 
 6110  0 
 6111  0 
 6112  0 
 6113  0 
 6114  0 
 6115  0 
 6116  0 
 6117  0 
 6118  0 
 6119  0 
 6120  0 
 6121  0 
 6122  0 
 6123  0 
 6124  0 
 6125  0 
 6126  0 
 6127  0 
 6128  0 
 6129  0 
 6130  0 
 6131  0 
 6132  0 
 6133  0 
 6134  0 
 6135  0 
 6136  0 
 6137  0 
 6138  0 
 6139  0 
 6140  0 
 6141  0 
 6142  0 
 6143  0 
 6144  0 
 6145  0 
 6146  0 
 6147  0 
 6148  0 
 6149  0 
 6150  0 
 6151  0 
 6152  0 
 6153  0 
 6154  0 
 6155  0 
 6156  0 
 6157  0 
 6158  0 
 6159  0 
 6160  0 
 6161  0 
 6162  0 
 6163  0 
 6164  0 
 6165  0 
 6166  0 
 6167  0 
 6168  0 
 6169  0 
 6170  0 
 6171  0 
 6172  0 
 6173  0 
 6174  0 
 6175  0 
 6176  0 
 6177  0 
 6178  0 
 6179  0 
 6180  0 
 6181  0 
 6182  0 
 6183  0 
 6184  0 
 6185  0 
 6186  0 
 6187  0 
 6188  0 
 6189  0 
 6190  0 
 6191  0 
 6192  0 
 6193  0 
 6194  0 
 6195  0 
 6196  0 
 6197  0 
 6198  0 
 6199  0 
 6200  0 
 6201  0 
 6202  0 
 6203  0 
 6204  0 
 6205  0 
 6206  0 
 6207  0 
 6208  0 
 6209  0 
 6210  0 
 6211  0 
 6212  0 
 6213  0 
 6214  0 
 6215  0 
 6216  0 
 6217  0 
 6218  0 
 6219  0 
 6220  0 
 6221  0 
 6222  0 
 6223  0 
 6224  0 
 6225  0 
 6226  0 
 6227  0 
 6228  0 
 6229  0 
 6230  0 
 6231  0 
 6232  0 
 6233  0 
 6234  0 
 6235  0 
 6236  0 
 6237  0 
 6238  0 
 6239  0 
 6240  0 
 6241  0 
 6242  0 
 6243  0 
 6244  0 
 6245  0 
 6246  0 
 6247  0 
 6248  0 
 6249  0 
 6250  0 
 6251  0 
 6252  0 
 6253  0 
 6254  0 
 6255  0 
 6256  0 
 6257  0 
 6258  0 
 6259  0 
 6260  0 
 6261  0 
 6262  0 
 6263  0 
 6264  0 
 6265  0 
 6266  0 
 6267  0 
 6268  0 
 6269  0 
 6270  0 
 6271  0 
 6272  0 
 6273  0 
 6274  0 
 6275  0 
 6276  0 
 6277  0 
 6278  0 
 6279  0 
 6280  0 
 6281  0 
 6282  0 
 6283  0 
 6284  0 
 6285  0 
 6286  0 
 6287  0 
 6288  0 
 6289  0 
 6290  0 
 6291  0 
 6292  0 
 6293  0 
 6294  0 
 6295  0 
 6296  0 
 6297  0 
 6298  0 
 6299  0 
 6300  0 
 6301  0 
 6302  0 
 6303  0 
 6304  0 
 6305  0 
 6306  0 
 6307  0 
 6308  0 
 6309  0 
 6310  0 
 6311  0 
 6312  0 
 6313  0 
 6314  0 
 6315  0 
 6316  0 
 6317  0 
 6318  0 
 6319  0 
 6320  0 
 6321  0 
 6322  0 
 6323  0 
 6324  0 
 6325  0 
 6326  0 
 6327  0 
 6328  0 
 6329  0 
 6330  0 
 6331  0 
 6332  0 
 6333  0 
 6334  0 
 6335  0 
 6336  0 
 6337  0 
 6338  0 
 6339  0 
 6340  0 
 6341  0 
 6342  0 
 6343  0 
 6344  0 
 6345  0 
 6346  0 
 6347  0 
 6348  0 
 6349  0 
 6350  0 
 6351  0 
 6352  0 
 6353  0 
 6354  0 
 6355  0 
 6356  0 
 6357  0 
 6358  0 
 6359  0 
 6360  0 
 6361  0 
 6362  0 
 6363  0 
 6364  0 
 6365  0 
 6366  0 
 6367  0 
 6368  0 
 6369  0 
 6370  0 
 6371  0 
 6372  0 
 6373  0 
 6374  0 
 6375  0 
 6376  0 
 6377  0 
 6378  0 
 6379  0 
 6380  0 
 6381  0 
 6382  0 
 6383  0 
 6384  0 
 6385  0 
 6386  1 
 6387  0 
 6388  0 
 6389  0 
 6390  0 
 6391  0 
 6392  0 
 6393  0 
 6394  0 
 6395  0 
 6396  0 
 6397  0 
 6398  0 
 6399  0 
 6400  0 
 6401  0 
 6402  0 
 6403  0 
 6404  0 
 6405  0 
 6406  0 
 6407  0 
 6408  0 
 6409  0 
 6410  0 
 6411  0 
 6412  0 
 6413  0 
 6414  0 
 6415  0 
 6416  0 
 6417  0 
 6418  0 
 6419  0 
 6420  0 
 6421  0 
 6422  0 
 6423  0 
 6424  0 
 6425  0 
 6426  0 
 6427  0 
 6428  0 
 6429  0 
 6430  0 
 6431  0 
 6432  0 
 6433  0 
 6434  0 
 6435  0 
 6436  0 
 6437  0 
 6438  0 
 6439  0 
 6440  0 
 6441  0 
 6442  0 
 6443  0 
 6444  0 
 6445  0 
 6446  0 
 6447  0 
 6448  0 
 6449  0 
 6450  0 
 6451  0 
 6452  0 
 6453  0 
 6454  0 
 6455  0 
 6456  0 
 6457  0 
 6458  0 
 6459  0 
 6460  0 
 6461  0 
 6462  0 
 6463  0 
 6464  0 
 6465  0 
 6466  0 
 6467  0 
 6468  0 
 6469  0 
 6470  0 
 6471  0 
 6472  0 
 6473  0 
 6474  0 
 6475  0 
 6476  0 
 6477  0 
 6478  0 
 6479  0 
 6480  0 
 6481  0 
 6482  0 
 6483  0 
 6484  0 
 6485  0 
 6486  0 
 6487  0 
 6488  0 
 6489  0 
 6490  0 
 6491  0 
 6492  0 
 6493  0 
 6494  0 
 6495  0 
 6496  0 
 6497  0 
 6498  0 
 6499  0 
 6500  0 
 6501  0 
 6502  0 
 6503  0 
 6504  0 
 6505  0 
 6506  0 
 6507  0 
 6508  0 
 6509  0 
 6510  0 
 6511  0 
 6512  0 
 6513  0 
 6514  0 
 6515  0 
 6516  0 
 6517  0 
 6518  0 
 6519  0 
 6520  0 
 6521  0 
 6522  0 
 6523  0 
 6524  0 
 6525  0 
 6526  0 
 6527  0 
 6528  0 
 6529  0 
 6530  0 
 6531  0 
 6532  0 
 6533  0 
 6534  0 
 6535  0 
 6536  0 
 6537  0 
 6538  0 
 6539  0 
 6540  0 
 6541  0 
 6542  0 
 6543  0 
 6544  0 
 6545  0 
 6546  0 
 6547  0 
 6548  0 
 6549  0 
 6550  0 
 6551  0 
 6552  0 
 6553  0 
 6554  0 
 6555  0 
 6556  0 
 6557  0 
 6558  0 
 6559  0 
 6560  0 
 6561  0 
 6562  0 
 6563  0 
 6564  0 
 6565  0 
 6566  0 
 6567  0 
 6568  0 
 6569  0 
 6570  0 
 6571  0 
 6572  0 
 6573  0 
 6574  0 
 6575  0 
 6576  0 
 6577  0 
 6578  0 
 6579  0 
 6580  0 
 6581  0 
 6582  0 
 6583  0 
 6584  0 
 6585  0 
 6586  0 
 6587  0 
 6588  0 
 6589  0 
 6590  0 
 6591  0 
 6592  0 
 6593  0 
 6594  0 
 6595  0 
 6596  0 
 6597  0 
 6598  0 
 6599  0 
 6600  0 
 6601  0 
 6602  0 
 6603  0 
 6604  0 
 6605  0 
 6606  0 
 6607  0 
 6608  0 
 6609  0 
 6610  0 
 6611  0 
 6612  0 
 6613  0 
 6614  0 
 6615  0 
 6616  0 
 6617  0 
 6618  0 
 6619  0 
 6620  0 
 6621  0 
 6622  0 
 6623  0 
 6624  0 
 6625  0 
 6626  0 
 6627  0 
 6628  0 
 6629  0 
 6630  0 
 6631  0 
 6632  0 
 6633  0 
 6634  0 
 6635  0 
 6636  0 
 6637  0 
 6638  0 
 6639  0 
 6640  0 
 6641  0 
 6642  0 
 6643  0 
 6644  0 
 6645  0 
 6646  0 
 6647  0 
 6648  0 
 6649  0 
 6650  0 
 6651  0 
 6652  0 
 6653  0 
 6654  0 
 6655  0 
 6656  0 
 6657  0 
 6658  0 
 6659  0 
 6660  0 
 6661  0 
 6662  0 
 6663  0 
 6664  0 
 6665  0 
 6666  0 
 6667  0 
 6668  0 
 6669  0 
 6670  0 
 6671  0 
 6672  0 
 6673  0 
 6674  0 
 6675  0 
 6676  0 
 6677  0 
 6678  0 
 6679  0 
 6680  0 
 6681  0 
 6682  0 
 6683  0 
 6684  0 
 6685  0 
 6686  0 
 6687  0 
 6688  0 
 6689  0 
 6690  0 
 6691  0 
 6692  0 
 6693  0 
 6694  0 
 6695  0 
 6696  0 
 6697  0 
 6698  0 
 6699  0 
 6700  0 
 6701  0 
 6702  0 
 6703  0 
 6704  0 
 6705  0 
 6706  0 
 6707  0 
 6708  0 
 6709  0 
 6710  0 
 6711  0 
 6712  0 
 6713  0 
 6714  0 
 6715  0 
 6716  0 
 6717  0 
 6718  0 
 6719  0 
 6720  0 
 6721  0 
 6722  0 
 6723  0 
 6724  0 
 6725  0 
 6726  0 
 6727  0 
 6728  0 
 6729  0 
 6730  0 
 6731  0 
 6732  0 
 6733  0 
 6734  0 
 6735  0 
 6736  0 
 6737  0 
 6738  0 
 6739  0 
 6740  0 
 6741  0 
 6742  0 
 6743  0 
 6744  0 
 6745  0 
 6746  0 
 6747  0 
 6748  0 
 6749  0 
 6750  0 
 6751  0 
 6752  0 
 6753  0 
 6754  0 
 6755  0 
 6756  0 
 6757  0 
 6758  0 
 6759  0 
 6760  0 
 6761  0 
 6762  0 
 6763  0 
 6764  0 
 6765  0 
 6766  0 
 6767  0 
 6768  0 
 6769  0 
 6770  0 
 6771  0 
 6772  0 
 6773  0 
 6774  0 
 6775  0 
 6776  0 
 6777  0 
 6778  0 
 6779  0 
 6780  0 
 6781  0 
 6782  0 
 6783  0 
 6784  0 
 6785  0 
 6786  0 
 6787  0 
 6788  0 
 6789  0 
 6790  0 
 6791  0 
 6792  0 
 6793  0 
 6794  0 
 6795  0 
 6796  0 
 6797  0 
 6798  0 
 6799  0 
 6800  0 
 6801  0 
 6802  0 
 6803  0 
 6804  0 
 6805  0 
 6806  0 
 6807  0 
 6808  0 
 6809  0 
 6810  0 
 6811  0 
 6812  0 
 6813  0 
 6814  0 
 6815  0 
 6816  0 
 6817  0 
 6818  0 
 6819  0 
 6820  0 
 6821  0 
 6822  0 
 6823  0 
 6824  0 
 6825  0 
 6826  0 
 6827  0 
 6828  0 
 6829  0 
 6830  0 
 6831  0 
 6832  0 
 6833  0 
 6834  0 
 6835  0 
 6836  0 
 6837  0 
 6838  0 
 6839  0 
 6840  0 
 6841  0 
 6842  0 
 6843  0 
 6844  0 
 6845  0 
 6846  0 
 6847  0 
 6848  0 
 6849  0 
 6850  0 
 6851  0 
 6852  0 
 6853  0 
 6854  0 
 6855  0 
 6856  0 
 6857  0 
 6858  0 
 6859  0 
 6860  0 
 6861  0 
 6862  0 
 6863  0 
 6864  0 
 6865  0 
 6866  0 
 6867  0 
 6868  0 
 6869  0 
 6870  0 
 6871  0 
 6872  0 
 6873  0 
 6874  0 
 6875  0 
 6876  0 
 6877  0 
 6878  0 
 6879  0 
 6880  0 
 6881  0 
 6882  0 
 6883  0 
 6884  0 
 6885  0 
 6886  0 
 6887  0 
 6888  0 
 6889  0 
 6890  0 
 6891  0 
 6892  0 
 6893  0 
 6894  0 
 6895  0 
 6896  0 
 6897  0 
 6898  0 
 6899  0 
 6900  0 
 6901  0 
 6902  0 
 6903  0 
 6904  0 
 6905  0 
 6906  0 
 6907  0 
 6908  0 
 6909  0 
 6910  0 
 6911  0 
 6912  0 
 6913  0 
 6914  0 
 6915  0 
 6916  0 
 6917  0 
 6918  0 
 6919  0 
 6920  0 
 6921  0 
 6922  0 
 6923  0 
 6924  0 
 6925  0 
 6926  0 
 6927  0 
 6928  0 
 6929  0 
 6930  0 
 6931  0 
 6932  0 
 6933  0 
 6934  0 
 6935  0 
 6936  0 
 6937  0 
 6938  0 
 6939  0 
 6940  0 
 6941  0 
 6942  0 
 6943  0 
 6944  0 
 6945  0 
 6946  0 
 6947  0 
 6948  0 
 6949  0 
 6950  0 
 6951  0 
 6952  0 
 6953  0 
 6954  0 
 6955  0 
 6956  0 
 6957  0 
 6958  0 
 6959  0 
 6960  0 
 6961  0 
 6962  0 
 6963  0 
 6964  0 
 6965  0 
 6966  0 
 6967  0 
 6968  0 
 6969  0 
 6970  0 
 6971  0 
 6972  0 
 6973  0 
 6974  0 
 6975  0 
 6976  0 
 6977  0 
 6978  0 
 6979  0 
 6980  0 
 6981  0 
 6982  0 
 6983  0 
 6984  0 
 6985  0 
 6986  0 
 6987  0 
 6988  0 
 6989  0 
 6990  0 
 6991  0 
 6992  0 
 6993  0 
 6994  0 
 6995  0 
 6996  0 
 6997  0 
 6998  0 
 6999  0 
 7000  0 
 7001  0 
 7002  0 
 7003  0 
 7004  0 
 7005  0 
 7006  0 
 7007  0 
 7008  0 
 7009  0 
 7010  0 
 7011  0 
 7012  0 
 7013  0 
 7014  0 
 7015  0 
 7016  0 
 7017  0 
 7018  0 
 7019  0 
 7020  0 
 7021  0 
 7022  0 
 7023  0 
 7024  0 
 7025  0 
 7026  0 
 7027  0 
 7028  0 
 7029  0 
 7030  0 
 7031  0 
 7032  0 
 7033  0 
 7034  0 
 7035  0 
 7036  0 
 7037  0 
 7038  0 
 7039  0 
 7040  0 
 7041  0 
 7042  0 
 7043  0 
 7044  0 
 7045  0 
 7046  0 
 7047  0 
 7048  0 
 7049  0 
 7050  0 
 7051  0 
 7052  0 
 7053  0 
 7054  0 
 7055  0 
 7056  0 
 7057  0 
 7058  0 
 7059  0 
 7060  0 
 7061  0 
 7062  0 
 7063  0 
 7064  0 
 7065  0 
 7066  0 
 7067  0 
 7068  0 
 7069  0 
 7070  0 
 7071  0 
 7072  0 
 7073  0 
 7074  0 
 7075  0 
 7076  0 
 7077  0 
 7078  0 
 7079  0 
 7080  0 
 7081  0 
 7082  0 
 7083  0 
 7084  0 
 7085  0 
 7086  0 
 7087  0 
 7088  0 
 7089  0 
 7090  0 
 7091  0 
 7092  0 
 7093  0 
 7094  0 
 7095  0 
 7096  0 
 7097  0 
 7098  0 
 7099  0 
 7100  0 
 7101  0 
 7102  0 
 7103  0 
 7104  0 
 7105  0 
 7106  0 
 7107  0 
 7108  0 
 7109  0 
 7110  0 
 7111  0 
 7112  0 
 7113  0 
 7114  0 
 7115  0 
 7116  0 
 7117  0 
 7118  0 
 7119  0 
 7120  0 
 7121  0 
 7122  0 
 7123  0 
 7124  0 
 7125  0 
 7126  0 
 7127  0 
 7128  0 
 7129  0 
 7130  0 
 7131  0 
 7132  0 
 7133  0 
 7134  0 
 7135  0 
 7136  0 
 7137  0 
 7138  0 
 7139  0 
 7140  0 
 7141  0 
 7142  0 
 7143  0 
 7144  0 
 7145  0 
 7146  0 
 7147  0 
 7148  0 
 7149  0 
 7150  0 
 7151  0 
 7152  0 
 7153  0 
 7154  0 
 7155  0 
 7156  0 
 7157  0 
 7158  0 
 7159  0 
 7160  0 
 7161  0 
 7162  0 
 7163  0 
 7164  0 
 7165  0 
 7166  0 
 7167  0 
 7168  0 
 7169  0 
 7170  0 
 7171  0 
 7172  0 
 7173  0 
 7174  0 
 7175  0 
 7176  0 
 7177  0 
 7178  0 
 7179  0 
 7180  0 
 7181  0 
 7182  0 
 7183  0 
 7184  0 
 7185  0 
 7186  0 
 7187  0 
 7188  0 
 7189  0 
 7190  0 
 7191  0 
 7192  0 
 7193  0 
 7194  0 
 7195  0 
 7196  0 
 7197  0 
 7198  0 
 7199  0 
 7200  0 
 7201  0 
 7202  0 
 7203  0 
 7204  0 
 7205  0 
 7206  0 
 7207  0 
 7208  0 
 7209  0 
 7210  0 
 7211  0 
 7212  0 
 7213  0 
 7214  0 
 7215  0 
 7216  0 
 7217  0 
 7218  0 
 7219  0 
 7220  0 
 7221  0 
 7222  0 
 7223  0 
 7224  0 
 7225  0 
 7226  0 
 7227  0 
 7228  0 
 7229  0 
 7230  0 
 7231  0 
 7232  0 
 7233  0 
 7234  0 
 7235  0 
 7236  0 
 7237  0 
 7238  0 
 7239  0 
 7240  0 
 7241  0 
 7242  0 
 7243  0 
 7244  0 
 7245  0 
 7246  0 
 7247  0 
 7248  0 
 7249  0 
 7250  0 
 7251  0 
 7252  0 
 7253  0 
 7254  0 
 7255  0 
 7256  0 
 7257  0 
 7258  0 
 7259  0 
 7260  0 
 7261  0 
 7262  0 
 7263  0 
 7264  0 
 7265  0 
 7266  0 
 7267  0 
 7268  0 
 7269  0 
 7270  0 
 7271  0 
 7272  0 
 7273  0 
 7274  0 
 7275  0 
 7276  0 
 7277  0 
 7278  0 
 7279  0 
 7280  0 
 7281  0 
 7282  0 
 7283  0 
 7284  0 
 7285  0 
 7286  0 
 7287  0 
 7288  0 
 7289  0 
 7290  0 
 7291  0 
 7292  0 
 7293  0 
 7294  0 
 7295  0 
 7296  0 
 7297  0 
 7298  0 
 7299  0 
 7300  0 
 7301  0 
 7302  0 
 7303  0 
 7304  0 
 7305  0 
 7306  0 
 7307  0 
 7308  0 
 7309  0 
 7310  0 
 7311  0 
 7312  0 
 7313  0 
 7314  0 
 7315  0 
 7316  0 
 7317  0 
 7318  0 
 7319  0 
 7320  0 
 7321  0 
 7322  0 
 7323  0 
 7324  0 
 7325  0 
 7326  0 
 7327  0 
 7328  0 
 7329  0 
 7330  0 
 7331  0 
 7332  0 
 7333  0 
 7334  0 
 7335  0 
 7336  0 
 7337  0 
 7338  0 
 7339  0 
 7340  0 
 7341  0 
 7342  0 
 7343  0 
 7344  0 
 7345  0 
 7346  0 
 7347  0 
 7348  0 
 7349  0 
 7350  0 
 7351  0 
 7352  0 
 7353  0 
 7354  0 
 7355  0 
 7356  0 
 7357  0 
 7358  0 
 7359  0 
 7360  0 
 7361  0 
 7362  0 
 7363  0 
 7364  0 
 7365  0 
 7366  0 
 7367  0 
 7368  0 
 7369  0 
 7370  0 
 7371  0 
 7372  0 
 7373  0 
 7374  0 
 7375  0 
 7376  0 
 7377  0 
 7378  0 
 7379  0 
 7380  0 
 7381  0 
 7382  0 
 7383  0 
 7384  0 
 7385  0 
 7386  0 
 7387  0 
 7388  0 
 7389  0 
 7390  0 
 7391  0 
 7392  0 
 7393  0 
 7394  0 
 7395  0 
 7396  0 
 7397  0 
 7398  0 
 7399  0 
 7400  0 
 7401  0 
 7402  0 
 7403  0 
 7404  0 
 7405  0 
 7406  0 
 7407  0 
 7408  0 
 7409  0 
 7410  0 
 7411  0 
 7412  0 
 7413  0 
 7414  0 
 7415  0 
 7416  0 
 7417  0 
 7418  0 
 7419  0 
 7420  0 
 7421  0 
 7422  0 
 7423  0 
 7424  0 
 7425  0 
 7426  0 
 7427  0 
 7428  0 
 7429  0 
 7430  0 
 7431  0 
 7432  0 
 7433  0 
 7434  0 
 7435  0 
 7436  0 
 7437  0 
 7438  0 
 7439  0 
 7440  0 
 7441  0 
 7442  0 
 7443  0 
 7444  0 
 7445  0 
 7446  0 
 7447  0 
 7448  0 
 7449  0 
 7450  0 
 7451  0 
 7452  0 
 7453  0 
 7454  0 
 7455  0 
 7456  0 
 7457  0 
 7458  0 
 7459  0 
 7460  0 
 7461  0 
 7462  0 
 7463  0 
 7464  0 
 7465  0 
 7466  0 
 7467  0 
 7468  0 
 7469  0 
 7470  0 
 7471  0 
 7472  0 
 7473  0 
 7474  0 
 7475  0 
 7476  0 
 7477  0 
 7478  0 
 7479  0 
 7480  0 
 7481  0 
 7482  0 
 7483  0 
 7484  0 
 7485  0 
 7486  0 
 7487  0 
 7488  0 
 7489  0 
 7490  0 
 7491  0 
 7492  0 
 7493  0 
 7494  0 
 7495  0 
 7496  0 
 7497  0 
 7498  0 
 7499  0 
 7500  0 
 7501  0 
 7502  0 
 7503  0 
 7504  0 
 7505  0 
 7506  0 
 7507  0 
 7508  0 
 7509  0 
 7510  0 
 7511  0 
 7512  0 
 7513  0 
 7514  0 
 7515  0 
 7516  0 
 7517  0 
 7518  0 
 7519  0 
 7520  0 
 7521  0 
 7522  0 
 7523  0 
 7524  0 
 7525  0 
 7526  0 
 7527  0 
 7528  0 
 7529  0 
 7530  0 
 7531  0 
 7532  0 
 7533  0 
 7534  0 
 7535  0 
 7536  0 
 7537  0 
 7538  0 
 7539  0 
 7540  0 
 7541  0 
 7542  0 
 7543  0 
 7544  0 
 7545  0 
 7546  0 
 7547  0 
 7548  0 
 7549  0 
 7550  0 
 7551  0 
 7552  0 
 7553  0 
 7554  0 
 7555  0 
 7556  0 
 7557  0 
 7558  0 
 7559  0 
 7560  0 
 7561  0 
 7562  0 
 7563  0 
 7564  0 
 7565  0 
 7566  0 
 7567  0 
 7568  0 
 7569  0 
 7570  0 
 7571  0 
 7572  0 
 7573  0 
 7574  0 
 7575  0 
 7576  0 
 7577  0 
 7578  0 
 7579  0 
 7580  0 
 7581  0 
 7582  0 
 7583  0 
 7584  0 
 7585  0 
 7586  0 
 7587  0 
 7588  0 
 7589  0 
 7590  0 
 7591  0 
 7592  0 
 7593  0 
 7594  0 
 7595  0 
 7596  0 
 7597  0 
 7598  0 
 7599  0 
 7600  0 
 7601  0 
 7602  0 
 7603  0 
 7604  0 
 7605  0 
 7606  0 
 7607  0 
 7608  0 
 7609  0 
 7610  0 
 7611  0 
 7612  0 
 7613  0 
 7614  0 
 7615  0 
 7616  0 
 7617  0 
 7618  0 
 7619  0 
 7620  0 
 7621  0 
 7622  0 
 7623  0 
 7624  0 
 7625  0 
 7626  0 
 7627  0 
 7628  0 
 7629  0 
 7630  0 
 7631  0 
 7632  0 
 7633  0 
 7634  0 
 7635  0 
 7636  0 
 7637  0 
 7638  0 
 7639  0 
 7640  0 
 7641  0 
 7642  0 
 7643  0 
 7644  0 
 7645  0 
 7646  0 
 7647  0 
 7648  0 
 7649  0 
 7650  0 
 7651  0 
 7652  0 
 7653  0 
 7654  0 
 7655  0 
 7656  0 
 7657  0 
 7658  0 
 7659  0 
 7660  0 
 7661  0 
 7662  0 
 7663  0 
 7664  0 
 7665  0 
 7666  0 
 7667  0 
 7668  0 
 7669  0 
 7670  0 
 7671  0 
 7672  0 
 7673  0 
 7674  0 
 7675  0 
 7676  0 
 7677  0 
 7678  0 
 7679  0 
 7680  0 
 7681  0 
 7682  0 
 7683  0 
 7684  0 
 7685  1 
 7686  0 
 7687  0 
 7688  0 
 7689  0 
 7690  0 
 7691  0 
 7692  0 
 7693  0 
 7694  0 
 7695  0 
 7696  0 
 7697  0 
 7698  0 
 7699  0 
 7700  0 
 7701  0 
 7702  0 
 7703  0 
 7704  0 
 7705  0 
 7706  0 
 7707  0 
 7708  0 
 7709  0 
 7710  0 
 7711  0 
 7712  0 
 7713  0 
 7714  0 
 7715  0 
 7716  0 
 7717  0 
 7718  0 
 7719  0 
 7720  0 
 7721  0 
 7722  0 
 7723  0 
 7724  0 
 7725  0 
 7726  0 
 7727  0 
 7728  0 
 7729  0 
 7730  0 
 7731  0 
 7732  0 
 7733  0 
 7734  0 
 7735  0 
 7736  0 
 7737  0 
 7738  0 
 7739  0 
 7740  0 
 7741  0 
 7742  0 
 7743  0 
 7744  0 
 7745  0 
 7746  0 
 7747  0 
 7748  0 
 7749  0 
 7750  0 
 7751  0 
 7752  0 
 7753  0 
 7754  0 
 7755  0 
 7756  0 
 7757  0 
 7758  0 
 7759  0 
 7760  0 
 7761  0 
 7762  0 
 7763  0 
 7764  0 
 7765  0 
 7766  0 
 7767  0 
 7768  0 
 7769  0 
 7770  0 
 7771  0 
 7772  0 
 7773  0 
 7774  0 
 7775  0 
 7776  0 
 7777  0 
 7778  0 
 7779  0 
 7780  0 
 7781  0 
 7782  0 
 7783  0 
 7784  0 
 7785  0 
 7786  0 
 7787  0 
 7788  0 
 7789  0 
 7790  0 
 7791  0 
 7792  0 
 7793  0 
 7794  0 
 7795  0 
 7796  0 
 7797  0 
 7798  0 
 7799  0 
 7800  0 
 7801  0 
 7802  0 
 7803  0 
 7804  0 
 7805  0 
 7806  0 
 7807  0 
 7808  0 
 7809  0 
 7810  0 
 7811  0 
 7812  0 
 7813  0 
 7814  0 
 7815  0 
 7816  0 
 7817  0 
 7818  0 
 7819  0 
 7820  0 
 7821  0 
 7822  0 
 7823  0 
 7824  0 
 7825  0 
 7826  0 
 7827  0 
 7828  0 
 7829  0 
 7830  0 
 7831  0 
 7832  0 
 7833  0 
 7834  0 
 7835  0 
 7836  0 
 7837  0 
 7838  0 
 7839  0 
 7840  0 
 7841  0 
 7842  0 
 7843  0 
 7844  0 
 7845  0 
 7846  0 
 7847  0 
 7848  0 
 7849  0 
 7850  0 
 7851  0 
 7852  0 
 7853  0 
 7854  0 
 7855  0 
 7856  0 
 7857  0 
 7858  0 
 7859  0 
 7860  0 
 7861  0 
 7862  0 
 7863  0 
 7864  0 
 7865  1 
 7866  0 
 7867  0 
 7868  0 
 7869  0 
 7870  0 
 7871  0 
 7872  0 
 7873  0 
 7874  0 
 7875  0 
 7876  0 
 7877  0 
 7878  0 
 7879  0 
 7880  0 
 7881  0 
 7882  0 
 7883  0 
 7884  0 
 7885  0 
 7886  0 
 7887  0 
 7888  0 
 7889  0 
 7890  0 
 7891  0 
 7892  0 
 7893  0 
 7894  0 
 7895  0 
 7896  0 
 7897  0 
 7898  0 
 7899  0 
 7900  0 
 7901  0 
 7902  0 
 7903  0 
 7904  0 
 7905  0 
 7906  0 
 7907  0 
 7908  0 
 7909  0 
 7910  0 
 7911  0 
 7912  0 
 7913  0 
 7914  0 
 7915  0 
 7916  0 
 7917  0 
 7918  0 
 7919  0 
 7920  0 
 7921  0 
 7922  0 
 7923  0 
 7924  0 
 7925  0 
 7926  0 
 7927  0 
 7928  0 
 7929  0 
 7930  0 
 7931  0 
 7932  0 
 7933  0 
 7934  0 
 7935  0 
 7936  0 
 7937  0 
 7938  0 
 7939  0 
 7940  0 
 7941  0 
 7942  0 
 7943  0 
 7944  0 
 7945  0 
 7946  0 
 7947  0 
 7948  0 
 7949  0 
 7950  0 
 7951  0 
 7952  0 
 7953  1 
 7954  0 
 7955  0 
 7956  0 
 7957  0 
 7958  0 
 7959  0 
 7960  0 
 7961  0 
 7962  0 
 7963  0 
 7964  0 
 7965  0 
 7966  0 
 7967  0 
 7968  0 
 7969  0 
 7970  0 
 7971  0 
 7972  0 
 7973  0 
 7974  0 
 7975  0 
 7976  1 
 7977  0 
 7978  0 
 7979  0 
 7980  0 
 7981  0 
 7982  0 
 7983  0 
 7984  0 
 7985  0 
 7986  0 
 7987  0 
 7988  0 
 7989  0 
 7990  0 
 7991  0 
 7992  0 
 7993  0 
 7994  0 
 7995  0 
 7996  0 
 7997  0 
 7998  0 
 7999  0 
 8000  0 
 8001  0 
 8002  0 
 8003  0 
 8004  0 
 8005  0 
 8006  0 
 8007  0 
 8008  0 
 8009  0 
 8010  0 
 8011  0 
 8012  0 
 8013  0 
 8014  0 
 8015  0 
 8016  0 
 8017  0 
 8018  0 
 8019  0 
 8020  0 
 8021  0 
 8022  0 
 8023  0 
 8024  0 
 8025  0 
 8026  1 
 8027  0 
 8028  0 
 8029  0 
 8030  0 
 8031  0 
 8032  0 
 8033  0 
 8034  0 
 8035  0 
 8036  0 
 8037  0 
 8038  0 
 8039  0 
 8040  0 
 8041  0 
 8042  0 
 8043  0 
 8044  0 
 8045  0 
 8046  0 
 8047  0 
 8048  0 
 8049  1 
 8050  0 
 8051  0 
 8052  0 
 8053  0 
 8054  0 
 8055  0 
 8056  0 
 8057  0 
 8058  0 
 8059  0 
 8060  1 
 8061  0 
 8062  1 
 8063  0 
 8064  0 
 8065  0 
 8066  0 
 8067  0 
 8068  0 
 8069  0 
 8070  0 
 8071  1 
 8072  0 
 8073  0 
 8074  0 
 8075  0 
 8076  1 
 8077  0 
 8078  0 
 8079  0 
 8080  0 
 8081  0 
 8082  0 
 8083  0 
 8084  0 
 8085  0 
 8086  0 
 8087  0 
 8088  0 
 8089  0 
 8090  0 
 8091  0 
 8092  0 
 8093  0 
 8094  0 
 8095  0 
 8096  0 
 8097  0 
 8098  0 
 8099  0 
 8100  0 
 8101  0 
 8102  0 
 8103  0 
 8104  0 
 8105  0 
 8106  0 
 8107  0 
 8108  0 
 8109  0 
 8110  0 
 8111  0 
 8112  0 
 8113  0 
 8114  0 
 8115  0 
 8116  0 
 8117  0 
 8118  0 
 8119  0 
 8120  0 
 8121  0 
 8122  0 
 8123  0 
 8124  0 
 8125  0 
 8126  0 
 8127  0 
 8128  0 
 8129  0 
 8130  0 
 8131  0 
 8132  0 
 8133  0 
 8134  0 
 8135  0 
 8136  0 
 8137  0 
 8138  0 
 8139  0 
 8140  0 
 8141  0 
 8142  0 
 8143  0 
 8144  0 
 8145  0 
 8146  0 
 8147  0 
 8148  0 
 8149  0 
 8150  0 
 8151  0 
 8152  0 
 8153  0 
 8154  0 
 8155  0 
 8156  0 
 8157  0 
 8158  0 
 8159  0 
 8160  0 
 8161  0 
 8162  0 
 8163  0 
 8164  0 
 8165  0 
 8166  0 
 8167  0 
 8168  0 
 8169  0 
 8170  0 
 8171  0 
 8172  0 
 8173  0 
 8174  0 
 8175  0 
 8176  0 
 8177  0 
 8178  0 
 8179  0 
 8180  0 
 8181  0 
 8182  0 
 8183  0 
 8184  0 
 8185  0 
 8186  0 
 8187  0 
 8188  0 
 8189  0 
 8190  0 
 8191  0 
