 0  996 
 1  1001 
 2  0 
 3  0 
 4  0 
 5  0 
 6  0 
 7  0 
 8  0 
 9  0 
 10  0 
 11  0 
 12  0 
 13  0 
 14  0 
 15  0 
 16  0 
 17  0 
 18  0 
 19  0 
 20  0 
 21  0 
 22  0 
 23  0 
 24  0 
 25  0 
 26  0 
 27  0 
 28  0 
 29  0 
 30  0 
 31  0 
 32  0 
 33  0 
 34  0 
 35  0 
 36  0 
 37  0 
 38  0 
 39  0 
 40  0 
 41  0 
 42  0 
 43  0 
 44  0 
 45  0 
 46  0 
 47  0 
 48  0 
 49  0 
 50  0 
 51  0 
 52  0 
 53  0 
 54  0 
 55  0 
 56  0 
 57  0 
 58  0 
 59  0 
 60  0 
 61  0 
 62  0 
 63  0 
 64  0 
 65  0 
 66  0 
 67  0 
 68  0 
 69  0 
 70  0 
 71  0 
 72  0 
 73  0 
 74  0 
 75  0 
 76  0 
 77  0 
 78  0 
 79  0 
 80  0 
 81  0 
 82  0 
 83  0 
 84  0 
 85  0 
 86  0 
 87  0 
 88  0 
 89  0 
 90  0 
 91  0 
 92  0 
 93  0 
 94  0 
 95  0 
 96  0 
 97  0 
 98  0 
 99  0 
 100  0 
 101  0 
 102  0 
 103  0 
 104  0 
 105  0 
 106  0 
 107  0 
 108  0 
 109  0 
 110  0 
 111  0 
 112  0 
 113  0 
 114  0 
 115  0 
 116  0 
 117  0 
 118  0 
 119  0 
 120  0 
 121  0 
 122  0 
 123  0 
 124  0 
 125  0 
 126  0 
 127  0 
 128  0 
 129  0 
 130  0 
 131  0 
 132  0 
 133  0 
 134  0 
 135  0 
 136  0 
 137  0 
 138  0 
 139  0 
 140  0 
 141  0 
 142  0 
 143  0 
 144  0 
 145  0 
 146  0 
 147  0 
 148  0 
 149  0 
 150  0 
 151  0 
 152  0 
 153  0 
 154  0 
 155  0 
 156  0 
 157  0 
 158  0 
 159  0 
 160  0 
 161  0 
 162  0 
 163  0 
 164  0 
 165  0 
 166  0 
 167  0 
 168  0 
 169  0 
 170  0 
 171  0 
 172  0 
 173  0 
 174  0 
 175  0 
 176  0 
 177  0 
 178  0 
 179  0 
 180  0 
 181  0 
 182  0 
 183  0 
 184  0 
 185  0 
 186  0 
 187  0 
 188  0 
 189  0 
 190  0 
 191  0 
 192  0 
 193  0 
 194  0 
 195  0 
 196  0 
 197  0 
 198  0 
 199  0 
 200  0 
 201  0 
 202  0 
 203  0 
 204  0 
 205  0 
 206  0 
 207  0 
 208  0 
 209  0 
 210  0 
 211  0 
 212  0 
 213  0 
 214  0 
 215  0 
 216  0 
 217  0 
 218  0 
 219  0 
 220  0 
 221  0 
 222  0 
 223  0 
 224  0 
 225  0 
 226  0 
 227  0 
 228  0 
 229  0 
 230  0 
 231  0 
 232  0 
 233  0 
 234  0 
 235  0 
 236  0 
 237  0 
 238  0 
 239  0 
 240  0 
 241  0 
 242  0 
 243  0 
 244  0 
 245  0 
 246  0 
 247  0 
 248  0 
 249  0 
 250  0 
 251  0 
 252  0 
 253  0 
 254  0 
 255  0 
 256  0 
 257  0 
 258  0 
 259  0 
 260  0 
 261  0 
 262  0 
 263  0 
 264  0 
 265  0 
 266  0 
 267  0 
 268  0 
 269  0 
 270  0 
 271  0 
 272  0 
 273  0 
 274  0 
 275  0 
 276  0 
 277  0 
 278  0 
 279  0 
 280  0 
 281  0 
 282  0 
 283  0 
 284  0 
 285  0 
 286  0 
 287  0 
 288  0 
 289  0 
 290  0 
 291  0 
 292  0 
 293  0 
 294  0 
 295  0 
 296  0 
 297  0 
 298  0 
 299  0 
 300  0 
 301  0 
 302  0 
 303  0 
 304  0 
 305  0 
 306  0 
 307  0 
 308  0 
 309  0 
 310  0 
 311  0 
 312  0 
 313  0 
 314  0 
 315  0 
 316  0 
 317  0 
 318  0 
 319  0 
 320  0 
 321  0 
 322  0 
 323  0 
 324  0 
 325  0 
 326  0 
 327  0 
 328  0 
 329  0 
 330  0 
 331  0 
 332  0 
 333  0 
 334  0 
 335  0 
 336  0 
 337  0 
 338  0 
 339  0 
 340  0 
 341  0 
 342  0 
 343  0 
 344  0 
 345  0 
 346  0 
 347  0 
 348  0 
 349  0 
 350  0 
 351  0 
 352  0 
 353  0 
 354  0 
 355  0 
 356  0 
 357  0 
 358  0 
 359  0 
 360  0 
 361  0 
 362  0 
 363  0 
 364  0 
 365  0 
 366  0 
 367  0 
 368  0 
 369  0 
 370  0 
 371  0 
 372  0 
 373  0 
 374  0 
 375  0 
 376  0 
 377  0 
 378  0 
 379  0 
 380  0 
 381  0 
 382  0 
 383  0 
 384  0 
 385  0 
 386  0 
 387  0 
 388  0 
 389  0 
 390  0 
 391  0 
 392  0 
 393  0 
 394  0 
 395  0 
 396  0 
 397  0 
 398  0 
 399  0 
 400  0 
 401  0 
 402  0 
 403  0 
 404  0 
 405  0 
 406  0 
 407  0 
 408  0 
 409  0 
 410  0 
 411  0 
 412  0 
 413  0 
 414  0 
 415  0 
 416  0 
 417  0 
 418  0 
 419  0 
 420  0 
 421  0 
 422  0 
 423  0 
 424  0 
 425  0 
 426  0 
 427  0 
 428  0 
 429  0 
 430  0 
 431  0 
 432  0 
 433  0 
 434  0 
 435  0 
 436  0 
 437  0 
 438  0 
 439  0 
 440  0 
 441  0 
 442  0 
 443  0 
 444  0 
 445  0 
 446  0 
 447  0 
 448  0 
 449  0 
 450  0 
 451  0 
 452  0 
 453  0 
 454  0 
 455  0 
 456  0 
 457  0 
 458  0 
 459  0 
 460  0 
 461  0 
 462  0 
 463  0 
 464  0 
 465  0 
 466  0 
 467  0 
 468  0 
 469  0 
 470  0 
 471  0 
 472  0 
 473  0 
 474  0 
 475  0 
 476  0 
 477  0 
 478  0 
 479  0 
 480  0 
 481  0 
 482  0 
 483  0 
 484  0 
 485  0 
 486  0 
 487  2 
 488  2 
 489  2 
 490  5 
 491  5 
 492  3 
 493  2 
 494  3 
 495  4 
 496  1 
 497  5 
 498  6 
 499  4 
 500  2 
 501  8 
 502  3 
 503  3 
 504  2 
 505  4 
 506  3 
 507  3 
 508  2 
 509  2 
 510  3 
 511  5 
 512  3 
 513  2 
 514  4 
 515  1 
 516  3 
 517  2 
 518  3 
 519  0 
 520  3 
 521  3 
 522  2 
 523  1 
 524  5 
 525  1 
 526  1 
 527  1 
 528  2 
 529  1 
 530  1 
 531  0 
 532  2 
 533  3 
 534  2 
 535  5 
 536  1 
 537  1 
 538  4 
 539  4 
 540  3 
 541  2 
 542  2 
 543  2 
 544  7 
 545  3 
 546  8 
 547  1 
 548  0 
 549  1 
 550  0 
 551  2 
 552  5 
 553  3 
 554  1 
 555  1 
 556  2 
 557  0 
 558  6 
 559  3 
 560  1 
 561  3 
 562  4 
 563  2 
 564  2 
 565  6 
 566  2 
 567  3 
 568  3 
 569  0 
 570  4 
 571  3 
 572  1 
 573  2 
 574  2 
 575  4 
 576  2 
 577  5 
 578  1 
 579  2 
 580  3 
 581  4 
 582  4 
 583  2 
 584  3 
 585  5 
 586  1 
 587  1 
 588  2 
 589  3 
 590  2 
 591  0 
 592  2 
 593  5 
 594  4 
 595  2 
 596  0 
 597  3 
 598  2 
 599  0 
 600  8 
 601  2 
 602  3 
 603  2 
 604  3 
 605  1 
 606  2 
 607  3 
 608  2 
 609  0 
 610  1 
 611  4 
 612  1 
 613  5 
 614  1 
 615  1 
 616  3 
 617  0 
 618  1 
 619  2 
 620  2 
 621  3 
 622  5 
 623  4 
 624  1 
 625  3 
 626  1 
 627  2 
 628  3 
 629  2 
 630  4 
 631  1 
 632  2 
 633  0 
 634  1 
 635  5 
 636  4 
 637  2 
 638  3 
 639  2 
 640  3 
 641  4 
 642  4 
 643  2 
 644  3 
 645  2 
 646  2 
 647  6 
 648  2 
 649  3 
 650  2 
 651  2 
 652  2 
 653  2 
 654  2 
 655  1 
 656  6 
 657  2 
 658  2 
 659  2 
 660  3 
 661  0 
 662  2 
 663  1 
 664  4 
 665  4 
 666  2 
 667  2 
 668  3 
 669  1 
 670  2 
 671  4 
 672  5 
 673  2 
 674  2 
 675  2 
 676  4 
 677  3 
 678  4 
 679  3 
 680  3 
 681  3 
 682  2 
 683  4 
 684  1 
 685  3 
 686  6 
 687  2 
 688  2 
 689  0 
 690  2 
 691  2 
 692  4 
 693  5 
 694  1 
 695  3 
 696  5 
 697  5 
 698  1 
 699  6 
 700  6 
 701  3 
 702  4 
 703  2 
 704  2 
 705  3 
 706  2 
 707  1 
 708  6 
 709  3 
 710  4 
 711  4 
 712  0 
 713  4 
 714  2 
 715  2 
 716  1 
 717  2 
 718  1 
 719  0 
 720  2 
 721  0 
 722  5 
 723  1 
 724  2 
 725  1 
 726  2 
 727  4 
 728  4 
 729  5 
 730  4 
 731  2 
 732  3 
 733  3 
 734  3 
 735  2 
 736  3 
 737  6 
 738  1 
 739  6 
 740  4 
 741  4 
 742  1 
 743  0 
 744  2 
 745  1 
 746  2 
 747  1 
 748  2 
 749  2 
 750  6 
 751  0 
 752  1 
 753  3 
 754  0 
 755  2 
 756  0 
 757  3 
 758  4 
 759  3 
 760  1 
 761  3 
 762  3 
 763  1 
 764  2 
 765  1 
 766  2 
 767  6 
 768  2 
 769  2 
 770  4 
 771  2 
 772  1 
 773  3 
 774  1 
 775  4 
 776  3 
 777  3 
 778  2 
 779  2 
 780  2 
 781  4 
 782  4 
 783  4 
 784  3 
 785  7 
 786  1 
 787  3 
 788  2 
 789  1 
 790  1 
 791  2 
 792  0 
 793  2 
 794  2 
 795  1 
 796  0 
 797  4 
 798  1 
 799  0 
 800  2 
 801  0 
 802  2 
 803  5 
 804  3 
 805  0 
 806  1 
 807  3 
 808  1 
 809  3 
 810  2 
 811  1 
 812  4 
 813  2 
 814  4 
 815  3 
 816  3 
 817  1 
 818  5 
 819  2 
 820  2 
 821  0 
 822  2 
 823  3 
 824  3 
 825  1 
 826  2 
 827  3 
 828  4 
 829  1 
 830  3 
 831  4 
 832  6 
 833  3 
 834  2 
 835  3 
 836  0 
 837  1 
 838  5 
 839  5 
 840  2 
 841  3 
 842  3 
 843  5 
 844  1 
 845  3 
 846  6 
 847  4 
 848  1 
 849  3 
 850  2 
 851  4 
 852  1 
 853  0 
 854  3 
 855  2 
 856  2 
 857  0 
 858  0 
 859  2 
 860  1 
 861  3 
 862  2 
 863  4 
 864  4 
 865  4 
 866  3 
 867  3 
 868  5 
 869  3 
 870  2 
 871  2 
 872  2 
 873  2 
 874  1 
 875  4 
 876  6 
 877  0 
 878  1 
 879  2 
 880  3 
 881  4 
 882  3 
 883  6 
 884  2 
 885  4 
 886  2 
 887  3 
 888  3 
 889  4 
 890  5 
 891  7 
 892  4 
 893  3 
 894  1 
 895  0 
 896  0 
 897  4 
 898  0 
 899  0 
 900  2 
 901  2 
 902  4 
 903  1 
 904  3 
 905  3 
 906  3 
 907  2 
 908  2 
 909  4 
 910  4 
 911  2 
 912  2 
 913  1 
 914  0 
 915  1 
 916  4 
 917  3 
 918  1 
 919  1 
 920  1 
 921  2 
 922  3 
 923  2 
 924  0 
 925  2 
 926  3 
 927  1 
 928  2 
 929  3 
 930  0 
 931  5 
 932  2 
 933  2 
 934  1 
 935  2 
 936  2 
 937  4 
 938  3 
 939  1 
 940  3 
 941  1 
 942  4 
 943  3 
 944  2 
 945  0 
 946  0 
 947  3 
 948  4 
 949  4 
 950  2 
 951  1 
 952  1 
 953  2 
 954  1 
 955  1 
 956  2 
 957  1 
 958  3 
 959  8 
 960  1 
 961  1 
 962  4 
 963  4 
 964  3 
 965  3 
 966  1 
 967  2 
 968  4 
 969  4 
 970  1 
 971  2 
 972  5 
 973  1 
 974  2 
 975  2 
 976  2 
 977  1 
 978  1 
 979  3 
 980  2 
 981  2 
 982  2 
 983  4 
 984  1 
 985  0 
 986  2 
 987  1 
 988  0 
 989  3 
 990  3 
 991  2 
 992  5 
 993  0 
 994  0 
 995  2 
 996  2 
 997  3 
 998  1 
 999  4 
 1000  3 
 1001  1 
 1002  2 
 1003  2 
 1004  4 
 1005  5 
 1006  4 
 1007  4 
 1008  0 
 1009  4 
 1010  3 
 1011  1 
 1012  2 
 1013  1 
 1014  2 
 1015  3 
 1016  7 
 1017  2 
 1018  4 
 1019  3 
 1020  2 
 1021  1 
 1022  6 
 1023  4 
 1024  1 
 1025  0 
 1026  3 
 1027  1 
 1028  1 
 1029  4 
 1030  1 
 1031  4 
 1032  3 
 1033  3 
 1034  4 
 1035  2 
 1036  1 
 1037  4 
 1038  2 
 1039  5 
 1040  4 
 1041  6 
 1042  2 
 1043  3 
 1044  1 
 1045  2 
 1046  2 
 1047  1 
 1048  1 
 1049  0 
 1050  3 
 1051  2 
 1052  4 
 1053  2 
 1054  2 
 1055  4 
 1056  0 
 1057  1 
 1058  1 
 1059  3 
 1060  2 
 1061  1 
 1062  4 
 1063  0 
 1064  1 
 1065  1 
 1066  3 
 1067  0 
 1068  2 
 1069  2 
 1070  1 
 1071  2 
 1072  1 
 1073  4 
 1074  1 
 1075  3 
 1076  3 
 1077  4 
 1078  3 
 1079  3 
 1080  1 
 1081  2 
 1082  1 
 1083  1 
 1084  2 
 1085  1 
 1086  3 
 1087  2 
 1088  3 
 1089  0 
 1090  1 
 1091  1 
 1092  3 
 1093  5 
 1094  3 
 1095  1 
 1096  5 
 1097  0 
 1098  4 
 1099  1 
 1100  5 
 1101  3 
 1102  1 
 1103  4 
 1104  1 
 1105  3 
 1106  3 
 1107  3 
 1108  5 
 1109  1 
 1110  2 
 1111  2 
 1112  3 
 1113  2 
 1114  1 
 1115  2 
 1116  1 
 1117  1 
 1118  5 
 1119  1 
 1120  3 
 1121  1 
 1122  2 
 1123  4 
 1124  4 
 1125  2 
 1126  2 
 1127  2 
 1128  4 
 1129  0 
 1130  1 
 1131  4 
 1132  4 
 1133  2 
 1134  2 
 1135  3 
 1136  2 
 1137  0 
 1138  2 
 1139  2 
 1140  2 
 1141  3 
 1142  2 
 1143  3 
 1144  0 
 1145  3 
 1146  2 
 1147  0 
 1148  1 
 1149  2 
 1150  3 
 1151  1 
 1152  1 
 1153  1 
 1154  4 
 1155  3 
 1156  1 
 1157  3 
 1158  2 
 1159  1 
 1160  1 
 1161  2 
 1162  2 
 1163  2 
 1164  3 
 1165  4 
 1166  2 
 1167  0 
 1168  0 
 1169  3 
 1170  2 
 1171  6 
 1172  4 
 1173  4 
 1174  0 
 1175  2 
 1176  1 
 1177  3 
 1178  4 
 1179  1 
 1180  9 
 1181  3 
 1182  0 
 1183  5 
 1184  2 
 1185  2 
 1186  2 
 1187  3 
 1188  1 
 1189  4 
 1190  4 
 1191  1 
 1192  3 
 1193  0 
 1194  2 
 1195  2 
 1196  4 
 1197  2 
 1198  3 
 1199  2 
 1200  1 
 1201  0 
 1202  6 
 1203  1 
 1204  3 
 1205  1 
 1206  1 
 1207  1 
 1208  2 
 1209  3 
 1210  2 
 1211  2 
 1212  3 
 1213  1 
 1214  3 
 1215  3 
 1216  2 
 1217  6 
 1218  4 
 1219  0 
 1220  2 
 1221  3 
 1222  4 
 1223  0 
 1224  5 
 1225  1 
 1226  4 
 1227  5 
 1228  1 
 1229  0 
 1230  1 
 1231  2 
 1232  1 
 1233  2 
 1234  1 
 1235  3 
 1236  1 
 1237  0 
 1238  3 
 1239  2 
 1240  1 
 1241  2 
 1242  2 
 1243  2 
 1244  1 
 1245  2 
 1246  3 
 1247  4 
 1248  2 
 1249  2 
 1250  2 
 1251  4 
 1252  1 
 1253  1 
 1254  2 
 1255  1 
 1256  3 
 1257  3 
 1258  2 
 1259  1 
 1260  1 
 1261  4 
 1262  4 
 1263  4 
 1264  0 
 1265  2 
 1266  6 
 1267  1 
 1268  4 
 1269  3 
 1270  1 
 1271  1 
 1272  2 
 1273  2 
 1274  2 
 1275  1 
 1276  3 
 1277  0 
 1278  2 
 1279  2 
 1280  3 
 1281  2 
 1282  2 
 1283  1 
 1284  1 
 1285  2 
 1286  0 
 1287  1 
 1288  2 
 1289  0 
 1290  2 
 1291  3 
 1292  4 
 1293  1 
 1294  0 
 1295  2 
 1296  2 
 1297  0 
 1298  4 
 1299  3 
 1300  2 
 1301  4 
 1302  2 
 1303  2 
 1304  3 
 1305  2 
 1306  2 
 1307  1 
 1308  2 
 1309  1 
 1310  4 
 1311  2 
 1312  4 
 1313  2 
 1314  4 
 1315  4 
 1316  0 
 1317  1 
 1318  0 
 1319  3 
 1320  5 
 1321  4 
 1322  2 
 1323  4 
 1324  3 
 1325  2 
 1326  3 
 1327  2 
 1328  1 
 1329  0 
 1330  3 
 1331  2 
 1332  0 
 1333  2 
 1334  2 
 1335  0 
 1336  1 
 1337  2 
 1338  0 
 1339  7 
 1340  2 
 1341  2 
 1342  0 
 1343  3 
 1344  5 
 1345  1 
 1346  1 
 1347  2 
 1348  4 
 1349  2 
 1350  2 
 1351  3 
 1352  3 
 1353  6 
 1354  1 
 1355  1 
 1356  4 
 1357  6 
 1358  1 
 1359  6 
 1360  2 
 1361  1 
 1362  0 
 1363  2 
 1364  3 
 1365  4 
 1366  2 
 1367  0 
 1368  1 
 1369  2 
 1370  1 
 1371  3 
 1372  2 
 1373  0 
 1374  3 
 1375  2 
 1376  3 
 1377  2 
 1378  1 
 1379  0 
 1380  3 
 1381  2 
 1382  1 
 1383  1 
 1384  3 
 1385  3 
 1386  2 
 1387  2 
 1388  2 
 1389  1 
 1390  1 
 1391  0 
 1392  6 
 1393  1 
 1394  4 
 1395  1 
 1396  2 
 1397  4 
 1398  5 
 1399  0 
 1400  3 
 1401  0 
 1402  4 
 1403  4 
 1404  1 
 1405  2 
 1406  3 
 1407  2 
 1408  2 
 1409  0 
 1410  2 
 1411  3 
 1412  3 
 1413  2 
 1414  1 
 1415  0 
 1416  0 
 1417  4 
 1418  0 
 1419  3 
 1420  2 
 1421  1 
 1422  3 
 1423  2 
 1424  6 
 1425  2 
 1426  4 
 1427  0 
 1428  5 
 1429  3 
 1430  3 
 1431  0 
 1432  2 
 1433  0 
 1434  1 
 1435  1 
 1436  1 
 1437  3 
 1438  1 
 1439  1 
 1440  6 
 1441  0 
 1442  3 
 1443  1 
 1444  3 
 1445  3 
 1446  5 
 1447  1 
 1448  1 
 1449  2 
 1450  1 
 1451  2 
 1452  0 
 1453  3 
 1454  6 
 1455  6 
 1456  4 
 1457  3 
 1458  2 
 1459  0 
 1460  1 
 1461  3 
 1462  2 
 1463  3 
 1464  1 
 1465  2 
 1466  2 
 1467  2 
 1468  1 
 1469  1 
 1470  0 
 1471  2 
 1472  4 
 1473  1 
 1474  1 
 1475  7 
 1476  1 
 1477  5 
 1478  2 
 1479  5 
 1480  7 
 1481  1 
 1482  0 
 1483  3 
 1484  1 
 1485  3 
 1486  2 
 1487  4 
 1488  0 
 1489  6 
 1490  4 
 1491  3 
 1492  1 
 1493  2 
 1494  4 
 1495  7 
 1496  0 
 1497  3 
 1498  5 
 1499  0 
 1500  5 
 1501  1 
 1502  2 
 1503  2 
 1504  4 
 1505  0 
 1506  3 
 1507  1 
 1508  1 
 1509  5 
 1510  2 
 1511  2 
 1512  3 
 1513  4 
 1514  0 
 1515  2 
 1516  2 
 1517  3 
 1518  4 
 1519  7 
 1520  2 
 1521  2 
 1522  3 
 1523  3 
 1524  2 
 1525  3 
 1526  1 
 1527  1 
 1528  4 
 1529  1 
 1530  3 
 1531  3 
 1532  3 
 1533  5 
 1534  2 
 1535  2 
 1536  1 
 1537  2 
 1538  3 
 1539  1 
 1540  4 
 1541  0 
 1542  3 
 1543  1 
 1544  2 
 1545  2 
 1546  3 
 1547  6 
 1548  3 
 1549  5 
 1550  7 
 1551  3 
 1552  3 
 1553  1 
 1554  2 
 1555  0 
 1556  3 
 1557  2 
 1558  3 
 1559  1 
 1560  2 
 1561  3 
 1562  1 
 1563  2 
 1564  4 
 1565  1 
 1566  3 
 1567  4 
 1568  1 
 1569  0 
 1570  1 
 1571  6 
 1572  5 
 1573  3 
 1574  2 
 1575  3 
 1576  2 
 1577  1 
 1578  4 
 1579  0 
 1580  4 
 1581  1 
 1582  1 
 1583  4 
 1584  4 
 1585  3 
 1586  2 
 1587  1 
 1588  2 
 1589  0 
 1590  1 
 1591  3 
 1592  3 
 1593  5 
 1594  3 
 1595  4 
 1596  4 
 1597  1 
 1598  3 
 1599  3 
 1600  4 
 1601  5 
 1602  3 
 1603  4 
 1604  1 
 1605  3 
 1606  4 
 1607  2 
 1608  5 
 1609  3 
 1610  2 
 1611  1 
 1612  4 
 1613  4 
 1614  0 
 1615  5 
 1616  3 
 1617  2 
 1618  0 
 1619  1 
 1620  5 
 1621  3 
 1622  2 
 1623  2 
 1624  2 
 1625  0 
 1626  3 
 1627  1 
 1628  2 
 1629  4 
 1630  4 
 1631  2 
 1632  1 
 1633  3 
 1634  2 
 1635  7 
 1636  4 
 1637  4 
 1638  6 
 1639  0 
 1640  0 
 1641  0 
 1642  3 
 1643  3 
 1644  0 
 1645  0 
 1646  2 
 1647  1 
 1648  5 
 1649  5 
 1650  1 
 1651  2 
 1652  3 
 1653  2 
 1654  5 
 1655  3 
 1656  1 
 1657  7 
 1658  3 
 1659  4 
 1660  2 
 1661  7 
 1662  0 
 1663  3 
 1664  4 
 1665  1 
 1666  1 
 1667  3 
 1668  1 
 1669  4 
 1670  2 
 1671  3 
 1672  6 
 1673  3 
 1674  5 
 1675  3 
 1676  2 
 1677  7 
 1678  4 
 1679  9 
 1680  3 
 1681  4 
 1682  1 
 1683  4 
 1684  6 
 1685  1 
 1686  10 
 1687  8 
 1688  1 
 1689  4 
 1690  5 
 1691  1 
 1692  3 
 1693  4 
 1694  10 
 1695  3 
 1696  10 
 1697  8 
 1698  14 
 1699  8 
 1700  8 
 1701  3 
 1702  4 
 1703  9 
 1704  3 
 1705  9 
 1706  6 
 1707  6 
 1708  5 
 1709  2 
 1710  6 
 1711  5 
 1712  6 
 1713  10 
 1714  6 
 1715  6 
 1716  5 
 1717  9 
 1718  7 
 1719  5 
 1720  10 
 1721  11 
 1722  8 
 1723  7 
 1724  4 
 1725  5 
 1726  9 
 1727  7 
 1728  6 
 1729  5 
 1730  2 
 1731  3 
 1732  4 
 1733  2 
 1734  6 
 1735  9 
 1736  3 
 1737  3 
 1738  2 
 1739  4 
 1740  5 
 1741  7 
 1742  6 
 1743  3 
 1744  6 
 1745  3 
 1746  2 
 1747  3 
 1748  0 
 1749  0 
 1750  4 
 1751  4 
 1752  7 
 1753  1 
 1754  3 
 1755  4 
 1756  2 
 1757  3 
 1758  2 
 1759  3 
 1760  1 
 1761  5 
 1762  2 
 1763  5 
 1764  0 
 1765  1 
 1766  1 
 1767  1 
 1768  1 
 1769  4 
 1770  2 
 1771  0 
 1772  1 
 1773  3 
 1774  2 
 1775  5 
 1776  4 
 1777  2 
 1778  3 
 1779  5 
 1780  6 
 1781  2 
 1782  3 
 1783  3 
 1784  1 
 1785  3 
 1786  5 
 1787  3 
 1788  3 
 1789  5 
 1790  1 
 1791  1 
 1792  1 
 1793  5 
 1794  3 
 1795  0 
 1796  4 
 1797  2 
 1798  4 
 1799  3 
 1800  2 
 1801  1 
 1802  2 
 1803  3 
 1804  4 
 1805  0 
 1806  4 
 1807  5 
 1808  2 
 1809  0 
 1810  2 
 1811  1 
 1812  1 
 1813  1 
 1814  3 
 1815  2 
 1816  6 
 1817  2 
 1818  2 
 1819  4 
 1820  2 
 1821  2 
 1822  4 
 1823  2 
 1824  6 
 1825  2 
 1826  0 
 1827  2 
 1828  4 
 1829  2 
 1830  5 
 1831  5 
 1832  3 
 1833  4 
 1834  4 
 1835  2 
 1836  3 
 1837  1 
 1838  2 
 1839  1 
 1840  2 
 1841  2 
 1842  1 
 1843  6 
 1844  2 
 1845  4 
 1846  3 
 1847  2 
 1848  1 
 1849  6 
 1850  2 
 1851  4 
 1852  2 
 1853  5 
 1854  7 
 1855  3 
 1856  2 
 1857  1 
 1858  0 
 1859  3 
 1860  3 
 1861  1 
 1862  1 
 1863  2 
 1864  2 
 1865  1 
 1866  5 
 1867  2 
 1868  3 
 1869  2 
 1870  2 
 1871  4 
 1872  5 
 1873  4 
 1874  3 
 1875  2 
 1876  3 
 1877  0 
 1878  2 
 1879  0 
 1880  3 
 1881  4 
 1882  5 
 1883  2 
 1884  0 
 1885  3 
 1886  4 
 1887  5 
 1888  3 
 1889  2 
 1890  5 
 1891  4 
 1892  2 
 1893  4 
 1894  1 
 1895  2 
 1896  4 
 1897  2 
 1898  1 
 1899  3 
 1900  4 
 1901  1 
 1902  2 
 1903  1 
 1904  3 
 1905  3 
 1906  5 
 1907  3 
 1908  3 
 1909  2 
 1910  1 
 1911  3 
 1912  6 
 1913  1 
 1914  2 
 1915  3 
 1916  0 
 1917  2 
 1918  0 
 1919  2 
 1920  1 
 1921  5 
 1922  5 
 1923  4 
 1924  1 
 1925  2 
 1926  2 
 1927  1 
 1928  5 
 1929  0 
 1930  1 
 1931  8 
 1932  1 
 1933  5 
 1934  1 
 1935  5 
 1936  2 
 1937  1 
 1938  2 
 1939  0 
 1940  3 
 1941  3 
 1942  3 
 1943  4 
 1944  0 
 1945  4 
 1946  2 
 1947  2 
 1948  2 
 1949  0 
 1950  4 
 1951  1 
 1952  1 
 1953  3 
 1954  2 
 1955  1 
 1956  3 
 1957  1 
 1958  2 
 1959  2 
 1960  2 
 1961  4 
 1962  2 
 1963  3 
 1964  5 
 1965  1 
 1966  4 
 1967  3 
 1968  2 
 1969  3 
 1970  3 
 1971  4 
 1972  2 
 1973  3 
 1974  3 
 1975  1 
 1976  5 
 1977  1 
 1978  3 
 1979  0 
 1980  3 
 1981  3 
 1982  3 
 1983  2 
 1984  2 
 1985  6 
 1986  1 
 1987  1 
 1988  5 
 1989  1 
 1990  6 
 1991  4 
 1992  2 
 1993  2 
 1994  3 
 1995  3 
 1996  5 
 1997  0 
 1998  6 
 1999  4 
 2000  1 
 2001  3 
 2002  3 
 2003  2 
 2004  3 
 2005  5 
 2006  4 
 2007  0 
 2008  2 
 2009  5 
 2010  4 
 2011  5 
 2012  2 
 2013  0 
 2014  1 
 2015  3 
 2016  1 
 2017  2 
 2018  6 
 2019  4 
 2020  3 
 2021  3 
 2022  2 
 2023  4 
 2024  3 
 2025  2 
 2026  3 
 2027  1 
 2028  3 
 2029  2 
 2030  5 
 2031  3 
 2032  5 
 2033  0 
 2034  1 
 2035  0 
 2036  1 
 2037  6 
 2038  2 
 2039  1 
 2040  4 
 2041  2 
 2042  2 
 2043  2 
 2044  2 
 2045  3 
 2046  3 
 2047  1 
 2048  2 
 2049  2 
 2050  1 
 2051  3 
 2052  2 
 2053  4 
 2054  1 
 2055  2 
 2056  2 
 2057  2 
 2058  1 
 2059  3 
 2060  2 
 2061  4 
 2062  1 
 2063  1 
 2064  4 
 2065  0 
 2066  1 
 2067  3 
 2068  2 
 2069  6 
 2070  4 
 2071  4 
 2072  2 
 2073  5 
 2074  7 
 2075  3 
 2076  4 
 2077  2 
 2078  4 
 2079  0 
 2080  6 
 2081  5 
 2082  0 
 2083  3 
 2084  2 
 2085  1 
 2086  2 
 2087  2 
 2088  2 
 2089  6 
 2090  3 
 2091  0 
 2092  3 
 2093  2 
 2094  5 
 2095  6 
 2096  4 
 2097  0 
 2098  3 
 2099  2 
 2100  3 
 2101  6 
 2102  5 
 2103  2 
 2104  3 
 2105  4 
 2106  1 
 2107  6 
 2108  2 
 2109  5 
 2110  2 
 2111  1 
 2112  3 
 2113  2 
 2114  2 
 2115  2 
 2116  4 
 2117  5 
 2118  1 
 2119  4 
 2120  3 
 2121  2 
 2122  4 
 2123  3 
 2124  0 
 2125  1 
 2126  1 
 2127  3 
 2128  4 
 2129  3 
 2130  4 
 2131  4 
 2132  4 
 2133  3 
 2134  3 
 2135  8 
 2136  8 
 2137  2 
 2138  2 
 2139  4 
 2140  6 
 2141  4 
 2142  2 
 2143  3 
 2144  1 
 2145  2 
 2146  6 
 2147  3 
 2148  3 
 2149  3 
 2150  4 
 2151  1 
 2152  2 
 2153  2 
 2154  2 
 2155  4 
 2156  8 
 2157  3 
 2158  5 
 2159  1 
 2160  6 
 2161  1 
 2162  5 
 2163  4 
 2164  2 
 2165  4 
 2166  2 
 2167  4 
 2168  4 
 2169  1 
 2170  4 
 2171  3 
 2172  5 
 2173  4 
 2174  5 
 2175  8 
 2176  2 
 2177  3 
 2178  3 
 2179  7 
 2180  4 
 2181  7 
 2182  5 
 2183  6 
 2184  6 
 2185  2 
 2186  4 
 2187  2 
 2188  1 
 2189  3 
 2190  3 
 2191  5 
 2192  3 
 2193  6 
 2194  2 
 2195  3 
 2196  3 
 2197  4 
 2198  1 
 2199  8 
 2200  5 
 2201  1 
 2202  5 
 2203  4 
 2204  2 
 2205  6 
 2206  3 
 2207  3 
 2208  4 
 2209  4 
 2210  4 
 2211  4 
 2212  5 
 2213  1 
 2214  2 
 2215  5 
 2216  2 
 2217  3 
 2218  2 
 2219  1 
 2220  2 
 2221  5 
 2222  2 
 2223  4 
 2224  3 
 2225  3 
 2226  4 
 2227  5 
 2228  3 
 2229  2 
 2230  3 
 2231  4 
 2232  6 
 2233  5 
 2234  2 
 2235  3 
 2236  5 
 2237  2 
 2238  4 
 2239  7 
 2240  4 
 2241  5 
 2242  9 
 2243  4 
 2244  8 
 2245  3 
 2246  2 
 2247  3 
 2248  2 
 2249  4 
 2250  5 
 2251  2 
 2252  3 
 2253  3 
 2254  3 
 2255  1 
 2256  2 
 2257  8 
 2258  1 
 2259  1 
 2260  7 
 2261  4 
 2262  1 
 2263  4 
 2264  0 
 2265  5 
 2266  4 
 2267  3 
 2268  6 
 2269  4 
 2270  2 
 2271  5 
 2272  4 
 2273  6 
 2274  2 
 2275  1 
 2276  4 
 2277  3 
 2278  6 
 2279  4 
 2280  1 
 2281  5 
 2282  6 
 2283  1 
 2284  4 
 2285  2 
 2286  3 
 2287  6 
 2288  4 
 2289  1 
 2290  2 
 2291  5 
 2292  5 
 2293  3 
 2294  5 
 2295  3 
 2296  4 
 2297  4 
 2298  5 
 2299  8 
 2300  1 
 2301  1 
 2302  5 
 2303  3 
 2304  4 
 2305  6 
 2306  9 
 2307  5 
 2308  2 
 2309  4 
 2310  4 
 2311  3 
 2312  4 
 2313  5 
 2314  1 
 2315  5 
 2316  0 
 2317  2 
 2318  2 
 2319  1 
 2320  4 
 2321  4 
 2322  3 
 2323  2 
 2324  2 
 2325  3 
 2326  4 
 2327  2 
 2328  4 
 2329  4 
 2330  4 
 2331  2 
 2332  5 
 2333  4 
 2334  3 
 2335  3 
 2336  10 
 2337  8 
 2338  3 
 2339  3 
 2340  5 
 2341  2 
 2342  2 
 2343  2 
 2344  2 
 2345  3 
 2346  3 
 2347  4 
 2348  5 
 2349  3 
 2350  7 
 2351  6 
 2352  4 
 2353  5 
 2354  1 
 2355  4 
 2356  5 
 2357  4 
 2358  6 
 2359  4 
 2360  5 
 2361  3 
 2362  5 
 2363  7 
 2364  7 
 2365  6 
 2366  6 
 2367  4 
 2368  7 
 2369  9 
 2370  6 
 2371  5 
 2372  4 
 2373  7 
 2374  5 
 2375  3 
 2376  6 
 2377  5 
 2378  6 
 2379  9 
 2380  14 
 2381  4 
 2382  4 
 2383  9 
 2384  5 
 2385  10 
 2386  11 
 2387  7 
 2388  7 
 2389  8 
 2390  6 
 2391  11 
 2392  13 
 2393  15 
 2394  10 
 2395  17 
 2396  13 
 2397  11 
 2398  11 
 2399  13 
 2400  8 
 2401  12 
 2402  9 
 2403  14 
 2404  14 
 2405  16 
 2406  17 
 2407  15 
 2408  15 
 2409  11 
 2410  12 
 2411  14 
 2412  13 
 2413  10 
 2414  13 
 2415  17 
 2416  13 
 2417  13 
 2418  9 
 2419  13 
 2420  13 
 2421  15 
 2422  28 
 2423  20 
 2424  19 
 2425  18 
 2426  10 
 2427  12 
 2428  10 
 2429  13 
 2430  15 
 2431  16 
 2432  22 
 2433  15 
 2434  19 
 2435  6 
 2436  17 
 2437  16 
 2438  14 
 2439  11 
 2440  9 
 2441  6 
 2442  17 
 2443  10 
 2444  9 
 2445  12 
 2446  8 
 2447  15 
 2448  7 
 2449  9 
 2450  8 
 2451  10 
 2452  7 
 2453  5 
 2454  6 
 2455  12 
 2456  4 
 2457  3 
 2458  4 
 2459  5 
 2460  3 
 2461  4 
 2462  10 
 2463  7 
 2464  10 
 2465  2 
 2466  8 
 2467  6 
 2468  8 
 2469  6 
 2470  5 
 2471  4 
 2472  11 
 2473  8 
 2474  3 
 2475  7 
 2476  7 
 2477  13 
 2478  5 
 2479  10 
 2480  12 
 2481  8 
 2482  13 
 2483  12 
 2484  15 
 2485  7 
 2486  13 
 2487  8 
 2488  6 
 2489  10 
 2490  13 
 2491  10 
 2492  15 
 2493  12 
 2494  9 
 2495  10 
 2496  19 
 2497  16 
 2498  19 
 2499  17 
 2500  29 
 2501  15 
 2502  17 
 2503  22 
 2504  38 
 2505  31 
 2506  24 
 2507  26 
 2508  36 
 2509  33 
 2510  38 
 2511  31 
 2512  47 
 2513  37 
 2514  37 
 2515  45 
 2516  40 
 2517  55 
 2518  54 
 2519  64 
 2520  52 
 2521  52 
 2522  54 
 2523  67 
 2524  64 
 2525  73 
 2526  68 
 2527  86 
 2528  61 
 2529  70 
 2530  74 
 2531  86 
 2532  90 
 2533  74 
 2534  110 
 2535  84 
 2536  93 
 2537  82 
 2538  79 
 2539  91 
 2540  90 
 2541  98 
 2542  116 
 2543  102 
 2544  107 
 2545  98 
 2546  99 
 2547  92 
 2548  84 
 2549  85 
 2550  96 
 2551  85 
 2552  93 
 2553  76 
 2554  76 
 2555  80 
 2556  79 
 2557  68 
 2558  64 
 2559  68 
 2560  73 
 2561  69 
 2562  50 
 2563  53 
 2564  48 
 2565  48 
 2566  36 
 2567  46 
 2568  35 
 2569  34 
 2570  27 
 2571  31 
 2572  29 
 2573  19 
 2574  24 
 2575  15 
 2576  16 
 2577  18 
 2578  14 
 2579  18 
 2580  17 
 2581  10 
 2582  13 
 2583  8 
 2584  7 
 2585  4 
 2586  7 
 2587  7 
 2588  5 
 2589  8 
 2590  6 
 2591  6 
 2592  9 
 2593  8 
 2594  5 
 2595  8 
 2596  4 
 2597  6 
 2598  6 
 2599  4 
 2600  6 
 2601  4 
 2602  3 
 2603  4 
 2604  13 
 2605  3 
 2606  8 
 2607  5 
 2608  4 
 2609  6 
 2610  5 
 2611  11 
 2612  8 
 2613  5 
 2614  5 
 2615  4 
 2616  2 
 2617  7 
 2618  6 
 2619  11 
 2620  7 
 2621  4 
 2622  6 
 2623  9 
 2624  12 
 2625  5 
 2626  8 
 2627  9 
 2628  5 
 2629  8 
 2630  9 
 2631  6 
 2632  8 
 2633  8 
 2634  8 
 2635  3 
 2636  6 
 2637  7 
 2638  5 
 2639  4 
 2640  6 
 2641  2 
 2642  3 
 2643  6 
 2644  4 
 2645  3 
 2646  3 
 2647  4 
 2648  11 
 2649  6 
 2650  8 
 2651  6 
 2652  1 
 2653  3 
 2654  8 
 2655  8 
 2656  7 
 2657  4 
 2658  7 
 2659  6 
 2660  5 
 2661  4 
 2662  4 
 2663  11 
 2664  3 
 2665  7 
 2666  8 
 2667  8 
 2668  6 
 2669  3 
 2670  2 
 2671  7 
 2672  5 
 2673  6 
 2674  9 
 2675  3 
 2676  10 
 2677  7 
 2678  2 
 2679  9 
 2680  6 
 2681  5 
 2682  8 
 2683  9 
 2684  13 
 2685  6 
 2686  5 
 2687  7 
 2688  10 
 2689  8 
 2690  4 
 2691  9 
 2692  4 
 2693  7 
 2694  9 
 2695  13 
 2696  4 
 2697  6 
 2698  14 
 2699  4 
 2700  7 
 2701  10 
 2702  5 
 2703  9 
 2704  7 
 2705  4 
 2706  7 
 2707  7 
 2708  5 
 2709  3 
 2710  5 
 2711  7 
 2712  6 
 2713  6 
 2714  11 
 2715  9 
 2716  8 
 2717  8 
 2718  2 
 2719  5 
 2720  13 
 2721  4 
 2722  7 
 2723  12 
 2724  8 
 2725  10 
 2726  8 
 2727  3 
 2728  10 
 2729  5 
 2730  8 
 2731  10 
 2732  5 
 2733  7 
 2734  5 
 2735  4 
 2736  9 
 2737  7 
 2738  7 
 2739  7 
 2740  3 
 2741  11 
 2742  8 
 2743  7 
 2744  5 
 2745  5 
 2746  3 
 2747  12 
 2748  9 
 2749  6 
 2750  7 
 2751  8 
 2752  9 
 2753  6 
 2754  14 
 2755  3 
 2756  10 
 2757  7 
 2758  7 
 2759  9 
 2760  10 
 2761  11 
 2762  3 
 2763  4 
 2764  6 
 2765  17 
 2766  9 
 2767  9 
 2768  12 
 2769  12 
 2770  14 
 2771  12 
 2772  8 
 2773  7 
 2774  13 
 2775  11 
 2776  10 
 2777  7 
 2778  11 
 2779  7 
 2780  15 
 2781  10 
 2782  11 
 2783  5 
 2784  8 
 2785  11 
 2786  6 
 2787  10 
 2788  4 
 2789  8 
 2790  6 
 2791  4 
 2792  12 
 2793  13 
 2794  8 
 2795  9 
 2796  8 
 2797  6 
 2798  13 
 2799  9 
 2800  12 
 2801  6 
 2802  11 
 2803  6 
 2804  11 
 2805  11 
 2806  9 
 2807  18 
 2808  10 
 2809  10 
 2810  11 
 2811  10 
 2812  19 
 2813  11 
 2814  13 
 2815  14 
 2816  13 
 2817  16 
 2818  12 
 2819  13 
 2820  17 
 2821  14 
 2822  14 
 2823  15 
 2824  13 
 2825  19 
 2826  10 
 2827  15 
 2828  20 
 2829  12 
 2830  28 
 2831  24 
 2832  22 
 2833  33 
 2834  24 
 2835  23 
 2836  21 
 2837  20 
 2838  33 
 2839  28 
 2840  37 
 2841  49 
 2842  47 
 2843  41 
 2844  50 
 2845  45 
 2846  53 
 2847  53 
 2848  73 
 2849  74 
 2850  105 
 2851  89 
 2852  100 
 2853  117 
 2854  126 
 2855  132 
 2856  143 
 2857  175 
 2858  175 
 2859  184 
 2860  199 
 2861  218 
 2862  258 
 2863  239 
 2864  305 
 2865  327 
 2866  403 
 2867  421 
 2868  454 
 2869  536 
 2870  584 
 2871  623 
 2872  711 
 2873  777 
 2874  878 
 2875  923 
 2876  1038 
 2877  1181 
 2878  1255 
 2879  1385 
 2880  1553 
 2881  1742 
 2882  1791 
 2883  1948 
 2884  2044 
 2885  2197 
 2886  2329 
 2887  2496 
 2888  2667 
 2889  2642 
 2890  2684 
 2891  2830 
 2892  2875 
 2893  2900 
 2894  2755 
 2895  2780 
 2896  2797 
 2897  2571 
 2898  2461 
 2899  2393 
 2900  2260 
 2901  2002 
 2902  1887 
 2903  1820 
 2904  1623 
 2905  1430 
 2906  1225 
 2907  1097 
 2908  985 
 2909  835 
 2910  738 
 2911  613 
 2912  528 
 2913  418 
 2914  359 
 2915  277 
 2916  243 
 2917  202 
 2918  154 
 2919  138 
 2920  109 
 2921  86 
 2922  66 
 2923  63 
 2924  60 
 2925  51 
 2926  43 
 2927  32 
 2928  24 
 2929  28 
 2930  22 
 2931  33 
 2932  23 
 2933  31 
 2934  30 
 2935  28 
 2936  22 
 2937  22 
 2938  24 
 2939  30 
 2940  23 
 2941  10 
 2942  27 
 2943  26 
 2944  10 
 2945  10 
 2946  12 
 2947  16 
 2948  18 
 2949  9 
 2950  10 
 2951  6 
 2952  6 
 2953  11 
 2954  12 
 2955  2 
 2956  8 
 2957  6 
 2958  11 
 2959  14 
 2960  8 
 2961  10 
 2962  11 
 2963  12 
 2964  10 
 2965  8 
 2966  10 
 2967  8 
 2968  7 
 2969  9 
 2970  12 
 2971  6 
 2972  11 
 2973  9 
 2974  11 
 2975  13 
 2976  10 
 2977  6 
 2978  8 
 2979  15 
 2980  9 
 2981  11 
 2982  9 
 2983  8 
 2984  12 
 2985  8 
 2986  16 
 2987  9 
 2988  17 
 2989  10 
 2990  9 
 2991  9 
 2992  15 
 2993  17 
 2994  18 
 2995  16 
 2996  18 
 2997  20 
 2998  10 
 2999  31 
 3000  29 
 3001  17 
 3002  28 
 3003  19 
 3004  16 
 3005  38 
 3006  43 
 3007  29 
 3008  32 
 3009  36 
 3010  40 
 3011  60 
 3012  63 
 3013  59 
 3014  55 
 3015  45 
 3016  76 
 3017  66 
 3018  55 
 3019  67 
 3020  54 
 3021  74 
 3022  54 
 3023  54 
 3024  63 
 3025  40 
 3026  43 
 3027  50 
 3028  31 
 3029  45 
 3030  39 
 3031  22 
 3032  31 
 3033  31 
 3034  12 
 3035  17 
 3036  27 
 3037  11 
 3038  16 
 3039  10 
 3040  12 
 3041  9 
 3042  5 
 3043  7 
 3044  4 
 3045  4 
 3046  3 
 3047  6 
 3048  3 
 3049  4 
 3050  5 
 3051  6 
 3052  3 
 3053  4 
 3054  6 
 3055  3 
 3056  4 
 3057  0 
 3058  0 
 3059  0 
 3060  5 
 3061  1 
 3062  4 
 3063  3 
 3064  2 
 3065  3 
 3066  4 
 3067  2 
 3068  3 
 3069  1 
 3070  1 
 3071  1 
 3072  3 
 3073  2 
 3074  5 
 3075  3 
 3076  5 
 3077  5 
 3078  4 
 3079  5 
 3080  7 
 3081  4 
 3082  4 
 3083  3 
 3084  2 
 3085  2 
 3086  3 
 3087  4 
 3088  4 
 3089  3 
 3090  3 
 3091  2 
 3092  3 
 3093  3 
 3094  5 
 3095  6 
 3096  3 
 3097  6 
 3098  5 
 3099  3 
 3100  5 
 3101  3 
 3102  3 
 3103  7 
 3104  2 
 3105  3 
 3106  5 
 3107  5 
 3108  7 
 3109  2 
 3110  3 
 3111  7 
 3112  3 
 3113  9 
 3114  3 
 3115  1 
 3116  4 
 3117  4 
 3118  6 
 3119  8 
 3120  5 
 3121  6 
 3122  3 
 3123  5 
 3124  5 
 3125  8 
 3126  5 
 3127  7 
 3128  7 
 3129  6 
 3130  8 
 3131  1 
 3132  6 
 3133  9 
 3134  13 
 3135  3 
 3136  5 
 3137  7 
 3138  9 
 3139  12 
 3140  9 
 3141  9 
 3142  5 
 3143  15 
 3144  10 
 3145  11 
 3146  11 
 3147  13 
 3148  9 
 3149  14 
 3150  12 
 3151  19 
 3152  19 
 3153  19 
 3154  21 
 3155  33 
 3156  22 
 3157  35 
 3158  32 
 3159  19 
 3160  34 
 3161  35 
 3162  34 
 3163  46 
 3164  53 
 3165  58 
 3166  62 
 3167  64 
 3168  71 
 3169  74 
 3170  72 
 3171  97 
 3172  87 
 3173  101 
 3174  111 
 3175  122 
 3176  156 
 3177  128 
 3178  175 
 3179  165 
 3180  197 
 3181  174 
 3182  174 
 3183  206 
 3184  235 
 3185  228 
 3186  283 
 3187  275 
 3188  298 
 3189  311 
 3190  354 
 3191  329 
 3192  351 
 3193  396 
 3194  394 
 3195  402 
 3196  423 
 3197  440 
 3198  458 
 3199  470 
 3200  484 
 3201  495 
 3202  533 
 3203  529 
 3204  548 
 3205  546 
 3206  535 
 3207  559 
 3208  568 
 3209  582 
 3210  642 
 3211  619 
 3212  639 
 3213  561 
 3214  611 
 3215  593 
 3216  610 
 3217  579 
 3218  592 
 3219  601 
 3220  609 
 3221  544 
 3222  538 
 3223  531 
 3224  514 
 3225  476 
 3226  493 
 3227  471 
 3228  439 
 3229  438 
 3230  431 
 3231  369 
 3232  399 
 3233  320 
 3234  323 
 3235  245 
 3236  235 
 3237  246 
 3238  252 
 3239  189 
 3240  184 
 3241  185 
 3242  130 
 3243  132 
 3244  121 
 3245  99 
 3246  81 
 3247  78 
 3248  72 
 3249  72 
 3250  43 
 3251  43 
 3252  35 
 3253  32 
 3254  27 
 3255  21 
 3256  15 
 3257  15 
 3258  15 
 3259  9 
 3260  16 
 3261  10 
 3262  5 
 3263  5 
 3264  7 
 3265  5 
 3266  5 
 3267  1 
 3268  6 
 3269  3 
 3270  1 
 3271  6 
 3272  2 
 3273  4 
 3274  5 
 3275  7 
 3276  5 
 3277  9 
 3278  4 
 3279  7 
 3280  4 
 3281  7 
 3282  5 
 3283  5 
 3284  4 
 3285  9 
 3286  15 
 3287  2 
 3288  8 
 3289  11 
 3290  7 
 3291  13 
 3292  9 
 3293  11 
 3294  16 
 3295  16 
 3296  15 
 3297  19 
 3298  16 
 3299  19 
 3300  14 
 3301  35 
 3302  25 
 3303  30 
 3304  32 
 3305  35 
 3306  31 
 3307  47 
 3308  43 
 3309  42 
 3310  52 
 3311  45 
 3312  61 
 3313  67 
 3314  63 
 3315  79 
 3316  69 
 3317  69 
 3318  61 
 3319  82 
 3320  77 
 3321  73 
 3322  73 
 3323  59 
 3324  72 
 3325  53 
 3326  49 
 3327  60 
 3328  50 
 3329  46 
 3330  35 
 3331  43 
 3332  46 
 3333  33 
 3334  22 
 3335  19 
 3336  24 
 3337  18 
 3338  15 
 3339  11 
 3340  14 
 3341  12 
 3342  7 
 3343  4 
 3344  11 
 3345  4 
 3346  5 
 3347  5 
 3348  3 
 3349  5 
 3350  1 
 3351  4 
 3352  2 
 3353  6 
 3354  6 
 3355  6 
 3356  6 
 3357  6 
 3358  3 
 3359  7 
 3360  5 
 3361  10 
 3362  6 
 3363  9 
 3364  5 
 3365  7 
 3366  10 
 3367  5 
 3368  6 
 3369  12 
 3370  7 
 3371  10 
 3372  2 
 3373  3 
 3374  7 
 3375  12 
 3376  10 
 3377  9 
 3378  9 
 3379  9 
 3380  6 
 3381  13 
 3382  4 
 3383  5 
 3384  9 
 3385  6 
 3386  6 
 3387  3 
 3388  6 
 3389  7 
 3390  7 
 3391  2 
 3392  7 
 3393  4 
 3394  2 
 3395  7 
 3396  4 
 3397  7 
 3398  1 
 3399  2 
 3400  2 
 3401  3 
 3402  0 
 3403  6 
 3404  0 
 3405  1 
 3406  6 
 3407  1 
 3408  1 
 3409  0 
 3410  1 
 3411  0 
 3412  1 
 3413  0 
 3414  1 
 3415  0 
 3416  1 
 3417  0 
 3418  1 
 3419  1 
 3420  0 
 3421  0 
 3422  0 
 3423  0 
 3424  0 
 3425  0 
 3426  0 
 3427  0 
 3428  0 
 3429  0 
 3430  0 
 3431  0 
 3432  0 
 3433  0 
 3434  0 
 3435  0 
 3436  0 
 3437  0 
 3438  0 
 3439  0 
 3440  0 
 3441  0 
 3442  0 
 3443  0 
 3444  0 
 3445  1 
 3446  0 
 3447  0 
 3448  0 
 3449  0 
 3450  0 
 3451  0 
 3452  1 
 3453  0 
 3454  0 
 3455  0 
 3456  0 
 3457  0 
 3458  0 
 3459  1 
 3460  0 
 3461  0 
 3462  0 
 3463  0 
 3464  0 
 3465  0 
 3466  0 
 3467  0 
 3468  0 
 3469  0 
 3470  0 
 3471  0 
 3472  0 
 3473  0 
 3474  1 
 3475  0 
 3476  0 
 3477  0 
 3478  0 
 3479  0 
 3480  0 
 3481  0 
 3482  0 
 3483  0 
 3484  0 
 3485  0 
 3486  0 
 3487  0 
 3488  0 
 3489  0 
 3490  0 
 3491  0 
 3492  0 
 3493  0 
 3494  0 
 3495  0 
 3496  0 
 3497  0 
 3498  0 
 3499  0 
 3500  0 
 3501  0 
 3502  1 
 3503  0 
 3504  0 
 3505  0 
 3506  0 
 3507  0 
 3508  0 
 3509  0 
 3510  0 
 3511  0 
 3512  0 
 3513  0 
 3514  0 
 3515  0 
 3516  0 
 3517  0 
 3518  0 
 3519  0 
 3520  0 
 3521  0 
 3522  0 
 3523  0 
 3524  0 
 3525  0 
 3526  0 
 3527  0 
 3528  0 
 3529  0 
 3530  0 
 3531  0 
 3532  0 
 3533  1 
 3534  0 
 3535  0 
 3536  0 
 3537  0 
 3538  0 
 3539  0 
 3540  0 
 3541  0 
 3542  0 
 3543  0 
 3544  0 
 3545  0 
 3546  0 
 3547  0 
 3548  0 
 3549  0 
 3550  0 
 3551  0 
 3552  0 
 3553  0 
 3554  0 
 3555  0 
 3556  0 
 3557  0 
 3558  0 
 3559  0 
 3560  0 
 3561  0 
 3562  0 
 3563  0 
 3564  0 
 3565  0 
 3566  0 
 3567  0 
 3568  0 
 3569  0 
 3570  0 
 3571  0 
 3572  0 
 3573  0 
 3574  0 
 3575  0 
 3576  0 
 3577  0 
 3578  1 
 3579  0 
 3580  0 
 3581  0 
 3582  0 
 3583  0 
 3584  0 
 3585  0 
 3586  0 
 3587  0 
 3588  0 
 3589  0 
 3590  0 
 3591  0 
 3592  0 
 3593  0 
 3594  0 
 3595  0 
 3596  0 
 3597  0 
 3598  0 
 3599  0 
 3600  0 
 3601  0 
 3602  0 
 3603  0 
 3604  0 
 3605  0 
 3606  0 
 3607  0 
 3608  0 
 3609  0 
 3610  0 
 3611  0 
 3612  0 
 3613  0 
 3614  0 
 3615  0 
 3616  0 
 3617  0 
 3618  0 
 3619  0 
 3620  0 
 3621  0 
 3622  0 
 3623  0 
 3624  0 
 3625  0 
 3626  0 
 3627  0 
 3628  0 
 3629  0 
 3630  0 
 3631  0 
 3632  0 
 3633  0 
 3634  0 
 3635  0 
 3636  0 
 3637  0 
 3638  0 
 3639  0 
 3640  0 
 3641  0 
 3642  0 
 3643  0 
 3644  0 
 3645  0 
 3646  0 
 3647  0 
 3648  0 
 3649  0 
 3650  0 
 3651  0 
 3652  0 
 3653  0 
 3654  0 
 3655  0 
 3656  0 
 3657  0 
 3658  0 
 3659  0 
 3660  0 
 3661  0 
 3662  0 
 3663  0 
 3664  1 
 3665  0 
 3666  0 
 3667  0 
 3668  0 
 3669  0 
 3670  0 
 3671  0 
 3672  0 
 3673  0 
 3674  0 
 3675  0 
 3676  0 
 3677  0 
 3678  0 
 3679  0 
 3680  0 
 3681  0 
 3682  0 
 3683  0 
 3684  0 
 3685  0 
 3686  0 
 3687  0 
 3688  0 
 3689  0 
 3690  0 
 3691  0 
 3692  0 
 3693  0 
 3694  1 
 3695  0 
 3696  0 
 3697  0 
 3698  0 
 3699  0 
 3700  0 
 3701  0 
 3702  1 
 3703  0 
 3704  0 
 3705  0 
 3706  0 
 3707  0 
 3708  0 
 3709  0 
 3710  0 
 3711  0 
 3712  0 
 3713  0 
 3714  0 
 3715  0 
 3716  0 
 3717  0 
 3718  0 
 3719  0 
 3720  0 
 3721  0 
 3722  0 
 3723  0 
 3724  0 
 3725  0 
 3726  0 
 3727  0 
 3728  0 
 3729  0 
 3730  0 
 3731  0 
 3732  0 
 3733  0 
 3734  0 
 3735  0 
 3736  0 
 3737  0 
 3738  0 
 3739  0 
 3740  0 
 3741  0 
 3742  0 
 3743  0 
 3744  0 
 3745  0 
 3746  0 
 3747  0 
 3748  0 
 3749  0 
 3750  0 
 3751  0 
 3752  0 
 3753  0 
 3754  0 
 3755  0 
 3756  0 
 3757  0 
 3758  0 
 3759  0 
 3760  0 
 3761  0 
 3762  0 
 3763  0 
 3764  0 
 3765  0 
 3766  0 
 3767  0 
 3768  0 
 3769  0 
 3770  1 
 3771  0 
 3772  0 
 3773  0 
 3774  0 
 3775  0 
 3776  0 
 3777  0 
 3778  0 
 3779  1 
 3780  0 
 3781  0 
 3782  0 
 3783  0 
 3784  1 
 3785  0 
 3786  0 
 3787  0 
 3788  0 
 3789  1 
 3790  0 
 3791  1 
 3792  1 
 3793  0 
 3794  0 
 3795  0 
 3796  0 
 3797  0 
 3798  0 
 3799  0 
 3800  0 
 3801  0 
 3802  0 
 3803  0 
 3804  0 
 3805  0 
 3806  0 
 3807  0 
 3808  0 
 3809  0 
 3810  0 
 3811  0 
 3812  0 
 3813  0 
 3814  0 
 3815  0 
 3816  0 
 3817  0 
 3818  0 
 3819  0 
 3820  0 
 3821  0 
 3822  0 
 3823  0 
 3824  1 
 3825  0 
 3826  0 
 3827  0 
 3828  0 
 3829  0 
 3830  0 
 3831  0 
 3832  0 
 3833  0 
 3834  0 
 3835  0 
 3836  0 
 3837  0 
 3838  0 
 3839  0 
 3840  0 
 3841  0 
 3842  0 
 3843  0 
 3844  0 
 3845  1 
 3846  0 
 3847  0 
 3848  0 
 3849  0 
 3850  0 
 3851  0 
 3852  0 
 3853  0 
 3854  0 
 3855  0 
 3856  0 
 3857  0 
 3858  0 
 3859  0 
 3860  0 
 3861  0 
 3862  0 
 3863  0 
 3864  0 
 3865  0 
 3866  0 
 3867  0 
 3868  0 
 3869  0 
 3870  0 
 3871  0 
 3872  0 
 3873  0 
 3874  0 
 3875  0 
 3876  0 
 3877  0 
 3878  0 
 3879  0 
 3880  0 
 3881  0 
 3882  0 
 3883  0 
 3884  0 
 3885  0 
 3886  0 
 3887  0 
 3888  0 
 3889  0 
 3890  0 
 3891  0 
 3892  0 
 3893  0 
 3894  0 
 3895  0 
 3896  0 
 3897  0 
 3898  0 
 3899  0 
 3900  0 
 3901  0 
 3902  0 
 3903  0 
 3904  0 
 3905  0 
 3906  0 
 3907  0 
 3908  1 
 3909  0 
 3910  0 
 3911  1 
 3912  0 
 3913  0 
 3914  0 
 3915  0 
 3916  0 
 3917  0 
 3918  0 
 3919  0 
 3920  0 
 3921  0 
 3922  0 
 3923  0 
 3924  0 
 3925  0 
 3926  0 
 3927  0 
 3928  0 
 3929  0 
 3930  0 
 3931  0 
 3932  0 
 3933  0 
 3934  0 
 3935  0 
 3936  0 
 3937  1 
 3938  0 
 3939  0 
 3940  0 
 3941  0 
 3942  1 
 3943  0 
 3944  0 
 3945  0 
 3946  0 
 3947  0 
 3948  0 
 3949  0 
 3950  0 
 3951  0 
 3952  0 
 3953  0 
 3954  1 
 3955  0 
 3956  0 
 3957  0 
 3958  0 
 3959  0 
 3960  0 
 3961  0 
 3962  0 
 3963  0 
 3964  0 
 3965  0 
 3966  0 
 3967  0 
 3968  1 
 3969  0 
 3970  0 
 3971  0 
 3972  0 
 3973  0 
 3974  0 
 3975  0 
 3976  0 
 3977  0 
 3978  0 
 3979  0 
 3980  0 
 3981  0 
 3982  0 
 3983  0 
 3984  0 
 3985  0 
 3986  0 
 3987  0 
 3988  0 
 3989  0 
 3990  0 
 3991  0 
 3992  0 
 3993  0 
 3994  0 
 3995  0 
 3996  0 
 3997  0 
 3998  1 
 3999  0 
 4000  1 
 4001  0 
 4002  0 
 4003  0 
 4004  0 
 4005  0 
 4006  0 
 4007  0 
 4008  0 
 4009  0 
 4010  0 
 4011  0 
 4012  0 
 4013  0 
 4014  0 
 4015  1 
 4016  2 
 4017  0 
 4018  0 
 4019  0 
 4020  0 
 4021  0 
 4022  0 
 4023  0 
 4024  0 
 4025  1 
 4026  0 
 4027  0 
 4028  0 
 4029  0 
 4030  0 
 4031  0 
 4032  0 
 4033  0 
 4034  1 
 4035  0 
 4036  0 
 4037  0 
 4038  0 
 4039  0 
 4040  0 
 4041  0 
 4042  0 
 4043  0 
 4044  1 
 4045  0 
 4046  0 
 4047  0 
 4048  0 
 4049  0 
 4050  0 
 4051  0 
 4052  0 
 4053  0 
 4054  0 
 4055  0 
 4056  0 
 4057  0 
 4058  0 
 4059  0 
 4060  0 
 4061  0 
 4062  1 
 4063  0 
 4064  0 
 4065  0 
 4066  1 
 4067  1 
 4068  0 
 4069  0 
 4070  0 
 4071  0 
 4072  0 
 4073  0 
 4074  0 
 4075  0 
 4076  0 
 4077  0 
 4078  0 
 4079  0 
 4080  0 
 4081  1 
 4082  0 
 4083  0 
 4084  0 
 4085  1 
 4086  0 
 4087  0 
 4088  1 
 4089  0 
 4090  1 
 4091  0 
 4092  0 
 4093  0 
 4094  0 
 4095  0 
 4096  0 
 4097  0 
 4098  0 
 4099  0 
 4100  0 
 4101  0 
 4102  0 
 4103  0 
 4104  0 
 4105  0 
 4106  1 
 4107  0 
 4108  0 
 4109  0 
 4110  0 
 4111  0 
 4112  0 
 4113  0 
 4114  2 
 4115  0 
 4116  1 
 4117  0 
 4118  0 
 4119  0 
 4120  0 
 4121  0 
 4122  0 
 4123  0 
 4124  0 
 4125  0 
 4126  0 
 4127  0 
 4128  0 
 4129  0 
 4130  0 
 4131  0 
 4132  0 
 4133  1 
 4134  0 
 4135  0 
 4136  0 
 4137  0 
 4138  1 
 4139  0 
 4140  0 
 4141  0 
 4142  1 
 4143  0 
 4144  2 
 4145  0 
 4146  0 
 4147  0 
 4148  0 
 4149  0 
 4150  0 
 4151  0 
 4152  0 
 4153  0 
 4154  0 
 4155  1 
 4156  0 
 4157  0 
 4158  0 
 4159  0 
 4160  0 
 4161  2 
 4162  0 
 4163  0 
 4164  0 
 4165  0 
 4166  0 
 4167  0 
 4168  0 
 4169  1 
 4170  1 
 4171  0 
 4172  0 
 4173  0 
 4174  0 
 4175  0 
 4176  0 
 4177  1 
 4178  0 
 4179  0 
 4180  0 
 4181  0 
 4182  2 
 4183  0 
 4184  0 
 4185  0 
 4186  1 
 4187  1 
 4188  0 
 4189  1 
 4190  0 
 4191  0 
 4192  1 
 4193  0 
 4194  0 
 4195  0 
 4196  0 
 4197  0 
 4198  1 
 4199  0 
 4200  0 
 4201  0 
 4202  0 
 4203  0 
 4204  0 
 4205  0 
 4206  0 
 4207  0 
 4208  0 
 4209  0 
 4210  0 
 4211  0 
 4212  0 
 4213  0 
 4214  0 
 4215  0 
 4216  0 
 4217  1 
 4218  3 
 4219  0 
 4220  0 
 4221  0 
 4222  0 
 4223  1 
 4224  0 
 4225  0 
 4226  1 
 4227  0 
 4228  0 
 4229  1 
 4230  0 
 4231  1 
 4232  0 
 4233  1 
 4234  1 
 4235  0 
 4236  1 
 4237  0 
 4238  0 
 4239  1 
 4240  1 
 4241  1 
 4242  0 
 4243  0 
 4244  0 
 4245  0 
 4246  1 
 4247  0 
 4248  0 
 4249  0 
 4250  0 
 4251  1 
 4252  0 
 4253  1 
 4254  0 
 4255  0 
 4256  0 
 4257  0 
 4258  1 
 4259  0 
 4260  1 
 4261  1 
 4262  0 
 4263  1 
 4264  0 
 4265  0 
 4266  0 
 4267  1 
 4268  0 
 4269  0 
 4270  0 
 4271  0 
 4272  0 
 4273  0 
 4274  0 
 4275  0 
 4276  0 
 4277  0 
 4278  0 
 4279  1 
 4280  0 
 4281  0 
 4282  0 
 4283  0 
 4284  0 
 4285  0 
 4286  0 
 4287  0 
 4288  0 
 4289  0 
 4290  0 
 4291  0 
 4292  0 
 4293  1 
 4294  0 
 4295  0 
 4296  0 
 4297  0 
 4298  2 
 4299  1 
 4300  1 
 4301  1 
 4302  0 
 4303  0 
 4304  0 
 4305  1 
 4306  0 
 4307  0 
 4308  1 
 4309  0 
 4310  1 
 4311  0 
 4312  0 
 4313  0 
 4314  0 
 4315  0 
 4316  0 
 4317  0 
 4318  0 
 4319  1 
 4320  0 
 4321  0 
 4322  1 
 4323  1 
 4324  1 
 4325  0 
 4326  0 
 4327  0 
 4328  0 
 4329  0 
 4330  0 
 4331  0 
 4332  0 
 4333  0 
 4334  0 
 4335  0 
 4336  1 
 4337  0 
 4338  0 
 4339  0 
 4340  0 
 4341  1 
 4342  0 
 4343  0 
 4344  0 
 4345  1 
 4346  0 
 4347  0 
 4348  0 
 4349  0 
 4350  0 
 4351  2 
 4352  0 
 4353  1 
 4354  0 
 4355  0 
 4356  0 
 4357  2 
 4358  0 
 4359  1 
 4360  0 
 4361  0 
 4362  1 
 4363  1 
 4364  1 
 4365  0 
 4366  1 
 4367  0 
 4368  0 
 4369  0 
 4370  0 
 4371  1 
 4372  0 
 4373  0 
 4374  0 
 4375  0 
 4376  0 
 4377  0 
 4378  0 
 4379  1 
 4380  0 
 4381  0 
 4382  0 
 4383  0 
 4384  1 
 4385  1 
 4386  0 
 4387  0 
 4388  0 
 4389  0 
 4390  0 
 4391  0 
 4392  0 
 4393  0 
 4394  0 
 4395  2 
 4396  0 
 4397  0 
 4398  0 
 4399  0 
 4400  0 
 4401  0 
 4402  0 
 4403  0 
 4404  0 
 4405  0 
 4406  0 
 4407  0 
 4408  0 
 4409  0 
 4410  0 
 4411  0 
 4412  0 
 4413  0 
 4414  0 
 4415  0 
 4416  0 
 4417  0 
 4418  0 
 4419  0 
 4420  0 
 4421  0 
 4422  0 
 4423  0 
 4424  0 
 4425  0 
 4426  0 
 4427  0 
 4428  0 
 4429  0 
 4430  0 
 4431  0 
 4432  0 
 4433  0 
 4434  0 
 4435  0 
 4436  0 
 4437  0 
 4438  0 
 4439  0 
 4440  0 
 4441  1 
 4442  0 
 4443  0 
 4444  0 
 4445  0 
 4446  0 
 4447  0 
 4448  0 
 4449  0 
 4450  0 
 4451  0 
 4452  0 
 4453  0 
 4454  0 
 4455  0 
 4456  0 
 4457  0 
 4458  0 
 4459  0 
 4460  0 
 4461  0 
 4462  0 
 4463  0 
 4464  0 
 4465  0 
 4466  0 
 4467  0 
 4468  0 
 4469  1 
 4470  0 
 4471  0 
 4472  0 
 4473  0 
 4474  0 
 4475  0 
 4476  0 
 4477  0 
 4478  0 
 4479  1 
 4480  0 
 4481  1 
 4482  0 
 4483  0 
 4484  0 
 4485  0 
 4486  0 
 4487  0 
 4488  0 
 4489  0 
 4490  0 
 4491  0 
 4492  0 
 4493  0 
 4494  0 
 4495  0 
 4496  0 
 4497  0 
 4498  0 
 4499  0 
 4500  0 
 4501  0 
 4502  0 
 4503  0 
 4504  0 
 4505  0 
 4506  0 
 4507  0 
 4508  0 
 4509  0 
 4510  0 
 4511  0 
 4512  0 
 4513  0 
 4514  0 
 4515  0 
 4516  0 
 4517  1 
 4518  0 
 4519  0 
 4520  0 
 4521  0 
 4522  0 
 4523  0 
 4524  0 
 4525  0 
 4526  0 
 4527  0 
 4528  0 
 4529  0 
 4530  0 
 4531  0 
 4532  0 
 4533  0 
 4534  0 
 4535  0 
 4536  0 
 4537  0 
 4538  0 
 4539  0 
 4540  0 
 4541  0 
 4542  0 
 4543  0 
 4544  0 
 4545  0 
 4546  0 
 4547  0 
 4548  0 
 4549  1 
 4550  0 
 4551  0 
 4552  0 
 4553  0 
 4554  0 
 4555  0 
 4556  0 
 4557  0 
 4558  0 
 4559  0 
 4560  0 
 4561  0 
 4562  1 
 4563  0 
 4564  0 
 4565  0 
 4566  0 
 4567  0 
 4568  0 
 4569  0 
 4570  0 
 4571  0 
 4572  0 
 4573  0 
 4574  0 
 4575  1 
 4576  0 
 4577  0 
 4578  0 
 4579  0 
 4580  0 
 4581  0 
 4582  0 
 4583  0 
 4584  0 
 4585  1 
 4586  0 
 4587  0 
 4588  0 
 4589  0 
 4590  0 
 4591  0 
 4592  0 
 4593  0 
 4594  0 
 4595  0 
 4596  0 
 4597  0 
 4598  0 
 4599  0 
 4600  0 
 4601  0 
 4602  0 
 4603  0 
 4604  1 
 4605  0 
 4606  0 
 4607  0 
 4608  0 
 4609  0 
 4610  0 
 4611  0 
 4612  0 
 4613  0 
 4614  0 
 4615  0 
 4616  0 
 4617  1 
 4618  0 
 4619  0 
 4620  0 
 4621  0 
 4622  0 
 4623  0 
 4624  0 
 4625  0 
 4626  0 
 4627  0 
 4628  0 
 4629  0 
 4630  0 
 4631  0 
 4632  0 
 4633  0 
 4634  0 
 4635  0 
 4636  0 
 4637  0 
 4638  0 
 4639  0 
 4640  0 
 4641  0 
 4642  0 
 4643  0 
 4644  0 
 4645  0 
 4646  0 
 4647  0 
 4648  0 
 4649  0 
 4650  0 
 4651  0 
 4652  0 
 4653  0 
 4654  0 
 4655  0 
 4656  0 
 4657  0 
 4658  0 
 4659  0 
 4660  0 
 4661  0 
 4662  0 
 4663  0 
 4664  0 
 4665  0 
 4666  0 
 4667  0 
 4668  0 
 4669  0 
 4670  0 
 4671  0 
 4672  0 
 4673  0 
 4674  0 
 4675  0 
 4676  1 
 4677  0 
 4678  0 
 4679  0 
 4680  0 
 4681  0 
 4682  0 
 4683  0 
 4684  0 
 4685  0 
 4686  0 
 4687  0 
 4688  0 
 4689  0 
 4690  0 
 4691  0 
 4692  1 
 4693  0 
 4694  0 
 4695  0 
 4696  0 
 4697  0 
 4698  0 
 4699  0 
 4700  0 
 4701  0 
 4702  0 
 4703  0 
 4704  0 
 4705  0 
 4706  1 
 4707  0 
 4708  0 
 4709  0 
 4710  0 
 4711  0 
 4712  0 
 4713  0 
 4714  0 
 4715  0 
 4716  0 
 4717  0 
 4718  1 
 4719  0 
 4720  0 
 4721  0 
 4722  0 
 4723  0 
 4724  0 
 4725  0 
 4726  0 
 4727  0 
 4728  0 
 4729  0 
 4730  0 
 4731  0 
 4732  0 
 4733  0 
 4734  0 
 4735  0 
 4736  0 
 4737  0 
 4738  0 
 4739  0 
 4740  0 
 4741  0 
 4742  0 
 4743  0 
 4744  0 
 4745  0 
 4746  0 
 4747  0 
 4748  0 
 4749  0 
 4750  0 
 4751  0 
 4752  0 
 4753  0 
 4754  0 
 4755  0 
 4756  1 
 4757  0 
 4758  0 
 4759  0 
 4760  0 
 4761  0 
 4762  0 
 4763  0 
 4764  0 
 4765  0 
 4766  0 
 4767  0 
 4768  0 
 4769  0 
 4770  0 
 4771  0 
 4772  0 
 4773  0 
 4774  0 
 4775  0 
 4776  0 
 4777  0 
 4778  0 
 4779  1 
 4780  0 
 4781  0 
 4782  0 
 4783  0 
 4784  0 
 4785  0 
 4786  0 
 4787  0 
 4788  0 
 4789  0 
 4790  0 
 4791  0 
 4792  0 
 4793  0 
 4794  0 
 4795  0 
 4796  1 
 4797  0 
 4798  0 
 4799  0 
 4800  0 
 4801  0 
 4802  0 
 4803  0 
 4804  0 
 4805  0 
 4806  0 
 4807  0 
 4808  0 
 4809  0 
 4810  0 
 4811  0 
 4812  0 
 4813  0 
 4814  0 
 4815  0 
 4816  0 
 4817  0 
 4818  0 
 4819  0 
 4820  0 
 4821  0 
 4822  0 
 4823  0 
 4824  0 
 4825  0 
 4826  0 
 4827  0 
 4828  0 
 4829  0 
 4830  0 
 4831  0 
 4832  0 
 4833  0 
 4834  0 
 4835  0 
 4836  0 
 4837  0 
 4838  0 
 4839  0 
 4840  0 
 4841  0 
 4842  0 
 4843  0 
 4844  0 
 4845  0 
 4846  0 
 4847  0 
 4848  0 
 4849  0 
 4850  1 
 4851  0 
 4852  0 
 4853  1 
 4854  0 
 4855  0 
 4856  0 
 4857  0 
 4858  0 
 4859  1 
 4860  0 
 4861  0 
 4862  0 
 4863  0 
 4864  0 
 4865  0 
 4866  0 
 4867  0 
 4868  0 
 4869  1 
 4870  0 
 4871  0 
 4872  0 
 4873  0 
 4874  0 
 4875  0 
 4876  0 
 4877  0 
 4878  0 
 4879  0 
 4880  0 
 4881  1 
 4882  1 
 4883  0 
 4884  0 
 4885  0 
 4886  0 
 4887  0 
 4888  0 
 4889  0 
 4890  0 
 4891  0 
 4892  0 
 4893  0 
 4894  0 
 4895  0 
 4896  0 
 4897  0 
 4898  0 
 4899  0 
 4900  0 
 4901  0 
 4902  0 
 4903  0 
 4904  0 
 4905  0 
 4906  0 
 4907  0 
 4908  0 
 4909  0 
 4910  0 
 4911  0 
 4912  0 
 4913  0 
 4914  0 
 4915  0 
 4916  0 
 4917  0 
 4918  0 
 4919  0 
 4920  0 
 4921  0 
 4922  0 
 4923  0 
 4924  0 
 4925  1 
 4926  0 
 4927  0 
 4928  0 
 4929  0 
 4930  0 
 4931  0 
 4932  0 
 4933  0 
 4934  0 
 4935  0 
 4936  0 
 4937  0 
 4938  0 
 4939  0 
 4940  0 
 4941  0 
 4942  0 
 4943  0 
 4944  0 
 4945  0 
 4946  0 
 4947  0 
 4948  0 
 4949  0 
 4950  0 
 4951  0 
 4952  0 
 4953  0 
 4954  0 
 4955  0 
 4956  0 
 4957  0 
 4958  0 
 4959  0 
 4960  0 
 4961  0 
 4962  0 
 4963  0 
 4964  0 
 4965  0 
 4966  0 
 4967  0 
 4968  0 
 4969  0 
 4970  0 
 4971  0 
 4972  0 
 4973  0 
 4974  0 
 4975  0 
 4976  0 
 4977  0 
 4978  0 
 4979  0 
 4980  0 
 4981  0 
 4982  0 
 4983  0 
 4984  0 
 4985  0 
 4986  0 
 4987  0 
 4988  0 
 4989  0 
 4990  0 
 4991  0 
 4992  0 
 4993  0 
 4994  0 
 4995  0 
 4996  0 
 4997  0 
 4998  0 
 4999  0 
 5000  0 
 5001  0 
 5002  0 
 5003  0 
 5004  0 
 5005  0 
 5006  0 
 5007  0 
 5008  0 
 5009  0 
 5010  0 
 5011  0 
 5012  0 
 5013  0 
 5014  0 
 5015  0 
 5016  0 
 5017  0 
 5018  0 
 5019  0 
 5020  0 
 5021  0 
 5022  0 
 5023  0 
 5024  0 
 5025  0 
 5026  0 
 5027  0 
 5028  0 
 5029  0 
 5030  0 
 5031  0 
 5032  0 
 5033  0 
 5034  0 
 5035  0 
 5036  0 
 5037  0 
 5038  0 
 5039  1 
 5040  0 
 5041  0 
 5042  0 
 5043  0 
 5044  1 
 5045  1 
 5046  0 
 5047  0 
 5048  0 
 5049  0 
 5050  0 
 5051  0 
 5052  0 
 5053  0 
 5054  0 
 5055  0 
 5056  0 
 5057  0 
 5058  0 
 5059  0 
 5060  0 
 5061  0 
 5062  0 
 5063  0 
 5064  1 
 5065  0 
 5066  0 
 5067  0 
 5068  0 
 5069  0 
 5070  0 
 5071  0 
 5072  0 
 5073  0 
 5074  0 
 5075  0 
 5076  0 
 5077  1 
 5078  0 
 5079  0 
 5080  0 
 5081  0 
 5082  0 
 5083  0 
 5084  0 
 5085  0 
 5086  0 
 5087  0 
 5088  0 
 5089  0 
 5090  1 
 5091  0 
 5092  0 
 5093  0 
 5094  0 
 5095  0 
 5096  0 
 5097  0 
 5098  0 
 5099  0 
 5100  0 
 5101  0 
 5102  0 
 5103  0 
 5104  0 
 5105  0 
 5106  0 
 5107  0 
 5108  0 
 5109  0 
 5110  0 
 5111  0 
 5112  0 
 5113  0 
 5114  0 
 5115  0 
 5116  0 
 5117  0 
 5118  0 
 5119  0 
 5120  0 
 5121  0 
 5122  0 
 5123  0 
 5124  0 
 5125  0 
 5126  0 
 5127  0 
 5128  0 
 5129  0 
 5130  0 
 5131  0 
 5132  0 
 5133  0 
 5134  0 
 5135  0 
 5136  0 
 5137  0 
 5138  0 
 5139  0 
 5140  0 
 5141  0 
 5142  0 
 5143  0 
 5144  0 
 5145  0 
 5146  0 
 5147  0 
 5148  0 
 5149  0 
 5150  0 
 5151  0 
 5152  1 
 5153  0 
 5154  0 
 5155  0 
 5156  0 
 5157  0 
 5158  0 
 5159  0 
 5160  0 
 5161  0 
 5162  0 
 5163  0 
 5164  0 
 5165  0 
 5166  0 
 5167  0 
 5168  0 
 5169  0 
 5170  0 
 5171  0 
 5172  0 
 5173  0 
 5174  0 
 5175  0 
 5176  0 
 5177  0 
 5178  0 
 5179  0 
 5180  0 
 5181  0 
 5182  0 
 5183  0 
 5184  0 
 5185  0 
 5186  0 
 5187  0 
 5188  0 
 5189  0 
 5190  0 
 5191  0 
 5192  0 
 5193  0 
 5194  0 
 5195  0 
 5196  0 
 5197  0 
 5198  0 
 5199  0 
 5200  0 
 5201  0 
 5202  0 
 5203  0 
 5204  0 
 5205  0 
 5206  0 
 5207  0 
 5208  0 
 5209  0 
 5210  0 
 5211  0 
 5212  0 
 5213  0 
 5214  0 
 5215  0 
 5216  0 
 5217  2 
 5218  0 
 5219  0 
 5220  0 
 5221  0 
 5222  0 
 5223  1 
 5224  0 
 5225  0 
 5226  0 
 5227  0 
 5228  0 
 5229  0 
 5230  1 
 5231  0 
 5232  0 
 5233  0 
 5234  0 
 5235  0 
 5236  0 
 5237  0 
 5238  0 
 5239  0 
 5240  0 
 5241  0 
 5242  0 
 5243  1 
 5244  0 
 5245  0 
 5246  0 
 5247  0 
 5248  0 
 5249  0 
 5250  0 
 5251  0 
 5252  0 
 5253  0 
 5254  0 
 5255  1 
 5256  0 
 5257  0 
 5258  0 
 5259  0 
 5260  0 
 5261  0 
 5262  0 
 5263  0 
 5264  0 
 5265  0 
 5266  0 
 5267  0 
 5268  0 
 5269  0 
 5270  0 
 5271  0 
 5272  0 
 5273  0 
 5274  0 
 5275  0 
 5276  0 
 5277  0 
 5278  0 
 5279  1 
 5280  0 
 5281  0 
 5282  0 
 5283  0 
 5284  0 
 5285  0 
 5286  0 
 5287  0 
 5288  0 
 5289  0 
 5290  0 
 5291  0 
 5292  0 
 5293  0 
 5294  0 
 5295  0 
 5296  0 
 5297  0 
 5298  0 
 5299  0 
 5300  0 
 5301  0 
 5302  0 
 5303  0 
 5304  0 
 5305  0 
 5306  0 
 5307  0 
 5308  0 
 5309  0 
 5310  0 
 5311  0 
 5312  0 
 5313  0 
 5314  0 
 5315  0 
 5316  0 
 5317  0 
 5318  0 
 5319  0 
 5320  0 
 5321  0 
 5322  0 
 5323  0 
 5324  0 
 5325  0 
 5326  0 
 5327  0 
 5328  0 
 5329  0 
 5330  0 
 5331  1 
 5332  0 
 5333  1 
 5334  0 
 5335  0 
 5336  0 
 5337  0 
 5338  0 
 5339  0 
 5340  0 
 5341  0 
 5342  0 
 5343  0 
 5344  0 
 5345  1 
 5346  0 
 5347  0 
 5348  0 
 5349  0 
 5350  0 
 5351  0 
 5352  0 
 5353  0 
 5354  0 
 5355  0 
 5356  0 
 5357  0 
 5358  0 
 5359  0 
 5360  0 
 5361  0 
 5362  1 
 5363  0 
 5364  0 
 5365  0 
 5366  0 
 5367  1 
 5368  0 
 5369  0 
 5370  0 
 5371  0 
 5372  0 
 5373  0 
 5374  0 
 5375  0 
 5376  0 
 5377  0 
 5378  0 
 5379  0 
 5380  0 
 5381  0 
 5382  0 
 5383  0 
 5384  0 
 5385  0 
 5386  0 
 5387  0 
 5388  1 
 5389  0 
 5390  0 
 5391  0 
 5392  0 
 5393  0 
 5394  0 
 5395  0 
 5396  0 
 5397  0 
 5398  1 
 5399  0 
 5400  0 
 5401  0 
 5402  0 
 5403  0 
 5404  1 
 5405  0 
 5406  0 
 5407  0 
 5408  0 
 5409  0 
 5410  0 
 5411  0 
 5412  0 
 5413  0 
 5414  0 
 5415  0 
 5416  0 
 5417  0 
 5418  0 
 5419  0 
 5420  0 
 5421  0 
 5422  0 
 5423  0 
 5424  0 
 5425  0 
 5426  0 
 5427  0 
 5428  0 
 5429  0 
 5430  0 
 5431  0 
 5432  0 
 5433  1 
 5434  0 
 5435  0 
 5436  0 
 5437  0 
 5438  0 
 5439  0 
 5440  0 
 5441  0 
 5442  0 
 5443  0 
 5444  0 
 5445  0 
 5446  0 
 5447  0 
 5448  0 
 5449  0 
 5450  0 
 5451  1 
 5452  0 
 5453  0 
 5454  0 
 5455  0 
 5456  0 
 5457  0 
 5458  0 
 5459  0 
 5460  0 
 5461  0 
 5462  0 
 5463  0 
 5464  0 
 5465  0 
 5466  0 
 5467  0 
 5468  0 
 5469  0 
 5470  0 
 5471  0 
 5472  1 
 5473  0 
 5474  0 
 5475  0 
 5476  0 
 5477  0 
 5478  0 
 5479  0 
 5480  0 
 5481  0 
 5482  0 
 5483  0 
 5484  0 
 5485  0 
 5486  0 
 5487  0 
 5488  0 
 5489  0 
 5490  0 
 5491  0 
 5492  0 
 5493  0 
 5494  0 
 5495  0 
 5496  0 
 5497  0 
 5498  0 
 5499  0 
 5500  0 
 5501  0 
 5502  0 
 5503  0 
 5504  0 
 5505  0 
 5506  0 
 5507  1 
 5508  0 
 5509  0 
 5510  0 
 5511  0 
 5512  0 
 5513  0 
 5514  0 
 5515  1 
 5516  0 
 5517  0 
 5518  0 
 5519  0 
 5520  0 
 5521  0 
 5522  0 
 5523  0 
 5524  0 
 5525  0 
 5526  0 
 5527  0 
 5528  0 
 5529  0 
 5530  0 
 5531  0 
 5532  0 
 5533  0 
 5534  0 
 5535  1 
 5536  0 
 5537  0 
 5538  0 
 5539  0 
 5540  0 
 5541  0 
 5542  0 
 5543  0 
 5544  0 
 5545  0 
 5546  0 
 5547  0 
 5548  0 
 5549  0 
 5550  0 
 5551  0 
 5552  0 
 5553  0 
 5554  0 
 5555  0 
 5556  0 
 5557  0 
 5558  0 
 5559  1 
 5560  0 
 5561  0 
 5562  0 
 5563  0 
 5564  0 
 5565  0 
 5566  0 
 5567  0 
 5568  0 
 5569  0 
 5570  0 
 5571  0 
 5572  0 
 5573  0 
 5574  0 
 5575  0 
 5576  0 
 5577  0 
 5578  0 
 5579  0 
 5580  0 
 5581  0 
 5582  0 
 5583  0 
 5584  0 
 5585  0 
 5586  0 
 5587  0 
 5588  0 
 5589  0 
 5590  0 
 5591  0 
 5592  0 
 5593  0 
 5594  0 
 5595  0 
 5596  0 
 5597  0 
 5598  0 
 5599  1 
 5600  0 
 5601  0 
 5602  0 
 5603  0 
 5604  0 
 5605  0 
 5606  0 
 5607  0 
 5608  0 
 5609  0 
 5610  0 
 5611  0 
 5612  0 
 5613  0 
 5614  0 
 5615  0 
 5616  0 
 5617  0 
 5618  0 
 5619  0 
 5620  0 
 5621  0 
 5622  0 
 5623  0 
 5624  0 
 5625  0 
 5626  0 
 5627  0 
 5628  0 
 5629  0 
 5630  0 
 5631  1 
 5632  0 
 5633  0 
 5634  0 
 5635  1 
 5636  0 
 5637  0 
 5638  0 
 5639  0 
 5640  0 
 5641  0 
 5642  0 
 5643  0 
 5644  0 
 5645  0 
 5646  0 
 5647  0 
 5648  0 
 5649  0 
 5650  0 
 5651  0 
 5652  0 
 5653  0 
 5654  0 
 5655  0 
 5656  0 
 5657  0 
 5658  0 
 5659  0 
 5660  0 
 5661  0 
 5662  0 
 5663  1 
 5664  0 
 5665  0 
 5666  0 
 5667  0 
 5668  0 
 5669  0 
 5670  0 
 5671  0 
 5672  0 
 5673  0 
 5674  0 
 5675  1 
 5676  0 
 5677  0 
 5678  0 
 5679  0 
 5680  0 
 5681  1 
 5682  0 
 5683  0 
 5684  1 
 5685  0 
 5686  0 
 5687  0 
 5688  0 
 5689  0 
 5690  0 
 5691  0 
 5692  0 
 5693  0 
 5694  0 
 5695  0 
 5696  1 
 5697  0 
 5698  0 
 5699  0 
 5700  0 
 5701  1 
 5702  0 
 5703  0 
 5704  0 
 5705  0 
 5706  0 
 5707  0 
 5708  0 
 5709  0 
 5710  0 
 5711  0 
 5712  0 
 5713  0 
 5714  0 
 5715  0 
 5716  0 
 5717  0 
 5718  0 
 5719  0 
 5720  0 
 5721  0 
 5722  0 
 5723  0 
 5724  0 
 5725  0 
 5726  0 
 5727  2 
 5728  1 
 5729  0 
 5730  0 
 5731  0 
 5732  0 
 5733  0 
 5734  0 
 5735  0 
 5736  0 
 5737  0 
 5738  0 
 5739  0 
 5740  0 
 5741  1 
 5742  0 
 5743  1 
 5744  0 
 5745  0 
 5746  0 
 5747  0 
 5748  0 
 5749  0 
 5750  0 
 5751  2 
 5752  0 
 5753  0 
 5754  0 
 5755  0 
 5756  0 
 5757  0 
 5758  0 
 5759  0 
 5760  1 
 5761  0 
 5762  1 
 5763  1 
 5764  0 
 5765  0 
 5766  0 
 5767  2 
 5768  0 
 5769  0 
 5770  0 
 5771  0 
 5772  1 
 5773  0 
 5774  0 
 5775  0 
 5776  0 
 5777  0 
 5778  0 
 5779  0 
 5780  0 
 5781  1 
 5782  0 
 5783  1 
 5784  0 
 5785  0 
 5786  0 
 5787  0 
 5788  0 
 5789  0 
 5790  0 
 5791  0 
 5792  1 
 5793  0 
 5794  0 
 5795  0 
 5796  1 
 5797  1 
 5798  1 
 5799  0 
 5800  0 
 5801  0 
 5802  0 
 5803  0 
 5804  0 
 5805  0 
 5806  0 
 5807  1 
 5808  0 
 5809  0 
 5810  0 
 5811  0 
 5812  0 
 5813  0 
 5814  1 
 5815  0 
 5816  1 
 5817  0 
 5818  0 
 5819  0 
 5820  0 
 5821  0 
 5822  0 
 5823  0 
 5824  1 
 5825  0 
 5826  0 
 5827  0 
 5828  0 
 5829  0 
 5830  0 
 5831  0 
 5832  0 
 5833  0 
 5834  0 
 5835  0 
 5836  0 
 5837  1 
 5838  1 
 5839  0 
 5840  1 
 5841  0 
 5842  0 
 5843  0 
 5844  1 
 5845  0 
 5846  0 
 5847  0 
 5848  0 
 5849  0 
 5850  0 
 5851  0 
 5852  0 
 5853  0 
 5854  0 
 5855  0 
 5856  1 
 5857  1 
 5858  0 
 5859  0 
 5860  2 
 5861  0 
 5862  0 
 5863  0 
 5864  0 
 5865  0 
 5866  0 
 5867  0 
 5868  0 
 5869  0 
 5870  0 
 5871  0 
 5872  0 
 5873  0 
 5874  2 
 5875  0 
 5876  0 
 5877  0 
 5878  1 
 5879  1 
 5880  0 
 5881  0 
 5882  0 
 5883  0 
 5884  0 
 5885  0 
 5886  0 
 5887  0 
 5888  0 
 5889  0 
 5890  0 
 5891  1 
 5892  0 
 5893  0 
 5894  0 
 5895  1 
 5896  1 
 5897  0 
 5898  0 
 5899  0 
 5900  0 
 5901  0 
 5902  0 
 5903  0 
 5904  0 
 5905  0 
 5906  0 
 5907  0 
 5908  0 
 5909  0 
 5910  1 
 5911  0 
 5912  0 
 5913  2 
 5914  1 
 5915  0 
 5916  2 
 5917  0 
 5918  1 
 5919  0 
 5920  0 
 5921  1 
 5922  1 
 5923  0 
 5924  0 
 5925  0 
 5926  0 
 5927  0 
 5928  0 
 5929  0 
 5930  1 
 5931  0 
 5932  1 
 5933  0 
 5934  0 
 5935  0 
 5936  0 
 5937  1 
 5938  0 
 5939  0 
 5940  0 
 5941  0 
 5942  2 
 5943  1 
 5944  0 
 5945  0 
 5946  0 
 5947  1 
 5948  0 
 5949  0 
 5950  0 
 5951  1 
 5952  0 
 5953  0 
 5954  0 
 5955  1 
 5956  0 
 5957  0 
 5958  0 
 5959  2 
 5960  1 
 5961  1 
 5962  0 
 5963  0 
 5964  0 
 5965  0 
 5966  0 
 5967  1 
 5968  0 
 5969  0 
 5970  0 
 5971  1 
 5972  0 
 5973  1 
 5974  0 
 5975  0 
 5976  0 
 5977  0 
 5978  1 
 5979  0 
 5980  0 
 5981  0 
 5982  1 
 5983  0 
 5984  0 
 5985  0 
 5986  0 
 5987  0 
 5988  0 
 5989  0 
 5990  0 
 5991  0 
 5992  1 
 5993  0 
 5994  0 
 5995  0 
 5996  0 
 5997  0 
 5998  0 
 5999  0 
 6000  0 
 6001  0 
 6002  0 
 6003  1 
 6004  0 
 6005  0 
 6006  0 
 6007  0 
 6008  0 
 6009  0 
 6010  0 
 6011  0 
 6012  0 
 6013  0 
 6014  0 
 6015  0 
 6016  0 
 6017  0 
 6018  0 
 6019  0 
 6020  0 
 6021  0 
 6022  0 
 6023  0 
 6024  0 
 6025  0 
 6026  0 
 6027  0 
 6028  0 
 6029  0 
 6030  0 
 6031  0 
 6032  1 
 6033  0 
 6034  0 
 6035  0 
 6036  0 
 6037  0 
 6038  0 
 6039  0 
 6040  0 
 6041  0 
 6042  0 
 6043  0 
 6044  0 
 6045  0 
 6046  0 
 6047  0 
 6048  0 
 6049  0 
 6050  0 
 6051  0 
 6052  0 
 6053  0 
 6054  0 
 6055  0 
 6056  1 
 6057  0 
 6058  0 
 6059  0 
 6060  0 
 6061  0 
 6062  0 
 6063  0 
 6064  0 
 6065  0 
 6066  0 
 6067  0 
 6068  0 
 6069  0 
 6070  0 
 6071  0 
 6072  0 
 6073  0 
 6074  0 
 6075  0 
 6076  0 
 6077  0 
 6078  0 
 6079  0 
 6080  0 
 6081  0 
 6082  0 
 6083  0 
 6084  0 
 6085  0 
 6086  0 
 6087  0 
 6088  0 
 6089  1 
 6090  0 
 6091  0 
 6092  0 
 6093  0 
 6094  0 
 6095  2 
 6096  0 
 6097  0 
 6098  0 
 6099  0 
 6100  0 
 6101  0 
 6102  0 
 6103  0 
 6104  0 
 6105  0 
 6106  0 
 6107  0 
 6108  0 
 6109  0 
 6110  0 
 6111  0 
 6112  1 
 6113  0 
 6114  0 
 6115  0 
 6116  0 
 6117  0 
 6118  0 
 6119  0 
 6120  0 
 6121  0 
 6122  0 
 6123  1 
 6124  0 
 6125  0 
 6126  0 
 6127  0 
 6128  1 
 6129  0 
 6130  0 
 6131  0 
 6132  0 
 6133  1 
 6134  0 
 6135  1 
 6136  0 
 6137  0 
 6138  0 
 6139  0 
 6140  0 
 6141  0 
 6142  0 
 6143  0 
 6144  0 
 6145  0 
 6146  0 
 6147  0 
 6148  0 
 6149  0 
 6150  0 
 6151  0 
 6152  0 
 6153  0 
 6154  0 
 6155  0 
 6156  0 
 6157  0 
 6158  0 
 6159  0 
 6160  0 
 6161  0 
 6162  0 
 6163  0 
 6164  0 
 6165  0 
 6166  0 
 6167  0 
 6168  0 
 6169  0 
 6170  0 
 6171  0 
 6172  0 
 6173  0 
 6174  0 
 6175  0 
 6176  0 
 6177  0 
 6178  0 
 6179  0 
 6180  0 
 6181  0 
 6182  0 
 6183  0 
 6184  0 
 6185  0 
 6186  0 
 6187  0 
 6188  0 
 6189  0 
 6190  0 
 6191  0 
 6192  0 
 6193  0 
 6194  0 
 6195  0 
 6196  0 
 6197  0 
 6198  0 
 6199  0 
 6200  0 
 6201  0 
 6202  0 
 6203  0 
 6204  0 
 6205  0 
 6206  0 
 6207  0 
 6208  0 
 6209  0 
 6210  0 
 6211  0 
 6212  0 
 6213  0 
 6214  0 
 6215  0 
 6216  0 
 6217  0 
 6218  1 
 6219  0 
 6220  0 
 6221  0 
 6222  0 
 6223  0 
 6224  0 
 6225  0 
 6226  0 
 6227  0 
 6228  0 
 6229  0 
 6230  0 
 6231  0 
 6232  0 
 6233  0 
 6234  0 
 6235  0 
 6236  0 
 6237  0 
 6238  0 
 6239  0 
 6240  0 
 6241  0 
 6242  0 
 6243  0 
 6244  0 
 6245  0 
 6246  0 
 6247  0 
 6248  0 
 6249  0 
 6250  0 
 6251  0 
 6252  0 
 6253  0 
 6254  0 
 6255  0 
 6256  0 
 6257  0 
 6258  0 
 6259  0 
 6260  0 
 6261  0 
 6262  0 
 6263  0 
 6264  0 
 6265  0 
 6266  0 
 6267  0 
 6268  0 
 6269  0 
 6270  0 
 6271  0 
 6272  0 
 6273  0 
 6274  0 
 6275  0 
 6276  0 
 6277  0 
 6278  0 
 6279  0 
 6280  0 
 6281  0 
 6282  0 
 6283  0 
 6284  0 
 6285  0 
 6286  0 
 6287  0 
 6288  0 
 6289  0 
 6290  0 
 6291  0 
 6292  0 
 6293  0 
 6294  0 
 6295  0 
 6296  0 
 6297  0 
 6298  0 
 6299  0 
 6300  0 
 6301  0 
 6302  0 
 6303  0 
 6304  0 
 6305  0 
 6306  0 
 6307  0 
 6308  0 
 6309  0 
 6310  0 
 6311  0 
 6312  0 
 6313  0 
 6314  0 
 6315  0 
 6316  0 
 6317  0 
 6318  0 
 6319  0 
 6320  0 
 6321  0 
 6322  0 
 6323  0 
 6324  0 
 6325  0 
 6326  0 
 6327  0 
 6328  0 
 6329  0 
 6330  0 
 6331  0 
 6332  0 
 6333  0 
 6334  0 
 6335  0 
 6336  0 
 6337  0 
 6338  0 
 6339  0 
 6340  0 
 6341  0 
 6342  0 
 6343  0 
 6344  0 
 6345  0 
 6346  0 
 6347  0 
 6348  0 
 6349  0 
 6350  0 
 6351  0 
 6352  0 
 6353  0 
 6354  0 
 6355  0 
 6356  0 
 6357  0 
 6358  0 
 6359  0 
 6360  0 
 6361  0 
 6362  0 
 6363  0 
 6364  0 
 6365  0 
 6366  0 
 6367  0 
 6368  0 
 6369  0 
 6370  0 
 6371  0 
 6372  0 
 6373  0 
 6374  0 
 6375  0 
 6376  0 
 6377  0 
 6378  0 
 6379  0 
 6380  0 
 6381  0 
 6382  0 
 6383  0 
 6384  0 
 6385  0 
 6386  0 
 6387  0 
 6388  0 
 6389  0 
 6390  0 
 6391  0 
 6392  0 
 6393  0 
 6394  0 
 6395  0 
 6396  0 
 6397  0 
 6398  0 
 6399  0 
 6400  0 
 6401  0 
 6402  0 
 6403  0 
 6404  0 
 6405  0 
 6406  0 
 6407  0 
 6408  0 
 6409  0 
 6410  0 
 6411  0 
 6412  0 
 6413  0 
 6414  0 
 6415  0 
 6416  0 
 6417  0 
 6418  0 
 6419  0 
 6420  0 
 6421  0 
 6422  0 
 6423  0 
 6424  0 
 6425  0 
 6426  0 
 6427  0 
 6428  0 
 6429  0 
 6430  0 
 6431  0 
 6432  0 
 6433  0 
 6434  0 
 6435  0 
 6436  0 
 6437  0 
 6438  0 
 6439  0 
 6440  0 
 6441  0 
 6442  0 
 6443  0 
 6444  0 
 6445  0 
 6446  0 
 6447  0 
 6448  0 
 6449  0 
 6450  0 
 6451  0 
 6452  0 
 6453  0 
 6454  0 
 6455  0 
 6456  0 
 6457  0 
 6458  0 
 6459  0 
 6460  0 
 6461  0 
 6462  0 
 6463  0 
 6464  0 
 6465  0 
 6466  0 
 6467  0 
 6468  0 
 6469  0 
 6470  0 
 6471  0 
 6472  0 
 6473  0 
 6474  0 
 6475  0 
 6476  0 
 6477  0 
 6478  0 
 6479  0 
 6480  0 
 6481  0 
 6482  0 
 6483  0 
 6484  0 
 6485  0 
 6486  0 
 6487  0 
 6488  0 
 6489  0 
 6490  0 
 6491  0 
 6492  0 
 6493  0 
 6494  0 
 6495  0 
 6496  0 
 6497  0 
 6498  0 
 6499  0 
 6500  0 
 6501  0 
 6502  0 
 6503  0 
 6504  0 
 6505  0 
 6506  0 
 6507  0 
 6508  0 
 6509  0 
 6510  0 
 6511  0 
 6512  0 
 6513  0 
 6514  0 
 6515  0 
 6516  0 
 6517  0 
 6518  0 
 6519  0 
 6520  0 
 6521  0 
 6522  0 
 6523  0 
 6524  0 
 6525  0 
 6526  0 
 6527  0 
 6528  0 
 6529  0 
 6530  0 
 6531  0 
 6532  0 
 6533  0 
 6534  0 
 6535  0 
 6536  0 
 6537  0 
 6538  0 
 6539  0 
 6540  0 
 6541  0 
 6542  0 
 6543  0 
 6544  0 
 6545  0 
 6546  0 
 6547  0 
 6548  0 
 6549  0 
 6550  0 
 6551  0 
 6552  0 
 6553  0 
 6554  0 
 6555  0 
 6556  0 
 6557  0 
 6558  0 
 6559  0 
 6560  0 
 6561  0 
 6562  0 
 6563  0 
 6564  0 
 6565  0 
 6566  0 
 6567  0 
 6568  0 
 6569  0 
 6570  0 
 6571  0 
 6572  0 
 6573  0 
 6574  0 
 6575  0 
 6576  0 
 6577  0 
 6578  0 
 6579  0 
 6580  0 
 6581  0 
 6582  0 
 6583  0 
 6584  0 
 6585  0 
 6586  0 
 6587  0 
 6588  0 
 6589  0 
 6590  0 
 6591  0 
 6592  0 
 6593  0 
 6594  0 
 6595  0 
 6596  0 
 6597  0 
 6598  0 
 6599  0 
 6600  0 
 6601  0 
 6602  0 
 6603  0 
 6604  0 
 6605  0 
 6606  0 
 6607  0 
 6608  0 
 6609  0 
 6610  0 
 6611  0 
 6612  0 
 6613  0 
 6614  0 
 6615  0 
 6616  0 
 6617  0 
 6618  0 
 6619  0 
 6620  0 
 6621  0 
 6622  0 
 6623  0 
 6624  0 
 6625  0 
 6626  0 
 6627  0 
 6628  0 
 6629  0 
 6630  0 
 6631  0 
 6632  0 
 6633  0 
 6634  0 
 6635  0 
 6636  0 
 6637  0 
 6638  0 
 6639  0 
 6640  0 
 6641  0 
 6642  0 
 6643  0 
 6644  0 
 6645  0 
 6646  0 
 6647  0 
 6648  0 
 6649  0 
 6650  0 
 6651  0 
 6652  0 
 6653  0 
 6654  0 
 6655  0 
 6656  0 
 6657  0 
 6658  0 
 6659  0 
 6660  0 
 6661  0 
 6662  0 
 6663  0 
 6664  0 
 6665  0 
 6666  0 
 6667  0 
 6668  0 
 6669  0 
 6670  0 
 6671  0 
 6672  0 
 6673  0 
 6674  0 
 6675  0 
 6676  0 
 6677  0 
 6678  0 
 6679  0 
 6680  0 
 6681  0 
 6682  0 
 6683  0 
 6684  0 
 6685  0 
 6686  0 
 6687  0 
 6688  0 
 6689  0 
 6690  0 
 6691  0 
 6692  0 
 6693  0 
 6694  0 
 6695  0 
 6696  0 
 6697  0 
 6698  0 
 6699  0 
 6700  0 
 6701  0 
 6702  0 
 6703  0 
 6704  0 
 6705  0 
 6706  0 
 6707  0 
 6708  0 
 6709  0 
 6710  0 
 6711  0 
 6712  0 
 6713  0 
 6714  0 
 6715  0 
 6716  0 
 6717  0 
 6718  0 
 6719  0 
 6720  0 
 6721  0 
 6722  0 
 6723  0 
 6724  0 
 6725  0 
 6726  0 
 6727  0 
 6728  0 
 6729  0 
 6730  0 
 6731  0 
 6732  0 
 6733  0 
 6734  0 
 6735  0 
 6736  0 
 6737  0 
 6738  0 
 6739  0 
 6740  0 
 6741  0 
 6742  0 
 6743  0 
 6744  0 
 6745  0 
 6746  0 
 6747  0 
 6748  0 
 6749  0 
 6750  0 
 6751  0 
 6752  0 
 6753  0 
 6754  0 
 6755  0 
 6756  0 
 6757  0 
 6758  0 
 6759  0 
 6760  0 
 6761  0 
 6762  0 
 6763  0 
 6764  0 
 6765  0 
 6766  0 
 6767  0 
 6768  0 
 6769  0 
 6770  0 
 6771  0 
 6772  0 
 6773  0 
 6774  0 
 6775  0 
 6776  0 
 6777  0 
 6778  0 
 6779  0 
 6780  0 
 6781  0 
 6782  0 
 6783  0 
 6784  0 
 6785  0 
 6786  0 
 6787  0 
 6788  0 
 6789  0 
 6790  0 
 6791  0 
 6792  0 
 6793  0 
 6794  0 
 6795  0 
 6796  0 
 6797  0 
 6798  0 
 6799  0 
 6800  0 
 6801  0 
 6802  0 
 6803  0 
 6804  0 
 6805  0 
 6806  0 
 6807  0 
 6808  0 
 6809  0 
 6810  0 
 6811  0 
 6812  0 
 6813  0 
 6814  0 
 6815  0 
 6816  0 
 6817  0 
 6818  0 
 6819  0 
 6820  0 
 6821  0 
 6822  0 
 6823  0 
 6824  0 
 6825  0 
 6826  0 
 6827  0 
 6828  0 
 6829  0 
 6830  0 
 6831  0 
 6832  0 
 6833  0 
 6834  0 
 6835  0 
 6836  0 
 6837  0 
 6838  0 
 6839  0 
 6840  0 
 6841  0 
 6842  0 
 6843  0 
 6844  0 
 6845  0 
 6846  0 
 6847  0 
 6848  0 
 6849  0 
 6850  0 
 6851  0 
 6852  0 
 6853  0 
 6854  0 
 6855  0 
 6856  0 
 6857  0 
 6858  0 
 6859  0 
 6860  0 
 6861  0 
 6862  0 
 6863  0 
 6864  0 
 6865  0 
 6866  0 
 6867  0 
 6868  0 
 6869  0 
 6870  0 
 6871  0 
 6872  0 
 6873  0 
 6874  0 
 6875  0 
 6876  0 
 6877  0 
 6878  0 
 6879  0 
 6880  0 
 6881  0 
 6882  0 
 6883  0 
 6884  0 
 6885  0 
 6886  0 
 6887  0 
 6888  0 
 6889  0 
 6890  0 
 6891  0 
 6892  0 
 6893  0 
 6894  0 
 6895  0 
 6896  0 
 6897  0 
 6898  0 
 6899  0 
 6900  0 
 6901  0 
 6902  0 
 6903  0 
 6904  0 
 6905  0 
 6906  0 
 6907  0 
 6908  0 
 6909  0 
 6910  0 
 6911  0 
 6912  0 
 6913  0 
 6914  0 
 6915  0 
 6916  0 
 6917  0 
 6918  0 
 6919  0 
 6920  0 
 6921  0 
 6922  0 
 6923  0 
 6924  0 
 6925  0 
 6926  0 
 6927  0 
 6928  0 
 6929  0 
 6930  0 
 6931  0 
 6932  0 
 6933  0 
 6934  0 
 6935  0 
 6936  0 
 6937  0 
 6938  0 
 6939  0 
 6940  0 
 6941  0 
 6942  0 
 6943  0 
 6944  0 
 6945  0 
 6946  0 
 6947  0 
 6948  0 
 6949  0 
 6950  0 
 6951  0 
 6952  0 
 6953  0 
 6954  0 
 6955  0 
 6956  0 
 6957  0 
 6958  0 
 6959  0 
 6960  0 
 6961  0 
 6962  0 
 6963  0 
 6964  0 
 6965  0 
 6966  0 
 6967  0 
 6968  0 
 6969  0 
 6970  0 
 6971  0 
 6972  0 
 6973  0 
 6974  0 
 6975  0 
 6976  0 
 6977  0 
 6978  0 
 6979  0 
 6980  0 
 6981  0 
 6982  0 
 6983  0 
 6984  0 
 6985  0 
 6986  0 
 6987  0 
 6988  0 
 6989  0 
 6990  0 
 6991  0 
 6992  0 
 6993  0 
 6994  0 
 6995  0 
 6996  0 
 6997  0 
 6998  0 
 6999  0 
 7000  0 
 7001  0 
 7002  0 
 7003  0 
 7004  0 
 7005  0 
 7006  0 
 7007  0 
 7008  0 
 7009  0 
 7010  0 
 7011  0 
 7012  0 
 7013  0 
 7014  0 
 7015  0 
 7016  0 
 7017  0 
 7018  0 
 7019  0 
 7020  0 
 7021  0 
 7022  0 
 7023  0 
 7024  0 
 7025  0 
 7026  0 
 7027  0 
 7028  0 
 7029  0 
 7030  0 
 7031  0 
 7032  0 
 7033  0 
 7034  0 
 7035  0 
 7036  0 
 7037  0 
 7038  0 
 7039  0 
 7040  0 
 7041  0 
 7042  0 
 7043  0 
 7044  0 
 7045  0 
 7046  0 
 7047  0 
 7048  0 
 7049  0 
 7050  0 
 7051  0 
 7052  0 
 7053  0 
 7054  0 
 7055  0 
 7056  0 
 7057  0 
 7058  0 
 7059  0 
 7060  0 
 7061  0 
 7062  0 
 7063  0 
 7064  0 
 7065  0 
 7066  0 
 7067  0 
 7068  0 
 7069  0 
 7070  0 
 7071  0 
 7072  0 
 7073  0 
 7074  0 
 7075  0 
 7076  0 
 7077  0 
 7078  0 
 7079  0 
 7080  0 
 7081  0 
 7082  0 
 7083  0 
 7084  0 
 7085  0 
 7086  0 
 7087  0 
 7088  0 
 7089  0 
 7090  0 
 7091  0 
 7092  0 
 7093  0 
 7094  0 
 7095  0 
 7096  0 
 7097  0 
 7098  0 
 7099  0 
 7100  0 
 7101  0 
 7102  0 
 7103  0 
 7104  0 
 7105  0 
 7106  0 
 7107  0 
 7108  0 
 7109  0 
 7110  0 
 7111  0 
 7112  0 
 7113  0 
 7114  0 
 7115  0 
 7116  0 
 7117  0 
 7118  0 
 7119  0 
 7120  0 
 7121  0 
 7122  0 
 7123  0 
 7124  0 
 7125  0 
 7126  0 
 7127  0 
 7128  0 
 7129  0 
 7130  0 
 7131  0 
 7132  0 
 7133  0 
 7134  0 
 7135  0 
 7136  0 
 7137  0 
 7138  0 
 7139  0 
 7140  0 
 7141  0 
 7142  0 
 7143  0 
 7144  0 
 7145  0 
 7146  0 
 7147  0 
 7148  0 
 7149  0 
 7150  0 
 7151  0 
 7152  0 
 7153  0 
 7154  0 
 7155  0 
 7156  0 
 7157  0 
 7158  0 
 7159  0 
 7160  0 
 7161  0 
 7162  0 
 7163  0 
 7164  0 
 7165  0 
 7166  0 
 7167  0 
 7168  0 
 7169  0 
 7170  0 
 7171  0 
 7172  0 
 7173  0 
 7174  0 
 7175  0 
 7176  0 
 7177  0 
 7178  0 
 7179  0 
 7180  0 
 7181  0 
 7182  0 
 7183  0 
 7184  0 
 7185  0 
 7186  0 
 7187  0 
 7188  0 
 7189  0 
 7190  0 
 7191  0 
 7192  0 
 7193  0 
 7194  0 
 7195  0 
 7196  0 
 7197  0 
 7198  0 
 7199  0 
 7200  0 
 7201  0 
 7202  0 
 7203  0 
 7204  0 
 7205  0 
 7206  0 
 7207  0 
 7208  0 
 7209  0 
 7210  0 
 7211  0 
 7212  0 
 7213  0 
 7214  0 
 7215  0 
 7216  0 
 7217  0 
 7218  0 
 7219  0 
 7220  0 
 7221  0 
 7222  0 
 7223  0 
 7224  0 
 7225  0 
 7226  0 
 7227  0 
 7228  0 
 7229  0 
 7230  0 
 7231  0 
 7232  0 
 7233  0 
 7234  0 
 7235  0 
 7236  0 
 7237  0 
 7238  0 
 7239  0 
 7240  0 
 7241  0 
 7242  0 
 7243  0 
 7244  0 
 7245  0 
 7246  0 
 7247  0 
 7248  0 
 7249  0 
 7250  0 
 7251  0 
 7252  0 
 7253  0 
 7254  0 
 7255  0 
 7256  0 
 7257  0 
 7258  0 
 7259  0 
 7260  0 
 7261  0 
 7262  0 
 7263  0 
 7264  0 
 7265  0 
 7266  0 
 7267  0 
 7268  0 
 7269  0 
 7270  0 
 7271  0 
 7272  0 
 7273  0 
 7274  0 
 7275  0 
 7276  0 
 7277  0 
 7278  0 
 7279  0 
 7280  0 
 7281  0 
 7282  0 
 7283  0 
 7284  0 
 7285  0 
 7286  0 
 7287  0 
 7288  0 
 7289  0 
 7290  0 
 7291  0 
 7292  0 
 7293  0 
 7294  0 
 7295  0 
 7296  0 
 7297  0 
 7298  0 
 7299  0 
 7300  0 
 7301  0 
 7302  0 
 7303  0 
 7304  0 
 7305  0 
 7306  0 
 7307  0 
 7308  0 
 7309  0 
 7310  0 
 7311  0 
 7312  0 
 7313  0 
 7314  0 
 7315  0 
 7316  0 
 7317  0 
 7318  0 
 7319  0 
 7320  0 
 7321  0 
 7322  0 
 7323  0 
 7324  0 
 7325  0 
 7326  0 
 7327  0 
 7328  0 
 7329  0 
 7330  0 
 7331  0 
 7332  0 
 7333  0 
 7334  0 
 7335  0 
 7336  0 
 7337  0 
 7338  0 
 7339  0 
 7340  0 
 7341  0 
 7342  0 
 7343  0 
 7344  0 
 7345  0 
 7346  0 
 7347  0 
 7348  0 
 7349  0 
 7350  0 
 7351  0 
 7352  0 
 7353  0 
 7354  0 
 7355  0 
 7356  0 
 7357  0 
 7358  0 
 7359  0 
 7360  0 
 7361  0 
 7362  0 
 7363  0 
 7364  0 
 7365  0 
 7366  0 
 7367  0 
 7368  0 
 7369  0 
 7370  0 
 7371  0 
 7372  0 
 7373  0 
 7374  0 
 7375  0 
 7376  0 
 7377  0 
 7378  0 
 7379  0 
 7380  0 
 7381  0 
 7382  0 
 7383  0 
 7384  0 
 7385  0 
 7386  0 
 7387  0 
 7388  0 
 7389  0 
 7390  0 
 7391  0 
 7392  0 
 7393  0 
 7394  0 
 7395  0 
 7396  0 
 7397  0 
 7398  0 
 7399  0 
 7400  0 
 7401  0 
 7402  0 
 7403  0 
 7404  0 
 7405  0 
 7406  0 
 7407  0 
 7408  0 
 7409  0 
 7410  0 
 7411  0 
 7412  0 
 7413  0 
 7414  0 
 7415  0 
 7416  0 
 7417  0 
 7418  0 
 7419  0 
 7420  0 
 7421  0 
 7422  0 
 7423  0 
 7424  0 
 7425  0 
 7426  0 
 7427  0 
 7428  0 
 7429  0 
 7430  0 
 7431  0 
 7432  0 
 7433  0 
 7434  0 
 7435  0 
 7436  0 
 7437  0 
 7438  0 
 7439  0 
 7440  0 
 7441  0 
 7442  0 
 7443  0 
 7444  0 
 7445  0 
 7446  0 
 7447  0 
 7448  0 
 7449  0 
 7450  0 
 7451  0 
 7452  0 
 7453  0 
 7454  0 
 7455  0 
 7456  0 
 7457  0 
 7458  0 
 7459  0 
 7460  0 
 7461  0 
 7462  0 
 7463  0 
 7464  0 
 7465  0 
 7466  0 
 7467  0 
 7468  0 
 7469  0 
 7470  0 
 7471  0 
 7472  0 
 7473  0 
 7474  0 
 7475  0 
 7476  0 
 7477  0 
 7478  0 
 7479  0 
 7480  0 
 7481  0 
 7482  0 
 7483  0 
 7484  0 
 7485  0 
 7486  0 
 7487  0 
 7488  0 
 7489  0 
 7490  0 
 7491  0 
 7492  0 
 7493  0 
 7494  0 
 7495  0 
 7496  0 
 7497  0 
 7498  0 
 7499  0 
 7500  0 
 7501  0 
 7502  0 
 7503  0 
 7504  0 
 7505  0 
 7506  0 
 7507  0 
 7508  0 
 7509  0 
 7510  0 
 7511  0 
 7512  0 
 7513  0 
 7514  0 
 7515  0 
 7516  0 
 7517  0 
 7518  0 
 7519  0 
 7520  0 
 7521  0 
 7522  0 
 7523  0 
 7524  0 
 7525  0 
 7526  0 
 7527  0 
 7528  0 
 7529  0 
 7530  0 
 7531  0 
 7532  0 
 7533  0 
 7534  0 
 7535  0 
 7536  0 
 7537  0 
 7538  0 
 7539  0 
 7540  0 
 7541  0 
 7542  0 
 7543  0 
 7544  0 
 7545  0 
 7546  0 
 7547  0 
 7548  0 
 7549  0 
 7550  0 
 7551  0 
 7552  0 
 7553  0 
 7554  0 
 7555  0 
 7556  0 
 7557  0 
 7558  0 
 7559  0 
 7560  0 
 7561  0 
 7562  0 
 7563  0 
 7564  0 
 7565  0 
 7566  0 
 7567  0 
 7568  0 
 7569  0 
 7570  0 
 7571  0 
 7572  0 
 7573  0 
 7574  0 
 7575  0 
 7576  0 
 7577  0 
 7578  0 
 7579  0 
 7580  0 
 7581  0 
 7582  0 
 7583  0 
 7584  0 
 7585  0 
 7586  0 
 7587  0 
 7588  0 
 7589  0 
 7590  0 
 7591  0 
 7592  0 
 7593  0 
 7594  0 
 7595  0 
 7596  0 
 7597  0 
 7598  0 
 7599  0 
 7600  0 
 7601  0 
 7602  0 
 7603  0 
 7604  0 
 7605  0 
 7606  0 
 7607  0 
 7608  0 
 7609  0 
 7610  0 
 7611  0 
 7612  0 
 7613  0 
 7614  0 
 7615  0 
 7616  0 
 7617  0 
 7618  0 
 7619  0 
 7620  0 
 7621  0 
 7622  0 
 7623  0 
 7624  0 
 7625  0 
 7626  0 
 7627  0 
 7628  0 
 7629  0 
 7630  0 
 7631  0 
 7632  0 
 7633  0 
 7634  0 
 7635  0 
 7636  0 
 7637  0 
 7638  0 
 7639  0 
 7640  0 
 7641  0 
 7642  0 
 7643  0 
 7644  0 
 7645  0 
 7646  0 
 7647  0 
 7648  0 
 7649  0 
 7650  0 
 7651  0 
 7652  0 
 7653  0 
 7654  0 
 7655  0 
 7656  0 
 7657  0 
 7658  0 
 7659  0 
 7660  0 
 7661  0 
 7662  0 
 7663  0 
 7664  0 
 7665  0 
 7666  0 
 7667  0 
 7668  0 
 7669  0 
 7670  0 
 7671  0 
 7672  0 
 7673  0 
 7674  0 
 7675  0 
 7676  0 
 7677  0 
 7678  0 
 7679  0 
 7680  0 
 7681  0 
 7682  0 
 7683  0 
 7684  0 
 7685  0 
 7686  0 
 7687  0 
 7688  0 
 7689  0 
 7690  0 
 7691  0 
 7692  0 
 7693  0 
 7694  0 
 7695  0 
 7696  0 
 7697  0 
 7698  0 
 7699  0 
 7700  0 
 7701  0 
 7702  0 
 7703  0 
 7704  0 
 7705  0 
 7706  0 
 7707  0 
 7708  0 
 7709  0 
 7710  0 
 7711  0 
 7712  0 
 7713  0 
 7714  0 
 7715  0 
 7716  0 
 7717  0 
 7718  0 
 7719  0 
 7720  0 
 7721  0 
 7722  0 
 7723  0 
 7724  0 
 7725  0 
 7726  0 
 7727  0 
 7728  0 
 7729  0 
 7730  0 
 7731  0 
 7732  0 
 7733  0 
 7734  0 
 7735  0 
 7736  0 
 7737  0 
 7738  0 
 7739  0 
 7740  0 
 7741  0 
 7742  0 
 7743  0 
 7744  0 
 7745  0 
 7746  0 
 7747  0 
 7748  0 
 7749  0 
 7750  0 
 7751  0 
 7752  0 
 7753  0 
 7754  0 
 7755  0 
 7756  0 
 7757  0 
 7758  0 
 7759  0 
 7760  0 
 7761  0 
 7762  0 
 7763  0 
 7764  0 
 7765  0 
 7766  0 
 7767  0 
 7768  0 
 7769  0 
 7770  0 
 7771  0 
 7772  0 
 7773  0 
 7774  0 
 7775  0 
 7776  0 
 7777  0 
 7778  0 
 7779  0 
 7780  0 
 7781  0 
 7782  0 
 7783  0 
 7784  0 
 7785  0 
 7786  0 
 7787  0 
 7788  0 
 7789  0 
 7790  0 
 7791  0 
 7792  0 
 7793  0 
 7794  0 
 7795  0 
 7796  0 
 7797  0 
 7798  0 
 7799  0 
 7800  0 
 7801  0 
 7802  0 
 7803  0 
 7804  0 
 7805  0 
 7806  0 
 7807  0 
 7808  0 
 7809  0 
 7810  0 
 7811  0 
 7812  0 
 7813  0 
 7814  0 
 7815  0 
 7816  0 
 7817  0 
 7818  0 
 7819  0 
 7820  0 
 7821  0 
 7822  0 
 7823  0 
 7824  0 
 7825  0 
 7826  0 
 7827  0 
 7828  0 
 7829  0 
 7830  0 
 7831  0 
 7832  0 
 7833  0 
 7834  0 
 7835  0 
 7836  0 
 7837  0 
 7838  0 
 7839  0 
 7840  0 
 7841  0 
 7842  0 
 7843  0 
 7844  0 
 7845  0 
 7846  0 
 7847  0 
 7848  0 
 7849  0 
 7850  0 
 7851  0 
 7852  0 
 7853  0 
 7854  0 
 7855  0 
 7856  0 
 7857  0 
 7858  0 
 7859  0 
 7860  0 
 7861  0 
 7862  0 
 7863  0 
 7864  0 
 7865  0 
 7866  0 
 7867  0 
 7868  0 
 7869  0 
 7870  0 
 7871  0 
 7872  0 
 7873  0 
 7874  0 
 7875  0 
 7876  0 
 7877  0 
 7878  0 
 7879  0 
 7880  0 
 7881  0 
 7882  0 
 7883  0 
 7884  0 
 7885  0 
 7886  0 
 7887  0 
 7888  0 
 7889  0 
 7890  0 
 7891  0 
 7892  0 
 7893  0 
 7894  0 
 7895  0 
 7896  0 
 7897  0 
 7898  0 
 7899  0 
 7900  0 
 7901  0 
 7902  0 
 7903  0 
 7904  0 
 7905  0 
 7906  0 
 7907  0 
 7908  0 
 7909  0 
 7910  0 
 7911  0 
 7912  0 
 7913  0 
 7914  0 
 7915  0 
 7916  0 
 7917  0 
 7918  0 
 7919  0 
 7920  0 
 7921  0 
 7922  0 
 7923  0 
 7924  0 
 7925  0 
 7926  0 
 7927  0 
 7928  0 
 7929  0 
 7930  0 
 7931  0 
 7932  0 
 7933  0 
 7934  0 
 7935  0 
 7936  0 
 7937  0 
 7938  0 
 7939  0 
 7940  0 
 7941  0 
 7942  0 
 7943  0 
 7944  0 
 7945  0 
 7946  0 
 7947  0 
 7948  0 
 7949  0 
 7950  0 
 7951  0 
 7952  0 
 7953  0 
 7954  0 
 7955  0 
 7956  0 
 7957  0 
 7958  0 
 7959  0 
 7960  0 
 7961  0 
 7962  0 
 7963  0 
 7964  0 
 7965  0 
 7966  0 
 7967  0 
 7968  0 
 7969  0 
 7970  0 
 7971  0 
 7972  0 
 7973  0 
 7974  0 
 7975  0 
 7976  0 
 7977  0 
 7978  0 
 7979  0 
 7980  0 
 7981  0 
 7982  0 
 7983  0 
 7984  0 
 7985  0 
 7986  0 
 7987  0 
 7988  0 
 7989  0 
 7990  0 
 7991  0 
 7992  0 
 7993  0 
 7994  0 
 7995  0 
 7996  0 
 7997  0 
 7998  0 
 7999  0 
 8000  0 
 8001  0 
 8002  0 
 8003  0 
 8004  0 
 8005  0 
 8006  0 
 8007  0 
 8008  0 
 8009  0 
 8010  0 
 8011  0 
 8012  0 
 8013  0 
 8014  0 
 8015  0 
 8016  0 
 8017  0 
 8018  0 
 8019  0 
 8020  0 
 8021  0 
 8022  0 
 8023  0 
 8024  0 
 8025  0 
 8026  0 
 8027  0 
 8028  0 
 8029  0 
 8030  0 
 8031  0 
 8032  0 
 8033  0 
 8034  0 
 8035  0 
 8036  0 
 8037  0 
 8038  0 
 8039  0 
 8040  0 
 8041  0 
 8042  0 
 8043  0 
 8044  0 
 8045  0 
 8046  0 
 8047  0 
 8048  0 
 8049  0 
 8050  0 
 8051  0 
 8052  0 
 8053  0 
 8054  0 
 8055  0 
 8056  0 
 8057  0 
 8058  0 
 8059  0 
 8060  0 
 8061  0 
 8062  0 
 8063  0 
 8064  0 
 8065  0 
 8066  0 
 8067  0 
 8068  0 
 8069  0 
 8070  0 
 8071  0 
 8072  0 
 8073  0 
 8074  0 
 8075  0 
 8076  0 
 8077  0 
 8078  0 
 8079  0 
 8080  0 
 8081  0 
 8082  0 
 8083  0 
 8084  0 
 8085  0 
 8086  0 
 8087  0 
 8088  0 
 8089  0 
 8090  0 
 8091  0 
 8092  0 
 8093  0 
 8094  0 
 8095  0 
 8096  0 
 8097  0 
 8098  0 
 8099  0 
 8100  0 
 8101  0 
 8102  0 
 8103  0 
 8104  0 
 8105  0 
 8106  0 
 8107  0 
 8108  0 
 8109  0 
 8110  0 
 8111  0 
 8112  0 
 8113  0 
 8114  0 
 8115  0 
 8116  0 
 8117  0 
 8118  0 
 8119  0 
 8120  0 
 8121  0 
 8122  0 
 8123  0 
 8124  0 
 8125  0 
 8126  0 
 8127  0 
 8128  0 
 8129  0 
 8130  0 
 8131  0 
 8132  0 
 8133  0 
 8134  0 
 8135  0 
 8136  0 
 8137  0 
 8138  0 
 8139  0 
 8140  0 
 8141  0 
 8142  0 
 8143  0 
 8144  0 
 8145  0 
 8146  0 
 8147  0 
 8148  0 
 8149  0 
 8150  0 
 8151  0 
 8152  0 
 8153  0 
 8154  0 
 8155  0 
 8156  0 
 8157  0 
 8158  0 
 8159  0 
 8160  0 
 8161  0 
 8162  0 
 8163  0 
 8164  0 
 8165  0 
 8166  0 
 8167  0 
 8168  0 
 8169  0 
 8170  0 
 8171  0 
 8172  0 
 8173  0 
 8174  0 
 8175  0 
 8176  0 
 8177  0 
 8178  0 
 8179  0 
 8180  0 
 8181  0 
 8182  0 
 8183  0 
 8184  0 
 8185  1 
 8186  0 
 8187  0 
 8188  0 
 8189  0 
 8190  0 
 8191  0 
