 0  751 
 1  760 
 2  0 
 3  0 
 4  0 
 5  0 
 6  0 
 7  0 
 8  0 
 9  0 
 10  0 
 11  0 
 12  0 
 13  0 
 14  0 
 15  0 
 16  0 
 17  0 
 18  0 
 19  0 
 20  0 
 21  0 
 22  0 
 23  0 
 24  0 
 25  0 
 26  0 
 27  0 
 28  0 
 29  0 
 30  0 
 31  0 
 32  0 
 33  0 
 34  0 
 35  0 
 36  0 
 37  0 
 38  0 
 39  0 
 40  0 
 41  0 
 42  0 
 43  0 
 44  0 
 45  0 
 46  0 
 47  0 
 48  0 
 49  0 
 50  0 
 51  0 
 52  0 
 53  0 
 54  0 
 55  0 
 56  0 
 57  0 
 58  0 
 59  0 
 60  0 
 61  0 
 62  0 
 63  0 
 64  0 
 65  0 
 66  0 
 67  0 
 68  0 
 69  0 
 70  0 
 71  0 
 72  0 
 73  0 
 74  0 
 75  0 
 76  0 
 77  0 
 78  0 
 79  0 
 80  0 
 81  0 
 82  0 
 83  0 
 84  0 
 85  0 
 86  0 
 87  0 
 88  0 
 89  0 
 90  0 
 91  0 
 92  0 
 93  0 
 94  0 
 95  0 
 96  0 
 97  0 
 98  0 
 99  0 
 100  0 
 101  0 
 102  0 
 103  0 
 104  0 
 105  0 
 106  0 
 107  0 
 108  0 
 109  0 
 110  0 
 111  0 
 112  0 
 113  0 
 114  0 
 115  0 
 116  0 
 117  0 
 118  0 
 119  0 
 120  0 
 121  0 
 122  0 
 123  0 
 124  0 
 125  0 
 126  0 
 127  0 
 128  0 
 129  0 
 130  0 
 131  0 
 132  0 
 133  0 
 134  0 
 135  0 
 136  0 
 137  0 
 138  0 
 139  0 
 140  0 
 141  0 
 142  0 
 143  0 
 144  0 
 145  0 
 146  0 
 147  0 
 148  0 
 149  0 
 150  0 
 151  0 
 152  0 
 153  0 
 154  0 
 155  0 
 156  0 
 157  0 
 158  0 
 159  0 
 160  0 
 161  0 
 162  0 
 163  0 
 164  0 
 165  0 
 166  0 
 167  0 
 168  0 
 169  0 
 170  0 
 171  0 
 172  0 
 173  0 
 174  0 
 175  0 
 176  0 
 177  0 
 178  0 
 179  0 
 180  0 
 181  0 
 182  0 
 183  0 
 184  0 
 185  0 
 186  0 
 187  0 
 188  0 
 189  0 
 190  0 
 191  0 
 192  0 
 193  0 
 194  0 
 195  0 
 196  0 
 197  0 
 198  0 
 199  0 
 200  0 
 201  0 
 202  0 
 203  0 
 204  0 
 205  0 
 206  0 
 207  0 
 208  0 
 209  0 
 210  0 
 211  0 
 212  0 
 213  0 
 214  0 
 215  0 
 216  0 
 217  0 
 218  0 
 219  0 
 220  0 
 221  0 
 222  0 
 223  0 
 224  0 
 225  0 
 226  0 
 227  0 
 228  0 
 229  0 
 230  0 
 231  0 
 232  0 
 233  0 
 234  0 
 235  0 
 236  0 
 237  0 
 238  0 
 239  0 
 240  0 
 241  0 
 242  0 
 243  0 
 244  0 
 245  0 
 246  0 
 247  0 
 248  0 
 249  0 
 250  0 
 251  0 
 252  0 
 253  0 
 254  0 
 255  0 
 256  0 
 257  0 
 258  0 
 259  0 
 260  0 
 261  0 
 262  0 
 263  0 
 264  0 
 265  0 
 266  0 
 267  0 
 268  0 
 269  0 
 270  0 
 271  0 
 272  0 
 273  0 
 274  0 
 275  0 
 276  0 
 277  0 
 278  0 
 279  0 
 280  0 
 281  0 
 282  0 
 283  0 
 284  0 
 285  0 
 286  0 
 287  0 
 288  0 
 289  0 
 290  0 
 291  0 
 292  0 
 293  0 
 294  0 
 295  0 
 296  0 
 297  0 
 298  0 
 299  0 
 300  0 
 301  0 
 302  0 
 303  0 
 304  0 
 305  0 
 306  0 
 307  0 
 308  0 
 309  0 
 310  0 
 311  0 
 312  0 
 313  0 
 314  0 
 315  0 
 316  0 
 317  0 
 318  0 
 319  0 
 320  0 
 321  0 
 322  0 
 323  0 
 324  0 
 325  0 
 326  0 
 327  0 
 328  0 
 329  0 
 330  0 
 331  0 
 332  0 
 333  0 
 334  0 
 335  0 
 336  0 
 337  0 
 338  0 
 339  0 
 340  0 
 341  0 
 342  0 
 343  0 
 344  0 
 345  0 
 346  0 
 347  0 
 348  0 
 349  0 
 350  0 
 351  0 
 352  0 
 353  0 
 354  0 
 355  0 
 356  0 
 357  0 
 358  0 
 359  0 
 360  0 
 361  0 
 362  0 
 363  0 
 364  0 
 365  0 
 366  0 
 367  0 
 368  0 
 369  0 
 370  0 
 371  0 
 372  0 
 373  0 
 374  0 
 375  0 
 376  0 
 377  0 
 378  0 
 379  0 
 380  0 
 381  0 
 382  0 
 383  0 
 384  0 
 385  0 
 386  0 
 387  0 
 388  0 
 389  0 
 390  0 
 391  0 
 392  0 
 393  0 
 394  0 
 395  0 
 396  0 
 397  0 
 398  0 
 399  0 
 400  0 
 401  0 
 402  0 
 403  0 
 404  0 
 405  0 
 406  0 
 407  0 
 408  0 
 409  0 
 410  0 
 411  0 
 412  0 
 413  0 
 414  0 
 415  0 
 416  0 
 417  0 
 418  0 
 419  0 
 420  0 
 421  0 
 422  0 
 423  0 
 424  0 
 425  0 
 426  0 
 427  0 
 428  0 
 429  0 
 430  0 
 431  0 
 432  0 
 433  0 
 434  0 
 435  0 
 436  0 
 437  0 
 438  0 
 439  0 
 440  0 
 441  0 
 442  0 
 443  0 
 444  0 
 445  0 
 446  0 
 447  0 
 448  0 
 449  0 
 450  0 
 451  0 
 452  0 
 453  0 
 454  0 
 455  0 
 456  0 
 457  0 
 458  0 
 459  0 
 460  0 
 461  0 
 462  0 
 463  0 
 464  0 
 465  0 
 466  0 
 467  0 
 468  0 
 469  0 
 470  0 
 471  0 
 472  0 
 473  0 
 474  0 
 475  0 
 476  0 
 477  0 
 478  0 
 479  0 
 480  0 
 481  0 
 482  0 
 483  0 
 484  2 
 485  4 
 486  6 
 487  79 
 488  149 
 489  153 
 490  133 
 491  130 
 492  133 
 493  127 
 494  112 
 495  123 
 496  137 
 497  125 
 498  116 
 499  93 
 500  88 
 501  84 
 502  85 
 503  89 
 504  81 
 505  90 
 506  74 
 507  71 
 508  64 
 509  65 
 510  58 
 511  62 
 512  49 
 513  60 
 514  63 
 515  50 
 516  48 
 517  39 
 518  56 
 519  51 
 520  48 
 521  44 
 522  47 
 523  37 
 524  42 
 525  32 
 526  35 
 527  30 
 528  37 
 529  45 
 530  31 
 531  24 
 532  34 
 533  35 
 534  49 
 535  23 
 536  27 
 537  34 
 538  31 
 539  31 
 540  29 
 541  34 
 542  24 
 543  23 
 544  17 
 545  29 
 546  19 
 547  30 
 548  23 
 549  25 
 550  24 
 551  28 
 552  21 
 553  28 
 554  18 
 555  24 
 556  20 
 557  26 
 558  28 
 559  24 
 560  25 
 561  26 
 562  20 
 563  20 
 564  25 
 565  29 
 566  22 
 567  23 
 568  25 
 569  19 
 570  23 
 571  28 
 572  26 
 573  26 
 574  26 
 575  22 
 576  23 
 577  20 
 578  29 
 579  27 
 580  24 
 581  28 
 582  14 
 583  23 
 584  21 
 585  18 
 586  20 
 587  24 
 588  17 
 589  22 
 590  18 
 591  25 
 592  15 
 593  23 
 594  20 
 595  20 
 596  31 
 597  22 
 598  22 
 599  20 
 600  24 
 601  18 
 602  11 
 603  24 
 604  19 
 605  17 
 606  26 
 607  16 
 608  21 
 609  23 
 610  18 
 611  26 
 612  26 
 613  19 
 614  17 
 615  43 
 616  26 
 617  25 
 618  26 
 619  15 
 620  24 
 621  20 
 622  25 
 623  21 
 624  17 
 625  21 
 626  25 
 627  18 
 628  18 
 629  17 
 630  32 
 631  16 
 632  23 
 633  25 
 634  28 
 635  20 
 636  22 
 637  21 
 638  21 
 639  25 
 640  19 
 641  16 
 642  16 
 643  16 
 644  16 
 645  25 
 646  17 
 647  9 
 648  15 
 649  17 
 650  23 
 651  18 
 652  19 
 653  12 
 654  19 
 655  25 
 656  17 
 657  20 
 658  19 
 659  23 
 660  20 
 661  30 
 662  26 
 663  15 
 664  16 
 665  20 
 666  21 
 667  18 
 668  21 
 669  13 
 670  16 
 671  22 
 672  12 
 673  15 
 674  27 
 675  15 
 676  21 
 677  24 
 678  18 
 679  20 
 680  18 
 681  13 
 682  17 
 683  21 
 684  19 
 685  19 
 686  17 
 687  16 
 688  24 
 689  23 
 690  28 
 691  16 
 692  24 
 693  17 
 694  23 
 695  17 
 696  5 
 697  24 
 698  19 
 699  25 
 700  10 
 701  11 
 702  18 
 703  20 
 704  25 
 705  26 
 706  28 
 707  11 
 708  22 
 709  17 
 710  22 
 711  25 
 712  20 
 713  22 
 714  21 
 715  24 
 716  18 
 717  26 
 718  18 
 719  23 
 720  20 
 721  21 
 722  20 
 723  15 
 724  21 
 725  10 
 726  19 
 727  12 
 728  20 
 729  17 
 730  22 
 731  22 
 732  14 
 733  13 
 734  19 
 735  23 
 736  25 
 737  19 
 738  23 
 739  17 
 740  19 
 741  16 
 742  27 
 743  20 
 744  21 
 745  19 
 746  23 
 747  23 
 748  17 
 749  15 
 750  21 
 751  17 
 752  17 
 753  27 
 754  17 
 755  9 
 756  19 
 757  21 
 758  19 
 759  17 
 760  17 
 761  18 
 762  11 
 763  17 
 764  17 
 765  13 
 766  17 
 767  8 
 768  16 
 769  13 
 770  22 
 771  10 
 772  22 
 773  17 
 774  16 
 775  17 
 776  19 
 777  12 
 778  15 
 779  18 
 780  17 
 781  20 
 782  14 
 783  18 
 784  25 
 785  20 
 786  18 
 787  14 
 788  15 
 789  15 
 790  22 
 791  12 
 792  16 
 793  16 
 794  16 
 795  16 
 796  12 
 797  14 
 798  16 
 799  15 
 800  17 
 801  20 
 802  20 
 803  14 
 804  16 
 805  15 
 806  21 
 807  16 
 808  17 
 809  19 
 810  21 
 811  12 
 812  13 
 813  15 
 814  16 
 815  21 
 816  13 
 817  18 
 818  16 
 819  18 
 820  19 
 821  11 
 822  19 
 823  16 
 824  15 
 825  18 
 826  12 
 827  17 
 828  14 
 829  14 
 830  14 
 831  14 
 832  12 
 833  22 
 834  13 
 835  18 
 836  16 
 837  13 
 838  15 
 839  17 
 840  21 
 841  14 
 842  16 
 843  13 
 844  21 
 845  10 
 846  18 
 847  17 
 848  12 
 849  13 
 850  19 
 851  16 
 852  15 
 853  15 
 854  12 
 855  21 
 856  13 
 857  12 
 858  9 
 859  7 
 860  18 
 861  11 
 862  23 
 863  15 
 864  22 
 865  22 
 866  17 
 867  15 
 868  16 
 869  17 
 870  8 
 871  10 
 872  23 
 873  14 
 874  10 
 875  11 
 876  11 
 877  21 
 878  20 
 879  21 
 880  12 
 881  9 
 882  15 
 883  13 
 884  18 
 885  13 
 886  24 
 887  20 
 888  18 
 889  11 
 890  13 
 891  22 
 892  16 
 893  14 
 894  13 
 895  16 
 896  19 
 897  20 
 898  19 
 899  19 
 900  22 
 901  16 
 902  15 
 903  15 
 904  10 
 905  20 
 906  13 
 907  16 
 908  16 
 909  15 
 910  14 
 911  13 
 912  17 
 913  17 
 914  21 
 915  16 
 916  21 
 917  9 
 918  14 
 919  11 
 920  13 
 921  8 
 922  11 
 923  22 
 924  12 
 925  16 
 926  10 
 927  12 
 928  16 
 929  15 
 930  15 
 931  12 
 932  23 
 933  11 
 934  14 
 935  17 
 936  11 
 937  17 
 938  11 
 939  22 
 940  20 
 941  12 
 942  14 
 943  14 
 944  11 
 945  17 
 946  13 
 947  18 
 948  19 
 949  11 
 950  13 
 951  18 
 952  12 
 953  12 
 954  13 
 955  17 
 956  12 
 957  8 
 958  10 
 959  14 
 960  14 
 961  17 
 962  14 
 963  14 
 964  12 
 965  15 
 966  11 
 967  12 
 968  17 
 969  14 
 970  11 
 971  27 
 972  16 
 973  10 
 974  17 
 975  17 
 976  17 
 977  13 
 978  13 
 979  20 
 980  17 
 981  20 
 982  10 
 983  17 
 984  11 
 985  20 
 986  16 
 987  14 
 988  17 
 989  11 
 990  17 
 991  9 
 992  16 
 993  8 
 994  12 
 995  14 
 996  12 
 997  9 
 998  14 
 999  11 
 1000  7 
 1001  20 
 1002  19 
 1003  10 
 1004  20 
 1005  16 
 1006  11 
 1007  21 
 1008  12 
 1009  11 
 1010  23 
 1011  13 
 1012  12 
 1013  15 
 1014  13 
 1015  16 
 1016  12 
 1017  5 
 1018  6 
 1019  18 
 1020  18 
 1021  18 
 1022  14 
 1023  8 
 1024  15 
 1025  13 
 1026  22 
 1027  5 
 1028  20 
 1029  19 
 1030  13 
 1031  13 
 1032  10 
 1033  19 
 1034  15 
 1035  12 
 1036  8 
 1037  17 
 1038  15 
 1039  15 
 1040  9 
 1041  15 
 1042  18 
 1043  10 
 1044  10 
 1045  14 
 1046  13 
 1047  16 
 1048  9 
 1049  15 
 1050  8 
 1051  11 
 1052  12 
 1053  8 
 1054  6 
 1055  11 
 1056  13 
 1057  15 
 1058  10 
 1059  15 
 1060  19 
 1061  8 
 1062  12 
 1063  16 
 1064  18 
 1065  13 
 1066  13 
 1067  10 
 1068  13 
 1069  11 
 1070  12 
 1071  8 
 1072  16 
 1073  14 
 1074  12 
 1075  13 
 1076  14 
 1077  15 
 1078  15 
 1079  13 
 1080  14 
 1081  17 
 1082  19 
 1083  23 
 1084  12 
 1085  11 
 1086  16 
 1087  10 
 1088  11 
 1089  15 
 1090  13 
 1091  14 
 1092  25 
 1093  10 
 1094  10 
 1095  15 
 1096  17 
 1097  7 
 1098  14 
 1099  7 
 1100  7 
 1101  16 
 1102  10 
 1103  10 
 1104  9 
 1105  20 
 1106  12 
 1107  8 
 1108  17 
 1109  3 
 1110  8 
 1111  15 
 1112  13 
 1113  12 
 1114  15 
 1115  15 
 1116  17 
 1117  17 
 1118  11 
 1119  13 
 1120  11 
 1121  12 
 1122  8 
 1123  12 
 1124  10 
 1125  18 
 1126  15 
 1127  11 
 1128  8 
 1129  9 
 1130  4 
 1131  15 
 1132  12 
 1133  18 
 1134  9 
 1135  18 
 1136  6 
 1137  8 
 1138  15 
 1139  18 
 1140  12 
 1141  12 
 1142  18 
 1143  10 
 1144  19 
 1145  10 
 1146  19 
 1147  13 
 1148  13 
 1149  12 
 1150  10 
 1151  15 
 1152  6 
 1153  10 
 1154  15 
 1155  12 
 1156  8 
 1157  16 
 1158  11 
 1159  8 
 1160  10 
 1161  12 
 1162  11 
 1163  17 
 1164  7 
 1165  10 
 1166  15 
 1167  8 
 1168  7 
 1169  11 
 1170  12 
 1171  11 
 1172  13 
 1173  16 
 1174  9 
 1175  16 
 1176  12 
 1177  8 
 1178  14 
 1179  12 
 1180  17 
 1181  13 
 1182  15 
 1183  14 
 1184  17 
 1185  17 
 1186  13 
 1187  9 
 1188  13 
 1189  11 
 1190  18 
 1191  14 
 1192  11 
 1193  20 
 1194  7 
 1195  17 
 1196  7 
 1197  11 
 1198  13 
 1199  16 
 1200  12 
 1201  16 
 1202  12 
 1203  12 
 1204  12 
 1205  10 
 1206  13 
 1207  10 
 1208  9 
 1209  16 
 1210  12 
 1211  10 
 1212  11 
 1213  12 
 1214  12 
 1215  16 
 1216  8 
 1217  16 
 1218  12 
 1219  16 
 1220  16 
 1221  14 
 1222  7 
 1223  12 
 1224  7 
 1225  11 
 1226  11 
 1227  7 
 1228  6 
 1229  9 
 1230  10 
 1231  11 
 1232  10 
 1233  16 
 1234  7 
 1235  16 
 1236  16 
 1237  11 
 1238  8 
 1239  12 
 1240  9 
 1241  6 
 1242  13 
 1243  7 
 1244  10 
 1245  9 
 1246  16 
 1247  8 
 1248  16 
 1249  17 
 1250  8 
 1251  16 
 1252  11 
 1253  16 
 1254  3 
 1255  13 
 1256  13 
 1257  13 
 1258  15 
 1259  12 
 1260  9 
 1261  17 
 1262  21 
 1263  15 
 1264  8 
 1265  17 
 1266  13 
 1267  9 
 1268  9 
 1269  12 
 1270  12 
 1271  14 
 1272  12 
 1273  18 
 1274  14 
 1275  7 
 1276  12 
 1277  9 
 1278  8 
 1279  5 
 1280  13 
 1281  11 
 1282  10 
 1283  12 
 1284  6 
 1285  5 
 1286  11 
 1287  15 
 1288  11 
 1289  7 
 1290  7 
 1291  19 
 1292  9 
 1293  6 
 1294  14 
 1295  9 
 1296  21 
 1297  11 
 1298  12 
 1299  8 
 1300  13 
 1301  7 
 1302  8 
 1303  9 
 1304  14 
 1305  12 
 1306  12 
 1307  13 
 1308  13 
 1309  7 
 1310  15 
 1311  4 
 1312  17 
 1313  11 
 1314  15 
 1315  15 
 1316  16 
 1317  12 
 1318  12 
 1319  13 
 1320  14 
 1321  6 
 1322  14 
 1323  6 
 1324  13 
 1325  7 
 1326  9 
 1327  8 
 1328  13 
 1329  12 
 1330  14 
 1331  11 
 1332  7 
 1333  14 
 1334  12 
 1335  9 
 1336  13 
 1337  17 
 1338  12 
 1339  14 
 1340  10 
 1341  11 
 1342  14 
 1343  11 
 1344  5 
 1345  10 
 1346  13 
 1347  14 
 1348  10 
 1349  10 
 1350  10 
 1351  9 
 1352  15 
 1353  12 
 1354  11 
 1355  10 
 1356  13 
 1357  11 
 1358  19 
 1359  11 
 1360  14 
 1361  6 
 1362  13 
 1363  5 
 1364  13 
 1365  13 
 1366  10 
 1367  7 
 1368  9 
 1369  11 
 1370  9 
 1371  8 
 1372  10 
 1373  8 
 1374  13 
 1375  18 
 1376  9 
 1377  6 
 1378  8 
 1379  15 
 1380  11 
 1381  10 
 1382  19 
 1383  14 
 1384  12 
 1385  11 
 1386  4 
 1387  10 
 1388  7 
 1389  12 
 1390  14 
 1391  14 
 1392  8 
 1393  8 
 1394  10 
 1395  10 
 1396  9 
 1397  8 
 1398  7 
 1399  5 
 1400  10 
 1401  17 
 1402  9 
 1403  9 
 1404  9 
 1405  10 
 1406  14 
 1407  11 
 1408  8 
 1409  8 
 1410  13 
 1411  13 
 1412  11 
 1413  9 
 1414  7 
 1415  6 
 1416  11 
 1417  10 
 1418  6 
 1419  9 
 1420  8 
 1421  6 
 1422  11 
 1423  15 
 1424  17 
 1425  11 
 1426  14 
 1427  13 
 1428  11 
 1429  16 
 1430  12 
 1431  11 
 1432  8 
 1433  13 
 1434  9 
 1435  13 
 1436  15 
 1437  7 
 1438  13 
 1439  16 
 1440  10 
 1441  13 
 1442  6 
 1443  10 
 1444  14 
 1445  10 
 1446  10 
 1447  7 
 1448  11 
 1449  11 
 1450  11 
 1451  11 
 1452  13 
 1453  13 
 1454  8 
 1455  8 
 1456  9 
 1457  17 
 1458  16 
 1459  15 
 1460  11 
 1461  8 
 1462  9 
 1463  14 
 1464  12 
 1465  13 
 1466  9 
 1467  6 
 1468  12 
 1469  11 
 1470  14 
 1471  6 
 1472  9 
 1473  8 
 1474  9 
 1475  10 
 1476  10 
 1477  20 
 1478  10 
 1479  5 
 1480  10 
 1481  9 
 1482  8 
 1483  13 
 1484  8 
 1485  12 
 1486  12 
 1487  12 
 1488  11 
 1489  13 
 1490  5 
 1491  10 
 1492  5 
 1493  10 
 1494  9 
 1495  13 
 1496  11 
 1497  9 
 1498  6 
 1499  14 
 1500  10 
 1501  10 
 1502  10 
 1503  11 
 1504  12 
 1505  7 
 1506  9 
 1507  11 
 1508  10 
 1509  9 
 1510  8 
 1511  12 
 1512  13 
 1513  12 
 1514  8 
 1515  9 
 1516  12 
 1517  8 
 1518  9 
 1519  10 
 1520  12 
 1521  19 
 1522  11 
 1523  10 
 1524  6 
 1525  10 
 1526  12 
 1527  2 
 1528  11 
 1529  7 
 1530  2 
 1531  6 
 1532  10 
 1533  6 
 1534  7 
 1535  4 
 1536  6 
 1537  15 
 1538  10 
 1539  11 
 1540  8 
 1541  8 
 1542  5 
 1543  12 
 1544  6 
 1545  4 
 1546  10 
 1547  6 
 1548  7 
 1549  3 
 1550  10 
 1551  9 
 1552  8 
 1553  9 
 1554  9 
 1555  10 
 1556  13 
 1557  8 
 1558  6 
 1559  14 
 1560  14 
 1561  6 
 1562  12 
 1563  12 
 1564  11 
 1565  13 
 1566  4 
 1567  8 
 1568  6 
 1569  19 
 1570  11 
 1571  8 
 1572  5 
 1573  4 
 1574  15 
 1575  6 
 1576  10 
 1577  12 
 1578  8 
 1579  10 
 1580  10 
 1581  9 
 1582  11 
 1583  8 
 1584  10 
 1585  12 
 1586  11 
 1587  10 
 1588  7 
 1589  4 
 1590  12 
 1591  8 
 1592  12 
 1593  10 
 1594  7 
 1595  9 
 1596  11 
 1597  5 
 1598  9 
 1599  13 
 1600  5 
 1601  16 
 1602  8 
 1603  8 
 1604  7 
 1605  10 
 1606  14 
 1607  14 
 1608  17 
 1609  7 
 1610  6 
 1611  16 
 1612  7 
 1613  13 
 1614  9 
 1615  10 
 1616  5 
 1617  7 
 1618  13 
 1619  10 
 1620  11 
 1621  11 
 1622  8 
 1623  13 
 1624  8 
 1625  17 
 1626  8 
 1627  6 
 1628  10 
 1629  15 
 1630  15 
 1631  12 
 1632  13 
 1633  5 
 1634  6 
 1635  7 
 1636  6 
 1637  3 
 1638  8 
 1639  11 
 1640  6 
 1641  9 
 1642  6 
 1643  5 
 1644  6 
 1645  10 
 1646  9 
 1647  4 
 1648  9 
 1649  10 
 1650  11 
 1651  5 
 1652  10 
 1653  8 
 1654  8 
 1655  10 
 1656  7 
 1657  10 
 1658  7 
 1659  14 
 1660  7 
 1661  12 
 1662  11 
 1663  15 
 1664  10 
 1665  11 
 1666  9 
 1667  6 
 1668  5 
 1669  10 
 1670  7 
 1671  11 
 1672  8 
 1673  12 
 1674  8 
 1675  11 
 1676  5 
 1677  12 
 1678  6 
 1679  5 
 1680  14 
 1681  9 
 1682  6 
 1683  10 
 1684  9 
 1685  15 
 1686  10 
 1687  10 
 1688  12 
 1689  4 
 1690  7 
 1691  6 
 1692  11 
 1693  11 
 1694  15 
 1695  9 
 1696  9 
 1697  15 
 1698  9 
 1699  11 
 1700  7 
 1701  11 
 1702  10 
 1703  8 
 1704  7 
 1705  11 
 1706  11 
 1707  4 
 1708  8 
 1709  8 
 1710  15 
 1711  7 
 1712  14 
 1713  7 
 1714  8 
 1715  6 
 1716  9 
 1717  10 
 1718  17 
 1719  9 
 1720  10 
 1721  10 
 1722  10 
 1723  11 
 1724  9 
 1725  8 
 1726  10 
 1727  15 
 1728  8 
 1729  7 
 1730  11 
 1731  3 
 1732  9 
 1733  10 
 1734  13 
 1735  6 
 1736  8 
 1737  9 
 1738  8 
 1739  8 
 1740  11 
 1741  3 
 1742  13 
 1743  4 
 1744  8 
 1745  7 
 1746  7 
 1747  10 
 1748  7 
 1749  9 
 1750  6 
 1751  12 
 1752  9 
 1753  6 
 1754  10 
 1755  8 
 1756  7 
 1757  11 
 1758  8 
 1759  5 
 1760  8 
 1761  6 
 1762  12 
 1763  4 
 1764  7 
 1765  7 
 1766  8 
 1767  11 
 1768  4 
 1769  7 
 1770  8 
 1771  6 
 1772  7 
 1773  8 
 1774  8 
 1775  11 
 1776  6 
 1777  7 
 1778  9 
 1779  6 
 1780  12 
 1781  5 
 1782  6 
 1783  6 
 1784  9 
 1785  11 
 1786  9 
 1787  5 
 1788  10 
 1789  11 
 1790  8 
 1791  9 
 1792  9 
 1793  16 
 1794  6 
 1795  7 
 1796  7 
 1797  8 
 1798  3 
 1799  6 
 1800  8 
 1801  9 
 1802  8 
 1803  6 
 1804  8 
 1805  10 
 1806  4 
 1807  9 
 1808  9 
 1809  8 
 1810  8 
 1811  14 
 1812  10 
 1813  8 
 1814  13 
 1815  8 
 1816  9 
 1817  10 
 1818  12 
 1819  9 
 1820  6 
 1821  5 
 1822  8 
 1823  6 
 1824  13 
 1825  7 
 1826  17 
 1827  4 
 1828  11 
 1829  6 
 1830  15 
 1831  6 
 1832  9 
 1833  9 
 1834  7 
 1835  5 
 1836  13 
 1837  8 
 1838  9 
 1839  8 
 1840  9 
 1841  5 
 1842  12 
 1843  8 
 1844  7 
 1845  9 
 1846  9 
 1847  6 
 1848  6 
 1849  16 
 1850  5 
 1851  7 
 1852  10 
 1853  8 
 1854  6 
 1855  5 
 1856  7 
 1857  9 
 1858  6 
 1859  7 
 1860  7 
 1861  3 
 1862  8 
 1863  3 
 1864  6 
 1865  7 
 1866  5 
 1867  12 
 1868  7 
 1869  6 
 1870  3 
 1871  6 
 1872  6 
 1873  6 
 1874  8 
 1875  8 
 1876  7 
 1877  5 
 1878  11 
 1879  12 
 1880  7 
 1881  9 
 1882  5 
 1883  7 
 1884  9 
 1885  7 
 1886  8 
 1887  8 
 1888  7 
 1889  11 
 1890  4 
 1891  12 
 1892  12 
 1893  7 
 1894  8 
 1895  15 
 1896  6 
 1897  4 
 1898  8 
 1899  5 
 1900  12 
 1901  8 
 1902  8 
 1903  11 
 1904  7 
 1905  5 
 1906  12 
 1907  4 
 1908  9 
 1909  9 
 1910  11 
 1911  8 
 1912  5 
 1913  7 
 1914  12 
 1915  8 
 1916  7 
 1917  7 
 1918  9 
 1919  7 
 1920  10 
 1921  10 
 1922  10 
 1923  3 
 1924  4 
 1925  6 
 1926  9 
 1927  9 
 1928  9 
 1929  7 
 1930  10 
 1931  10 
 1932  10 
 1933  8 
 1934  13 
 1935  7 
 1936  7 
 1937  10 
 1938  4 
 1939  12 
 1940  8 
 1941  6 
 1942  11 
 1943  5 
 1944  6 
 1945  6 
 1946  9 
 1947  10 
 1948  4 
 1949  9 
 1950  6 
 1951  10 
 1952  7 
 1953  4 
 1954  5 
 1955  7 
 1956  6 
 1957  7 
 1958  6 
 1959  11 
 1960  9 
 1961  3 
 1962  10 
 1963  6 
 1964  12 
 1965  5 
 1966  9 
 1967  4 
 1968  5 
 1969  4 
 1970  6 
 1971  9 
 1972  9 
 1973  3 
 1974  9 
 1975  9 
 1976  12 
 1977  3 
 1978  5 
 1979  5 
 1980  11 
 1981  8 
 1982  6 
 1983  7 
 1984  9 
 1985  11 
 1986  8 
 1987  7 
 1988  9 
 1989  5 
 1990  4 
 1991  7 
 1992  10 
 1993  10 
 1994  11 
 1995  12 
 1996  6 
 1997  12 
 1998  5 
 1999  12 
 2000  6 
 2001  4 
 2002  6 
 2003  10 
 2004  8 
 2005  8 
 2006  6 
 2007  8 
 2008  7 
 2009  4 
 2010  7 
 2011  8 
 2012  5 
 2013  11 
 2014  8 
 2015  8 
 2016  10 
 2017  5 
 2018  8 
 2019  5 
 2020  9 
 2021  5 
 2022  8 
 2023  5 
 2024  4 
 2025  8 
 2026  4 
 2027  10 
 2028  3 
 2029  4 
 2030  7 
 2031  7 
 2032  4 
 2033  11 
 2034  9 
 2035  8 
 2036  11 
 2037  9 
 2038  0 
 2039  3 
 2040  3 
 2041  8 
 2042  7 
 2043  5 
 2044  6 
 2045  11 
 2046  14 
 2047  11 
 2048  10 
 2049  5 
 2050  8 
 2051  5 
 2052  6 
 2053  11 
 2054  5 
 2055  10 
 2056  6 
 2057  9 
 2058  5 
 2059  7 
 2060  8 
 2061  4 
 2062  10 
 2063  9 
 2064  9 
 2065  7 
 2066  9 
 2067  7 
 2068  9 
 2069  7 
 2070  7 
 2071  10 
 2072  6 
 2073  8 
 2074  2 
 2075  12 
 2076  9 
 2077  4 
 2078  9 
 2079  10 
 2080  7 
 2081  8 
 2082  5 
 2083  9 
 2084  5 
 2085  10 
 2086  5 
 2087  10 
 2088  8 
 2089  3 
 2090  3 
 2091  5 
 2092  4 
 2093  7 
 2094  15 
 2095  4 
 2096  10 
 2097  5 
 2098  9 
 2099  10 
 2100  4 
 2101  5 
 2102  7 
 2103  6 
 2104  13 
 2105  15 
 2106  5 
 2107  9 
 2108  12 
 2109  6 
 2110  10 
 2111  7 
 2112  5 
 2113  5 
 2114  10 
 2115  8 
 2116  6 
 2117  6 
 2118  6 
 2119  10 
 2120  4 
 2121  8 
 2122  5 
 2123  3 
 2124  8 
 2125  8 
 2126  7 
 2127  7 
 2128  15 
 2129  13 
 2130  7 
 2131  4 
 2132  5 
 2133  11 
 2134  8 
 2135  8 
 2136  8 
 2137  11 
 2138  8 
 2139  9 
 2140  4 
 2141  6 
 2142  10 
 2143  5 
 2144  6 
 2145  4 
 2146  8 
 2147  8 
 2148  7 
 2149  6 
 2150  5 
 2151  10 
 2152  8 
 2153  5 
 2154  4 
 2155  10 
 2156  8 
 2157  8 
 2158  3 
 2159  6 
 2160  5 
 2161  12 
 2162  8 
 2163  4 
 2164  9 
 2165  6 
 2166  7 
 2167  8 
 2168  8 
 2169  10 
 2170  6 
 2171  7 
 2172  8 
 2173  8 
 2174  7 
 2175  9 
 2176  3 
 2177  5 
 2178  7 
 2179  8 
 2180  7 
 2181  5 
 2182  5 
 2183  2 
 2184  14 
 2185  14 
 2186  7 
 2187  7 
 2188  6 
 2189  7 
 2190  3 
 2191  6 
 2192  6 
 2193  5 
 2194  3 
 2195  11 
 2196  5 
 2197  8 
 2198  7 
 2199  6 
 2200  5 
 2201  6 
 2202  8 
 2203  7 
 2204  4 
 2205  7 
 2206  4 
 2207  6 
 2208  3 
 2209  8 
 2210  6 
 2211  4 
 2212  7 
 2213  6 
 2214  7 
 2215  7 
 2216  8 
 2217  4 
 2218  10 
 2219  10 
 2220  8 
 2221  5 
 2222  12 
 2223  5 
 2224  7 
 2225  7 
 2226  9 
 2227  10 
 2228  3 
 2229  9 
 2230  1 
 2231  7 
 2232  9 
 2233  6 
 2234  10 
 2235  5 
 2236  8 
 2237  7 
 2238  7 
 2239  6 
 2240  11 
 2241  11 
 2242  6 
 2243  6 
 2244  5 
 2245  4 
 2246  12 
 2247  7 
 2248  5 
 2249  4 
 2250  7 
 2251  9 
 2252  5 
 2253  8 
 2254  6 
 2255  6 
 2256  8 
 2257  8 
 2258  9 
 2259  5 
 2260  5 
 2261  6 
 2262  4 
 2263  8 
 2264  12 
 2265  3 
 2266  5 
 2267  7 
 2268  4 
 2269  7 
 2270  5 
 2271  3 
 2272  5 
 2273  10 
 2274  11 
 2275  1 
 2276  8 
 2277  6 
 2278  3 
 2279  7 
 2280  13 
 2281  9 
 2282  5 
 2283  5 
 2284  7 
 2285  12 
 2286  6 
 2287  8 
 2288  9 
 2289  10 
 2290  7 
 2291  11 
 2292  5 
 2293  6 
 2294  7 
 2295  10 
 2296  10 
 2297  6 
 2298  6 
 2299  7 
 2300  9 
 2301  15 
 2302  9 
 2303  8 
 2304  8 
 2305  4 
 2306  6 
 2307  10 
 2308  10 
 2309  11 
 2310  7 
 2311  8 
 2312  11 
 2313  9 
 2314  8 
 2315  10 
 2316  6 
 2317  8 
 2318  8 
 2319  14 
 2320  9 
 2321  5 
 2322  8 
 2323  12 
 2324  9 
 2325  12 
 2326  6 
 2327  6 
 2328  11 
 2329  8 
 2330  11 
 2331  10 
 2332  10 
 2333  5 
 2334  13 
 2335  11 
 2336  10 
 2337  10 
 2338  10 
 2339  13 
 2340  14 
 2341  14 
 2342  14 
 2343  10 
 2344  12 
 2345  10 
 2346  14 
 2347  15 
 2348  12 
 2349  10 
 2350  15 
 2351  14 
 2352  7 
 2353  11 
 2354  7 
 2355  12 
 2356  15 
 2357  10 
 2358  10 
 2359  12 
 2360  12 
 2361  16 
 2362  12 
 2363  10 
 2364  8 
 2365  10 
 2366  11 
 2367  9 
 2368  7 
 2369  11 
 2370  12 
 2371  11 
 2372  11 
 2373  7 
 2374  8 
 2375  12 
 2376  3 
 2377  14 
 2378  11 
 2379  8 
 2380  7 
 2381  10 
 2382  8 
 2383  2 
 2384  2 
 2385  5 
 2386  6 
 2387  10 
 2388  6 
 2389  10 
 2390  7 
 2391  7 
 2392  9 
 2393  10 
 2394  8 
 2395  7 
 2396  10 
 2397  9 
 2398  6 
 2399  8 
 2400  7 
 2401  6 
 2402  4 
 2403  7 
 2404  3 
 2405  8 
 2406  3 
 2407  5 
 2408  6 
 2409  5 
 2410  6 
 2411  6 
 2412  7 
 2413  9 
 2414  10 
 2415  6 
 2416  3 
 2417  11 
 2418  5 
 2419  11 
 2420  3 
 2421  8 
 2422  8 
 2423  9 
 2424  4 
 2425  4 
 2426  9 
 2427  7 
 2428  7 
 2429  6 
 2430  5 
 2431  6 
 2432  9 
 2433  5 
 2434  9 
 2435  6 
 2436  4 
 2437  7 
 2438  10 
 2439  3 
 2440  10 
 2441  9 
 2442  3 
 2443  4 
 2444  11 
 2445  5 
 2446  9 
 2447  6 
 2448  4 
 2449  11 
 2450  11 
 2451  8 
 2452  7 
 2453  11 
 2454  12 
 2455  7 
 2456  4 
 2457  9 
 2458  9 
 2459  19 
 2460  6 
 2461  6 
 2462  9 
 2463  6 
 2464  7 
 2465  8 
 2466  5 
 2467  6 
 2468  6 
 2469  6 
 2470  9 
 2471  7 
 2472  8 
 2473  8 
 2474  7 
 2475  9 
 2476  9 
 2477  8 
 2478  5 
 2479  6 
 2480  6 
 2481  6 
 2482  11 
 2483  4 
 2484  8 
 2485  11 
 2486  4 
 2487  12 
 2488  6 
 2489  4 
 2490  6 
 2491  9 
 2492  12 
 2493  11 
 2494  5 
 2495  6 
 2496  7 
 2497  7 
 2498  6 
 2499  6 
 2500  7 
 2501  4 
 2502  6 
 2503  1 
 2504  9 
 2505  6 
 2506  5 
 2507  6 
 2508  8 
 2509  9 
 2510  8 
 2511  9 
 2512  11 
 2513  5 
 2514  11 
 2515  7 
 2516  10 
 2517  6 
 2518  5 
 2519  10 
 2520  5 
 2521  9 
 2522  4 
 2523  16 
 2524  6 
 2525  6 
 2526  9 
 2527  8 
 2528  7 
 2529  7 
 2530  6 
 2531  7 
 2532  5 
 2533  6 
 2534  6 
 2535  5 
 2536  4 
 2537  11 
 2538  6 
 2539  13 
 2540  5 
 2541  5 
 2542  5 
 2543  7 
 2544  6 
 2545  10 
 2546  10 
 2547  9 
 2548  5 
 2549  9 
 2550  7 
 2551  10 
 2552  6 
 2553  6 
 2554  6 
 2555  6 
 2556  8 
 2557  5 
 2558  4 
 2559  7 
 2560  10 
 2561  5 
 2562  9 
 2563  5 
 2564  7 
 2565  9 
 2566  4 
 2567  6 
 2568  7 
 2569  5 
 2570  6 
 2571  9 
 2572  5 
 2573  9 
 2574  7 
 2575  10 
 2576  9 
 2577  7 
 2578  5 
 2579  6 
 2580  11 
 2581  9 
 2582  4 
 2583  4 
 2584  4 
 2585  6 
 2586  4 
 2587  10 
 2588  4 
 2589  15 
 2590  7 
 2591  7 
 2592  5 
 2593  2 
 2594  8 
 2595  6 
 2596  7 
 2597  6 
 2598  10 
 2599  4 
 2600  6 
 2601  8 
 2602  3 
 2603  5 
 2604  3 
 2605  7 
 2606  6 
 2607  5 
 2608  9 
 2609  8 
 2610  4 
 2611  9 
 2612  4 
 2613  6 
 2614  7 
 2615  9 
 2616  4 
 2617  12 
 2618  6 
 2619  7 
 2620  10 
 2621  6 
 2622  12 
 2623  6 
 2624  7 
 2625  11 
 2626  5 
 2627  6 
 2628  7 
 2629  9 
 2630  10 
 2631  6 
 2632  6 
 2633  6 
 2634  8 
 2635  2 
 2636  11 
 2637  3 
 2638  14 
 2639  5 
 2640  10 
 2641  9 
 2642  5 
 2643  7 
 2644  4 
 2645  5 
 2646  4 
 2647  9 
 2648  9 
 2649  10 
 2650  7 
 2651  9 
 2652  11 
 2653  10 
 2654  9 
 2655  5 
 2656  9 
 2657  7 
 2658  7 
 2659  8 
 2660  5 
 2661  6 
 2662  6 
 2663  4 
 2664  8 
 2665  9 
 2666  5 
 2667  7 
 2668  8 
 2669  3 
 2670  4 
 2671  4 
 2672  6 
 2673  8 
 2674  10 
 2675  7 
 2676  4 
 2677  11 
 2678  6 
 2679  8 
 2680  5 
 2681  5 
 2682  5 
 2683  6 
 2684  6 
 2685  5 
 2686  5 
 2687  8 
 2688  7 
 2689  4 
 2690  11 
 2691  5 
 2692  6 
 2693  12 
 2694  6 
 2695  4 
 2696  9 
 2697  7 
 2698  4 
 2699  7 
 2700  9 
 2701  10 
 2702  8 
 2703  1 
 2704  9 
 2705  7 
 2706  10 
 2707  6 
 2708  12 
 2709  5 
 2710  2 
 2711  5 
 2712  6 
 2713  5 
 2714  4 
 2715  7 
 2716  12 
 2717  8 
 2718  4 
 2719  4 
 2720  8 
 2721  7 
 2722  4 
 2723  6 
 2724  4 
 2725  4 
 2726  7 
 2727  6 
 2728  4 
 2729  1 
 2730  6 
 2731  7 
 2732  10 
 2733  10 
 2734  6 
 2735  11 
 2736  5 
 2737  4 
 2738  5 
 2739  8 
 2740  5 
 2741  7 
 2742  7 
 2743  4 
 2744  9 
 2745  5 
 2746  5 
 2747  8 
 2748  3 
 2749  6 
 2750  4 
 2751  7 
 2752  8 
 2753  9 
 2754  4 
 2755  4 
 2756  9 
 2757  7 
 2758  6 
 2759  4 
 2760  7 
 2761  7 
 2762  8 
 2763  6 
 2764  9 
 2765  7 
 2766  3 
 2767  4 
 2768  7 
 2769  6 
 2770  6 
 2771  6 
 2772  8 
 2773  6 
 2774  9 
 2775  10 
 2776  7 
 2777  10 
 2778  4 
 2779  9 
 2780  6 
 2781  3 
 2782  3 
 2783  9 
 2784  12 
 2785  9 
 2786  9 
 2787  4 
 2788  8 
 2789  7 
 2790  9 
 2791  12 
 2792  5 
 2793  4 
 2794  13 
 2795  10 
 2796  6 
 2797  6 
 2798  10 
 2799  5 
 2800  5 
 2801  4 
 2802  4 
 2803  9 
 2804  7 
 2805  9 
 2806  9 
 2807  11 
 2808  6 
 2809  13 
 2810  6 
 2811  10 
 2812  8 
 2813  11 
 2814  9 
 2815  4 
 2816  6 
 2817  7 
 2818  10 
 2819  6 
 2820  6 
 2821  6 
 2822  10 
 2823  4 
 2824  10 
 2825  5 
 2826  7 
 2827  11 
 2828  8 
 2829  8 
 2830  6 
 2831  6 
 2832  12 
 2833  14 
 2834  6 
 2835  10 
 2836  9 
 2837  10 
 2838  6 
 2839  6 
 2840  8 
 2841  6 
 2842  11 
 2843  8 
 2844  6 
 2845  9 
 2846  4 
 2847  5 
 2848  13 
 2849  6 
 2850  9 
 2851  6 
 2852  6 
 2853  3 
 2854  8 
 2855  4 
 2856  6 
 2857  7 
 2858  10 
 2859  8 
 2860  3 
 2861  11 
 2862  17 
 2863  10 
 2864  7 
 2865  5 
 2866  13 
 2867  7 
 2868  11 
 2869  7 
 2870  4 
 2871  11 
 2872  10 
 2873  8 
 2874  9 
 2875  8 
 2876  6 
 2877  11 
 2878  6 
 2879  6 
 2880  7 
 2881  3 
 2882  11 
 2883  9 
 2884  10 
 2885  10 
 2886  6 
 2887  9 
 2888  11 
 2889  7 
 2890  9 
 2891  13 
 2892  5 
 2893  11 
 2894  2 
 2895  9 
 2896  9 
 2897  9 
 2898  9 
 2899  11 
 2900  6 
 2901  12 
 2902  5 
 2903  8 
 2904  5 
 2905  10 
 2906  9 
 2907  10 
 2908  7 
 2909  11 
 2910  3 
 2911  10 
 2912  6 
 2913  11 
 2914  8 
 2915  9 
 2916  11 
 2917  7 
 2918  11 
 2919  11 
 2920  6 
 2921  8 
 2922  14 
 2923  7 
 2924  3 
 2925  8 
 2926  7 
 2927  12 
 2928  9 
 2929  6 
 2930  9 
 2931  9 
 2932  8 
 2933  11 
 2934  8 
 2935  10 
 2936  5 
 2937  3 
 2938  9 
 2939  8 
 2940  8 
 2941  6 
 2942  9 
 2943  5 
 2944  9 
 2945  5 
 2946  7 
 2947  15 
 2948  5 
 2949  12 
 2950  8 
 2951  4 
 2952  9 
 2953  10 
 2954  4 
 2955  6 
 2956  6 
 2957  4 
 2958  7 
 2959  6 
 2960  5 
 2961  2 
 2962  8 
 2963  7 
 2964  6 
 2965  8 
 2966  10 
 2967  7 
 2968  4 
 2969  10 
 2970  8 
 2971  6 
 2972  6 
 2973  9 
 2974  11 
 2975  10 
 2976  10 
 2977  10 
 2978  4 
 2979  3 
 2980  8 
 2981  7 
 2982  2 
 2983  5 
 2984  5 
 2985  9 
 2986  9 
 2987  14 
 2988  8 
 2989  10 
 2990  11 
 2991  14 
 2992  8 
 2993  8 
 2994  8 
 2995  8 
 2996  6 
 2997  10 
 2998  10 
 2999  6 
 3000  5 
 3001  11 
 3002  6 
 3003  14 
 3004  9 
 3005  11 
 3006  8 
 3007  12 
 3008  9 
 3009  8 
 3010  11 
 3011  6 
 3012  8 
 3013  10 
 3014  14 
 3015  12 
 3016  8 
 3017  11 
 3018  7 
 3019  10 
 3020  13 
 3021  9 
 3022  11 
 3023  4 
 3024  9 
 3025  5 
 3026  10 
 3027  7 
 3028  7 
 3029  5 
 3030  5 
 3031  6 
 3032  7 
 3033  10 
 3034  12 
 3035  6 
 3036  7 
 3037  9 
 3038  8 
 3039  7 
 3040  13 
 3041  5 
 3042  6 
 3043  10 
 3044  11 
 3045  10 
 3046  11 
 3047  8 
 3048  14 
 3049  5 
 3050  13 
 3051  8 
 3052  8 
 3053  8 
 3054  13 
 3055  12 
 3056  8 
 3057  7 
 3058  10 
 3059  15 
 3060  12 
 3061  11 
 3062  10 
 3063  13 
 3064  8 
 3065  9 
 3066  14 
 3067  6 
 3068  11 
 3069  12 
 3070  16 
 3071  7 
 3072  10 
 3073  11 
 3074  15 
 3075  17 
 3076  15 
 3077  10 
 3078  6 
 3079  12 
 3080  9 
 3081  14 
 3082  12 
 3083  8 
 3084  8 
 3085  10 
 3086  11 
 3087  14 
 3088  17 
 3089  21 
 3090  12 
 3091  20 
 3092  23 
 3093  15 
 3094  24 
 3095  14 
 3096  16 
 3097  18 
 3098  17 
 3099  20 
 3100  20 
 3101  13 
 3102  22 
 3103  19 
 3104  25 
 3105  18 
 3106  20 
 3107  29 
 3108  25 
 3109  26 
 3110  23 
 3111  22 
 3112  16 
 3113  29 
 3114  22 
 3115  29 
 3116  28 
 3117  35 
 3118  29 
 3119  14 
 3120  28 
 3121  27 
 3122  24 
 3123  33 
 3124  15 
 3125  29 
 3126  17 
 3127  19 
 3128  19 
 3129  21 
 3130  32 
 3131  22 
 3132  36 
 3133  26 
 3134  30 
 3135  29 
 3136  17 
 3137  26 
 3138  16 
 3139  27 
 3140  32 
 3141  24 
 3142  23 
 3143  17 
 3144  15 
 3145  15 
 3146  21 
 3147  11 
 3148  14 
 3149  21 
 3150  17 
 3151  22 
 3152  21 
 3153  33 
 3154  27 
 3155  20 
 3156  17 
 3157  28 
 3158  27 
 3159  31 
 3160  30 
 3161  26 
 3162  28 
 3163  26 
 3164  29 
 3165  21 
 3166  27 
 3167  29 
 3168  30 
 3169  27 
 3170  60 
 3171  37 
 3172  53 
 3173  52 
 3174  41 
 3175  51 
 3176  58 
 3177  56 
 3178  53 
 3179  47 
 3180  69 
 3181  72 
 3182  71 
 3183  58 
 3184  72 
 3185  64 
 3186  78 
 3187  84 
 3188  93 
 3189  76 
 3190  94 
 3191  86 
 3192  91 
 3193  123 
 3194  103 
 3195  101 
 3196  122 
 3197  121 
 3198  132 
 3199  126 
 3200  120 
 3201  137 
 3202  119 
 3203  124 
 3204  150 
 3205  141 
 3206  151 
 3207  185 
 3208  155 
 3209  159 
 3210  164 
 3211  165 
 3212  175 
 3213  180 
 3214  198 
 3215  176 
 3216  174 
 3217  189 
 3218  187 
 3219  174 
 3220  193 
 3221  161 
 3222  176 
 3223  164 
 3224  185 
 3225  181 
 3226  175 
 3227  165 
 3228  139 
 3229  155 
 3230  150 
 3231  149 
 3232  148 
 3233  128 
 3234  129 
 3235  135 
 3236  116 
 3237  117 
 3238  99 
 3239  102 
 3240  89 
 3241  83 
 3242  77 
 3243  74 
 3244  79 
 3245  66 
 3246  60 
 3247  64 
 3248  53 
 3249  52 
 3250  41 
 3251  42 
 3252  44 
 3253  34 
 3254  31 
 3255  36 
 3256  27 
 3257  25 
 3258  24 
 3259  18 
 3260  22 
 3261  15 
 3262  10 
 3263  15 
 3264  15 
 3265  15 
 3266  11 
 3267  15 
 3268  11 
 3269  10 
 3270  15 
 3271  17 
 3272  10 
 3273  12 
 3274  11 
 3275  12 
 3276  19 
 3277  15 
 3278  18 
 3279  15 
 3280  11 
 3281  8 
 3282  10 
 3283  13 
 3284  14 
 3285  12 
 3286  11 
 3287  6 
 3288  14 
 3289  12 
 3290  14 
 3291  12 
 3292  12 
 3293  12 
 3294  12 
 3295  15 
 3296  16 
 3297  7 
 3298  12 
 3299  12 
 3300  14 
 3301  14 
 3302  12 
 3303  18 
 3304  9 
 3305  15 
 3306  14 
 3307  12 
 3308  14 
 3309  11 
 3310  11 
 3311  13 
 3312  18 
 3313  16 
 3314  11 
 3315  16 
 3316  12 
 3317  11 
 3318  15 
 3319  17 
 3320  16 
 3321  17 
 3322  11 
 3323  14 
 3324  12 
 3325  21 
 3326  12 
 3327  8 
 3328  8 
 3329  14 
 3330  5 
 3331  16 
 3332  9 
 3333  18 
 3334  19 
 3335  15 
 3336  9 
 3337  17 
 3338  12 
 3339  12 
 3340  12 
 3341  18 
 3342  12 
 3343  4 
 3344  16 
 3345  12 
 3346  6 
 3347  15 
 3348  22 
 3349  12 
 3350  16 
 3351  19 
 3352  13 
 3353  9 
 3354  9 
 3355  14 
 3356  16 
 3357  10 
 3358  17 
 3359  9 
 3360  14 
 3361  11 
 3362  13 
 3363  19 
 3364  10 
 3365  7 
 3366  14 
 3367  13 
 3368  17 
 3369  6 
 3370  11 
 3371  15 
 3372  7 
 3373  8 
 3374  11 
 3375  15 
 3376  9 
 3377  17 
 3378  13 
 3379  9 
 3380  16 
 3381  8 
 3382  15 
 3383  22 
 3384  17 
 3385  24 
 3386  12 
 3387  22 
 3388  26 
 3389  8 
 3390  16 
 3391  13 
 3392  10 
 3393  25 
 3394  16 
 3395  18 
 3396  22 
 3397  14 
 3398  12 
 3399  15 
 3400  18 
 3401  23 
 3402  19 
 3403  24 
 3404  21 
 3405  19 
 3406  12 
 3407  19 
 3408  18 
 3409  22 
 3410  11 
 3411  21 
 3412  24 
 3413  21 
 3414  20 
 3415  28 
 3416  35 
 3417  25 
 3418  15 
 3419  29 
 3420  18 
 3421  26 
 3422  37 
 3423  24 
 3424  32 
 3425  40 
 3426  34 
 3427  35 
 3428  30 
 3429  44 
 3430  43 
 3431  45 
 3432  57 
 3433  47 
 3434  44 
 3435  51 
 3436  62 
 3437  70 
 3438  75 
 3439  72 
 3440  58 
 3441  71 
 3442  74 
 3443  81 
 3444  105 
 3445  105 
 3446  119 
 3447  106 
 3448  111 
 3449  133 
 3450  125 
 3451  138 
 3452  166 
 3453  152 
 3454  186 
 3455  191 
 3456  191 
 3457  220 
 3458  228 
 3459  281 
 3460  278 
 3461  317 
 3462  346 
 3463  341 
 3464  378 
 3465  423 
 3466  481 
 3467  466 
 3468  551 
 3469  556 
 3470  644 
 3471  684 
 3472  734 
 3473  824 
 3474  901 
 3475  988 
 3476  1004 
 3477  1074 
 3478  1196 
 3479  1341 
 3480  1355 
 3481  1570 
 3482  1588 
 3483  1569 
 3484  1713 
 3485  1849 
 3486  1939 
 3487  2014 
 3488  2190 
 3489  2255 
 3490  2189 
 3491  2248 
 3492  2211 
 3493  2395 
 3494  2444 
 3495  2479 
 3496  2444 
 3497  2325 
 3498  2429 
 3499  2333 
 3500  2313 
 3501  2239 
 3502  2184 
 3503  2115 
 3504  2094 
 3505  1915 
 3506  1798 
 3507  1719 
 3508  1625 
 3509  1564 
 3510  1433 
 3511  1278 
 3512  1236 
 3513  1220 
 3514  938 
 3515  940 
 3516  820 
 3517  768 
 3518  685 
 3519  599 
 3520  569 
 3521  486 
 3522  456 
 3523  338 
 3524  291 
 3525  272 
 3526  248 
 3527  233 
 3528  168 
 3529  154 
 3530  126 
 3531  118 
 3532  109 
 3533  85 
 3534  82 
 3535  72 
 3536  69 
 3537  57 
 3538  51 
 3539  47 
 3540  45 
 3541  37 
 3542  49 
 3543  37 
 3544  43 
 3545  40 
 3546  31 
 3547  33 
 3548  38 
 3549  20 
 3550  37 
 3551  29 
 3552  36 
 3553  35 
 3554  35 
 3555  39 
 3556  33 
 3557  43 
 3558  42 
 3559  37 
 3560  46 
 3561  38 
 3562  33 
 3563  44 
 3564  35 
 3565  41 
 3566  40 
 3567  46 
 3568  50 
 3569  55 
 3570  60 
 3571  58 
 3572  50 
 3573  64 
 3574  58 
 3575  61 
 3576  78 
 3577  71 
 3578  78 
 3579  86 
 3580  90 
 3581  79 
 3582  81 
 3583  95 
 3584  87 
 3585  102 
 3586  126 
 3587  112 
 3588  104 
 3589  120 
 3590  102 
 3591  109 
 3592  126 
 3593  110 
 3594  98 
 3595  102 
 3596  106 
 3597  102 
 3598  97 
 3599  108 
 3600  86 
 3601  85 
 3602  87 
 3603  90 
 3604  73 
 3605  69 
 3606  58 
 3607  71 
 3608  81 
 3609  59 
 3610  55 
 3611  38 
 3612  40 
 3613  35 
 3614  25 
 3615  26 
 3616  32 
 3617  36 
 3618  20 
 3619  13 
 3620  20 
 3621  27 
 3622  15 
 3623  26 
 3624  15 
 3625  24 
 3626  19 
 3627  16 
 3628  20 
 3629  19 
 3630  21 
 3631  13 
 3632  17 
 3633  14 
 3634  18 
 3635  8 
 3636  19 
 3637  16 
 3638  12 
 3639  17 
 3640  25 
 3641  18 
 3642  20 
 3643  9 
 3644  26 
 3645  19 
 3646  23 
 3647  27 
 3648  25 
 3649  16 
 3650  24 
 3651  13 
 3652  24 
 3653  27 
 3654  29 
 3655  22 
 3656  32 
 3657  21 
 3658  27 
 3659  26 
 3660  35 
 3661  41 
 3662  40 
 3663  40 
 3664  41 
 3665  40 
 3666  45 
 3667  44 
 3668  43 
 3669  35 
 3670  57 
 3671  45 
 3672  46 
 3673  62 
 3674  54 
 3675  53 
 3676  68 
 3677  64 
 3678  61 
 3679  78 
 3680  61 
 3681  87 
 3682  98 
 3683  81 
 3684  89 
 3685  94 
 3686  108 
 3687  103 
 3688  102 
 3689  123 
 3690  117 
 3691  147 
 3692  124 
 3693  142 
 3694  146 
 3695  156 
 3696  158 
 3697  166 
 3698  196 
 3699  182 
 3700  206 
 3701  223 
 3702  226 
 3703  253 
 3704  238 
 3705  289 
 3706  278 
 3707  307 
 3708  331 
 3709  315 
 3710  376 
 3711  341 
 3712  407 
 3713  420 
 3714  472 
 3715  492 
 3716  487 
 3717  542 
 3718  573 
 3719  563 
 3720  530 
 3721  578 
 3722  592 
 3723  660 
 3724  641 
 3725  672 
 3726  689 
 3727  769 
 3728  721 
 3729  775 
 3730  837 
 3731  814 
 3732  834 
 3733  879 
 3734  950 
 3735  919 
 3736  913 
 3737  959 
 3738  974 
 3739  904 
 3740  975 
 3741  944 
 3742  932 
 3743  989 
 3744  1043 
 3745  975 
 3746  975 
 3747  936 
 3748  895 
 3749  901 
 3750  900 
 3751  928 
 3752  882 
 3753  846 
 3754  820 
 3755  783 
 3756  758 
 3757  732 
 3758  703 
 3759  651 
 3760  579 
 3761  615 
 3762  521 
 3763  501 
 3764  431 
 3765  412 
 3766  413 
 3767  391 
 3768  354 
 3769  342 
 3770  319 
 3771  275 
 3772  256 
 3773  229 
 3774  187 
 3775  186 
 3776  149 
 3777  121 
 3778  112 
 3779  96 
 3780  93 
 3781  89 
 3782  78 
 3783  51 
 3784  55 
 3785  34 
 3786  57 
 3787  50 
 3788  45 
 3789  31 
 3790  23 
 3791  47 
 3792  36 
 3793  23 
 3794  31 
 3795  24 
 3796  25 
 3797  35 
 3798  36 
 3799  35 
 3800  34 
 3801  39 
 3802  47 
 3803  44 
 3804  44 
 3805  52 
 3806  53 
 3807  51 
 3808  51 
 3809  67 
 3810  78 
 3811  60 
 3812  88 
 3813  91 
 3814  81 
 3815  96 
 3816  111 
 3817  106 
 3818  95 
 3819  105 
 3820  119 
 3821  123 
 3822  102 
 3823  98 
 3824  109 
 3825  109 
 3826  128 
 3827  118 
 3828  110 
 3829  124 
 3830  113 
 3831  105 
 3832  94 
 3833  96 
 3834  82 
 3835  95 
 3836  77 
 3837  76 
 3838  80 
 3839  56 
 3840  66 
 3841  54 
 3842  53 
 3843  48 
 3844  36 
 3845  28 
 3846  25 
 3847  37 
 3848  25 
 3849  22 
 3850  30 
 3851  22 
 3852  26 
 3853  26 
 3854  30 
 3855  20 
 3856  22 
 3857  26 
 3858  15 
 3859  19 
 3860  18 
 3861  25 
 3862  15 
 3863  8 
 3864  30 
 3865  17 
 3866  18 
 3867  19 
 3868  20 
 3869  13 
 3870  13 
 3871  12 
 3872  21 
 3873  13 
 3874  14 
 3875  12 
 3876  14 
 3877  8 
 3878  6 
 3879  14 
 3880  10 
 3881  16 
 3882  15 
 3883  10 
 3884  8 
 3885  8 
 3886  10 
 3887  11 
 3888  5 
 3889  4 
 3890  6 
 3891  7 
 3892  3 
 3893  4 
 3894  6 
 3895  4 
 3896  6 
 3897  1 
 3898  2 
 3899  2 
 3900  0 
 3901  0 
 3902  3 
 3903  1 
 3904  2 
 3905  3 
 3906  1 
 3907  0 
 3908  0 
 3909  1 
 3910  1 
 3911  0 
 3912  0 
 3913  2 
 3914  3 
 3915  0 
 3916  2 
 3917  1 
 3918  0 
 3919  1 
 3920  1 
 3921  1 
 3922  1 
 3923  1 
 3924  0 
 3925  1 
 3926  0 
 3927  1 
 3928  0 
 3929  0 
 3930  0 
 3931  1 
 3932  1 
 3933  1 
 3934  1 
 3935  1 
 3936  0 
 3937  0 
 3938  0 
 3939  0 
 3940  0 
 3941  0 
 3942  0 
 3943  0 
 3944  2 
 3945  1 
 3946  0 
 3947  1 
 3948  0 
 3949  0 
 3950  0 
 3951  1 
 3952  0 
 3953  0 
 3954  2 
 3955  0 
 3956  0 
 3957  0 
 3958  1 
 3959  0 
 3960  1 
 3961  0 
 3962  0 
 3963  0 
 3964  0 
 3965  0 
 3966  0 
 3967  0 
 3968  0 
 3969  0 
 3970  0 
 3971  1 
 3972  0 
 3973  0 
 3974  0 
 3975  0 
 3976  1 
 3977  0 
 3978  0 
 3979  0 
 3980  0 
 3981  0 
 3982  0 
 3983  0 
 3984  0 
 3985  0 
 3986  0 
 3987  0 
 3988  0 
 3989  2 
 3990  0 
 3991  1 
 3992  0 
 3993  0 
 3994  0 
 3995  0 
 3996  0 
 3997  0 
 3998  2 
 3999  0 
 4000  0 
 4001  0 
 4002  1 
 4003  0 
 4004  0 
 4005  0 
 4006  0 
 4007  1 
 4008  1 
 4009  0 
 4010  1 
 4011  0 
 4012  0 
 4013  0 
 4014  1 
 4015  1 
 4016  0 
 4017  0 
 4018  0 
 4019  0 
 4020  0 
 4021  1 
 4022  0 
 4023  1 
 4024  0 
 4025  0 
 4026  0 
 4027  0 
 4028  1 
 4029  0 
 4030  0 
 4031  0 
 4032  0 
 4033  0 
 4034  0 
 4035  0 
 4036  0 
 4037  0 
 4038  0 
 4039  1 
 4040  0 
 4041  0 
 4042  0 
 4043  0 
 4044  0 
 4045  0 
 4046  0 
 4047  0 
 4048  1 
 4049  0 
 4050  0 
 4051  0 
 4052  0 
 4053  0 
 4054  0 
 4055  0 
 4056  0 
 4057  0 
 4058  0 
 4059  0 
 4060  0 
 4061  0 
 4062  1 
 4063  1 
 4064  0 
 4065  0 
 4066  0 
 4067  0 
 4068  0 
 4069  0 
 4070  0 
 4071  1 
 4072  0 
 4073  0 
 4074  0 
 4075  0 
 4076  0 
 4077  0 
 4078  0 
 4079  0 
 4080  1 
 4081  0 
 4082  0 
 4083  0 
 4084  0 
 4085  0 
 4086  0 
 4087  0 
 4088  0 
 4089  0 
 4090  1 
 4091  1 
 4092  1 
 4093  1 
 4094  0 
 4095  0 
 4096  0 
 4097  1 
 4098  0 
 4099  0 
 4100  1 
 4101  0 
 4102  0 
 4103  0 
 4104  0 
 4105  0 
 4106  0 
 4107  0 
 4108  0 
 4109  0 
 4110  0 
 4111  0 
 4112  0 
 4113  0 
 4114  0 
 4115  0 
 4116  1 
 4117  0 
 4118  0 
 4119  0 
 4120  1 
 4121  1 
 4122  0 
 4123  0 
 4124  0 
 4125  1 
 4126  0 
 4127  0 
 4128  0 
 4129  0 
 4130  1 
 4131  0 
 4132  0 
 4133  0 
 4134  0 
 4135  0 
 4136  0 
 4137  0 
 4138  0 
 4139  0 
 4140  0 
 4141  0 
 4142  0 
 4143  0 
 4144  0 
 4145  0 
 4146  1 
 4147  0 
 4148  0 
 4149  0 
 4150  0 
 4151  0 
 4152  0 
 4153  2 
 4154  0 
 4155  1 
 4156  0 
 4157  0 
 4158  0 
 4159  0 
 4160  0 
 4161  0 
 4162  0 
 4163  0 
 4164  1 
 4165  0 
 4166  0 
 4167  0 
 4168  0 
 4169  1 
 4170  0 
 4171  0 
 4172  0 
 4173  0 
 4174  0 
 4175  0 
 4176  0 
 4177  0 
 4178  2 
 4179  0 
 4180  0 
 4181  0 
 4182  0 
 4183  0 
 4184  1 
 4185  0 
 4186  0 
 4187  0 
 4188  0 
 4189  0 
 4190  0 
 4191  2 
 4192  0 
 4193  0 
 4194  0 
 4195  0 
 4196  1 
 4197  0 
 4198  0 
 4199  0 
 4200  1 
 4201  1 
 4202  0 
 4203  0 
 4204  0 
 4205  0 
 4206  0 
 4207  0 
 4208  0 
 4209  0 
 4210  0 
 4211  0 
 4212  0 
 4213  0 
 4214  0 
 4215  0 
 4216  0 
 4217  1 
 4218  1 
 4219  0 
 4220  0 
 4221  0 
 4222  0 
 4223  0 
 4224  0 
 4225  1 
 4226  1 
 4227  0 
 4228  1 
 4229  0 
 4230  0 
 4231  1 
 4232  0 
 4233  0 
 4234  0 
 4235  1 
 4236  1 
 4237  0 
 4238  0 
 4239  1 
 4240  0 
 4241  0 
 4242  0 
 4243  0 
 4244  0 
 4245  0 
 4246  0 
 4247  0 
 4248  0 
 4249  0 
 4250  1 
 4251  1 
 4252  0 
 4253  0 
 4254  0 
 4255  1 
 4256  0 
 4257  0 
 4258  0 
 4259  0 
 4260  1 
 4261  2 
 4262  0 
 4263  1 
 4264  2 
 4265  0 
 4266  2 
 4267  0 
 4268  1 
 4269  0 
 4270  0 
 4271  0 
 4272  0 
 4273  0 
 4274  0 
 4275  0 
 4276  0 
 4277  0 
 4278  1 
 4279  0 
 4280  0 
 4281  0 
 4282  0 
 4283  0 
 4284  0 
 4285  0 
 4286  0 
 4287  0 
 4288  0 
 4289  0 
 4290  2 
 4291  0 
 4292  0 
 4293  0 
 4294  0 
 4295  0 
 4296  0 
 4297  0 
 4298  0 
 4299  0 
 4300  0 
 4301  1 
 4302  0 
 4303  0 
 4304  0 
 4305  0 
 4306  0 
 4307  0 
 4308  0 
 4309  0 
 4310  0 
 4311  0 
 4312  0 
 4313  1 
 4314  0 
 4315  0 
 4316  0 
 4317  0 
 4318  0 
 4319  1 
 4320  0 
 4321  1 
 4322  0 
 4323  0 
 4324  0 
 4325  0 
 4326  0 
 4327  0 
 4328  0 
 4329  0 
 4330  0 
 4331  0 
 4332  0 
 4333  0 
 4334  1 
 4335  0 
 4336  0 
 4337  1 
 4338  0 
 4339  0 
 4340  0 
 4341  0 
 4342  0 
 4343  0 
 4344  0 
 4345  1 
 4346  0 
 4347  0 
 4348  0 
 4349  0 
 4350  0 
 4351  0 
 4352  0 
 4353  0 
 4354  0 
 4355  0 
 4356  0 
 4357  0 
 4358  0 
 4359  1 
 4360  0 
 4361  1 
 4362  0 
 4363  0 
 4364  0 
 4365  0 
 4366  0 
 4367  0 
 4368  0 
 4369  0 
 4370  0 
 4371  0 
 4372  0 
 4373  0 
 4374  1 
 4375  0 
 4376  0 
 4377  0 
 4378  0 
 4379  0 
 4380  0 
 4381  0 
 4382  0 
 4383  0 
 4384  0 
 4385  0 
 4386  0 
 4387  0 
 4388  0 
 4389  0 
 4390  0 
 4391  0 
 4392  0 
 4393  0 
 4394  0 
 4395  0 
 4396  0 
 4397  0 
 4398  0 
 4399  0 
 4400  0 
 4401  0 
 4402  0 
 4403  1 
 4404  0 
 4405  0 
 4406  0 
 4407  0 
 4408  0 
 4409  1 
 4410  0 
 4411  0 
 4412  0 
 4413  1 
 4414  0 
 4415  0 
 4416  0 
 4417  1 
 4418  0 
 4419  2 
 4420  0 
 4421  0 
 4422  0 
 4423  1 
 4424  0 
 4425  0 
 4426  0 
 4427  0 
 4428  0 
 4429  0 
 4430  2 
 4431  0 
 4432  0 
 4433  0 
 4434  0 
 4435  0 
 4436  0 
 4437  0 
 4438  1 
 4439  0 
 4440  0 
 4441  0 
 4442  0 
 4443  0 
 4444  0 
 4445  0 
 4446  0 
 4447  0 
 4448  1 
 4449  0 
 4450  0 
 4451  1 
 4452  0 
 4453  0 
 4454  0 
 4455  1 
 4456  0 
 4457  0 
 4458  0 
 4459  0 
 4460  0 
 4461  0 
 4462  0 
 4463  0 
 4464  0 
 4465  0 
 4466  0 
 4467  0 
 4468  0 
 4469  0 
 4470  0 
 4471  0 
 4472  0 
 4473  0 
 4474  0 
 4475  0 
 4476  0 
 4477  0 
 4478  0 
 4479  0 
 4480  0 
 4481  0 
 4482  0 
 4483  0 
 4484  0 
 4485  0 
 4486  0 
 4487  0 
 4488  0 
 4489  0 
 4490  0 
 4491  0 
 4492  0 
 4493  0 
 4494  0 
 4495  0 
 4496  0 
 4497  0 
 4498  0 
 4499  0 
 4500  0 
 4501  0 
 4502  0 
 4503  0 
 4504  1 
 4505  0 
 4506  0 
 4507  1 
 4508  0 
 4509  0 
 4510  0 
 4511  0 
 4512  0 
 4513  0 
 4514  0 
 4515  0 
 4516  0 
 4517  1 
 4518  0 
 4519  0 
 4520  0 
 4521  1 
 4522  0 
 4523  0 
 4524  0 
 4525  0 
 4526  0 
 4527  0 
 4528  0 
 4529  0 
 4530  0 
 4531  0 
 4532  0 
 4533  0 
 4534  0 
 4535  0 
 4536  0 
 4537  0 
 4538  0 
 4539  0 
 4540  0 
 4541  0 
 4542  1 
 4543  0 
 4544  0 
 4545  0 
 4546  0 
 4547  0 
 4548  0 
 4549  0 
 4550  0 
 4551  1 
 4552  0 
 4553  0 
 4554  0 
 4555  0 
 4556  0 
 4557  1 
 4558  0 
 4559  0 
 4560  0 
 4561  0 
 4562  0 
 4563  0 
 4564  1 
 4565  0 
 4566  0 
 4567  0 
 4568  0 
 4569  0 
 4570  0 
 4571  0 
 4572  0 
 4573  0 
 4574  0 
 4575  0 
 4576  0 
 4577  0 
 4578  0 
 4579  0 
 4580  1 
 4581  0 
 4582  0 
 4583  0 
 4584  0 
 4585  0 
 4586  0 
 4587  0 
 4588  0 
 4589  0 
 4590  0 
 4591  0 
 4592  0 
 4593  0 
 4594  0 
 4595  0 
 4596  0 
 4597  0 
 4598  0 
 4599  0 
 4600  0 
 4601  0 
 4602  0 
 4603  1 
 4604  0 
 4605  0 
 4606  0 
 4607  0 
 4608  0 
 4609  0 
 4610  0 
 4611  1 
 4612  1 
 4613  0 
 4614  0 
 4615  0 
 4616  0 
 4617  0 
 4618  1 
 4619  0 
 4620  0 
 4621  0 
 4622  0 
 4623  0 
 4624  0 
 4625  0 
 4626  0 
 4627  0 
 4628  0 
 4629  0 
 4630  0 
 4631  0 
 4632  0 
 4633  0 
 4634  1 
 4635  0 
 4636  0 
 4637  0 
 4638  0 
 4639  0 
 4640  0 
 4641  0 
 4642  0 
 4643  0 
 4644  0 
 4645  0 
 4646  0 
 4647  0 
 4648  0 
 4649  0 
 4650  0 
 4651  0 
 4652  0 
 4653  0 
 4654  0 
 4655  0 
 4656  0 
 4657  0 
 4658  0 
 4659  0 
 4660  0 
 4661  0 
 4662  0 
 4663  0 
 4664  0 
 4665  0 
 4666  0 
 4667  0 
 4668  1 
 4669  0 
 4670  0 
 4671  0 
 4672  0 
 4673  0 
 4674  0 
 4675  0 
 4676  0 
 4677  0 
 4678  0 
 4679  0 
 4680  0 
 4681  0 
 4682  0 
 4683  0 
 4684  0 
 4685  0 
 4686  0 
 4687  1 
 4688  0 
 4689  0 
 4690  0 
 4691  0 
 4692  0 
 4693  0 
 4694  0 
 4695  0 
 4696  0 
 4697  1 
 4698  0 
 4699  0 
 4700  0 
 4701  1 
 4702  0 
 4703  1 
 4704  0 
 4705  0 
 4706  0 
 4707  0 
 4708  0 
 4709  0 
 4710  0 
 4711  2 
 4712  0 
 4713  0 
 4714  0 
 4715  0 
 4716  0 
 4717  0 
 4718  0 
 4719  0 
 4720  0 
 4721  0 
 4722  0 
 4723  0 
 4724  0 
 4725  0 
 4726  1 
 4727  0 
 4728  0 
 4729  0 
 4730  0 
 4731  0 
 4732  0 
 4733  0 
 4734  0 
 4735  0 
 4736  0 
 4737  0 
 4738  0 
 4739  1 
 4740  0 
 4741  0 
 4742  0 
 4743  0 
 4744  0 
 4745  0 
 4746  0 
 4747  0 
 4748  0 
 4749  0 
 4750  0 
 4751  0 
 4752  1 
 4753  0 
 4754  0 
 4755  0 
 4756  0 
 4757  1 
 4758  1 
 4759  0 
 4760  0 
 4761  0 
 4762  0 
 4763  0 
 4764  0 
 4765  0 
 4766  0 
 4767  0 
 4768  0 
 4769  0 
 4770  0 
 4771  1 
 4772  0 
 4773  0 
 4774  0 
 4775  0 
 4776  0 
 4777  0 
 4778  0 
 4779  0 
 4780  0 
 4781  1 
 4782  0 
 4783  0 
 4784  1 
 4785  0 
 4786  0 
 4787  0 
 4788  0 
 4789  0 
 4790  0 
 4791  1 
 4792  0 
 4793  1 
 4794  0 
 4795  0 
 4796  0 
 4797  0 
 4798  0 
 4799  0 
 4800  0 
 4801  0 
 4802  0 
 4803  0 
 4804  0 
 4805  0 
 4806  0 
 4807  1 
 4808  0 
 4809  0 
 4810  0 
 4811  0 
 4812  0 
 4813  0 
 4814  0 
 4815  0 
 4816  1 
 4817  0 
 4818  0 
 4819  0 
 4820  0 
 4821  0 
 4822  0 
 4823  0 
 4824  0 
 4825  1 
 4826  0 
 4827  0 
 4828  0 
 4829  0 
 4830  0 
 4831  0 
 4832  0 
 4833  0 
 4834  0 
 4835  0 
 4836  0 
 4837  0 
 4838  0 
 4839  1 
 4840  0 
 4841  0 
 4842  0 
 4843  0 
 4844  0 
 4845  0 
 4846  0 
 4847  0 
 4848  0 
 4849  0 
 4850  0 
 4851  0 
 4852  0 
 4853  0 
 4854  0 
 4855  0 
 4856  0 
 4857  0 
 4858  0 
 4859  0 
 4860  0 
 4861  0 
 4862  0 
 4863  0 
 4864  0 
 4865  0 
 4866  0 
 4867  0 
 4868  1 
 4869  0 
 4870  1 
 4871  0 
 4872  0 
 4873  0 
 4874  0 
 4875  0 
 4876  0 
 4877  0 
 4878  0 
 4879  1 
 4880  0 
 4881  0 
 4882  0 
 4883  0 
 4884  1 
 4885  0 
 4886  0 
 4887  0 
 4888  0 
 4889  0 
 4890  0 
 4891  0 
 4892  0 
 4893  0 
 4894  0 
 4895  0 
 4896  0 
 4897  1 
 4898  0 
 4899  0 
 4900  0 
 4901  0 
 4902  0 
 4903  1 
 4904  0 
 4905  0 
 4906  0 
 4907  0 
 4908  0 
 4909  0 
 4910  0 
 4911  0 
 4912  0 
 4913  0 
 4914  0 
 4915  0 
 4916  1 
 4917  0 
 4918  1 
 4919  0 
 4920  0 
 4921  0 
 4922  0 
 4923  0 
 4924  1 
 4925  0 
 4926  0 
 4927  0 
 4928  0 
 4929  0 
 4930  0 
 4931  0 
 4932  1 
 4933  0 
 4934  0 
 4935  0 
 4936  0 
 4937  0 
 4938  0 
 4939  0 
 4940  0 
 4941  1 
 4942  0 
 4943  0 
 4944  0 
 4945  0 
 4946  1 
 4947  0 
 4948  0 
 4949  1 
 4950  0 
 4951  0 
 4952  0 
 4953  0 
 4954  0 
 4955  0 
 4956  0 
 4957  0 
 4958  0 
 4959  0 
 4960  1 
 4961  0 
 4962  0 
 4963  0 
 4964  0 
 4965  0 
 4966  0 
 4967  0 
 4968  0 
 4969  0 
 4970  0 
 4971  0 
 4972  0 
 4973  0 
 4974  0 
 4975  0 
 4976  0 
 4977  0 
 4978  0 
 4979  0 
 4980  0 
 4981  0 
 4982  0 
 4983  0 
 4984  0 
 4985  0 
 4986  0 
 4987  0 
 4988  0 
 4989  0 
 4990  0 
 4991  0 
 4992  0 
 4993  0 
 4994  0 
 4995  0 
 4996  0 
 4997  0 
 4998  0 
 4999  0 
 5000  0 
 5001  0 
 5002  0 
 5003  0 
 5004  0 
 5005  1 
 5006  0 
 5007  0 
 5008  0 
 5009  1 
 5010  0 
 5011  0 
 5012  0 
 5013  1 
 5014  0 
 5015  1 
 5016  0 
 5017  0 
 5018  0 
 5019  0 
 5020  0 
 5021  0 
 5022  1 
 5023  0 
 5024  0 
 5025  0 
 5026  0 
 5027  0 
 5028  0 
 5029  0 
 5030  1 
 5031  0 
 5032  0 
 5033  0 
 5034  0 
 5035  0 
 5036  0 
 5037  0 
 5038  0 
 5039  0 
 5040  0 
 5041  0 
 5042  0 
 5043  0 
 5044  0 
 5045  0 
 5046  0 
 5047  0 
 5048  0 
 5049  0 
 5050  0 
 5051  0 
 5052  0 
 5053  0 
 5054  0 
 5055  0 
 5056  0 
 5057  0 
 5058  0 
 5059  0 
 5060  1 
 5061  0 
 5062  0 
 5063  0 
 5064  1 
 5065  0 
 5066  0 
 5067  0 
 5068  0 
 5069  0 
 5070  0 
 5071  0 
 5072  0 
 5073  0 
 5074  0 
 5075  0 
 5076  0 
 5077  0 
 5078  0 
 5079  0 
 5080  0 
 5081  2 
 5082  0 
 5083  0 
 5084  0 
 5085  0 
 5086  0 
 5087  0 
 5088  0 
 5089  1 
 5090  0 
 5091  0 
 5092  2 
 5093  0 
 5094  0 
 5095  0 
 5096  0 
 5097  0 
 5098  0 
 5099  0 
 5100  0 
 5101  0 
 5102  0 
 5103  0 
 5104  1 
 5105  0 
 5106  0 
 5107  0 
 5108  0 
 5109  0 
 5110  0 
 5111  0 
 5112  0 
 5113  0 
 5114  0 
 5115  1 
 5116  0 
 5117  0 
 5118  1 
 5119  0 
 5120  0 
 5121  0 
 5122  1 
 5123  0 
 5124  1 
 5125  0 
 5126  0 
 5127  0 
 5128  0 
 5129  0 
 5130  0 
 5131  0 
 5132  0 
 5133  0 
 5134  0 
 5135  0 
 5136  0 
 5137  0 
 5138  0 
 5139  0 
 5140  0 
 5141  0 
 5142  0 
 5143  1 
 5144  0 
 5145  1 
 5146  0 
 5147  0 
 5148  1 
 5149  0 
 5150  0 
 5151  0 
 5152  0 
 5153  0 
 5154  0 
 5155  1 
 5156  0 
 5157  0 
 5158  0 
 5159  0 
 5160  0 
 5161  0 
 5162  1 
 5163  0 
 5164  1 
 5165  0 
 5166  0 
 5167  0 
 5168  0 
 5169  0 
 5170  1 
 5171  0 
 5172  0 
 5173  0 
 5174  0 
 5175  0 
 5176  0 
 5177  0 
 5178  1 
 5179  0 
 5180  0 
 5181  0 
 5182  0 
 5183  1 
 5184  0 
 5185  0 
 5186  1 
 5187  1 
 5188  0 
 5189  0 
 5190  0 
 5191  0 
 5192  0 
 5193  0 
 5194  0 
 5195  0 
 5196  0 
 5197  0 
 5198  1 
 5199  0 
 5200  0 
 5201  0 
 5202  0 
 5203  0 
 5204  0 
 5205  0 
 5206  0 
 5207  0 
 5208  0 
 5209  0 
 5210  0 
 5211  0 
 5212  0 
 5213  1 
 5214  0 
 5215  0 
 5216  0 
 5217  0 
 5218  0 
 5219  0 
 5220  1 
 5221  0 
 5222  0 
 5223  1 
 5224  0 
 5225  0 
 5226  0 
 5227  1 
 5228  1 
 5229  0 
 5230  0 
 5231  0 
 5232  0 
 5233  0 
 5234  1 
 5235  1 
 5236  0 
 5237  0 
 5238  0 
 5239  0 
 5240  0 
 5241  1 
 5242  0 
 5243  0 
 5244  0 
 5245  2 
 5246  1 
 5247  1 
 5248  0 
 5249  0 
 5250  0 
 5251  0 
 5252  0 
 5253  1 
 5254  0 
 5255  0 
 5256  0 
 5257  0 
 5258  0 
 5259  1 
 5260  1 
 5261  0 
 5262  0 
 5263  0 
 5264  0 
 5265  1 
 5266  0 
 5267  0 
 5268  0 
 5269  0 
 5270  1 
 5271  0 
 5272  0 
 5273  0 
 5274  0 
 5275  0 
 5276  0 
 5277  0 
 5278  0 
 5279  0 
 5280  0 
 5281  1 
 5282  1 
 5283  0 
 5284  1 
 5285  0 
 5286  1 
 5287  0 
 5288  0 
 5289  1 
 5290  0 
 5291  0 
 5292  0 
 5293  0 
 5294  1 
 5295  1 
 5296  0 
 5297  0 
 5298  0 
 5299  2 
 5300  0 
 5301  0 
 5302  1 
 5303  0 
 5304  0 
 5305  0 
 5306  1 
 5307  1 
 5308  0 
 5309  0 
 5310  1 
 5311  1 
 5312  1 
 5313  0 
 5314  0 
 5315  0 
 5316  0 
 5317  0 
 5318  0 
 5319  0 
 5320  0 
 5321  2 
 5322  2 
 5323  1 
 5324  0 
 5325  0 
 5326  1 
 5327  0 
 5328  0 
 5329  1 
 5330  0 
 5331  2 
 5332  0 
 5333  0 
 5334  0 
 5335  0 
 5336  1 
 5337  2 
 5338  1 
 5339  0 
 5340  0 
 5341  2 
 5342  0 
 5343  0 
 5344  0 
 5345  0 
 5346  0 
 5347  1 
 5348  0 
 5349  1 
 5350  3 
 5351  0 
 5352  0 
 5353  0 
 5354  1 
 5355  0 
 5356  0 
 5357  0 
 5358  0 
 5359  1 
 5360  1 
 5361  0 
 5362  1 
 5363  0 
 5364  0 
 5365  0 
 5366  0 
 5367  0 
 5368  1 
 5369  0 
 5370  0 
 5371  0 
 5372  0 
 5373  0 
 5374  0 
 5375  0 
 5376  0 
 5377  0 
 5378  0 
 5379  0 
 5380  0 
 5381  1 
 5382  0 
 5383  2 
 5384  1 
 5385  1 
 5386  1 
 5387  0 
 5388  0 
 5389  0 
 5390  1 
 5391  1 
 5392  0 
 5393  0 
 5394  0 
 5395  0 
 5396  0 
 5397  0 
 5398  0 
 5399  0 
 5400  0 
 5401  1 
 5402  0 
 5403  0 
 5404  0 
 5405  0 
 5406  1 
 5407  1 
 5408  0 
 5409  0 
 5410  0 
 5411  0 
 5412  1 
 5413  0 
 5414  0 
 5415  0 
 5416  0 
 5417  1 
 5418  0 
 5419  1 
 5420  0 
 5421  0 
 5422  0 
 5423  0 
 5424  1 
 5425  1 
 5426  1 
 5427  0 
 5428  1 
 5429  1 
 5430  0 
 5431  0 
 5432  0 
 5433  0 
 5434  0 
 5435  0 
 5436  0 
 5437  2 
 5438  0 
 5439  0 
 5440  0 
 5441  0 
 5442  0 
 5443  3 
 5444  0 
 5445  0 
 5446  0 
 5447  0 
 5448  0 
 5449  0 
 5450  0 
 5451  0 
 5452  0 
 5453  0 
 5454  2 
 5455  0 
 5456  0 
 5457  0 
 5458  0 
 5459  0 
 5460  0 
 5461  0 
 5462  1 
 5463  0 
 5464  0 
 5465  2 
 5466  0 
 5467  0 
 5468  1 
 5469  0 
 5470  0 
 5471  0 
 5472  0 
 5473  0 
 5474  0 
 5475  0 
 5476  0 
 5477  1 
 5478  0 
 5479  0 
 5480  0 
 5481  0 
 5482  0 
 5483  0 
 5484  0 
 5485  0 
 5486  0 
 5487  1 
 5488  0 
 5489  0 
 5490  0 
 5491  0 
 5492  1 
 5493  0 
 5494  0 
 5495  0 
 5496  0 
 5497  0 
 5498  0 
 5499  0 
 5500  0 
 5501  0 
 5502  0 
 5503  0 
 5504  0 
 5505  0 
 5506  0 
 5507  0 
 5508  0 
 5509  0 
 5510  0 
 5511  0 
 5512  0 
 5513  0 
 5514  0 
 5515  0 
 5516  0 
 5517  0 
 5518  0 
 5519  0 
 5520  0 
 5521  0 
 5522  0 
 5523  0 
 5524  0 
 5525  0 
 5526  0 
 5527  0 
 5528  0 
 5529  0 
 5530  0 
 5531  0 
 5532  0 
 5533  0 
 5534  0 
 5535  0 
 5536  0 
 5537  0 
 5538  0 
 5539  0 
 5540  0 
 5541  0 
 5542  0 
 5543  0 
 5544  0 
 5545  0 
 5546  1 
 5547  0 
 5548  0 
 5549  0 
 5550  0 
 5551  0 
 5552  0 
 5553  0 
 5554  0 
 5555  0 
 5556  0 
 5557  1 
 5558  0 
 5559  0 
 5560  0 
 5561  0 
 5562  0 
 5563  1 
 5564  0 
 5565  0 
 5566  0 
 5567  0 
 5568  0 
 5569  0 
 5570  0 
 5571  0 
 5572  0 
 5573  0 
 5574  0 
 5575  0 
 5576  0 
 5577  0 
 5578  0 
 5579  0 
 5580  0 
 5581  0 
 5582  0 
 5583  1 
 5584  0 
 5585  0 
 5586  0 
 5587  1 
 5588  0 
 5589  0 
 5590  0 
 5591  0 
 5592  0 
 5593  0 
 5594  0 
 5595  1 
 5596  0 
 5597  0 
 5598  0 
 5599  0 
 5600  0 
 5601  0 
 5602  0 
 5603  0 
 5604  0 
 5605  0 
 5606  0 
 5607  1 
 5608  0 
 5609  0 
 5610  0 
 5611  1 
 5612  0 
 5613  0 
 5614  0 
 5615  0 
 5616  0 
 5617  0 
 5618  0 
 5619  1 
 5620  0 
 5621  0 
 5622  1 
 5623  1 
 5624  1 
 5625  0 
 5626  0 
 5627  0 
 5628  0 
 5629  0 
 5630  0 
 5631  0 
 5632  0 
 5633  0 
 5634  0 
 5635  0 
 5636  0 
 5637  0 
 5638  1 
 5639  0 
 5640  0 
 5641  0 
 5642  0 
 5643  0 
 5644  0 
 5645  0 
 5646  0 
 5647  0 
 5648  0 
 5649  1 
 5650  0 
 5651  0 
 5652  0 
 5653  0 
 5654  0 
 5655  0 
 5656  0 
 5657  0 
 5658  0 
 5659  0 
 5660  0 
 5661  0 
 5662  0 
 5663  0 
 5664  0 
 5665  0 
 5666  0 
 5667  0 
 5668  0 
 5669  0 
 5670  0 
 5671  1 
 5672  0 
 5673  0 
 5674  0 
 5675  0 
 5676  0 
 5677  0 
 5678  0 
 5679  0 
 5680  0 
 5681  0 
 5682  0 
 5683  0 
 5684  0 
 5685  0 
 5686  0 
 5687  0 
 5688  0 
 5689  1 
 5690  0 
 5691  0 
 5692  0 
 5693  0 
 5694  0 
 5695  1 
 5696  0 
 5697  0 
 5698  0 
 5699  0 
 5700  0 
 5701  0 
 5702  0 
 5703  1 
 5704  0 
 5705  0 
 5706  0 
 5707  0 
 5708  0 
 5709  0 
 5710  0 
 5711  0 
 5712  0 
 5713  0 
 5714  0 
 5715  0 
 5716  0 
 5717  0 
 5718  0 
 5719  0 
 5720  0 
 5721  0 
 5722  0 
 5723  0 
 5724  0 
 5725  0 
 5726  0 
 5727  0 
 5728  0 
 5729  0 
 5730  0 
 5731  0 
 5732  0 
 5733  0 
 5734  0 
 5735  0 
 5736  0 
 5737  0 
 5738  0 
 5739  0 
 5740  0 
 5741  0 
 5742  0 
 5743  0 
 5744  0 
 5745  0 
 5746  0 
 5747  0 
 5748  0 
 5749  0 
 5750  0 
 5751  0 
 5752  0 
 5753  0 
 5754  0 
 5755  0 
 5756  1 
 5757  0 
 5758  0 
 5759  1 
 5760  0 
 5761  0 
 5762  0 
 5763  0 
 5764  0 
 5765  1 
 5766  0 
 5767  0 
 5768  0 
 5769  0 
 5770  0 
 5771  0 
 5772  0 
 5773  1 
 5774  0 
 5775  0 
 5776  0 
 5777  0 
 5778  0 
 5779  0 
 5780  0 
 5781  0 
 5782  0 
 5783  0 
 5784  0 
 5785  0 
 5786  0 
 5787  0 
 5788  0 
 5789  0 
 5790  0 
 5791  0 
 5792  0 
 5793  0 
 5794  0 
 5795  0 
 5796  0 
 5797  0 
 5798  0 
 5799  0 
 5800  0 
 5801  0 
 5802  0 
 5803  0 
 5804  0 
 5805  0 
 5806  0 
 5807  0 
 5808  0 
 5809  0 
 5810  0 
 5811  0 
 5812  0 
 5813  0 
 5814  0 
 5815  0 
 5816  0 
 5817  0 
 5818  0 
 5819  0 
 5820  0 
 5821  0 
 5822  0 
 5823  0 
 5824  0 
 5825  1 
 5826  0 
 5827  1 
 5828  0 
 5829  0 
 5830  1 
 5831  0 
 5832  0 
 5833  0 
 5834  0 
 5835  0 
 5836  0 
 5837  0 
 5838  0 
 5839  0 
 5840  0 
 5841  0 
 5842  0 
 5843  0 
 5844  0 
 5845  0 
 5846  0 
 5847  0 
 5848  0 
 5849  0 
 5850  0 
 5851  0 
 5852  0 
 5853  0 
 5854  0 
 5855  0 
 5856  0 
 5857  0 
 5858  0 
 5859  0 
 5860  0 
 5861  0 
 5862  0 
 5863  0 
 5864  0 
 5865  0 
 5866  0 
 5867  0 
 5868  0 
 5869  0 
 5870  0 
 5871  0 
 5872  0 
 5873  0 
 5874  0 
 5875  0 
 5876  1 
 5877  0 
 5878  0 
 5879  0 
 5880  1 
 5881  0 
 5882  0 
 5883  0 
 5884  0 
 5885  0 
 5886  0 
 5887  0 
 5888  0 
 5889  0 
 5890  0 
 5891  0 
 5892  0 
 5893  0 
 5894  0 
 5895  0 
 5896  0 
 5897  0 
 5898  1 
 5899  1 
 5900  0 
 5901  0 
 5902  0 
 5903  0 
 5904  0 
 5905  0 
 5906  0 
 5907  0 
 5908  0 
 5909  0 
 5910  0 
 5911  0 
 5912  0 
 5913  0 
 5914  0 
 5915  0 
 5916  0 
 5917  0 
 5918  0 
 5919  0 
 5920  0 
 5921  0 
 5922  0 
 5923  0 
 5924  2 
 5925  0 
 5926  0 
 5927  0 
 5928  0 
 5929  0 
 5930  0 
 5931  0 
 5932  0 
 5933  0 
 5934  0 
 5935  0 
 5936  0 
 5937  0 
 5938  0 
 5939  0 
 5940  0 
 5941  0 
 5942  0 
 5943  0 
 5944  0 
 5945  0 
 5946  0 
 5947  0 
 5948  0 
 5949  0 
 5950  1 
 5951  0 
 5952  0 
 5953  0 
 5954  0 
 5955  0 
 5956  0 
 5957  0 
 5958  0 
 5959  0 
 5960  0 
 5961  0 
 5962  0 
 5963  0 
 5964  1 
 5965  0 
 5966  0 
 5967  0 
 5968  0 
 5969  0 
 5970  0 
 5971  0 
 5972  0 
 5973  0 
 5974  0 
 5975  0 
 5976  0 
 5977  0 
 5978  0 
 5979  0 
 5980  0 
 5981  0 
 5982  0 
 5983  0 
 5984  0 
 5985  0 
 5986  0 
 5987  0 
 5988  0 
 5989  0 
 5990  0 
 5991  0 
 5992  0 
 5993  0 
 5994  0 
 5995  0 
 5996  0 
 5997  0 
 5998  0 
 5999  0 
 6000  0 
 6001  0 
 6002  0 
 6003  0 
 6004  1 
 6005  0 
 6006  0 
 6007  0 
 6008  0 
 6009  0 
 6010  0 
 6011  0 
 6012  0 
 6013  0 
 6014  0 
 6015  0 
 6016  0 
 6017  0 
 6018  0 
 6019  0 
 6020  0 
 6021  0 
 6022  0 
 6023  0 
 6024  0 
 6025  0 
 6026  0 
 6027  0 
 6028  0 
 6029  0 
 6030  0 
 6031  0 
 6032  0 
 6033  0 
 6034  0 
 6035  0 
 6036  0 
 6037  0 
 6038  0 
 6039  0 
 6040  0 
 6041  0 
 6042  0 
 6043  0 
 6044  0 
 6045  0 
 6046  0 
 6047  0 
 6048  0 
 6049  0 
 6050  0 
 6051  0 
 6052  0 
 6053  0 
 6054  0 
 6055  0 
 6056  0 
 6057  0 
 6058  0 
 6059  0 
 6060  0 
 6061  0 
 6062  0 
 6063  0 
 6064  0 
 6065  0 
 6066  0 
 6067  0 
 6068  0 
 6069  0 
 6070  0 
 6071  0 
 6072  0 
 6073  0 
 6074  1 
 6075  0 
 6076  0 
 6077  0 
 6078  0 
 6079  0 
 6080  0 
 6081  0 
 6082  0 
 6083  0 
 6084  0 
 6085  0 
 6086  0 
 6087  0 
 6088  0 
 6089  0 
 6090  0 
 6091  0 
 6092  0 
 6093  0 
 6094  1 
 6095  0 
 6096  0 
 6097  0 
 6098  0 
 6099  0 
 6100  1 
 6101  0 
 6102  0 
 6103  0 
 6104  0 
 6105  0 
 6106  0 
 6107  0 
 6108  0 
 6109  0 
 6110  1 
 6111  0 
 6112  1 
 6113  0 
 6114  0 
 6115  0 
 6116  1 
 6117  0 
 6118  0 
 6119  0 
 6120  0 
 6121  0 
 6122  0 
 6123  0 
 6124  0 
 6125  0 
 6126  0 
 6127  0 
 6128  0 
 6129  0 
 6130  0 
 6131  0 
 6132  0 
 6133  0 
 6134  0 
 6135  0 
 6136  0 
 6137  1 
 6138  1 
 6139  0 
 6140  0 
 6141  1 
 6142  0 
 6143  0 
 6144  0 
 6145  0 
 6146  0 
 6147  0 
 6148  0 
 6149  0 
 6150  0 
 6151  0 
 6152  0 
 6153  0 
 6154  0 
 6155  0 
 6156  0 
 6157  0 
 6158  0 
 6159  1 
 6160  0 
 6161  0 
 6162  1 
 6163  0 
 6164  0 
 6165  0 
 6166  0 
 6167  0 
 6168  0 
 6169  0 
 6170  0 
 6171  0 
 6172  0 
 6173  0 
 6174  1 
 6175  0 
 6176  0 
 6177  1 
 6178  0 
 6179  0 
 6180  0 
 6181  0 
 6182  1 
 6183  0 
 6184  0 
 6185  0 
 6186  0 
 6187  0 
 6188  0 
 6189  0 
 6190  0 
 6191  0 
 6192  0 
 6193  0 
 6194  0 
 6195  0 
 6196  0 
 6197  1 
 6198  0 
 6199  0 
 6200  0 
 6201  0 
 6202  0 
 6203  0 
 6204  0 
 6205  1 
 6206  0 
 6207  0 
 6208  0 
 6209  0 
 6210  0 
 6211  0 
 6212  0 
 6213  0 
 6214  0 
 6215  0 
 6216  2 
 6217  0 
 6218  0 
 6219  0 
 6220  0 
 6221  0 
 6222  0 
 6223  0 
 6224  0 
 6225  0 
 6226  0 
 6227  0 
 6228  0 
 6229  1 
 6230  0 
 6231  0 
 6232  0 
 6233  0 
 6234  0 
 6235  0 
 6236  0 
 6237  0 
 6238  0 
 6239  0 
 6240  0 
 6241  0 
 6242  0 
 6243  0 
 6244  0 
 6245  0 
 6246  0 
 6247  0 
 6248  0 
 6249  0 
 6250  0 
 6251  0 
 6252  0 
 6253  0 
 6254  0 
 6255  0 
 6256  0 
 6257  0 
 6258  0 
 6259  0 
 6260  0 
 6261  0 
 6262  0 
 6263  0 
 6264  0 
 6265  0 
 6266  0 
 6267  0 
 6268  0 
 6269  0 
 6270  0 
 6271  0 
 6272  0 
 6273  0 
 6274  0 
 6275  0 
 6276  0 
 6277  0 
 6278  0 
 6279  0 
 6280  0 
 6281  1 
 6282  0 
 6283  0 
 6284  0 
 6285  0 
 6286  0 
 6287  0 
 6288  0 
 6289  0 
 6290  0 
 6291  0 
 6292  0 
 6293  0 
 6294  0 
 6295  0 
 6296  1 
 6297  0 
 6298  0 
 6299  0 
 6300  0 
 6301  0 
 6302  1 
 6303  0 
 6304  0 
 6305  0 
 6306  0 
 6307  0 
 6308  0 
 6309  0 
 6310  0 
 6311  0 
 6312  0 
 6313  1 
 6314  1 
 6315  0 
 6316  0 
 6317  0 
 6318  0 
 6319  0 
 6320  0 
 6321  0 
 6322  0 
 6323  0 
 6324  1 
 6325  0 
 6326  0 
 6327  0 
 6328  0 
 6329  0 
 6330  0 
 6331  0 
 6332  0 
 6333  0 
 6334  0 
 6335  0 
 6336  0 
 6337  0 
 6338  0 
 6339  0 
 6340  1 
 6341  1 
 6342  0 
 6343  0 
 6344  0 
 6345  0 
 6346  0 
 6347  0 
 6348  0 
 6349  0 
 6350  0 
 6351  0 
 6352  0 
 6353  0 
 6354  0 
 6355  0 
 6356  0 
 6357  0 
 6358  0 
 6359  0 
 6360  0 
 6361  0 
 6362  0 
 6363  0 
 6364  0 
 6365  0 
 6366  0 
 6367  0 
 6368  0 
 6369  0 
 6370  0 
 6371  0 
 6372  0 
 6373  0 
 6374  0 
 6375  0 
 6376  1 
 6377  0 
 6378  0 
 6379  0 
 6380  0 
 6381  0 
 6382  0 
 6383  0 
 6384  0 
 6385  0 
 6386  0 
 6387  0 
 6388  0 
 6389  0 
 6390  0 
 6391  0 
 6392  0 
 6393  0 
 6394  0 
 6395  0 
 6396  0 
 6397  0 
 6398  0 
 6399  0 
 6400  0 
 6401  0 
 6402  0 
 6403  0 
 6404  0 
 6405  0 
 6406  0 
 6407  0 
 6408  1 
 6409  0 
 6410  0 
 6411  0 
 6412  0 
 6413  0 
 6414  0 
 6415  1 
 6416  0 
 6417  1 
 6418  0 
 6419  0 
 6420  0 
 6421  0 
 6422  0 
 6423  0 
 6424  0 
 6425  0 
 6426  0 
 6427  0 
 6428  0 
 6429  0 
 6430  0 
 6431  0 
 6432  0 
 6433  0 
 6434  0 
 6435  0 
 6436  0 
 6437  0 
 6438  0 
 6439  0 
 6440  0 
 6441  0 
 6442  0 
 6443  0 
 6444  0 
 6445  0 
 6446  0 
 6447  0 
 6448  0 
 6449  1 
 6450  0 
 6451  0 
 6452  1 
 6453  0 
 6454  0 
 6455  0 
 6456  0 
 6457  0 
 6458  0 
 6459  0 
 6460  0 
 6461  0 
 6462  0 
 6463  0 
 6464  0 
 6465  0 
 6466  0 
 6467  0 
 6468  0 
 6469  0 
 6470  0 
 6471  1 
 6472  0 
 6473  0 
 6474  0 
 6475  0 
 6476  0 
 6477  0 
 6478  0 
 6479  0 
 6480  0 
 6481  0 
 6482  0 
 6483  0 
 6484  0 
 6485  0 
 6486  0 
 6487  0 
 6488  0 
 6489  0 
 6490  0 
 6491  0 
 6492  0 
 6493  0 
 6494  0 
 6495  0 
 6496  0 
 6497  0 
 6498  0 
 6499  0 
 6500  0 
 6501  0 
 6502  0 
 6503  0 
 6504  0 
 6505  0 
 6506  0 
 6507  0 
 6508  0 
 6509  0 
 6510  1 
 6511  0 
 6512  0 
 6513  0 
 6514  0 
 6515  0 
 6516  0 
 6517  0 
 6518  0 
 6519  0 
 6520  0 
 6521  0 
 6522  0 
 6523  0 
 6524  0 
 6525  0 
 6526  0 
 6527  0 
 6528  0 
 6529  0 
 6530  1 
 6531  0 
 6532  0 
 6533  0 
 6534  0 
 6535  0 
 6536  0 
 6537  0 
 6538  0 
 6539  0 
 6540  1 
 6541  0 
 6542  0 
 6543  0 
 6544  0 
 6545  0 
 6546  0 
 6547  0 
 6548  0 
 6549  1 
 6550  0 
 6551  0 
 6552  0 
 6553  0 
 6554  0 
 6555  0 
 6556  0 
 6557  0 
 6558  0 
 6559  0 
 6560  0 
 6561  0 
 6562  0 
 6563  0 
 6564  0 
 6565  0 
 6566  0 
 6567  0 
 6568  0 
 6569  0 
 6570  0 
 6571  1 
 6572  0 
 6573  0 
 6574  0 
 6575  0 
 6576  0 
 6577  0 
 6578  0 
 6579  0 
 6580  0 
 6581  0 
 6582  0 
 6583  0 
 6584  0 
 6585  0 
 6586  0 
 6587  0 
 6588  0 
 6589  0 
 6590  0 
 6591  0 
 6592  0 
 6593  0 
 6594  0 
 6595  0 
 6596  0 
 6597  0 
 6598  0 
 6599  0 
 6600  0 
 6601  1 
 6602  0 
 6603  0 
 6604  0 
 6605  1 
 6606  1 
 6607  0 
 6608  0 
 6609  0 
 6610  0 
 6611  0 
 6612  0 
 6613  0 
 6614  0 
 6615  0 
 6616  0 
 6617  0 
 6618  1 
 6619  0 
 6620  0 
 6621  0 
 6622  0 
 6623  0 
 6624  1 
 6625  0 
 6626  0 
 6627  0 
 6628  0 
 6629  0 
 6630  0 
 6631  0 
 6632  0 
 6633  0 
 6634  0 
 6635  0 
 6636  0 
 6637  0 
 6638  0 
 6639  0 
 6640  0 
 6641  0 
 6642  0 
 6643  0 
 6644  0 
 6645  0 
 6646  0 
 6647  0 
 6648  0 
 6649  0 
 6650  0 
 6651  0 
 6652  0 
 6653  0 
 6654  0 
 6655  0 
 6656  0 
 6657  0 
 6658  0 
 6659  0 
 6660  0 
 6661  0 
 6662  0 
 6663  0 
 6664  0 
 6665  0 
 6666  1 
 6667  0 
 6668  0 
 6669  0 
 6670  0 
 6671  1 
 6672  0 
 6673  0 
 6674  0 
 6675  0 
 6676  0 
 6677  0 
 6678  0 
 6679  0 
 6680  0 
 6681  0 
 6682  0 
 6683  1 
 6684  1 
 6685  0 
 6686  0 
 6687  0 
 6688  0 
 6689  0 
 6690  0 
 6691  0 
 6692  0 
 6693  1 
 6694  0 
 6695  0 
 6696  0 
 6697  1 
 6698  0 
 6699  0 
 6700  0 
 6701  1 
 6702  0 
 6703  0 
 6704  0 
 6705  0 
 6706  0 
 6707  0 
 6708  0 
 6709  0 
 6710  0 
 6711  0 
 6712  0 
 6713  0 
 6714  1 
 6715  1 
 6716  0 
 6717  0 
 6718  0 
 6719  0 
 6720  0 
 6721  0 
 6722  0 
 6723  1 
 6724  0 
 6725  0 
 6726  1 
 6727  0 
 6728  0 
 6729  0 
 6730  0 
 6731  0 
 6732  0 
 6733  0 
 6734  0 
 6735  0 
 6736  0 
 6737  0 
 6738  0 
 6739  1 
 6740  0 
 6741  0 
 6742  0 
 6743  1 
 6744  0 
 6745  0 
 6746  0 
 6747  0 
 6748  1 
 6749  0 
 6750  0 
 6751  0 
 6752  0 
 6753  0 
 6754  2 
 6755  0 
 6756  1 
 6757  0 
 6758  0 
 6759  0 
 6760  0 
 6761  0 
 6762  0 
 6763  0 
 6764  0 
 6765  0 
 6766  0 
 6767  0 
 6768  0 
 6769  0 
 6770  0 
 6771  0 
 6772  0 
 6773  0 
 6774  0 
 6775  0 
 6776  0 
 6777  0 
 6778  0 
 6779  1 
 6780  0 
 6781  0 
 6782  0 
 6783  0 
 6784  0 
 6785  0 
 6786  0 
 6787  0 
 6788  0 
 6789  1 
 6790  0 
 6791  0 
 6792  1 
 6793  1 
 6794  0 
 6795  0 
 6796  0 
 6797  0 
 6798  0 
 6799  1 
 6800  0 
 6801  1 
 6802  1 
 6803  0 
 6804  0 
 6805  1 
 6806  0 
 6807  0 
 6808  0 
 6809  0 
 6810  0 
 6811  0 
 6812  0 
 6813  0 
 6814  0 
 6815  0 
 6816  0 
 6817  0 
 6818  0 
 6819  0 
 6820  0 
 6821  0 
 6822  0 
 6823  0 
 6824  0 
 6825  0 
 6826  0 
 6827  0 
 6828  0 
 6829  0 
 6830  0 
 6831  0 
 6832  0 
 6833  0 
 6834  0 
 6835  0 
 6836  0 
 6837  0 
 6838  0 
 6839  0 
 6840  0 
 6841  0 
 6842  0 
 6843  0 
 6844  1 
 6845  0 
 6846  1 
 6847  0 
 6848  0 
 6849  0 
 6850  0 
 6851  0 
 6852  0 
 6853  0 
 6854  0 
 6855  0 
 6856  2 
 6857  0 
 6858  1 
 6859  1 
 6860  0 
 6861  0 
 6862  0 
 6863  0 
 6864  0 
 6865  0 
 6866  0 
 6867  0 
 6868  0 
 6869  1 
 6870  1 
 6871  0 
 6872  0 
 6873  0 
 6874  0 
 6875  0 
 6876  0 
 6877  0 
 6878  0 
 6879  0 
 6880  0 
 6881  0 
 6882  1 
 6883  1 
 6884  0 
 6885  0 
 6886  0 
 6887  0 
 6888  0 
 6889  1 
 6890  1 
 6891  0 
 6892  0 
 6893  0 
 6894  0 
 6895  0 
 6896  1 
 6897  0 
 6898  0 
 6899  0 
 6900  0 
 6901  0 
 6902  0 
 6903  0 
 6904  0 
 6905  0 
 6906  0 
 6907  0 
 6908  0 
 6909  0 
 6910  0 
 6911  0 
 6912  0 
 6913  1 
 6914  0 
 6915  0 
 6916  1 
 6917  0 
 6918  0 
 6919  0 
 6920  0 
 6921  0 
 6922  0 
 6923  0 
 6924  0 
 6925  0 
 6926  0 
 6927  0 
 6928  2 
 6929  0 
 6930  0 
 6931  1 
 6932  0 
 6933  0 
 6934  1 
 6935  0 
 6936  1 
 6937  1 
 6938  0 
 6939  0 
 6940  0 
 6941  0 
 6942  0 
 6943  0 
 6944  0 
 6945  0 
 6946  0 
 6947  0 
 6948  1 
 6949  0 
 6950  1 
 6951  1 
 6952  1 
 6953  0 
 6954  0 
 6955  0 
 6956  0 
 6957  0 
 6958  1 
 6959  0 
 6960  1 
 6961  0 
 6962  0 
 6963  0 
 6964  0 
 6965  0 
 6966  0 
 6967  0 
 6968  0 
 6969  0 
 6970  1 
 6971  0 
 6972  0 
 6973  0 
 6974  0 
 6975  0 
 6976  1 
 6977  0 
 6978  1 
 6979  1 
 6980  0 
 6981  1 
 6982  0 
 6983  1 
 6984  1 
 6985  0 
 6986  0 
 6987  1 
 6988  0 
 6989  0 
 6990  0 
 6991  0 
 6992  0 
 6993  0 
 6994  0 
 6995  0 
 6996  0 
 6997  1 
 6998  0 
 6999  0 
 7000  0 
 7001  0 
 7002  0 
 7003  1 
 7004  1 
 7005  0 
 7006  2 
 7007  0 
 7008  0 
 7009  0 
 7010  0 
 7011  0 
 7012  1 
 7013  0 
 7014  0 
 7015  0 
 7016  0 
 7017  0 
 7018  1 
 7019  0 
 7020  0 
 7021  0 
 7022  0 
 7023  1 
 7024  1 
 7025  0 
 7026  0 
 7027  0 
 7028  3 
 7029  0 
 7030  0 
 7031  0 
 7032  0 
 7033  0 
 7034  2 
 7035  0 
 7036  0 
 7037  0 
 7038  0 
 7039  1 
 7040  0 
 7041  1 
 7042  0 
 7043  0 
 7044  0 
 7045  1 
 7046  0 
 7047  0 
 7048  0 
 7049  0 
 7050  1 
 7051  0 
 7052  0 
 7053  0 
 7054  0 
 7055  0 
 7056  1 
 7057  2 
 7058  0 
 7059  1 
 7060  1 
 7061  0 
 7062  0 
 7063  0 
 7064  0 
 7065  0 
 7066  0 
 7067  0 
 7068  2 
 7069  0 
 7070  2 
 7071  0 
 7072  0 
 7073  2 
 7074  0 
 7075  1 
 7076  0 
 7077  1 
 7078  0 
 7079  1 
 7080  0 
 7081  1 
 7082  0 
 7083  0 
 7084  1 
 7085  1 
 7086  1 
 7087  0 
 7088  1 
 7089  0 
 7090  1 
 7091  1 
 7092  1 
 7093  1 
 7094  0 
 7095  0 
 7096  0 
 7097  1 
 7098  0 
 7099  0 
 7100  1 
 7101  1 
 7102  0 
 7103  1 
 7104  1 
 7105  0 
 7106  0 
 7107  0 
 7108  0 
 7109  2 
 7110  1 
 7111  0 
 7112  0 
 7113  2 
 7114  0 
 7115  1 
 7116  0 
 7117  0 
 7118  1 
 7119  1 
 7120  0 
 7121  0 
 7122  0 
 7123  0 
 7124  0 
 7125  0 
 7126  0 
 7127  0 
 7128  0 
 7129  1 
 7130  1 
 7131  0 
 7132  1 
 7133  0 
 7134  0 
 7135  0 
 7136  0 
 7137  0 
 7138  0 
 7139  0 
 7140  0 
 7141  0 
 7142  0 
 7143  0 
 7144  0 
 7145  1 
 7146  0 
 7147  1 
 7148  0 
 7149  0 
 7150  0 
 7151  1 
 7152  0 
 7153  0 
 7154  0 
 7155  0 
 7156  0 
 7157  0 
 7158  0 
 7159  1 
 7160  0 
 7161  0 
 7162  0 
 7163  0 
 7164  0 
 7165  0 
 7166  0 
 7167  0 
 7168  0 
 7169  0 
 7170  0 
 7171  0 
 7172  0 
 7173  0 
 7174  0 
 7175  0 
 7176  0 
 7177  0 
 7178  0 
 7179  0 
 7180  1 
 7181  0 
 7182  0 
 7183  0 
 7184  1 
 7185  0 
 7186  0 
 7187  0 
 7188  0 
 7189  0 
 7190  0 
 7191  0 
 7192  0 
 7193  0 
 7194  0 
 7195  0 
 7196  0 
 7197  2 
 7198  2 
 7199  1 
 7200  0 
 7201  0 
 7202  0 
 7203  0 
 7204  0 
 7205  0 
 7206  1 
 7207  1 
 7208  1 
 7209  0 
 7210  0 
 7211  0 
 7212  0 
 7213  0 
 7214  0 
 7215  0 
 7216  1 
 7217  0 
 7218  0 
 7219  0 
 7220  1 
 7221  1 
 7222  0 
 7223  0 
 7224  0 
 7225  0 
 7226  0 
 7227  0 
 7228  0 
 7229  1 
 7230  0 
 7231  0 
 7232  0 
 7233  1 
 7234  0 
 7235  1 
 7236  0 
 7237  1 
 7238  0 
 7239  0 
 7240  0 
 7241  0 
 7242  0 
 7243  0 
 7244  0 
 7245  0 
 7246  0 
 7247  0 
 7248  1 
 7249  0 
 7250  0 
 7251  0 
 7252  1 
 7253  0 
 7254  0 
 7255  0 
 7256  0 
 7257  0 
 7258  0 
 7259  0 
 7260  0 
 7261  0 
 7262  0 
 7263  0 
 7264  0 
 7265  0 
 7266  0 
 7267  1 
 7268  0 
 7269  0 
 7270  0 
 7271  0 
 7272  0 
 7273  0 
 7274  0 
 7275  0 
 7276  0 
 7277  0 
 7278  0 
 7279  0 
 7280  0 
 7281  0 
 7282  0 
 7283  0 
 7284  0 
 7285  0 
 7286  0 
 7287  0 
 7288  0 
 7289  0 
 7290  0 
 7291  0 
 7292  0 
 7293  0 
 7294  0 
 7295  1 
 7296  0 
 7297  0 
 7298  0 
 7299  0 
 7300  0 
 7301  1 
 7302  0 
 7303  0 
 7304  0 
 7305  0 
 7306  0 
 7307  0 
 7308  0 
 7309  0 
 7310  0 
 7311  0 
 7312  0 
 7313  0 
 7314  0 
 7315  0 
 7316  0 
 7317  0 
 7318  0 
 7319  0 
 7320  0 
 7321  0 
 7322  0 
 7323  0 
 7324  0 
 7325  0 
 7326  0 
 7327  0 
 7328  0 
 7329  0 
 7330  0 
 7331  0 
 7332  0 
 7333  0 
 7334  0 
 7335  0 
 7336  0 
 7337  0 
 7338  0 
 7339  0 
 7340  0 
 7341  0 
 7342  0 
 7343  0 
 7344  0 
 7345  0 
 7346  0 
 7347  0 
 7348  1 
 7349  0 
 7350  0 
 7351  0 
 7352  0 
 7353  0 
 7354  0 
 7355  0 
 7356  0 
 7357  0 
 7358  0 
 7359  0 
 7360  0 
 7361  0 
 7362  0 
 7363  0 
 7364  0 
 7365  0 
 7366  0 
 7367  0 
 7368  0 
 7369  0 
 7370  0 
 7371  0 
 7372  0 
 7373  0 
 7374  0 
 7375  0 
 7376  1 
 7377  0 
 7378  0 
 7379  0 
 7380  0 
 7381  0 
 7382  0 
 7383  0 
 7384  0 
 7385  0 
 7386  0 
 7387  0 
 7388  0 
 7389  0 
 7390  0 
 7391  0 
 7392  0 
 7393  0 
 7394  1 
 7395  0 
 7396  0 
 7397  0 
 7398  0 
 7399  0 
 7400  0 
 7401  0 
 7402  0 
 7403  0 
 7404  0 
 7405  0 
 7406  0 
 7407  0 
 7408  0 
 7409  0 
 7410  0 
 7411  0 
 7412  0 
 7413  1 
 7414  0 
 7415  0 
 7416  0 
 7417  0 
 7418  0 
 7419  0 
 7420  0 
 7421  0 
 7422  0 
 7423  0 
 7424  0 
 7425  0 
 7426  0 
 7427  0 
 7428  0 
 7429  0 
 7430  0 
 7431  0 
 7432  0 
 7433  0 
 7434  0 
 7435  0 
 7436  0 
 7437  0 
 7438  0 
 7439  0 
 7440  0 
 7441  0 
 7442  0 
 7443  0 
 7444  0 
 7445  0 
 7446  0 
 7447  0 
 7448  0 
 7449  0 
 7450  0 
 7451  0 
 7452  0 
 7453  0 
 7454  0 
 7455  0 
 7456  0 
 7457  0 
 7458  0 
 7459  1 
 7460  0 
 7461  0 
 7462  0 
 7463  0 
 7464  0 
 7465  0 
 7466  0 
 7467  0 
 7468  0 
 7469  0 
 7470  0 
 7471  0 
 7472  0 
 7473  0 
 7474  0 
 7475  0 
 7476  0 
 7477  0 
 7478  0 
 7479  0 
 7480  1 
 7481  0 
 7482  0 
 7483  0 
 7484  0 
 7485  0 
 7486  0 
 7487  0 
 7488  0 
 7489  0 
 7490  0 
 7491  0 
 7492  0 
 7493  0 
 7494  0 
 7495  0 
 7496  0 
 7497  0 
 7498  0 
 7499  0 
 7500  0 
 7501  0 
 7502  0 
 7503  0 
 7504  0 
 7505  0 
 7506  0 
 7507  0 
 7508  0 
 7509  0 
 7510  0 
 7511  0 
 7512  0 
 7513  0 
 7514  0 
 7515  0 
 7516  0 
 7517  0 
 7518  0 
 7519  0 
 7520  0 
 7521  0 
 7522  0 
 7523  1 
 7524  0 
 7525  0 
 7526  0 
 7527  0 
 7528  0 
 7529  0 
 7530  0 
 7531  0 
 7532  0 
 7533  0 
 7534  0 
 7535  0 
 7536  0 
 7537  0 
 7538  0 
 7539  0 
 7540  0 
 7541  0 
 7542  0 
 7543  0 
 7544  0 
 7545  0 
 7546  0 
 7547  0 
 7548  0 
 7549  0 
 7550  0 
 7551  0 
 7552  0 
 7553  0 
 7554  0 
 7555  0 
 7556  0 
 7557  0 
 7558  0 
 7559  0 
 7560  0 
 7561  0 
 7562  0 
 7563  0 
 7564  0 
 7565  0 
 7566  0 
 7567  0 
 7568  0 
 7569  0 
 7570  0 
 7571  0 
 7572  0 
 7573  0 
 7574  0 
 7575  0 
 7576  0 
 7577  0 
 7578  0 
 7579  0 
 7580  0 
 7581  0 
 7582  0 
 7583  0 
 7584  0 
 7585  0 
 7586  0 
 7587  0 
 7588  0 
 7589  0 
 7590  0 
 7591  0 
 7592  0 
 7593  0 
 7594  0 
 7595  0 
 7596  0 
 7597  0 
 7598  0 
 7599  0 
 7600  0 
 7601  0 
 7602  0 
 7603  0 
 7604  0 
 7605  0 
 7606  0 
 7607  0 
 7608  0 
 7609  0 
 7610  0 
 7611  0 
 7612  0 
 7613  0 
 7614  0 
 7615  0 
 7616  0 
 7617  0 
 7618  0 
 7619  0 
 7620  0 
 7621  0 
 7622  0 
 7623  0 
 7624  0 
 7625  0 
 7626  0 
 7627  0 
 7628  0 
 7629  0 
 7630  0 
 7631  0 
 7632  0 
 7633  0 
 7634  0 
 7635  0 
 7636  0 
 7637  0 
 7638  0 
 7639  0 
 7640  0 
 7641  0 
 7642  0 
 7643  0 
 7644  0 
 7645  0 
 7646  0 
 7647  0 
 7648  0 
 7649  0 
 7650  0 
 7651  0 
 7652  0 
 7653  0 
 7654  0 
 7655  0 
 7656  0 
 7657  0 
 7658  0 
 7659  0 
 7660  0 
 7661  0 
 7662  0 
 7663  0 
 7664  0 
 7665  0 
 7666  0 
 7667  0 
 7668  0 
 7669  0 
 7670  0 
 7671  0 
 7672  0 
 7673  0 
 7674  0 
 7675  0 
 7676  0 
 7677  0 
 7678  0 
 7679  0 
 7680  0 
 7681  0 
 7682  0 
 7683  0 
 7684  0 
 7685  0 
 7686  0 
 7687  0 
 7688  0 
 7689  0 
 7690  0 
 7691  0 
 7692  0 
 7693  0 
 7694  0 
 7695  0 
 7696  0 
 7697  0 
 7698  0 
 7699  0 
 7700  0 
 7701  0 
 7702  0 
 7703  0 
 7704  0 
 7705  0 
 7706  0 
 7707  0 
 7708  0 
 7709  0 
 7710  0 
 7711  0 
 7712  0 
 7713  0 
 7714  0 
 7715  0 
 7716  0 
 7717  0 
 7718  0 
 7719  0 
 7720  0 
 7721  0 
 7722  0 
 7723  0 
 7724  0 
 7725  0 
 7726  0 
 7727  0 
 7728  0 
 7729  0 
 7730  0 
 7731  0 
 7732  0 
 7733  0 
 7734  0 
 7735  0 
 7736  0 
 7737  0 
 7738  0 
 7739  0 
 7740  0 
 7741  0 
 7742  0 
 7743  0 
 7744  0 
 7745  0 
 7746  0 
 7747  0 
 7748  0 
 7749  0 
 7750  0 
 7751  0 
 7752  0 
 7753  0 
 7754  0 
 7755  0 
 7756  0 
 7757  0 
 7758  0 
 7759  0 
 7760  0 
 7761  0 
 7762  0 
 7763  0 
 7764  0 
 7765  0 
 7766  0 
 7767  0 
 7768  0 
 7769  0 
 7770  0 
 7771  0 
 7772  0 
 7773  0 
 7774  0 
 7775  0 
 7776  0 
 7777  0 
 7778  0 
 7779  0 
 7780  0 
 7781  0 
 7782  0 
 7783  0 
 7784  0 
 7785  0 
 7786  0 
 7787  0 
 7788  0 
 7789  0 
 7790  0 
 7791  0 
 7792  0 
 7793  0 
 7794  0 
 7795  0 
 7796  0 
 7797  0 
 7798  0 
 7799  0 
 7800  0 
 7801  0 
 7802  0 
 7803  0 
 7804  0 
 7805  0 
 7806  0 
 7807  0 
 7808  0 
 7809  0 
 7810  0 
 7811  0 
 7812  0 
 7813  0 
 7814  0 
 7815  0 
 7816  0 
 7817  0 
 7818  0 
 7819  0 
 7820  0 
 7821  0 
 7822  0 
 7823  0 
 7824  0 
 7825  0 
 7826  0 
 7827  0 
 7828  0 
 7829  0 
 7830  0 
 7831  0 
 7832  0 
 7833  0 
 7834  0 
 7835  0 
 7836  0 
 7837  0 
 7838  0 
 7839  0 
 7840  0 
 7841  0 
 7842  0 
 7843  0 
 7844  0 
 7845  0 
 7846  0 
 7847  0 
 7848  0 
 7849  0 
 7850  0 
 7851  0 
 7852  0 
 7853  0 
 7854  0 
 7855  0 
 7856  0 
 7857  0 
 7858  0 
 7859  0 
 7860  0 
 7861  0 
 7862  0 
 7863  0 
 7864  0 
 7865  0 
 7866  0 
 7867  0 
 7868  0 
 7869  0 
 7870  0 
 7871  0 
 7872  0 
 7873  0 
 7874  0 
 7875  0 
 7876  0 
 7877  0 
 7878  0 
 7879  0 
 7880  0 
 7881  0 
 7882  0 
 7883  0 
 7884  0 
 7885  0 
 7886  0 
 7887  0 
 7888  0 
 7889  0 
 7890  0 
 7891  0 
 7892  0 
 7893  0 
 7894  0 
 7895  0 
 7896  0 
 7897  0 
 7898  0 
 7899  0 
 7900  0 
 7901  0 
 7902  0 
 7903  0 
 7904  0 
 7905  0 
 7906  0 
 7907  0 
 7908  0 
 7909  0 
 7910  0 
 7911  0 
 7912  0 
 7913  0 
 7914  0 
 7915  0 
 7916  0 
 7917  0 
 7918  0 
 7919  0 
 7920  0 
 7921  0 
 7922  0 
 7923  0 
 7924  0 
 7925  0 
 7926  0 
 7927  0 
 7928  0 
 7929  0 
 7930  0 
 7931  0 
 7932  0 
 7933  0 
 7934  0 
 7935  0 
 7936  0 
 7937  0 
 7938  0 
 7939  0 
 7940  0 
 7941  0 
 7942  0 
 7943  0 
 7944  0 
 7945  0 
 7946  0 
 7947  0 
 7948  0 
 7949  0 
 7950  0 
 7951  0 
 7952  0 
 7953  0 
 7954  0 
 7955  0 
 7956  0 
 7957  0 
 7958  0 
 7959  0 
 7960  0 
 7961  0 
 7962  0 
 7963  0 
 7964  0 
 7965  0 
 7966  0 
 7967  0 
 7968  0 
 7969  0 
 7970  0 
 7971  0 
 7972  0 
 7973  0 
 7974  0 
 7975  0 
 7976  0 
 7977  0 
 7978  0 
 7979  0 
 7980  0 
 7981  0 
 7982  0 
 7983  0 
 7984  0 
 7985  0 
 7986  0 
 7987  0 
 7988  0 
 7989  0 
 7990  0 
 7991  0 
 7992  0 
 7993  0 
 7994  0 
 7995  0 
 7996  0 
 7997  0 
 7998  0 
 7999  0 
 8000  0 
 8001  0 
 8002  0 
 8003  0 
 8004  0 
 8005  0 
 8006  0 
 8007  0 
 8008  0 
 8009  0 
 8010  0 
 8011  0 
 8012  0 
 8013  0 
 8014  0 
 8015  0 
 8016  0 
 8017  0 
 8018  0 
 8019  0 
 8020  0 
 8021  0 
 8022  0 
 8023  0 
 8024  0 
 8025  0 
 8026  0 
 8027  0 
 8028  0 
 8029  0 
 8030  0 
 8031  0 
 8032  0 
 8033  0 
 8034  0 
 8035  0 
 8036  0 
 8037  0 
 8038  0 
 8039  0 
 8040  0 
 8041  0 
 8042  0 
 8043  0 
 8044  0 
 8045  0 
 8046  0 
 8047  0 
 8048  0 
 8049  0 
 8050  0 
 8051  0 
 8052  0 
 8053  0 
 8054  0 
 8055  0 
 8056  0 
 8057  0 
 8058  0 
 8059  0 
 8060  0 
 8061  0 
 8062  0 
 8063  0 
 8064  0 
 8065  0 
 8066  0 
 8067  0 
 8068  0 
 8069  0 
 8070  0 
 8071  0 
 8072  0 
 8073  0 
 8074  0 
 8075  0 
 8076  0 
 8077  0 
 8078  0 
 8079  0 
 8080  0 
 8081  0 
 8082  0 
 8083  0 
 8084  0 
 8085  0 
 8086  0 
 8087  0 
 8088  0 
 8089  0 
 8090  0 
 8091  0 
 8092  0 
 8093  0 
 8094  0 
 8095  0 
 8096  0 
 8097  0 
 8098  0 
 8099  0 
 8100  0 
 8101  0 
 8102  0 
 8103  0 
 8104  0 
 8105  0 
 8106  0 
 8107  0 
 8108  0 
 8109  0 
 8110  0 
 8111  0 
 8112  0 
 8113  0 
 8114  0 
 8115  0 
 8116  0 
 8117  0 
 8118  0 
 8119  0 
 8120  0 
 8121  0 
 8122  0 
 8123  0 
 8124  0 
 8125  0 
 8126  0 
 8127  0 
 8128  0 
 8129  0 
 8130  0 
 8131  0 
 8132  0 
 8133  0 
 8134  0 
 8135  0 
 8136  0 
 8137  0 
 8138  0 
 8139  0 
 8140  0 
 8141  0 
 8142  0 
 8143  0 
 8144  0 
 8145  0 
 8146  0 
 8147  0 
 8148  0 
 8149  0 
 8150  0 
 8151  0 
 8152  0 
 8153  0 
 8154  0 
 8155  0 
 8156  0 
 8157  0 
 8158  0 
 8159  0 
 8160  0 
 8161  0 
 8162  0 
 8163  0 
 8164  0 
 8165  0 
 8166  0 
 8167  0 
 8168  0 
 8169  0 
 8170  0 
 8171  0 
 8172  0 
 8173  0 
 8174  0 
 8175  0 
 8176  0 
 8177  0 
 8178  0 
 8179  0 
 8180  0 
 8181  0 
 8182  0 
 8183  0 
 8184  0 
 8185  0 
 8186  0 
 8187  0 
 8188  0 
 8189  0 
 8190  0 
 8191  0 
