 0  916 
 1  928 
 2  0 
 3  0 
 4  0 
 5  0 
 6  0 
 7  0 
 8  0 
 9  0 
 10  0 
 11  0 
 12  0 
 13  0 
 14  0 
 15  0 
 16  0 
 17  0 
 18  0 
 19  0 
 20  0 
 21  0 
 22  0 
 23  0 
 24  0 
 25  0 
 26  0 
 27  0 
 28  0 
 29  0 
 30  0 
 31  0 
 32  0 
 33  0 
 34  0 
 35  0 
 36  0 
 37  0 
 38  0 
 39  0 
 40  0 
 41  0 
 42  0 
 43  0 
 44  0 
 45  0 
 46  0 
 47  0 
 48  0 
 49  0 
 50  0 
 51  0 
 52  0 
 53  0 
 54  0 
 55  0 
 56  0 
 57  0 
 58  0 
 59  0 
 60  0 
 61  0 
 62  0 
 63  0 
 64  0 
 65  0 
 66  0 
 67  0 
 68  0 
 69  0 
 70  0 
 71  0 
 72  0 
 73  0 
 74  0 
 75  0 
 76  0 
 77  0 
 78  0 
 79  0 
 80  0 
 81  0 
 82  0 
 83  0 
 84  0 
 85  0 
 86  0 
 87  0 
 88  0 
 89  0 
 90  0 
 91  0 
 92  0 
 93  0 
 94  0 
 95  0 
 96  0 
 97  0 
 98  0 
 99  0 
 100  0 
 101  0 
 102  0 
 103  0 
 104  0 
 105  0 
 106  0 
 107  0 
 108  0 
 109  0 
 110  0 
 111  0 
 112  0 
 113  0 
 114  0 
 115  0 
 116  0 
 117  0 
 118  0 
 119  0 
 120  0 
 121  0 
 122  0 
 123  0 
 124  0 
 125  0 
 126  0 
 127  0 
 128  0 
 129  0 
 130  0 
 131  0 
 132  0 
 133  0 
 134  0 
 135  0 
 136  0 
 137  0 
 138  0 
 139  0 
 140  0 
 141  0 
 142  0 
 143  0 
 144  0 
 145  0 
 146  0 
 147  0 
 148  0 
 149  0 
 150  0 
 151  0 
 152  0 
 153  0 
 154  0 
 155  0 
 156  0 
 157  0 
 158  0 
 159  0 
 160  0 
 161  0 
 162  0 
 163  0 
 164  0 
 165  0 
 166  0 
 167  0 
 168  0 
 169  0 
 170  0 
 171  0 
 172  0 
 173  0 
 174  0 
 175  0 
 176  0 
 177  0 
 178  0 
 179  0 
 180  0 
 181  0 
 182  0 
 183  0 
 184  0 
 185  0 
 186  0 
 187  0 
 188  0 
 189  0 
 190  0 
 191  0 
 192  0 
 193  0 
 194  0 
 195  0 
 196  0 
 197  0 
 198  0 
 199  0 
 200  0 
 201  0 
 202  0 
 203  0 
 204  0 
 205  0 
 206  0 
 207  0 
 208  0 
 209  0 
 210  0 
 211  0 
 212  0 
 213  0 
 214  0 
 215  0 
 216  0 
 217  0 
 218  0 
 219  0 
 220  0 
 221  0 
 222  0 
 223  0 
 224  0 
 225  0 
 226  0 
 227  0 
 228  0 
 229  0 
 230  0 
 231  0 
 232  0 
 233  0 
 234  0 
 235  0 
 236  0 
 237  0 
 238  0 
 239  0 
 240  0 
 241  0 
 242  0 
 243  0 
 244  0 
 245  0 
 246  0 
 247  0 
 248  0 
 249  0 
 250  0 
 251  0 
 252  0 
 253  0 
 254  0 
 255  0 
 256  0 
 257  0 
 258  0 
 259  0 
 260  0 
 261  0 
 262  0 
 263  0 
 264  0 
 265  0 
 266  0 
 267  0 
 268  0 
 269  0 
 270  0 
 271  0 
 272  0 
 273  0 
 274  0 
 275  0 
 276  0 
 277  0 
 278  0 
 279  0 
 280  0 
 281  0 
 282  0 
 283  0 
 284  0 
 285  0 
 286  0 
 287  0 
 288  0 
 289  0 
 290  0 
 291  0 
 292  0 
 293  0 
 294  0 
 295  0 
 296  0 
 297  0 
 298  0 
 299  0 
 300  0 
 301  0 
 302  0 
 303  0 
 304  0 
 305  0 
 306  0 
 307  0 
 308  0 
 309  0 
 310  0 
 311  0 
 312  0 
 313  0 
 314  0 
 315  0 
 316  0 
 317  0 
 318  0 
 319  0 
 320  0 
 321  0 
 322  0 
 323  0 
 324  0 
 325  0 
 326  0 
 327  0 
 328  0 
 329  0 
 330  0 
 331  0 
 332  0 
 333  0 
 334  0 
 335  0 
 336  0 
 337  0 
 338  0 
 339  0 
 340  0 
 341  0 
 342  0 
 343  0 
 344  0 
 345  0 
 346  0 
 347  0 
 348  0 
 349  0 
 350  0 
 351  0 
 352  0 
 353  0 
 354  0 
 355  0 
 356  0 
 357  0 
 358  0 
 359  0 
 360  0 
 361  0 
 362  0 
 363  0 
 364  0 
 365  0 
 366  0 
 367  0 
 368  0 
 369  0 
 370  0 
 371  0 
 372  0 
 373  0 
 374  0 
 375  0 
 376  0 
 377  0 
 378  0 
 379  0 
 380  0 
 381  0 
 382  0 
 383  0 
 384  0 
 385  0 
 386  0 
 387  0 
 388  0 
 389  0 
 390  0 
 391  0 
 392  0 
 393  0 
 394  0 
 395  0 
 396  0 
 397  0 
 398  0 
 399  0 
 400  0 
 401  0 
 402  0 
 403  0 
 404  0 
 405  0 
 406  0 
 407  0 
 408  0 
 409  0 
 410  0 
 411  0 
 412  0 
 413  0 
 414  0 
 415  0 
 416  0 
 417  0 
 418  0 
 419  0 
 420  0 
 421  0 
 422  0 
 423  0 
 424  0 
 425  0 
 426  0 
 427  0 
 428  0 
 429  0 
 430  0 
 431  0 
 432  0 
 433  0 
 434  0 
 435  0 
 436  0 
 437  0 
 438  0 
 439  0 
 440  0 
 441  0 
 442  0 
 443  0 
 444  0 
 445  0 
 446  0 
 447  0 
 448  0 
 449  0 
 450  0 
 451  0 
 452  0 
 453  0 
 454  0 
 455  0 
 456  0 
 457  0 
 458  0 
 459  0 
 460  0 
 461  0 
 462  0 
 463  0 
 464  0 
 465  0 
 466  0 
 467  0 
 468  0 
 469  0 
 470  0 
 471  0 
 472  0 
 473  0 
 474  0 
 475  0 
 476  0 
 477  0 
 478  0 
 479  0 
 480  0 
 481  0 
 482  0 
 483  0 
 484  0 
 485  2 
 486  4 
 487  34 
 488  63 
 489  72 
 490  73 
 491  58 
 492  65 
 493  68 
 494  53 
 495  65 
 496  53 
 497  70 
 498  65 
 499  58 
 500  55 
 501  51 
 502  68 
 503  66 
 504  52 
 505  48 
 506  58 
 507  49 
 508  60 
 509  56 
 510  46 
 511  54 
 512  49 
 513  54 
 514  50 
 515  50 
 516  59 
 517  50 
 518  41 
 519  54 
 520  61 
 521  61 
 522  47 
 523  43 
 524  60 
 525  37 
 526  54 
 527  45 
 528  58 
 529  51 
 530  51 
 531  52 
 532  50 
 533  42 
 534  48 
 535  53 
 536  41 
 537  53 
 538  48 
 539  56 
 540  63 
 541  49 
 542  45 
 543  53 
 544  57 
 545  57 
 546  49 
 547  48 
 548  44 
 549  55 
 550  46 
 551  52 
 552  52 
 553  37 
 554  51 
 555  62 
 556  35 
 557  40 
 558  50 
 559  50 
 560  38 
 561  56 
 562  50 
 563  45 
 564  32 
 565  38 
 566  51 
 567  31 
 568  48 
 569  53 
 570  47 
 571  59 
 572  36 
 573  52 
 574  51 
 575  51 
 576  55 
 577  54 
 578  42 
 579  54 
 580  45 
 581  51 
 582  52 
 583  49 
 584  38 
 585  47 
 586  38 
 587  45 
 588  44 
 589  33 
 590  39 
 591  41 
 592  49 
 593  57 
 594  47 
 595  56 
 596  40 
 597  46 
 598  44 
 599  62 
 600  43 
 601  59 
 602  40 
 603  47 
 604  46 
 605  49 
 606  34 
 607  50 
 608  43 
 609  40 
 610  33 
 611  53 
 612  46 
 613  44 
 614  34 
 615  38 
 616  55 
 617  36 
 618  38 
 619  46 
 620  41 
 621  44 
 622  55 
 623  46 
 624  47 
 625  39 
 626  47 
 627  28 
 628  51 
 629  54 
 630  47 
 631  52 
 632  33 
 633  32 
 634  33 
 635  40 
 636  53 
 637  46 
 638  40 
 639  46 
 640  47 
 641  39 
 642  43 
 643  35 
 644  40 
 645  39 
 646  54 
 647  44 
 648  49 
 649  41 
 650  41 
 651  46 
 652  51 
 653  39 
 654  38 
 655  32 
 656  39 
 657  42 
 658  35 
 659  50 
 660  51 
 661  49 
 662  49 
 663  35 
 664  43 
 665  51 
 666  39 
 667  49 
 668  45 
 669  48 
 670  51 
 671  42 
 672  55 
 673  43 
 674  51 
 675  47 
 676  45 
 677  37 
 678  39 
 679  38 
 680  38 
 681  43 
 682  44 
 683  38 
 684  46 
 685  52 
 686  34 
 687  41 
 688  43 
 689  33 
 690  43 
 691  37 
 692  34 
 693  39 
 694  45 
 695  36 
 696  31 
 697  30 
 698  40 
 699  44 
 700  38 
 701  39 
 702  55 
 703  36 
 704  51 
 705  46 
 706  41 
 707  44 
 708  38 
 709  36 
 710  39 
 711  47 
 712  42 
 713  36 
 714  44 
 715  46 
 716  49 
 717  44 
 718  32 
 719  49 
 720  45 
 721  37 
 722  33 
 723  41 
 724  48 
 725  47 
 726  47 
 727  39 
 728  38 
 729  32 
 730  31 
 731  49 
 732  38 
 733  27 
 734  29 
 735  47 
 736  35 
 737  32 
 738  56 
 739  45 
 740  38 
 741  41 
 742  34 
 743  31 
 744  34 
 745  48 
 746  31 
 747  34 
 748  39 
 749  41 
 750  39 
 751  44 
 752  33 
 753  35 
 754  41 
 755  36 
 756  29 
 757  41 
 758  32 
 759  51 
 760  34 
 761  33 
 762  53 
 763  43 
 764  42 
 765  53 
 766  50 
 767  39 
 768  47 
 769  32 
 770  32 
 771  36 
 772  32 
 773  37 
 774  38 
 775  42 
 776  30 
 777  33 
 778  33 
 779  40 
 780  32 
 781  29 
 782  28 
 783  49 
 784  39 
 785  38 
 786  37 
 787  36 
 788  37 
 789  38 
 790  38 
 791  38 
 792  28 
 793  32 
 794  36 
 795  31 
 796  48 
 797  34 
 798  34 
 799  44 
 800  37 
 801  37 
 802  33 
 803  25 
 804  41 
 805  40 
 806  37 
 807  27 
 808  43 
 809  45 
 810  30 
 811  42 
 812  39 
 813  42 
 814  31 
 815  29 
 816  32 
 817  26 
 818  42 
 819  29 
 820  38 
 821  47 
 822  40 
 823  38 
 824  41 
 825  44 
 826  33 
 827  42 
 828  45 
 829  24 
 830  34 
 831  42 
 832  43 
 833  25 
 834  31 
 835  36 
 836  38 
 837  42 
 838  30 
 839  29 
 840  47 
 841  36 
 842  34 
 843  42 
 844  47 
 845  41 
 846  41 
 847  38 
 848  33 
 849  37 
 850  32 
 851  32 
 852  27 
 853  32 
 854  38 
 855  36 
 856  41 
 857  37 
 858  30 
 859  39 
 860  37 
 861  34 
 862  25 
 863  26 
 864  33 
 865  43 
 866  34 
 867  36 
 868  27 
 869  24 
 870  34 
 871  47 
 872  31 
 873  49 
 874  29 
 875  44 
 876  36 
 877  48 
 878  36 
 879  32 
 880  34 
 881  50 
 882  41 
 883  33 
 884  26 
 885  41 
 886  35 
 887  29 
 888  40 
 889  43 
 890  38 
 891  41 
 892  34 
 893  42 
 894  36 
 895  37 
 896  29 
 897  30 
 898  42 
 899  26 
 900  24 
 901  37 
 902  34 
 903  26 
 904  35 
 905  40 
 906  33 
 907  40 
 908  40 
 909  40 
 910  39 
 911  41 
 912  31 
 913  36 
 914  35 
 915  32 
 916  23 
 917  32 
 918  32 
 919  33 
 920  38 
 921  27 
 922  42 
 923  34 
 924  24 
 925  37 
 926  36 
 927  30 
 928  27 
 929  31 
 930  35 
 931  45 
 932  29 
 933  41 
 934  32 
 935  33 
 936  26 
 937  29 
 938  26 
 939  41 
 940  46 
 941  30 
 942  30 
 943  30 
 944  35 
 945  36 
 946  32 
 947  36 
 948  30 
 949  29 
 950  25 
 951  22 
 952  27 
 953  29 
 954  43 
 955  31 
 956  36 
 957  29 
 958  38 
 959  31 
 960  41 
 961  32 
 962  37 
 963  33 
 964  39 
 965  32 
 966  30 
 967  32 
 968  28 
 969  40 
 970  26 
 971  32 
 972  41 
 973  28 
 974  22 
 975  16 
 976  32 
 977  39 
 978  33 
 979  35 
 980  30 
 981  34 
 982  41 
 983  37 
 984  36 
 985  35 
 986  43 
 987  38 
 988  23 
 989  36 
 990  30 
 991  36 
 992  37 
 993  32 
 994  32 
 995  43 
 996  22 
 997  34 
 998  31 
 999  28 
 1000  34 
 1001  32 
 1002  37 
 1003  35 
 1004  40 
 1005  35 
 1006  28 
 1007  24 
 1008  36 
 1009  24 
 1010  34 
 1011  26 
 1012  30 
 1013  33 
 1014  38 
 1015  21 
 1016  32 
 1017  31 
 1018  31 
 1019  35 
 1020  33 
 1021  41 
 1022  23 
 1023  42 
 1024  40 
 1025  23 
 1026  25 
 1027  42 
 1028  29 
 1029  38 
 1030  31 
 1031  32 
 1032  41 
 1033  44 
 1034  42 
 1035  31 
 1036  30 
 1037  37 
 1038  29 
 1039  34 
 1040  35 
 1041  26 
 1042  28 
 1043  33 
 1044  41 
 1045  34 
 1046  36 
 1047  24 
 1048  21 
 1049  30 
 1050  31 
 1051  29 
 1052  31 
 1053  25 
 1054  40 
 1055  35 
 1056  22 
 1057  35 
 1058  25 
 1059  32 
 1060  31 
 1061  38 
 1062  33 
 1063  29 
 1064  24 
 1065  33 
 1066  31 
 1067  32 
 1068  24 
 1069  23 
 1070  29 
 1071  41 
 1072  24 
 1073  28 
 1074  42 
 1075  21 
 1076  34 
 1077  28 
 1078  25 
 1079  30 
 1080  39 
 1081  26 
 1082  37 
 1083  29 
 1084  22 
 1085  30 
 1086  30 
 1087  37 
 1088  31 
 1089  31 
 1090  22 
 1091  30 
 1092  33 
 1093  26 
 1094  27 
 1095  25 
 1096  22 
 1097  35 
 1098  30 
 1099  36 
 1100  35 
 1101  27 
 1102  35 
 1103  41 
 1104  46 
 1105  29 
 1106  32 
 1107  30 
 1108  32 
 1109  32 
 1110  31 
 1111  31 
 1112  36 
 1113  29 
 1114  28 
 1115  36 
 1116  34 
 1117  38 
 1118  44 
 1119  22 
 1120  24 
 1121  23 
 1122  28 
 1123  22 
 1124  26 
 1125  38 
 1126  27 
 1127  41 
 1128  29 
 1129  36 
 1130  21 
 1131  29 
 1132  40 
 1133  29 
 1134  33 
 1135  29 
 1136  21 
 1137  33 
 1138  27 
 1139  27 
 1140  25 
 1141  20 
 1142  33 
 1143  30 
 1144  36 
 1145  33 
 1146  20 
 1147  38 
 1148  25 
 1149  30 
 1150  26 
 1151  27 
 1152  30 
 1153  32 
 1154  25 
 1155  37 
 1156  23 
 1157  29 
 1158  27 
 1159  29 
 1160  27 
 1161  27 
 1162  35 
 1163  25 
 1164  38 
 1165  34 
 1166  25 
 1167  39 
 1168  30 
 1169  21 
 1170  31 
 1171  26 
 1172  32 
 1173  30 
 1174  38 
 1175  26 
 1176  46 
 1177  28 
 1178  30 
 1179  20 
 1180  26 
 1181  25 
 1182  27 
 1183  29 
 1184  24 
 1185  28 
 1186  26 
 1187  25 
 1188  23 
 1189  27 
 1190  30 
 1191  34 
 1192  25 
 1193  29 
 1194  20 
 1195  34 
 1196  26 
 1197  29 
 1198  31 
 1199  37 
 1200  31 
 1201  31 
 1202  30 
 1203  25 
 1204  26 
 1205  27 
 1206  26 
 1207  28 
 1208  31 
 1209  30 
 1210  29 
 1211  28 
 1212  35 
 1213  22 
 1214  26 
 1215  26 
 1216  38 
 1217  28 
 1218  34 
 1219  32 
 1220  32 
 1221  37 
 1222  26 
 1223  26 
 1224  32 
 1225  22 
 1226  27 
 1227  28 
 1228  28 
 1229  27 
 1230  31 
 1231  25 
 1232  25 
 1233  36 
 1234  32 
 1235  29 
 1236  25 
 1237  27 
 1238  24 
 1239  23 
 1240  26 
 1241  24 
 1242  24 
 1243  22 
 1244  25 
 1245  31 
 1246  26 
 1247  28 
 1248  24 
 1249  32 
 1250  35 
 1251  26 
 1252  26 
 1253  32 
 1254  21 
 1255  27 
 1256  40 
 1257  21 
 1258  27 
 1259  26 
 1260  25 
 1261  23 
 1262  26 
 1263  29 
 1264  35 
 1265  24 
 1266  34 
 1267  26 
 1268  25 
 1269  27 
 1270  24 
 1271  26 
 1272  29 
 1273  30 
 1274  36 
 1275  23 
 1276  26 
 1277  30 
 1278  30 
 1279  31 
 1280  26 
 1281  31 
 1282  24 
 1283  25 
 1284  25 
 1285  26 
 1286  36 
 1287  27 
 1288  30 
 1289  29 
 1290  22 
 1291  24 
 1292  26 
 1293  33 
 1294  34 
 1295  25 
 1296  27 
 1297  27 
 1298  27 
 1299  24 
 1300  31 
 1301  23 
 1302  24 
 1303  24 
 1304  28 
 1305  34 
 1306  19 
 1307  24 
 1308  23 
 1309  28 
 1310  26 
 1311  27 
 1312  19 
 1313  20 
 1314  22 
 1315  23 
 1316  25 
 1317  35 
 1318  25 
 1319  25 
 1320  21 
 1321  32 
 1322  24 
 1323  33 
 1324  26 
 1325  22 
 1326  32 
 1327  28 
 1328  34 
 1329  24 
 1330  24 
 1331  23 
 1332  19 
 1333  22 
 1334  19 
 1335  17 
 1336  19 
 1337  37 
 1338  15 
 1339  19 
 1340  34 
 1341  40 
 1342  25 
 1343  14 
 1344  23 
 1345  21 
 1346  22 
 1347  26 
 1348  33 
 1349  24 
 1350  18 
 1351  32 
 1352  20 
 1353  24 
 1354  30 
 1355  27 
 1356  20 
 1357  22 
 1358  27 
 1359  18 
 1360  19 
 1361  23 
 1362  22 
 1363  21 
 1364  30 
 1365  21 
 1366  20 
 1367  22 
 1368  40 
 1369  23 
 1370  28 
 1371  14 
 1372  32 
 1373  21 
 1374  22 
 1375  27 
 1376  20 
 1377  27 
 1378  36 
 1379  36 
 1380  30 
 1381  30 
 1382  22 
 1383  16 
 1384  23 
 1385  25 
 1386  36 
 1387  19 
 1388  20 
 1389  27 
 1390  18 
 1391  24 
 1392  33 
 1393  24 
 1394  36 
 1395  17 
 1396  35 
 1397  27 
 1398  17 
 1399  19 
 1400  19 
 1401  23 
 1402  19 
 1403  32 
 1404  18 
 1405  27 
 1406  29 
 1407  22 
 1408  38 
 1409  17 
 1410  21 
 1411  30 
 1412  17 
 1413  21 
 1414  18 
 1415  31 
 1416  24 
 1417  21 
 1418  24 
 1419  21 
 1420  22 
 1421  30 
 1422  24 
 1423  20 
 1424  24 
 1425  25 
 1426  16 
 1427  22 
 1428  30 
 1429  22 
 1430  21 
 1431  27 
 1432  23 
 1433  27 
 1434  28 
 1435  22 
 1436  16 
 1437  23 
 1438  27 
 1439  26 
 1440  18 
 1441  26 
 1442  25 
 1443  18 
 1444  28 
 1445  28 
 1446  18 
 1447  26 
 1448  23 
 1449  26 
 1450  22 
 1451  28 
 1452  33 
 1453  25 
 1454  21 
 1455  27 
 1456  23 
 1457  26 
 1458  29 
 1459  19 
 1460  32 
 1461  23 
 1462  20 
 1463  21 
 1464  18 
 1465  24 
 1466  17 
 1467  27 
 1468  32 
 1469  23 
 1470  23 
 1471  26 
 1472  27 
 1473  25 
 1474  20 
 1475  28 
 1476  22 
 1477  28 
 1478  26 
 1479  26 
 1480  17 
 1481  30 
 1482  30 
 1483  25 
 1484  29 
 1485  23 
 1486  18 
 1487  22 
 1488  20 
 1489  20 
 1490  21 
 1491  23 
 1492  18 
 1493  19 
 1494  24 
 1495  16 
 1496  12 
 1497  30 
 1498  29 
 1499  16 
 1500  22 
 1501  21 
 1502  14 
 1503  25 
 1504  15 
 1505  18 
 1506  24 
 1507  18 
 1508  30 
 1509  28 
 1510  25 
 1511  22 
 1512  11 
 1513  31 
 1514  26 
 1515  25 
 1516  22 
 1517  21 
 1518  26 
 1519  32 
 1520  25 
 1521  18 
 1522  21 
 1523  22 
 1524  20 
 1525  28 
 1526  23 
 1527  20 
 1528  26 
 1529  22 
 1530  21 
 1531  17 
 1532  17 
 1533  22 
 1534  16 
 1535  21 
 1536  13 
 1537  16 
 1538  24 
 1539  27 
 1540  17 
 1541  25 
 1542  16 
 1543  25 
 1544  25 
 1545  23 
 1546  24 
 1547  25 
 1548  17 
 1549  21 
 1550  36 
 1551  23 
 1552  20 
 1553  24 
 1554  23 
 1555  26 
 1556  30 
 1557  25 
 1558  17 
 1559  15 
 1560  22 
 1561  25 
 1562  14 
 1563  24 
 1564  26 
 1565  18 
 1566  25 
 1567  18 
 1568  25 
 1569  21 
 1570  21 
 1571  13 
 1572  25 
 1573  26 
 1574  18 
 1575  18 
 1576  17 
 1577  13 
 1578  14 
 1579  28 
 1580  24 
 1581  26 
 1582  24 
 1583  22 
 1584  18 
 1585  31 
 1586  16 
 1587  16 
 1588  18 
 1589  22 
 1590  24 
 1591  24 
 1592  22 
 1593  19 
 1594  22 
 1595  21 
 1596  30 
 1597  17 
 1598  20 
 1599  14 
 1600  24 
 1601  22 
 1602  15 
 1603  22 
 1604  20 
 1605  17 
 1606  29 
 1607  17 
 1608  27 
 1609  24 
 1610  19 
 1611  20 
 1612  25 
 1613  27 
 1614  17 
 1615  19 
 1616  22 
 1617  15 
 1618  22 
 1619  17 
 1620  20 
 1621  18 
 1622  25 
 1623  28 
 1624  18 
 1625  20 
 1626  18 
 1627  21 
 1628  13 
 1629  28 
 1630  20 
 1631  20 
 1632  19 
 1633  25 
 1634  28 
 1635  17 
 1636  21 
 1637  22 
 1638  22 
 1639  20 
 1640  30 
 1641  31 
 1642  28 
 1643  16 
 1644  19 
 1645  18 
 1646  16 
 1647  18 
 1648  22 
 1649  21 
 1650  21 
 1651  18 
 1652  23 
 1653  17 
 1654  21 
 1655  17 
 1656  27 
 1657  18 
 1658  16 
 1659  21 
 1660  17 
 1661  25 
 1662  23 
 1663  17 
 1664  21 
 1665  27 
 1666  13 
 1667  21 
 1668  17 
 1669  20 
 1670  18 
 1671  25 
 1672  17 
 1673  20 
 1674  22 
 1675  14 
 1676  24 
 1677  27 
 1678  25 
 1679  17 
 1680  25 
 1681  26 
 1682  20 
 1683  17 
 1684  14 
 1685  19 
 1686  23 
 1687  26 
 1688  25 
 1689  15 
 1690  18 
 1691  13 
 1692  21 
 1693  14 
 1694  26 
 1695  12 
 1696  18 
 1697  26 
 1698  25 
 1699  13 
 1700  23 
 1701  16 
 1702  13 
 1703  19 
 1704  17 
 1705  22 
 1706  20 
 1707  13 
 1708  13 
 1709  18 
 1710  17 
 1711  20 
 1712  26 
 1713  15 
 1714  26 
 1715  20 
 1716  18 
 1717  25 
 1718  28 
 1719  25 
 1720  25 
 1721  17 
 1722  26 
 1723  14 
 1724  19 
 1725  14 
 1726  14 
 1727  14 
 1728  20 
 1729  23 
 1730  12 
 1731  24 
 1732  18 
 1733  14 
 1734  22 
 1735  13 
 1736  20 
 1737  13 
 1738  22 
 1739  16 
 1740  16 
 1741  20 
 1742  18 
 1743  23 
 1744  23 
 1745  20 
 1746  17 
 1747  21 
 1748  24 
 1749  14 
 1750  25 
 1751  24 
 1752  24 
 1753  22 
 1754  18 
 1755  22 
 1756  18 
 1757  19 
 1758  19 
 1759  19 
 1760  22 
 1761  24 
 1762  25 
 1763  13 
 1764  17 
 1765  24 
 1766  18 
 1767  23 
 1768  16 
 1769  16 
 1770  20 
 1771  23 
 1772  25 
 1773  18 
 1774  20 
 1775  24 
 1776  29 
 1777  26 
 1778  17 
 1779  18 
 1780  25 
 1781  21 
 1782  15 
 1783  18 
 1784  21 
 1785  18 
 1786  12 
 1787  20 
 1788  20 
 1789  21 
 1790  16 
 1791  27 
 1792  18 
 1793  22 
 1794  32 
 1795  17 
 1796  20 
 1797  20 
 1798  15 
 1799  21 
 1800  16 
 1801  23 
 1802  22 
 1803  24 
 1804  22 
 1805  20 
 1806  6 
 1807  27 
 1808  15 
 1809  19 
 1810  26 
 1811  16 
 1812  20 
 1813  25 
 1814  22 
 1815  15 
 1816  18 
 1817  24 
 1818  13 
 1819  18 
 1820  22 
 1821  14 
 1822  14 
 1823  22 
 1824  23 
 1825  19 
 1826  21 
 1827  15 
 1828  18 
 1829  12 
 1830  33 
 1831  9 
 1832  21 
 1833  19 
 1834  14 
 1835  15 
 1836  25 
 1837  15 
 1838  21 
 1839  13 
 1840  16 
 1841  19 
 1842  13 
 1843  13 
 1844  16 
 1845  20 
 1846  12 
 1847  23 
 1848  16 
 1849  19 
 1850  20 
 1851  29 
 1852  19 
 1853  28 
 1854  17 
 1855  15 
 1856  17 
 1857  14 
 1858  16 
 1859  21 
 1860  16 
 1861  14 
 1862  17 
 1863  15 
 1864  20 
 1865  20 
 1866  19 
 1867  16 
 1868  11 
 1869  17 
 1870  17 
 1871  17 
 1872  18 
 1873  12 
 1874  17 
 1875  12 
 1876  9 
 1877  16 
 1878  19 
 1879  19 
 1880  14 
 1881  12 
 1882  21 
 1883  17 
 1884  21 
 1885  22 
 1886  16 
 1887  12 
 1888  18 
 1889  14 
 1890  15 
 1891  18 
 1892  21 
 1893  14 
 1894  13 
 1895  23 
 1896  13 
 1897  17 
 1898  24 
 1899  11 
 1900  15 
 1901  12 
 1902  20 
 1903  22 
 1904  16 
 1905  21 
 1906  15 
 1907  19 
 1908  21 
 1909  16 
 1910  21 
 1911  22 
 1912  15 
 1913  12 
 1914  12 
 1915  19 
 1916  15 
 1917  16 
 1918  20 
 1919  13 
 1920  15 
 1921  17 
 1922  18 
 1923  14 
 1924  20 
 1925  11 
 1926  14 
 1927  18 
 1928  15 
 1929  22 
 1930  20 
 1931  11 
 1932  14 
 1933  19 
 1934  18 
 1935  17 
 1936  15 
 1937  18 
 1938  17 
 1939  10 
 1940  21 
 1941  13 
 1942  17 
 1943  19 
 1944  21 
 1945  14 
 1946  17 
 1947  18 
 1948  18 
 1949  9 
 1950  14 
 1951  12 
 1952  12 
 1953  12 
 1954  14 
 1955  18 
 1956  22 
 1957  24 
 1958  15 
 1959  17 
 1960  24 
 1961  18 
 1962  17 
 1963  19 
 1964  17 
 1965  17 
 1966  16 
 1967  14 
 1968  10 
 1969  15 
 1970  28 
 1971  21 
 1972  19 
 1973  21 
 1974  16 
 1975  15 
 1976  14 
 1977  14 
 1978  10 
 1979  13 
 1980  20 
 1981  20 
 1982  13 
 1983  25 
 1984  15 
 1985  16 
 1986  25 
 1987  21 
 1988  14 
 1989  17 
 1990  21 
 1991  23 
 1992  10 
 1993  23 
 1994  19 
 1995  13 
 1996  20 
 1997  13 
 1998  18 
 1999  19 
 2000  18 
 2001  15 
 2002  15 
 2003  13 
 2004  20 
 2005  29 
 2006  23 
 2007  25 
 2008  18 
 2009  16 
 2010  27 
 2011  14 
 2012  18 
 2013  20 
 2014  14 
 2015  22 
 2016  27 
 2017  20 
 2018  20 
 2019  16 
 2020  14 
 2021  17 
 2022  15 
 2023  15 
 2024  19 
 2025  19 
 2026  18 
 2027  20 
 2028  18 
 2029  30 
 2030  12 
 2031  23 
 2032  18 
 2033  22 
 2034  19 
 2035  16 
 2036  26 
 2037  22 
 2038  23 
 2039  20 
 2040  22 
 2041  17 
 2042  16 
 2043  16 
 2044  19 
 2045  11 
 2046  21 
 2047  15 
 2048  22 
 2049  27 
 2050  22 
 2051  24 
 2052  31 
 2053  15 
 2054  30 
 2055  12 
 2056  32 
 2057  18 
 2058  19 
 2059  31 
 2060  23 
 2061  36 
 2062  28 
 2063  20 
 2064  24 
 2065  17 
 2066  18 
 2067  21 
 2068  26 
 2069  19 
 2070  17 
 2071  23 
 2072  20 
 2073  18 
 2074  16 
 2075  14 
 2076  21 
 2077  23 
 2078  12 
 2079  16 
 2080  20 
 2081  22 
 2082  27 
 2083  18 
 2084  21 
 2085  20 
 2086  21 
 2087  16 
 2088  11 
 2089  17 
 2090  15 
 2091  16 
 2092  15 
 2093  17 
 2094  22 
 2095  21 
 2096  17 
 2097  18 
 2098  14 
 2099  18 
 2100  19 
 2101  11 
 2102  17 
 2103  18 
 2104  13 
 2105  17 
 2106  20 
 2107  17 
 2108  15 
 2109  16 
 2110  24 
 2111  20 
 2112  14 
 2113  13 
 2114  14 
 2115  12 
 2116  16 
 2117  12 
 2118  13 
 2119  19 
 2120  15 
 2121  14 
 2122  19 
 2123  18 
 2124  19 
 2125  18 
 2126  19 
 2127  9 
 2128  17 
 2129  16 
 2130  16 
 2131  16 
 2132  19 
 2133  18 
 2134  17 
 2135  21 
 2136  19 
 2137  19 
 2138  13 
 2139  15 
 2140  21 
 2141  19 
 2142  26 
 2143  17 
 2144  11 
 2145  16 
 2146  17 
 2147  12 
 2148  10 
 2149  13 
 2150  20 
 2151  15 
 2152  19 
 2153  14 
 2154  15 
 2155  14 
 2156  12 
 2157  12 
 2158  20 
 2159  16 
 2160  7 
 2161  17 
 2162  22 
 2163  10 
 2164  17 
 2165  14 
 2166  17 
 2167  20 
 2168  13 
 2169  20 
 2170  25 
 2171  18 
 2172  12 
 2173  12 
 2174  9 
 2175  10 
 2176  22 
 2177  13 
 2178  13 
 2179  26 
 2180  17 
 2181  18 
 2182  16 
 2183  11 
 2184  14 
 2185  15 
 2186  16 
 2187  15 
 2188  19 
 2189  12 
 2190  19 
 2191  15 
 2192  17 
 2193  22 
 2194  14 
 2195  18 
 2196  18 
 2197  21 
 2198  20 
 2199  13 
 2200  11 
 2201  16 
 2202  12 
 2203  14 
 2204  18 
 2205  17 
 2206  17 
 2207  13 
 2208  20 
 2209  18 
 2210  10 
 2211  16 
 2212  13 
 2213  15 
 2214  13 
 2215  18 
 2216  16 
 2217  10 
 2218  20 
 2219  13 
 2220  15 
 2221  16 
 2222  13 
 2223  15 
 2224  12 
 2225  20 
 2226  14 
 2227  12 
 2228  13 
 2229  16 
 2230  17 
 2231  18 
 2232  13 
 2233  19 
 2234  13 
 2235  15 
 2236  15 
 2237  15 
 2238  17 
 2239  19 
 2240  13 
 2241  14 
 2242  18 
 2243  14 
 2244  15 
 2245  17 
 2246  9 
 2247  10 
 2248  22 
 2249  17 
 2250  14 
 2251  19 
 2252  15 
 2253  19 
 2254  16 
 2255  14 
 2256  9 
 2257  23 
 2258  14 
 2259  10 
 2260  22 
 2261  14 
 2262  13 
 2263  18 
 2264  20 
 2265  5 
 2266  8 
 2267  14 
 2268  14 
 2269  15 
 2270  11 
 2271  15 
 2272  19 
 2273  19 
 2274  13 
 2275  12 
 2276  18 
 2277  13 
 2278  13 
 2279  8 
 2280  10 
 2281  11 
 2282  13 
 2283  16 
 2284  17 
 2285  19 
 2286  16 
 2287  12 
 2288  10 
 2289  21 
 2290  21 
 2291  11 
 2292  9 
 2293  16 
 2294  14 
 2295  23 
 2296  18 
 2297  21 
 2298  17 
 2299  16 
 2300  14 
 2301  14 
 2302  15 
 2303  17 
 2304  15 
 2305  15 
 2306  17 
 2307  19 
 2308  8 
 2309  18 
 2310  9 
 2311  23 
 2312  18 
 2313  18 
 2314  16 
 2315  18 
 2316  19 
 2317  15 
 2318  13 
 2319  18 
 2320  18 
 2321  23 
 2322  8 
 2323  11 
 2324  22 
 2325  13 
 2326  19 
 2327  26 
 2328  15 
 2329  19 
 2330  13 
 2331  12 
 2332  15 
 2333  11 
 2334  17 
 2335  21 
 2336  12 
 2337  18 
 2338  12 
 2339  20 
 2340  11 
 2341  18 
 2342  12 
 2343  16 
 2344  11 
 2345  15 
 2346  18 
 2347  16 
 2348  17 
 2349  16 
 2350  17 
 2351  12 
 2352  13 
 2353  12 
 2354  18 
 2355  16 
 2356  14 
 2357  15 
 2358  15 
 2359  18 
 2360  17 
 2361  19 
 2362  16 
 2363  16 
 2364  14 
 2365  11 
 2366  13 
 2367  15 
 2368  15 
 2369  16 
 2370  19 
 2371  15 
 2372  14 
 2373  11 
 2374  12 
 2375  11 
 2376  7 
 2377  9 
 2378  13 
 2379  9 
 2380  16 
 2381  17 
 2382  17 
 2383  20 
 2384  16 
 2385  21 
 2386  19 
 2387  9 
 2388  16 
 2389  15 
 2390  16 
 2391  16 
 2392  11 
 2393  24 
 2394  9 
 2395  13 
 2396  12 
 2397  22 
 2398  11 
 2399  5 
 2400  11 
 2401  6 
 2402  16 
 2403  21 
 2404  15 
 2405  21 
 2406  13 
 2407  17 
 2408  16 
 2409  11 
 2410  15 
 2411  16 
 2412  11 
 2413  17 
 2414  11 
 2415  15 
 2416  13 
 2417  13 
 2418  12 
 2419  16 
 2420  25 
 2421  14 
 2422  16 
 2423  13 
 2424  19 
 2425  10 
 2426  7 
 2427  16 
 2428  9 
 2429  15 
 2430  18 
 2431  16 
 2432  14 
 2433  18 
 2434  13 
 2435  21 
 2436  13 
 2437  24 
 2438  16 
 2439  14 
 2440  11 
 2441  16 
 2442  12 
 2443  11 
 2444  16 
 2445  12 
 2446  12 
 2447  13 
 2448  15 
 2449  19 
 2450  16 
 2451  14 
 2452  11 
 2453  18 
 2454  9 
 2455  14 
 2456  18 
 2457  14 
 2458  17 
 2459  16 
 2460  12 
 2461  16 
 2462  12 
 2463  20 
 2464  17 
 2465  12 
 2466  17 
 2467  21 
 2468  16 
 2469  21 
 2470  12 
 2471  13 
 2472  13 
 2473  22 
 2474  15 
 2475  18 
 2476  21 
 2477  12 
 2478  20 
 2479  14 
 2480  13 
 2481  8 
 2482  13 
 2483  12 
 2484  22 
 2485  15 
 2486  12 
 2487  15 
 2488  23 
 2489  12 
 2490  16 
 2491  17 
 2492  14 
 2493  11 
 2494  15 
 2495  15 
 2496  10 
 2497  17 
 2498  18 
 2499  17 
 2500  14 
 2501  17 
 2502  11 
 2503  11 
 2504  17 
 2505  20 
 2506  20 
 2507  16 
 2508  8 
 2509  13 
 2510  12 
 2511  17 
 2512  13 
 2513  14 
 2514  15 
 2515  19 
 2516  13 
 2517  13 
 2518  16 
 2519  8 
 2520  19 
 2521  24 
 2522  21 
 2523  20 
 2524  14 
 2525  16 
 2526  7 
 2527  16 
 2528  14 
 2529  15 
 2530  15 
 2531  17 
 2532  14 
 2533  16 
 2534  17 
 2535  14 
 2536  13 
 2537  14 
 2538  16 
 2539  10 
 2540  20 
 2541  17 
 2542  16 
 2543  15 
 2544  19 
 2545  23 
 2546  10 
 2547  8 
 2548  12 
 2549  11 
 2550  18 
 2551  19 
 2552  13 
 2553  14 
 2554  9 
 2555  10 
 2556  12 
 2557  20 
 2558  14 
 2559  17 
 2560  11 
 2561  21 
 2562  14 
 2563  16 
 2564  17 
 2565  15 
 2566  21 
 2567  9 
 2568  11 
 2569  12 
 2570  15 
 2571  11 
 2572  24 
 2573  11 
 2574  12 
 2575  15 
 2576  11 
 2577  15 
 2578  17 
 2579  21 
 2580  10 
 2581  10 
 2582  8 
 2583  15 
 2584  22 
 2585  13 
 2586  16 
 2587  14 
 2588  17 
 2589  16 
 2590  10 
 2591  12 
 2592  10 
 2593  14 
 2594  19 
 2595  14 
 2596  8 
 2597  7 
 2598  14 
 2599  12 
 2600  14 
 2601  22 
 2602  26 
 2603  12 
 2604  8 
 2605  15 
 2606  13 
 2607  13 
 2608  16 
 2609  11 
 2610  18 
 2611  9 
 2612  17 
 2613  14 
 2614  13 
 2615  20 
 2616  14 
 2617  14 
 2618  17 
 2619  11 
 2620  14 
 2621  5 
 2622  13 
 2623  15 
 2624  17 
 2625  16 
 2626  17 
 2627  15 
 2628  15 
 2629  8 
 2630  8 
 2631  12 
 2632  14 
 2633  17 
 2634  11 
 2635  16 
 2636  10 
 2637  10 
 2638  18 
 2639  11 
 2640  11 
 2641  17 
 2642  19 
 2643  10 
 2644  15 
 2645  17 
 2646  12 
 2647  11 
 2648  13 
 2649  13 
 2650  6 
 2651  18 
 2652  14 
 2653  17 
 2654  15 
 2655  20 
 2656  14 
 2657  15 
 2658  17 
 2659  14 
 2660  10 
 2661  12 
 2662  18 
 2663  14 
 2664  15 
 2665  17 
 2666  16 
 2667  13 
 2668  13 
 2669  26 
 2670  21 
 2671  12 
 2672  18 
 2673  16 
 2674  12 
 2675  18 
 2676  12 
 2677  20 
 2678  21 
 2679  15 
 2680  15 
 2681  15 
 2682  8 
 2683  18 
 2684  16 
 2685  17 
 2686  12 
 2687  13 
 2688  14 
 2689  16 
 2690  13 
 2691  15 
 2692  12 
 2693  14 
 2694  23 
 2695  10 
 2696  15 
 2697  19 
 2698  10 
 2699  18 
 2700  8 
 2701  13 
 2702  12 
 2703  11 
 2704  12 
 2705  20 
 2706  19 
 2707  22 
 2708  17 
 2709  17 
 2710  13 
 2711  13 
 2712  9 
 2713  17 
 2714  14 
 2715  10 
 2716  24 
 2717  16 
 2718  18 
 2719  12 
 2720  19 
 2721  7 
 2722  20 
 2723  26 
 2724  18 
 2725  19 
 2726  16 
 2727  14 
 2728  12 
 2729  14 
 2730  18 
 2731  20 
 2732  15 
 2733  20 
 2734  14 
 2735  17 
 2736  15 
 2737  12 
 2738  21 
 2739  20 
 2740  20 
 2741  21 
 2742  8 
 2743  14 
 2744  19 
 2745  13 
 2746  17 
 2747  19 
 2748  17 
 2749  15 
 2750  10 
 2751  26 
 2752  18 
 2753  16 
 2754  15 
 2755  11 
 2756  13 
 2757  21 
 2758  18 
 2759  13 
 2760  18 
 2761  11 
 2762  15 
 2763  11 
 2764  20 
 2765  18 
 2766  14 
 2767  23 
 2768  13 
 2769  17 
 2770  16 
 2771  11 
 2772  16 
 2773  20 
 2774  16 
 2775  13 
 2776  16 
 2777  11 
 2778  23 
 2779  17 
 2780  14 
 2781  15 
 2782  31 
 2783  17 
 2784  16 
 2785  18 
 2786  23 
 2787  15 
 2788  20 
 2789  21 
 2790  18 
 2791  25 
 2792  25 
 2793  23 
 2794  23 
 2795  21 
 2796  18 
 2797  18 
 2798  21 
 2799  21 
 2800  22 
 2801  28 
 2802  22 
 2803  25 
 2804  24 
 2805  31 
 2806  13 
 2807  24 
 2808  30 
 2809  33 
 2810  22 
 2811  29 
 2812  29 
 2813  21 
 2814  25 
 2815  30 
 2816  32 
 2817  32 
 2818  31 
 2819  28 
 2820  37 
 2821  27 
 2822  23 
 2823  32 
 2824  28 
 2825  42 
 2826  27 
 2827  35 
 2828  45 
 2829  41 
 2830  31 
 2831  34 
 2832  39 
 2833  33 
 2834  33 
 2835  29 
 2836  40 
 2837  41 
 2838  27 
 2839  28 
 2840  40 
 2841  33 
 2842  32 
 2843  40 
 2844  30 
 2845  34 
 2846  23 
 2847  36 
 2848  32 
 2849  32 
 2850  33 
 2851  29 
 2852  44 
 2853  36 
 2854  41 
 2855  31 
 2856  27 
 2857  21 
 2858  35 
 2859  36 
 2860  32 
 2861  37 
 2862  33 
 2863  30 
 2864  38 
 2865  36 
 2866  47 
 2867  28 
 2868  33 
 2869  30 
 2870  38 
 2871  45 
 2872  27 
 2873  29 
 2874  50 
 2875  46 
 2876  47 
 2877  43 
 2878  51 
 2879  48 
 2880  57 
 2881  53 
 2882  43 
 2883  48 
 2884  47 
 2885  60 
 2886  66 
 2887  78 
 2888  66 
 2889  64 
 2890  51 
 2891  76 
 2892  76 
 2893  77 
 2894  60 
 2895  74 
 2896  83 
 2897  80 
 2898  94 
 2899  85 
 2900  91 
 2901  119 
 2902  93 
 2903  114 
 2904  125 
 2905  128 
 2906  119 
 2907  121 
 2908  126 
 2909  115 
 2910  152 
 2911  176 
 2912  152 
 2913  158 
 2914  167 
 2915  166 
 2916  196 
 2917  179 
 2918  190 
 2919  186 
 2920  180 
 2921  177 
 2922  177 
 2923  193 
 2924  186 
 2925  192 
 2926  195 
 2927  216 
 2928  192 
 2929  193 
 2930  178 
 2931  192 
 2932  159 
 2933  173 
 2934  203 
 2935  175 
 2936  182 
 2937  177 
 2938  142 
 2939  160 
 2940  159 
 2941  141 
 2942  144 
 2943  161 
 2944  139 
 2945  118 
 2946  118 
 2947  127 
 2948  122 
 2949  77 
 2950  99 
 2951  102 
 2952  92 
 2953  76 
 2954  99 
 2955  75 
 2956  84 
 2957  50 
 2958  71 
 2959  59 
 2960  57 
 2961  49 
 2962  49 
 2963  56 
 2964  45 
 2965  37 
 2966  41 
 2967  37 
 2968  30 
 2969  34 
 2970  35 
 2971  28 
 2972  26 
 2973  23 
 2974  28 
 2975  31 
 2976  32 
 2977  21 
 2978  22 
 2979  23 
 2980  23 
 2981  24 
 2982  19 
 2983  22 
 2984  21 
 2985  16 
 2986  16 
 2987  20 
 2988  17 
 2989  21 
 2990  23 
 2991  20 
 2992  20 
 2993  21 
 2994  13 
 2995  19 
 2996  13 
 2997  24 
 2998  29 
 2999  15 
 3000  16 
 3001  23 
 3002  24 
 3003  19 
 3004  23 
 3005  21 
 3006  20 
 3007  22 
 3008  18 
 3009  20 
 3010  14 
 3011  20 
 3012  18 
 3013  24 
 3014  21 
 3015  20 
 3016  23 
 3017  19 
 3018  20 
 3019  17 
 3020  21 
 3021  17 
 3022  32 
 3023  28 
 3024  21 
 3025  27 
 3026  23 
 3027  18 
 3028  22 
 3029  10 
 3030  23 
 3031  21 
 3032  22 
 3033  21 
 3034  20 
 3035  18 
 3036  22 
 3037  27 
 3038  21 
 3039  19 
 3040  20 
 3041  17 
 3042  25 
 3043  25 
 3044  25 
 3045  23 
 3046  32 
 3047  19 
 3048  19 
 3049  15 
 3050  22 
 3051  29 
 3052  27 
 3053  19 
 3054  28 
 3055  13 
 3056  23 
 3057  34 
 3058  34 
 3059  21 
 3060  25 
 3061  33 
 3062  28 
 3063  33 
 3064  22 
 3065  17 
 3066  22 
 3067  25 
 3068  22 
 3069  21 
 3070  20 
 3071  26 
 3072  22 
 3073  31 
 3074  28 
 3075  24 
 3076  21 
 3077  29 
 3078  29 
 3079  40 
 3080  29 
 3081  27 
 3082  35 
 3083  33 
 3084  28 
 3085  23 
 3086  40 
 3087  40 
 3088  38 
 3089  34 
 3090  38 
 3091  41 
 3092  40 
 3093  41 
 3094  33 
 3095  36 
 3096  30 
 3097  51 
 3098  40 
 3099  60 
 3100  57 
 3101  57 
 3102  57 
 3103  72 
 3104  53 
 3105  66 
 3106  61 
 3107  57 
 3108  56 
 3109  67 
 3110  64 
 3111  72 
 3112  75 
 3113  66 
 3114  85 
 3115  79 
 3116  90 
 3117  101 
 3118  88 
 3119  103 
 3120  83 
 3121  108 
 3122  108 
 3123  114 
 3124  149 
 3125  127 
 3126  123 
 3127  151 
 3128  155 
 3129  177 
 3130  155 
 3131  174 
 3132  191 
 3133  204 
 3134  208 
 3135  226 
 3136  225 
 3137  250 
 3138  266 
 3139  249 
 3140  258 
 3141  314 
 3142  356 
 3143  319 
 3144  366 
 3145  406 
 3146  418 
 3147  415 
 3148  479 
 3149  496 
 3150  546 
 3151  586 
 3152  606 
 3153  649 
 3154  670 
 3155  740 
 3156  855 
 3157  930 
 3158  914 
 3159  1032 
 3160  1064 
 3161  1154 
 3162  1243 
 3163  1406 
 3164  1484 
 3165  1572 
 3166  1688 
 3167  1809 
 3168  1954 
 3169  2107 
 3170  2292 
 3171  2261 
 3172  2372 
 3173  2586 
 3174  2586 
 3175  2669 
 3176  2822 
 3177  2937 
 3178  3043 
 3179  3067 
 3180  3238 
 3181  3285 
 3182  3364 
 3183  3321 
 3184  3416 
 3185  3363 
 3186  3299 
 3187  3229 
 3188  3132 
 3189  3138 
 3190  2904 
 3191  2822 
 3192  2814 
 3193  2636 
 3194  2494 
 3195  2413 
 3196  2177 
 3197  2121 
 3198  1954 
 3199  1733 
 3200  1665 
 3201  1479 
 3202  1419 
 3203  1215 
 3204  1157 
 3205  995 
 3206  887 
 3207  854 
 3208  745 
 3209  592 
 3210  573 
 3211  458 
 3212  423 
 3213  363 
 3214  315 
 3215  281 
 3216  242 
 3217  200 
 3218  178 
 3219  170 
 3220  141 
 3221  109 
 3222  107 
 3223  103 
 3224  72 
 3225  92 
 3226  82 
 3227  67 
 3228  55 
 3229  57 
 3230  45 
 3231  48 
 3232  60 
 3233  43 
 3234  40 
 3235  61 
 3236  51 
 3237  52 
 3238  41 
 3239  52 
 3240  53 
 3241  45 
 3242  44 
 3243  38 
 3244  53 
 3245  57 
 3246  42 
 3247  61 
 3248  61 
 3249  54 
 3250  64 
 3251  56 
 3252  61 
 3253  66 
 3254  63 
 3255  79 
 3256  98 
 3257  100 
 3258  94 
 3259  98 
 3260  104 
 3261  108 
 3262  108 
 3263  130 
 3264  103 
 3265  122 
 3266  121 
 3267  107 
 3268  113 
 3269  110 
 3270  123 
 3271  117 
 3272  131 
 3273  112 
 3274  121 
 3275  107 
 3276  96 
 3277  109 
 3278  113 
 3279  103 
 3280  105 
 3281  90 
 3282  79 
 3283  88 
 3284  84 
 3285  80 
 3286  76 
 3287  84 
 3288  80 
 3289  57 
 3290  61 
 3291  51 
 3292  52 
 3293  49 
 3294  37 
 3295  45 
 3296  44 
 3297  33 
 3298  47 
 3299  38 
 3300  34 
 3301  50 
 3302  27 
 3303  33 
 3304  36 
 3305  35 
 3306  32 
 3307  38 
 3308  45 
 3309  43 
 3310  34 
 3311  38 
 3312  41 
 3313  41 
 3314  44 
 3315  53 
 3316  44 
 3317  42 
 3318  56 
 3319  43 
 3320  53 
 3321  52 
 3322  46 
 3323  48 
 3324  64 
 3325  53 
 3326  66 
 3327  72 
 3328  79 
 3329  72 
 3330  74 
 3331  67 
 3332  74 
 3333  78 
 3334  80 
 3335  111 
 3336  102 
 3337  105 
 3338  112 
 3339  114 
 3340  96 
 3341  123 
 3342  139 
 3343  136 
 3344  138 
 3345  147 
 3346  158 
 3347  150 
 3348  155 
 3349  166 
 3350  188 
 3351  176 
 3352  206 
 3353  188 
 3354  209 
 3355  220 
 3356  240 
 3357  256 
 3358  272 
 3359  255 
 3360  309 
 3361  281 
 3362  322 
 3363  340 
 3364  337 
 3365  385 
 3366  377 
 3367  434 
 3368  421 
 3369  446 
 3370  478 
 3371  548 
 3372  523 
 3373  539 
 3374  574 
 3375  650 
 3376  663 
 3377  680 
 3378  722 
 3379  746 
 3380  722 
 3381  833 
 3382  803 
 3383  879 
 3384  894 
 3385  875 
 3386  1045 
 3387  1004 
 3388  1020 
 3389  1094 
 3390  1042 
 3391  1064 
 3392  1122 
 3393  1171 
 3394  1156 
 3395  1208 
 3396  1244 
 3397  1238 
 3398  1202 
 3399  1252 
 3400  1309 
 3401  1358 
 3402  1282 
 3403  1261 
 3404  1270 
 3405  1265 
 3406  1222 
 3407  1263 
 3408  1256 
 3409  1241 
 3410  1195 
 3411  1152 
 3412  1151 
 3413  1116 
 3414  1079 
 3415  1019 
 3416  1005 
 3417  926 
 3418  916 
 3419  895 
 3420  858 
 3421  789 
 3422  791 
 3423  679 
 3424  690 
 3425  582 
 3426  588 
 3427  556 
 3428  499 
 3429  463 
 3430  435 
 3431  384 
 3432  350 
 3433  305 
 3434  289 
 3435  241 
 3436  228 
 3437  205 
 3438  202 
 3439  157 
 3440  133 
 3441  127 
 3442  118 
 3443  84 
 3444  114 
 3445  70 
 3446  68 
 3447  67 
 3448  67 
 3449  60 
 3450  64 
 3451  45 
 3452  45 
 3453  67 
 3454  44 
 3455  55 
 3456  62 
 3457  60 
 3458  64 
 3459  71 
 3460  70 
 3461  80 
 3462  70 
 3463  83 
 3464  82 
 3465  83 
 3466  99 
 3467  93 
 3468  109 
 3469  127 
 3470  118 
 3471  112 
 3472  110 
 3473  138 
 3474  154 
 3475  130 
 3476  121 
 3477  155 
 3478  162 
 3479  164 
 3480  182 
 3481  144 
 3482  173 
 3483  149 
 3484  170 
 3485  164 
 3486  140 
 3487  138 
 3488  165 
 3489  146 
 3490  139 
 3491  115 
 3492  129 
 3493  120 
 3494  93 
 3495  102 
 3496  94 
 3497  100 
 3498  79 
 3499  59 
 3500  55 
 3501  71 
 3502  52 
 3503  59 
 3504  48 
 3505  44 
 3506  48 
 3507  45 
 3508  40 
 3509  35 
 3510  37 
 3511  25 
 3512  27 
 3513  29 
 3514  29 
 3515  27 
 3516  18 
 3517  20 
 3518  27 
 3519  25 
 3520  22 
 3521  24 
 3522  24 
 3523  19 
 3524  29 
 3525  22 
 3526  26 
 3527  17 
 3528  22 
 3529  12 
 3530  17 
 3531  23 
 3532  13 
 3533  17 
 3534  14 
 3535  13 
 3536  13 
 3537  7 
 3538  7 
 3539  12 
 3540  10 
 3541  7 
 3542  6 
 3543  8 
 3544  6 
 3545  2 
 3546  8 
 3547  5 
 3548  2 
 3549  2 
 3550  4 
 3551  4 
 3552  8 
 3553  6 
 3554  2 
 3555  2 
 3556  1 
 3557  3 
 3558  2 
 3559  2 
 3560  1 
 3561  2 
 3562  1 
 3563  3 
 3564  1 
 3565  2 
 3566  0 
 3567  3 
 3568  2 
 3569  0 
 3570  2 
 3571  0 
 3572  0 
 3573  1 
 3574  1 
 3575  0 
 3576  0 
 3577  1 
 3578  1 
 3579  2 
 3580  0 
 3581  2 
 3582  1 
 3583  1 
 3584  1 
 3585  2 
 3586  0 
 3587  0 
 3588  3 
 3589  0 
 3590  0 
 3591  0 
 3592  1 
 3593  4 
 3594  0 
 3595  0 
 3596  1 
 3597  1 
 3598  0 
 3599  0 
 3600  1 
 3601  2 
 3602  0 
 3603  2 
 3604  0 
 3605  1 
 3606  1 
 3607  0 
 3608  0 
 3609  1 
 3610  0 
 3611  0 
 3612  1 
 3613  0 
 3614  0 
 3615  0 
 3616  1 
 3617  0 
 3618  0 
 3619  0 
 3620  2 
 3621  0 
 3622  0 
 3623  1 
 3624  0 
 3625  0 
 3626  2 
 3627  1 
 3628  0 
 3629  2 
 3630  1 
 3631  0 
 3632  1 
 3633  0 
 3634  2 
 3635  0 
 3636  2 
 3637  0 
 3638  0 
 3639  2 
 3640  0 
 3641  0 
 3642  0 
 3643  0 
 3644  0 
 3645  0 
 3646  0 
 3647  0 
 3648  1 
 3649  1 
 3650  1 
 3651  0 
 3652  0 
 3653  0 
 3654  1 
 3655  0 
 3656  1 
 3657  0 
 3658  1 
 3659  1 
 3660  0 
 3661  0 
 3662  0 
 3663  0 
 3664  0 
 3665  1 
 3666  1 
 3667  1 
 3668  0 
 3669  0 
 3670  0 
 3671  0 
 3672  1 
 3673  0 
 3674  0 
 3675  0 
 3676  0 
 3677  0 
 3678  0 
 3679  1 
 3680  2 
 3681  0 
 3682  0 
 3683  1 
 3684  0 
 3685  0 
 3686  0 
 3687  0 
 3688  0 
 3689  0 
 3690  0 
 3691  0 
 3692  0 
 3693  0 
 3694  0 
 3695  1 
 3696  1 
 3697  0 
 3698  0 
 3699  0 
 3700  0 
 3701  0 
 3702  0 
 3703  1 
 3704  0 
 3705  0 
 3706  0 
 3707  0 
 3708  1 
 3709  0 
 3710  0 
 3711  0 
 3712  0 
 3713  0 
 3714  0 
 3715  0 
 3716  0 
 3717  2 
 3718  0 
 3719  0 
 3720  0 
 3721  0 
 3722  0 
 3723  0 
 3724  1 
 3725  2 
 3726  0 
 3727  0 
 3728  0 
 3729  1 
 3730  0 
 3731  2 
 3732  2 
 3733  1 
 3734  0 
 3735  0 
 3736  1 
 3737  1 
 3738  0 
 3739  1 
 3740  0 
 3741  1 
 3742  0 
 3743  0 
 3744  0 
 3745  0 
 3746  2 
 3747  1 
 3748  0 
 3749  0 
 3750  1 
 3751  0 
 3752  0 
 3753  0 
 3754  0 
 3755  1 
 3756  0 
 3757  1 
 3758  1 
 3759  0 
 3760  0 
 3761  0 
 3762  1 
 3763  1 
 3764  1 
 3765  0 
 3766  0 
 3767  0 
 3768  1 
 3769  2 
 3770  0 
 3771  0 
 3772  0 
 3773  1 
 3774  0 
 3775  1 
 3776  0 
 3777  0 
 3778  0 
 3779  0 
 3780  1 
 3781  0 
 3782  1 
 3783  0 
 3784  1 
 3785  0 
 3786  0 
 3787  0 
 3788  0 
 3789  0 
 3790  0 
 3791  0 
 3792  0 
 3793  0 
 3794  0 
 3795  0 
 3796  1 
 3797  0 
 3798  0 
 3799  0 
 3800  0 
 3801  0 
 3802  0 
 3803  2 
 3804  0 
 3805  0 
 3806  1 
 3807  0 
 3808  0 
 3809  0 
 3810  0 
 3811  0 
 3812  1 
 3813  1 
 3814  0 
 3815  0 
 3816  1 
 3817  0 
 3818  0 
 3819  1 
 3820  0 
 3821  0 
 3822  0 
 3823  0 
 3824  0 
 3825  1 
 3826  0 
 3827  0 
 3828  0 
 3829  1 
 3830  1 
 3831  1 
 3832  1 
 3833  0 
 3834  1 
 3835  2 
 3836  0 
 3837  1 
 3838  0 
 3839  0 
 3840  1 
 3841  0 
 3842  0 
 3843  0 
 3844  1 
 3845  0 
 3846  0 
 3847  0 
 3848  0 
 3849  1 
 3850  0 
 3851  0 
 3852  1 
 3853  0 
 3854  1 
 3855  0 
 3856  0 
 3857  0 
 3858  0 
 3859  1 
 3860  0 
 3861  0 
 3862  0 
 3863  0 
 3864  0 
 3865  0 
 3866  0 
 3867  0 
 3868  0 
 3869  1 
 3870  0 
 3871  0 
 3872  0 
 3873  1 
 3874  0 
 3875  0 
 3876  0 
 3877  1 
 3878  0 
 3879  2 
 3880  1 
 3881  1 
 3882  0 
 3883  0 
 3884  0 
 3885  0 
 3886  0 
 3887  1 
 3888  0 
 3889  0 
 3890  0 
 3891  1 
 3892  0 
 3893  1 
 3894  0 
 3895  0 
 3896  2 
 3897  0 
 3898  0 
 3899  0 
 3900  0 
 3901  0 
 3902  2 
 3903  1 
 3904  1 
 3905  0 
 3906  0 
 3907  0 
 3908  0 
 3909  0 
 3910  0 
 3911  0 
 3912  1 
 3913  0 
 3914  0 
 3915  0 
 3916  0 
 3917  0 
 3918  0 
 3919  0 
 3920  0 
 3921  0 
 3922  1 
 3923  0 
 3924  0 
 3925  0 
 3926  0 
 3927  0 
 3928  0 
 3929  0 
 3930  0 
 3931  0 
 3932  0 
 3933  0 
 3934  1 
 3935  1 
 3936  1 
 3937  0 
 3938  0 
 3939  0 
 3940  0 
 3941  2 
 3942  1 
 3943  0 
 3944  0 
 3945  2 
 3946  0 
 3947  0 
 3948  0 
 3949  0 
 3950  0 
 3951  0 
 3952  0 
 3953  0 
 3954  0 
 3955  0 
 3956  0 
 3957  0 
 3958  0 
 3959  0 
 3960  0 
 3961  1 
 3962  0 
 3963  1 
 3964  1 
 3965  0 
 3966  0 
 3967  0 
 3968  0 
 3969  0 
 3970  0 
 3971  0 
 3972  0 
 3973  0 
 3974  0 
 3975  0 
 3976  0 
 3977  1 
 3978  1 
 3979  0 
 3980  0 
 3981  1 
 3982  0 
 3983  0 
 3984  0 
 3985  1 
 3986  0 
 3987  1 
 3988  0 
 3989  0 
 3990  1 
 3991  0 
 3992  0 
 3993  0 
 3994  1 
 3995  1 
 3996  0 
 3997  0 
 3998  0 
 3999  0 
 4000  0 
 4001  0 
 4002  0 
 4003  0 
 4004  0 
 4005  0 
 4006  0 
 4007  1 
 4008  0 
 4009  1 
 4010  0 
 4011  0 
 4012  0 
 4013  0 
 4014  0 
 4015  0 
 4016  1 
 4017  0 
 4018  1 
 4019  0 
 4020  0 
 4021  1 
 4022  0 
 4023  0 
 4024  1 
 4025  0 
 4026  0 
 4027  0 
 4028  0 
 4029  0 
 4030  0 
 4031  0 
 4032  1 
 4033  0 
 4034  1 
 4035  0 
 4036  0 
 4037  0 
 4038  1 
 4039  0 
 4040  0 
 4041  0 
 4042  0 
 4043  0 
 4044  0 
 4045  0 
 4046  0 
 4047  0 
 4048  0 
 4049  0 
 4050  0 
 4051  1 
 4052  0 
 4053  0 
 4054  0 
 4055  0 
 4056  0 
 4057  0 
 4058  0 
 4059  0 
 4060  0 
 4061  1 
 4062  1 
 4063  1 
 4064  1 
 4065  1 
 4066  0 
 4067  0 
 4068  0 
 4069  0 
 4070  1 
 4071  0 
 4072  0 
 4073  0 
 4074  0 
 4075  0 
 4076  0 
 4077  1 
 4078  0 
 4079  0 
 4080  1 
 4081  0 
 4082  0 
 4083  0 
 4084  0 
 4085  1 
 4086  1 
 4087  0 
 4088  1 
 4089  0 
 4090  0 
 4091  1 
 4092  0 
 4093  0 
 4094  0 
 4095  0 
 4096  0 
 4097  0 
 4098  0 
 4099  0 
 4100  0 
 4101  1 
 4102  0 
 4103  1 
 4104  0 
 4105  0 
 4106  0 
 4107  1 
 4108  0 
 4109  0 
 4110  0 
 4111  1 
 4112  0 
 4113  1 
 4114  0 
 4115  0 
 4116  1 
 4117  1 
 4118  0 
 4119  0 
 4120  0 
 4121  0 
 4122  1 
 4123  0 
 4124  0 
 4125  0 
 4126  0 
 4127  0 
 4128  1 
 4129  1 
 4130  0 
 4131  0 
 4132  0 
 4133  0 
 4134  0 
 4135  0 
 4136  1 
 4137  0 
 4138  0 
 4139  0 
 4140  0 
 4141  0 
 4142  0 
 4143  1 
 4144  0 
 4145  0 
 4146  0 
 4147  0 
 4148  0 
 4149  0 
 4150  0 
 4151  0 
 4152  1 
 4153  0 
 4154  0 
 4155  1 
 4156  0 
 4157  0 
 4158  1 
 4159  0 
 4160  0 
 4161  0 
 4162  0 
 4163  0 
 4164  0 
 4165  0 
 4166  0 
 4167  1 
 4168  0 
 4169  2 
 4170  0 
 4171  0 
 4172  0 
 4173  0 
 4174  0 
 4175  0 
 4176  0 
 4177  0 
 4178  0 
 4179  0 
 4180  0 
 4181  0 
 4182  0 
 4183  0 
 4184  0 
 4185  2 
 4186  0 
 4187  0 
 4188  0 
 4189  0 
 4190  1 
 4191  0 
 4192  0 
 4193  1 
 4194  0 
 4195  0 
 4196  1 
 4197  0 
 4198  0 
 4199  1 
 4200  1 
 4201  0 
 4202  0 
 4203  1 
 4204  0 
 4205  0 
 4206  0 
 4207  0 
 4208  0 
 4209  1 
 4210  0 
 4211  2 
 4212  0 
 4213  0 
 4214  0 
 4215  1 
 4216  0 
 4217  1 
 4218  1 
 4219  0 
 4220  1 
 4221  0 
 4222  1 
 4223  0 
 4224  0 
 4225  0 
 4226  1 
 4227  0 
 4228  0 
 4229  0 
 4230  0 
 4231  0 
 4232  0 
 4233  0 
 4234  0 
 4235  1 
 4236  1 
 4237  0 
 4238  0 
 4239  0 
 4240  0 
 4241  0 
 4242  0 
 4243  0 
 4244  0 
 4245  1 
 4246  0 
 4247  0 
 4248  0 
 4249  0 
 4250  0 
 4251  0 
 4252  0 
 4253  0 
 4254  0 
 4255  0 
 4256  0 
 4257  0 
 4258  1 
 4259  0 
 4260  0 
 4261  0 
 4262  0 
 4263  0 
 4264  0 
 4265  0 
 4266  1 
 4267  0 
 4268  0 
 4269  0 
 4270  0 
 4271  0 
 4272  0 
 4273  0 
 4274  0 
 4275  0 
 4276  1 
 4277  1 
 4278  0 
 4279  0 
 4280  0 
 4281  0 
 4282  0 
 4283  0 
 4284  1 
 4285  0 
 4286  0 
 4287  0 
 4288  0 
 4289  0 
 4290  0 
 4291  1 
 4292  0 
 4293  0 
 4294  1 
 4295  0 
 4296  0 
 4297  1 
 4298  0 
 4299  1 
 4300  0 
 4301  1 
 4302  0 
 4303  0 
 4304  0 
 4305  0 
 4306  1 
 4307  0 
 4308  0 
 4309  0 
 4310  0 
 4311  0 
 4312  1 
 4313  0 
 4314  0 
 4315  0 
 4316  1 
 4317  1 
 4318  1 
 4319  0 
 4320  1 
 4321  1 
 4322  1 
 4323  0 
 4324  0 
 4325  0 
 4326  0 
 4327  0 
 4328  0 
 4329  1 
 4330  0 
 4331  0 
 4332  0 
 4333  0 
 4334  0 
 4335  0 
 4336  0 
 4337  1 
 4338  0 
 4339  0 
 4340  0 
 4341  0 
 4342  0 
 4343  0 
 4344  0 
 4345  0 
 4346  0 
 4347  0 
 4348  0 
 4349  0 
 4350  0 
 4351  1 
 4352  0 
 4353  0 
 4354  0 
 4355  0 
 4356  0 
 4357  0 
 4358  0 
 4359  0 
 4360  0 
 4361  0 
 4362  0 
 4363  0 
 4364  0 
 4365  0 
 4366  0 
 4367  0 
 4368  0 
 4369  0 
 4370  0 
 4371  1 
 4372  1 
 4373  0 
 4374  0 
 4375  0 
 4376  0 
 4377  0 
 4378  0 
 4379  0 
 4380  0 
 4381  0 
 4382  0 
 4383  0 
 4384  0 
 4385  0 
 4386  0 
 4387  0 
 4388  0 
 4389  0 
 4390  0 
 4391  0 
 4392  0 
 4393  0 
 4394  1 
 4395  0 
 4396  0 
 4397  0 
 4398  0 
 4399  0 
 4400  0 
 4401  0 
 4402  2 
 4403  0 
 4404  0 
 4405  0 
 4406  1 
 4407  0 
 4408  0 
 4409  0 
 4410  0 
 4411  0 
 4412  0 
 4413  0 
 4414  0 
 4415  0 
 4416  0 
 4417  0 
 4418  0 
 4419  1 
 4420  0 
 4421  0 
 4422  0 
 4423  1 
 4424  0 
 4425  0 
 4426  0 
 4427  0 
 4428  0 
 4429  1 
 4430  0 
 4431  1 
 4432  0 
 4433  0 
 4434  0 
 4435  0 
 4436  0 
 4437  0 
 4438  0 
 4439  0 
 4440  0 
 4441  0 
 4442  0 
 4443  1 
 4444  0 
 4445  1 
 4446  0 
 4447  1 
 4448  1 
 4449  1 
 4450  0 
 4451  0 
 4452  1 
 4453  0 
 4454  0 
 4455  0 
 4456  0 
 4457  0 
 4458  0 
 4459  0 
 4460  1 
 4461  0 
 4462  1 
 4463  0 
 4464  0 
 4465  0 
 4466  0 
 4467  0 
 4468  1 
 4469  0 
 4470  1 
 4471  0 
 4472  0 
 4473  0 
 4474  0 
 4475  0 
 4476  0 
 4477  0 
 4478  0 
 4479  0 
 4480  0 
 4481  1 
 4482  0 
 4483  0 
 4484  0 
 4485  0 
 4486  0 
 4487  0 
 4488  0 
 4489  1 
 4490  0 
 4491  2 
 4492  0 
 4493  0 
 4494  0 
 4495  1 
 4496  0 
 4497  0 
 4498  1 
 4499  0 
 4500  0 
 4501  0 
 4502  0 
 4503  1 
 4504  1 
 4505  0 
 4506  0 
 4507  1 
 4508  0 
 4509  1 
 4510  0 
 4511  0 
 4512  0 
 4513  0 
 4514  0 
 4515  0 
 4516  0 
 4517  0 
 4518  1 
 4519  1 
 4520  0 
 4521  0 
 4522  0 
 4523  0 
 4524  0 
 4525  1 
 4526  0 
 4527  0 
 4528  0 
 4529  0 
 4530  1 
 4531  0 
 4532  0 
 4533  0 
 4534  0 
 4535  0 
 4536  1 
 4537  1 
 4538  0 
 4539  0 
 4540  0 
 4541  1 
 4542  0 
 4543  0 
 4544  0 
 4545  0 
 4546  0 
 4547  0 
 4548  0 
 4549  0 
 4550  0 
 4551  0 
 4552  0 
 4553  0 
 4554  1 
 4555  0 
 4556  0 
 4557  0 
 4558  0 
 4559  0 
 4560  0 
 4561  1 
 4562  0 
 4563  0 
 4564  0 
 4565  0 
 4566  0 
 4567  0 
 4568  1 
 4569  0 
 4570  0 
 4571  0 
 4572  0 
 4573  0 
 4574  0 
 4575  1 
 4576  0 
 4577  0 
 4578  0 
 4579  0 
 4580  1 
 4581  0 
 4582  0 
 4583  0 
 4584  0 
 4585  0 
 4586  1 
 4587  0 
 4588  0 
 4589  0 
 4590  0 
 4591  0 
 4592  1 
 4593  0 
 4594  0 
 4595  0 
 4596  0 
 4597  0 
 4598  0 
 4599  0 
 4600  0 
 4601  0 
 4602  0 
 4603  0 
 4604  0 
 4605  1 
 4606  0 
 4607  0 
 4608  1 
 4609  0 
 4610  0 
 4611  1 
 4612  1 
 4613  1 
 4614  0 
 4615  0 
 4616  0 
 4617  0 
 4618  1 
 4619  0 
 4620  0 
 4621  0 
 4622  0 
 4623  0 
 4624  0 
 4625  0 
 4626  0 
 4627  0 
 4628  1 
 4629  1 
 4630  0 
 4631  0 
 4632  0 
 4633  0 
 4634  0 
 4635  0 
 4636  0 
 4637  1 
 4638  1 
 4639  0 
 4640  0 
 4641  0 
 4642  0 
 4643  0 
 4644  0 
 4645  0 
 4646  1 
 4647  0 
 4648  0 
 4649  1 
 4650  1 
 4651  0 
 4652  0 
 4653  0 
 4654  0 
 4655  0 
 4656  0 
 4657  0 
 4658  0 
 4659  1 
 4660  0 
 4661  0 
 4662  0 
 4663  0 
 4664  0 
 4665  0 
 4666  0 
 4667  0 
 4668  1 
 4669  0 
 4670  1 
 4671  0 
 4672  1 
 4673  1 
 4674  1 
 4675  0 
 4676  0 
 4677  0 
 4678  0 
 4679  0 
 4680  1 
 4681  0 
 4682  0 
 4683  1 
 4684  0 
 4685  0 
 4686  0 
 4687  0 
 4688  0 
 4689  0 
 4690  0 
 4691  0 
 4692  0 
 4693  0 
 4694  0 
 4695  0 
 4696  0 
 4697  0 
 4698  0 
 4699  0 
 4700  0 
 4701  0 
 4702  0 
 4703  0 
 4704  1 
 4705  0 
 4706  1 
 4707  0 
 4708  0 
 4709  0 
 4710  0 
 4711  0 
 4712  0 
 4713  0 
 4714  0 
 4715  0 
 4716  0 
 4717  0 
 4718  0 
 4719  0 
 4720  0 
 4721  0 
 4722  0 
 4723  0 
 4724  0 
 4725  0 
 4726  0 
 4727  0 
 4728  0 
 4729  0 
 4730  0 
 4731  0 
 4732  0 
 4733  0 
 4734  0 
 4735  0 
 4736  0 
 4737  0 
 4738  1 
 4739  0 
 4740  0 
 4741  0 
 4742  0 
 4743  0 
 4744  0 
 4745  2 
 4746  0 
 4747  0 
 4748  0 
 4749  0 
 4750  0 
 4751  0 
 4752  0 
 4753  0 
 4754  0 
 4755  1 
 4756  0 
 4757  0 
 4758  0 
 4759  0 
 4760  0 
 4761  1 
 4762  0 
 4763  0 
 4764  0 
 4765  0 
 4766  0 
 4767  0 
 4768  0 
 4769  0 
 4770  0 
 4771  1 
 4772  0 
 4773  0 
 4774  0 
 4775  0 
 4776  0 
 4777  0 
 4778  0 
 4779  0 
 4780  0 
 4781  0 
 4782  0 
 4783  0 
 4784  0 
 4785  1 
 4786  0 
 4787  0 
 4788  0 
 4789  1 
 4790  0 
 4791  0 
 4792  0 
 4793  0 
 4794  0 
 4795  1 
 4796  1 
 4797  0 
 4798  0 
 4799  0 
 4800  0 
 4801  1 
 4802  1 
 4803  0 
 4804  0 
 4805  0 
 4806  1 
 4807  0 
 4808  0 
 4809  0 
 4810  0 
 4811  0 
 4812  0 
 4813  0 
 4814  1 
 4815  0 
 4816  0 
 4817  0 
 4818  0 
 4819  0 
 4820  1 
 4821  0 
 4822  0 
 4823  0 
 4824  0 
 4825  0 
 4826  0 
 4827  0 
 4828  0 
 4829  0 
 4830  0 
 4831  0 
 4832  0 
 4833  1 
 4834  0 
 4835  0 
 4836  0 
 4837  0 
 4838  0 
 4839  0 
 4840  0 
 4841  0 
 4842  0 
 4843  0 
 4844  1 
 4845  0 
 4846  0 
 4847  0 
 4848  0 
 4849  1 
 4850  1 
 4851  0 
 4852  1 
 4853  0 
 4854  0 
 4855  0 
 4856  0 
 4857  0 
 4858  1 
 4859  0 
 4860  0 
 4861  0 
 4862  0 
 4863  1 
 4864  0 
 4865  0 
 4866  0 
 4867  1 
 4868  0 
 4869  0 
 4870  0 
 4871  0 
 4872  0 
 4873  0 
 4874  0 
 4875  0 
 4876  0 
 4877  0 
 4878  1 
 4879  0 
 4880  0 
 4881  0 
 4882  0 
 4883  0 
 4884  0 
 4885  0 
 4886  0 
 4887  0 
 4888  0 
 4889  0 
 4890  0 
 4891  0 
 4892  2 
 4893  0 
 4894  0 
 4895  1 
 4896  0 
 4897  0 
 4898  0 
 4899  0 
 4900  0 
 4901  0 
 4902  0 
 4903  0 
 4904  0 
 4905  0 
 4906  0 
 4907  0 
 4908  0 
 4909  0 
 4910  0 
 4911  0 
 4912  0 
 4913  0 
 4914  0 
 4915  0 
 4916  0 
 4917  1 
 4918  2 
 4919  1 
 4920  0 
 4921  1 
 4922  0 
 4923  0 
 4924  1 
 4925  0 
 4926  0 
 4927  0 
 4928  1 
 4929  0 
 4930  0 
 4931  0 
 4932  0 
 4933  0 
 4934  0 
 4935  0 
 4936  0 
 4937  1 
 4938  0 
 4939  0 
 4940  0 
 4941  0 
 4942  1 
 4943  1 
 4944  0 
 4945  0 
 4946  0 
 4947  0 
 4948  0 
 4949  0 
 4950  0 
 4951  0 
 4952  0 
 4953  0 
 4954  0 
 4955  0 
 4956  0 
 4957  0 
 4958  0 
 4959  0 
 4960  0 
 4961  0 
 4962  0 
 4963  0 
 4964  0 
 4965  0 
 4966  0 
 4967  0 
 4968  0 
 4969  0 
 4970  0 
 4971  2 
 4972  0 
 4973  0 
 4974  0 
 4975  0 
 4976  0 
 4977  0 
 4978  0 
 4979  0 
 4980  0 
 4981  0 
 4982  0 
 4983  0 
 4984  0 
 4985  0 
 4986  0 
 4987  0 
 4988  0 
 4989  0 
 4990  0 
 4991  0 
 4992  0 
 4993  1 
 4994  0 
 4995  0 
 4996  1 
 4997  0 
 4998  0 
 4999  0 
 5000  0 
 5001  0 
 5002  1 
 5003  0 
 5004  0 
 5005  0 
 5006  0 
 5007  0 
 5008  0 
 5009  0 
 5010  0 
 5011  0 
 5012  0 
 5013  0 
 5014  0 
 5015  0 
 5016  1 
 5017  0 
 5018  0 
 5019  0 
 5020  1 
 5021  0 
 5022  0 
 5023  0 
 5024  0 
 5025  0 
 5026  0 
 5027  1 
 5028  0 
 5029  0 
 5030  1 
 5031  0 
 5032  0 
 5033  0 
 5034  0 
 5035  0 
 5036  0 
 5037  0 
 5038  0 
 5039  0 
 5040  0 
 5041  1 
 5042  2 
 5043  0 
 5044  0 
 5045  0 
 5046  1 
 5047  1 
 5048  1 
 5049  0 
 5050  2 
 5051  1 
 5052  1 
 5053  1 
 5054  1 
 5055  0 
 5056  0 
 5057  0 
 5058  0 
 5059  0 
 5060  0 
 5061  0 
 5062  0 
 5063  0 
 5064  0 
 5065  0 
 5066  0 
 5067  0 
 5068  0 
 5069  1 
 5070  0 
 5071  0 
 5072  0 
 5073  0 
 5074  0 
 5075  0 
 5076  0 
 5077  0 
 5078  0 
 5079  0 
 5080  0 
 5081  0 
 5082  0 
 5083  0 
 5084  0 
 5085  1 
 5086  0 
 5087  1 
 5088  0 
 5089  2 
 5090  0 
 5091  0 
 5092  0 
 5093  0 
 5094  1 
 5095  0 
 5096  0 
 5097  0 
 5098  0 
 5099  0 
 5100  0 
 5101  0 
 5102  0 
 5103  2 
 5104  0 
 5105  0 
 5106  0 
 5107  0 
 5108  0 
 5109  0 
 5110  0 
 5111  0 
 5112  0 
 5113  2 
 5114  0 
 5115  0 
 5116  0 
 5117  0 
 5118  0 
 5119  1 
 5120  0 
 5121  1 
 5122  1 
 5123  0 
 5124  0 
 5125  1 
 5126  1 
 5127  1 
 5128  0 
 5129  0 
 5130  0 
 5131  0 
 5132  1 
 5133  0 
 5134  2 
 5135  0 
 5136  0 
 5137  0 
 5138  0 
 5139  0 
 5140  2 
 5141  1 
 5142  1 
 5143  1 
 5144  0 
 5145  0 
 5146  0 
 5147  1 
 5148  1 
 5149  0 
 5150  1 
 5151  1 
 5152  0 
 5153  0 
 5154  0 
 5155  0 
 5156  2 
 5157  2 
 5158  2 
 5159  4 
 5160  0 
 5161  1 
 5162  0 
 5163  0 
 5164  1 
 5165  1 
 5166  2 
 5167  1 
 5168  2 
 5169  2 
 5170  0 
 5171  2 
 5172  1 
 5173  0 
 5174  0 
 5175  0 
 5176  1 
 5177  0 
 5178  0 
 5179  1 
 5180  0 
 5181  0 
 5182  0 
 5183  1 
 5184  1 
 5185  0 
 5186  1 
 5187  0 
 5188  0 
 5189  1 
 5190  0 
 5191  1 
 5192  0 
 5193  0 
 5194  0 
 5195  0 
 5196  1 
 5197  1 
 5198  2 
 5199  0 
 5200  1 
 5201  0 
 5202  3 
 5203  1 
 5204  0 
 5205  2 
 5206  1 
 5207  1 
 5208  3 
 5209  0 
 5210  1 
 5211  0 
 5212  0 
 5213  1 
 5214  1 
 5215  1 
 5216  0 
 5217  1 
 5218  0 
 5219  0 
 5220  0 
 5221  1 
 5222  1 
 5223  0 
 5224  0 
 5225  0 
 5226  0 
 5227  1 
 5228  1 
 5229  2 
 5230  0 
 5231  0 
 5232  0 
 5233  0 
 5234  1 
 5235  1 
 5236  1 
 5237  2 
 5238  0 
 5239  0 
 5240  1 
 5241  0 
 5242  0 
 5243  0 
 5244  0 
 5245  0 
 5246  0 
 5247  0 
 5248  0 
 5249  0 
 5250  0 
 5251  0 
 5252  0 
 5253  0 
 5254  0 
 5255  0 
 5256  0 
 5257  0 
 5258  1 
 5259  0 
 5260  0 
 5261  1 
 5262  3 
 5263  1 
 5264  1 
 5265  0 
 5266  0 
 5267  1 
 5268  1 
 5269  0 
 5270  0 
 5271  1 
 5272  0 
 5273  1 
 5274  0 
 5275  0 
 5276  1 
 5277  0 
 5278  0 
 5279  0 
 5280  0 
 5281  0 
 5282  1 
 5283  0 
 5284  1 
 5285  1 
 5286  1 
 5287  1 
 5288  0 
 5289  0 
 5290  1 
 5291  2 
 5292  2 
 5293  1 
 5294  0 
 5295  0 
 5296  1 
 5297  0 
 5298  0 
 5299  0 
 5300  1 
 5301  0 
 5302  0 
 5303  0 
 5304  1 
 5305  0 
 5306  0 
 5307  0 
 5308  0 
 5309  0 
 5310  0 
 5311  0 
 5312  0 
 5313  0 
 5314  0 
 5315  0 
 5316  0 
 5317  0 
 5318  0 
 5319  0 
 5320  0 
 5321  1 
 5322  1 
 5323  0 
 5324  0 
 5325  0 
 5326  0 
 5327  1 
 5328  0 
 5329  0 
 5330  0 
 5331  2 
 5332  0 
 5333  0 
 5334  0 
 5335  0 
 5336  1 
 5337  0 
 5338  1 
 5339  0 
 5340  0 
 5341  1 
 5342  0 
 5343  0 
 5344  1 
 5345  1 
 5346  0 
 5347  0 
 5348  0 
 5349  0 
 5350  1 
 5351  0 
 5352  0 
 5353  1 
 5354  0 
 5355  0 
 5356  0 
 5357  0 
 5358  0 
 5359  0 
 5360  0 
 5361  0 
 5362  0 
 5363  0 
 5364  0 
 5365  0 
 5366  0 
 5367  0 
 5368  0 
 5369  0 
 5370  0 
 5371  0 
 5372  0 
 5373  0 
 5374  0 
 5375  0 
 5376  0 
 5377  0 
 5378  1 
 5379  0 
 5380  0 
 5381  0 
 5382  0 
 5383  1 
 5384  0 
 5385  0 
 5386  1 
 5387  0 
 5388  0 
 5389  0 
 5390  0 
 5391  0 
 5392  1 
 5393  1 
 5394  0 
 5395  0 
 5396  0 
 5397  0 
 5398  0 
 5399  0 
 5400  0 
 5401  0 
 5402  0 
 5403  0 
 5404  0 
 5405  0 
 5406  1 
 5407  0 
 5408  0 
 5409  0 
 5410  0 
 5411  1 
 5412  0 
 5413  0 
 5414  0 
 5415  0 
 5416  0 
 5417  0 
 5418  0 
 5419  0 
 5420  0 
 5421  0 
 5422  0 
 5423  0 
 5424  0 
 5425  0 
 5426  0 
 5427  0 
 5428  0 
 5429  0 
 5430  0 
 5431  0 
 5432  0 
 5433  0 
 5434  0 
 5435  1 
 5436  0 
 5437  0 
 5438  2 
 5439  0 
 5440  0 
 5441  0 
 5442  0 
 5443  0 
 5444  0 
 5445  0 
 5446  0 
 5447  0 
 5448  0 
 5449  0 
 5450  0 
 5451  0 
 5452  0 
 5453  0 
 5454  0 
 5455  0 
 5456  1 
 5457  0 
 5458  1 
 5459  0 
 5460  0 
 5461  0 
 5462  0 
 5463  0 
 5464  0 
 5465  0 
 5466  0 
 5467  0 
 5468  1 
 5469  1 
 5470  0 
 5471  0 
 5472  0 
 5473  0 
 5474  0 
 5475  0 
 5476  0 
 5477  0 
 5478  0 
 5479  0 
 5480  0 
 5481  0 
 5482  0 
 5483  0 
 5484  1 
 5485  0 
 5486  0 
 5487  0 
 5488  0 
 5489  0 
 5490  0 
 5491  1 
 5492  0 
 5493  0 
 5494  0 
 5495  0 
 5496  0 
 5497  1 
 5498  1 
 5499  0 
 5500  0 
 5501  0 
 5502  0 
 5503  0 
 5504  0 
 5505  0 
 5506  0 
 5507  0 
 5508  0 
 5509  0 
 5510  0 
 5511  0 
 5512  0 
 5513  0 
 5514  1 
 5515  0 
 5516  0 
 5517  1 
 5518  0 
 5519  1 
 5520  0 
 5521  1 
 5522  0 
 5523  0 
 5524  0 
 5525  0 
 5526  0 
 5527  1 
 5528  0 
 5529  0 
 5530  1 
 5531  0 
 5532  0 
 5533  0 
 5534  0 
 5535  0 
 5536  1 
 5537  0 
 5538  0 
 5539  0 
 5540  0 
 5541  0 
 5542  0 
 5543  2 
 5544  0 
 5545  0 
 5546  0 
 5547  0 
 5548  0 
 5549  0 
 5550  0 
 5551  0 
 5552  0 
 5553  0 
 5554  0 
 5555  0 
 5556  1 
 5557  0 
 5558  0 
 5559  1 
 5560  0 
 5561  0 
 5562  0 
 5563  0 
 5564  0 
 5565  0 
 5566  0 
 5567  0 
 5568  0 
 5569  2 
 5570  0 
 5571  0 
 5572  0 
 5573  0 
 5574  0 
 5575  0 
 5576  0 
 5577  0 
 5578  0 
 5579  0 
 5580  0 
 5581  0 
 5582  0 
 5583  0 
 5584  1 
 5585  0 
 5586  0 
 5587  0 
 5588  0 
 5589  0 
 5590  0 
 5591  0 
 5592  0 
 5593  0 
 5594  0 
 5595  0 
 5596  0 
 5597  0 
 5598  0 
 5599  0 
 5600  0 
 5601  0 
 5602  0 
 5603  1 
 5604  0 
 5605  1 
 5606  0 
 5607  0 
 5608  0 
 5609  0 
 5610  1 
 5611  0 
 5612  0 
 5613  1 
 5614  0 
 5615  0 
 5616  0 
 5617  0 
 5618  0 
 5619  1 
 5620  0 
 5621  0 
 5622  0 
 5623  0 
 5624  0 
 5625  1 
 5626  0 
 5627  0 
 5628  0 
 5629  0 
 5630  1 
 5631  0 
 5632  0 
 5633  0 
 5634  0 
 5635  0 
 5636  0 
 5637  0 
 5638  0 
 5639  0 
 5640  0 
 5641  0 
 5642  0 
 5643  1 
 5644  0 
 5645  0 
 5646  0 
 5647  0 
 5648  0 
 5649  0 
 5650  1 
 5651  0 
 5652  0 
 5653  1 
 5654  0 
 5655  0 
 5656  0 
 5657  1 
 5658  0 
 5659  0 
 5660  0 
 5661  0 
 5662  0 
 5663  0 
 5664  0 
 5665  0 
 5666  0 
 5667  1 
 5668  0 
 5669  0 
 5670  0 
 5671  0 
 5672  0 
 5673  1 
 5674  0 
 5675  0 
 5676  0 
 5677  0 
 5678  1 
 5679  1 
 5680  0 
 5681  0 
 5682  2 
 5683  0 
 5684  0 
 5685  0 
 5686  1 
 5687  0 
 5688  0 
 5689  1 
 5690  1 
 5691  0 
 5692  0 
 5693  0 
 5694  0 
 5695  0 
 5696  0 
 5697  0 
 5698  0 
 5699  1 
 5700  0 
 5701  0 
 5702  0 
 5703  0 
 5704  0 
 5705  0 
 5706  0 
 5707  0 
 5708  0 
 5709  0 
 5710  0 
 5711  0 
 5712  0 
 5713  1 
 5714  0 
 5715  0 
 5716  1 
 5717  0 
 5718  1 
 5719  0 
 5720  0 
 5721  0 
 5722  0 
 5723  0 
 5724  0 
 5725  0 
 5726  0 
 5727  0 
 5728  0 
 5729  0 
 5730  0 
 5731  0 
 5732  0 
 5733  0 
 5734  1 
 5735  1 
 5736  1 
 5737  0 
 5738  0 
 5739  0 
 5740  0 
 5741  0 
 5742  0 
 5743  0 
 5744  0 
 5745  0 
 5746  0 
 5747  1 
 5748  0 
 5749  0 
 5750  0 
 5751  0 
 5752  0 
 5753  1 
 5754  0 
 5755  1 
 5756  0 
 5757  0 
 5758  0 
 5759  1 
 5760  0 
 5761  0 
 5762  0 
 5763  0 
 5764  0 
 5765  0 
 5766  0 
 5767  0 
 5768  0 
 5769  0 
 5770  0 
 5771  0 
 5772  0 
 5773  0 
 5774  0 
 5775  0 
 5776  0 
 5777  0 
 5778  0 
 5779  0 
 5780  0 
 5781  0 
 5782  0 
 5783  0 
 5784  0 
 5785  0 
 5786  0 
 5787  0 
 5788  1 
 5789  0 
 5790  1 
 5791  0 
 5792  0 
 5793  0 
 5794  0 
 5795  0 
 5796  1 
 5797  0 
 5798  0 
 5799  0 
 5800  0 
 5801  0 
 5802  1 
 5803  0 
 5804  0 
 5805  0 
 5806  1 
 5807  0 
 5808  0 
 5809  0 
 5810  0 
 5811  0 
 5812  0 
 5813  0 
 5814  0 
 5815  0 
 5816  0 
 5817  0 
 5818  0 
 5819  0 
 5820  0 
 5821  0 
 5822  0 
 5823  0 
 5824  0 
 5825  0 
 5826  0 
 5827  0 
 5828  0 
 5829  0 
 5830  0 
 5831  0 
 5832  0 
 5833  0 
 5834  1 
 5835  1 
 5836  0 
 5837  0 
 5838  0 
 5839  1 
 5840  1 
 5841  0 
 5842  0 
 5843  0 
 5844  0 
 5845  0 
 5846  0 
 5847  0 
 5848  0 
 5849  0 
 5850  0 
 5851  0 
 5852  0 
 5853  0 
 5854  0 
 5855  0 
 5856  0 
 5857  0 
 5858  0 
 5859  1 
 5860  0 
 5861  0 
 5862  0 
 5863  0 
 5864  0 
 5865  0 
 5866  0 
 5867  0 
 5868  0 
 5869  0 
 5870  1 
 5871  0 
 5872  0 
 5873  0 
 5874  0 
 5875  0 
 5876  1 
 5877  0 
 5878  0 
 5879  0 
 5880  0 
 5881  1 
 5882  0 
 5883  1 
 5884  1 
 5885  0 
 5886  0 
 5887  1 
 5888  0 
 5889  0 
 5890  0 
 5891  0 
 5892  1 
 5893  0 
 5894  1 
 5895  0 
 5896  0 
 5897  0 
 5898  0 
 5899  0 
 5900  0 
 5901  0 
 5902  0 
 5903  1 
 5904  0 
 5905  0 
 5906  0 
 5907  0 
 5908  0 
 5909  1 
 5910  0 
 5911  0 
 5912  1 
 5913  0 
 5914  0 
 5915  0 
 5916  0 
 5917  0 
 5918  1 
 5919  0 
 5920  0 
 5921  0 
 5922  0 
 5923  0 
 5924  0 
 5925  0 
 5926  0 
 5927  1 
 5928  0 
 5929  0 
 5930  0 
 5931  0 
 5932  1 
 5933  0 
 5934  0 
 5935  0 
 5936  0 
 5937  0 
 5938  1 
 5939  0 
 5940  0 
 5941  0 
 5942  1 
 5943  0 
 5944  0 
 5945  0 
 5946  0 
 5947  0 
 5948  0 
 5949  0 
 5950  0 
 5951  0 
 5952  0 
 5953  0 
 5954  0 
 5955  0 
 5956  1 
 5957  0 
 5958  0 
 5959  1 
 5960  0 
 5961  0 
 5962  1 
 5963  0 
 5964  2 
 5965  1 
 5966  1 
 5967  0 
 5968  0 
 5969  0 
 5970  0 
 5971  0 
 5972  0 
 5973  0 
 5974  0 
 5975  1 
 5976  0 
 5977  0 
 5978  0 
 5979  0 
 5980  0 
 5981  0 
 5982  0 
 5983  0 
 5984  0 
 5985  0 
 5986  0 
 5987  1 
 5988  0 
 5989  0 
 5990  0 
 5991  0 
 5992  0 
 5993  0 
 5994  0 
 5995  0 
 5996  0 
 5997  0 
 5998  0 
 5999  0 
 6000  0 
 6001  0 
 6002  0 
 6003  1 
 6004  0 
 6005  0 
 6006  0 
 6007  0 
 6008  0 
 6009  0 
 6010  0 
 6011  0 
 6012  2 
 6013  0 
 6014  0 
 6015  0 
 6016  0 
 6017  0 
 6018  1 
 6019  0 
 6020  0 
 6021  1 
 6022  0 
 6023  0 
 6024  0 
 6025  0 
 6026  0 
 6027  0 
 6028  1 
 6029  0 
 6030  0 
 6031  0 
 6032  0 
 6033  0 
 6034  1 
 6035  0 
 6036  0 
 6037  0 
 6038  0 
 6039  0 
 6040  0 
 6041  0 
 6042  0 
 6043  0 
 6044  0 
 6045  0 
 6046  0 
 6047  0 
 6048  0 
 6049  0 
 6050  1 
 6051  0 
 6052  0 
 6053  0 
 6054  0 
 6055  0 
 6056  0 
 6057  0 
 6058  2 
 6059  0 
 6060  0 
 6061  1 
 6062  0 
 6063  0 
 6064  1 
 6065  0 
 6066  0 
 6067  0 
 6068  0 
 6069  0 
 6070  0 
 6071  0 
 6072  0 
 6073  0 
 6074  0 
 6075  0 
 6076  0 
 6077  0 
 6078  0 
 6079  0 
 6080  0 
 6081  0 
 6082  0 
 6083  1 
 6084  0 
 6085  0 
 6086  0 
 6087  0 
 6088  0 
 6089  2 
 6090  0 
 6091  0 
 6092  0 
 6093  0 
 6094  1 
 6095  0 
 6096  0 
 6097  0 
 6098  0 
 6099  0 
 6100  0 
 6101  0 
 6102  0 
 6103  0 
 6104  1 
 6105  2 
 6106  0 
 6107  1 
 6108  0 
 6109  0 
 6110  0 
 6111  0 
 6112  0 
 6113  1 
 6114  0 
 6115  0 
 6116  0 
 6117  0 
 6118  0 
 6119  0 
 6120  0 
 6121  0 
 6122  0 
 6123  1 
 6124  1 
 6125  0 
 6126  0 
 6127  0 
 6128  0 
 6129  0 
 6130  1 
 6131  0 
 6132  1 
 6133  0 
 6134  1 
 6135  0 
 6136  0 
 6137  0 
 6138  0 
 6139  0 
 6140  1 
 6141  0 
 6142  0 
 6143  0 
 6144  1 
 6145  0 
 6146  0 
 6147  0 
 6148  1 
 6149  0 
 6150  0 
 6151  0 
 6152  0 
 6153  0 
 6154  0 
 6155  0 
 6156  0 
 6157  0 
 6158  0 
 6159  0 
 6160  0 
 6161  0 
 6162  0 
 6163  0 
 6164  1 
 6165  0 
 6166  1 
 6167  0 
 6168  0 
 6169  0 
 6170  1 
 6171  0 
 6172  0 
 6173  0 
 6174  0 
 6175  1 
 6176  0 
 6177  1 
 6178  2 
 6179  1 
 6180  0 
 6181  0 
 6182  1 
 6183  0 
 6184  0 
 6185  0 
 6186  0 
 6187  0 
 6188  1 
 6189  0 
 6190  0 
 6191  0 
 6192  1 
 6193  0 
 6194  0 
 6195  0 
 6196  0 
 6197  0 
 6198  0 
 6199  0 
 6200  0 
 6201  0 
 6202  0 
 6203  0 
 6204  0 
 6205  0 
 6206  0 
 6207  0 
 6208  1 
 6209  1 
 6210  0 
 6211  0 
 6212  0 
 6213  1 
 6214  1 
 6215  0 
 6216  0 
 6217  0 
 6218  0 
 6219  0 
 6220  0 
 6221  0 
 6222  0 
 6223  0 
 6224  0 
 6225  0 
 6226  0 
 6227  1 
 6228  0 
 6229  1 
 6230  0 
 6231  0 
 6232  0 
 6233  0 
 6234  1 
 6235  0 
 6236  0 
 6237  0 
 6238  0 
 6239  1 
 6240  0 
 6241  0 
 6242  1 
 6243  0 
 6244  0 
 6245  0 
 6246  0 
 6247  0 
 6248  1 
 6249  0 
 6250  1 
 6251  1 
 6252  0 
 6253  0 
 6254  0 
 6255  0 
 6256  0 
 6257  0 
 6258  0 
 6259  0 
 6260  0 
 6261  0 
 6262  0 
 6263  0 
 6264  1 
 6265  0 
 6266  0 
 6267  0 
 6268  0 
 6269  0 
 6270  0 
 6271  0 
 6272  0 
 6273  0 
 6274  2 
 6275  0 
 6276  0 
 6277  1 
 6278  0 
 6279  1 
 6280  0 
 6281  0 
 6282  0 
 6283  0 
 6284  0 
 6285  0 
 6286  0 
 6287  0 
 6288  0 
 6289  0 
 6290  0 
 6291  0 
 6292  0 
 6293  0 
 6294  0 
 6295  0 
 6296  1 
 6297  1 
 6298  0 
 6299  0 
 6300  0 
 6301  1 
 6302  0 
 6303  0 
 6304  1 
 6305  0 
 6306  0 
 6307  0 
 6308  0 
 6309  0 
 6310  0 
 6311  0 
 6312  1 
 6313  0 
 6314  0 
 6315  0 
 6316  0 
 6317  0 
 6318  0 
 6319  1 
 6320  0 
 6321  1 
 6322  1 
 6323  0 
 6324  1 
 6325  0 
 6326  0 
 6327  0 
 6328  0 
 6329  0 
 6330  0 
 6331  0 
 6332  0 
 6333  0 
 6334  0 
 6335  0 
 6336  0 
 6337  1 
 6338  0 
 6339  1 
 6340  1 
 6341  1 
 6342  1 
 6343  1 
 6344  1 
 6345  0 
 6346  0 
 6347  0 
 6348  0 
 6349  0 
 6350  1 
 6351  1 
 6352  0 
 6353  2 
 6354  0 
 6355  0 
 6356  0 
 6357  0 
 6358  1 
 6359  0 
 6360  1 
 6361  0 
 6362  0 
 6363  0 
 6364  2 
 6365  0 
 6366  0 
 6367  0 
 6368  0 
 6369  0 
 6370  1 
 6371  0 
 6372  0 
 6373  0 
 6374  0 
 6375  1 
 6376  1 
 6377  1 
 6378  0 
 6379  0 
 6380  1 
 6381  1 
 6382  0 
 6383  0 
 6384  0 
 6385  0 
 6386  0 
 6387  0 
 6388  1 
 6389  0 
 6390  0 
 6391  0 
 6392  0 
 6393  0 
 6394  1 
 6395  1 
 6396  0 
 6397  0 
 6398  0 
 6399  0 
 6400  1 
 6401  1 
 6402  0 
 6403  0 
 6404  0 
 6405  0 
 6406  0 
 6407  0 
 6408  0 
 6409  0 
 6410  0 
 6411  0 
 6412  0 
 6413  0 
 6414  1 
 6415  0 
 6416  1 
 6417  0 
 6418  0 
 6419  0 
 6420  0 
 6421  0 
 6422  1 
 6423  0 
 6424  0 
 6425  0 
 6426  0 
 6427  0 
 6428  0 
 6429  1 
 6430  0 
 6431  0 
 6432  0 
 6433  0 
 6434  0 
 6435  0 
 6436  0 
 6437  0 
 6438  0 
 6439  0 
 6440  0 
 6441  1 
 6442  0 
 6443  0 
 6444  0 
 6445  0 
 6446  0 
 6447  0 
 6448  0 
 6449  0 
 6450  0 
 6451  0 
 6452  0 
 6453  1 
 6454  0 
 6455  1 
 6456  0 
 6457  0 
 6458  0 
 6459  0 
 6460  0 
 6461  0 
 6462  0 
 6463  1 
 6464  0 
 6465  0 
 6466  0 
 6467  0 
 6468  1 
 6469  1 
 6470  0 
 6471  0 
 6472  1 
 6473  0 
 6474  1 
 6475  0 
 6476  0 
 6477  0 
 6478  0 
 6479  1 
 6480  0 
 6481  0 
 6482  0 
 6483  0 
 6484  0 
 6485  0 
 6486  0 
 6487  0 
 6488  0 
 6489  0 
 6490  0 
 6491  0 
 6492  0 
 6493  0 
 6494  0 
 6495  1 
 6496  0 
 6497  1 
 6498  0 
 6499  0 
 6500  0 
 6501  0 
 6502  0 
 6503  0 
 6504  0 
 6505  0 
 6506  0 
 6507  0 
 6508  1 
 6509  0 
 6510  1 
 6511  0 
 6512  0 
 6513  0 
 6514  0 
 6515  0 
 6516  0 
 6517  0 
 6518  0 
 6519  1 
 6520  0 
 6521  0 
 6522  0 
 6523  0 
 6524  0 
 6525  0 
 6526  1 
 6527  0 
 6528  0 
 6529  1 
 6530  1 
 6531  1 
 6532  0 
 6533  0 
 6534  0 
 6535  0 
 6536  0 
 6537  0 
 6538  0 
 6539  0 
 6540  0 
 6541  0 
 6542  0 
 6543  0 
 6544  0 
 6545  0 
 6546  0 
 6547  0 
 6548  0 
 6549  0 
 6550  0 
 6551  0 
 6552  0 
 6553  0 
 6554  0 
 6555  0 
 6556  1 
 6557  0 
 6558  1 
 6559  0 
 6560  0 
 6561  0 
 6562  0 
 6563  0 
 6564  0 
 6565  0 
 6566  0 
 6567  0 
 6568  1 
 6569  1 
 6570  1 
 6571  0 
 6572  1 
 6573  0 
 6574  0 
 6575  1 
 6576  1 
 6577  0 
 6578  0 
 6579  0 
 6580  1 
 6581  0 
 6582  0 
 6583  0 
 6584  0 
 6585  0 
 6586  0 
 6587  0 
 6588  0 
 6589  0 
 6590  0 
 6591  0 
 6592  0 
 6593  0 
 6594  1 
 6595  0 
 6596  0 
 6597  0 
 6598  0 
 6599  0 
 6600  0 
 6601  0 
 6602  0 
 6603  0 
 6604  0 
 6605  0 
 6606  0 
 6607  0 
 6608  0 
 6609  1 
 6610  0 
 6611  0 
 6612  0 
 6613  0 
 6614  0 
 6615  1 
 6616  1 
 6617  0 
 6618  0 
 6619  1 
 6620  0 
 6621  0 
 6622  0 
 6623  0 
 6624  0 
 6625  0 
 6626  0 
 6627  0 
 6628  0 
 6629  0 
 6630  0 
 6631  0 
 6632  0 
 6633  0 
 6634  0 
 6635  0 
 6636  0 
 6637  0 
 6638  0 
 6639  0 
 6640  0 
 6641  0 
 6642  0 
 6643  0 
 6644  0 
 6645  0 
 6646  0 
 6647  0 
 6648  0 
 6649  0 
 6650  0 
 6651  1 
 6652  0 
 6653  0 
 6654  0 
 6655  0 
 6656  0 
 6657  0 
 6658  0 
 6659  0 
 6660  0 
 6661  0 
 6662  0 
 6663  0 
 6664  0 
 6665  0 
 6666  0 
 6667  0 
 6668  0 
 6669  0 
 6670  0 
 6671  0 
 6672  0 
 6673  1 
 6674  0 
 6675  0 
 6676  0 
 6677  0 
 6678  0 
 6679  0 
 6680  1 
 6681  0 
 6682  0 
 6683  0 
 6684  0 
 6685  0 
 6686  0 
 6687  0 
 6688  0 
 6689  0 
 6690  0 
 6691  0 
 6692  0 
 6693  0 
 6694  0 
 6695  0 
 6696  0 
 6697  0 
 6698  0 
 6699  0 
 6700  0 
 6701  1 
 6702  0 
 6703  0 
 6704  0 
 6705  0 
 6706  0 
 6707  0 
 6708  0 
 6709  0 
 6710  0 
 6711  0 
 6712  1 
 6713  0 
 6714  0 
 6715  0 
 6716  0 
 6717  0 
 6718  0 
 6719  1 
 6720  0 
 6721  1 
 6722  0 
 6723  0 
 6724  0 
 6725  0 
 6726  0 
 6727  0 
 6728  0 
 6729  0 
 6730  0 
 6731  0 
 6732  1 
 6733  0 
 6734  0 
 6735  0 
 6736  1 
 6737  0 
 6738  0 
 6739  0 
 6740  0 
 6741  0 
 6742  0 
 6743  1 
 6744  2 
 6745  0 
 6746  0 
 6747  1 
 6748  0 
 6749  0 
 6750  0 
 6751  0 
 6752  0 
 6753  0 
 6754  0 
 6755  0 
 6756  0 
 6757  0 
 6758  0 
 6759  0 
 6760  2 
 6761  1 
 6762  0 
 6763  1 
 6764  0 
 6765  1 
 6766  1 
 6767  0 
 6768  0 
 6769  0 
 6770  1 
 6771  1 
 6772  0 
 6773  0 
 6774  0 
 6775  0 
 6776  1 
 6777  0 
 6778  0 
 6779  2 
 6780  0 
 6781  0 
 6782  0 
 6783  1 
 6784  0 
 6785  1 
 6786  0 
 6787  1 
 6788  1 
 6789  0 
 6790  0 
 6791  0 
 6792  1 
 6793  0 
 6794  0 
 6795  2 
 6796  0 
 6797  0 
 6798  1 
 6799  1 
 6800  0 
 6801  1 
 6802  0 
 6803  0 
 6804  0 
 6805  1 
 6806  0 
 6807  0 
 6808  0 
 6809  0 
 6810  0 
 6811  0 
 6812  1 
 6813  2 
 6814  0 
 6815  0 
 6816  0 
 6817  0 
 6818  0 
 6819  0 
 6820  0 
 6821  0 
 6822  0 
 6823  2 
 6824  0 
 6825  1 
 6826  0 
 6827  0 
 6828  1 
 6829  1 
 6830  0 
 6831  2 
 6832  1 
 6833  0 
 6834  0 
 6835  0 
 6836  1 
 6837  1 
 6838  0 
 6839  0 
 6840  1 
 6841  0 
 6842  0 
 6843  0 
 6844  0 
 6845  1 
 6846  1 
 6847  1 
 6848  1 
 6849  0 
 6850  1 
 6851  2 
 6852  1 
 6853  0 
 6854  0 
 6855  2 
 6856  2 
 6857  0 
 6858  1 
 6859  1 
 6860  3 
 6861  1 
 6862  0 
 6863  2 
 6864  0 
 6865  2 
 6866  0 
 6867  0 
 6868  0 
 6869  0 
 6870  0 
 6871  0 
 6872  2 
 6873  0 
 6874  1 
 6875  0 
 6876  1 
 6877  0 
 6878  2 
 6879  1 
 6880  3 
 6881  2 
 6882  0 
 6883  0 
 6884  1 
 6885  0 
 6886  1 
 6887  1 
 6888  0 
 6889  1 
 6890  0 
 6891  1 
 6892  0 
 6893  0 
 6894  0 
 6895  0 
 6896  2 
 6897  0 
 6898  0 
 6899  0 
 6900  0 
 6901  0 
 6902  2 
 6903  0 
 6904  1 
 6905  1 
 6906  0 
 6907  1 
 6908  1 
 6909  0 
 6910  0 
 6911  1 
 6912  0 
 6913  0 
 6914  0 
 6915  1 
 6916  2 
 6917  0 
 6918  0 
 6919  0 
 6920  0 
 6921  0 
 6922  0 
 6923  0 
 6924  0 
 6925  0 
 6926  0 
 6927  0 
 6928  0 
 6929  0 
 6930  0 
 6931  0 
 6932  0 
 6933  0 
 6934  0 
 6935  0 
 6936  0 
 6937  0 
 6938  0 
 6939  0 
 6940  0 
 6941  0 
 6942  0 
 6943  0 
 6944  0 
 6945  0 
 6946  0 
 6947  0 
 6948  0 
 6949  0 
 6950  0 
 6951  0 
 6952  0 
 6953  0 
 6954  0 
 6955  0 
 6956  0 
 6957  0 
 6958  0 
 6959  0 
 6960  0 
 6961  0 
 6962  0 
 6963  0 
 6964  0 
 6965  0 
 6966  0 
 6967  0 
 6968  0 
 6969  0 
 6970  0 
 6971  0 
 6972  0 
 6973  0 
 6974  0 
 6975  0 
 6976  0 
 6977  0 
 6978  0 
 6979  0 
 6980  0 
 6981  0 
 6982  0 
 6983  0 
 6984  0 
 6985  0 
 6986  0 
 6987  0 
 6988  0 
 6989  0 
 6990  0 
 6991  0 
 6992  0 
 6993  0 
 6994  0 
 6995  0 
 6996  0 
 6997  0 
 6998  0 
 6999  0 
 7000  0 
 7001  0 
 7002  0 
 7003  0 
 7004  0 
 7005  0 
 7006  0 
 7007  0 
 7008  0 
 7009  0 
 7010  0 
 7011  0 
 7012  0 
 7013  0 
 7014  0 
 7015  0 
 7016  0 
 7017  0 
 7018  0 
 7019  0 
 7020  0 
 7021  0 
 7022  0 
 7023  0 
 7024  0 
 7025  0 
 7026  0 
 7027  0 
 7028  0 
 7029  0 
 7030  0 
 7031  0 
 7032  0 
 7033  0 
 7034  0 
 7035  0 
 7036  0 
 7037  0 
 7038  0 
 7039  0 
 7040  0 
 7041  0 
 7042  0 
 7043  0 
 7044  0 
 7045  0 
 7046  0 
 7047  0 
 7048  0 
 7049  0 
 7050  0 
 7051  0 
 7052  0 
 7053  0 
 7054  0 
 7055  0 
 7056  0 
 7057  0 
 7058  0 
 7059  0 
 7060  0 
 7061  0 
 7062  0 
 7063  0 
 7064  0 
 7065  0 
 7066  0 
 7067  0 
 7068  0 
 7069  0 
 7070  0 
 7071  0 
 7072  0 
 7073  0 
 7074  0 
 7075  0 
 7076  0 
 7077  0 
 7078  0 
 7079  0 
 7080  0 
 7081  0 
 7082  0 
 7083  0 
 7084  0 
 7085  0 
 7086  0 
 7087  0 
 7088  0 
 7089  0 
 7090  0 
 7091  0 
 7092  0 
 7093  0 
 7094  0 
 7095  0 
 7096  0 
 7097  0 
 7098  0 
 7099  0 
 7100  0 
 7101  0 
 7102  0 
 7103  0 
 7104  0 
 7105  0 
 7106  0 
 7107  0 
 7108  0 
 7109  0 
 7110  0 
 7111  0 
 7112  0 
 7113  0 
 7114  0 
 7115  0 
 7116  0 
 7117  0 
 7118  0 
 7119  0 
 7120  0 
 7121  0 
 7122  0 
 7123  0 
 7124  0 
 7125  0 
 7126  0 
 7127  0 
 7128  0 
 7129  0 
 7130  0 
 7131  0 
 7132  0 
 7133  0 
 7134  0 
 7135  0 
 7136  0 
 7137  0 
 7138  0 
 7139  0 
 7140  0 
 7141  0 
 7142  0 
 7143  0 
 7144  0 
 7145  0 
 7146  0 
 7147  0 
 7148  0 
 7149  0 
 7150  0 
 7151  0 
 7152  0 
 7153  0 
 7154  0 
 7155  0 
 7156  0 
 7157  0 
 7158  0 
 7159  0 
 7160  0 
 7161  0 
 7162  0 
 7163  0 
 7164  0 
 7165  0 
 7166  0 
 7167  0 
 7168  0 
 7169  0 
 7170  0 
 7171  0 
 7172  0 
 7173  0 
 7174  0 
 7175  0 
 7176  0 
 7177  0 
 7178  0 
 7179  0 
 7180  0 
 7181  0 
 7182  0 
 7183  0 
 7184  0 
 7185  0 
 7186  0 
 7187  0 
 7188  0 
 7189  0 
 7190  0 
 7191  0 
 7192  0 
 7193  0 
 7194  0 
 7195  0 
 7196  0 
 7197  0 
 7198  0 
 7199  0 
 7200  0 
 7201  0 
 7202  0 
 7203  0 
 7204  0 
 7205  0 
 7206  0 
 7207  0 
 7208  0 
 7209  0 
 7210  0 
 7211  0 
 7212  0 
 7213  0 
 7214  0 
 7215  0 
 7216  0 
 7217  0 
 7218  0 
 7219  0 
 7220  0 
 7221  0 
 7222  0 
 7223  0 
 7224  0 
 7225  0 
 7226  0 
 7227  0 
 7228  0 
 7229  0 
 7230  0 
 7231  0 
 7232  0 
 7233  0 
 7234  0 
 7235  0 
 7236  0 
 7237  0 
 7238  0 
 7239  0 
 7240  0 
 7241  0 
 7242  0 
 7243  0 
 7244  0 
 7245  0 
 7246  0 
 7247  0 
 7248  0 
 7249  0 
 7250  0 
 7251  0 
 7252  0 
 7253  0 
 7254  0 
 7255  0 
 7256  0 
 7257  0 
 7258  0 
 7259  0 
 7260  0 
 7261  0 
 7262  0 
 7263  0 
 7264  0 
 7265  0 
 7266  0 
 7267  0 
 7268  0 
 7269  0 
 7270  0 
 7271  0 
 7272  0 
 7273  0 
 7274  0 
 7275  0 
 7276  0 
 7277  0 
 7278  0 
 7279  0 
 7280  0 
 7281  0 
 7282  0 
 7283  0 
 7284  0 
 7285  0 
 7286  0 
 7287  0 
 7288  0 
 7289  0 
 7290  0 
 7291  0 
 7292  0 
 7293  0 
 7294  0 
 7295  0 
 7296  0 
 7297  0 
 7298  0 
 7299  0 
 7300  0 
 7301  0 
 7302  0 
 7303  0 
 7304  0 
 7305  0 
 7306  0 
 7307  0 
 7308  0 
 7309  0 
 7310  0 
 7311  0 
 7312  0 
 7313  0 
 7314  0 
 7315  0 
 7316  0 
 7317  0 
 7318  0 
 7319  0 
 7320  0 
 7321  0 
 7322  0 
 7323  0 
 7324  1 
 7325  0 
 7326  0 
 7327  0 
 7328  0 
 7329  0 
 7330  0 
 7331  0 
 7332  0 
 7333  0 
 7334  0 
 7335  0 
 7336  0 
 7337  0 
 7338  0 
 7339  0 
 7340  0 
 7341  0 
 7342  0 
 7343  0 
 7344  0 
 7345  0 
 7346  0 
 7347  0 
 7348  0 
 7349  0 
 7350  0 
 7351  0 
 7352  0 
 7353  0 
 7354  0 
 7355  0 
 7356  0 
 7357  0 
 7358  0 
 7359  0 
 7360  0 
 7361  0 
 7362  0 
 7363  0 
 7364  0 
 7365  0 
 7366  0 
 7367  0 
 7368  0 
 7369  0 
 7370  0 
 7371  0 
 7372  0 
 7373  0 
 7374  0 
 7375  0 
 7376  0 
 7377  0 
 7378  0 
 7379  0 
 7380  0 
 7381  0 
 7382  0 
 7383  0 
 7384  0 
 7385  0 
 7386  0 
 7387  0 
 7388  0 
 7389  0 
 7390  0 
 7391  0 
 7392  0 
 7393  0 
 7394  0 
 7395  0 
 7396  0 
 7397  0 
 7398  0 
 7399  0 
 7400  0 
 7401  0 
 7402  0 
 7403  0 
 7404  0 
 7405  0 
 7406  0 
 7407  0 
 7408  0 
 7409  0 
 7410  0 
 7411  0 
 7412  0 
 7413  0 
 7414  0 
 7415  0 
 7416  0 
 7417  0 
 7418  0 
 7419  0 
 7420  0 
 7421  0 
 7422  0 
 7423  0 
 7424  0 
 7425  0 
 7426  0 
 7427  0 
 7428  0 
 7429  0 
 7430  0 
 7431  0 
 7432  0 
 7433  0 
 7434  0 
 7435  0 
 7436  0 
 7437  0 
 7438  0 
 7439  0 
 7440  0 
 7441  0 
 7442  0 
 7443  0 
 7444  0 
 7445  0 
 7446  0 
 7447  0 
 7448  0 
 7449  0 
 7450  0 
 7451  0 
 7452  0 
 7453  0 
 7454  0 
 7455  0 
 7456  0 
 7457  0 
 7458  0 
 7459  0 
 7460  0 
 7461  0 
 7462  0 
 7463  0 
 7464  0 
 7465  0 
 7466  0 
 7467  0 
 7468  0 
 7469  0 
 7470  0 
 7471  0 
 7472  0 
 7473  0 
 7474  0 
 7475  0 
 7476  0 
 7477  0 
 7478  0 
 7479  0 
 7480  0 
 7481  0 
 7482  0 
 7483  0 
 7484  0 
 7485  0 
 7486  0 
 7487  0 
 7488  0 
 7489  0 
 7490  0 
 7491  0 
 7492  0 
 7493  0 
 7494  0 
 7495  0 
 7496  0 
 7497  0 
 7498  0 
 7499  0 
 7500  0 
 7501  0 
 7502  0 
 7503  0 
 7504  0 
 7505  0 
 7506  0 
 7507  0 
 7508  0 
 7509  0 
 7510  0 
 7511  0 
 7512  0 
 7513  0 
 7514  0 
 7515  0 
 7516  0 
 7517  0 
 7518  0 
 7519  0 
 7520  0 
 7521  0 
 7522  0 
 7523  0 
 7524  0 
 7525  0 
 7526  0 
 7527  0 
 7528  0 
 7529  0 
 7530  0 
 7531  0 
 7532  0 
 7533  0 
 7534  0 
 7535  0 
 7536  0 
 7537  0 
 7538  0 
 7539  0 
 7540  0 
 7541  0 
 7542  0 
 7543  0 
 7544  0 
 7545  0 
 7546  0 
 7547  0 
 7548  0 
 7549  0 
 7550  0 
 7551  0 
 7552  0 
 7553  0 
 7554  0 
 7555  0 
 7556  0 
 7557  0 
 7558  0 
 7559  0 
 7560  0 
 7561  0 
 7562  0 
 7563  0 
 7564  0 
 7565  0 
 7566  0 
 7567  0 
 7568  0 
 7569  0 
 7570  0 
 7571  0 
 7572  0 
 7573  0 
 7574  0 
 7575  0 
 7576  0 
 7577  0 
 7578  0 
 7579  0 
 7580  0 
 7581  0 
 7582  0 
 7583  0 
 7584  0 
 7585  0 
 7586  0 
 7587  0 
 7588  0 
 7589  0 
 7590  0 
 7591  0 
 7592  0 
 7593  0 
 7594  0 
 7595  0 
 7596  0 
 7597  0 
 7598  0 
 7599  0 
 7600  0 
 7601  0 
 7602  0 
 7603  0 
 7604  0 
 7605  0 
 7606  0 
 7607  0 
 7608  0 
 7609  0 
 7610  0 
 7611  0 
 7612  0 
 7613  0 
 7614  0 
 7615  0 
 7616  0 
 7617  0 
 7618  0 
 7619  0 
 7620  0 
 7621  0 
 7622  0 
 7623  0 
 7624  0 
 7625  0 
 7626  0 
 7627  0 
 7628  0 
 7629  0 
 7630  0 
 7631  0 
 7632  0 
 7633  0 
 7634  0 
 7635  0 
 7636  0 
 7637  0 
 7638  0 
 7639  0 
 7640  0 
 7641  0 
 7642  0 
 7643  0 
 7644  0 
 7645  0 
 7646  0 
 7647  0 
 7648  0 
 7649  0 
 7650  0 
 7651  0 
 7652  0 
 7653  0 
 7654  0 
 7655  0 
 7656  0 
 7657  0 
 7658  0 
 7659  0 
 7660  0 
 7661  0 
 7662  0 
 7663  0 
 7664  0 
 7665  0 
 7666  0 
 7667  0 
 7668  0 
 7669  0 
 7670  0 
 7671  0 
 7672  0 
 7673  0 
 7674  0 
 7675  0 
 7676  0 
 7677  0 
 7678  0 
 7679  0 
 7680  0 
 7681  0 
 7682  0 
 7683  0 
 7684  0 
 7685  0 
 7686  0 
 7687  0 
 7688  0 
 7689  0 
 7690  0 
 7691  0 
 7692  0 
 7693  0 
 7694  0 
 7695  0 
 7696  0 
 7697  0 
 7698  0 
 7699  0 
 7700  0 
 7701  0 
 7702  0 
 7703  0 
 7704  0 
 7705  0 
 7706  0 
 7707  0 
 7708  0 
 7709  0 
 7710  0 
 7711  0 
 7712  0 
 7713  0 
 7714  0 
 7715  0 
 7716  0 
 7717  0 
 7718  0 
 7719  0 
 7720  0 
 7721  0 
 7722  0 
 7723  0 
 7724  0 
 7725  0 
 7726  0 
 7727  0 
 7728  0 
 7729  0 
 7730  0 
 7731  0 
 7732  0 
 7733  0 
 7734  0 
 7735  0 
 7736  0 
 7737  0 
 7738  0 
 7739  0 
 7740  0 
 7741  0 
 7742  0 
 7743  0 
 7744  0 
 7745  0 
 7746  0 
 7747  0 
 7748  0 
 7749  0 
 7750  0 
 7751  0 
 7752  0 
 7753  0 
 7754  0 
 7755  0 
 7756  0 
 7757  0 
 7758  0 
 7759  0 
 7760  0 
 7761  0 
 7762  0 
 7763  0 
 7764  0 
 7765  0 
 7766  0 
 7767  0 
 7768  0 
 7769  0 
 7770  0 
 7771  0 
 7772  0 
 7773  0 
 7774  0 
 7775  0 
 7776  0 
 7777  0 
 7778  0 
 7779  0 
 7780  0 
 7781  0 
 7782  0 
 7783  0 
 7784  0 
 7785  0 
 7786  0 
 7787  0 
 7788  0 
 7789  0 
 7790  0 
 7791  0 
 7792  0 
 7793  0 
 7794  0 
 7795  0 
 7796  0 
 7797  0 
 7798  0 
 7799  0 
 7800  0 
 7801  0 
 7802  0 
 7803  0 
 7804  0 
 7805  0 
 7806  0 
 7807  0 
 7808  0 
 7809  0 
 7810  0 
 7811  0 
 7812  0 
 7813  0 
 7814  0 
 7815  0 
 7816  0 
 7817  0 
 7818  0 
 7819  0 
 7820  0 
 7821  0 
 7822  0 
 7823  0 
 7824  0 
 7825  0 
 7826  0 
 7827  0 
 7828  0 
 7829  0 
 7830  0 
 7831  0 
 7832  0 
 7833  0 
 7834  0 
 7835  0 
 7836  0 
 7837  0 
 7838  0 
 7839  0 
 7840  0 
 7841  0 
 7842  0 
 7843  0 
 7844  0 
 7845  0 
 7846  0 
 7847  0 
 7848  0 
 7849  0 
 7850  0 
 7851  0 
 7852  0 
 7853  0 
 7854  0 
 7855  0 
 7856  0 
 7857  0 
 7858  0 
 7859  0 
 7860  0 
 7861  0 
 7862  0 
 7863  0 
 7864  0 
 7865  0 
 7866  0 
 7867  0 
 7868  0 
 7869  0 
 7870  0 
 7871  0 
 7872  0 
 7873  0 
 7874  0 
 7875  0 
 7876  0 
 7877  0 
 7878  0 
 7879  0 
 7880  0 
 7881  0 
 7882  0 
 7883  0 
 7884  0 
 7885  0 
 7886  0 
 7887  0 
 7888  0 
 7889  0 
 7890  0 
 7891  0 
 7892  0 
 7893  0 
 7894  0 
 7895  0 
 7896  0 
 7897  0 
 7898  0 
 7899  0 
 7900  0 
 7901  0 
 7902  0 
 7903  0 
 7904  0 
 7905  0 
 7906  0 
 7907  0 
 7908  0 
 7909  0 
 7910  0 
 7911  0 
 7912  0 
 7913  0 
 7914  0 
 7915  0 
 7916  0 
 7917  0 
 7918  0 
 7919  0 
 7920  0 
 7921  0 
 7922  0 
 7923  0 
 7924  0 
 7925  0 
 7926  0 
 7927  0 
 7928  0 
 7929  0 
 7930  0 
 7931  0 
 7932  0 
 7933  0 
 7934  0 
 7935  0 
 7936  0 
 7937  0 
 7938  0 
 7939  0 
 7940  0 
 7941  0 
 7942  0 
 7943  0 
 7944  0 
 7945  0 
 7946  0 
 7947  0 
 7948  0 
 7949  0 
 7950  0 
 7951  0 
 7952  0 
 7953  0 
 7954  0 
 7955  0 
 7956  0 
 7957  0 
 7958  0 
 7959  0 
 7960  0 
 7961  0 
 7962  0 
 7963  0 
 7964  0 
 7965  0 
 7966  0 
 7967  0 
 7968  0 
 7969  0 
 7970  0 
 7971  0 
 7972  0 
 7973  0 
 7974  0 
 7975  0 
 7976  0 
 7977  0 
 7978  0 
 7979  0 
 7980  0 
 7981  0 
 7982  0 
 7983  0 
 7984  0 
 7985  0 
 7986  0 
 7987  0 
 7988  0 
 7989  0 
 7990  0 
 7991  0 
 7992  0 
 7993  0 
 7994  0 
 7995  0 
 7996  0 
 7997  0 
 7998  0 
 7999  0 
 8000  0 
 8001  0 
 8002  0 
 8003  0 
 8004  0 
 8005  0 
 8006  0 
 8007  0 
 8008  0 
 8009  0 
 8010  0 
 8011  0 
 8012  0 
 8013  0 
 8014  0 
 8015  0 
 8016  0 
 8017  0 
 8018  0 
 8019  0 
 8020  0 
 8021  0 
 8022  0 
 8023  0 
 8024  0 
 8025  0 
 8026  0 
 8027  0 
 8028  0 
 8029  0 
 8030  0 
 8031  0 
 8032  0 
 8033  0 
 8034  0 
 8035  0 
 8036  0 
 8037  0 
 8038  0 
 8039  0 
 8040  0 
 8041  0 
 8042  0 
 8043  0 
 8044  0 
 8045  0 
 8046  0 
 8047  0 
 8048  0 
 8049  0 
 8050  0 
 8051  0 
 8052  0 
 8053  0 
 8054  0 
 8055  0 
 8056  0 
 8057  0 
 8058  0 
 8059  0 
 8060  0 
 8061  0 
 8062  0 
 8063  0 
 8064  0 
 8065  0 
 8066  0 
 8067  0 
 8068  0 
 8069  0 
 8070  0 
 8071  0 
 8072  0 
 8073  0 
 8074  0 
 8075  0 
 8076  0 
 8077  0 
 8078  0 
 8079  0 
 8080  0 
 8081  0 
 8082  0 
 8083  0 
 8084  0 
 8085  0 
 8086  0 
 8087  0 
 8088  0 
 8089  0 
 8090  0 
 8091  0 
 8092  0 
 8093  0 
 8094  0 
 8095  0 
 8096  0 
 8097  0 
 8098  0 
 8099  0 
 8100  0 
 8101  0 
 8102  0 
 8103  0 
 8104  0 
 8105  0 
 8106  0 
 8107  0 
 8108  0 
 8109  0 
 8110  0 
 8111  0 
 8112  0 
 8113  0 
 8114  0 
 8115  0 
 8116  0 
 8117  0 
 8118  0 
 8119  0 
 8120  0 
 8121  0 
 8122  0 
 8123  0 
 8124  0 
 8125  0 
 8126  0 
 8127  0 
 8128  0 
 8129  0 
 8130  0 
 8131  0 
 8132  0 
 8133  0 
 8134  0 
 8135  0 
 8136  0 
 8137  0 
 8138  0 
 8139  0 
 8140  0 
 8141  0 
 8142  0 
 8143  0 
 8144  0 
 8145  0 
 8146  0 
 8147  0 
 8148  0 
 8149  0 
 8150  0 
 8151  0 
 8152  0 
 8153  0 
 8154  0 
 8155  0 
 8156  0 
 8157  0 
 8158  0 
 8159  0 
 8160  0 
 8161  0 
 8162  0 
 8163  0 
 8164  0 
 8165  0 
 8166  0 
 8167  0 
 8168  0 
 8169  0 
 8170  0 
 8171  0 
 8172  0 
 8173  0 
 8174  0 
 8175  0 
 8176  0 
 8177  0 
 8178  0 
 8179  0 
 8180  0 
 8181  0 
 8182  0 
 8183  0 
 8184  0 
 8185  0 
 8186  0 
 8187  0 
 8188  0 
 8189  0 
 8190  0 
 8191  0 
