 0  1195 
 1  1199 
 2  0 
 3  0 
 4  0 
 5  0 
 6  0 
 7  0 
 8  0 
 9  0 
 10  0 
 11  0 
 12  0 
 13  0 
 14  0 
 15  0 
 16  0 
 17  0 
 18  0 
 19  0 
 20  0 
 21  0 
 22  0 
 23  0 
 24  0 
 25  0 
 26  0 
 27  0 
 28  0 
 29  0 
 30  0 
 31  0 
 32  0 
 33  0 
 34  0 
 35  0 
 36  0 
 37  0 
 38  0 
 39  0 
 40  0 
 41  0 
 42  0 
 43  0 
 44  0 
 45  0 
 46  0 
 47  0 
 48  0 
 49  0 
 50  0 
 51  0 
 52  0 
 53  0 
 54  0 
 55  0 
 56  0 
 57  0 
 58  0 
 59  0 
 60  0 
 61  0 
 62  0 
 63  0 
 64  0 
 65  0 
 66  0 
 67  0 
 68  0 
 69  0 
 70  0 
 71  0 
 72  0 
 73  0 
 74  0 
 75  0 
 76  0 
 77  0 
 78  0 
 79  0 
 80  0 
 81  0 
 82  0 
 83  0 
 84  0 
 85  0 
 86  0 
 87  0 
 88  0 
 89  0 
 90  0 
 91  0 
 92  0 
 93  0 
 94  0 
 95  0 
 96  0 
 97  0 
 98  0 
 99  0 
 100  0 
 101  0 
 102  0 
 103  0 
 104  0 
 105  0 
 106  0 
 107  0 
 108  0 
 109  0 
 110  0 
 111  0 
 112  0 
 113  0 
 114  0 
 115  0 
 116  0 
 117  0 
 118  0 
 119  0 
 120  0 
 121  0 
 122  0 
 123  0 
 124  0 
 125  0 
 126  0 
 127  0 
 128  0 
 129  0 
 130  0 
 131  0 
 132  0 
 133  0 
 134  0 
 135  0 
 136  0 
 137  0 
 138  0 
 139  0 
 140  0 
 141  0 
 142  0 
 143  0 
 144  0 
 145  0 
 146  0 
 147  0 
 148  0 
 149  0 
 150  0 
 151  0 
 152  0 
 153  0 
 154  0 
 155  0 
 156  0 
 157  0 
 158  0 
 159  0 
 160  0 
 161  0 
 162  0 
 163  0 
 164  0 
 165  0 
 166  0 
 167  0 
 168  0 
 169  0 
 170  0 
 171  0 
 172  0 
 173  0 
 174  0 
 175  0 
 176  0 
 177  0 
 178  0 
 179  0 
 180  0 
 181  0 
 182  0 
 183  0 
 184  0 
 185  0 
 186  0 
 187  0 
 188  0 
 189  0 
 190  0 
 191  0 
 192  0 
 193  0 
 194  0 
 195  0 
 196  0 
 197  0 
 198  0 
 199  0 
 200  0 
 201  0 
 202  0 
 203  0 
 204  0 
 205  0 
 206  0 
 207  0 
 208  0 
 209  0 
 210  0 
 211  0 
 212  0 
 213  0 
 214  0 
 215  0 
 216  0 
 217  0 
 218  0 
 219  0 
 220  0 
 221  0 
 222  0 
 223  0 
 224  0 
 225  0 
 226  0 
 227  0 
 228  0 
 229  0 
 230  0 
 231  0 
 232  0 
 233  0 
 234  0 
 235  0 
 236  0 
 237  0 
 238  0 
 239  0 
 240  0 
 241  0 
 242  0 
 243  0 
 244  0 
 245  0 
 246  0 
 247  0 
 248  0 
 249  0 
 250  0 
 251  0 
 252  0 
 253  0 
 254  0 
 255  0 
 256  0 
 257  0 
 258  0 
 259  0 
 260  0 
 261  0 
 262  0 
 263  0 
 264  0 
 265  0 
 266  0 
 267  0 
 268  0 
 269  0 
 270  0 
 271  0 
 272  0 
 273  0 
 274  0 
 275  0 
 276  0 
 277  0 
 278  0 
 279  0 
 280  0 
 281  0 
 282  0 
 283  0 
 284  0 
 285  0 
 286  0 
 287  0 
 288  0 
 289  0 
 290  0 
 291  0 
 292  0 
 293  0 
 294  0 
 295  0 
 296  0 
 297  0 
 298  0 
 299  0 
 300  0 
 301  0 
 302  0 
 303  0 
 304  0 
 305  0 
 306  0 
 307  0 
 308  0 
 309  0 
 310  0 
 311  0 
 312  0 
 313  0 
 314  0 
 315  0 
 316  0 
 317  0 
 318  0 
 319  0 
 320  0 
 321  0 
 322  0 
 323  0 
 324  0 
 325  0 
 326  0 
 327  0 
 328  0 
 329  0 
 330  0 
 331  0 
 332  0 
 333  0 
 334  0 
 335  0 
 336  0 
 337  0 
 338  0 
 339  0 
 340  0 
 341  0 
 342  0 
 343  0 
 344  0 
 345  0 
 346  0 
 347  0 
 348  0 
 349  0 
 350  0 
 351  0 
 352  0 
 353  0 
 354  0 
 355  0 
 356  0 
 357  0 
 358  0 
 359  0 
 360  0 
 361  0 
 362  0 
 363  0 
 364  0 
 365  0 
 366  0 
 367  0 
 368  0 
 369  0 
 370  0 
 371  0 
 372  0 
 373  0 
 374  0 
 375  0 
 376  0 
 377  0 
 378  0 
 379  0 
 380  0 
 381  0 
 382  0 
 383  0 
 384  0 
 385  0 
 386  0 
 387  0 
 388  0 
 389  0 
 390  0 
 391  0 
 392  0 
 393  0 
 394  0 
 395  0 
 396  0 
 397  0 
 398  0 
 399  0 
 400  0 
 401  0 
 402  0 
 403  0 
 404  0 
 405  0 
 406  0 
 407  0 
 408  0 
 409  0 
 410  0 
 411  0 
 412  0 
 413  0 
 414  0 
 415  0 
 416  0 
 417  0 
 418  0 
 419  0 
 420  0 
 421  0 
 422  0 
 423  0 
 424  0 
 425  0 
 426  0 
 427  0 
 428  0 
 429  0 
 430  0 
 431  0 
 432  0 
 433  0 
 434  0 
 435  0 
 436  0 
 437  0 
 438  0 
 439  0 
 440  0 
 441  0 
 442  0 
 443  0 
 444  0 
 445  0 
 446  0 
 447  0 
 448  0 
 449  0 
 450  0 
 451  0 
 452  0 
 453  0 
 454  0 
 455  0 
 456  0 
 457  0 
 458  0 
 459  0 
 460  0 
 461  0 
 462  0 
 463  0 
 464  0 
 465  0 
 466  0 
 467  0 
 468  0 
 469  0 
 470  0 
 471  0 
 472  0 
 473  0 
 474  0 
 475  0 
 476  0 
 477  0 
 478  0 
 479  0 
 480  0 
 481  0 
 482  0 
 483  0 
 484  0 
 485  0 
 486  0 
 487  1 
 488  2 
 489  3 
 490  3 
 491  2 
 492  1 
 493  1 
 494  2 
 495  2 
 496  2 
 497  3 
 498  2 
 499  1 
 500  1 
 501  0 
 502  3 
 503  2 
 504  6 
 505  3 
 506  1 
 507  1 
 508  1 
 509  1 
 510  0 
 511  0 
 512  3 
 513  3 
 514  2 
 515  2 
 516  2 
 517  0 
 518  1 
 519  3 
 520  5 
 521  4 
 522  2 
 523  4 
 524  3 
 525  1 
 526  1 
 527  2 
 528  5 
 529  2 
 530  2 
 531  2 
 532  2 
 533  0 
 534  0 
 535  1 
 536  1 
 537  4 
 538  2 
 539  3 
 540  2 
 541  1 
 542  6 
 543  2 
 544  2 
 545  0 
 546  1 
 547  2 
 548  4 
 549  2 
 550  1 
 551  1 
 552  2 
 553  5 
 554  6 
 555  3 
 556  3 
 557  5 
 558  2 
 559  4 
 560  1 
 561  3 
 562  2 
 563  3 
 564  3 
 565  4 
 566  6 
 567  2 
 568  3 
 569  2 
 570  2 
 571  2 
 572  3 
 573  2 
 574  5 
 575  3 
 576  3 
 577  1 
 578  1 
 579  4 
 580  3 
 581  3 
 582  3 
 583  3 
 584  1 
 585  1 
 586  5 
 587  2 
 588  0 
 589  1 
 590  2 
 591  1 
 592  3 
 593  3 
 594  1 
 595  1 
 596  3 
 597  4 
 598  1 
 599  3 
 600  1 
 601  1 
 602  1 
 603  1 
 604  1 
 605  2 
 606  1 
 607  3 
 608  3 
 609  1 
 610  2 
 611  0 
 612  2 
 613  0 
 614  3 
 615  1 
 616  0 
 617  3 
 618  3 
 619  0 
 620  2 
 621  2 
 622  3 
 623  1 
 624  1 
 625  1 
 626  1 
 627  1 
 628  2 
 629  2 
 630  2 
 631  0 
 632  1 
 633  2 
 634  4 
 635  2 
 636  3 
 637  1 
 638  2 
 639  1 
 640  1 
 641  2 
 642  4 
 643  2 
 644  1 
 645  2 
 646  1 
 647  1 
 648  1 
 649  4 
 650  1 
 651  2 
 652  2 
 653  4 
 654  2 
 655  1 
 656  3 
 657  3 
 658  3 
 659  1 
 660  4 
 661  3 
 662  2 
 663  2 
 664  1 
 665  3 
 666  2 
 667  4 
 668  3 
 669  2 
 670  1 
 671  5 
 672  1 
 673  2 
 674  2 
 675  1 
 676  1 
 677  4 
 678  1 
 679  1 
 680  2 
 681  3 
 682  3 
 683  4 
 684  2 
 685  1 
 686  3 
 687  4 
 688  1 
 689  4 
 690  3 
 691  3 
 692  1 
 693  3 
 694  1 
 695  2 
 696  3 
 697  1 
 698  2 
 699  0 
 700  3 
 701  2 
 702  2 
 703  1 
 704  2 
 705  1 
 706  2 
 707  0 
 708  2 
 709  1 
 710  1 
 711  2 
 712  1 
 713  1 
 714  3 
 715  3 
 716  2 
 717  2 
 718  0 
 719  1 
 720  4 
 721  1 
 722  0 
 723  0 
 724  0 
 725  2 
 726  0 
 727  0 
 728  1 
 729  2 
 730  2 
 731  4 
 732  0 
 733  2 
 734  1 
 735  3 
 736  0 
 737  2 
 738  2 
 739  2 
 740  3 
 741  2 
 742  2 
 743  1 
 744  3 
 745  2 
 746  0 
 747  4 
 748  2 
 749  1 
 750  4 
 751  3 
 752  2 
 753  3 
 754  2 
 755  0 
 756  2 
 757  3 
 758  2 
 759  1 
 760  0 
 761  2 
 762  1 
 763  1 
 764  3 
 765  3 
 766  2 
 767  5 
 768  1 
 769  1 
 770  4 
 771  0 
 772  2 
 773  3 
 774  1 
 775  2 
 776  2 
 777  3 
 778  2 
 779  2 
 780  1 
 781  1 
 782  0 
 783  1 
 784  3 
 785  2 
 786  3 
 787  5 
 788  2 
 789  3 
 790  1 
 791  3 
 792  3 
 793  2 
 794  1 
 795  1 
 796  3 
 797  1 
 798  2 
 799  3 
 800  1 
 801  2 
 802  2 
 803  3 
 804  3 
 805  2 
 806  2 
 807  1 
 808  2 
 809  2 
 810  3 
 811  1 
 812  0 
 813  2 
 814  1 
 815  3 
 816  0 
 817  4 
 818  3 
 819  0 
 820  1 
 821  3 
 822  2 
 823  1 
 824  0 
 825  3 
 826  1 
 827  1 
 828  1 
 829  1 
 830  1 
 831  3 
 832  5 
 833  0 
 834  1 
 835  1 
 836  1 
 837  1 
 838  3 
 839  0 
 840  3 
 841  2 
 842  0 
 843  1 
 844  1 
 845  0 
 846  2 
 847  2 
 848  3 
 849  1 
 850  2 
 851  1 
 852  2 
 853  2 
 854  2 
 855  2 
 856  1 
 857  1 
 858  1 
 859  1 
 860  2 
 861  0 
 862  0 
 863  3 
 864  1 
 865  0 
 866  1 
 867  4 
 868  2 
 869  2 
 870  2 
 871  4 
 872  2 
 873  2 
 874  3 
 875  1 
 876  1 
 877  3 
 878  2 
 879  2 
 880  3 
 881  1 
 882  4 
 883  4 
 884  4 
 885  4 
 886  1 
 887  5 
 888  3 
 889  0 
 890  2 
 891  1 
 892  0 
 893  4 
 894  2 
 895  1 
 896  3 
 897  3 
 898  1 
 899  3 
 900  0 
 901  0 
 902  2 
 903  0 
 904  1 
 905  7 
 906  1 
 907  2 
 908  8 
 909  0 
 910  1 
 911  1 
 912  5 
 913  0 
 914  3 
 915  2 
 916  1 
 917  0 
 918  1 
 919  3 
 920  1 
 921  1 
 922  2 
 923  2 
 924  1 
 925  0 
 926  1 
 927  2 
 928  0 
 929  0 
 930  5 
 931  2 
 932  1 
 933  2 
 934  1 
 935  4 
 936  3 
 937  4 
 938  1 
 939  2 
 940  5 
 941  1 
 942  0 
 943  3 
 944  2 
 945  2 
 946  4 
 947  1 
 948  4 
 949  1 
 950  1 
 951  2 
 952  2 
 953  1 
 954  3 
 955  2 
 956  3 
 957  2 
 958  2 
 959  0 
 960  0 
 961  2 
 962  2 
 963  0 
 964  1 
 965  5 
 966  1 
 967  3 
 968  2 
 969  2 
 970  3 
 971  4 
 972  0 
 973  0 
 974  2 
 975  3 
 976  5 
 977  2 
 978  4 
 979  1 
 980  2 
 981  2 
 982  2 
 983  2 
 984  2 
 985  1 
 986  2 
 987  2 
 988  1 
 989  1 
 990  3 
 991  4 
 992  2 
 993  5 
 994  3 
 995  2 
 996  0 
 997  3 
 998  1 
 999  2 
 1000  2 
 1001  4 
 1002  2 
 1003  2 
 1004  1 
 1005  1 
 1006  2 
 1007  2 
 1008  1 
 1009  2 
 1010  2 
 1011  2 
 1012  3 
 1013  3 
 1014  0 
 1015  1 
 1016  3 
 1017  1 
 1018  0 
 1019  1 
 1020  2 
 1021  3 
 1022  1 
 1023  2 
 1024  2 
 1025  1 
 1026  1 
 1027  2 
 1028  0 
 1029  4 
 1030  1 
 1031  3 
 1032  1 
 1033  3 
 1034  0 
 1035  2 
 1036  4 
 1037  2 
 1038  2 
 1039  1 
 1040  0 
 1041  3 
 1042  2 
 1043  1 
 1044  3 
 1045  2 
 1046  1 
 1047  1 
 1048  2 
 1049  2 
 1050  2 
 1051  2 
 1052  3 
 1053  1 
 1054  4 
 1055  2 
 1056  0 
 1057  2 
 1058  1 
 1059  5 
 1060  2 
 1061  1 
 1062  4 
 1063  3 
 1064  2 
 1065  2 
 1066  4 
 1067  0 
 1068  1 
 1069  2 
 1070  1 
 1071  3 
 1072  2 
 1073  2 
 1074  2 
 1075  2 
 1076  3 
 1077  2 
 1078  1 
 1079  3 
 1080  0 
 1081  4 
 1082  0 
 1083  2 
 1084  1 
 1085  2 
 1086  3 
 1087  0 
 1088  1 
 1089  2 
 1090  4 
 1091  2 
 1092  2 
 1093  0 
 1094  2 
 1095  2 
 1096  1 
 1097  1 
 1098  1 
 1099  5 
 1100  2 
 1101  2 
 1102  1 
 1103  4 
 1104  1 
 1105  1 
 1106  1 
 1107  4 
 1108  1 
 1109  2 
 1110  0 
 1111  0 
 1112  1 
 1113  2 
 1114  1 
 1115  4 
 1116  2 
 1117  3 
 1118  1 
 1119  1 
 1120  4 
 1121  0 
 1122  0 
 1123  1 
 1124  1 
 1125  1 
 1126  1 
 1127  2 
 1128  2 
 1129  3 
 1130  5 
 1131  0 
 1132  3 
 1133  4 
 1134  2 
 1135  4 
 1136  1 
 1137  3 
 1138  3 
 1139  0 
 1140  5 
 1141  1 
 1142  1 
 1143  2 
 1144  1 
 1145  3 
 1146  0 
 1147  2 
 1148  3 
 1149  1 
 1150  2 
 1151  1 
 1152  5 
 1153  3 
 1154  4 
 1155  1 
 1156  1 
 1157  2 
 1158  4 
 1159  3 
 1160  3 
 1161  0 
 1162  2 
 1163  1 
 1164  0 
 1165  1 
 1166  3 
 1167  2 
 1168  1 
 1169  3 
 1170  2 
 1171  1 
 1172  1 
 1173  1 
 1174  1 
 1175  0 
 1176  1 
 1177  2 
 1178  3 
 1179  0 
 1180  1 
 1181  1 
 1182  1 
 1183  2 
 1184  2 
 1185  2 
 1186  3 
 1187  0 
 1188  5 
 1189  2 
 1190  3 
 1191  3 
 1192  2 
 1193  1 
 1194  4 
 1195  1 
 1196  1 
 1197  4 
 1198  1 
 1199  1 
 1200  0 
 1201  5 
 1202  1 
 1203  2 
 1204  0 
 1205  2 
 1206  1 
 1207  1 
 1208  0 
 1209  0 
 1210  4 
 1211  3 
 1212  2 
 1213  0 
 1214  1 
 1215  0 
 1216  3 
 1217  1 
 1218  1 
 1219  1 
 1220  0 
 1221  1 
 1222  2 
 1223  2 
 1224  1 
 1225  1 
 1226  4 
 1227  2 
 1228  1 
 1229  0 
 1230  2 
 1231  1 
 1232  3 
 1233  1 
 1234  0 
 1235  2 
 1236  1 
 1237  2 
 1238  1 
 1239  3 
 1240  2 
 1241  3 
 1242  0 
 1243  2 
 1244  1 
 1245  2 
 1246  1 
 1247  2 
 1248  2 
 1249  3 
 1250  1 
 1251  0 
 1252  0 
 1253  1 
 1254  1 
 1255  1 
 1256  3 
 1257  1 
 1258  1 
 1259  2 
 1260  3 
 1261  1 
 1262  0 
 1263  0 
 1264  2 
 1265  1 
 1266  5 
 1267  2 
 1268  3 
 1269  0 
 1270  2 
 1271  2 
 1272  4 
 1273  3 
 1274  3 
 1275  3 
 1276  0 
 1277  0 
 1278  3 
 1279  1 
 1280  2 
 1281  1 
 1282  2 
 1283  3 
 1284  2 
 1285  3 
 1286  2 
 1287  1 
 1288  0 
 1289  0 
 1290  2 
 1291  4 
 1292  1 
 1293  4 
 1294  0 
 1295  2 
 1296  2 
 1297  1 
 1298  1 
 1299  3 
 1300  6 
 1301  1 
 1302  1 
 1303  3 
 1304  3 
 1305  2 
 1306  1 
 1307  4 
 1308  4 
 1309  2 
 1310  4 
 1311  1 
 1312  3 
 1313  0 
 1314  0 
 1315  2 
 1316  3 
 1317  3 
 1318  2 
 1319  5 
 1320  2 
 1321  3 
 1322  4 
 1323  0 
 1324  4 
 1325  3 
 1326  5 
 1327  1 
 1328  1 
 1329  1 
 1330  2 
 1331  1 
 1332  2 
 1333  0 
 1334  1 
 1335  1 
 1336  2 
 1337  1 
 1338  3 
 1339  1 
 1340  2 
 1341  2 
 1342  1 
 1343  4 
 1344  5 
 1345  1 
 1346  0 
 1347  3 
 1348  1 
 1349  4 
 1350  3 
 1351  3 
 1352  4 
 1353  2 
 1354  1 
 1355  0 
 1356  0 
 1357  2 
 1358  4 
 1359  0 
 1360  1 
 1361  3 
 1362  2 
 1363  4 
 1364  4 
 1365  2 
 1366  4 
 1367  1 
 1368  3 
 1369  2 
 1370  3 
 1371  1 
 1372  3 
 1373  0 
 1374  1 
 1375  4 
 1376  4 
 1377  2 
 1378  2 
 1379  1 
 1380  2 
 1381  0 
 1382  1 
 1383  2 
 1384  1 
 1385  0 
 1386  0 
 1387  2 
 1388  2 
 1389  4 
 1390  2 
 1391  0 
 1392  5 
 1393  3 
 1394  1 
 1395  1 
 1396  3 
 1397  7 
 1398  4 
 1399  1 
 1400  4 
 1401  5 
 1402  2 
 1403  3 
 1404  1 
 1405  1 
 1406  1 
 1407  1 
 1408  0 
 1409  1 
 1410  1 
 1411  2 
 1412  1 
 1413  2 
 1414  1 
 1415  1 
 1416  1 
 1417  3 
 1418  2 
 1419  3 
 1420  2 
 1421  0 
 1422  1 
 1423  3 
 1424  1 
 1425  3 
 1426  1 
 1427  1 
 1428  3 
 1429  4 
 1430  2 
 1431  1 
 1432  1 
 1433  2 
 1434  2 
 1435  0 
 1436  1 
 1437  2 
 1438  4 
 1439  2 
 1440  1 
 1441  1 
 1442  0 
 1443  0 
 1444  1 
 1445  1 
 1446  0 
 1447  4 
 1448  1 
 1449  3 
 1450  1 
 1451  1 
 1452  2 
 1453  1 
 1454  2 
 1455  3 
 1456  0 
 1457  1 
 1458  1 
 1459  1 
 1460  2 
 1461  2 
 1462  2 
 1463  2 
 1464  2 
 1465  1 
 1466  6 
 1467  3 
 1468  1 
 1469  2 
 1470  3 
 1471  2 
 1472  3 
 1473  1 
 1474  2 
 1475  3 
 1476  4 
 1477  3 
 1478  2 
 1479  5 
 1480  1 
 1481  2 
 1482  2 
 1483  1 
 1484  2 
 1485  0 
 1486  3 
 1487  3 
 1488  1 
 1489  4 
 1490  1 
 1491  3 
 1492  0 
 1493  2 
 1494  2 
 1495  1 
 1496  5 
 1497  1 
 1498  0 
 1499  1 
 1500  3 
 1501  3 
 1502  1 
 1503  1 
 1504  3 
 1505  1 
 1506  2 
 1507  1 
 1508  0 
 1509  2 
 1510  4 
 1511  1 
 1512  3 
 1513  1 
 1514  0 
 1515  2 
 1516  2 
 1517  3 
 1518  0 
 1519  5 
 1520  2 
 1521  1 
 1522  0 
 1523  2 
 1524  2 
 1525  6 
 1526  5 
 1527  3 
 1528  4 
 1529  2 
 1530  2 
 1531  2 
 1532  4 
 1533  3 
 1534  4 
 1535  0 
 1536  0 
 1537  7 
 1538  1 
 1539  1 
 1540  5 
 1541  1 
 1542  3 
 1543  1 
 1544  0 
 1545  2 
 1546  2 
 1547  3 
 1548  1 
 1549  4 
 1550  3 
 1551  2 
 1552  2 
 1553  2 
 1554  3 
 1555  4 
 1556  5 
 1557  3 
 1558  3 
 1559  4 
 1560  2 
 1561  4 
 1562  2 
 1563  4 
 1564  2 
 1565  2 
 1566  1 
 1567  3 
 1568  2 
 1569  4 
 1570  3 
 1571  7 
 1572  1 
 1573  1 
 1574  6 
 1575  2 
 1576  8 
 1577  5 
 1578  6 
 1579  0 
 1580  3 
 1581  2 
 1582  8 
 1583  6 
 1584  8 
 1585  4 
 1586  4 
 1587  3 
 1588  4 
 1589  8 
 1590  6 
 1591  4 
 1592  5 
 1593  6 
 1594  3 
 1595  4 
 1596  6 
 1597  1 
 1598  7 
 1599  7 
 1600  7 
 1601  13 
 1602  7 
 1603  5 
 1604  5 
 1605  7 
 1606  6 
 1607  11 
 1608  6 
 1609  5 
 1610  9 
 1611  5 
 1612  6 
 1613  7 
 1614  5 
 1615  3 
 1616  4 
 1617  7 
 1618  6 
 1619  4 
 1620  9 
 1621  6 
 1622  3 
 1623  8 
 1624  4 
 1625  6 
 1626  6 
 1627  3 
 1628  7 
 1629  1 
 1630  1 
 1631  4 
 1632  5 
 1633  4 
 1634  3 
 1635  4 
 1636  1 
 1637  5 
 1638  4 
 1639  1 
 1640  2 
 1641  4 
 1642  0 
 1643  1 
 1644  2 
 1645  6 
 1646  3 
 1647  3 
 1648  0 
 1649  2 
 1650  1 
 1651  3 
 1652  1 
 1653  3 
 1654  3 
 1655  1 
 1656  2 
 1657  2 
 1658  1 
 1659  1 
 1660  1 
 1661  3 
 1662  3 
 1663  2 
 1664  4 
 1665  0 
 1666  2 
 1667  2 
 1668  1 
 1669  2 
 1670  1 
 1671  2 
 1672  2 
 1673  1 
 1674  2 
 1675  2 
 1676  0 
 1677  2 
 1678  1 
 1679  6 
 1680  1 
 1681  0 
 1682  1 
 1683  1 
 1684  3 
 1685  0 
 1686  3 
 1687  1 
 1688  0 
 1689  3 
 1690  4 
 1691  3 
 1692  4 
 1693  0 
 1694  3 
 1695  0 
 1696  2 
 1697  2 
 1698  3 
 1699  1 
 1700  3 
 1701  2 
 1702  1 
 1703  3 
 1704  3 
 1705  1 
 1706  5 
 1707  3 
 1708  3 
 1709  3 
 1710  2 
 1711  1 
 1712  2 
 1713  1 
 1714  2 
 1715  2 
 1716  1 
 1717  2 
 1718  4 
 1719  0 
 1720  2 
 1721  2 
 1722  3 
 1723  1 
 1724  2 
 1725  4 
 1726  4 
 1727  2 
 1728  2 
 1729  1 
 1730  2 
 1731  1 
 1732  0 
 1733  1 
 1734  0 
 1735  2 
 1736  1 
 1737  1 
 1738  2 
 1739  2 
 1740  4 
 1741  3 
 1742  3 
 1743  0 
 1744  2 
 1745  3 
 1746  5 
 1747  2 
 1748  3 
 1749  2 
 1750  1 
 1751  2 
 1752  2 
 1753  3 
 1754  0 
 1755  2 
 1756  3 
 1757  2 
 1758  1 
 1759  2 
 1760  4 
 1761  3 
 1762  5 
 1763  3 
 1764  3 
 1765  2 
 1766  1 
 1767  4 
 1768  0 
 1769  1 
 1770  1 
 1771  2 
 1772  2 
 1773  3 
 1774  1 
 1775  1 
 1776  4 
 1777  2 
 1778  1 
 1779  2 
 1780  1 
 1781  1 
 1782  4 
 1783  3 
 1784  2 
 1785  5 
 1786  2 
 1787  1 
 1788  0 
 1789  2 
 1790  0 
 1791  1 
 1792  0 
 1793  4 
 1794  1 
 1795  2 
 1796  3 
 1797  0 
 1798  3 
 1799  3 
 1800  2 
 1801  2 
 1802  0 
 1803  2 
 1804  0 
 1805  2 
 1806  3 
 1807  0 
 1808  0 
 1809  1 
 1810  2 
 1811  3 
 1812  2 
 1813  2 
 1814  2 
 1815  3 
 1816  2 
 1817  2 
 1818  3 
 1819  3 
 1820  4 
 1821  2 
 1822  3 
 1823  1 
 1824  3 
 1825  0 
 1826  4 
 1827  4 
 1828  3 
 1829  1 
 1830  2 
 1831  1 
 1832  4 
 1833  3 
 1834  1 
 1835  3 
 1836  4 
 1837  1 
 1838  4 
 1839  2 
 1840  4 
 1841  1 
 1842  3 
 1843  7 
 1844  2 
 1845  3 
 1846  8 
 1847  5 
 1848  2 
 1849  0 
 1850  1 
 1851  1 
 1852  1 
 1853  1 
 1854  3 
 1855  4 
 1856  1 
 1857  0 
 1858  2 
 1859  0 
 1860  2 
 1861  2 
 1862  1 
 1863  6 
 1864  3 
 1865  1 
 1866  2 
 1867  2 
 1868  5 
 1869  1 
 1870  2 
 1871  1 
 1872  3 
 1873  1 
 1874  1 
 1875  1 
 1876  0 
 1877  0 
 1878  4 
 1879  2 
 1880  1 
 1881  3 
 1882  3 
 1883  1 
 1884  1 
 1885  2 
 1886  1 
 1887  1 
 1888  1 
 1889  4 
 1890  2 
 1891  2 
 1892  3 
 1893  4 
 1894  1 
 1895  0 
 1896  3 
 1897  4 
 1898  0 
 1899  3 
 1900  3 
 1901  3 
 1902  0 
 1903  2 
 1904  4 
 1905  4 
 1906  2 
 1907  4 
 1908  3 
 1909  0 
 1910  2 
 1911  2 
 1912  2 
 1913  2 
 1914  3 
 1915  4 
 1916  3 
 1917  2 
 1918  3 
 1919  3 
 1920  2 
 1921  3 
 1922  3 
 1923  1 
 1924  3 
 1925  1 
 1926  2 
 1927  2 
 1928  3 
 1929  5 
 1930  0 
 1931  1 
 1932  2 
 1933  3 
 1934  2 
 1935  3 
 1936  4 
 1937  1 
 1938  5 
 1939  5 
 1940  4 
 1941  4 
 1942  5 
 1943  3 
 1944  1 
 1945  1 
 1946  0 
 1947  3 
 1948  1 
 1949  2 
 1950  2 
 1951  2 
 1952  5 
 1953  4 
 1954  1 
 1955  5 
 1956  4 
 1957  0 
 1958  3 
 1959  2 
 1960  4 
 1961  2 
 1962  4 
 1963  4 
 1964  1 
 1965  5 
 1966  1 
 1967  4 
 1968  0 
 1969  5 
 1970  2 
 1971  3 
 1972  1 
 1973  2 
 1974  4 
 1975  4 
 1976  2 
 1977  4 
 1978  6 
 1979  2 
 1980  6 
 1981  1 
 1982  4 
 1983  3 
 1984  2 
 1985  2 
 1986  4 
 1987  2 
 1988  4 
 1989  3 
 1990  4 
 1991  4 
 1992  2 
 1993  3 
 1994  6 
 1995  3 
 1996  3 
 1997  6 
 1998  3 
 1999  2 
 2000  1 
 2001  2 
 2002  4 
 2003  3 
 2004  2 
 2005  3 
 2006  1 
 2007  7 
 2008  2 
 2009  0 
 2010  3 
 2011  3 
 2012  1 
 2013  1 
 2014  5 
 2015  5 
 2016  5 
 2017  3 
 2018  5 
 2019  1 
 2020  2 
 2021  0 
 2022  7 
 2023  4 
 2024  4 
 2025  5 
 2026  3 
 2027  2 
 2028  2 
 2029  2 
 2030  4 
 2031  1 
 2032  2 
 2033  0 
 2034  0 
 2035  2 
 2036  4 
 2037  2 
 2038  1 
 2039  2 
 2040  2 
 2041  3 
 2042  2 
 2043  2 
 2044  2 
 2045  5 
 2046  4 
 2047  7 
 2048  2 
 2049  4 
 2050  0 
 2051  2 
 2052  4 
 2053  2 
 2054  5 
 2055  4 
 2056  1 
 2057  0 
 2058  4 
 2059  4 
 2060  3 
 2061  7 
 2062  2 
 2063  2 
 2064  1 
 2065  2 
 2066  1 
 2067  6 
 2068  6 
 2069  0 
 2070  2 
 2071  3 
 2072  2 
 2073  4 
 2074  2 
 2075  6 
 2076  1 
 2077  5 
 2078  1 
 2079  2 
 2080  3 
 2081  6 
 2082  2 
 2083  3 
 2084  5 
 2085  1 
 2086  5 
 2087  3 
 2088  1 
 2089  0 
 2090  2 
 2091  6 
 2092  3 
 2093  2 
 2094  2 
 2095  3 
 2096  4 
 2097  5 
 2098  2 
 2099  6 
 2100  4 
 2101  5 
 2102  3 
 2103  2 
 2104  2 
 2105  4 
 2106  2 
 2107  3 
 2108  4 
 2109  2 
 2110  3 
 2111  1 
 2112  1 
 2113  4 
 2114  0 
 2115  2 
 2116  1 
 2117  5 
 2118  5 
 2119  3 
 2120  4 
 2121  1 
 2122  2 
 2123  8 
 2124  3 
 2125  3 
 2126  9 
 2127  2 
 2128  1 
 2129  3 
 2130  2 
 2131  5 
 2132  1 
 2133  1 
 2134  2 
 2135  2 
 2136  2 
 2137  2 
 2138  4 
 2139  2 
 2140  5 
 2141  2 
 2142  5 
 2143  3 
 2144  4 
 2145  5 
 2146  3 
 2147  3 
 2148  5 
 2149  3 
 2150  1 
 2151  2 
 2152  5 
 2153  2 
 2154  3 
 2155  2 
 2156  4 
 2157  2 
 2158  2 
 2159  2 
 2160  3 
 2161  3 
 2162  3 
 2163  5 
 2164  1 
 2165  0 
 2166  2 
 2167  4 
 2168  5 
 2169  1 
 2170  3 
 2171  4 
 2172  0 
 2173  6 
 2174  2 
 2175  1 
 2176  1 
 2177  1 
 2178  3 
 2179  3 
 2180  3 
 2181  2 
 2182  5 
 2183  2 
 2184  6 
 2185  7 
 2186  2 
 2187  2 
 2188  3 
 2189  3 
 2190  2 
 2191  4 
 2192  2 
 2193  2 
 2194  4 
 2195  0 
 2196  3 
 2197  4 
 2198  5 
 2199  3 
 2200  1 
 2201  4 
 2202  4 
 2203  3 
 2204  2 
 2205  3 
 2206  6 
 2207  3 
 2208  5 
 2209  2 
 2210  2 
 2211  2 
 2212  1 
 2213  7 
 2214  1 
 2215  3 
 2216  6 
 2217  3 
 2218  1 
 2219  4 
 2220  0 
 2221  0 
 2222  2 
 2223  3 
 2224  0 
 2225  5 
 2226  3 
 2227  7 
 2228  2 
 2229  1 
 2230  0 
 2231  1 
 2232  4 
 2233  1 
 2234  4 
 2235  2 
 2236  1 
 2237  4 
 2238  5 
 2239  2 
 2240  0 
 2241  2 
 2242  6 
 2243  2 
 2244  4 
 2245  1 
 2246  1 
 2247  3 
 2248  3 
 2249  1 
 2250  5 
 2251  4 
 2252  4 
 2253  2 
 2254  5 
 2255  2 
 2256  2 
 2257  5 
 2258  2 
 2259  4 
 2260  2 
 2261  9 
 2262  4 
 2263  6 
 2264  3 
 2265  3 
 2266  9 
 2267  4 
 2268  4 
 2269  4 
 2270  5 
 2271  8 
 2272  6 
 2273  8 
 2274  9 
 2275  13 
 2276  3 
 2277  5 
 2278  7 
 2279  2 
 2280  4 
 2281  11 
 2282  6 
 2283  5 
 2284  8 
 2285  9 
 2286  7 
 2287  9 
 2288  10 
 2289  3 
 2290  10 
 2291  5 
 2292  6 
 2293  8 
 2294  10 
 2295  11 
 2296  7 
 2297  12 
 2298  10 
 2299  12 
 2300  9 
 2301  11 
 2302  10 
 2303  11 
 2304  11 
 2305  17 
 2306  19 
 2307  18 
 2308  15 
 2309  10 
 2310  14 
 2311  11 
 2312  11 
 2313  18 
 2314  9 
 2315  15 
 2316  14 
 2317  13 
 2318  18 
 2319  23 
 2320  12 
 2321  16 
 2322  11 
 2323  15 
 2324  17 
 2325  18 
 2326  11 
 2327  13 
 2328  16 
 2329  10 
 2330  10 
 2331  15 
 2332  9 
 2333  6 
 2334  6 
 2335  4 
 2336  16 
 2337  7 
 2338  7 
 2339  4 
 2340  4 
 2341  13 
 2342  9 
 2343  3 
 2344  6 
 2345  8 
 2346  4 
 2347  4 
 2348  4 
 2349  5 
 2350  3 
 2351  7 
 2352  4 
 2353  4 
 2354  5 
 2355  6 
 2356  3 
 2357  6 
 2358  7 
 2359  5 
 2360  4 
 2361  2 
 2362  3 
 2363  7 
 2364  6 
 2365  3 
 2366  3 
 2367  5 
 2368  3 
 2369  6 
 2370  5 
 2371  8 
 2372  10 
 2373  7 
 2374  7 
 2375  13 
 2376  17 
 2377  9 
 2378  9 
 2379  10 
 2380  9 
 2381  8 
 2382  9 
 2383  13 
 2384  8 
 2385  10 
 2386  15 
 2387  10 
 2388  20 
 2389  12 
 2390  12 
 2391  11 
 2392  12 
 2393  17 
 2394  19 
 2395  18 
 2396  21 
 2397  23 
 2398  29 
 2399  17 
 2400  20 
 2401  20 
 2402  34 
 2403  26 
 2404  33 
 2405  31 
 2406  41 
 2407  39 
 2408  45 
 2409  47 
 2410  51 
 2411  51 
 2412  50 
 2413  67 
 2414  43 
 2415  66 
 2416  54 
 2417  54 
 2418  50 
 2419  66 
 2420  74 
 2421  64 
 2422  78 
 2423  51 
 2424  68 
 2425  73 
 2426  72 
 2427  75 
 2428  70 
 2429  79 
 2430  76 
 2431  76 
 2432  71 
 2433  76 
 2434  80 
 2435  81 
 2436  75 
 2437  67 
 2438  84 
 2439  91 
 2440  75 
 2441  77 
 2442  64 
 2443  70 
 2444  71 
 2445  66 
 2446  59 
 2447  61 
 2448  54 
 2449  59 
 2450  38 
 2451  45 
 2452  48 
 2453  39 
 2454  36 
 2455  34 
 2456  32 
 2457  25 
 2458  31 
 2459  23 
 2460  13 
 2461  18 
 2462  18 
 2463  19 
 2464  8 
 2465  15 
 2466  8 
 2467  6 
 2468  9 
 2469  4 
 2470  13 
 2471  7 
 2472  7 
 2473  9 
 2474  4 
 2475  5 
 2476  9 
 2477  5 
 2478  6 
 2479  3 
 2480  4 
 2481  5 
 2482  8 
 2483  5 
 2484  3 
 2485  6 
 2486  6 
 2487  5 
 2488  6 
 2489  5 
 2490  4 
 2491  2 
 2492  4 
 2493  7 
 2494  7 
 2495  9 
 2496  5 
 2497  7 
 2498  3 
 2499  10 
 2500  6 
 2501  4 
 2502  6 
 2503  5 
 2504  2 
 2505  6 
 2506  7 
 2507  9 
 2508  4 
 2509  5 
 2510  4 
 2511  6 
 2512  6 
 2513  9 
 2514  8 
 2515  4 
 2516  3 
 2517  1 
 2518  5 
 2519  3 
 2520  4 
 2521  5 
 2522  5 
 2523  4 
 2524  7 
 2525  5 
 2526  2 
 2527  7 
 2528  8 
 2529  4 
 2530  5 
 2531  6 
 2532  4 
 2533  6 
 2534  7 
 2535  9 
 2536  3 
 2537  9 
 2538  8 
 2539  5 
 2540  4 
 2541  4 
 2542  4 
 2543  4 
 2544  4 
 2545  6 
 2546  10 
 2547  8 
 2548  6 
 2549  2 
 2550  4 
 2551  9 
 2552  4 
 2553  6 
 2554  8 
 2555  8 
 2556  7 
 2557  5 
 2558  7 
 2559  3 
 2560  4 
 2561  3 
 2562  6 
 2563  10 
 2564  6 
 2565  5 
 2566  6 
 2567  6 
 2568  5 
 2569  6 
 2570  4 
 2571  4 
 2572  15 
 2573  4 
 2574  6 
 2575  8 
 2576  6 
 2577  7 
 2578  5 
 2579  5 
 2580  5 
 2581  4 
 2582  6 
 2583  8 
 2584  3 
 2585  11 
 2586  5 
 2587  6 
 2588  5 
 2589  9 
 2590  9 
 2591  5 
 2592  7 
 2593  4 
 2594  6 
 2595  4 
 2596  6 
 2597  8 
 2598  9 
 2599  6 
 2600  9 
 2601  4 
 2602  8 
 2603  4 
 2604  12 
 2605  7 
 2606  6 
 2607  7 
 2608  4 
 2609  6 
 2610  7 
 2611  6 
 2612  7 
 2613  5 
 2614  5 
 2615  6 
 2616  12 
 2617  4 
 2618  10 
 2619  4 
 2620  6 
 2621  10 
 2622  9 
 2623  2 
 2624  6 
 2625  6 
 2626  2 
 2627  8 
 2628  7 
 2629  7 
 2630  3 
 2631  6 
 2632  10 
 2633  3 
 2634  4 
 2635  5 
 2636  6 
 2637  3 
 2638  7 
 2639  6 
 2640  3 
 2641  6 
 2642  7 
 2643  2 
 2644  7 
 2645  6 
 2646  7 
 2647  4 
 2648  4 
 2649  7 
 2650  6 
 2651  7 
 2652  7 
 2653  6 
 2654  9 
 2655  7 
 2656  5 
 2657  10 
 2658  12 
 2659  7 
 2660  6 
 2661  8 
 2662  5 
 2663  5 
 2664  5 
 2665  8 
 2666  7 
 2667  8 
 2668  6 
 2669  8 
 2670  4 
 2671  6 
 2672  4 
 2673  6 
 2674  9 
 2675  8 
 2676  8 
 2677  8 
 2678  14 
 2679  9 
 2680  18 
 2681  10 
 2682  5 
 2683  12 
 2684  9 
 2685  12 
 2686  6 
 2687  11 
 2688  16 
 2689  11 
 2690  14 
 2691  16 
 2692  10 
 2693  14 
 2694  17 
 2695  12 
 2696  14 
 2697  18 
 2698  16 
 2699  20 
 2700  24 
 2701  33 
 2702  20 
 2703  18 
 2704  28 
 2705  24 
 2706  28 
 2707  25 
 2708  34 
 2709  35 
 2710  36 
 2711  49 
 2712  34 
 2713  54 
 2714  56 
 2715  64 
 2716  52 
 2717  70 
 2718  76 
 2719  63 
 2720  106 
 2721  111 
 2722  105 
 2723  125 
 2724  140 
 2725  148 
 2726  155 
 2727  176 
 2728  178 
 2729  214 
 2730  224 
 2731  248 
 2732  293 
 2733  328 
 2734  353 
 2735  385 
 2736  395 
 2737  483 
 2738  552 
 2739  617 
 2740  601 
 2741  734 
 2742  792 
 2743  895 
 2744  965 
 2745  1005 
 2746  1103 
 2747  1246 
 2748  1310 
 2749  1385 
 2750  1456 
 2751  1672 
 2752  1725 
 2753  1906 
 2754  1919 
 2755  2002 
 2756  2062 
 2757  2046 
 2758  2010 
 2759  2008 
 2760  2044 
 2761  2062 
 2762  1978 
 2763  1988 
 2764  1844 
 2765  1801 
 2766  1652 
 2767  1527 
 2768  1417 
 2769  1350 
 2770  1258 
 2771  1077 
 2772  903 
 2773  816 
 2774  768 
 2775  628 
 2776  558 
 2777  439 
 2778  372 
 2779  330 
 2780  274 
 2781  202 
 2782  181 
 2783  151 
 2784  118 
 2785  102 
 2786  76 
 2787  76 
 2788  59 
 2789  55 
 2790  43 
 2791  20 
 2792  40 
 2793  41 
 2794  36 
 2795  28 
 2796  34 
 2797  38 
 2798  35 
 2799  20 
 2800  27 
 2801  27 
 2802  19 
 2803  37 
 2804  26 
 2805  27 
 2806  19 
 2807  16 
 2808  18 
 2809  12 
 2810  19 
 2811  18 
 2812  15 
 2813  18 
 2814  11 
 2815  14 
 2816  12 
 2817  13 
 2818  11 
 2819  9 
 2820  8 
 2821  14 
 2822  10 
 2823  8 
 2824  6 
 2825  10 
 2826  9 
 2827  7 
 2828  7 
 2829  7 
 2830  8 
 2831  7 
 2832  11 
 2833  23 
 2834  7 
 2835  11 
 2836  7 
 2837  6 
 2838  14 
 2839  13 
 2840  9 
 2841  16 
 2842  9 
 2843  12 
 2844  8 
 2845  12 
 2846  9 
 2847  22 
 2848  9 
 2849  12 
 2850  15 
 2851  24 
 2852  12 
 2853  23 
 2854  22 
 2855  34 
 2856  30 
 2857  30 
 2858  41 
 2859  30 
 2860  38 
 2861  35 
 2862  40 
 2863  37 
 2864  46 
 2865  46 
 2866  52 
 2867  55 
 2868  60 
 2869  63 
 2870  68 
 2871  73 
 2872  69 
 2873  68 
 2874  89 
 2875  85 
 2876  77 
 2877  56 
 2878  57 
 2879  77 
 2880  63 
 2881  67 
 2882  76 
 2883  72 
 2884  54 
 2885  56 
 2886  49 
 2887  53 
 2888  41 
 2889  42 
 2890  26 
 2891  46 
 2892  32 
 2893  29 
 2894  19 
 2895  19 
 2896  17 
 2897  17 
 2898  8 
 2899  8 
 2900  6 
 2901  6 
 2902  8 
 2903  12 
 2904  5 
 2905  8 
 2906  3 
 2907  6 
 2908  3 
 2909  7 
 2910  1 
 2911  3 
 2912  7 
 2913  6 
 2914  2 
 2915  3 
 2916  1 
 2917  1 
 2918  4 
 2919  2 
 2920  4 
 2921  5 
 2922  4 
 2923  4 
 2924  2 
 2925  4 
 2926  1 
 2927  2 
 2928  1 
 2929  5 
 2930  0 
 2931  4 
 2932  7 
 2933  4 
 2934  4 
 2935  4 
 2936  3 
 2937  1 
 2938  6 
 2939  4 
 2940  3 
 2941  6 
 2942  5 
 2943  3 
 2944  6 
 2945  3 
 2946  5 
 2947  4 
 2948  2 
 2949  2 
 2950  4 
 2951  3 
 2952  2 
 2953  6 
 2954  3 
 2955  12 
 2956  2 
 2957  7 
 2958  4 
 2959  3 
 2960  5 
 2961  1 
 2962  3 
 2963  3 
 2964  5 
 2965  4 
 2966  6 
 2967  10 
 2968  9 
 2969  7 
 2970  4 
 2971  5 
 2972  7 
 2973  1 
 2974  5 
 2975  6 
 2976  8 
 2977  5 
 2978  11 
 2979  8 
 2980  7 
 2981  8 
 2982  9 
 2983  5 
 2984  10 
 2985  10 
 2986  7 
 2987  8 
 2988  10 
 2989  8 
 2990  7 
 2991  9 
 2992  3 
 2993  6 
 2994  8 
 2995  12 
 2996  11 
 2997  8 
 2998  16 
 2999  14 
 3000  14 
 3001  17 
 3002  19 
 3003  14 
 3004  18 
 3005  17 
 3006  15 
 3007  27 
 3008  24 
 3009  20 
 3010  34 
 3011  29 
 3012  33 
 3013  38 
 3014  42 
 3015  37 
 3016  41 
 3017  52 
 3018  44 
 3019  61 
 3020  74 
 3021  73 
 3022  73 
 3023  68 
 3024  75 
 3025  92 
 3026  117 
 3027  115 
 3028  138 
 3029  128 
 3030  159 
 3031  138 
 3032  149 
 3033  158 
 3034  216 
 3035  207 
 3036  218 
 3037  196 
 3038  251 
 3039  242 
 3040  272 
 3041  284 
 3042  335 
 3043  323 
 3044  333 
 3045  319 
 3046  386 
 3047  384 
 3048  404 
 3049  423 
 3050  463 
 3051  460 
 3052  468 
 3053  459 
 3054  515 
 3055  545 
 3056  522 
 3057  594 
 3058  567 
 3059  572 
 3060  652 
 3061  611 
 3062  663 
 3063  664 
 3064  681 
 3065  709 
 3066  746 
 3067  720 
 3068  681 
 3069  703 
 3070  678 
 3071  680 
 3072  638 
 3073  665 
 3074  681 
 3075  635 
 3076  602 
 3077  610 
 3078  562 
 3079  560 
 3080  528 
 3081  485 
 3082  483 
 3083  396 
 3084  419 
 3085  439 
 3086  351 
 3087  354 
 3088  300 
 3089  265 
 3090  249 
 3091  236 
 3092  204 
 3093  182 
 3094  148 
 3095  132 
 3096  120 
 3097  114 
 3098  74 
 3099  74 
 3100  54 
 3101  42 
 3102  39 
 3103  31 
 3104  35 
 3105  27 
 3106  25 
 3107  18 
 3108  14 
 3109  14 
 3110  15 
 3111  12 
 3112  10 
 3113  6 
 3114  6 
 3115  11 
 3116  7 
 3117  4 
 3118  5 
 3119  6 
 3120  7 
 3121  4 
 3122  4 
 3123  6 
 3124  4 
 3125  9 
 3126  3 
 3127  7 
 3128  5 
 3129  7 
 3130  6 
 3131  6 
 3132  8 
 3133  9 
 3134  12 
 3135  9 
 3136  12 
 3137  11 
 3138  16 
 3139  23 
 3140  18 
 3141  15 
 3142  20 
 3143  22 
 3144  17 
 3145  33 
 3146  38 
 3147  38 
 3148  25 
 3149  44 
 3150  33 
 3151  50 
 3152  37 
 3153  39 
 3154  53 
 3155  60 
 3156  60 
 3157  78 
 3158  62 
 3159  74 
 3160  75 
 3161  75 
 3162  73 
 3163  80 
 3164  86 
 3165  75 
 3166  79 
 3167  88 
 3168  81 
 3169  64 
 3170  69 
 3171  81 
 3172  68 
 3173  53 
 3174  42 
 3175  44 
 3176  49 
 3177  31 
 3178  32 
 3179  27 
 3180  17 
 3181  18 
 3182  17 
 3183  19 
 3184  15 
 3185  8 
 3186  9 
 3187  7 
 3188  12 
 3189  6 
 3190  8 
 3191  13 
 3192  8 
 3193  5 
 3194  3 
 3195  6 
 3196  4 
 3197  7 
 3198  5 
 3199  8 
 3200  6 
 3201  6 
 3202  11 
 3203  7 
 3204  11 
 3205  8 
 3206  12 
 3207  7 
 3208  11 
 3209  12 
 3210  7 
 3211  6 
 3212  10 
 3213  8 
 3214  17 
 3215  18 
 3216  6 
 3217  8 
 3218  10 
 3219  8 
 3220  8 
 3221  7 
 3222  8 
 3223  11 
 3224  8 
 3225  4 
 3226  11 
 3227  6 
 3228  10 
 3229  1 
 3230  8 
 3231  11 
 3232  6 
 3233  6 
 3234  5 
 3235  8 
 3236  6 
 3237  6 
 3238  7 
 3239  3 
 3240  2 
 3241  4 
 3242  3 
 3243  2 
 3244  1 
 3245  2 
 3246  1 
 3247  3 
 3248  1 
 3249  0 
 3250  1 
 3251  0 
 3252  0 
 3253  1 
 3254  0 
 3255  0 
 3256  0 
 3257  0 
 3258  0 
 3259  0 
 3260  0 
 3261  1 
 3262  0 
 3263  0 
 3264  0 
 3265  0 
 3266  0 
 3267  0 
 3268  0 
 3269  0 
 3270  0 
 3271  0 
 3272  0 
 3273  1 
 3274  0 
 3275  0 
 3276  0 
 3277  0 
 3278  0 
 3279  0 
 3280  1 
 3281  0 
 3282  0 
 3283  0 
 3284  0 
 3285  0 
 3286  0 
 3287  0 
 3288  0 
 3289  0 
 3290  0 
 3291  0 
 3292  0 
 3293  0 
 3294  0 
 3295  0 
 3296  0 
 3297  0 
 3298  0 
 3299  0 
 3300  0 
 3301  0 
 3302  0 
 3303  0 
 3304  0 
 3305  0 
 3306  0 
 3307  0 
 3308  0 
 3309  0 
 3310  0 
 3311  0 
 3312  0 
 3313  0 
 3314  0 
 3315  0 
 3316  0 
 3317  0 
 3318  0 
 3319  0 
 3320  0 
 3321  0 
 3322  0 
 3323  0 
 3324  0 
 3325  0 
 3326  0 
 3327  0 
 3328  0 
 3329  0 
 3330  0 
 3331  0 
 3332  0 
 3333  0 
 3334  0 
 3335  0 
 3336  0 
 3337  0 
 3338  0 
 3339  0 
 3340  0 
 3341  0 
 3342  0 
 3343  0 
 3344  0 
 3345  0 
 3346  0 
 3347  0 
 3348  0 
 3349  0 
 3350  0 
 3351  0 
 3352  0 
 3353  0 
 3354  0 
 3355  0 
 3356  0 
 3357  0 
 3358  0 
 3359  0 
 3360  0 
 3361  0 
 3362  0 
 3363  0 
 3364  0 
 3365  0 
 3366  0 
 3367  0 
 3368  0 
 3369  0 
 3370  0 
 3371  0 
 3372  0 
 3373  0 
 3374  0 
 3375  0 
 3376  0 
 3377  0 
 3378  0 
 3379  0 
 3380  0 
 3381  0 
 3382  0 
 3383  0 
 3384  0 
 3385  0 
 3386  0 
 3387  0 
 3388  0 
 3389  0 
 3390  0 
 3391  0 
 3392  0 
 3393  0 
 3394  0 
 3395  0 
 3396  0 
 3397  0 
 3398  0 
 3399  0 
 3400  0 
 3401  0 
 3402  0 
 3403  0 
 3404  0 
 3405  0 
 3406  0 
 3407  0 
 3408  0 
 3409  0 
 3410  0 
 3411  0 
 3412  0 
 3413  0 
 3414  0 
 3415  0 
 3416  0 
 3417  0 
 3418  0 
 3419  0 
 3420  0 
 3421  0 
 3422  0 
 3423  0 
 3424  0 
 3425  0 
 3426  0 
 3427  0 
 3428  0 
 3429  0 
 3430  0 
 3431  0 
 3432  0 
 3433  0 
 3434  0 
 3435  0 
 3436  1 
 3437  0 
 3438  0 
 3439  0 
 3440  0 
 3441  0 
 3442  0 
 3443  0 
 3444  0 
 3445  0 
 3446  0 
 3447  0 
 3448  0 
 3449  0 
 3450  0 
 3451  0 
 3452  0 
 3453  0 
 3454  0 
 3455  0 
 3456  0 
 3457  0 
 3458  0 
 3459  0 
 3460  0 
 3461  0 
 3462  0 
 3463  0 
 3464  0 
 3465  0 
 3466  0 
 3467  0 
 3468  0 
 3469  0 
 3470  0 
 3471  0 
 3472  0 
 3473  0 
 3474  0 
 3475  0 
 3476  0 
 3477  0 
 3478  0 
 3479  0 
 3480  0 
 3481  0 
 3482  0 
 3483  0 
 3484  0 
 3485  0 
 3486  0 
 3487  0 
 3488  0 
 3489  0 
 3490  0 
 3491  0 
 3492  1 
 3493  0 
 3494  0 
 3495  0 
 3496  0 
 3497  0 
 3498  0 
 3499  0 
 3500  0 
 3501  0 
 3502  0 
 3503  0 
 3504  0 
 3505  0 
 3506  0 
 3507  0 
 3508  0 
 3509  0 
 3510  1 
 3511  0 
 3512  0 
 3513  0 
 3514  0 
 3515  0 
 3516  0 
 3517  1 
 3518  0 
 3519  0 
 3520  0 
 3521  2 
 3522  0 
 3523  0 
 3524  0 
 3525  0 
 3526  0 
 3527  0 
 3528  0 
 3529  0 
 3530  0 
 3531  0 
 3532  0 
 3533  0 
 3534  0 
 3535  0 
 3536  0 
 3537  0 
 3538  0 
 3539  0 
 3540  0 
 3541  0 
 3542  0 
 3543  0 
 3544  0 
 3545  0 
 3546  0 
 3547  0 
 3548  0 
 3549  0 
 3550  0 
 3551  0 
 3552  0 
 3553  0 
 3554  0 
 3555  0 
 3556  0 
 3557  0 
 3558  0 
 3559  0 
 3560  0 
 3561  0 
 3562  0 
 3563  1 
 3564  0 
 3565  0 
 3566  0 
 3567  1 
 3568  0 
 3569  0 
 3570  0 
 3571  0 
 3572  0 
 3573  0 
 3574  0 
 3575  0 
 3576  0 
 3577  0 
 3578  0 
 3579  0 
 3580  0 
 3581  0 
 3582  0 
 3583  0 
 3584  0 
 3585  0 
 3586  0 
 3587  0 
 3588  1 
 3589  0 
 3590  0 
 3591  0 
 3592  0 
 3593  0 
 3594  0 
 3595  0 
 3596  0 
 3597  0 
 3598  0 
 3599  1 
 3600  0 
 3601  0 
 3602  0 
 3603  1 
 3604  0 
 3605  0 
 3606  0 
 3607  0 
 3608  0 
 3609  0 
 3610  0 
 3611  0 
 3612  0 
 3613  0 
 3614  0 
 3615  0 
 3616  0 
 3617  0 
 3618  0 
 3619  0 
 3620  0 
 3621  0 
 3622  0 
 3623  0 
 3624  0 
 3625  0 
 3626  0 
 3627  0 
 3628  0 
 3629  0 
 3630  0 
 3631  0 
 3632  0 
 3633  0 
 3634  0 
 3635  0 
 3636  0 
 3637  0 
 3638  0 
 3639  0 
 3640  0 
 3641  0 
 3642  0 
 3643  0 
 3644  0 
 3645  0 
 3646  0 
 3647  0 
 3648  0 
 3649  0 
 3650  1 
 3651  0 
 3652  0 
 3653  0 
 3654  0 
 3655  0 
 3656  0 
 3657  0 
 3658  0 
 3659  0 
 3660  0 
 3661  0 
 3662  0 
 3663  0 
 3664  0 
 3665  0 
 3666  0 
 3667  0 
 3668  0 
 3669  0 
 3670  0 
 3671  0 
 3672  0 
 3673  0 
 3674  0 
 3675  0 
 3676  0 
 3677  0 
 3678  0 
 3679  0 
 3680  0 
 3681  0 
 3682  0 
 3683  0 
 3684  0 
 3685  0 
 3686  1 
 3687  0 
 3688  0 
 3689  0 
 3690  0 
 3691  0 
 3692  0 
 3693  0 
 3694  0 
 3695  0 
 3696  0 
 3697  0 
 3698  0 
 3699  0 
 3700  0 
 3701  0 
 3702  0 
 3703  0 
 3704  0 
 3705  0 
 3706  0 
 3707  0 
 3708  0 
 3709  0 
 3710  0 
 3711  0 
 3712  0 
 3713  1 
 3714  0 
 3715  0 
 3716  0 
 3717  0 
 3718  0 
 3719  0 
 3720  0 
 3721  0 
 3722  0 
 3723  0 
 3724  0 
 3725  0 
 3726  0 
 3727  0 
 3728  0 
 3729  0 
 3730  0 
 3731  0 
 3732  0 
 3733  0 
 3734  0 
 3735  0 
 3736  0 
 3737  0 
 3738  0 
 3739  0 
 3740  0 
 3741  0 
 3742  0 
 3743  0 
 3744  0 
 3745  0 
 3746  0 
 3747  0 
 3748  1 
 3749  0 
 3750  0 
 3751  0 
 3752  0 
 3753  0 
 3754  0 
 3755  0 
 3756  0 
 3757  0 
 3758  0 
 3759  0 
 3760  0 
 3761  0 
 3762  0 
 3763  0 
 3764  0 
 3765  0 
 3766  0 
 3767  0 
 3768  0 
 3769  0 
 3770  0 
 3771  0 
 3772  0 
 3773  0 
 3774  0 
 3775  0 
 3776  0 
 3777  0 
 3778  0 
 3779  0 
 3780  0 
 3781  0 
 3782  0 
 3783  0 
 3784  0 
 3785  0 
 3786  0 
 3787  0 
 3788  0 
 3789  0 
 3790  0 
 3791  0 
 3792  0 
 3793  0 
 3794  0 
 3795  0 
 3796  0 
 3797  0 
 3798  0 
 3799  0 
 3800  0 
 3801  0 
 3802  0 
 3803  1 
 3804  0 
 3805  0 
 3806  0 
 3807  0 
 3808  0 
 3809  0 
 3810  0 
 3811  0 
 3812  0 
 3813  0 
 3814  0 
 3815  0 
 3816  0 
 3817  0 
 3818  0 
 3819  0 
 3820  0 
 3821  0 
 3822  0 
 3823  0 
 3824  0 
 3825  0 
 3826  0 
 3827  0 
 3828  0 
 3829  0 
 3830  0 
 3831  0 
 3832  0 
 3833  0 
 3834  0 
 3835  0 
 3836  0 
 3837  0 
 3838  0 
 3839  0 
 3840  0 
 3841  0 
 3842  0 
 3843  0 
 3844  0 
 3845  0 
 3846  0 
 3847  0 
 3848  0 
 3849  0 
 3850  0 
 3851  0 
 3852  0 
 3853  0 
 3854  0 
 3855  0 
 3856  0 
 3857  0 
 3858  0 
 3859  0 
 3860  0 
 3861  0 
 3862  0 
 3863  0 
 3864  0 
 3865  0 
 3866  0 
 3867  0 
 3868  0 
 3869  0 
 3870  0 
 3871  0 
 3872  0 
 3873  0 
 3874  0 
 3875  0 
 3876  0 
 3877  0 
 3878  0 
 3879  0 
 3880  0 
 3881  0 
 3882  0 
 3883  0 
 3884  0 
 3885  0 
 3886  0 
 3887  0 
 3888  0 
 3889  0 
 3890  0 
 3891  0 
 3892  0 
 3893  0 
 3894  0 
 3895  0 
 3896  0 
 3897  0 
 3898  0 
 3899  0 
 3900  0 
 3901  0 
 3902  0 
 3903  0 
 3904  0 
 3905  0 
 3906  0 
 3907  0 
 3908  0 
 3909  0 
 3910  0 
 3911  0 
 3912  0 
 3913  0 
 3914  0 
 3915  0 
 3916  0 
 3917  0 
 3918  0 
 3919  0 
 3920  0 
 3921  0 
 3922  0 
 3923  0 
 3924  0 
 3925  0 
 3926  0 
 3927  0 
 3928  0 
 3929  0 
 3930  0 
 3931  0 
 3932  0 
 3933  0 
 3934  0 
 3935  0 
 3936  0 
 3937  0 
 3938  0 
 3939  0 
 3940  0 
 3941  0 
 3942  0 
 3943  0 
 3944  0 
 3945  0 
 3946  0 
 3947  0 
 3948  0 
 3949  0 
 3950  0 
 3951  0 
 3952  0 
 3953  0 
 3954  0 
 3955  0 
 3956  0 
 3957  0 
 3958  0 
 3959  0 
 3960  0 
 3961  0 
 3962  0 
 3963  0 
 3964  0 
 3965  0 
 3966  0 
 3967  0 
 3968  0 
 3969  0 
 3970  0 
 3971  0 
 3972  0 
 3973  0 
 3974  0 
 3975  0 
 3976  0 
 3977  0 
 3978  0 
 3979  0 
 3980  0 
 3981  0 
 3982  0 
 3983  0 
 3984  0 
 3985  0 
 3986  0 
 3987  0 
 3988  0 
 3989  0 
 3990  0 
 3991  0 
 3992  0 
 3993  0 
 3994  0 
 3995  0 
 3996  0 
 3997  0 
 3998  0 
 3999  1 
 4000  1 
 4001  0 
 4002  0 
 4003  0 
 4004  0 
 4005  0 
 4006  0 
 4007  0 
 4008  0 
 4009  0 
 4010  1 
 4011  0 
 4012  0 
 4013  0 
 4014  0 
 4015  0 
 4016  0 
 4017  1 
 4018  0 
 4019  0 
 4020  1 
 4021  0 
 4022  1 
 4023  0 
 4024  0 
 4025  0 
 4026  0 
 4027  1 
 4028  0 
 4029  0 
 4030  0 
 4031  0 
 4032  0 
 4033  0 
 4034  0 
 4035  0 
 4036  0 
 4037  0 
 4038  0 
 4039  0 
 4040  0 
 4041  0 
 4042  0 
 4043  0 
 4044  0 
 4045  0 
 4046  0 
 4047  0 
 4048  0 
 4049  0 
 4050  0 
 4051  0 
 4052  0 
 4053  0 
 4054  0 
 4055  0 
 4056  0 
 4057  0 
 4058  0 
 4059  1 
 4060  0 
 4061  1 
 4062  0 
 4063  1 
 4064  0 
 4065  0 
 4066  0 
 4067  0 
 4068  1 
 4069  0 
 4070  1 
 4071  0 
 4072  1 
 4073  0 
 4074  0 
 4075  0 
 4076  0 
 4077  0 
 4078  0 
 4079  0 
 4080  2 
 4081  0 
 4082  0 
 4083  0 
 4084  0 
 4085  0 
 4086  0 
 4087  0 
 4088  1 
 4089  0 
 4090  0 
 4091  1 
 4092  0 
 4093  0 
 4094  0 
 4095  0 
 4096  0 
 4097  1 
 4098  0 
 4099  0 
 4100  1 
 4101  0 
 4102  0 
 4103  0 
 4104  0 
 4105  0 
 4106  0 
 4107  0 
 4108  1 
 4109  0 
 4110  0 
 4111  0 
 4112  0 
 4113  0 
 4114  0 
 4115  0 
 4116  0 
 4117  0 
 4118  0 
 4119  0 
 4120  0 
 4121  0 
 4122  0 
 4123  0 
 4124  0 
 4125  0 
 4126  0 
 4127  0 
 4128  0 
 4129  0 
 4130  0 
 4131  0 
 4132  0 
 4133  0 
 4134  0 
 4135  0 
 4136  1 
 4137  0 
 4138  0 
 4139  0 
 4140  0 
 4141  0 
 4142  0 
 4143  1 
 4144  1 
 4145  0 
 4146  1 
 4147  0 
 4148  0 
 4149  0 
 4150  0 
 4151  0 
 4152  0 
 4153  0 
 4154  0 
 4155  0 
 4156  1 
 4157  0 
 4158  2 
 4159  0 
 4160  0 
 4161  0 
 4162  0 
 4163  1 
 4164  0 
 4165  0 
 4166  0 
 4167  0 
 4168  0 
 4169  0 
 4170  1 
 4171  2 
 4172  0 
 4173  0 
 4174  1 
 4175  0 
 4176  0 
 4177  1 
 4178  0 
 4179  1 
 4180  0 
 4181  1 
 4182  1 
 4183  1 
 4184  0 
 4185  0 
 4186  0 
 4187  0 
 4188  0 
 4189  0 
 4190  0 
 4191  0 
 4192  0 
 4193  1 
 4194  0 
 4195  1 
 4196  1 
 4197  0 
 4198  0 
 4199  0 
 4200  0 
 4201  0 
 4202  0 
 4203  0 
 4204  1 
 4205  1 
 4206  1 
 4207  0 
 4208  0 
 4209  0 
 4210  0 
 4211  0 
 4212  0 
 4213  1 
 4214  0 
 4215  0 
 4216  0 
 4217  0 
 4218  0 
 4219  0 
 4220  1 
 4221  1 
 4222  0 
 4223  1 
 4224  0 
 4225  0 
 4226  0 
 4227  0 
 4228  0 
 4229  0 
 4230  0 
 4231  1 
 4232  0 
 4233  0 
 4234  0 
 4235  0 
 4236  0 
 4237  0 
 4238  0 
 4239  0 
 4240  1 
 4241  0 
 4242  0 
 4243  0 
 4244  0 
 4245  0 
 4246  0 
 4247  0 
 4248  0 
 4249  0 
 4250  0 
 4251  1 
 4252  0 
 4253  0 
 4254  0 
 4255  0 
 4256  0 
 4257  0 
 4258  0 
 4259  0 
 4260  2 
 4261  0 
 4262  0 
 4263  0 
 4264  1 
 4265  1 
 4266  2 
 4267  0 
 4268  0 
 4269  0 
 4270  0 
 4271  0 
 4272  0 
 4273  0 
 4274  0 
 4275  0 
 4276  0 
 4277  0 
 4278  0 
 4279  0 
 4280  0 
 4281  0 
 4282  0 
 4283  0 
 4284  0 
 4285  0 
 4286  0 
 4287  0 
 4288  0 
 4289  0 
 4290  0 
 4291  0 
 4292  0 
 4293  0 
 4294  0 
 4295  0 
 4296  0 
 4297  0 
 4298  1 
 4299  0 
 4300  1 
 4301  0 
 4302  0 
 4303  1 
 4304  0 
 4305  0 
 4306  1 
 4307  1 
 4308  1 
 4309  0 
 4310  1 
 4311  1 
 4312  0 
 4313  1 
 4314  0 
 4315  0 
 4316  0 
 4317  0 
 4318  0 
 4319  1 
 4320  0 
 4321  1 
 4322  0 
 4323  0 
 4324  0 
 4325  1 
 4326  0 
 4327  0 
 4328  0 
 4329  0 
 4330  0 
 4331  2 
 4332  0 
 4333  0 
 4334  0 
 4335  0 
 4336  0 
 4337  0 
 4338  0 
 4339  0 
 4340  2 
 4341  0 
 4342  1 
 4343  0 
 4344  0 
 4345  0 
 4346  0 
 4347  0 
 4348  0 
 4349  1 
 4350  0 
 4351  0 
 4352  0 
 4353  1 
 4354  0 
 4355  1 
 4356  1 
 4357  0 
 4358  0 
 4359  0 
 4360  0 
 4361  0 
 4362  0 
 4363  0 
 4364  0 
 4365  0 
 4366  0 
 4367  0 
 4368  0 
 4369  0 
 4370  0 
 4371  0 
 4372  0 
 4373  0 
 4374  0 
 4375  0 
 4376  0 
 4377  0 
 4378  0 
 4379  0 
 4380  0 
 4381  0 
 4382  0 
 4383  0 
 4384  1 
 4385  0 
 4386  0 
 4387  0 
 4388  0 
 4389  0 
 4390  0 
 4391  0 
 4392  1 
 4393  0 
 4394  0 
 4395  0 
 4396  0 
 4397  0 
 4398  0 
 4399  0 
 4400  0 
 4401  0 
 4402  0 
 4403  0 
 4404  0 
 4405  0 
 4406  0 
 4407  0 
 4408  0 
 4409  0 
 4410  0 
 4411  0 
 4412  1 
 4413  0 
 4414  0 
 4415  0 
 4416  0 
 4417  0 
 4418  0 
 4419  0 
 4420  0 
 4421  0 
 4422  0 
 4423  0 
 4424  0 
 4425  0 
 4426  0 
 4427  0 
 4428  1 
 4429  0 
 4430  0 
 4431  0 
 4432  0 
 4433  0 
 4434  0 
 4435  0 
 4436  0 
 4437  0 
 4438  0 
 4439  0 
 4440  0 
 4441  0 
 4442  0 
 4443  0 
 4444  0 
 4445  0 
 4446  0 
 4447  0 
 4448  0 
 4449  0 
 4450  0 
 4451  0 
 4452  0 
 4453  0 
 4454  0 
 4455  0 
 4456  0 
 4457  0 
 4458  0 
 4459  0 
 4460  0 
 4461  0 
 4462  0 
 4463  0 
 4464  0 
 4465  0 
 4466  0 
 4467  0 
 4468  0 
 4469  0 
 4470  0 
 4471  0 
 4472  0 
 4473  0 
 4474  0 
 4475  0 
 4476  0 
 4477  0 
 4478  0 
 4479  0 
 4480  0 
 4481  0 
 4482  0 
 4483  0 
 4484  0 
 4485  0 
 4486  0 
 4487  0 
 4488  0 
 4489  1 
 4490  0 
 4491  0 
 4492  0 
 4493  0 
 4494  0 
 4495  0 
 4496  0 
 4497  0 
 4498  0 
 4499  0 
 4500  0 
 4501  0 
 4502  0 
 4503  0 
 4504  0 
 4505  0 
 4506  0 
 4507  0 
 4508  0 
 4509  0 
 4510  0 
 4511  0 
 4512  0 
 4513  0 
 4514  0 
 4515  0 
 4516  0 
 4517  1 
 4518  0 
 4519  0 
 4520  0 
 4521  0 
 4522  0 
 4523  0 
 4524  0 
 4525  0 
 4526  0 
 4527  0 
 4528  0 
 4529  0 
 4530  0 
 4531  0 
 4532  0 
 4533  0 
 4534  0 
 4535  0 
 4536  0 
 4537  0 
 4538  0 
 4539  0 
 4540  0 
 4541  0 
 4542  0 
 4543  1 
 4544  0 
 4545  0 
 4546  0 
 4547  0 
 4548  0 
 4549  0 
 4550  0 
 4551  0 
 4552  0 
 4553  0 
 4554  0 
 4555  0 
 4556  0 
 4557  0 
 4558  0 
 4559  0 
 4560  0 
 4561  0 
 4562  0 
 4563  0 
 4564  0 
 4565  1 
 4566  0 
 4567  0 
 4568  0 
 4569  0 
 4570  0 
 4571  0 
 4572  0 
 4573  0 
 4574  0 
 4575  0 
 4576  0 
 4577  0 
 4578  0 
 4579  0 
 4580  0 
 4581  0 
 4582  0 
 4583  0 
 4584  0 
 4585  0 
 4586  0 
 4587  1 
 4588  0 
 4589  0 
 4590  0 
 4591  0 
 4592  0 
 4593  0 
 4594  0 
 4595  0 
 4596  0 
 4597  0 
 4598  0 
 4599  0 
 4600  0 
 4601  0 
 4602  0 
 4603  0 
 4604  0 
 4605  0 
 4606  0 
 4607  0 
 4608  0 
 4609  0 
 4610  0 
 4611  0 
 4612  0 
 4613  0 
 4614  0 
 4615  0 
 4616  0 
 4617  0 
 4618  0 
 4619  0 
 4620  0 
 4621  0 
 4622  0 
 4623  0 
 4624  0 
 4625  0 
 4626  0 
 4627  0 
 4628  0 
 4629  0 
 4630  0 
 4631  0 
 4632  0 
 4633  0 
 4634  0 
 4635  0 
 4636  0 
 4637  0 
 4638  0 
 4639  0 
 4640  0 
 4641  0 
 4642  0 
 4643  0 
 4644  0 
 4645  0 
 4646  0 
 4647  0 
 4648  0 
 4649  0 
 4650  0 
 4651  0 
 4652  0 
 4653  0 
 4654  0 
 4655  0 
 4656  0 
 4657  0 
 4658  0 
 4659  0 
 4660  0 
 4661  0 
 4662  0 
 4663  0 
 4664  0 
 4665  0 
 4666  0 
 4667  0 
 4668  0 
 4669  0 
 4670  0 
 4671  0 
 4672  0 
 4673  0 
 4674  0 
 4675  0 
 4676  0 
 4677  0 
 4678  0 
 4679  0 
 4680  0 
 4681  0 
 4682  0 
 4683  0 
 4684  0 
 4685  1 
 4686  0 
 4687  0 
 4688  0 
 4689  0 
 4690  1 
 4691  0 
 4692  0 
 4693  0 
 4694  0 
 4695  0 
 4696  0 
 4697  0 
 4698  0 
 4699  0 
 4700  0 
 4701  1 
 4702  0 
 4703  0 
 4704  0 
 4705  0 
 4706  0 
 4707  0 
 4708  0 
 4709  0 
 4710  0 
 4711  0 
 4712  0 
 4713  0 
 4714  0 
 4715  0 
 4716  0 
 4717  0 
 4718  0 
 4719  0 
 4720  0 
 4721  0 
 4722  0 
 4723  1 
 4724  0 
 4725  0 
 4726  0 
 4727  0 
 4728  0 
 4729  0 
 4730  0 
 4731  0 
 4732  0 
 4733  0 
 4734  0 
 4735  0 
 4736  0 
 4737  0 
 4738  0 
 4739  0 
 4740  0 
 4741  0 
 4742  0 
 4743  0 
 4744  0 
 4745  0 
 4746  0 
 4747  0 
 4748  0 
 4749  0 
 4750  0 
 4751  0 
 4752  0 
 4753  0 
 4754  0 
 4755  0 
 4756  0 
 4757  0 
 4758  0 
 4759  0 
 4760  0 
 4761  0 
 4762  0 
 4763  0 
 4764  0 
 4765  0 
 4766  0 
 4767  0 
 4768  0 
 4769  0 
 4770  0 
 4771  0 
 4772  0 
 4773  0 
 4774  0 
 4775  0 
 4776  0 
 4777  1 
 4778  0 
 4779  0 
 4780  0 
 4781  0 
 4782  0 
 4783  0 
 4784  0 
 4785  0 
 4786  0 
 4787  0 
 4788  0 
 4789  0 
 4790  0 
 4791  0 
 4792  0 
 4793  0 
 4794  1 
 4795  0 
 4796  0 
 4797  0 
 4798  0 
 4799  0 
 4800  0 
 4801  0 
 4802  0 
 4803  0 
 4804  0 
 4805  0 
 4806  0 
 4807  0 
 4808  0 
 4809  0 
 4810  1 
 4811  0 
 4812  0 
 4813  0 
 4814  0 
 4815  0 
 4816  0 
 4817  0 
 4818  0 
 4819  0 
 4820  0 
 4821  0 
 4822  0 
 4823  0 
 4824  0 
 4825  0 
 4826  0 
 4827  0 
 4828  0 
 4829  0 
 4830  0 
 4831  0 
 4832  0 
 4833  0 
 4834  0 
 4835  0 
 4836  0 
 4837  0 
 4838  0 
 4839  0 
 4840  0 
 4841  0 
 4842  0 
 4843  0 
 4844  0 
 4845  0 
 4846  0 
 4847  0 
 4848  0 
 4849  0 
 4850  0 
 4851  0 
 4852  0 
 4853  0 
 4854  0 
 4855  0 
 4856  0 
 4857  0 
 4858  0 
 4859  0 
 4860  0 
 4861  0 
 4862  0 
 4863  0 
 4864  0 
 4865  0 
 4866  0 
 4867  0 
 4868  1 
 4869  0 
 4870  0 
 4871  0 
 4872  0 
 4873  0 
 4874  0 
 4875  0 
 4876  0 
 4877  0 
 4878  0 
 4879  0 
 4880  0 
 4881  0 
 4882  0 
 4883  0 
 4884  0 
 4885  0 
 4886  0 
 4887  0 
 4888  0 
 4889  0 
 4890  0 
 4891  1 
 4892  0 
 4893  0 
 4894  0 
 4895  0 
 4896  0 
 4897  0 
 4898  0 
 4899  0 
 4900  0 
 4901  0 
 4902  0 
 4903  0 
 4904  0 
 4905  0 
 4906  0 
 4907  0 
 4908  0 
 4909  0 
 4910  0 
 4911  0 
 4912  0 
 4913  0 
 4914  0 
 4915  0 
 4916  0 
 4917  0 
 4918  0 
 4919  0 
 4920  0 
 4921  0 
 4922  0 
 4923  0 
 4924  0 
 4925  0 
 4926  0 
 4927  0 
 4928  0 
 4929  0 
 4930  0 
 4931  0 
 4932  0 
 4933  0 
 4934  0 
 4935  0 
 4936  0 
 4937  0 
 4938  0 
 4939  0 
 4940  0 
 4941  0 
 4942  0 
 4943  0 
 4944  0 
 4945  0 
 4946  0 
 4947  0 
 4948  0 
 4949  0 
 4950  0 
 4951  0 
 4952  0 
 4953  0 
 4954  1 
 4955  0 
 4956  0 
 4957  0 
 4958  0 
 4959  0 
 4960  0 
 4961  0 
 4962  0 
 4963  0 
 4964  0 
 4965  0 
 4966  0 
 4967  1 
 4968  0 
 4969  0 
 4970  0 
 4971  0 
 4972  0 
 4973  1 
 4974  0 
 4975  0 
 4976  0 
 4977  0 
 4978  0 
 4979  0 
 4980  0 
 4981  0 
 4982  0 
 4983  0 
 4984  0 
 4985  0 
 4986  0 
 4987  0 
 4988  0 
 4989  0 
 4990  0 
 4991  0 
 4992  0 
 4993  0 
 4994  0 
 4995  0 
 4996  0 
 4997  0 
 4998  0 
 4999  0 
 5000  1 
 5001  0 
 5002  0 
 5003  0 
 5004  0 
 5005  0 
 5006  0 
 5007  0 
 5008  0 
 5009  0 
 5010  0 
 5011  0 
 5012  0 
 5013  0 
 5014  0 
 5015  0 
 5016  0 
 5017  0 
 5018  0 
 5019  0 
 5020  0 
 5021  0 
 5022  0 
 5023  0 
 5024  0 
 5025  0 
 5026  0 
 5027  0 
 5028  0 
 5029  0 
 5030  0 
 5031  0 
 5032  0 
 5033  0 
 5034  0 
 5035  0 
 5036  0 
 5037  0 
 5038  0 
 5039  0 
 5040  0 
 5041  0 
 5042  0 
 5043  0 
 5044  0 
 5045  0 
 5046  0 
 5047  0 
 5048  0 
 5049  0 
 5050  0 
 5051  0 
 5052  0 
 5053  0 
 5054  0 
 5055  0 
 5056  0 
 5057  0 
 5058  0 
 5059  0 
 5060  0 
 5061  0 
 5062  0 
 5063  0 
 5064  0 
 5065  0 
 5066  0 
 5067  0 
 5068  0 
 5069  0 
 5070  0 
 5071  0 
 5072  0 
 5073  0 
 5074  0 
 5075  0 
 5076  0 
 5077  0 
 5078  0 
 5079  0 
 5080  0 
 5081  0 
 5082  0 
 5083  0 
 5084  0 
 5085  0 
 5086  0 
 5087  0 
 5088  0 
 5089  0 
 5090  0 
 5091  0 
 5092  0 
 5093  0 
 5094  1 
 5095  0 
 5096  0 
 5097  0 
 5098  0 
 5099  0 
 5100  0 
 5101  0 
 5102  0 
 5103  0 
 5104  0 
 5105  0 
 5106  0 
 5107  1 
 5108  0 
 5109  0 
 5110  0 
 5111  0 
 5112  0 
 5113  0 
 5114  0 
 5115  0 
 5116  0 
 5117  1 
 5118  0 
 5119  0 
 5120  0 
 5121  0 
 5122  0 
 5123  0 
 5124  0 
 5125  0 
 5126  0 
 5127  0 
 5128  0 
 5129  0 
 5130  0 
 5131  0 
 5132  0 
 5133  0 
 5134  0 
 5135  1 
 5136  0 
 5137  0 
 5138  0 
 5139  0 
 5140  0 
 5141  0 
 5142  0 
 5143  0 
 5144  0 
 5145  0 
 5146  0 
 5147  0 
 5148  0 
 5149  0 
 5150  0 
 5151  0 
 5152  0 
 5153  0 
 5154  0 
 5155  0 
 5156  0 
 5157  0 
 5158  0 
 5159  0 
 5160  0 
 5161  0 
 5162  0 
 5163  0 
 5164  0 
 5165  0 
 5166  0 
 5167  0 
 5168  0 
 5169  0 
 5170  0 
 5171  0 
 5172  0 
 5173  0 
 5174  0 
 5175  0 
 5176  0 
 5177  0 
 5178  0 
 5179  0 
 5180  0 
 5181  0 
 5182  0 
 5183  0 
 5184  0 
 5185  0 
 5186  0 
 5187  0 
 5188  0 
 5189  0 
 5190  0 
 5191  0 
 5192  0 
 5193  0 
 5194  0 
 5195  0 
 5196  0 
 5197  0 
 5198  0 
 5199  0 
 5200  0 
 5201  0 
 5202  1 
 5203  0 
 5204  0 
 5205  0 
 5206  0 
 5207  0 
 5208  0 
 5209  0 
 5210  0 
 5211  0 
 5212  0 
 5213  0 
 5214  0 
 5215  0 
 5216  0 
 5217  0 
 5218  0 
 5219  0 
 5220  0 
 5221  0 
 5222  0 
 5223  0 
 5224  0 
 5225  0 
 5226  0 
 5227  0 
 5228  0 
 5229  0 
 5230  0 
 5231  0 
 5232  0 
 5233  0 
 5234  0 
 5235  0 
 5236  0 
 5237  0 
 5238  0 
 5239  0 
 5240  0 
 5241  0 
 5242  0 
 5243  0 
 5244  0 
 5245  0 
 5246  0 
 5247  0 
 5248  0 
 5249  0 
 5250  0 
 5251  0 
 5252  0 
 5253  0 
 5254  0 
 5255  0 
 5256  0 
 5257  0 
 5258  0 
 5259  0 
 5260  0 
 5261  0 
 5262  0 
 5263  0 
 5264  0 
 5265  0 
 5266  0 
 5267  0 
 5268  0 
 5269  0 
 5270  0 
 5271  0 
 5272  0 
 5273  0 
 5274  0 
 5275  0 
 5276  0 
 5277  0 
 5278  0 
 5279  0 
 5280  0 
 5281  0 
 5282  0 
 5283  0 
 5284  0 
 5285  0 
 5286  0 
 5287  0 
 5288  0 
 5289  0 
 5290  0 
 5291  0 
 5292  0 
 5293  0 
 5294  0 
 5295  0 
 5296  0 
 5297  1 
 5298  0 
 5299  1 
 5300  0 
 5301  0 
 5302  0 
 5303  0 
 5304  0 
 5305  0 
 5306  0 
 5307  0 
 5308  0 
 5309  0 
 5310  0 
 5311  0 
 5312  0 
 5313  0 
 5314  0 
 5315  0 
 5316  0 
 5317  0 
 5318  0 
 5319  0 
 5320  0 
 5321  0 
 5322  0 
 5323  0 
 5324  0 
 5325  0 
 5326  0 
 5327  0 
 5328  0 
 5329  0 
 5330  0 
 5331  0 
 5332  0 
 5333  0 
 5334  0 
 5335  0 
 5336  0 
 5337  0 
 5338  0 
 5339  0 
 5340  0 
 5341  0 
 5342  0 
 5343  0 
 5344  0 
 5345  0 
 5346  0 
 5347  0 
 5348  0 
 5349  0 
 5350  0 
 5351  0 
 5352  0 
 5353  0 
 5354  0 
 5355  0 
 5356  0 
 5357  0 
 5358  0 
 5359  0 
 5360  0 
 5361  0 
 5362  0 
 5363  0 
 5364  0 
 5365  0 
 5366  0 
 5367  0 
 5368  0 
 5369  0 
 5370  0 
 5371  0 
 5372  0 
 5373  0 
 5374  0 
 5375  0 
 5376  0 
 5377  0 
 5378  0 
 5379  0 
 5380  0 
 5381  0 
 5382  0 
 5383  0 
 5384  0 
 5385  0 
 5386  0 
 5387  0 
 5388  0 
 5389  0 
 5390  0 
 5391  0 
 5392  1 
 5393  0 
 5394  0 
 5395  0 
 5396  0 
 5397  0 
 5398  0 
 5399  0 
 5400  0 
 5401  0 
 5402  0 
 5403  0 
 5404  1 
 5405  0 
 5406  0 
 5407  0 
 5408  0 
 5409  0 
 5410  1 
 5411  0 
 5412  0 
 5413  0 
 5414  0 
 5415  0 
 5416  0 
 5417  1 
 5418  0 
 5419  0 
 5420  0 
 5421  0 
 5422  0 
 5423  0 
 5424  0 
 5425  0 
 5426  0 
 5427  0 
 5428  0 
 5429  0 
 5430  0 
 5431  0 
 5432  0 
 5433  0 
 5434  0 
 5435  0 
 5436  0 
 5437  0 
 5438  0 
 5439  0 
 5440  0 
 5441  0 
 5442  0 
 5443  0 
 5444  0 
 5445  1 
 5446  0 
 5447  0 
 5448  0 
 5449  0 
 5450  0 
 5451  0 
 5452  0 
 5453  0 
 5454  0 
 5455  0 
 5456  0 
 5457  0 
 5458  0 
 5459  0 
 5460  0 
 5461  0 
 5462  0 
 5463  0 
 5464  0 
 5465  0 
 5466  0 
 5467  0 
 5468  0 
 5469  0 
 5470  0 
 5471  0 
 5472  0 
 5473  0 
 5474  0 
 5475  0 
 5476  0 
 5477  1 
 5478  0 
 5479  0 
 5480  0 
 5481  1 
 5482  0 
 5483  0 
 5484  0 
 5485  0 
 5486  0 
 5487  0 
 5488  0 
 5489  0 
 5490  0 
 5491  0 
 5492  0 
 5493  0 
 5494  0 
 5495  0 
 5496  0 
 5497  0 
 5498  0 
 5499  0 
 5500  0 
 5501  0 
 5502  0 
 5503  0 
 5504  0 
 5505  0 
 5506  0 
 5507  0 
 5508  0 
 5509  0 
 5510  0 
 5511  0 
 5512  0 
 5513  0 
 5514  0 
 5515  0 
 5516  0 
 5517  0 
 5518  0 
 5519  0 
 5520  0 
 5521  0 
 5522  0 
 5523  0 
 5524  0 
 5525  0 
 5526  1 
 5527  0 
 5528  0 
 5529  0 
 5530  0 
 5531  0 
 5532  0 
 5533  0 
 5534  0 
 5535  0 
 5536  0 
 5537  0 
 5538  0 
 5539  0 
 5540  0 
 5541  0 
 5542  0 
 5543  1 
 5544  1 
 5545  0 
 5546  1 
 5547  0 
 5548  1 
 5549  0 
 5550  0 
 5551  0 
 5552  0 
 5553  0 
 5554  0 
 5555  0 
 5556  0 
 5557  0 
 5558  0 
 5559  0 
 5560  0 
 5561  0 
 5562  0 
 5563  0 
 5564  0 
 5565  0 
 5566  0 
 5567  0 
 5568  0 
 5569  0 
 5570  0 
 5571  0 
 5572  0 
 5573  0 
 5574  0 
 5575  0 
 5576  1 
 5577  0 
 5578  0 
 5579  0 
 5580  0 
 5581  0 
 5582  0 
 5583  0 
 5584  0 
 5585  0 
 5586  0 
 5587  0 
 5588  0 
 5589  0 
 5590  0 
 5591  0 
 5592  0 
 5593  0 
 5594  0 
 5595  0 
 5596  0 
 5597  0 
 5598  0 
 5599  0 
 5600  0 
 5601  0 
 5602  0 
 5603  0 
 5604  0 
 5605  0 
 5606  0 
 5607  0 
 5608  0 
 5609  1 
 5610  0 
 5611  0 
 5612  0 
 5613  0 
 5614  0 
 5615  0 
 5616  0 
 5617  0 
 5618  0 
 5619  0 
 5620  0 
 5621  0 
 5622  0 
 5623  0 
 5624  0 
 5625  0 
 5626  0 
 5627  0 
 5628  0 
 5629  0 
 5630  0 
 5631  0 
 5632  0 
 5633  0 
 5634  0 
 5635  0 
 5636  0 
 5637  0 
 5638  0 
 5639  0 
 5640  0 
 5641  0 
 5642  0 
 5643  0 
 5644  0 
 5645  0 
 5646  0 
 5647  0 
 5648  0 
 5649  0 
 5650  0 
 5651  0 
 5652  1 
 5653  0 
 5654  1 
 5655  0 
 5656  0 
 5657  0 
 5658  0 
 5659  0 
 5660  0 
 5661  0 
 5662  0 
 5663  0 
 5664  0 
 5665  0 
 5666  0 
 5667  0 
 5668  0 
 5669  0 
 5670  0 
 5671  0 
 5672  0 
 5673  0 
 5674  1 
 5675  0 
 5676  0 
 5677  0 
 5678  0 
 5679  0 
 5680  0 
 5681  0 
 5682  0 
 5683  0 
 5684  0 
 5685  0 
 5686  2 
 5687  0 
 5688  0 
 5689  0 
 5690  0 
 5691  0 
 5692  0 
 5693  0 
 5694  0 
 5695  0 
 5696  1 
 5697  0 
 5698  0 
 5699  1 
 5700  0 
 5701  0 
 5702  0 
 5703  0 
 5704  0 
 5705  0 
 5706  0 
 5707  0 
 5708  0 
 5709  0 
 5710  0 
 5711  0 
 5712  0 
 5713  0 
 5714  0 
 5715  0 
 5716  0 
 5717  0 
 5718  1 
 5719  0 
 5720  0 
 5721  0 
 5722  0 
 5723  0 
 5724  0 
 5725  0 
 5726  0 
 5727  0 
 5728  0 
 5729  0 
 5730  0 
 5731  0 
 5732  1 
 5733  0 
 5734  0 
 5735  0 
 5736  0 
 5737  0 
 5738  0 
 5739  0 
 5740  0 
 5741  1 
 5742  0 
 5743  0 
 5744  0 
 5745  0 
 5746  0 
 5747  0 
 5748  0 
 5749  0 
 5750  0 
 5751  0 
 5752  0 
 5753  0 
 5754  0 
 5755  1 
 5756  0 
 5757  0 
 5758  0 
 5759  0 
 5760  0 
 5761  0 
 5762  0 
 5763  0 
 5764  0 
 5765  1 
 5766  1 
 5767  1 
 5768  2 
 5769  1 
 5770  0 
 5771  0 
 5772  0 
 5773  0 
 5774  0 
 5775  0 
 5776  0 
 5777  0 
 5778  1 
 5779  0 
 5780  0 
 5781  0 
 5782  2 
 5783  0 
 5784  0 
 5785  0 
 5786  0 
 5787  1 
 5788  0 
 5789  1 
 5790  1 
 5791  0 
 5792  0 
 5793  0 
 5794  0 
 5795  0 
 5796  0 
 5797  0 
 5798  0 
 5799  0 
 5800  0 
 5801  0 
 5802  0 
 5803  0 
 5804  1 
 5805  0 
 5806  0 
 5807  2 
 5808  0 
 5809  1 
 5810  0 
 5811  0 
 5812  0 
 5813  0 
 5814  0 
 5815  0 
 5816  0 
 5817  0 
 5818  0 
 5819  1 
 5820  0 
 5821  0 
 5822  0 
 5823  0 
 5824  0 
 5825  2 
 5826  0 
 5827  0 
 5828  1 
 5829  0 
 5830  0 
 5831  0 
 5832  1 
 5833  0 
 5834  1 
 5835  0 
 5836  1 
 5837  2 
 5838  0 
 5839  0 
 5840  0 
 5841  2 
 5842  1 
 5843  0 
 5844  1 
 5845  0 
 5846  0 
 5847  0 
 5848  0 
 5849  0 
 5850  0 
 5851  1 
 5852  0 
 5853  0 
 5854  2 
 5855  0 
 5856  0 
 5857  0 
 5858  1 
 5859  0 
 5860  0 
 5861  0 
 5862  0 
 5863  0 
 5864  0 
 5865  0 
 5866  1 
 5867  0 
 5868  2 
 5869  0 
 5870  2 
 5871  0 
 5872  0 
 5873  0 
 5874  0 
 5875  0 
 5876  0 
 5877  2 
 5878  0 
 5879  2 
 5880  0 
 5881  0 
 5882  0 
 5883  0 
 5884  0 
 5885  0 
 5886  0 
 5887  0 
 5888  0 
 5889  0 
 5890  0 
 5891  0 
 5892  1 
 5893  0 
 5894  1 
 5895  0 
 5896  0 
 5897  0 
 5898  0 
 5899  1 
 5900  1 
 5901  0 
 5902  0 
 5903  0 
 5904  0 
 5905  0 
 5906  0 
 5907  0 
 5908  0 
 5909  0 
 5910  0 
 5911  0 
 5912  0 
 5913  0 
 5914  1 
 5915  1 
 5916  0 
 5917  0 
 5918  0 
 5919  1 
 5920  0 
 5921  0 
 5922  0 
 5923  1 
 5924  0 
 5925  2 
 5926  1 
 5927  1 
 5928  0 
 5929  1 
 5930  0 
 5931  0 
 5932  0 
 5933  1 
 5934  0 
 5935  0 
 5936  0 
 5937  0 
 5938  1 
 5939  0 
 5940  0 
 5941  2 
 5942  0 
 5943  0 
 5944  1 
 5945  0 
 5946  0 
 5947  1 
 5948  2 
 5949  0 
 5950  0 
 5951  0 
 5952  0 
 5953  0 
 5954  0 
 5955  1 
 5956  0 
 5957  0 
 5958  0 
 5959  0 
 5960  0 
 5961  0 
 5962  0 
 5963  0 
 5964  0 
 5965  0 
 5966  0 
 5967  0 
 5968  0 
 5969  0 
 5970  0 
 5971  0 
 5972  0 
 5973  0 
 5974  0 
 5975  0 
 5976  0 
 5977  0 
 5978  0 
 5979  0 
 5980  0 
 5981  0 
 5982  0 
 5983  0 
 5984  0 
 5985  0 
 5986  0 
 5987  0 
 5988  0 
 5989  0 
 5990  0 
 5991  0 
 5992  0 
 5993  0 
 5994  0 
 5995  0 
 5996  0 
 5997  0 
 5998  0 
 5999  0 
 6000  0 
 6001  0 
 6002  0 
 6003  0 
 6004  0 
 6005  0 
 6006  0 
 6007  0 
 6008  0 
 6009  0 
 6010  0 
 6011  0 
 6012  0 
 6013  0 
 6014  0 
 6015  0 
 6016  0 
 6017  0 
 6018  0 
 6019  0 
 6020  0 
 6021  0 
 6022  0 
 6023  0 
 6024  0 
 6025  0 
 6026  0 
 6027  0 
 6028  0 
 6029  0 
 6030  1 
 6031  0 
 6032  0 
 6033  0 
 6034  0 
 6035  0 
 6036  0 
 6037  0 
 6038  0 
 6039  0 
 6040  0 
 6041  0 
 6042  0 
 6043  0 
 6044  0 
 6045  0 
 6046  0 
 6047  0 
 6048  0 
 6049  0 
 6050  0 
 6051  0 
 6052  0 
 6053  0 
 6054  0 
 6055  0 
 6056  0 
 6057  0 
 6058  0 
 6059  0 
 6060  0 
 6061  0 
 6062  0 
 6063  0 
 6064  0 
 6065  0 
 6066  0 
 6067  0 
 6068  0 
 6069  0 
 6070  0 
 6071  0 
 6072  0 
 6073  0 
 6074  0 
 6075  0 
 6076  0 
 6077  0 
 6078  0 
 6079  0 
 6080  0 
 6081  0 
 6082  0 
 6083  0 
 6084  0 
 6085  0 
 6086  0 
 6087  0 
 6088  0 
 6089  0 
 6090  0 
 6091  0 
 6092  0 
 6093  0 
 6094  0 
 6095  0 
 6096  0 
 6097  0 
 6098  0 
 6099  0 
 6100  0 
 6101  0 
 6102  0 
 6103  0 
 6104  0 
 6105  0 
 6106  0 
 6107  0 
 6108  0 
 6109  0 
 6110  0 
 6111  0 
 6112  0 
 6113  0 
 6114  0 
 6115  0 
 6116  0 
 6117  0 
 6118  0 
 6119  0 
 6120  0 
 6121  0 
 6122  0 
 6123  0 
 6124  0 
 6125  0 
 6126  0 
 6127  0 
 6128  0 
 6129  0 
 6130  0 
 6131  0 
 6132  0 
 6133  0 
 6134  0 
 6135  0 
 6136  0 
 6137  0 
 6138  0 
 6139  0 
 6140  0 
 6141  0 
 6142  0 
 6143  0 
 6144  0 
 6145  0 
 6146  0 
 6147  0 
 6148  0 
 6149  0 
 6150  0 
 6151  0 
 6152  0 
 6153  0 
 6154  0 
 6155  0 
 6156  0 
 6157  0 
 6158  0 
 6159  0 
 6160  0 
 6161  0 
 6162  0 
 6163  0 
 6164  0 
 6165  0 
 6166  0 
 6167  0 
 6168  0 
 6169  0 
 6170  0 
 6171  0 
 6172  0 
 6173  0 
 6174  0 
 6175  0 
 6176  0 
 6177  0 
 6178  0 
 6179  0 
 6180  0 
 6181  0 
 6182  0 
 6183  0 
 6184  0 
 6185  0 
 6186  0 
 6187  0 
 6188  0 
 6189  0 
 6190  0 
 6191  0 
 6192  0 
 6193  0 
 6194  0 
 6195  0 
 6196  0 
 6197  0 
 6198  0 
 6199  0 
 6200  0 
 6201  0 
 6202  0 
 6203  0 
 6204  0 
 6205  0 
 6206  0 
 6207  0 
 6208  0 
 6209  0 
 6210  0 
 6211  0 
 6212  0 
 6213  0 
 6214  0 
 6215  0 
 6216  0 
 6217  0 
 6218  0 
 6219  0 
 6220  0 
 6221  0 
 6222  0 
 6223  0 
 6224  0 
 6225  0 
 6226  0 
 6227  0 
 6228  0 
 6229  0 
 6230  0 
 6231  0 
 6232  0 
 6233  0 
 6234  0 
 6235  0 
 6236  0 
 6237  0 
 6238  0 
 6239  0 
 6240  0 
 6241  0 
 6242  0 
 6243  0 
 6244  0 
 6245  0 
 6246  0 
 6247  0 
 6248  0 
 6249  0 
 6250  0 
 6251  0 
 6252  0 
 6253  0 
 6254  0 
 6255  0 
 6256  0 
 6257  0 
 6258  0 
 6259  0 
 6260  0 
 6261  0 
 6262  0 
 6263  0 
 6264  0 
 6265  0 
 6266  0 
 6267  0 
 6268  0 
 6269  0 
 6270  0 
 6271  0 
 6272  0 
 6273  0 
 6274  0 
 6275  0 
 6276  0 
 6277  0 
 6278  0 
 6279  0 
 6280  0 
 6281  0 
 6282  0 
 6283  0 
 6284  0 
 6285  0 
 6286  0 
 6287  0 
 6288  0 
 6289  0 
 6290  0 
 6291  0 
 6292  0 
 6293  0 
 6294  0 
 6295  0 
 6296  0 
 6297  0 
 6298  0 
 6299  0 
 6300  0 
 6301  0 
 6302  0 
 6303  0 
 6304  0 
 6305  0 
 6306  0 
 6307  0 
 6308  0 
 6309  0 
 6310  0 
 6311  0 
 6312  0 
 6313  0 
 6314  0 
 6315  0 
 6316  0 
 6317  0 
 6318  0 
 6319  0 
 6320  0 
 6321  0 
 6322  0 
 6323  0 
 6324  0 
 6325  0 
 6326  0 
 6327  0 
 6328  0 
 6329  0 
 6330  0 
 6331  0 
 6332  0 
 6333  0 
 6334  0 
 6335  0 
 6336  0 
 6337  0 
 6338  0 
 6339  0 
 6340  0 
 6341  0 
 6342  0 
 6343  0 
 6344  0 
 6345  0 
 6346  0 
 6347  0 
 6348  0 
 6349  0 
 6350  0 
 6351  0 
 6352  0 
 6353  0 
 6354  0 
 6355  0 
 6356  0 
 6357  0 
 6358  0 
 6359  0 
 6360  0 
 6361  0 
 6362  0 
 6363  0 
 6364  0 
 6365  0 
 6366  0 
 6367  0 
 6368  0 
 6369  0 
 6370  0 
 6371  0 
 6372  0 
 6373  0 
 6374  0 
 6375  0 
 6376  0 
 6377  0 
 6378  0 
 6379  0 
 6380  0 
 6381  0 
 6382  0 
 6383  0 
 6384  0 
 6385  0 
 6386  0 
 6387  0 
 6388  0 
 6389  0 
 6390  0 
 6391  0 
 6392  0 
 6393  0 
 6394  0 
 6395  0 
 6396  0 
 6397  0 
 6398  0 
 6399  0 
 6400  0 
 6401  0 
 6402  0 
 6403  0 
 6404  0 
 6405  0 
 6406  0 
 6407  0 
 6408  0 
 6409  0 
 6410  0 
 6411  0 
 6412  0 
 6413  0 
 6414  0 
 6415  0 
 6416  0 
 6417  0 
 6418  0 
 6419  0 
 6420  0 
 6421  0 
 6422  0 
 6423  0 
 6424  0 
 6425  0 
 6426  0 
 6427  0 
 6428  0 
 6429  0 
 6430  0 
 6431  0 
 6432  0 
 6433  0 
 6434  0 
 6435  0 
 6436  0 
 6437  0 
 6438  0 
 6439  0 
 6440  0 
 6441  0 
 6442  0 
 6443  0 
 6444  0 
 6445  0 
 6446  0 
 6447  0 
 6448  0 
 6449  0 
 6450  0 
 6451  0 
 6452  0 
 6453  0 
 6454  0 
 6455  0 
 6456  0 
 6457  0 
 6458  0 
 6459  0 
 6460  0 
 6461  0 
 6462  0 
 6463  0 
 6464  0 
 6465  0 
 6466  0 
 6467  0 
 6468  0 
 6469  0 
 6470  0 
 6471  0 
 6472  0 
 6473  0 
 6474  0 
 6475  0 
 6476  0 
 6477  0 
 6478  0 
 6479  0 
 6480  0 
 6481  0 
 6482  0 
 6483  0 
 6484  0 
 6485  0 
 6486  0 
 6487  0 
 6488  0 
 6489  0 
 6490  0 
 6491  0 
 6492  0 
 6493  0 
 6494  0 
 6495  0 
 6496  0 
 6497  0 
 6498  0 
 6499  0 
 6500  0 
 6501  0 
 6502  0 
 6503  0 
 6504  0 
 6505  0 
 6506  0 
 6507  0 
 6508  0 
 6509  0 
 6510  0 
 6511  0 
 6512  0 
 6513  0 
 6514  0 
 6515  0 
 6516  0 
 6517  0 
 6518  0 
 6519  0 
 6520  0 
 6521  0 
 6522  0 
 6523  0 
 6524  0 
 6525  0 
 6526  0 
 6527  0 
 6528  0 
 6529  0 
 6530  0 
 6531  0 
 6532  0 
 6533  0 
 6534  0 
 6535  0 
 6536  0 
 6537  0 
 6538  0 
 6539  0 
 6540  0 
 6541  0 
 6542  0 
 6543  0 
 6544  0 
 6545  0 
 6546  0 
 6547  0 
 6548  0 
 6549  0 
 6550  0 
 6551  0 
 6552  0 
 6553  0 
 6554  0 
 6555  0 
 6556  0 
 6557  0 
 6558  0 
 6559  0 
 6560  0 
 6561  0 
 6562  0 
 6563  0 
 6564  0 
 6565  0 
 6566  0 
 6567  0 
 6568  0 
 6569  0 
 6570  0 
 6571  0 
 6572  0 
 6573  0 
 6574  0 
 6575  0 
 6576  0 
 6577  0 
 6578  0 
 6579  0 
 6580  0 
 6581  0 
 6582  0 
 6583  0 
 6584  0 
 6585  0 
 6586  0 
 6587  0 
 6588  0 
 6589  0 
 6590  0 
 6591  0 
 6592  0 
 6593  0 
 6594  0 
 6595  0 
 6596  0 
 6597  0 
 6598  0 
 6599  0 
 6600  0 
 6601  0 
 6602  0 
 6603  0 
 6604  0 
 6605  0 
 6606  0 
 6607  0 
 6608  0 
 6609  0 
 6610  0 
 6611  0 
 6612  0 
 6613  0 
 6614  0 
 6615  0 
 6616  0 
 6617  0 
 6618  0 
 6619  0 
 6620  0 
 6621  0 
 6622  0 
 6623  0 
 6624  0 
 6625  0 
 6626  0 
 6627  0 
 6628  0 
 6629  0 
 6630  0 
 6631  0 
 6632  0 
 6633  0 
 6634  0 
 6635  0 
 6636  0 
 6637  0 
 6638  0 
 6639  0 
 6640  0 
 6641  0 
 6642  0 
 6643  0 
 6644  0 
 6645  0 
 6646  0 
 6647  0 
 6648  0 
 6649  0 
 6650  0 
 6651  0 
 6652  0 
 6653  0 
 6654  0 
 6655  0 
 6656  0 
 6657  0 
 6658  0 
 6659  0 
 6660  0 
 6661  0 
 6662  0 
 6663  0 
 6664  0 
 6665  0 
 6666  0 
 6667  0 
 6668  0 
 6669  0 
 6670  0 
 6671  0 
 6672  0 
 6673  0 
 6674  0 
 6675  0 
 6676  0 
 6677  0 
 6678  0 
 6679  0 
 6680  0 
 6681  0 
 6682  0 
 6683  0 
 6684  0 
 6685  0 
 6686  0 
 6687  0 
 6688  0 
 6689  0 
 6690  0 
 6691  0 
 6692  0 
 6693  0 
 6694  0 
 6695  0 
 6696  0 
 6697  0 
 6698  0 
 6699  0 
 6700  0 
 6701  0 
 6702  0 
 6703  0 
 6704  0 
 6705  0 
 6706  0 
 6707  0 
 6708  0 
 6709  0 
 6710  0 
 6711  0 
 6712  0 
 6713  0 
 6714  0 
 6715  0 
 6716  0 
 6717  0 
 6718  0 
 6719  0 
 6720  0 
 6721  0 
 6722  0 
 6723  0 
 6724  0 
 6725  0 
 6726  0 
 6727  0 
 6728  0 
 6729  0 
 6730  0 
 6731  0 
 6732  0 
 6733  0 
 6734  0 
 6735  0 
 6736  0 
 6737  0 
 6738  0 
 6739  0 
 6740  0 
 6741  0 
 6742  0 
 6743  0 
 6744  0 
 6745  0 
 6746  0 
 6747  0 
 6748  0 
 6749  0 
 6750  0 
 6751  0 
 6752  0 
 6753  0 
 6754  0 
 6755  0 
 6756  0 
 6757  0 
 6758  0 
 6759  0 
 6760  0 
 6761  0 
 6762  0 
 6763  0 
 6764  0 
 6765  0 
 6766  0 
 6767  0 
 6768  0 
 6769  0 
 6770  0 
 6771  0 
 6772  0 
 6773  0 
 6774  0 
 6775  0 
 6776  0 
 6777  0 
 6778  0 
 6779  0 
 6780  0 
 6781  0 
 6782  0 
 6783  0 
 6784  0 
 6785  0 
 6786  0 
 6787  0 
 6788  0 
 6789  0 
 6790  0 
 6791  0 
 6792  0 
 6793  0 
 6794  0 
 6795  0 
 6796  0 
 6797  0 
 6798  0 
 6799  0 
 6800  0 
 6801  0 
 6802  0 
 6803  0 
 6804  0 
 6805  0 
 6806  0 
 6807  0 
 6808  0 
 6809  0 
 6810  0 
 6811  0 
 6812  0 
 6813  0 
 6814  0 
 6815  0 
 6816  0 
 6817  0 
 6818  0 
 6819  0 
 6820  0 
 6821  0 
 6822  0 
 6823  0 
 6824  0 
 6825  0 
 6826  0 
 6827  0 
 6828  0 
 6829  0 
 6830  0 
 6831  0 
 6832  0 
 6833  0 
 6834  0 
 6835  0 
 6836  0 
 6837  0 
 6838  0 
 6839  0 
 6840  0 
 6841  0 
 6842  0 
 6843  0 
 6844  0 
 6845  0 
 6846  0 
 6847  0 
 6848  0 
 6849  0 
 6850  0 
 6851  0 
 6852  0 
 6853  0 
 6854  0 
 6855  0 
 6856  0 
 6857  0 
 6858  0 
 6859  0 
 6860  0 
 6861  0 
 6862  0 
 6863  0 
 6864  0 
 6865  0 
 6866  0 
 6867  0 
 6868  0 
 6869  0 
 6870  0 
 6871  0 
 6872  0 
 6873  0 
 6874  0 
 6875  0 
 6876  0 
 6877  0 
 6878  0 
 6879  0 
 6880  0 
 6881  0 
 6882  0 
 6883  0 
 6884  0 
 6885  0 
 6886  0 
 6887  0 
 6888  0 
 6889  0 
 6890  0 
 6891  0 
 6892  0 
 6893  0 
 6894  0 
 6895  0 
 6896  0 
 6897  0 
 6898  0 
 6899  0 
 6900  0 
 6901  0 
 6902  0 
 6903  0 
 6904  0 
 6905  0 
 6906  0 
 6907  0 
 6908  0 
 6909  0 
 6910  0 
 6911  0 
 6912  0 
 6913  0 
 6914  0 
 6915  0 
 6916  0 
 6917  0 
 6918  0 
 6919  0 
 6920  0 
 6921  0 
 6922  0 
 6923  0 
 6924  0 
 6925  0 
 6926  0 
 6927  0 
 6928  0 
 6929  0 
 6930  0 
 6931  0 
 6932  0 
 6933  0 
 6934  0 
 6935  0 
 6936  0 
 6937  0 
 6938  0 
 6939  0 
 6940  0 
 6941  0 
 6942  0 
 6943  0 
 6944  0 
 6945  0 
 6946  0 
 6947  0 
 6948  0 
 6949  0 
 6950  0 
 6951  0 
 6952  0 
 6953  0 
 6954  0 
 6955  0 
 6956  0 
 6957  0 
 6958  0 
 6959  0 
 6960  0 
 6961  0 
 6962  0 
 6963  0 
 6964  0 
 6965  0 
 6966  0 
 6967  0 
 6968  0 
 6969  0 
 6970  0 
 6971  0 
 6972  0 
 6973  0 
 6974  0 
 6975  0 
 6976  0 
 6977  0 
 6978  0 
 6979  0 
 6980  0 
 6981  0 
 6982  0 
 6983  0 
 6984  0 
 6985  0 
 6986  0 
 6987  0 
 6988  0 
 6989  0 
 6990  0 
 6991  0 
 6992  0 
 6993  0 
 6994  0 
 6995  0 
 6996  0 
 6997  0 
 6998  0 
 6999  0 
 7000  0 
 7001  0 
 7002  0 
 7003  0 
 7004  0 
 7005  0 
 7006  0 
 7007  0 
 7008  0 
 7009  0 
 7010  0 
 7011  0 
 7012  0 
 7013  0 
 7014  0 
 7015  0 
 7016  0 
 7017  0 
 7018  0 
 7019  0 
 7020  0 
 7021  0 
 7022  0 
 7023  0 
 7024  0 
 7025  0 
 7026  0 
 7027  0 
 7028  0 
 7029  0 
 7030  0 
 7031  0 
 7032  0 
 7033  0 
 7034  0 
 7035  0 
 7036  0 
 7037  0 
 7038  0 
 7039  0 
 7040  0 
 7041  0 
 7042  0 
 7043  0 
 7044  0 
 7045  0 
 7046  0 
 7047  0 
 7048  0 
 7049  0 
 7050  0 
 7051  0 
 7052  0 
 7053  0 
 7054  0 
 7055  0 
 7056  0 
 7057  0 
 7058  0 
 7059  0 
 7060  0 
 7061  0 
 7062  0 
 7063  0 
 7064  0 
 7065  0 
 7066  0 
 7067  0 
 7068  0 
 7069  0 
 7070  0 
 7071  0 
 7072  0 
 7073  0 
 7074  0 
 7075  0 
 7076  0 
 7077  0 
 7078  0 
 7079  0 
 7080  0 
 7081  0 
 7082  0 
 7083  0 
 7084  0 
 7085  0 
 7086  0 
 7087  0 
 7088  0 
 7089  0 
 7090  0 
 7091  0 
 7092  0 
 7093  0 
 7094  0 
 7095  0 
 7096  0 
 7097  0 
 7098  0 
 7099  0 
 7100  0 
 7101  0 
 7102  0 
 7103  0 
 7104  0 
 7105  0 
 7106  0 
 7107  0 
 7108  0 
 7109  0 
 7110  0 
 7111  0 
 7112  0 
 7113  0 
 7114  0 
 7115  0 
 7116  0 
 7117  0 
 7118  0 
 7119  0 
 7120  0 
 7121  0 
 7122  0 
 7123  0 
 7124  0 
 7125  0 
 7126  0 
 7127  0 
 7128  0 
 7129  0 
 7130  0 
 7131  0 
 7132  0 
 7133  0 
 7134  0 
 7135  0 
 7136  0 
 7137  0 
 7138  0 
 7139  0 
 7140  0 
 7141  0 
 7142  0 
 7143  0 
 7144  0 
 7145  0 
 7146  0 
 7147  0 
 7148  0 
 7149  0 
 7150  0 
 7151  0 
 7152  0 
 7153  0 
 7154  0 
 7155  0 
 7156  0 
 7157  0 
 7158  0 
 7159  0 
 7160  0 
 7161  0 
 7162  0 
 7163  0 
 7164  0 
 7165  0 
 7166  0 
 7167  0 
 7168  0 
 7169  0 
 7170  0 
 7171  0 
 7172  0 
 7173  0 
 7174  0 
 7175  0 
 7176  0 
 7177  0 
 7178  0 
 7179  0 
 7180  0 
 7181  0 
 7182  0 
 7183  0 
 7184  0 
 7185  0 
 7186  0 
 7187  0 
 7188  0 
 7189  0 
 7190  0 
 7191  0 
 7192  0 
 7193  0 
 7194  0 
 7195  0 
 7196  0 
 7197  0 
 7198  0 
 7199  0 
 7200  0 
 7201  0 
 7202  0 
 7203  0 
 7204  0 
 7205  0 
 7206  0 
 7207  0 
 7208  0 
 7209  0 
 7210  0 
 7211  0 
 7212  0 
 7213  0 
 7214  0 
 7215  0 
 7216  0 
 7217  0 
 7218  0 
 7219  0 
 7220  0 
 7221  0 
 7222  0 
 7223  0 
 7224  0 
 7225  0 
 7226  0 
 7227  0 
 7228  0 
 7229  0 
 7230  0 
 7231  0 
 7232  0 
 7233  0 
 7234  0 
 7235  0 
 7236  0 
 7237  0 
 7238  0 
 7239  0 
 7240  0 
 7241  0 
 7242  0 
 7243  0 
 7244  0 
 7245  0 
 7246  0 
 7247  0 
 7248  0 
 7249  0 
 7250  0 
 7251  0 
 7252  0 
 7253  0 
 7254  0 
 7255  0 
 7256  0 
 7257  0 
 7258  0 
 7259  0 
 7260  0 
 7261  0 
 7262  0 
 7263  0 
 7264  0 
 7265  0 
 7266  0 
 7267  0 
 7268  0 
 7269  0 
 7270  0 
 7271  0 
 7272  0 
 7273  0 
 7274  0 
 7275  0 
 7276  0 
 7277  0 
 7278  0 
 7279  0 
 7280  0 
 7281  0 
 7282  0 
 7283  0 
 7284  0 
 7285  0 
 7286  0 
 7287  0 
 7288  0 
 7289  0 
 7290  0 
 7291  0 
 7292  0 
 7293  0 
 7294  0 
 7295  0 
 7296  0 
 7297  0 
 7298  0 
 7299  0 
 7300  0 
 7301  0 
 7302  0 
 7303  0 
 7304  0 
 7305  0 
 7306  0 
 7307  0 
 7308  0 
 7309  0 
 7310  0 
 7311  0 
 7312  0 
 7313  0 
 7314  0 
 7315  0 
 7316  0 
 7317  0 
 7318  0 
 7319  0 
 7320  0 
 7321  0 
 7322  0 
 7323  0 
 7324  0 
 7325  0 
 7326  0 
 7327  0 
 7328  0 
 7329  0 
 7330  0 
 7331  0 
 7332  0 
 7333  0 
 7334  0 
 7335  0 
 7336  0 
 7337  0 
 7338  0 
 7339  0 
 7340  0 
 7341  0 
 7342  0 
 7343  0 
 7344  0 
 7345  0 
 7346  0 
 7347  0 
 7348  0 
 7349  0 
 7350  0 
 7351  0 
 7352  0 
 7353  0 
 7354  0 
 7355  0 
 7356  0 
 7357  0 
 7358  0 
 7359  0 
 7360  0 
 7361  0 
 7362  0 
 7363  0 
 7364  0 
 7365  0 
 7366  0 
 7367  0 
 7368  0 
 7369  0 
 7370  0 
 7371  0 
 7372  0 
 7373  0 
 7374  0 
 7375  0 
 7376  0 
 7377  0 
 7378  0 
 7379  0 
 7380  0 
 7381  0 
 7382  0 
 7383  0 
 7384  0 
 7385  0 
 7386  0 
 7387  0 
 7388  0 
 7389  0 
 7390  0 
 7391  0 
 7392  0 
 7393  0 
 7394  0 
 7395  0 
 7396  0 
 7397  0 
 7398  0 
 7399  0 
 7400  0 
 7401  0 
 7402  0 
 7403  0 
 7404  0 
 7405  0 
 7406  0 
 7407  0 
 7408  0 
 7409  0 
 7410  0 
 7411  0 
 7412  0 
 7413  0 
 7414  0 
 7415  0 
 7416  0 
 7417  0 
 7418  0 
 7419  0 
 7420  0 
 7421  0 
 7422  0 
 7423  0 
 7424  0 
 7425  0 
 7426  0 
 7427  0 
 7428  0 
 7429  0 
 7430  0 
 7431  0 
 7432  0 
 7433  0 
 7434  0 
 7435  0 
 7436  0 
 7437  0 
 7438  0 
 7439  0 
 7440  0 
 7441  0 
 7442  0 
 7443  0 
 7444  0 
 7445  0 
 7446  0 
 7447  0 
 7448  0 
 7449  0 
 7450  0 
 7451  0 
 7452  0 
 7453  0 
 7454  0 
 7455  0 
 7456  0 
 7457  0 
 7458  0 
 7459  0 
 7460  0 
 7461  0 
 7462  0 
 7463  0 
 7464  0 
 7465  0 
 7466  0 
 7467  0 
 7468  0 
 7469  0 
 7470  0 
 7471  0 
 7472  0 
 7473  0 
 7474  0 
 7475  0 
 7476  0 
 7477  0 
 7478  0 
 7479  0 
 7480  0 
 7481  0 
 7482  0 
 7483  0 
 7484  0 
 7485  0 
 7486  0 
 7487  0 
 7488  0 
 7489  0 
 7490  0 
 7491  0 
 7492  0 
 7493  0 
 7494  0 
 7495  0 
 7496  0 
 7497  0 
 7498  0 
 7499  0 
 7500  0 
 7501  0 
 7502  0 
 7503  0 
 7504  0 
 7505  0 
 7506  0 
 7507  0 
 7508  0 
 7509  0 
 7510  0 
 7511  0 
 7512  0 
 7513  0 
 7514  0 
 7515  0 
 7516  0 
 7517  0 
 7518  0 
 7519  0 
 7520  0 
 7521  0 
 7522  0 
 7523  0 
 7524  0 
 7525  0 
 7526  0 
 7527  0 
 7528  0 
 7529  0 
 7530  0 
 7531  0 
 7532  0 
 7533  0 
 7534  0 
 7535  0 
 7536  0 
 7537  0 
 7538  0 
 7539  0 
 7540  0 
 7541  0 
 7542  0 
 7543  0 
 7544  0 
 7545  0 
 7546  0 
 7547  0 
 7548  0 
 7549  0 
 7550  0 
 7551  0 
 7552  0 
 7553  0 
 7554  0 
 7555  0 
 7556  0 
 7557  0 
 7558  0 
 7559  0 
 7560  0 
 7561  0 
 7562  0 
 7563  0 
 7564  0 
 7565  0 
 7566  0 
 7567  0 
 7568  0 
 7569  0 
 7570  0 
 7571  0 
 7572  0 
 7573  0 
 7574  0 
 7575  0 
 7576  0 
 7577  0 
 7578  0 
 7579  0 
 7580  0 
 7581  0 
 7582  0 
 7583  0 
 7584  0 
 7585  0 
 7586  0 
 7587  0 
 7588  0 
 7589  0 
 7590  0 
 7591  0 
 7592  0 
 7593  0 
 7594  0 
 7595  0 
 7596  0 
 7597  0 
 7598  0 
 7599  0 
 7600  0 
 7601  0 
 7602  0 
 7603  0 
 7604  0 
 7605  0 
 7606  0 
 7607  0 
 7608  0 
 7609  0 
 7610  0 
 7611  0 
 7612  0 
 7613  0 
 7614  0 
 7615  0 
 7616  0 
 7617  0 
 7618  0 
 7619  0 
 7620  0 
 7621  0 
 7622  0 
 7623  0 
 7624  0 
 7625  0 
 7626  0 
 7627  0 
 7628  0 
 7629  0 
 7630  0 
 7631  0 
 7632  0 
 7633  0 
 7634  0 
 7635  0 
 7636  0 
 7637  0 
 7638  0 
 7639  0 
 7640  0 
 7641  0 
 7642  0 
 7643  0 
 7644  0 
 7645  0 
 7646  0 
 7647  0 
 7648  0 
 7649  0 
 7650  0 
 7651  0 
 7652  0 
 7653  0 
 7654  0 
 7655  0 
 7656  0 
 7657  0 
 7658  0 
 7659  0 
 7660  0 
 7661  0 
 7662  0 
 7663  0 
 7664  0 
 7665  0 
 7666  0 
 7667  0 
 7668  0 
 7669  0 
 7670  0 
 7671  0 
 7672  0 
 7673  0 
 7674  0 
 7675  0 
 7676  0 
 7677  0 
 7678  0 
 7679  0 
 7680  0 
 7681  0 
 7682  0 
 7683  0 
 7684  0 
 7685  0 
 7686  0 
 7687  0 
 7688  0 
 7689  0 
 7690  0 
 7691  0 
 7692  0 
 7693  0 
 7694  0 
 7695  0 
 7696  0 
 7697  0 
 7698  0 
 7699  0 
 7700  0 
 7701  0 
 7702  0 
 7703  0 
 7704  0 
 7705  0 
 7706  0 
 7707  0 
 7708  0 
 7709  0 
 7710  0 
 7711  0 
 7712  0 
 7713  0 
 7714  0 
 7715  0 
 7716  0 
 7717  0 
 7718  0 
 7719  0 
 7720  0 
 7721  0 
 7722  0 
 7723  0 
 7724  0 
 7725  0 
 7726  0 
 7727  0 
 7728  0 
 7729  0 
 7730  0 
 7731  0 
 7732  0 
 7733  0 
 7734  0 
 7735  0 
 7736  0 
 7737  0 
 7738  0 
 7739  0 
 7740  0 
 7741  0 
 7742  0 
 7743  0 
 7744  0 
 7745  0 
 7746  0 
 7747  0 
 7748  0 
 7749  0 
 7750  0 
 7751  0 
 7752  0 
 7753  0 
 7754  0 
 7755  0 
 7756  0 
 7757  0 
 7758  0 
 7759  0 
 7760  0 
 7761  0 
 7762  0 
 7763  0 
 7764  0 
 7765  0 
 7766  0 
 7767  0 
 7768  0 
 7769  0 
 7770  0 
 7771  0 
 7772  0 
 7773  0 
 7774  0 
 7775  0 
 7776  0 
 7777  0 
 7778  0 
 7779  0 
 7780  0 
 7781  0 
 7782  0 
 7783  0 
 7784  0 
 7785  0 
 7786  0 
 7787  0 
 7788  0 
 7789  0 
 7790  0 
 7791  0 
 7792  0 
 7793  0 
 7794  0 
 7795  0 
 7796  0 
 7797  0 
 7798  0 
 7799  0 
 7800  0 
 7801  0 
 7802  0 
 7803  0 
 7804  0 
 7805  0 
 7806  0 
 7807  0 
 7808  0 
 7809  0 
 7810  0 
 7811  0 
 7812  0 
 7813  0 
 7814  0 
 7815  0 
 7816  0 
 7817  0 
 7818  0 
 7819  0 
 7820  0 
 7821  0 
 7822  0 
 7823  0 
 7824  0 
 7825  0 
 7826  0 
 7827  0 
 7828  0 
 7829  0 
 7830  0 
 7831  0 
 7832  0 
 7833  0 
 7834  0 
 7835  0 
 7836  0 
 7837  0 
 7838  0 
 7839  0 
 7840  0 
 7841  0 
 7842  0 
 7843  0 
 7844  0 
 7845  0 
 7846  0 
 7847  0 
 7848  0 
 7849  0 
 7850  0 
 7851  0 
 7852  0 
 7853  0 
 7854  0 
 7855  0 
 7856  0 
 7857  0 
 7858  0 
 7859  0 
 7860  0 
 7861  0 
 7862  0 
 7863  0 
 7864  0 
 7865  0 
 7866  0 
 7867  0 
 7868  0 
 7869  0 
 7870  0 
 7871  0 
 7872  0 
 7873  0 
 7874  0 
 7875  0 
 7876  0 
 7877  0 
 7878  0 
 7879  0 
 7880  0 
 7881  0 
 7882  0 
 7883  0 
 7884  0 
 7885  0 
 7886  0 
 7887  0 
 7888  0 
 7889  0 
 7890  0 
 7891  0 
 7892  0 
 7893  0 
 7894  0 
 7895  0 
 7896  0 
 7897  0 
 7898  0 
 7899  0 
 7900  0 
 7901  0 
 7902  0 
 7903  0 
 7904  0 
 7905  0 
 7906  0 
 7907  0 
 7908  0 
 7909  0 
 7910  0 
 7911  0 
 7912  0 
 7913  0 
 7914  0 
 7915  0 
 7916  0 
 7917  0 
 7918  0 
 7919  0 
 7920  0 
 7921  0 
 7922  0 
 7923  0 
 7924  0 
 7925  0 
 7926  0 
 7927  0 
 7928  0 
 7929  0 
 7930  0 
 7931  0 
 7932  0 
 7933  0 
 7934  0 
 7935  0 
 7936  0 
 7937  0 
 7938  0 
 7939  0 
 7940  0 
 7941  0 
 7942  0 
 7943  0 
 7944  0 
 7945  0 
 7946  0 
 7947  0 
 7948  0 
 7949  0 
 7950  0 
 7951  0 
 7952  0 
 7953  0 
 7954  0 
 7955  0 
 7956  0 
 7957  0 
 7958  0 
 7959  0 
 7960  0 
 7961  0 
 7962  0 
 7963  0 
 7964  0 
 7965  0 
 7966  0 
 7967  0 
 7968  0 
 7969  0 
 7970  0 
 7971  0 
 7972  0 
 7973  0 
 7974  0 
 7975  0 
 7976  0 
 7977  0 
 7978  0 
 7979  0 
 7980  0 
 7981  0 
 7982  0 
 7983  0 
 7984  0 
 7985  0 
 7986  0 
 7987  0 
 7988  0 
 7989  0 
 7990  0 
 7991  0 
 7992  0 
 7993  0 
 7994  0 
 7995  0 
 7996  0 
 7997  0 
 7998  0 
 7999  0 
 8000  0 
 8001  0 
 8002  0 
 8003  0 
 8004  0 
 8005  0 
 8006  0 
 8007  0 
 8008  0 
 8009  0 
 8010  0 
 8011  0 
 8012  0 
 8013  0 
 8014  0 
 8015  0 
 8016  0 
 8017  0 
 8018  0 
 8019  0 
 8020  0 
 8021  0 
 8022  0 
 8023  0 
 8024  0 
 8025  0 
 8026  0 
 8027  0 
 8028  0 
 8029  0 
 8030  0 
 8031  0 
 8032  0 
 8033  0 
 8034  0 
 8035  0 
 8036  0 
 8037  0 
 8038  0 
 8039  0 
 8040  0 
 8041  0 
 8042  0 
 8043  0 
 8044  0 
 8045  0 
 8046  0 
 8047  0 
 8048  0 
 8049  0 
 8050  0 
 8051  0 
 8052  0 
 8053  0 
 8054  0 
 8055  0 
 8056  0 
 8057  0 
 8058  0 
 8059  0 
 8060  0 
 8061  0 
 8062  0 
 8063  0 
 8064  0 
 8065  0 
 8066  0 
 8067  0 
 8068  0 
 8069  0 
 8070  0 
 8071  0 
 8072  0 
 8073  0 
 8074  0 
 8075  0 
 8076  0 
 8077  0 
 8078  0 
 8079  0 
 8080  0 
 8081  0 
 8082  0 
 8083  0 
 8084  0 
 8085  0 
 8086  0 
 8087  0 
 8088  0 
 8089  0 
 8090  0 
 8091  0 
 8092  0 
 8093  0 
 8094  0 
 8095  0 
 8096  0 
 8097  0 
 8098  0 
 8099  0 
 8100  0 
 8101  0 
 8102  0 
 8103  0 
 8104  0 
 8105  0 
 8106  0 
 8107  0 
 8108  0 
 8109  0 
 8110  0 
 8111  0 
 8112  0 
 8113  0 
 8114  0 
 8115  0 
 8116  0 
 8117  0 
 8118  0 
 8119  0 
 8120  0 
 8121  0 
 8122  0 
 8123  0 
 8124  0 
 8125  0 
 8126  0 
 8127  0 
 8128  0 
 8129  0 
 8130  0 
 8131  0 
 8132  0 
 8133  0 
 8134  1 
 8135  0 
 8136  0 
 8137  0 
 8138  0 
 8139  0 
 8140  0 
 8141  0 
 8142  1 
 8143  0 
 8144  0 
 8145  0 
 8146  0 
 8147  1 
 8148  0 
 8149  0 
 8150  0 
 8151  0 
 8152  0 
 8153  0 
 8154  0 
 8155  0 
 8156  0 
 8157  0 
 8158  0 
 8159  0 
 8160  0 
 8161  0 
 8162  0 
 8163  0 
 8164  0 
 8165  0 
 8166  0 
 8167  0 
 8168  0 
 8169  0 
 8170  0 
 8171  0 
 8172  0 
 8173  0 
 8174  0 
 8175  0 
 8176  0 
 8177  0 
 8178  0 
 8179  0 
 8180  0 
 8181  0 
 8182  0 
 8183  0 
 8184  0 
 8185  0 
 8186  0 
 8187  0 
 8188  0 
 8189  0 
 8190  0 
 8191  0 
