
F3LiCl_001.odf: 1900 2240 2240 2400 2805 2965 

F3LiCl_002.odf: 2000 2300 2300 2500 2892 3041 

F3LiCl_003.txt: 2241 2350 2350 2600 2951 3123 

F3LiCl_004.txt: 2233 2400 2400 2600 3058 3198

F3LiCl_005.txt: 2317 2460 2460 2700 3058 3276 

F3LiCl_006.txt: 2366 2520 2520 2800 3193 3352 

F3LiCl_007.odf: 2400 2580 2580 2800 3284 3441 

F3LiCl_008.odf: 2400 2650 2650 2900 3362 3510 

F3LiCl_009.txt: 2400 2720 2720 2910 3453 3600 

F3LiCl_010.odf: 2600 2780 2780 3100 3545 3685 

F3LiCl_011.txt: 2500 2850 2850 3200 3624 3769 

F3LiCl_012.txt: 2630 2900 2900 3200 3693 3854 

F3LiCl_013.txt: 2822 3000 3000 3190 3790 3953 

F3LiCl_014.txt: 2800 3060 3060 3300 3887 4033 

F3LiCl_015.odf: 2000 2230 2230 2450 2808 2964 

F3LiCl_016.odf: 1900 2180 2180 2400 2742 2887 

F3LiCl_017.odf: 1900 2120 2120 2300 2671 2825 

F3LiCl_019.odf: 1700 2000 2000 2200 2521 2668 

F3LiCl_020.odf: 1700 1970 1970 2100 2434 2590 

F3LiCl_021.odf: 1600 1880 1880 2050 2357 2510 

F3LiCl_022.odf: 1650 1820 1820 2000 2283 2438 

F3LiCl_023.txt: 1600 1785 1785 1950 2208 2361 

F3LiCl_024.txt: 1500 1700 1700 1850 2130 2284 

F3LiCl_025.odf: 1400 1600 1600 1750 2034 2167 

F3LiCl_026.txt: 1350 1575 1575 1700 1967 2106 

F3LiCl_027.odf: 1300 1490 1490 1640 1900 2039 

F3LiCl_028.txt: 2900 3130 3130 3400 3974 4112 

F3LiCl_029.txt: 2920 3180 3180 3400 4060 4201 

F3LiCl_030.txt: 2900 3240 3240 3500 4139 4273 

F3LiCl_031.txt: 3000 3300 3300 3587 4215 4355 

F3LiCl_032.txt: 2900 3277 3277 3600 4290 4435 

F3LiCl_033.txt: 3100 3410 3410 3750 4362 4510 

F3LiCl_034.txt: 3000 3460 3460 3800 4444 4603 

F3LiCl_035.txt: 3400 3550 3550 3800 4547 4688 

F3LiCl_036.odf: 3400 3620 3620 3950 4619 4765 

F3LiCl_037.txt: 3400 3670 3670 3949 4680 4833 

F3LiCl_038.txt: 3500 3730 3730 4000 4755 4915 

F3LiCl_039.txt: 3400 3800 3800 4100 4855 4990 

F3LiCl_040.txt: 3200 3520 3520 3800 4497 4635 

F3LiCl_041.txt: 3500 3730 3730 4000 4544 4682 

F3LiCl_042.txt: 3700 3930 3930 4097 4605 4720 

F3LiCl_043.txt: 3100 3430 3430 3650 4013 4133 

F3LiCl_045.txt: 2900 3090 3090 3300 3914 4056 

F3LiCl_047.odf: 2000 2275 2275 2500 2848 3024 

F3LiCl_048.odf: 2100 2280 2280 2500 2847 3025 

F3LiCl_049.odf: 2200 2400 2400 2600 2886 3049 

F3LiCl_050.odf: 2350 2555 2555 2700 2946 3074 

F3LiCl_051.odf: 2000 2280 2280 2500 2833 3023 

F3LiCl_052.odf: 2350 2560 2560 2800 3193 3391 

F3LiCl_053.odf: 2200 2705 2705 2905 3260 3425 

F3LiCl_054.odf: 2400 2865 2865 3050 3303 3451 

F3LiCl_055.odf: 2300 2603 2603 2900 3281 3474 

F3LiCl_057.odf: 2700 3000 3000 3200 3572 3762 

F3LiCl_058.odf: 2800 3155 3155 3300 3641 3792 

F3LiCl_044.txt: 3070 3215 3215 3500 3959 4099 

F3LiCl_056.txt: 2410 2800 2800 3050 3548 3735 
