
F2LiCl_001.txt: 2500 2640 2630 2800 

F2LiCl_002.txt: 2550 2700 2700 2850 

F2LiCl_003.txt: 2550 2770 2770 2930 

F2LiCl_004.txt: 2650 2830 2820 3000 

F2LiCl_005.txt: 2700 2890 2890 3050 

F2LiCl_006.txt: 2800 2900 2900 3100 

F2LiCl_007.txt: 2800 3020 3020 3200 

F2LiCl_008.txt: 2780 3080 3080 3300 

F2LiCl_009.txt: 3000 3160 3160 3300 

F2LiCl_010.txt: 3000 3240 3240 3400 

F2LiCl_011.txt: 3100 3300 3300 3443 

F2LiCl_012.txt: 3200 3380 3380 3550 

F2LiCl_013.txt: 3200 3460 3460 3700 

F2LiCl_014.txt: 3400 3550 3550 3800 

F2LiCl_015.txt: 2400 2620 2620 2800 

F2LiCl_016.txt: 2400 2560 2560 2700 

F2LiCl_017.odf: 2350 2500 2500 2630 

F2LiCl_027.txt: 1700 1835 1835 1900 
