
F2LiCl_001.txt: 2500 2640 2640 2800 3015 3135 

F2LiCl_002.txt: 2550 2700 2700 2850 3085 3205 

F2LiCl_003.txt: 2550 2770 2770 2930 3160 3283 

F2LiCl_004.txt: 2650 2830 2830 3000 3241 3367 

F2LiCl_005.txt: 2700 2890 2890 3050 3310 3445 

F2LiCl_006.txt: 2800 2900 2900 3100 3390 3530 

F2LiCl_007.txt: 2800 3020 3020 3200 3480 3615 

F2LiCl_008.txt: 2780 3080 3080 3300 3560 3690 

F2LiCl_009.txt: 3000 3160 3160 3300 3640 3780 

F2LiCl_010.txt: 3000 3240 3240 3400 3730 3870 

F2LiCl_011.txt: 3100 3300 3300 3443 3825 3946

F2LiCl_012.txt: 3200 3380 3380 3550 3905 4037 

F2LiCl_013.txt: 3200 3460 3460 3700 3998 4137 

F2LiCl_014.txt: 3400 3550 3550 3800 4105 4237 

F2LiCl_015.txt: 2400 2620 2620 2800 3000 3130 

F2LiCl_016.txt: 2400 2560 2560 2700 2935 3055 

F2LiCl_017.txt: 2350 2500 2500 2630 2863 2986 

F2LiCl_018.txt: 2200 2430 2430 2560 2789 2905 

F2LiCl_019.txt: 2100 2350 2350 2480 2712 2828 

F2LiCl_020.txt: 2150 2288 2288 2415 2629 2742

F2LiCl_021.odf: 2050 2230 2230 2340 2555 2665 

F2LiCl_022.txt: 2050 2193 2193 2275 2478 2585 

F2LiCl_023.txt: 1850 2105 2105 2210 2407 2511 

F2LiCl_024.txt: 1920 2034 2034 2138 2324 2430 

F2LiCl_025.txt: 1700 1927 1927 2023 2215 2317 

F2LiCl_026.txt: 1750 1890 1890 1990 2155 2252 

F2LiCl_027.txt: 1600 1807 1807 1917 2087 2184 

F2LiCl_028.txt: 3400 3617 3617 3760 4170 4317 

F2LiCl_029.txt: 3469 3696 3696 3900 4245 4404 

F2LiCl_030.txt: 3480 3755 3755 3980 4300 4480 

F2LiCl_031.txt: 3650 3830 3830 4050 4400 4560 

F2LiCl_032.odf: 3600 3900 3900 4100 4500 4650 

F2LiCl_033.txt: 3782 3950 3950 4150 4580 4720 

F2LiCl_034.txt: 3800 4020 4020 4200 4660 4800 

F2LiCl_035.odf: 3800 4100 4100 4300 4760 4900 

F2LiCl_036.txt: 3900 4200 4200 4400 4840 4980 

F2LiCl_037.odf: 4000 4240 4240 4400 4900 5050 

F2LiCl_038.odf: 4100 4300 4300 4600 5000 5140 

F2LiCl_039.odf: 4200 4380 4380 4600 5080 5220 

F2LiCl_040.txt: 3878 4070 4070 4219 4700 4851 

F2LiCl_041.txt: 4184 4280 4280 4450 4765 4887 

F2LiCl_042.odf: 4150 4465 4465 4600 4815 4923 

F2LiCl_043.odf: 3700 3910 3910 4025 4216 4313 

F2LiCl_044.odf: 3300 3740 3740 3930 4156 4280 

F2LiCl_045.txt: 3130 3560 3560 3760 4100 4249 

F2LiCl_047.txt: 2400 2670 2670 2800 3056 3192 

F2LiCl_048.txt: 2400 2680 2680 2800 3060 3192 

F2LiCl_049.odf: 2600 2816 2816 2900 3100 3210 

F2LiCl_050.odf: 2700 2954 2954 3010 3137 3240 

F2LiCl_051.odf: 2500 2687 2687 2800 3060 3190 

F2LiCl_052.odf: 2600 3000 3000 3150 3428 3570 

F2LiCl_053.odf: 2800 3140 3140 3260 3484 3600 

F2LiCl_054.odf: 2900 3300 3300 3375 3520 3624 

F2LiCl_055.odf: 2800 3050 3050 3200 3500 3652 

F2LiCl_056.odf: 3000 3280 3280 3460 3765 3916 

F2LiCl_057.odf: 3100 3440 3440 3600 3820 3944 

F2LiCl_058.odf: 3200 3600 3600 3700 3866 3980 
